HomeCentral
 Falkenstrasse 20
 8630 Rueti
 Datum: 22.02.14 00:00
 
 Startzeit: 2014-02-22 00:00:21 +0100
 111	40	34	41	4	0	65	0	34
 157	40	34	41	4	0	66	0	34
 202	40	34	41	4	0	67	0	34
 247	40	34	41	4	0	67	0	34
 293	40	34	41	4	0	68	0	34
 339	40	34	42	4	0	69	0	34
 383	40	34	41	4	0	70	0	34
 429	40	34	41	4	0	70	0	34
 474	40	34	41	4	0	71	0	34
 520	40	34	41	4	0	72	0	34
 565	40	34	41	4	0	73	0	34
 610	40	34	41	4	0	73	0	34
 656	40	34	41	4	0	74	0	34
 701	40	34	41	4	0	75	0	34
 746	40	34	41	4	0	76	0	34
 792	40	34	41	4	0	76	0	34
 837	40	34	41	4	0	77	0	34
 882	40	34	41	4	0	78	0	34
 928	40	34	41	4	0	79	0	34
 973	40	34	41	4	0	79	0	34
 1018	40	34	41	4	0	80	0	34
 1064	40	34	41	4	0	81	0	34
 1109	40	34	41	4	0	82	0	34
 1154	40	34	41	4	0	83	0	34
 1200	40	34	41	4	0	83	0	34
 1245	40	34	41	4	0	84	0	34
 1290	40	34	41	4	0	85	0	34
 1336	40	34	41	4	0	86	0	34
 1381	40	34	41	4	0	86	0	34
 1427	40	34	41	4	0	87	0	34
 1472	40	34	41	4	0	88	0	34
 1517	39	34	41	4	0	89	0	34
 1563	39	34	41	4	0	89	0	34
 1608	40	34	41	4	0	90	0	34
 1654	40	34	41	4	0	91	0	34
 1699	39	34	41	4	0	92	0	34
 1744	39	34	41	4	0	92	0	34
 1790	40	34	41	4	0	93	0	34
 1835	39	34	41	12	0	94	0	34
 1880	39	34	41	12	0	95	0	34
 1925	39	33	41	12	0	95	0	34
 1971	39	33	41	12	0	96	0	34
 2016	40	34	41	12	0	97	0	34
 2061	39	34	41	12	0	98	0	34
 2107	39	33	41	12	0	98	0	34
 2152	39	33	41	12	0	99	0	34
 2197	39	34	41	12	0	100	0	34
 2243	39	33	41	12	0	101	0	34
 2288	39	33	41	12	0	101	0	34
 2334	39	33	41	12	0	102	0	34
 2379	39	33	41	12	0	103	0	34
 2424	39	33	41	12	0	104	0	34
 2470	39	33	41	12	0	104	0	34
 2515	39	33	40	12	0	105	0	34
 2560	39	33	40	12	0	106	0	34
 2606	39	33	41	12	0	107	0	34
 2651	39	33	40	12	0	107	0	34
 2696	39	33	40	12	0	108	0	34
 2742	39	33	41	12	0	109	0	34
 2787	39	33	41	12	0	110	0	34
 2832	39	33	41	12	0	110	0	34
 2878	39	33	41	12	0	111	0	34
 2923	39	33	41	8	0	112	0	34
 2968	39	33	40	8	0	113	0	34
 3014	41	33	41	8	0	113	0	34
 3059	44	33	41	8	0	114	0	34
 3104	47	33	41	8	0	115	0	34
 3150	49	33	41	8	0	116	0	34
 3195	50	33	41	8	0	117	0	34
 3241	51	33	41	12	0	117	0	34
 3286	48	33	40	12	0	118	0	34
 3331	46	33	41	12	0	119	0	34
 3377	44	33	41	12	0	120	0	33
 3422	43	33	41	12	0	120	0	34
 3467	42	33	41	12	0	121	0	34
 3513	42	33	41	12	0	122	0	33
 3558	41	34	41	12	0	123	0	34
 3603	41	33	41	12	0	123	0	34
 3649	41	34	41	4	1	64	0	33
 3694	41	33	41	4	1	65	0	33
 3739	41	33	41	4	1	66	0	33
 3785	41	33	41	4	1	66	0	33
 3830	41	33	41	4	1	67	0	33
 3875	41	33	41	4	1	68	0	33
 3921	41	33	41	4	1	69	0	33
 3966	41	33	41	4	1	69	0	33
 4011	41	33	41	4	1	70	0	33
 4057	41	33	40	4	1	71	0	33
 4102	40	33	41	4	1	72	0	33
 4147	40	33	40	4	1	72	0	33
 4193	40	33	41	4	1	73	0	33
 4238	40	33	40	4	1	74	0	33
 4284	40	33	40	4	1	75	0	33
 4329	40	34	40	4	1	75	0	33
 4374	40	33	40	4	1	76	0	33
 4420	40	33	40	4	1	77	0	33
 4465	39	33	40	4	1	78	0	33
 4510	40	33	40	4	1	78	0	33
 4556	40	33	40	4	1	79	0	33
 4601	40	33	41	4	1	80	0	33
 4646	40	33	41	4	1	81	0	33
 4692	40	33	41	4	1	81	0	33
 4741	40	33	41	4	1	82	0	33
 4782	40	33	41	4	1	83	0	33
 4828	40	33	41	4	1	84	0	33
 4873	39	33	41	4	1	84	0	33
 4918	40	33	41	4	1	85	0	33
 4964	40	33	41	4	1	86	0	33
 5009	40	33	41	4	1	87	0	33
 5054	40	33	41	4	1	87	0	33
 5100	40	33	41	4	1	88	0	33
 5145	40	33	41	4	1	89	0	33
 5191	40	33	41	4	1	90	0	33
 5236	40	33	41	4	1	91	0	33
 5281	40	33	41	4	1	91	0	33
 5327	40	33	41	4	1	92	0	33
 5372	40	33	41	4	1	93	0	33
 5418	40	33	41	12	1	94	0	33
 5463	40	33	41	12	1	94	0	33
 5508	40	33	41	12	1	95	0	33
 5553	40	33	41	12	1	96	0	33
 5599	40	33	41	12	1	97	0	33
 5644	40	33	41	12	1	97	0	33
 5689	40	33	41	12	1	98	0	33
 5735	40	33	41	12	1	99	0	33
 5780	40	33	41	12	1	100	0	33
 5825	40	33	41	12	1	100	0	33
 5871	40	33	42	12	1	101	0	33
 5916	40	33	41	12	1	102	0	33
 5961	40	33	41	12	1	103	0	33
 6007	40	33	41	12	1	103	0	33
 6052	40	33	41	12	1	104	0	33
 6098	40	33	41	12	1	105	0	33
 6143	40	33	41	12	1	106	0	33
 6188	40	33	42	12	1	106	0	33
 6234	40	33	41	12	1	107	0	33
 6279	40	33	41	12	1	108	0	33
 6324	40	33	41	12	1	109	0	33
 6370	40	33	40	12	1	109	0	33
 6415	40	33	40	12	1	110	0	33
 6460	40	33	40	12	1	111	0	33
 6506	40	33	40	12	1	112	0	33
 6551	40	33	41	12	1	112	0	33
 6596	40	33	41	12	1	113	0	33
 6642	40	33	40	12	1	114	0	33
 6687	40	32	40	12	1	115	0	33
 6732	40	33	40	12	1	115	0	33
 6778	40	33	41	12	1	116	0	33
 6823	40	33	41	12	1	117	0	33
 6869	40	33	41	12	1	118	0	33
 6914	40	33	41	12	1	118	0	33
 6960	40	33	41	12	1	119	0	33
 7005	40	33	41	12	1	120	0	33
 7050	40	33	41	12	1	121	0	33
 7095	40	33	41	12	1	121	0	33
 7141	40	33	41	12	1	122	0	33
 7186	40	33	41	12	1	123	0	33
 7231	40	33	41	4	2	64	0	33
 7277	40	33	41	4	2	65	0	33
 7322	40	33	41	4	2	65	0	33
 7367	40	33	41	4	2	66	0	33
 7413	40	33	41	4	2	67	0	33
 7458	40	33	41	4	2	68	0	33
 7503	40	33	41	4	2	68	0	33
 7549	40	33	41	4	2	69	0	33
 7594	40	33	41	4	2	70	0	33
 7640	40	33	41	4	2	71	0	33
 7685	40	33	41	4	2	71	0	33
 7730	40	33	41	4	2	72	0	33
 7775	40	33	41	4	2	73	0	33
 7821	40	33	41	4	2	74	0	33
 7866	40	33	41	4	2	74	0	33
 7911	40	33	41	4	2	75	0	33
 7957	40	33	41	4	2	76	0	33
 8002	40	33	41	4	2	77	0	33
 8048	40	33	41	4	2	77	0	32
 8093	40	33	41	4	2	78	0	33
 8138	40	33	41	4	2	79	0	32
 8184	39	33	41	4	2	80	0	32
 8229	40	33	40	4	2	80	0	33
 8274	40	33	41	4	2	81	0	32
 8320	40	33	41	4	2	82	0	32
 8366	40	33	41	4	2	83	0	32
 8410	39	33	41	4	2	83	0	32
 8456	39	33	41	4	2	84	0	32
 8501	39	33	41	4	2	85	0	32
 8546	40	33	41	4	2	86	0	32
 8592	39	33	41	4	2	86	0	32
 8637	39	32	41	4	2	87	0	32
 8682	39	33	41	4	2	88	0	32
 8728	39	33	41	4	2	89	0	32
 8773	39	33	41	4	2	89	0	32
 8818	39	32	41	4	2	90	0	32
 8864	39	32	41	4	2	91	0	32
 8909	39	32	41	4	2	92	0	32
 8955	39	32	41	4	2	92	0	32
 9000	39	32	40	4	2	93	0	32
 9045	39	32	40	12	2	94	0	32
 9091	39	32	40	12	2	95	0	32
 9136	39	32	41	12	2	96	0	32
 9181	39	32	40	12	2	96	0	32
 9227	39	32	40	12	2	97	0	32
 9272	39	32	40	12	2	98	0	32
 9317	39	32	40	12	2	99	0	32
 9363	39	32	41	12	2	99	0	32
 9408	39	32	40	12	2	100	0	32
 9453	39	32	41	12	2	101	0	32
 9499	39	32	40	12	2	102	0	32
 9544	39	33	40	12	2	102	0	32
 9589	39	32	40	12	2	103	0	32
 9635	39	32	40	12	2	104	0	32
 9680	39	32	40	12	2	105	0	32
 9725	39	32	40	12	2	105	0	32
 9771	39	32	40	12	2	106	0	32
 9816	39	32	40	12	2	107	0	32
 9862	39	32	40	12	2	108	0	32
 9907	39	32	40	12	2	108	0	32
 9952	39	32	40	12	2	109	0	32
 9998	39	32	41	12	2	110	0	32
 10043	39	32	40	12	2	111	0	32
 10088	39	32	41	12	2	112	0	32
 10134	39	32	41	12	2	112	0	32
 10179	39	32	40	12	2	113	0	32
 10224	39	32	41	12	2	114	0	32
 10270	39	32	41	12	2	115	0	32
 10315	39	32	41	12	2	115	0	32
 10360	39	32	40	12	2	116	0	32
 10406	39	32	40	12	2	117	0	32
 10451	39	32	40	12	2	118	0	32
 10496	39	32	40	12	2	118	0	32
 10542	39	32	40	12	2	119	0	32
 10587	39	32	40	12	2	120	0	32
 10632	39	32	40	12	2	121	0	32
 10678	39	32	40	12	2	121	0	32
 10723	35	32	40	12	2	122	0	32
 10769	34	32	40	12	2	123	0	32
 10814	33	33	40	4	3	64	0	32
 10859	33	33	40	4	3	64	0	32
 10905	33	33	40	4	3	65	0	32
 10950	33	33	40	4	3	66	0	32
 10995	33	33	40	4	3	67	0	32
 11041	33	33	40	4	3	67	0	32
 11086	33	32	40	4	3	68	0	32
 11131	33	33	40	4	3	69	0	32
 11177	33	33	40	4	3	70	0	32
 11222	33	32	40	4	3	70	0	32
 11267	33	33	40	4	3	71	0	32
 11313	33	32	40	4	3	72	0	32
 11358	33	32	40	4	3	73	0	32
 11403	33	32	40	4	3	73	0	32
 11449	33	32	40	4	3	74	0	32
 11494	33	32	40	4	3	75	0	32
 11539	33	32	40	4	3	76	0	32
 11585	33	32	40	4	3	76	0	32
 11630	33	32	40	4	3	77	0	32
 11675	33	32	40	4	3	78	0	32
 11721	33	32	40	4	3	79	0	32
 11766	33	32	40	4	3	79	0	32
 11812	33	32	41	4	3	80	0	32
 11857	33	32	40	4	3	81	0	32
 11902	33	32	40	4	3	82	0	32
 11948	33	32	41	4	3	83	0	32
 11993	32	32	40	4	3	83	0	32
 12038	32	32	40	4	3	84	0	32
 12084	33	32	40	4	3	85	0	32
 12129	32	32	40	4	3	86	0	32
 12174	32	32	41	4	3	86	0	32
 12220	32	32	40	4	3	87	0	32
 12265	32	32	41	4	3	88	0	32
 12310	33	32	40	4	3	89	0	32
 12356	32	32	40	4	3	89	0	32
 12401	32	32	40	4	3	90	0	32
 12446	32	32	41	4	3	91	0	32
 12492	32	32	40	4	3	92	0	32
 12537	32	32	41	4	3	92	0	32
 12582	32	32	40	4	3	93	0	32
 12628	32	32	40	12	3	94	0	32
 12673	32	32	40	12	3	95	0	32
 12719	32	32	40	12	3	95	0	32
 12764	32	32	40	12	3	96	0	32
 12809	32	32	40	12	3	97	0	32
 12855	32	32	40	12	3	98	0	32
 12900	32	32	40	12	3	98	0	32
 12945	32	32	40	12	3	99	0	32
 12991	32	32	40	12	3	100	0	32
 13036	33	32	40	12	3	101	0	32
 13081	32	32	40	12	3	101	0	32
 13127	32	32	40	12	3	102	0	32
 13172	32	32	40	12	3	103	0	32
 13219	32	32	40	12	3	104	0	32
 13263	32	32	40	12	3	104	0	32
 13308	32	32	40	12	3	105	0	32
 13353	32	32	40	12	3	106	0	32
 13399	32	32	40	12	3	107	0	32
 13444	32	32	40	12	3	107	0	31
 13489	32	32	40	12	3	108	0	32
 13535	32	32	40	12	3	109	0	32
 13580	32	32	40	12	3	110	0	32
 13626	32	32	40	12	3	110	0	31
 13671	32	32	41	12	3	111	0	31
 13716	32	32	40	12	3	112	0	31
 13762	32	32	40	12	3	113	0	31
 13807	32	32	40	12	3	113	0	31
 13852	32	32	40	12	3	114	0	31
 13898	32	32	40	12	3	115	0	31
 13943	32	32	40	12	3	116	0	31
 13988	32	32	40	12	3	117	0	31
 14082	32	32	40	12	3	118	0	31
 14124	32	32	40	12	3	119	0	31
 14170	32	32	40	12	3	120	0	31
 14215	32	32	40	12	3	120	0	31
 14260	32	32	40	12	3	121	0	31
 14306	32	32	40	12	3	122	0	31
 14351	32	32	40	12	3	123	0	31
 14396	32	32	40	12	3	123	0	31
 14442	32	32	40	4	4	64	0	31
 14487	32	32	40	4	4	65	0	31
 14533	32	32	40	4	4	66	0	31
 14578	32	32	40	4	4	66	0	31
 14623	32	32	40	4	4	67	0	31
 14669	32	32	40	4	4	68	0	31
 14714	32	32	40	4	4	69	0	31
 14759	32	32	40	4	4	69	0	31
 14805	32	32	40	4	4	70	0	31
 14850	32	32	40	4	4	71	0	31
 14895	32	32	40	4	4	72	0	31
 14944	32	32	40	4	4	72	0	31
 14986	32	32	40	4	4	73	0	31
 15031	32	32	40	4	4	74	0	31
 15077	32	32	40	4	4	75	0	31
 15122	32	32	40	4	4	75	0	31
 15167	32	32	40	4	4	76	0	31
 15213	32	32	40	4	4	77	0	31
 15258	32	32	39	4	4	78	0	31
 15303	32	32	39	4	4	78	0	31
 15349	32	32	39	4	4	79	0	31
 15394	32	32	39	4	4	80	0	31
 15440	32	32	39	4	4	81	0	31
 15485	32	32	39	4	4	81	0	31
 15530	32	32	39	4	4	82	0	31
 15576	32	32	39	4	4	83	0	31
 15630	32	32	39	4	4	84	0	31
 15712	32	32	39	4	4	85	0	31
 15760	32	32	39	4	4	86	0	31
 15806	32	32	39	4	4	87	0	31
 15848	32	32	39	4	4	87	0	31
 15893	32	32	40	4	4	88	0	31
 15938	32	32	40	4	4	89	0	31
 15984	32	32	40	4	4	90	0	31
 16029	32	32	40	4	4	91	0	31
 16074	32	32	40	4	4	91	0	31
 16120	32	32	40	4	4	92	0	31
 16165	32	32	40	4	4	93	0	31
 16210	32	31	40	12	4	94	0	31
 16256	32	32	40	12	4	94	0	31
 16301	32	32	40	12	4	95	0	31
 16346	32	32	39	12	4	96	0	31
 16392	32	32	39	8	4	97	0	31
 16437	32	32	39	8	4	97	0	31
 16573	32	32	39	8	4	100	0	31
 16623	33	32	40	8	4	100	0	31
 16664	33	32	40	12	4	101	0	31
 16709	32	32	40	12	4	102	0	31
 16755	32	32	40	12	4	103	0	31
 16800	32	32	40	12	4	103	0	31
 16804	32	32	40	12	4	103	0	31
 16891	32	32	40	12	4	105	0	31
 16936	32	32	40	12	4	106	0	31
 16981	32	32	40	12	4	106	0	31
 17027	32	32	41	12	4	107	0	31
 17072	32	32	40	12	4	108	0	31
 17117	32	32	40	12	4	109	0	31
 17163	32	32	40	12	4	109	0	31
 17208	32	32	40	12	4	110	0	31
 17253	32	32	40	12	4	111	0	31
 17299	32	32	40	12	4	112	0	31
 17344	32	31	40	12	4	112	0	31
 17389	32	32	40	12	4	113	0	31
 17435	32	32	40	12	4	114	0	31
 17480	32	32	40	12	4	115	0	31
 17525	32	32	40	12	4	115	0	31
 17571	32	32	40	12	4	116	0	31
 17616	32	32	39	12	4	117	0	31
 17661	32	32	40	12	4	118	0	31
 17707	32	32	40	12	4	118	0	31
 17752	32	32	40	12	4	119	0	31
 17798	32	32	40	12	4	120	0	31
 17843	32	32	39	12	4	121	0	31
 17888	32	32	39	12	4	121	0	31
 17934	32	32	40	12	4	122	0	31
 17979	32	32	40	12	4	123	0	31
 18024	32	32	40	4	5	64	0	31
 18070	32	32	40	4	5	65	0	31
 18115	32	32	40	4	5	65	0	31
 18160	32	32	39	4	5	66	0	31
 18206	32	32	40	4	5	67	0	31
 18251	32	32	40	4	5	68	0	31
 18296	32	32	39	4	5	68	0	31
 18342	32	32	39	4	5	69	0	31
 18387	32	32	39	4	5	70	0	31
 18432	32	32	39	4	5	71	0	31
 18478	32	32	39	4	5	71	0	31
 18523	32	32	40	4	5	72	0	31
 18568	32	32	39	4	5	73	0	31
 18614	32	32	39	4	5	74	0	30
 18660	32	32	39	4	5	74	0	30
 18705	32	32	39	4	5	75	0	30
 18750	32	32	39	4	5	76	0	30
 18795	32	32	39	4	5	77	0	30
 18841	32	32	39	4	5	77	0	30
 18886	32	32	39	4	5	78	0	30
 18931	32	32	39	4	5	79	0	30
 18977	32	32	39	4	5	80	0	30
 19022	32	32	40	4	5	80	0	30
 19067	32	32	39	4	5	81	0	30
 19113	32	32	40	4	5	82	0	30
 19158	32	32	39	4	5	83	0	30
 19203	32	32	39	4	5	83	0	30
 19249	32	32	40	4	5	84	0	30
 19294	32	32	39	4	5	85	0	30
 19339	32	32	40	4	5	86	0	30
 19385	32	32	40	4	5	86	0	30
 19430	32	32	40	4	5	87	0	30
 19475	32	32	40	4	5	88	0	30
 19521	32	32	40	4	5	89	0	30
 19566	32	32	40	4	5	89	0	30
 19612	32	32	40	4	5	90	0	30
 19657	32	32	40	4	5	91	0	30
 19702	32	32	40	4	5	92	0	30
 19748	32	32	39	4	5	92	0	30
 19793	32	32	40	4	5	93	0	30
 19838	32	32	40	12	5	94	0	30
 19884	32	32	39	12	5	95	0	30
 19929	32	32	40	12	5	96	0	30
 19974	32	32	40	12	5	96	0	30
 20020	32	32	40	12	5	97	0	30
 20065	32	32	40	12	5	98	0	30
 20110	32	32	40	12	5	99	0	30
 20156	32	32	40	12	5	99	0	30
 20201	32	32	40	12	5	100	0	30
 20246	32	32	40	12	5	101	0	30
 20292	32	32	40	12	5	102	0	30
 20337	32	32	40	12	5	102	0	30
 20382	32	32	40	12	5	103	0	30
 20428	32	32	40	12	5	104	0	30
 20473	32	32	40	12	5	105	0	30
 20519	32	32	40	12	5	105	0	30
 20564	32	31	40	12	5	106	0	30
 20609	32	32	40	12	5	107	0	30
 20655	32	32	40	12	5	108	0	30
 20700	32	31	40	12	5	108	0	30
 20745	32	32	40	12	5	109	0	30
 20791	32	32	40	12	5	110	0	30
 20836	32	31	40	12	5	111	0	30
 20881	32	32	40	12	5	111	0	30
 20927	32	31	40	12	5	112	0	30
 20973	32	32	40	12	5	113	0	30
 21017	32	32	40	12	5	114	0	30
 21063	32	32	39	12	5	114	0	30
 21108	32	31	39	12	5	115	0	30
 21153	32	32	39	12	5	116	0	30
 21199	32	32	39	12	5	117	0	30
 21244	32	31	39	12	5	117	0	30
 21289	32	32	39	12	5	118	0	30
 21335	32	31	39	12	5	119	0	30
 21380	32	32	39	12	5	120	0	30
 21425	32	31	39	12	5	120	0	30
 21471	32	31	39	12	5	121	0	30
 21516	32	32	39	12	5	122	0	30
 21562	32	32	39	12	5	123	0	30
 21607	32	31	40	12	5	123	0	30
 21652	32	31	39	4	6	64	0	30
 21698	32	31	39	4	6	65	0	30
 21743	32	31	40	4	6	66	0	30
 21788	32	31	39	4	6	66	0	30
 21834	32	31	39	4	6	67	0	30
 21879	31	31	39	4	6	68	0	30
 21924	32	32	39	4	6	69	0	30
 21970	32	31	39	4	6	70	0	30
 22015	32	32	39	4	6	70	0	30
 22060	32	31	39	4	6	71	0	30
 22106	32	32	39	4	6	72	0	30
 22151	32	32	39	4	6	73	0	30
 22196	32	31	39	4	6	73	0	30
 22242	32	32	39	4	6	74	0	30
 22287	32	31	39	4	6	75	0	30
 22332	32	31	39	4	6	76	0	30
 22378	32	31	39	4	6	76	0	30
 22423	32	32	39	4	6	77	0	30
 22469	32	31	39	4	6	78	0	30
 22514	32	31	39	4	6	79	0	30
 22559	32	31	40	4	6	79	0	30
 22605	32	31	39	4	6	80	0	30
 22650	32	31	39	4	6	81	0	30
 22695	32	31	39	4	6	82	0	30
 22741	32	31	39	4	6	82	0	30
 22786	31	31	39	4	6	83	0	30
 22831	32	31	40	4	6	84	0	30
 22877	32	31	39	4	6	85	0	30
 22922	32	31	39	4	6	85	0	30
 22967	31	31	39	4	6	86	0	30
 23013	31	31	38	4	6	87	0	30
 23058	31	31	38	4	6	88	0	30
 23103	32	31	38	4	6	88	0	30
 23149	31	31	38	4	6	89	0	30
 23194	31	31	39	4	6	90	0	30
 23239	32	31	39	4	6	91	0	30
 23285	31	31	39	4	6	91	0	30
 23330	31	31	39	4	6	92	0	30
 23376	31	31	39	4	6	93	0	30
 23421	31	31	39	12	6	94	0	30
 23466	31	31	39	12	6	94	0	30
 23512	31	31	39	12	6	95	0	30
 23557	31	31	39	12	6	96	0	30
 23602	31	31	39	12	6	97	0	30
 23648	31	31	38	12	6	97	0	30
 23693	31	31	38	12	6	98	0	30
 23738	31	31	38	12	6	99	0	30
 23784	31	31	38	12	6	100	0	30
 23829	31	31	38	12	6	100	0	30
 23874	31	31	38	12	6	101	0	30
 23920	31	31	38	12	6	102	0	30
 23965	31	31	38	12	6	103	0	30
 24010	31	31	38	12	6	104	0	30
 24056	31	31	38	12	6	104	0	30
 24101	31	31	38	12	6	105	0	30
 24146	31	31	38	12	6	106	0	30
 24192	31	31	39	12	6	107	0	30
 24237	31	31	38	12	6	107	0	30
 24283	31	31	39	12	6	108	0	30
 24328	31	31	39	12	6	109	0	30
 24373	31	31	38	12	6	110	0	30
 24419	31	31	38	12	6	110	0	30
 24464	31	31	38	12	6	111	0	30
 24509	31	31	38	12	6	112	0	30
 24555	31	31	38	12	6	113	0	30
 24600	31	31	38	12	6	113	0	30
 24645	31	31	38	12	6	114	0	30
 24691	31	31	38	12	6	115	0	30
 24736	31	31	38	12	6	116	0	30
 24781	31	31	38	12	6	116	0	30
 24827	31	31	38	12	6	117	0	30
 24872	31	31	38	12	6	118	0	30
 24918	31	31	38	12	6	119	0	30
 24963	31	31	38	12	6	119	0	30
 25008	31	31	39	12	6	120	0	30
 25053	31	31	39	12	6	121	0	30
 25099	31	31	39	12	6	122	0	30
 25144	31	31	39	12	6	122	0	30
 25190	31	31	39	12	6	123	0	30
 25235	31	31	39	7	7	64	0	30
 25280	37	31	39	7	7	65	0	30
 25326	55	31	39	7	7	65	0	30
 25371	78	31	38	7	7	66	0	30
 25416	82	34	39	7	7	67	0	30
 25462	66	37	38	3	7	68	0	30
 25507	53	40	38	3	7	68	0	30
 25552	45	40	38	3	7	69	0	30
 25598	42	40	39	3	7	70	0	30
 25643	40	39	39	3	7	71	0	30
 25688	40	39	39	3	7	71	0	30
 25735	41	40	39	3	7	72	0	30
 25779	41	41	39	3	7	73	0	30
 25824	42	41	39	3	7	74	0	30
 25870	42	41	39	3	7	74	0	30
 25915	42	41	39	3	7	75	0	30
 25960	44	42	39	3	7	76	0	30
 26006	55	42	39	3	7	77	0	30
 26051	75	42	39	3	7	78	0	30
 26096	87	43	39	3	7	78	0	30
 26142	87	46	39	3	7	79	0	30
 26187	75	49	39	3	7	80	0	30
 26233	63	51	39	3	7	81	0	30
 26278	55	51	39	3	7	81	0	30
 26323	53	51	39	3	7	82	0	30
 26369	51	51	39	3	7	83	0	30
 26414	57	51	39	3	7	84	0	30
 26459	72	52	39	3	7	84	0	30
 26505	87	54	39	3	7	85	0	30
 26550	89	56	39	3	7	86	0	30
 26595	85	58	39	3	7	87	0	30
 26641	74	60	39	3	7	87	0	30
 26686	66	61	39	3	7	88	0	31
 26731	64	61	39	3	7	89	0	31
 26777	69	61	39	3	7	90	0	31
 26822	83	61	39	3	7	90	0	31
 26867	87	63	39	3	7	91	0	31
 26913	89	65	39	3	7	92	0	31
 26958	89	68	39	3	7	93	0	31
 27003	89	69	39	3	7	93	0	31
 27049	84	70	39	11	7	94	0	31
 27094	84	70	39	11	7	95	0	31
 27140	89	71	39	11	7	96	0	31
 27185	90	72	39	11	7	96	0	31
 27230	88	74	39	11	7	97	0	31
 27276	89	75	39	11	7	98	0	31
 27321	91	76	39	11	7	99	0	31
 27366	90	77	39	11	7	99	0	31
 27412	89	78	39	11	7	100	0	31
 27457	91	79	39	11	7	101	0	31
 27502	89	80	39	11	7	102	0	32
 27548	90	80	39	11	7	102	0	32
 27593	89	81	39	11	7	103	0	32
 27638	89	81	39	11	7	104	0	32
 27684	89	82	39	11	7	105	0	32
 27729	90	82	39	15	7	105	0	32
 27774	90	83	39	15	7	106	0	32
 27820	91	83	39	15	7	107	0	32
 27865	91	84	39	15	7	108	0	32
 27910	91	84	39	15	7	108	0	32
 27956	91	84	39	15	7	109	0	32
 28001	91	84	39	15	7	110	0	32
 28047	91	84	39	15	7	111	0	32
 28092	91	85	39	15	7	112	0	32
 28137	91	85	39	15	7	112	0	32
 28183	91	85	39	15	7	113	0	32
 28228	91	85	39	15	7	114	0	33
 28273	89	85	39	11	7	115	0	33
 28319	86	86	39	11	7	115	0	33
 28364	84	85	39	11	7	116	0	33
 28409	84	85	39	11	7	117	0	33
 28455	87	84	39	11	7	118	0	33
 28500	89	84	39	11	7	118	0	33
 28545	89	84	39	11	7	119	0	33
 28591	89	84	39	11	7	120	0	33
 28636	90	84	39	15	7	121	0	33
 28681	90	84	39	15	7	121	0	33
 28727	90	84	39	15	7	122	0	33
 28772	90	84	39	15	7	123	0	33
 28817	89	83	39	7	8	64	0	33
 28863	91	82	39	7	8	64	0	33
 28908	90	81	39	7	8	65	0	33
 28954	91	81	39	7	8	66	0	33
 28999	89	81	39	7	8	67	0	33
 29044	91	81	39	7	8	67	0	33
 29090	90	81	39	7	8	68	0	33
 29135	92	81	39	7	8	69	0	34
 29180	89	81	39	3	8	70	0	34
 29226	84	82	39	3	8	70	0	34
 29271	81	82	39	3	8	71	0	34
 29316	80	81	39	3	8	72	0	34
 29362	80	80	39	3	8	73	0	34
 29407	85	79	39	3	8	73	0	34
 29452	89	79	39	3	8	74	0	34
 29498	90	79	39	3	8	75	0	34
 29543	89	79	39	3	8	76	0	34
 29588	89	80	39	7	8	76	0	34
 29634	89	81	39	7	8	77	0	34
 29679	90	81	39	7	8	78	0	34
 29724	90	82	39	7	8	79	0	34
 29770	90	82	39	7	8	79	0	34
 29815	91	82	39	7	8	80	0	34
 29860	91	83	39	7	8	81	0	34
 29906	91	83	39	7	8	82	0	34
 29951	91	83	39	7	8	83	0	34
 29997	90	84	39	7	8	83	0	34
 30042	90	84	39	7	8	84	0	34
 30087	89	84	39	3	8	85	0	34
 30133	86	84	39	3	8	86	0	34
 30178	84	84	39	3	8	86	0	34
 30223	83	84	39	3	8	87	0	35
 30269	84	83	39	3	8	88	0	35
 30314	90	82	39	3	8	89	0	35
 30359	88	82	39	3	8	89	0	35
 30405	88	82	39	3	8	90	0	35
 30450	89	83	39	7	8	91	0	35
 30495	89	83	39	7	8	92	0	35
 30541	90	83	39	7	8	92	0	35
 30586	90	84	39	7	8	93	0	35
 30631	90	84	39	15	8	94	0	35
 30677	90	84	39	15	8	95	0	35
 30722	90	84	39	15	8	95	0	35
 30768	90	84	39	15	8	96	0	35
 30813	90	84	40	15	8	97	0	35
 30858	90	85	39	15	8	98	0	35
 30904	90	85	39	15	8	98	0	35
 30949	90	85	39	15	8	99	0	35
 30994	90	85	39	15	8	100	0	35
 31040	89	85	39	15	8	101	0	35
 31085	89	85	39	15	8	101	0	35
 31130	87	85	39	11	8	102	0	35
 31176	85	85	39	11	8	103	0	35
 31221	84	85	39	11	8	104	0	35
 31266	85	84	39	11	8	104	0	36
 31312	89	84	39	11	8	105	0	36
 31357	88	83	39	11	8	106	0	36
 31402	88	84	39	11	8	107	0	36
 31448	88	84	39	15	8	107	0	36
 31493	88	84	39	15	8	108	0	36
 31538	88	84	39	15	8	109	0	36
 31584	88	84	39	15	8	110	0	36
 31629	88	84	39	15	8	110	0	36
 31674	88	84	39	15	8	111	0	36
 31720	88	84	39	15	8	112	0	36
 31765	88	84	39	15	8	113	0	36
 31811	88	84	39	15	8	113	0	36
 31856	88	84	39	15	8	114	0	36
 31901	88	84	39	15	8	115	0	36
 31947	88	84	39	15	8	116	0	36
 31992	88	84	39	15	8	117	0	36
 32037	88	84	39	15	8	117	0	36
 32083	87	84	40	15	8	118	0	36
 32128	87	84	40	15	8	119	0	36
 32173	87	84	40	15	8	120	0	36
 32219	87	84	40	15	8	120	0	36
 32264	87	84	40	15	8	121	0	36
 32309	86	84	40	11	8	122	0	36
 32355	84	84	39	11	8	123	0	36
 32400	82	83	40	11	8	123	0	36
 32445	83	83	39	3	9	64	0	36
 32491	87	82	40	3	9	65	0	36
 32536	86	82	40	3	9	66	0	36
 32582	86	82	40	3	9	66	0	36
 32627	87	82	40	7	9	67	0	36
 32672	87	82	40	7	9	68	0	36
 32718	87	83	40	7	9	69	0	36
 32763	87	82	40	7	9	69	0	36
 32808	87	83	40	7	9	70	0	36
 32854	87	83	40	7	9	71	0	36
 32899	87	83	40	7	9	72	0	37
 32944	87	83	40	7	9	72	0	37
 32990	87	83	40	7	9	73	0	37
 33035	87	83	40	7	9	74	0	37
 33080	87	83	40	7	9	75	0	37
 33126	87	83	40	7	9	75	0	37
 33171	87	83	40	7	9	76	0	37
 33216	87	83	40	7	9	77	0	37
 33262	87	83	40	7	9	78	0	37
 33307	87	83	41	7	9	78	0	37
 33352	86	83	40	7	9	79	0	37
 33398	86	83	40	7	9	80	0	37
 33443	86	83	40	7	9	81	0	37
 33489	86	83	40	7	9	81	0	37
 33534	86	83	40	7	9	82	0	37
 33579	84	83	40	3	9	83	0	37
 33625	82	83	40	3	9	84	0	37
 33670	81	82	40	3	9	84	0	37
 33715	85	82	40	3	9	85	0	37
 33761	86	81	40	3	9	86	0	37
 33806	85	80	40	3	9	87	0	37
 33851	85	81	40	3	9	87	0	37
 33897	85	81	40	7	9	88	0	37
 33942	85	81	40	7	9	89	0	37
 33987	86	81	41	7	9	90	0	37
 34033	85	81	40	7	9	91	0	37
 34078	85	81	40	7	9	91	0	37
 34123	85	81	40	7	9	92	0	37
 34169	85	81	40	7	9	93	0	37
 34214	85	81	40	15	9	94	0	37
 34259	85	81	40	15	9	94	0	37
 34305	85	81	41	15	9	95	0	37
 34350	85	81	41	15	9	96	0	38
 34396	85	81	41	15	9	97	0	38
 34441	85	81	41	15	9	97	0	38
 34486	85	81	41	15	9	98	0	38
 34532	85	81	41	15	9	99	0	38
 34577	85	81	41	15	9	100	0	38
 34622	84	81	41	15	9	100	0	38
 34668	84	81	41	15	9	101	0	38
 34713	84	81	41	15	9	102	0	38
 34758	84	81	41	15	9	103	0	38
 34804	84	81	41	15	9	103	0	38
 34849	82	81	41	11	9	104	0	38
 34894	80	81	41	11	9	105	0	38
 34940	80	80	41	11	9	106	0	38
 34985	83	79	41	11	9	106	0	38
 35030	84	79	41	11	9	107	0	38
 35076	83	79	41	11	9	108	0	38
 35121	83	79	41	11	9	109	0	38
 35166	84	79	41	15	9	109	0	38
 35212	84	79	41	15	9	110	0	38
 35257	84	80	41	15	9	111	0	38
 35302	84	80	41	15	9	112	0	38
 35348	84	80	41	15	9	112	0	38
 35393	84	81	41	15	9	113	0	38
 35439	84	80	41	15	9	114	0	38
 35484	84	80	42	15	9	115	0	38
 35529	84	80	41	15	9	115	0	38
 35575	84	80	41	15	9	116	0	38
 35620	84	80	41	15	9	117	0	38
 35665	83	80	41	15	9	118	0	38
 35711	83	80	41	15	9	118	0	38
 35756	83	79	41	15	9	119	0	38
 35801	83	79	41	15	9	120	0	38
 35847	83	79	42	15	9	121	0	38
 35892	82	79	41	15	9	121	0	38
 35937	82	79	41	15	9	122	0	38
 35983	82	79	41	15	9	123	0	38
 36028	82	79	41	5	10	64	0	38
 36073	81	78	41	5	10	65	0	38
 36119	80	78	41	1	10	65	0	38
 36164	80	77	42	1	10	66	0	38
 36209	80	76	42	1	10	67	0	38
 36255	81	76	42	1	10	68	0	38
 36300	81	75	41	1	10	68	0	38
 36346	81	74	41	1	10	69	0	38
 36391	82	74	42	5	10	70	0	38
 36436	80	74	42	5	10	71	0	38
 36482	79	74	42	5	10	71	0	38
 36527	77	73	42	5	10	72	0	38
 36572	76	73	42	5	10	73	0	38
 36618	76	72	42	5	10	74	0	38
 36663	75	72	41	5	10	74	0	38
 36708	75	72	42	5	10	75	0	38
 36754	74	72	42	5	10	76	0	38
 36799	74	72	42	5	10	77	0	38
 36844	74	72	41	5	10	77	0	38
 36890	73	71	42	5	10	78	0	38
 36935	73	71	42	5	10	79	0	38
 36980	73	71	42	5	10	80	0	38
 37026	73	71	42	5	10	80	0	38
 37071	73	71	42	5	10	81	0	38
 37116	73	71	42	5	10	82	0	38
 37162	72	71	42	5	10	83	0	38
 37207	72	70	42	5	10	83	0	38
 37253	72	70	42	5	10	84	0	38
 37298	72	70	42	5	10	85	0	38
 37343	72	70	42	5	10	86	0	38
 37389	72	70	42	5	10	86	0	39
 37434	72	69	42	5	10	87	0	39
 37479	71	69	42	5	10	88	0	39
 37525	71	68	42	5	10	89	0	39
 37570	71	69	42	5	10	89	0	39
 37615	70	68	42	5	10	90	0	39
 37661	70	68	42	5	10	91	0	39
 37706	70	67	43	5	10	92	0	39
 37751	70	67	43	5	10	92	0	39
 37797	69	67	43	5	10	93	0	39
 37842	68	66	43	13	10	94	0	39
 37887	65	65	43	13	10	95	0	39
 37933	65	65	44	13	10	96	0	39
 37978	64	65	44	13	10	96	0	39
 38023	64	64	44	13	10	97	0	39
 38069	64	64	45	13	10	98	0	39
 38114	63	64	45	13	10	99	0	39
 38160	63	63	45	13	10	99	0	39
 38205	62	63	45	13	10	100	0	39
 38250	62	62	45	13	10	101	0	39
 38296	62	62	46	13	10	102	0	39
 38341	61	62	46	13	10	102	0	39
 38386	61	61	46	13	10	103	0	39
 38432	61	61	46	13	10	104	0	39
 38477	60	61	46	13	10	105	0	39
 38522	60	60	46	13	10	105	0	39
 38568	60	60	46	13	10	106	0	39
 38613	63	60	47	13	10	107	0	39
 38658	62	60	47	13	10	108	0	39
 38704	62	61	47	13	10	108	0	39
 38749	61	61	47	13	10	109	0	39
 38794	60	61	48	13	10	110	0	39
 38840	60	60	48	13	10	111	0	39
 38885	60	60	48	13	10	111	0	39
 38930	59	60	48	13	10	112	0	39
 38976	59	59	48	13	10	113	0	39
 39021	59	59	48	13	10	114	0	39
 39067	58	59	48	13	10	114	0	39
 39112	58	58	48	13	10	115	0	39
 39157	57	58	48	13	10	116	0	39
 39203	57	57	48	13	10	117	0	39
 39248	57	57	49	13	10	117	0	39
 39293	60	57	49	13	10	118	0	39
 39339	59	57	49	13	10	119	0	39
 39384	61	58	50	13	10	120	0	39
 39429	59	58	50	13	10	120	0	39
 39475	58	58	50	13	10	121	0	39
 39520	58	58	50	13	10	122	0	39
 39565	60	58	50	13	10	123	0	39
 39611	61	58	50	13	10	123	0	39
 39656	60	58	50	39	11	64	0	39
 39701	60	58	50	39	11	65	0	39
 39747	60	58	50	39	11	66	0	39
 39792	61	58	51	39	11	66	0	39
 39837	61	59	51	39	11	67	0	39
 39883	61	59	51	39	11	68	0	39
 39928	59	59	51	39	11	69	0	39
 39974	59	58	51	39	11	70	0	39
 40019	62	57	51	39	11	70	0	39
 40064	63	58	51	39	11	71	0	39
 40110	60	59	51	39	11	72	0	39
 40155	63	59	51	39	11	73	0	39
 40200	64	59	51	39	11	73	0	39
 40246	64	60	51	39	11	74	0	39
 40291	65	60	51	39	11	75	0	39
 40336	62	61	51	39	11	76	0	39
 40382	61	61	51	39	11	76	0	39
 40427	63	61	52	39	11	77	0	39
 40472	64	60	52	39	11	78	0	39
 40518	65	60	52	39	11	79	0	39
 40563	64	61	52	39	11	79	0	39
 40609	62	61	52	39	11	80	0	39
 40654	61	62	53	35	11	81	0	39
 40699	61	61	53	35	11	82	0	39
 40744	60	59	52	35	11	82	0	39
 40790	64	59	53	35	11	83	0	39
 40835	62	59	52	35	11	84	0	40
 40881	64	60	52	35	11	85	0	40
 40926	62	60	52	35	11	85	0	39
 40971	61	61	52	39	11	86	0	39
 41017	63	61	51	39	11	87	0	39
 41062	65	60	51	39	11	88	0	39
 41107	66	61	51	39	11	88	0	39
 41153	67	61	51	39	11	89	0	39
 41198	67	62	51	39	11	90	0	39
 41243	67	62	51	39	11	91	0	39
 41289	68	63	51	39	11	91	0	39
 41334	68	63	51	39	11	92	0	39
 41379	68	63	51	39	11	93	0	39
 41425	69	64	51	47	11	94	0	39
 41470	69	64	51	47	11	94	0	39
 41515	69	64	52	47	11	95	0	39
 41561	67	65	52	47	11	96	0	40
 41606	65	65	52	47	11	97	0	39
 41651	67	65	52	47	11	97	0	40
 41698	68	64	52	47	11	98	0	40
 41742	69	64	52	47	11	99	0	40
 41788	68	64	52	47	11	100	0	40
 41833	66	65	51	47	11	100	0	40
 41878	65	65	52	47	11	101	0	40
 41924	65	65	52	47	11	102	0	40
 41969	67	64	52	47	11	103	0	40
 42014	68	64	53	47	11	104	0	40
 42060	66	64	53	47	11	104	0	40
 42105	65	64	52	47	11	105	0	40
 42150	64	64	53	47	11	106	0	40
 42196	67	64	53	47	11	107	0	40
 42241	68	64	53	47	11	107	0	40
 42286	68	64	53	47	11	108	0	40
 42332	66	65	53	43	11	109	0	40
 42377	65	65	53	43	11	110	0	40
 42422	65	65	53	43	11	110	0	40
 42468	66	64	53	43	11	111	0	40
 42513	68	64	53	43	11	112	0	40
 42558	67	64	53	43	11	113	0	40
 42604	65	64	53	47	11	113	0	40
 42649	65	65	53	47	11	114	0	40
 42695	67	64	53	47	11	115	0	40
 42740	68	64	54	47	11	116	0	40
 42785	69	64	54	47	11	116	0	40
 42831	67	65	54	47	11	117	0	40
 42876	66	66	54	47	11	118	0	40
 42921	68	65	54	47	11	119	0	40
 42967	69	65	54	47	11	119	0	40
 43012	70	65	54	47	11	120	0	40
 43057	70	66	53	47	11	121	0	40
 43103	69	66	53	47	11	122	0	40
 43148	71	66	53	47	11	122	0	40
 43193	71	66	53	47	11	123	0	40
 43239	71	66	52	39	12	64	0	40
 43284	72	67	52	39	12	65	0	40
 43329	72	68	53	39	12	65	0	40
 43375	72	68	53	39	12	66	0	40
 43420	73	68	53	39	12	67	0	40
 43465	73	68	53	39	12	68	0	40
 43511	73	69	53	39	12	68	0	40
 43556	73	69	53	39	12	69	0	40
 43601	73	69	52	39	12	70	0	40
 43647	73	69	52	39	12	71	0	40
 43692	73	69	52	39	12	71	0	40
 43738	73	70	52	39	12	72	0	40
 43783	73	70	51	39	12	73	0	40
 43828	73	70	51	39	12	74	0	40
 43874	74	70	52	39	12	74	0	40
 43919	72	70	52	35	12	75	0	40
 43964	71	71	52	35	12	76	0	40
 44010	71	70	51	35	12	77	0	40
 44055	73	70	51	35	12	78	0	40
 44100	74	69	51	35	12	78	0	40
 44146	72	70	51	35	12	79	0	40
 44191	71	71	51	39	12	80	0	40
 44236	73	70	51	39	12	81	0	40
 44282	74	70	51	39	12	81	0	40
 44327	74	70	51	39	12	82	0	40
 44373	75	70	51	39	12	83	0	40
 44418	76	71	51	39	12	84	0	40
 44463	76	72	51	39	12	84	0	40
 44508	76	72	51	39	12	85	0	40
 44554	73	72	52	39	12	86	0	40
 44599	72	72	52	39	12	87	0	40
 44645	74	72	52	39	12	87	0	40
 44690	75	71	51	39	12	88	0	40
 44735	76	71	51	39	12	89	0	40
 44781	76	72	51	39	12	90	0	40
 44826	76	72	51	39	12	90	0	40
 44871	73	72	51	39	12	91	0	40
 44917	72	72	51	39	12	92	0	40
 44962	74	72	51	39	12	93	0	40
 45008	75	72	51	39	12	93	0	40
 45053	76	72	51	47	12	94	0	40
 45098	74	72	51	47	12	95	0	40
 45143	73	73	51	47	12	96	0	40
 45189	72	72	51	47	12	96	0	40
 45234	74	72	51	47	12	97	0	41
 45279	75	71	51	47	12	98	0	40
 45325	76	71	51	47	12	99	0	40
 45370	73	72	51	47	12	99	0	40
 45416	72	72	51	47	12	100	0	40
 45461	71	72	51	47	12	101	0	40
 45506	74	71	51	47	12	102	0	40
 45552	75	71	51	47	12	102	0	40
 45597	75	71	51	47	12	103	0	40
 45642	76	72	51	47	12	104	0	40
 45688	76	72	51	47	12	105	0	40
 45733	76	72	51	47	12	105	0	40
 45778	74	73	51	43	12	106	0	40
 45824	73	73	51	43	12	107	0	40
 45869	72	72	51	43	12	108	0	40
 45914	75	71	51	43	12	108	0	40
 45960	77	71	51	43	12	109	0	40
 46005	75	71	50	43	12	110	0	40
 46050	76	72	51	47	12	111	0	40
 46096	76	72	50	47	12	112	0	40
 46141	76	72	50	47	12	112	0	40
 46186	76	73	50	47	12	113	0	40
 46232	76	73	50	47	12	114	0	40
 46277	76	73	50	47	12	115	0	40
 46322	76	73	50	47	12	115	0	40
 46368	76	73	50	47	12	116	0	40
 46413	76	73	50	47	12	117	0	40
 46459	76	73	50	47	12	118	0	40
 46504	76	74	50	47	12	118	0	40
 46549	76	73	50	47	12	119	0	40
 46595	76	73	50	47	12	120	0	40
 46640	76	74	50	47	12	121	0	40
 46685	76	74	50	47	12	121	0	40
 46731	76	74	50	47	12	122	0	40
 46776	77	74	50	47	12	123	0	41
 46821	76	74	51	39	13	64	0	41
 46867	76	74	51	39	13	64	0	41
 46912	76	74	51	39	13	65	0	41
 46957	76	74	51	39	13	66	0	41
 47003	76	74	50	39	13	67	0	41
 47048	76	74	50	39	13	67	0	41
 47093	76	74	50	39	13	68	0	41
 47139	76	74	50	39	13	69	0	41
 47184	76	74	51	39	13	70	0	42
 47230	76	74	51	39	13	70	0	42
 47275	76	74	51	39	13	71	0	44
 47320	76	74	51	39	13	72	0	44
 47366	76	73	51	39	13	73	0	47
 47411	76	73	51	39	13	73	0	49
 47456	73	73	51	39	13	74	0	50
 47502	72	73	51	39	13	75	0	52
 47547	71	72	51	39	13	76	0	53
 47592	70	71	51	39	13	76	0	54
 47638	73	70	52	39	13	77	0	54
 47683	73	69	52	35	13	78	0	54
 47729	71	69	52	35	13	79	0	54
 47774	70	70	52	35	13	79	0	55
 47819	69	69	53	35	13	80	0	56
 47864	71	68	53	35	13	81	0	57
 47910	72	67	53	35	13	82	0	57
 47955	70	67	53	35	13	83	0	55
 48000	68	68	53	39	13	83	0	57
 48046	68	68	53	39	13	84	0	53
 48091	69	67	53	39	13	85	0	50
 48137	71	66	53	39	13	86	0	48
 48182	71	66	53	39	13	86	0	51
 48227	71	66	53	39	13	87	0	50
 48273	70	67	52	39	13	88	0	49
 48318	72	67	52	39	13	89	0	47
 48363	72	67	52	39	13	89	0	46
 48409	73	67	52	39	13	90	0	47
 48454	73	68	52	39	13	91	0	47
 48499	73	68	53	39	13	92	0	52
 48545	73	68	53	39	13	92	0	54
 48590	73	68	53	39	13	93	0	52
 48635	73	68	53	47	13	94	0	55
 48681	73	69	53	47	13	95	0	57
 48726	73	69	53	47	13	95	0	59
 48771	73	69	53	47	13	96	0	59
 48817	73	69	53	47	13	97	0	60
 48862	74	69	53	47	13	98	0	61
 48907	73	69	53	47	13	98	0	62
 48953	73	69	53	47	13	99	0	62
 48998	73	69	53	47	13	100	0	63
 49043	73	69	53	47	13	101	0	59
 49089	73	69	53	47	13	101	0	57
 49134	73	69	53	47	13	102	0	53
 49180	73	69	53	43	13	103	0	51
 49225	71	69	53	43	13	104	0	50
 49270	69	69	53	43	13	104	0	49
 49316	73	68	52	43	13	105	0	51
 49361	75	68	52	43	13	106	0	50
 49406	75	68	53	43	13	107	0	55
 49452	76	70	53	43	13	107	0	58
 49497	77	70	53	43	13	108	0	60
 49542	78	71	53	47	13	109	0	61
 49588	78	71	54	47	13	110	0	62
 49633	75	71	54	47	13	110	0	63
 49678	75	72	54	47	13	111	0	63
 49724	74	71	54	47	13	112	0	64
 49769	77	71	54	47	13	113	0	64
 49814	78	71	54	47	13	113	0	64
 49860	77	71	54	47	13	114	0	65
 49905	74	72	54	47	13	115	0	65
 49950	74	72	54	47	13	116	0	64
 49996	76	72	54	47	13	117	0	61
 50041	76	71	54	47	13	117	0	60
 50087	77	71	54	47	13	118	0	63
 50132	77	72	54	47	13	119	0	64
 50177	75	72	53	47	13	120	0	64
 50223	76	72	53	47	13	120	0	62
 50268	76	72	53	47	13	121	0	58
 50313	76	72	53	47	13	122	0	55
 50360	76	72	53	47	13	123	0	53
 50404	76	72	53	47	13	123	0	52
 50449	76	72	52	37	14	64	0	52
 50495	75	72	52	37	14	65	0	51
 50540	75	71	53	37	14	66	0	51
 50585	74	71	53	37	14	66	0	51
 50631	73	71	53	37	14	67	0	52
 50676	72	70	53	37	14	68	0	51
 50721	72	70	53	33	14	69	0	53
 50767	72	69	53	33	14	69	0	58
 50812	74	69	53	33	14	70	0	59
 50857	75	68	53	33	14	71	0	60
 50903	76	67	53	33	14	72	0	60
 50948	76	67	53	37	14	72	0	59
 50994	77	67	54	37	14	73	0	58
 51039	74	67	54	37	14	74	0	57
 51084	73	67	54	37	14	75	0	56
 51130	72	67	54	37	14	75	0	55
 51175	71	67	54	37	14	76	0	55
 51220	70	67	54	37	14	77	0	54
 51266	70	67	54	37	14	78	0	54
 51311	70	67	54	37	14	78	0	53
 51356	70	67	54	37	14	79	0	53
 51402	69	67	55	37	14	80	0	52
 51447	69	67	55	37	14	81	0	52
 51492	69	66	55	37	14	81	0	51
 51538	69	66	55	37	14	82	0	51
 51583	69	66	55	37	14	83	0	51
 51628	69	65	55	37	14	84	0	50
 51674	69	65	55	37	14	84	0	50
 51719	68	65	55	37	14	85	0	49
 51764	68	65	55	37	14	86	0	49
 51810	68	65	55	37	14	87	0	49
 51855	68	65	55	37	14	87	0	48
 51901	68	64	55	37	14	88	0	48
 51946	67	64	55	37	14	89	0	48
 51991	67	64	55	37	14	90	0	48
 52037	67	64	55	37	14	91	0	47
 52082	67	63	55	37	14	91	0	47
 52127	66	63	55	37	14	92	0	46
 52173	66	63	55	37	14	93	0	46
 52218	66	62	54	45	14	94	0	45
 52263	66	62	55	45	14	94	0	45
 52309	74	62	54	45	14	95	0	44
 52354	76	62	54	45	14	96	0	44
 52400	75	64	54	45	14	97	0	44
 52445	76	66	54	45	14	97	0	43
 52490	76	68	54	45	14	98	0	42
 52536	77	68	54	45	14	99	0	42
 52581	77	69	54	45	14	100	0	42
 52626	77	70	54	45	14	100	0	41
 52671	75	70	53	45	14	101	0	41
 52717	74	70	53	45	14	102	0	40
 52762	74	70	53	45	14	103	0	40
 52808	76	70	53	45	14	104	0	40
 52853	77	69	52	45	14	104	0	39
 52898	78	70	53	45	14	105	0	39
 52944	76	70	53	41	14	106	0	39
 52989	73	70	52	41	14	107	0	39
 53034	71	70	52	41	14	107	0	39
 53080	70	69	52	41	14	108	0	38
 53127	75	68	52	41	14	109	0	38
 53170	75	67	52	41	14	110	0	38
 53216	76	68	52	41	14	110	0	38
 53261	77	68	52	41	14	111	0	39
 53306	77	68	52	45	14	112	0	39
 53352	77	69	53	45	14	113	0	39
 53397	78	69	52	45	14	113	0	39
 53442	78	70	53	45	14	114	0	39
 53488	78	70	52	45	14	115	0	39
 53533	78	70	53	45	14	116	0	39
 53578	78	70	53	45	14	116	0	39
 53624	78	70	52	45	14	117	0	38
 53669	78	70	53	45	14	118	0	38
 53715	78	71	52	45	14	119	0	38
 53760	75	71	53	45	14	119	0	38
 53805	75	71	53	45	14	120	0	38
 53851	74	71	53	45	14	121	0	39
 53896	77	71	53	45	14	122	0	39
 53941	77	71	53	45	14	122	0	40
 53987	76	71	53	41	14	123	0	41
 54032	73	71	53	34	15	64	0	42
 54077	71	71	53	34	15	65	0	43
 54123	73	71	53	34	15	65	0	44
 54168	77	70	53	34	15	66	0	45
 54213	75	70	53	34	15	67	0	46
 54259	76	71	52	34	15	68	0	46
 54304	77	72	52	38	15	68	0	47
 54349	77	72	52	38	15	69	0	48
 54395	77	72	52	38	15	70	0	49
 54440	75	72	52	38	15	71	0	49
 54486	75	73	52	38	15	71	0	49
 54531	77	73	53	38	15	72	0	49
 54576	76	72	52	38	15	73	0	49
 54622	77	73	53	38	15	74	0	49
 54667	77	73	52	38	15	74	0	49
 54713	74	73	52	38	15	75	0	49
 54758	73	73	52	38	15	76	0	50
 54804	76	73	52	38	15	77	0	51
 54848	76	72	52	38	15	78	0	52
 54894	76	72	52	38	15	78	0	52
 54939	77	72	52	38	15	79	0	53
 54984	77	73	52	38	15	80	0	53
 55030	77	73	52	38	15	81	0	54
 55075	77	73	52	38	15	81	0	54
 55120	77	73	52	38	15	82	0	55
 55166	77	73	52	38	15	83	0	55
 55211	77	73	52	38	15	84	0	55
 55256	77	74	52	38	15	84	0	55
 55302	77	74	51	38	15	85	0	55
 55347	77	74	51	38	15	86	0	55
 55393	77	74	51	38	15	87	0	54
 55438	77	74	51	38	15	87	0	54
 55483	77	74	51	38	15	88	0	53
 55529	76	74	51	34	15	89	0	53
 55574	74	74	51	34	15	90	0	52
 55619	73	74	51	34	15	90	0	52
 55665	74	73	51	34	15	91	0	51
 55710	76	72	51	34	15	92	0	50
 55755	77	72	51	34	15	93	0	49
 55801	75	72	51	34	15	93	0	48
 55846	73	73	51	46	15	94	0	47
 55891	72	73	51	46	15	95	0	47
 55937	72	72	51	46	15	96	0	47
 55982	72	72	51	46	15	96	0	46
 56027	72	72	51	46	15	97	0	46
 56073	72	71	51	46	15	98	0	46
 56118	72	71	51	46	15	99	0	45
 56164	74	70	51	46	15	99	0	45
 56209	75	70	50	46	15	100	0	45
 56254	75	69	50	46	15	101	0	44
 56300	75	69	50	46	15	102	0	44
 56345	75	69	50	46	15	102	0	44
 56390	75	68	51	46	15	103	0	44
 56436	74	68	50	46	15	104	0	44
 56481	74	68	50	46	15	105	0	44
 56526	73	67	51	46	15	105	0	44
 56572	73	67	50	46	15	106	0	44
 56617	73	66	50	46	15	107	0	43
 56662	72	66	50	46	15	108	0	43
 56708	71	66	50	46	15	108	0	43
 56753	71	65	50	46	15	109	0	43
 56798	70	65	50	46	15	110	0	43
 56844	70	65	50	46	15	111	0	43
 56889	69	65	50	46	15	112	0	43
 56935	69	65	50	46	15	112	0	43
 56980	68	65	50	46	15	113	0	43
 57025	68	65	50	46	15	114	0	43
 57071	68	65	50	46	15	115	0	43
 57116	68	65	50	46	15	115	0	43
 57161	67	65	50	46	15	116	0	43
 57207	67	65	50	46	15	117	0	43
 57252	68	65	50	46	15	118	0	43
 57297	68	65	50	46	15	118	0	43
 57343	67	65	50	46	15	119	0	43
 57388	67	65	50	46	15	120	0	43
 57433	67	64	50	46	15	121	0	43
 57479	67	64	50	46	15	121	0	43
 57524	67	64	50	46	15	122	0	43
 57569	67	64	50	46	15	123	0	43
 57615	67	65	50	39	16	64	0	43
 57660	66	64	50	39	16	64	0	43
 57705	74	62	49	39	16	65	0	43
 57751	76	63	50	39	16	66	0	43
 57796	77	65	49	39	16	67	0	43
 57842	77	67	50	39	16	67	0	43
 57887	77	68	50	39	16	68	0	43
 57932	78	69	50	39	16	69	0	43
 57978	78	69	50	39	16	70	0	43
 58023	78	70	50	39	16	70	0	43
 58068	77	71	50	39	16	71	0	43
 58114	76	72	50	39	16	72	0	43
 58159	75	72	49	39	16	73	0	43
 58204	75	72	50	39	16	73	0	43
 58250	73	71	50	35	16	74	0	42
 58295	71	71	49	35	16	75	0	42
 58340	72	71	49	35	16	76	0	42
 58386	77	70	49	35	16	76	0	42
 58431	76	69	49	35	16	77	0	42
 58476	76	70	49	35	16	78	0	42
 58522	77	71	49	39	16	79	0	42
 58567	78	71	49	39	16	79	0	42
 58613	79	72	49	39	16	80	0	42
 58658	79	73	49	39	16	81	0	42
 58703	79	73	49	39	16	82	0	42
 58749	76	73	49	39	16	83	0	42
 58794	77	73	49	39	16	83	0	42
 58839	78	73	49	39	16	84	0	42
 58885	78	73	49	39	16	85	0	42
 58930	79	73	49	39	16	86	0	42
 58975	79	74	49	39	16	86	0	42
 59021	79	74	49	39	16	87	0	42
 59066	77	75	49	39	16	88	0	42
 59111	78	75	49	39	16	89	0	42
 59157	78	75	49	39	16	89	0	42
 59202	78	75	49	39	16	90	0	42
 59247	79	75	49	39	16	91	0	42
 59293	79	75	49	39	16	92	0	42
 59338	79	75	49	39	16	92	0	42
 59383	79	76	49	39	16	93	0	42
 59429	79	76	49	47	16	94	0	41
 59474	79	76	49	47	16	95	0	41
 59520	79	76	49	47	16	95	0	41
 59565	79	76	49	47	16	96	0	41
 59610	79	76	49	47	16	97	0	41
 59656	77	76	49	43	16	98	0	41
 59701	76	77	49	43	16	98	0	41
 59746	76	76	49	43	16	99	0	41
 59792	78	75	49	43	16	100	0	41
 59837	80	75	49	43	16	101	0	41
 59882	79	75	49	43	16	101	0	41
 59928	77	76	49	47	16	102	0	41
 59973	76	76	49	47	16	103	0	41
 60018	79	76	49	47	16	104	0	41
 60064	79	75	48	47	16	104	0	41
 60109	80	76	49	47	16	105	0	41
 60154	79	76	48	47	16	106	0	41
 60200	77	77	49	47	16	107	0	41
 60245	76	77	49	47	16	107	0	41
 60291	79	76	49	47	16	108	0	41
 60336	80	75	49	47	16	109	0	41
 60381	81	76	49	47	16	110	0	41
 60427	78	77	48	47	16	110	0	41
 60472	77	77	49	47	16	111	0	41
 60517	77	77	49	47	16	112	0	41
 60563	80	76	48	47	16	113	0	41
 60608	80	76	48	47	16	113	0	41
 60653	81	76	48	47	16	114	0	41
 60699	78	77	48	47	16	115	0	41
 60744	77	77	48	47	16	116	0	41
 60789	77	77	48	47	16	117	0	41
 60835	79	76	48	47	16	117	0	41
 60880	80	76	48	47	16	118	0	40
 60925	81	77	48	47	16	119	0	40
 60971	78	77	48	47	16	120	0	40
 61016	77	77	48	47	16	120	0	40
 61062	77	77	48	47	16	121	0	40
 61107	80	77	48	47	16	122	0	40
 61152	80	76	48	47	16	123	0	40
 61198	81	77	48	47	16	123	0	40
 61243	79	77	48	36	17	64	0	40
 61288	78	77	48	36	17	65	0	40
 61334	77	77	48	36	17	66	0	40
 61380	77	76	48	36	17	66	0	40
 61424	76	75	48	36	17	67	0	40
 61470	76	75	48	36	17	68	0	40
 61515	76	75	48	36	17	69	0	40
 61561	75	74	48	36	17	69	0	40
 61606	75	73	48	36	17	70	0	40
 61651	74	73	48	36	17	71	0	40
 61696	74	72	49	36	17	72	0	40
 61742	73	72	48	36	17	72	0	40
 61787	73	71	48	36	17	73	0	40
 61833	72	71	48	36	17	74	0	40
 61878	72	71	48	36	17	75	0	40
 61923	72	71	48	36	17	75	0	40
 61969	71	71	48	36	17	76	0	40
 62014	71	71	48	36	17	77	0	40
 62059	71	70	48	36	17	78	0	40
 62105	71	70	48	36	17	78	0	40
 62150	71	70	48	36	17	79	0	40
 62195	71	70	48	36	17	80	0	40
 62241	70	70	47	36	17	81	0	40
 62286	70	69	48	36	17	81	0	40
 62331	70	69	48	36	17	82	0	40
 62377	70	69	47	36	17	83	0	40
 62422	70	69	48	36	17	84	0	40
 62467	70	69	48	36	17	84	0	40
 62513	70	69	47	36	17	85	0	40
 62558	69	68	48	36	17	86	0	40
 62603	69	68	48	36	17	87	0	40
 62649	69	68	48	36	17	87	0	40
 62694	68	67	48	36	17	88	0	40
 62740	68	67	48	36	17	89	0	39
 62785	69	67	47	36	17	90	0	40
 62830	68	67	47	36	17	91	0	39
 62876	68	67	47	36	17	91	0	39
 62921	68	66	48	36	17	92	0	39
 62966	68	66	47	36	17	93	0	39
 63012	67	66	47	44	17	94	0	39
 63057	67	65	47	44	17	94	0	39
 63102	67	65	47	44	17	95	0	39
 63148	66	65	47	44	17	96	0	39
 63193	66	64	47	44	17	97	0	39
 63238	66	63	47	44	17	97	0	39
 63284	66	64	47	44	17	98	0	39
 63329	65	63	47	44	17	99	0	39
 63374	65	63	47	44	17	100	0	39
 63420	65	63	47	44	17	100	0	39
 63465	65	62	48	44	17	101	0	39
 63511	64	62	47	44	17	102	0	39
 63556	64	62	47	44	17	103	0	39
 63601	64	62	47	44	17	103	0	39
 63647	64	61	47	44	17	104	0	39
 63692	63	61	47	44	17	105	0	39
 63737	63	61	47	44	17	106	0	39
 63783	63	60	47	44	17	106	0	39
 63828	63	60	47	44	17	107	0	39
 63873	63	60	47	44	17	108	0	39
 63919	62	60	47	44	17	109	0	39
 63964	62	60	47	44	17	109	0	39
 64009	62	59	47	44	17	110	0	39
 64055	62	59	47	44	17	111	0	39
 64100	62	59	47	44	17	112	0	39
 64145	61	59	47	44	17	112	0	39
 64191	61	59	47	44	17	113	0	39
 64236	61	58	47	44	17	114	0	39
 64282	60	58	47	44	17	115	0	39
 64327	60	58	47	44	17	115	0	39
 64372	60	57	47	44	17	116	0	39
 64418	60	57	47	44	17	117	0	39
 64463	60	57	47	44	17	118	0	39
 64509	59	57	47	44	17	118	0	39
 64554	59	57	47	44	17	119	0	39
 64599	59	57	47	44	17	120	0	39
 64644	59	56	47	44	17	121	0	39
 64690	59	56	47	44	17	121	0	38
 64735	58	55	47	44	17	122	0	38
 64780	58	56	46	44	17	123	0	38
 64826	58	55	47	36	18	64	0	38
 64871	58	55	46	36	18	65	0	38
 64916	58	55	46	36	18	65	0	38
 64962	58	55	46	36	18	66	0	38
 65007	58	55	46	36	18	67	0	38
 65052	57	54	46	36	18	68	0	38
 65098	57	54	46	36	18	68	0	38
 65143	57	54	47	36	18	69	0	38
 65189	57	54	46	36	18	70	0	38
 65234	56	53	46	36	18	71	0	38
 65279	56	53	46	36	18	71	0	38
 65325	56	53	46	36	18	72	0	38
 65370	56	53	46	36	18	73	0	38
 65415	56	53	46	36	18	74	0	38
 65461	56	53	46	32	18	74	0	38
 65506	56	52	46	32	18	75	0	38
 65551	59	52	46	32	18	76	0	38
 65597	61	52	46	32	18	77	0	38
 65642	63	52	46	32	18	77	0	38
 65687	64	52	46	32	18	78	0	38
 65733	65	52	46	36	18	79	0	38
 65778	63	51	46	36	18	80	0	38
 65823	61	51	46	36	18	80	0	38
 65869	59	52	47	36	18	81	0	38
 65914	58	51	46	36	18	82	0	38
 65959	58	51	46	36	18	83	0	38
 66005	57	51	46	36	18	83	0	38
 66050	57	51	46	36	18	84	0	38
 66096	56	51	46	36	18	85	0	38
 66141	56	51	46	36	18	86	0	38
 66186	56	51	46	36	18	86	0	38
 66232	56	50	46	36	18	87	0	38
 66277	55	50	46	36	18	88	0	38
 66322	55	50	46	36	18	89	0	38
 66368	55	50	46	36	18	89	0	38
 66413	55	50	46	36	18	90	0	38
 66458	55	49	46	36	18	91	0	38
 66504	55	50	46	36	18	92	0	38
 66549	55	49	46	36	18	92	0	38
 66594	55	50	46	36	18	93	0	38
 66640	54	49	46	44	18	94	0	38
 66685	54	49	46	44	18	95	0	38
 66731	54	49	46	44	18	96	0	38
 66776	54	49	46	44	18	96	0	38
 66821	54	49	46	44	18	97	0	38
 66867	54	49	46	44	18	98	0	38
 66912	54	48	46	44	18	99	0	38
 66957	54	49	46	44	18	99	0	38
 67003	53	48	46	44	18	100	0	38
 67048	53	48	46	44	18	101	0	38
 67094	53	48	46	44	18	102	0	38
 67139	53	48	45	44	18	102	0	37
 67184	53	48	45	44	18	103	0	37
 67229	53	48	45	44	18	104	0	37
 67275	53	48	45	44	18	105	0	37
 67320	53	48	45	44	18	105	0	37
 67365	52	48	45	44	18	106	0	37
 67411	52	48	45	44	18	107	0	37
 67459	52	48	45	44	18	108	0	37
 67501	52	48	45	44	18	108	0	37
 67547	52	47	45	44	18	109	0	37
 67592	52	47	45	44	18	110	0	37
 67638	52	47	45	44	18	111	0	37
 67683	52	47	45	44	18	111	0	37
 67728	52	47	45	44	18	112	0	37
 67774	52	47	45	44	18	113	0	37
 67819	52	47	45	44	18	114	0	37
 67864	52	47	45	44	18	114	0	37
 67910	52	47	45	44	18	115	0	37
 67955	52	47	45	44	18	116	0	37
 68000	51	46	45	44	18	117	0	37
 68046	51	46	45	44	18	117	0	37
 68091	51	46	45	44	18	118	0	37
 68136	51	46	45	44	18	119	0	37
 68182	51	46	45	44	18	120	0	37
 68227	51	46	45	44	18	120	0	37
 68272	51	46	45	44	18	121	0	37
 68318	51	46	45	44	18	122	0	37
 68363	51	46	45	44	18	123	0	37
 68409	51	46	45	44	18	123	0	37
 68454	51	46	45	36	19	64	0	37
 68499	51	45	45	36	19	65	0	37
 68545	51	45	45	36	19	66	0	37
 68590	51	46	45	36	19	66	0	37
 68635	51	45	45	36	19	67	0	37
 68681	51	45	45	36	19	68	0	37
 68726	50	45	45	36	19	69	0	37
 68771	50	45	45	36	19	70	0	37
 68817	50	45	44	36	19	70	0	37
 68862	50	45	45	36	19	71	0	37
 68907	50	45	45	36	19	72	0	37
 68953	50	45	45	36	19	73	0	37
 68999	50	45	45	36	19	73	0	37
 69043	50	44	45	36	19	74	0	37
 69089	50	44	45	36	19	75	0	37
 69134	50	44	45	36	19	76	0	37
 69180	50	44	45	36	19	76	0	37
 69225	50	44	45	36	19	77	0	37
 69270	50	45	45	36	19	78	0	37
 69316	50	44	45	36	19	79	0	37
 69361	50	44	45	36	19	79	0	37
 69406	50	44	45	36	19	80	0	37
 69454	50	44	45	36	19	81	0	37
 69497	50	44	45	36	19	82	0	37
 69542	49	44	44	36	19	82	0	37
 69588	49	44	45	36	19	83	0	37
 69634	49	44	44	36	19	84	0	37
 69678	49	44	44	36	19	85	0	37
 69724	49	44	44	36	19	85	0	37
 69769	49	44	44	36	19	86	0	37
 69814	49	44	44	36	19	87	0	37
 69860	49	44	44	36	19	88	0	37
 69905	49	43	44	36	19	88	0	37
 69950	49	43	45	36	19	89	0	37
 69996	49	43	44	36	19	90	0	36
 70041	49	43	44	36	19	91	0	36
 70087	49	43	44	36	19	91	0	36
 70132	49	43	44	36	19	92	0	36
 70177	48	43	44	36	19	93	0	36
 70223	48	43	44	44	19	94	0	36
 70268	48	43	44	44	19	94	0	36
 70313	48	43	44	44	19	95	0	36
 70359	48	43	44	44	19	96	0	36
 70404	48	43	44	44	19	97	0	36
 70449	48	42	44	44	19	97	0	36
 70495	48	43	44	44	19	98	0	36
 70540	48	42	44	44	19	99	0	36
 70585	48	43	44	44	19	100	0	36
 70631	48	42	44	44	19	100	0	36
 70676	48	42	44	44	19	101	0	36
 70721	48	42	44	44	19	102	0	36
 70767	48	42	44	44	19	103	0	36
 70812	48	42	44	44	19	104	0	36
 70858	48	42	44	44	19	104	0	36
 70903	47	42	44	44	19	105	0	36
 70948	47	42	44	44	19	106	0	36
 70994	47	42	44	44	19	107	0	36
 71039	47	42	44	44	19	107	0	36
 71084	47	42	44	44	19	108	0	36
 71130	47	42	44	44	19	109	0	36
 71175	47	42	44	44	19	110	0	36
 71220	47	42	44	44	19	110	0	36
 71266	47	42	44	44	19	111	0	36
 71311	47	42	44	44	19	112	0	36
 71356	47	42	44	44	19	113	0	36
 71402	47	42	44	44	19	113	0	36
 71447	47	42	44	44	19	114	0	36
 71492	47	42	44	44	19	115	0	36
 71538	47	42	44	44	19	116	0	36
 71583	46	42	44	44	19	116	0	36
 71628	47	42	44	44	19	117	0	36
 71674	46	42	44	44	19	118	0	36
 71719	47	41	44	44	19	119	0	36
 71765	46	41	44	44	19	119	0	36
 71810	46	41	44	44	19	120	0	36
 71855	46	41	44	44	19	121	0	36
 71901	46	41	44	44	19	122	0	36
 71946	46	41	44	44	19	122	0	36
 71991	46	41	44	44	19	123	0	36
 72037	46	41	44	39	20	64	0	36
 72082	48	41	44	39	20	65	0	36
 72127	64	41	44	39	20	65	0	36
 72173	80	42	44	39	20	66	0	36
 72218	82	44	44	39	20	67	0	36
 72263	80	49	44	39	20	68	0	36
 72309	69	52	44	35	20	68	0	36
 72354	60	54	44	35	20	69	0	36
 72399	56	55	44	35	20	70	0	36
 72445	54	53	44	35	20	71	0	36
 72490	52	52	44	35	20	71	0	36
 72535	52	51	44	35	20	72	0	36
 72581	51	51	44	35	20	73	0	36
 72626	51	51	44	35	20	74	0	36
 72672	51	51	44	35	20	74	0	36
 72717	57	51	44	35	20	75	0	36
 72762	72	51	44	35	20	76	0	36
 72808	82	52	44	35	20	77	0	36
 72853	85	55	44	35	20	78	0	36
 72898	86	59	43	35	20	78	0	36
 72944	85	62	43	35	20	79	0	36
 72989	85	64	44	35	20	80	0	36
 73034	84	65	43	35	20	81	0	36
 73080	80	66	44	35	20	81	0	36
 73125	83	67	43	35	20	82	0	36
 73170	85	68	44	35	20	83	0	36
 73216	86	69	43	35	20	84	0	36
 73261	85	71	44	35	20	84	0	36
 73306	87	72	44	35	20	85	0	36
 73352	86	73	43	35	20	86	0	36
 73397	85	74	44	35	20	87	0	36
 73442	86	74	44	35	20	87	0	36
 73488	84	75	44	35	20	88	0	36
 73533	85	76	44	35	20	89	0	36
 73578	85	76	44	35	20	90	0	37
 73624	86	77	44	39	20	90	0	37
 73669	87	77	44	39	20	91	0	37
 73715	87	78	44	39	20	92	0	37
 73760	88	78	44	39	20	93	0	37
 73805	87	79	43	39	20	93	0	37
 73851	85	80	43	47	20	94	0	37
 73896	85	80	43	47	20	95	0	37
 73941	85	80	43	47	20	96	0	37
 73987	84	80	43	47	20	96	0	37
 74032	84	80	43	47	20	97	0	37
 74077	84	80	43	47	20	98	0	37
 74123	84	80	43	47	20	99	0	37
 74168	85	80	44	47	20	99	0	37
 74213	86	80	44	47	20	100	0	37
 74259	85	80	44	47	20	101	0	37
 74304	85	81	44	47	20	102	0	37
 74349	85	81	44	43	20	102	0	37
 74395	82	81	43	43	20	103	0	37
 74440	81	81	43	43	20	104	0	37
 74485	81	81	43	43	20	105	0	37
 74531	85	80	44	43	20	105	0	37
 74576	85	79	43	43	20	106	0	37
 74622	85	80	43	43	20	107	0	37
 74667	86	81	43	43	20	108	0	37
 74712	87	81	43	47	20	108	0	37
 74758	87	81	43	47	20	109	0	38
 74803	87	82	43	47	20	110	0	38
 74848	88	82	43	47	20	111	0	38
 74894	88	82	43	47	20	112	0	38
 74939	88	82	44	47	20	112	0	38
 74984	86	82	43	47	20	113	0	38
 75030	85	83	43	47	20	114	0	38
 75075	84	82	44	47	20	115	0	38
 75120	86	82	43	47	20	115	0	38
 75166	87	82	43	47	20	116	0	38
 75211	88	82	43	47	20	117	0	38
 75256	87	82	43	47	20	118	0	38
 75305	86	83	43	47	20	118	0	38
 75347	85	83	43	47	20	119	0	38
 75392	84	83	43	47	20	120	0	38
 75438	84	83	43	47	20	121	0	38
 75483	87	82	43	47	20	121	0	38
 75529	87	82	43	47	20	122	0	38
 75574	88	82	43	47	20	123	0	38
 75619	88	83	43	7	21	64	0	38
 75665	85	83	43	3	21	64	0	38
 75710	83	84	43	3	21	65	0	38
 75755	83	84	43	3	21	66	0	38
 75801	84	83	43	3	21	67	0	38
 75846	87	82	43	3	21	67	0	38
 75891	86	81	44	3	21	68	0	38
 75937	86	82	43	3	21	69	0	38
 75982	86	82	43	7	21	70	0	38
 76027	86	78	43	7	21	70	0	38
 76073	86	76	43	7	21	71	0	38
 76118	86	75	43	7	21	72	0	39
 76163	86	75	43	7	21	73	0	39
 76209	87	75	43	7	21	73	0	39
 76254	88	75	43	7	21	74	0	39
 76299	86	76	43	7	21	75	0	39
 76345	86	77	43	7	21	76	0	39
 76390	87	77	44	7	21	76	0	39
 76435	85	78	44	7	21	77	0	39
 76481	87	79	43	7	21	78	0	39
 76526	83	80	44	3	21	79	0	39
 76572	81	80	43	3	21	79	0	39
 76617	79	80	43	3	21	80	0	39
 76662	79	79	43	3	21	81	0	39
 76708	85	79	43	3	21	82	0	39
 76753	85	78	43	3	21	83	0	39
 76798	86	79	43	3	21	83	0	39
 76844	87	80	43	3	21	84	0	39
 76889	88	80	43	7	21	85	0	39
 76934	88	81	43	7	21	86	0	39
 76980	88	81	43	7	21	86	0	39
 77025	86	82	43	7	21	87	0	39
 77070	85	82	43	7	21	88	0	39
 77116	85	82	43	7	21	89	0	39
 77161	85	82	43	7	21	89	0	39
 77206	87	81	43	7	21	90	0	39
 77252	86	81	43	7	21	91	0	39
 77297	86	82	43	7	21	92	0	39
 77342	86	82	43	7	21	92	0	39
 77388	85	82	43	7	21	93	0	39
 77433	85	82	43	15	21	94	0	39
 77479	85	82	43	15	21	95	0	39
 77524	85	82	43	15	21	95	0	39
 77569	86	82	43	15	21	96	0	39
 77615	88	82	43	15	21	97	0	39
 77660	88	82	43	15	21	98	0	39
 77705	86	82	43	15	21	98	0	39
 77751	85	83	43	15	21	99	0	39
 77796	84	83	43	11	21	100	0	39
 77841	82	82	43	11	21	101	0	39
 77887	81	82	43	11	21	101	0	39
 77932	84	81	43	11	21	102	0	39
 77977	86	80	43	11	21	103	0	39
 78023	86	80	43	11	21	104	0	39
 78068	87	81	43	11	21	104	0	39
 78113	87	81	43	15	21	105	0	39
 78159	88	82	43	15	21	106	0	39
 78204	88	82	43	15	21	107	0	39
 78249	88	83	43	15	21	107	0	39
 78295	88	83	43	15	21	108	0	39
 78340	88	83	43	15	21	109	0	39
 78386	86	83	43	15	21	110	0	39
 78431	85	83	43	15	21	110	0	39
 78476	85	83	43	15	21	111	0	39
 78522	87	82	43	15	21	112	0	39
 78567	88	82	43	15	21	113	0	39
 78612	88	83	43	15	21	113	0	39
 78658	86	83	43	15	21	114	0	39
 78703	86	83	43	15	21	115	0	39
 78748	85	83	43	15	21	116	0	39
 78794	85	83	43	15	21	117	0	39
 78839	88	82	43	15	21	117	0	39
 78884	88	82	43	15	21	118	0	39
 78930	88	83	43	15	21	119	0	39
 78975	86	83	43	15	21	120	0	39
 79020	85	83	43	15	21	120	0	39
 79066	85	83	43	11	21	121	0	39
 79111	82	82	43	11	21	122	0	40
 79156	81	82	43	11	21	123	0	39
 79202	83	81	43	11	21	123	0	40
 79247	87	80	43	35	22	64	0	40
 79293	86	80	43	35	22	65	0	40
 79338	87	81	43	35	22	66	0	40
 79383	87	81	43	39	22	66	0	40
 79429	88	81	43	39	22	67	0	40
 79474	88	82	43	39	22	68	0	40
 79519	89	82	43	39	22	69	0	40
 79565	89	83	43	39	22	69	0	40
 79610	89	83	43	39	22	70	0	40
 79655	87	83	43	39	22	71	0	40
 79701	86	83	43	39	22	72	0	40
 79746	85	83	43	39	22	72	0	40
 79791	86	82	43	39	22	73	0	40
 79837	88	82	43	39	22	74	0	40
 79882	88	82	43	39	22	75	0	40
 79927	87	82	43	39	22	75	0	40
 79973	86	82	43	39	22	76	0	40
 80018	85	83	43	39	22	77	0	40
 80063	87	82	43	39	22	78	0	40
 80109	88	82	43	39	22	78	0	40
 80154	88	82	44	39	22	79	0	40
 80200	89	82	43	39	22	80	0	40
 80245	85	83	43	35	22	81	0	40
 80290	83	83	43	35	22	81	0	40
 80336	81	82	43	35	22	82	0	40
 80381	82	81	43	35	22	83	0	40
 80426	87	80	43	35	22	84	0	40
 80472	86	80	43	35	22	84	0	40
 80517	87	81	43	35	22	85	0	40
 80562	88	81	43	39	22	86	0	40
 80608	88	82	43	39	22	87	0	40
 80653	88	83	43	39	22	87	0	40
 80698	86	83	43	39	22	88	0	40
 80744	86	83	43	39	22	89	0	40
 80789	85	83	43	39	22	90	0	40
 80834	87	82	43	39	22	91	0	40
 80880	88	82	43	39	22	91	0	40
 80925	89	82	43	39	22	92	0	40
 80970	87	83	43	39	22	93	0	40
 81016	86	83	43	47	22	94	0	40
 81061	85	83	43	47	22	94	0	40
 81107	86	83	43	47	22	95	0	40
 81152	88	83	43	47	22	96	0	40
 81197	88	83	43	47	22	97	0	40
 81243	87	83	43	47	22	97	0	40
 81288	86	83	43	47	22	98	0	40
 81333	86	83	42	47	22	99	0	40
 81379	85	83	43	47	22	100	0	40
 81424	87	83	42	47	22	100	0	40
 81469	88	82	43	47	22	101	0	40
 81515	89	82	42	47	22	102	0	40
 81560	88	82	42	43	22	103	0	40
 81605	84	83	42	43	22	103	0	40
 81651	82	83	42	43	22	104	0	40
 81696	81	82	42	43	22	105	0	40
 81741	84	80	43	43	22	106	0	40
 81787	86	80	42	43	22	106	0	40
 81832	86	80	42	43	22	107	0	40
 81877	87	81	42	43	22	108	0	40
 81923	88	81	42	47	22	109	0	40
 81968	88	81	42	47	22	109	0	40
 82014	89	82	42	47	22	110	0	40
 82059	88	82	43	47	22	111	0	40
 82104	86	83	43	47	22	112	0	40
 82150	86	83	43	47	22	112	0	40
 82195	86	82	43	47	22	113	0	40
 82240	88	82	42	47	22	114	0	40
 82286	88	82	43	47	22	115	0	40
 82331	87	83	43	47	22	115	0	40
 82376	86	83	42	47	22	116	0	40
 82422	86	83	42	47	22	117	0	40
 82467	86	83	43	47	22	118	0	40
 82512	85	83	43	47	22	118	0	40
 82558	85	83	43	47	22	119	0	40
 82603	85	83	43	47	22	120	0	40
 82648	85	83	43	47	22	121	0	40
 82694	87	83	43	47	22	121	0	40
 82739	89	83	44	47	22	122	0	40
 82784	88	83	42	47	22	123	0	40
 82830	87	84	43	7	23	64	0	40
 82875	85	84	43	3	23	65	0	40
 82920	83	84	43	3	23	65	0	40
 82966	82	83	43	3	23	66	0	40
 83011	85	82	43	3	23	67	0	40
 83057	87	81	43	3	23	68	0	40
 83102	86	81	43	3	23	68	0	40
 83147	87	82	43	3	23	69	0	40
 83193	88	83	43	7	23	70	0	40
 83238	88	83	43	7	23	71	0	40
 83283	89	84	43	7	23	71	0	40
 83329	87	84	43	7	23	72	0	40
 83374	86	84	43	7	23	73	0	40
 83419	85	85	43	7	23	74	0	40
 83465	87	84	43	7	23	74	0	40
 83510	88	83	43	7	23	75	0	40
 83555	89	83	43	7	23	76	0	40
 83605	88	84	43	7	23	77	0	40
 83646	86	85	43	7	23	77	0	40
 83691	86	85	43	7	23	78	0	40
 83737	85	84	43	7	23	79	0	40
 83782	88	84	43	7	23	80	0	40
 83827	88	83	42	7	23	80	0	40
 83873	89	84	42	7	23	81	0	40
 83918	86	85	43	7	23	82	0	40
 83963	86	85	43	7	23	83	0	40
 84009	86	85	42	7	23	83	0	40
 84054	88	84	42	7	23	84	0	40
 84100	88	84	42	7	23	85	0	40
 84145	89	84	42	7	23	86	0	40
 84190	89	85	42	7	23	86	0	40
 84236	89	85	42	7	23	87	0	40
 84281	86	85	42	7	23	88	0	40
 84326	85	85	42	7	23	89	0	40
 84372	86	85	42	7	23	89	0	40
 84417	87	84	42	7	23	90	0	40
 84462	88	84	42	7	23	91	0	40
 84508	86	84	42	3	23	92	0	40
 84553	84	85	43	3	23	92	0	40
 84598	84	85	43	3	23	93	0	40
 84644	87	84	43	11	23	94	0	40
 84689	87	83	43	11	23	95	0	40
 84734	87	83	43	11	23	96	0	40
 84780	88	84	43	15	23	96	0	40
 84825	88	84	43	15	23	97	0	40
 84870	88	84	43	15	23	98	0	40
 84920	89	85	43	15	23	99	0	40
 84961	89	85	43	15	23	99	0	40
 85007	89	85	43	15	23	100	0	40
 85052	89	85	43	15	23	101	0	40
 85097	89	85	43	15	23	102	0	40
 85143	88	86	43	15	23	102	0	40
 85188	86	86	43	15	23	103	0	40
 85233	88	86	43	15	23	104	0	40
 85279	88	85	43	15	23	105	0	40
 85324	88	85	43	15	23	105	0	40
 85369	88	85	43	15	23	106	0	40
 85415	88	85	43	15	23	107	0	40
 85460	88	85	43	15	23	108	0	40
 85505	88	85	43	15	23	108	0	40
 85551	88	85	43	15	23	109	0	40
 85596	88	85	43	15	23	110	0	40
 85641	88	85	43	15	23	111	0	40
 85687	88	85	43	15	23	111	0	40
 85732	88	85	43	15	23	112	0	40
 85777	87	85	43	15	23	113	0	40
 85823	87	85	43	15	23	114	0	40
 85868	87	85	43	15	23	114	0	40
 85914	87	85	43	15	23	115	0	40
 85959	87	85	43	15	23	116	0	40
 86004	87	85	43	15	23	117	0	39
 86050	87	85	43	15	23	117	0	40
 86095	86	84	43	15	23	118	0	40
 86140	86	84	43	15	23	119	0	39
 86186	86	84	43	11	23	120	0	39
 86231	84	84	43	11	23	120	0	39
 86276	83	84	43	11	23	121	0	39
 86326	86	84	43	11	23	122	0	39
 86367	88	82	42	11	23	123	0	39
