HomeCentral
 Falkenstrasse 20
 8630 Rueti
 Datum: 24.09.14 00:00
 
 Startzeit: 2014-09-24 00:00:33 +0100
 124	53	41	54	0	0	65	0	39
 215	60	41	55	0	0	67	0	39
 260	61	41	55	4	0	68	0	39
 305	62	41	55	4	0	68	0	39
 351	58	41	54	4	0	69	0	39
 396	55	41	55	4	0	70	0	39
 441	53	41	54	4	0	71	0	39
 487	51	41	55	4	0	71	0	39
 532	51	41	54	4	0	72	0	39
 577	50	41	54	4	0	73	0	39
 623	50	41	54	4	0	74	0	39
 668	49	41	54	4	0	75	0	39
 804	49	41	54	4	0	77	0	39
 849	49	41	54	4	0	78	0	39
 895	49	41	54	4	0	78	0	39
 940	49	41	54	4	0	79	0	39
 986	49	41	54	4	0	80	0	39
 1031	49	41	54	4	0	81	0	39
 1076	49	41	54	4	0	81	0	39
 1122	49	41	54	4	0	82	0	39
 1167	49	41	54	4	0	83	0	39
 1212	48	41	54	4	0	84	0	39
 1258	48	41	54	4	0	84	0	39
 1303	48	41	54	4	0	85	0	39
 1348	48	41	54	4	0	86	0	39
 1394	48	41	54	4	0	87	0	39
 1442	48	41	54	4	0	87	0	39
 1484	48	41	54	4	0	88	0	39
 1530	48	41	54	4	0	89	0	39
 1620	48	41	54	4	0	90	0	39
 1666	48	41	54	4	0	91	0	39
 1711	48	41	54	4	0	92	0	39
 1756	48	41	54	4	0	93	0	39
 1802	48	41	54	4	0	93	0	39
 1847	48	41	54	12	0	94	0	39
 1893	48	41	54	12	0	95	0	39
 1938	48	41	54	12	0	96	0	39
 1984	48	41	54	12	0	96	0	39
 2029	48	41	54	12	0	97	0	39
 2075	48	41	54	12	0	98	0	39
 2119	48	41	54	12	0	99	0	39
 2165	48	41	54	12	0	99	0	39
 2210	48	41	54	12	0	100	0	39
 2255	48	41	54	12	0	101	0	39
 2301	48	41	54	12	0	102	0	39
 2350	48	41	54	12	0	102	0	39
 2391	48	41	54	12	0	103	0	39
 2437	49	41	54	12	0	104	0	39
 2482	49	41	54	12	0	105	0	39
 2527	49	41	54	12	0	105	0	39
 2573	49	41	54	12	0	106	0	39
 2618	49	41	54	12	0	107	0	39
 2664	49	41	54	12	0	108	0	39
 2709	49	41	54	12	0	108	0	39
 2754	49	41	54	12	0	109	0	39
 2800	49	41	54	12	0	110	0	39
 2845	49	41	54	12	0	111	0	39
 2890	49	41	54	12	0	112	0	39
 2936	49	41	54	12	0	112	0	39
 2981	49	41	54	12	0	113	0	39
 3026	49	41	54	12	0	114	0	39
 3072	49	41	54	12	0	115	0	39
 3117	49	41	54	12	0	115	0	39
 3162	49	41	54	12	0	116	0	39
 3208	49	41	54	12	0	117	0	39
 3298	49	41	54	12	0	118	0	39
 3344	49	41	53	12	0	119	0	39
 3389	49	41	54	12	0	120	0	39
 3525	49	41	53	12	0	122	0	39
 3572	49	41	53	12	0	123	0	39
 3616	49	41	53	4	1	64	0	39
 3661	49	41	53	4	1	64	0	39
 3707	49	41	53	4	1	65	0	39
 3752	49	41	53	4	1	66	0	39
 3797	49	41	53	4	1	67	0	39
 3843	49	41	53	4	1	67	0	39
 3888	49	41	53	4	1	68	0	39
 3933	49	41	53	4	1	69	0	39
 3979	49	41	54	4	1	70	0	39
 4024	49	41	53	4	1	70	0	39
 4070	49	41	53	4	1	71	0	39
 4115	49	41	54	4	1	72	0	39
 4160	49	41	53	4	1	73	0	39
 4206	49	41	54	4	1	73	0	39
 4251	49	42	54	4	1	74	0	39
 4296	49	41	54	4	1	75	0	39
 4342	49	42	54	4	1	76	0	39
 4387	49	41	54	4	1	76	0	39
 4432	49	41	54	4	1	77	0	39
 4478	49	41	54	4	1	78	0	39
 4523	49	41	54	4	1	79	0	39
 4568	49	41	54	4	1	79	0	39
 4614	49	41	54	4	1	80	0	39
 4659	49	41	54	4	1	81	0	39
 4704	49	41	54	4	1	82	0	39
 4753	48	42	54	4	1	83	0	39
 4795	49	41	54	4	1	83	0	39
 4840	49	41	54	4	1	84	0	39
 4886	49	41	54	4	1	85	0	39
 4931	48	41	54	4	1	86	0	39
 4976	49	41	54	4	1	86	0	39
 5022	49	41	54	4	1	87	0	39
 5113	48	41	53	4	1	89	0	39
 5244	48	41	53	4	1	89	0	39
 5312	48	41	53	4	1	92	0	39
 5392	48	41	53	4	1	93	0	39
 5433	48	41	53	12	1	94	0	39
 5478	48	41	53	12	1	95	0	39
 5520	48	41	53	12	1	95	0	39
 5566	48	41	53	12	1	96	0	39
 6238	48	41	53	12	1	97	0	39
 6258	48	41	53	12	1	107	0	39
 6459	48	41	53	12	1	110	0	39
 6531	48	41	53	12	1	112	0	39
 6576	48	41	53	12	1	113	0	39
 6617	48	41	53	12	1	113	0	39
 6655	48	41	53	12	1	114	0	39
 6706	48	41	53	12	1	115	0	39
 6744	48	41	53	12	1	116	0	39
 6789	48	41	53	12	1	116	0	39
 6835	48	41	53	12	1	117	0	39
 6881	48	41	53	12	1	118	0	39
 6925	48	41	53	12	1	119	0	39
 6971	48	41	53	12	1	120	0	39
 7023	48	41	54	12	1	120	0	39
 7061	48	41	53	12	1	121	0	39
 7107	48	41	53	12	1	122	0	39
 7152	48	41	53	12	1	123	0	39
 7198	48	41	53	12	1	123	0	39
 7243	48	41	53	4	2	64	0	39
 7288	48	41	53	4	2	65	0	39
 7334	48	41	53	4	2	66	0	39
 7379	48	41	53	4	2	66	0	39
 7424	48	41	53	4	2	67	0	39
 7470	48	41	53	4	2	68	0	39
 7515	48	41	53	4	2	69	0	39
 7560	48	41	53	4	2	69	0	39
 7606	48	41	53	4	2	70	0	39
 7651	48	41	53	4	2	71	0	39
 7696	48	41	53	4	2	72	0	39
 7742	48	41	53	4	2	72	0	39
 7787	48	41	53	4	2	73	0	39
 7833	48	41	53	4	2	74	0	39
 7878	48	41	53	4	2	75	0	39
 7923	48	41	53	4	2	75	0	39
 7969	48	41	53	4	2	76	0	39
 8015	48	41	53	4	2	77	0	39
 8059	48	41	53	4	2	78	0	39
 8105	48	41	53	4	2	78	0	39
 8150	48	41	52	4	2	79	0	39
 8195	48	41	53	4	2	80	0	39
 8241	48	41	53	4	2	81	0	39
 8286	48	40	53	4	2	81	0	39
 8377	48	41	52	4	2	83	0	39
 8422	48	41	53	4	2	84	0	39
 8467	48	41	53	4	2	84	0	39
 8513	48	41	53	4	2	85	0	39
 8558	48	41	52	4	2	86	0	39
 8603	48	41	52	4	2	87	0	39
 8649	48	41	52	4	2	87	0	39
 8694	48	41	52	4	2	88	0	39
 8740	48	41	52	4	2	89	0	39
 8785	48	41	53	4	2	90	0	39
 8830	48	41	52	4	2	91	0	39
 8876	48	41	52	4	2	91	0	39
 8876	48	41	52	4	2	91	0	39
 8921	48	41	53	4	2	92	0	39
 8966	48	41	52	4	2	93	0	39
 9102	47	41	53	12	2	95	0	38
 9148	47	41	53	12	2	96	0	39
 9193	47	41	53	12	2	97	0	38
 9238	48	41	52	12	2	97	0	39
 9284	48	41	52	12	2	98	0	38
 9329	47	41	52	12	2	99	0	39
 9374	48	41	52	12	2	100	0	38
 9420	47	41	52	12	2	100	0	38
 9465	47	41	53	12	2	101	0	38
 9510	47	41	52	12	2	102	0	38
 9556	47	41	52	12	2	103	0	38
 9601	47	41	52	12	2	103	0	38
 9647	47	41	53	12	2	104	0	38
 9692	47	41	52	12	2	105	0	38
 9737	47	41	52	12	2	106	0	38
 9783	47	41	52	12	2	106	0	38
 9828	47	41	52	12	2	107	0	38
 9873	47	41	52	12	2	108	0	38
 9964	47	41	52	12	2	109	0	38
 10009	47	41	52	12	2	110	0	38
 10055	47	41	52	12	2	111	0	38
 10100	47	41	52	12	2	112	0	38
 10146	47	41	52	12	2	112	0	38
 10191	47	41	52	12	2	113	0	38
 10236	47	40	52	12	2	114	0	38
 10281	47	40	52	12	2	115	0	38
 10327	47	41	52	12	2	115	0	38
 10372	47	41	52	12	2	116	0	38
 10418	47	41	52	12	2	117	0	38
 10463	47	41	52	12	2	118	0	38
 10508	47	40	52	12	2	118	0	38
 10557	47	41	52	12	2	119	0	38
 10599	47	40	52	12	2	120	0	38
 10644	47	40	52	12	2	121	0	38
 10690	47	41	52	12	2	121	0	38
 10735	47	40	52	12	2	122	0	38
 10780	47	40	52	12	2	123	0	38
 10826	47	40	52	4	3	64	0	38
 10916	47	40	52	4	3	65	0	38
 10962	47	40	52	4	3	66	0	38
 11007	47	40	52	4	3	67	0	38
 11052	47	40	52	4	3	68	0	38
 11098	47	40	52	4	3	68	0	38
 11143	47	40	52	4	3	69	0	38
 11189	47	41	52	4	3	70	0	38
 11234	47	40	52	4	3	71	0	38
 11279	47	40	52	4	3	71	0	38
 11325	47	40	52	4	3	72	0	38
 11370	47	40	52	4	3	73	0	38
 11415	47	40	52	4	3	74	0	38
 11461	47	40	52	4	3	74	0	38
 11510	47	40	52	4	3	75	0	38
 11551	47	40	52	4	3	76	0	38
 11597	47	40	52	4	3	77	0	38
 11642	47	40	52	4	3	77	0	38
 11687	47	40	52	4	3	78	0	38
 11733	47	40	52	4	3	79	0	38
 11778	47	40	52	4	3	80	0	38
 11824	47	40	52	4	3	80	0	38
 11869	47	40	52	7	30	80	0	38
 11914	44	40	52	4	3	82	0	38
 11959	43	40	52	4	3	83	0	38
 12005	43	40	52	4	3	83	0	38
 12050	44	40	52	4	3	84	0	38
 12096	44	40	52	4	3	85	0	38
 12141	45	40	52	4	3	86	0	38
 12186	45	40	52	4	3	86	0	38
 12232	46	40	52	4	3	87	0	38
 12277	46	40	52	4	3	88	0	38
 12322	46	40	52	4	3	89	0	38
 12416	47	40	52	4	3	90	0	38
 12458	47	40	52	4	3	91	0	38
 12504	47	40	52	4	3	92	0	38
 12549	47	40	52	4	3	92	0	38
 12594	47	40	51	4	3	93	0	38
 12640	47	40	51	12	3	94	0	38
 12685	47	40	52	12	3	95	0	38
 12730	47	40	51	12	3	96	0	38
 12776	47	40	52	12	3	96	0	38
 12821	47	40	51	12	3	97	0	38
 12866	47	40	52	12	3	98	0	38
 12912	47	40	52	12	3	99	0	38
 12957	47	40	51	12	3	99	0	38
 13003	47	40	51	12	3	100	0	38
 13048	47	40	51	12	3	101	0	38
 13093	47	40	51	12	3	102	0	38
 13139	47	40	51	12	3	102	0	38
 13185	47	40	51	12	3	103	0	38
 13229	47	40	51	12	3	104	0	38
 13275	47	40	51	12	3	105	0	38
 13320	47	40	51	12	3	105	0	38
 13365	47	40	51	12	3	106	0	38
 13411	47	40	51	12	3	107	0	38
 13456	47	40	51	12	3	108	0	38
 13501	47	40	51	12	3	108	0	38
 13547	47	40	51	12	3	109	0	38
 13592	47	40	51	12	3	110	0	38
 13637	47	40	51	12	3	111	0	38
 13683	47	40	51	12	3	111	0	38
 13728	47	40	51	12	3	112	0	38
 13774	47	40	51	12	3	113	0	38
 13864	47	40	51	12	3	114	0	38
 13910	47	40	51	12	3	115	0	38
 13955	47	40	51	12	3	116	0	38
 14000	47	40	51	12	3	117	0	38
 14046	47	40	51	12	3	117	0	38
 14091	47	40	51	12	3	118	0	38
 14136	47	40	51	12	3	119	0	38
 14182	47	40	51	12	3	120	0	38
 14227	47	40	51	12	3	120	0	38
 14272	47	40	51	12	3	121	0	38
 14318	47	40	51	12	3	122	0	38
 14408	47	40	51	12	3	123	0	38
 14454	47	40	51	4	4	64	0	38
 14499	47	40	51	4	4	65	0	38
 14544	47	40	51	4	4	66	0	38
 14590	47	40	51	4	4	66	0	38
 14635	47	40	51	4	4	67	0	38
 14680	46	40	51	4	4	68	0	38
 14726	46	40	52	4	4	69	0	38
 14771	46	40	52	4	4	70	0	38
 14817	46	40	52	4	4	70	0	38
 14862	46	40	52	4	4	71	0	38
 14907	46	40	51	4	4	72	0	38
 14953	46	40	51	4	4	73	0	38
 14998	46	40	52	4	4	73	0	38
 15043	46	40	52	4	4	74	0	38
 15089	46	40	52	4	4	75	0	38
 15134	46	40	52	4	4	76	0	38
 15179	46	40	52	4	4	76	0	38
 15225	46	40	52	4	4	77	0	38
 15270	46	40	51	4	4	78	0	38
 15315	46	40	51	4	4	79	0	38
 15361	46	40	51	4	4	79	0	38
 15406	46	40	51	4	4	80	0	38
 15451	46	40	51	4	4	81	0	38
 15497	46	40	51	4	4	82	0	38
 15542	46	40	51	4	4	82	0	38
 15588	46	40	51	4	4	83	0	38
 15679	46	40	52	4	4	85	0	38
 15724	46	40	51	4	4	85	0	38
 15769	46	40	51	4	4	86	0	38
 15814	45	40	51	4	4	87	0	38
 15860	46	40	51	4	4	88	0	38
 15905	46	40	51	4	4	88	0	38
 15950	46	40	51	4	4	89	0	38
 15996	46	40	51	4	4	90	0	38
 16041	46	40	51	4	4	91	0	38
 16090	45	40	51	4	4	91	0	38
 16132	46	39	51	4	4	92	0	38
 16177	46	40	51	4	4	93	0	38
 16222	46	40	51	12	4	94	0	38
 16268	45	40	51	12	4	94	0	38
 16313	46	40	51	12	4	95	0	38
 16358	45	39	51	12	4	96	0	38
 16404	46	39	51	12	4	97	0	38
 16449	46	40	51	12	4	97	0	38
 16540	46	39	51	12	4	99	0	38
 16585	45	39	51	12	4	100	0	38
 16631	45	40	51	12	4	100	0	38
 16721	46	39	51	12	4	102	0	38
 16767	45	39	51	12	4	103	0	38
 16812	45	40	51	12	4	104	0	38
 16857	46	40	51	8	4	104	0	38
 16903	45	40	51	8	4	105	0	38
 16948	45	39	51	8	4	106	0	38
 16994	46	39	51	8	4	107	0	38
 17039	50	39	51	8	4	107	0	38
 17084	54	39	51	8	4	108	0	38
 17130	58	39	51	8	4	109	0	38
 17175	60	39	51	8	4	110	0	38
 17220	61	39	52	12	4	110	0	38
 17266	59	39	51	12	4	111	0	38
 17311	55	39	51	12	4	112	0	38
 17356	52	39	50	12	4	113	0	38
 17457	50	40	50	12	4	114	0	38
 17492	49	40	50	12	4	115	0	38
 17538	49	39	51	12	4	116	0	38
 17583	48	40	51	12	4	116	0	38
 17628	48	39	51	12	4	117	0	38
 17674	48	40	50	12	4	118	0	38
 17719	48	40	51	12	4	119	0	38
 17764	48	40	51	12	4	119	0	38
 17810	48	39	51	12	4	120	0	38
 17855	48	40	50	12	4	121	0	38
 17900	48	40	50	12	4	122	0	38
 17946	48	40	51	12	4	122	0	38
 17991	48	40	50	12	4	123	0	38
 18082	47	40	51	4	5	65	0	38
 18127	47	39	50	4	5	65	0	38
 18172	47	39	50	4	5	66	0	38
 18218	47	40	50	4	5	67	0	38
 18263	47	40	50	4	5	68	0	38
 18309	47	39	51	4	5	68	0	38
 18354	47	40	50	4	5	69	0	38
 18399	47	40	50	4	5	70	0	38
 18445	47	40	50	4	5	71	0	38
 18490	47	40	51	4	5	71	0	38
 18535	47	40	50	4	5	72	0	38
 18581	47	40	50	4	5	73	0	38
 18626	46	40	50	4	5	74	0	38
 18671	47	40	50	4	5	74	0	38
 18717	47	40	50	4	5	75	0	38
 18762	46	40	50	4	5	76	0	38
 18808	47	40	50	4	5	77	0	38
 18853	46	40	50	4	5	78	0	38
 18898	47	40	50	4	5	78	0	38
 18943	47	40	50	4	5	79	0	38
 18989	47	40	50	4	5	80	0	38
 19034	47	40	51	4	5	81	0	38
 19080	47	40	50	4	5	81	0	38
 19125	47	40	50	4	5	82	0	38
 19170	47	40	50	4	5	83	0	38
 19216	47	40	50	4	5	84	0	38
 19261	47	40	50	4	5	84	0	38
 19306	47	40	50	4	5	85	0	38
 19352	47	40	50	4	5	86	0	38
 19397	47	40	50	4	5	87	0	38
 19442	48	40	50	4	5	87	0	38
 19488	48	40	50	4	5	88	0	38
 19533	48	40	50	4	5	89	0	38
 19579	48	40	50	4	5	90	0	38
 19624	48	40	50	4	5	90	0	38
 19669	48	40	50	4	5	91	0	38
 19715	48	40	50	4	5	92	0	38
 19760	48	40	50	4	5	93	0	38
 19805	48	40	50	4	5	93	0	38
 19851	48	40	50	12	5	94	0	38
 19896	48	40	50	12	5	95	0	38
 19987	48	40	50	12	5	96	0	38
 20032	48	40	51	12	5	97	0	38
 20077	48	40	50	12	5	98	0	38
 20123	48	40	51	12	5	99	0	38
 20168	48	40	50	12	5	99	0	38
 20213	48	40	51	12	5	100	0	38
 20259	48	40	51	12	5	101	0	38
 20304	48	40	50	12	5	102	0	38
 20349	48	40	50	12	5	102	0	38
 20395	48	40	50	12	5	103	0	38
 20441	48	40	50	12	5	104	0	38
 20486	48	40	50	12	5	105	0	38
 20531	48	40	50	12	5	105	0	38
 20576	48	40	50	12	5	106	0	38
 20712	48	40	50	12	5	108	0	38
 20758	48	40	50	12	5	109	0	38
 20803	48	40	50	12	5	110	0	38
 20848	48	40	50	12	5	111	0	38
 20894	48	40	50	12	5	112	0	38
 20939	48	40	50	12	5	112	0	38
 20984	48	40	50	12	5	113	0	38
 21030	48	40	50	12	5	114	0	38
 21075	48	40	50	12	5	115	0	38
 21120	48	40	50	12	5	115	0	38
 21166	48	40	50	12	5	116	0	38
 21211	48	40	50	12	5	117	0	38
 21256	48	40	50	12	5	118	0	38
 21302	48	40	50	12	5	118	0	38
 21347	48	40	50	12	5	119	0	38
 21393	48	40	50	12	5	120	0	38
 21438	47	40	50	12	5	121	0	38
 21483	47	40	50	12	5	121	0	38
 21574	48	40	50	12	5	123	0	38
 21619	48	40	50	4	6	64	0	38
 21665	48	40	50	4	6	64	0	38
 21710	47	40	50	4	6	65	0	38
 21755	47	40	50	4	6	66	0	38
 21801	47	40	50	4	6	67	0	38
 21846	47	40	50	4	6	67	0	38
 21891	47	40	50	4	6	68	0	38
 21937	47	40	50	4	6	69	0	38
 21982	47	40	50	4	6	70	0	37
 22027	47	40	50	4	6	70	0	38
 22073	47	40	50	4	6	71	0	37
 22118	47	40	50	4	6	72	0	38
 22164	47	40	50	4	6	73	0	37
 22209	47	40	50	4	6	73	0	37
 22254	47	40	50	4	6	74	0	38
 22299	47	40	50	4	6	75	0	37
 22345	47	40	50	4	6	76	0	38
 22390	47	40	50	4	6	76	0	37
 22436	47	40	50	4	6	77	0	37
 22481	47	40	50	4	6	78	0	37
 22526	47	40	50	4	6	79	0	37
 22572	47	40	50	4	6	79	0	37
 22617	47	40	50	4	6	80	0	37
 22662	47	40	50	4	6	81	0	37
 22708	47	40	50	4	6	82	0	37
 22753	47	40	51	4	6	83	0	37
 22798	47	40	50	4	6	83	0	37
 22844	47	40	50	4	6	84	0	37
 22889	47	40	49	4	6	85	0	37
 22934	47	40	50	4	6	86	0	37
 22980	47	40	50	4	6	86	0	37
 23025	47	40	50	4	6	87	0	37
 23071	47	40	50	4	6	88	0	37
 23116	47	40	50	4	6	89	0	37
 23161	47	40	49	4	6	89	0	37
 23207	47	40	50	4	6	90	0	37
 23269	47	40	50	4	6	91	0	37
 23297	47	40	50	4	6	92	0	37
 23343	47	40	50	4	6	92	0	37
 23388	47	40	50	4	6	93	0	37
 23479	47	40	50	12	6	95	0	37
 23524	47	40	50	12	6	95	0	37
 23569	47	40	50	12	6	96	0	37
 23615	47	40	49	12	6	97	0	37
 23705	47	40	50	12	6	98	0	37
 23751	47	39	50	12	6	99	0	37
 23796	47	40	50	12	6	100	0	37
 23841	47	40	50	12	6	101	0	37
 23887	47	40	49	12	6	101	0	37
 23932	47	40	51	12	6	102	0	37
 24023	47	40	50	12	6	104	0	37
 24068	47	40	50	12	6	104	0	37
 24114	47	40	49	12	6	105	0	37
 24159	47	40	49	12	6	106	0	37
 24204	47	40	49	12	6	107	0	37
 24250	47	40	49	12	6	107	0	37
 24295	47	40	49	12	6	108	0	37
 24340	47	40	50	12	6	109	0	37
 24386	47	40	49	12	6	110	0	37
 24431	47	39	49	12	6	110	0	37
 24476	47	40	49	12	6	111	0	37
 24522	47	40	49	12	6	112	0	37
 24567	47	40	50	12	6	113	0	37
 24612	47	40	49	12	6	113	0	37
 24658	47	40	49	12	6	114	0	37
 24703	47	40	49	12	6	115	0	37
 24748	47	40	50	12	6	116	0	37
 24794	47	40	49	12	6	117	0	37
 24839	47	39	49	12	6	117	0	37
 24884	47	40	51	12	6	118	0	37
 24930	47	40	49	12	6	119	0	37
 24975	47	40	49	12	6	120	0	37
 25021	47	40	49	12	6	120	0	37
 25066	47	40	49	12	6	121	0	37
 25111	47	40	49	12	6	122	0	37
 25157	47	39	49	12	6	123	0	37
 25202	47	40	49	12	6	123	0	37
 25247	47	40	49	4	7	64	0	37
 25293	47	39	49	4	7	65	0	37
 25338	47	40	49	4	7	66	0	37
 25429	47	40	50	4	7	67	0	37
 25474	47	40	49	4	7	68	0	37
 25519	47	40	49	4	7	69	0	37
 25565	46	39	49	4	7	69	0	37
 25610	47	39	49	4	7	70	0	37
 25655	46	40	49	4	7	71	0	37
 25701	46	39	49	4	7	72	0	37
 25746	47	39	49	4	7	72	0	37
 25791	46	40	49	4	7	73	0	37
 25837	46	39	49	4	7	74	0	37
 25882	47	39	49	4	7	75	0	37
 25928	46	40	49	4	7	75	0	37
 25973	46	39	49	4	7	76	0	37
 26018	46	40	49	4	7	77	0	37
 26064	46	39	49	4	7	78	0	37
 26109	46	39	49	4	7	78	0	37
 26154	46	40	49	4	7	79	0	37
 26200	46	39	49	4	7	80	0	37
 26245	46	39	49	4	7	81	0	37
 26290	46	39	49	4	7	81	0	37
 26336	46	39	49	4	7	82	0	37
 26381	46	39	49	4	7	83	0	37
 26426	46	39	49	4	7	84	0	37
 26472	46	39	49	4	7	84	0	37
 26517	46	39	49	4	7	85	0	37
 26562	46	39	49	4	7	86	0	37
 26608	46	39	49	4	7	87	0	37
 26657	46	39	49	4	7	87	0	37
 26707	46	39	49	4	7	88	0	37
 26756	46	40	49	4	7	89	0	37
 26793	46	39	49	4	7	90	0	37
 26835	46	39	49	4	7	91	0	37
 26880	46	39	49	4	7	91	0	37
 26925	46	39	49	4	7	92	0	37
 26971	46	39	49	4	7	93	0	37
 27016	46	39	49	12	7	94	0	37
 27061	46	39	49	12	7	94	0	37
 27107	46	39	49	12	7	95	0	37
 27197	46	39	49	12	7	97	0	37
 27288	46	39	49	12	7	98	0	37
 27333	46	39	49	12	7	99	0	37
 27379	46	39	49	12	7	100	0	37
 27424	46	39	49	12	7	100	0	37
 27469	46	39	49	12	7	101	0	37
 27515	46	39	49	12	7	102	0	37
 27560	46	39	49	12	7	103	0	37
 27605	46	39	49	12	7	103	0	37
 27651	46	39	49	12	7	104	0	37
 27696	46	39	49	12	7	105	0	37
 27742	46	39	49	12	7	106	0	37
 27787	46	39	49	12	7	106	0	37
 27832	46	39	49	12	7	107	0	37
 27878	46	39	49	12	7	108	0	37
 27923	46	39	49	12	7	109	0	37
 27968	46	39	49	12	7	109	0	37
 28014	46	39	50	12	7	110	0	37
 28059	46	39	49	12	7	111	0	37
 28104	46	40	49	12	7	112	0	37
 28150	46	39	49	12	7	112	0	37
 28196	46	39	49	12	7	113	0	37
 28240	46	39	49	12	7	114	0	37
 28331	46	39	49	12	7	115	0	37
 28376	46	39	49	12	7	116	0	37
 28422	46	39	49	12	7	117	0	37
 28467	46	39	49	12	7	118	0	37
 28513	46	39	49	12	7	118	0	37
 28558	45	39	49	12	7	119	0	37
 28603	46	39	49	12	7	120	0	37
 28648	46	39	49	12	7	121	0	37
 28694	46	39	49	12	7	121	0	37
 28739	46	39	49	12	7	122	0	37
 28785	46	39	49	12	7	123	0	37
 28830	46	39	49	4	8	64	0	37
 28875	46	39	49	4	8	65	0	37
 28921	46	39	49	4	8	65	0	37
 28966	46	39	49	4	8	66	0	37
 29011	46	39	49	4	8	67	0	37
 29057	46	39	49	4	8	68	0	37
 29102	46	39	49	4	8	68	0	37
 29147	46	39	49	4	8	69	0	37
 29193	46	39	49	4	8	70	0	37
 29283	46	39	49	4	8	71	0	37
 29329	46	39	49	4	8	72	0	37
 29374	46	39	49	4	8	73	0	37
 29419	46	39	49	4	8	74	0	37
 29465	46	39	49	4	8	74	0	37
 29510	46	39	49	4	8	75	0	37
 29559	46	39	50	4	8	76	0	37
 29601	46	39	49	4	8	77	0	37
 29646	45	39	49	4	8	77	0	37
 29692	46	39	49	4	8	78	0	37
 29737	46	39	49	4	8	79	0	37
 29782	46	39	49	4	8	80	0	37
 29828	46	39	49	4	8	80	0	37
 29873	45	39	49	4	8	81	0	37
 29918	45	39	49	4	8	82	0	37
 29964	46	39	49	4	8	83	0	37
 30009	46	39	49	4	8	83	0	37
 30054	45	39	50	4	8	84	0	37
 30100	46	39	49	4	8	85	0	37
 30145	45	39	50	4	8	86	0	37
 30236	45	39	49	4	8	87	0	37
 30281	45	39	50	4	8	88	0	37
 30327	45	39	50	4	8	89	0	37
 30372	45	39	50	4	8	89	0	37
 30417	45	39	49	4	8	90	0	37
 30463	45	39	49	4	8	91	0	37
 30508	45	39	50	4	8	92	0	37
 30554	45	39	49	4	8	92	0	37
 30599	45	39	49	4	8	93	0	37
 30644	45	39	50	12	8	94	0	37
 30690	45	39	49	12	8	95	0	37
 30735	45	39	49	12	8	96	0	37
 30780	45	39	49	12	8	96	0	37
 30825	45	39	49	12	8	97	0	37
 30871	45	39	49	12	8	98	0	37
 30916	45	39	49	12	8	99	0	37
 30961	45	39	49	12	8	99	0	37
 31007	45	39	49	12	8	100	0	37
 31052	45	39	49	12	8	101	0	37
 31098	45	39	49	12	8	102	0	37
 31143	45	39	49	12	8	102	0	37
 31188	45	39	49	12	8	103	0	37
 31238	45	39	49	12	8	104	0	37
 31279	45	39	49	12	8	105	0	37
 31326	45	39	49	12	8	105	0	37
 31370	45	39	49	12	8	106	0	37
 31415	45	39	49	12	8	107	0	37
 31461	45	39	49	12	8	108	0	37
 31506	45	39	49	12	8	108	0	37
 31597	45	39	50	12	8	110	0	37
 31642	45	39	50	12	8	111	0	37
 31687	45	39	51	12	8	111	0	37
 31732	45	39	50	12	8	112	0	37
 31779	45	39	50	12	8	113	0	37
 31823	45	39	50	12	8	114	0	37
 31868	45	39	50	12	8	114	0	37
 31914	45	39	50	12	8	115	0	37
 31959	45	39	50	12	8	116	0	37
 32005	45	39	50	12	8	117	0	37
 32050	45	39	50	12	8	117	0	37
 32095	45	39	50	12	8	118	0	37
 32141	45	39	50	12	8	119	0	37
 32189	45	39	50	12	8	120	0	37
 32322	45	39	50	12	8	122	0	37
 32367	45	39	50	12	8	123	0	37
 32413	45	39	50	12	8	123	0	37
 32458	45	39	50	4	9	64	0	37
 32503	45	39	50	4	9	65	0	37
 32549	45	39	51	4	9	66	0	37
 32594	45	39	50	4	9	66	0	37
 32640	45	38	50	4	9	67	0	37
 32685	45	39	50	4	9	68	0	37
 32730	45	39	50	4	9	69	0	37
 32776	45	38	51	4	9	70	0	37
 32821	45	39	50	4	9	70	0	37
 32866	45	38	51	4	9	71	0	37
 32912	45	38	50	4	9	72	0	37
 32957	45	39	51	4	9	73	0	37
 33002	45	39	51	4	9	73	0	37
 33048	45	39	51	4	9	74	0	37
 33093	45	39	51	4	9	75	0	37
 33184	45	38	51	4	9	76	0	37
 33229	45	39	51	4	9	77	0	37
 33274	45	39	51	4	9	78	0	37
 33324	45	39	51	4	9	79	0	37
 33365	45	39	51	4	9	79	0	37
 33411	45	39	51	4	9	80	0	37
 33456	45	38	51	4	9	81	0	37
 33547	45	39	51	4	9	82	0	37
 33592	45	38	51	4	9	83	0	37
 33637	45	38	51	4	9	84	0	37
 33683	45	39	51	4	9	85	0	37
 33728	45	39	51	0	9	85	0	37
 33773	45	38	51	0	9	86	0	37
 33819	45	39	51	0	9	87	0	37
 33864	47	39	51	0	9	88	0	37
 33909	51	39	52	0	9	88	0	37
 33955	54	38	51	0	9	89	0	37
 34000	57	39	51	0	9	90	0	37
 34045	59	39	51	4	9	91	0	37
 34091	59	39	52	4	9	91	0	37
 34136	55	39	51	4	9	92	0	37
 34181	52	39	51	4	9	93	0	37
 34227	50	39	52	12	9	94	0	37
 34272	49	39	52	12	9	94	0	37
 34318	48	39	51	12	9	95	0	37
 34363	48	39	51	12	9	96	0	37
 34408	48	39	51	12	9	97	0	37
 34454	47	39	52	12	9	98	0	37
 34499	47	39	52	12	9	98	0	37
 34544	47	39	52	12	9	99	0	37
 34590	47	39	52	12	9	100	0	37
 34635	47	39	52	12	9	101	0	37
 34680	47	39	52	12	9	101	0	37
 34726	47	39	52	12	9	102	0	37
 34775	47	39	52	12	9	103	0	37
 34816	47	39	52	12	9	104	0	37
 34862	47	39	52	12	9	104	0	37
 34908	47	39	52	12	9	105	0	37
 34953	47	39	52	12	9	106	0	37
 34998	46	39	52	12	9	107	0	37
 35043	46	39	52	12	9	107	0	37
 35089	46	39	52	12	9	108	0	37
 35134	46	39	52	12	9	109	0	37
 35179	46	39	52	12	9	110	0	37
 35225	46	39	52	12	9	110	0	37
 35317	46	39	52	12	9	112	0	37
 35361	46	39	52	12	9	113	0	37
 35406	46	39	52	12	9	113	0	37
 35451	46	39	52	12	9	114	0	37
 35497	46	39	52	12	9	115	0	37
 35542	46	39	53	12	9	116	0	37
 35587	46	39	53	12	9	117	0	37
 35633	46	39	53	12	9	117	0	37
 35678	46	39	53	12	9	118	0	37
 35724	46	39	53	12	9	119	0	37
 35814	46	39	53	12	9	120	0	37
 35860	46	39	53	12	9	121	0	37
 35905	46	39	53	12	9	122	0	37
 35950	46	39	53	12	9	123	0	37
 35996	46	39	53	12	9	123	0	37
 36086	47	39	53	4	10	65	0	37
 36132	47	39	53	4	10	66	0	37
 36177	46	39	53	4	10	66	0	37
 36226	47	39	53	4	10	67	0	37
 36268	47	39	53	4	10	68	0	37
 36314	47	39	53	4	10	69	0	37
 36358	47	39	53	4	10	69	0	37
 36404	47	39	54	4	10	70	0	37
 36449	47	39	54	4	10	71	0	37
 36540	48	39	53	4	10	72	0	37
 36585	47	39	53	4	10	73	0	37
 36631	47	39	53	4	10	74	0	37
 36676	47	39	54	4	10	75	0	37
 36721	47	39	54	4	10	75	0	37
 36767	47	39	54	4	10	76	0	37
 36812	47	39	54	4	10	77	0	37
 36857	47	39	54	4	10	78	0	37
 36903	47	39	54	4	10	78	0	37
 36948	47	39	54	4	10	79	0	37
 36993	47	39	54	4	10	80	0	37
 37040	47	39	54	4	10	81	0	37
 37084	48	39	54	4	10	81	0	37
 37129	48	39	54	4	10	82	0	37
 37175	47	39	54	4	10	83	0	37
 37220	47	39	54	4	10	84	0	37
 37265	48	39	54	4	10	84	0	37
 37311	47	39	54	4	10	85	0	37
 37356	48	39	54	4	10	86	0	37
 37402	48	39	54	4	10	87	0	37
 37447	48	39	54	4	10	87	0	37
 37492	48	39	54	4	10	88	0	37
 37538	47	39	54	4	10	89	0	37
 37583	48	39	54	4	10	90	0	37
 37628	47	40	54	4	10	91	0	37
 37674	48	39	54	4	10	91	0	37
 37719	48	39	54	4	10	92	0	37
 37764	47	39	54	4	10	93	0	37
 37810	47	40	54	12	10	94	0	37
 37900	47	39	54	12	10	95	0	37
 37946	47	40	54	12	10	96	0	37
 37946	47	40	54	12	10	96	0	37
 37991	47	40	54	12	10	97	0	37
 38037	47	40	54	12	10	97	0	37
 38082	47	40	55	12	10	98	0	37
 38127	47	40	55	12	10	99	0	37
 38173	47	40	55	12	10	100	0	37
 38218	47	40	54	12	10	100	0	37
 38263	47	39	55	12	10	101	0	37
 38309	47	39	55	12	10	102	0	37
 38354	47	39	55	12	10	103	0	37
 38399	47	39	55	12	10	103	0	37
 38445	47	40	55	12	10	104	0	37
 38490	47	39	55	12	10	105	0	37
 38535	47	40	55	12	10	106	0	37
 38581	47	40	55	12	10	106	0	37
 38626	47	40	55	12	10	107	0	37
 38672	47	40	55	12	10	108	0	37
 38717	47	40	55	12	10	109	0	37
 38762	47	40	55	12	10	109	0	37
 38808	47	40	55	12	10	110	0	37
 38853	47	40	56	12	10	111	0	37
 38898	47	40	56	12	10	112	0	37
 38944	47	40	56	12	10	112	0	37
 38989	47	40	57	12	10	113	0	37
 39034	47	40	56	12	10	114	0	37
 39080	47	40	56	12	10	115	0	37
 39125	47	40	56	12	10	115	0	37
 39170	47	40	56	12	10	116	0	37
 39217	47	40	56	12	10	117	0	37
 39261	47	40	56	12	10	118	0	37
 39306	47	40	56	12	10	118	0	37
 39352	47	40	56	12	10	119	0	37
 39401	47	40	57	12	10	120	0	37
 39443	47	40	56	12	10	121	0	37
 39488	47	40	56	12	10	121	0	37
 39533	47	40	57	12	10	122	0	37
 39579	47	40	57	12	10	123	0	37
 39624	47	40	57	36	11	64	0	37
 39669	47	40	57	36	11	65	0	37
 39715	47	40	57	36	11	65	0	37
 39760	47	40	57	36	11	66	0	37
 39805	47	40	57	36	11	67	0	37
 39851	47	40	57	36	11	68	0	37
 39941	47	40	58	36	11	69	0	37
 39987	47	40	58	36	11	70	0	37
 40033	47	40	58	36	11	71	0	37
 40077	47	40	58	36	11	71	0	37
 40123	47	40	58	36	11	72	0	37
 40168	47	40	58	36	11	73	0	37
 40213	47	40	59	36	11	74	0	37
 40259	47	40	58	36	11	74	0	37
 40304	47	40	58	36	11	75	0	37
 40350	47	40	58	36	11	76	0	37
 40395	47	40	58	36	11	77	0	37
 40440	47	40	59	36	11	77	0	37
 40486	47	40	59	36	11	78	0	37
 40531	47	40	59	36	11	79	0	37
 40576	47	40	59	36	11	80	0	37
 40626	47	40	59	36	11	80	0	37
 40667	48	40	59	36	11	81	0	37
 40722	47	40	59	36	11	82	0	37
 40758	48	40	59	36	11	83	0	37
 40803	47	40	59	36	11	83	0	37
 40852	47	40	59	36	11	84	0	37
 40894	47	40	59	36	11	85	0	37
 40939	47	40	60	36	11	86	0	37
 40985	47	40	60	36	11	86	0	37
 41030	47	40	60	36	11	87	0	37
 41075	47	40	60	36	11	88	0	37
 41121	47	40	60	36	11	89	0	37
 41211	47	40	60	36	11	90	0	37
 41257	48	40	61	36	11	91	0	37
 41302	47	40	60	36	11	92	0	37
 41347	47	40	60	36	11	92	0	37
 41393	47	40	60	36	11	93	0	37
 41438	48	40	61	44	11	94	0	37
 41483	47	40	61	44	11	95	0	37
 41529	47	40	61	44	11	96	0	37
 41574	48	40	61	44	11	96	0	38
 41665	47	40	61	44	11	98	0	37
 41710	47	40	61	44	11	99	0	38
 41755	47	40	61	44	11	99	0	38
 41801	47	40	61	44	11	100	0	38
 41850	47	40	61	44	11	101	0	38
 41892	47	40	61	44	11	102	0	38
 41937	47	40	61	44	11	102	0	38
 41983	47	40	61	44	11	103	0	38
 42028	47	40	61	44	11	104	0	38
 42073	47	40	61	44	11	105	0	38
 42119	47	40	61	44	11	105	0	38
 42164	47	40	61	44	11	106	0	38
 42209	47	40	62	44	11	107	0	38
 42254	47	40	62	44	11	108	0	38
 42301	47	40	62	44	11	108	0	38
 42345	47	40	64	44	11	109	0	38
 42390	47	40	63	44	11	110	0	38
 42437	47	40	63	44	11	111	0	38
 42481	47	40	63	44	11	111	0	38
 42572	47	40	63	44	11	113	0	38
 42617	48	40	63	44	11	114	0	38
 42663	47	40	63	44	11	114	0	38
 42708	47	40	63	44	11	115	0	38
 42753	47	40	63	44	11	116	0	38
 42799	48	40	63	44	11	117	0	38
 42844	48	40	63	44	11	117	0	38
 42889	47	40	63	44	11	118	0	38
 42935	47	40	63	44	11	119	0	38
 42980	47	40	64	44	11	120	0	38
 43025	47	40	64	44	11	120	0	38
 43071	47	40	64	44	11	121	0	38
 43116	47	40	64	44	11	122	0	38
 43207	47	40	64	44	11	123	0	38
 43252	47	40	64	36	12	64	0	38
 43298	47	40	64	36	12	65	0	38
 43343	47	40	64	36	12	66	0	38
 43388	47	40	64	36	12	66	0	38
 43438	47	40	64	36	12	67	0	38
 43479	47	40	64	36	12	68	0	38
 43526	47	40	65	36	12	69	0	38
 43570	47	40	64	36	12	70	0	38
 43615	47	40	65	36	12	70	0	38
 43661	47	40	65	36	12	71	0	38
 43706	47	40	65	36	12	72	0	38
 43751	47	40	65	36	12	73	0	38
 43796	47	40	65	36	12	73	0	38
 43932	47	40	65	36	12	76	0	38
 43978	47	40	65	36	12	76	0	38
 44023	47	40	65	36	12	77	0	38
 44069	47	40	65	36	12	78	0	38
 44114	47	40	66	36	12	79	0	38
 44159	47	40	66	36	12	79	0	38
 44208	47	40	66	36	12	80	0	38
 44250	47	40	66	36	12	81	0	38
 44295	47	40	66	36	12	82	0	38
 44341	47	40	66	36	12	82	0	38
 44387	47	41	66	36	12	83	0	38
 44431	47	40	66	36	12	84	0	38
 44477	47	40	66	36	12	85	0	38
 44522	47	40	66	36	12	85	0	38
 44568	47	40	66	36	12	86	0	38
 44613	47	40	66	36	12	87	0	38
 44658	47	41	66	36	12	88	0	38
 44704	47	41	67	36	12	88	0	38
 44794	47	40	67	36	12	90	0	38
 44840	47	40	67	36	12	91	0	38
 44885	47	40	67	36	12	91	0	38
 44930	47	40	68	36	12	92	0	38
 44976	47	40	68	36	12	93	0	38
 45021	47	40	68	44	12	94	0	38
 45066	47	40	68	44	12	94	0	38
 45112	47	40	69	44	12	95	0	38
 45157	47	40	69	44	12	96	0	38
 45202	47	40	69	44	12	97	0	38
 45248	47	40	69	44	12	97	0	38
 45293	47	40	69	44	12	98	0	38
 45338	47	40	69	44	12	99	0	38
 45385	47	40	69	44	12	100	0	38
 45429	47	40	70	44	12	100	0	38
 45475	47	40	70	44	12	101	0	38
 45520	47	40	70	44	12	102	0	38
 45565	47	40	70	44	12	103	0	38
 45611	47	40	69	44	12	104	0	38
 45656	47	40	68	44	12	104	0	38
 45747	47	41	68	44	12	106	0	38
 45792	47	41	68	44	12	107	0	38
 45838	47	40	68	44	12	107	0	38
 45883	47	40	68	44	12	108	0	38
 45928	47	41	68	44	12	109	0	38
 45973	47	41	67	44	12	110	0	38
 46019	47	40	67	44	12	110	0	38
 46064	47	40	68	44	12	111	0	38
 46109	47	40	68	44	12	112	0	38
 46155	47	40	69	44	12	113	0	38
 46200	47	41	69	44	12	113	0	38
 46245	47	40	69	44	12	114	0	38
 46291	47	41	68	44	12	115	0	38
 46336	47	40	69	44	12	116	0	38
 46382	47	40	69	44	12	116	0	38
 46427	47	40	70	44	12	117	0	38
 46472	47	40	71	44	12	118	0	38
 46518	47	40	70	44	12	119	0	38
 46563	47	41	69	44	12	119	0	38
 46608	47	40	69	44	12	120	0	38
 46654	47	40	69	44	12	121	0	39
 46699	47	40	69	44	12	122	0	39
 46744	47	40	69	44	12	122	0	39
 46790	47	41	70	44	12	123	0	39
 46835	47	40	70	36	13	64	0	39
 46880	47	40	70	36	13	65	0	39
 46926	47	41	70	36	13	65	0	39
 46971	47	40	71	36	13	66	0	39
 47017	47	40	71	36	13	67	0	39
 47062	47	41	71	36	13	68	0	39
 47107	47	40	71	36	13	68	0	39
 47153	47	40	71	36	13	69	0	39
 47198	47	41	72	36	13	70	0	39
 47243	47	40	71	36	13	71	0	39
 47289	47	40	71	36	13	71	0	39
 47334	47	40	71	36	13	72	0	39
 47379	47	40	71	36	13	73	0	39
 47470	47	40	72	36	13	74	0	39
 47515	47	40	72	36	13	75	0	39
 47561	47	40	72	36	13	76	0	39
 47606	47	40	72	36	13	77	0	39
 47653	47	40	71	36	13	78	0	39
 47697	47	40	72	36	13	78	0	39
 47742	47	40	72	36	13	79	0	39
 47792	47	40	72	36	13	80	0	39
 47833	47	40	73	36	13	81	0	39
 47878	47	40	73	36	13	81	0	39
 47924	47	41	73	36	13	82	0	39
 47969	47	41	73	36	13	83	0	39
 48014	47	40	73	36	13	84	0	39
 48060	47	41	73	36	13	84	0	39
 48105	47	40	73	36	13	85	0	39
 48150	47	41	73	36	13	86	0	39
 48196	47	40	73	36	13	87	0	39
 48241	47	40	73	36	13	87	0	39
 48287	47	40	73	36	13	88	0	39
 48332	47	41	73	36	13	89	0	39
 48378	47	40	73	36	13	90	0	39
 48422	47	40	73	36	13	90	0	39
 48468	47	40	73	36	13	91	0	39
 48513	47	40	73	36	13	92	0	39
 48558	47	40	73	36	13	93	0	39
 48604	47	40	73	36	13	93	0	39
 48653	47	40	73	44	13	94	0	39
 48695	47	40	73	44	13	95	0	39
 48740	47	41	73	44	13	96	0	39
 48785	47	40	73	44	13	96	0	39
 48831	47	40	73	44	13	97	0	39
 48876	46	40	73	44	13	98	0	39
 48921	47	40	73	44	13	99	0	39
 48967	47	40	73	44	13	99	0	39
 49012	47	40	73	44	13	100	0	39
 49057	47	40	73	44	13	101	0	39
 49103	47	40	73	44	13	102	0	39
 49148	47	40	73	44	13	102	0	39
 49194	47	40	73	44	13	103	0	39
 49239	47	40	73	44	13	104	0	39
 49284	47	40	73	44	13	105	0	39
 49375	47	41	72	44	13	106	0	39
 49420	47	40	72	44	13	107	0	39
 49466	47	40	72	44	13	108	0	39
 49511	47	40	72	44	13	108	0	39
 49556	47	40	73	44	13	109	0	39
 49602	47	40	73	44	13	110	0	39
 49692	47	41	74	44	13	112	0	39
 49738	47	41	74	44	13	112	0	39
 49783	47	41	74	44	13	113	0	39
 49828	47	41	74	44	13	114	0	39
 49874	47	40	74	44	13	115	0	39
 49964	47	40	74	44	13	116	0	39
 50010	47	41	73	44	13	117	0	39
 50055	47	40	73	44	13	118	0	39
 50101	47	40	73	44	13	118	0	40
 50146	47	41	73	44	13	119	0	40
 50191	47	40	73	44	13	120	0	39
 50237	47	40	73	44	13	121	0	40
 50282	47	41	74	44	13	121	0	40
 50373	47	41	74	44	13	123	0	40
 50418	47	40	74	36	14	64	0	40
 50463	47	41	74	36	14	64	0	40
 50509	47	41	74	36	14	65	0	40
 50554	47	41	74	36	14	66	0	40
 50599	47	41	74	36	14	67	0	40
 50690	47	40	75	36	14	68	0	40
 50735	47	41	75	36	14	69	0	40
 50781	47	40	75	36	14	70	0	40
 50826	47	41	75	36	14	70	0	40
 50871	47	40	75	36	14	71	0	40
 50917	47	40	75	36	14	72	0	40
 50966	47	41	75	36	14	73	0	40
 51007	47	41	75	36	14	73	0	40
 51053	47	40	75	36	14	74	0	40
 51098	47	41	75	36	14	75	0	40
 51144	47	40	75	36	14	76	0	40
 51189	47	41	74	32	14	76	0	40
 51234	47	41	74	32	14	77	0	40
 51280	47	41	74	32	14	78	0	40
 51325	50	41	74	32	14	79	0	40
 51370	54	41	74	32	14	79	0	40
 51416	58	41	74	32	14	80	0	40
 51461	60	41	74	32	14	81	0	40
 51552	60	41	74	36	14	83	0	40
 51597	56	41	73	36	14	83	0	40
 51642	53	41	73	36	14	84	0	40
 51688	52	41	73	36	14	85	0	40
 51733	51	40	73	36	14	86	0	40
 51778	50	41	73	36	14	86	0	40
 51824	49	41	73	36	14	87	0	40
 51869	49	41	73	36	14	88	0	40
 51918	49	41	72	36	14	89	0	40
 51960	49	41	73	36	14	89	0	40
 52005	49	41	73	36	14	90	0	40
 52051	49	41	73	36	14	91	0	40
 52096	48	41	73	36	14	92	0	40
 52141	49	41	73	36	14	92	0	40
 52187	49	41	73	36	14	93	0	40
 52232	49	41	73	44	14	94	0	40
 52277	49	41	72	44	14	95	0	40
 52323	48	41	72	44	14	95	0	40
 52368	49	41	72	44	14	96	0	40
 52413	48	41	72	44	14	97	0	40
 52459	48	41	72	44	14	98	0	40
 52504	48	41	72	44	14	98	0	40
 52550	48	41	71	44	14	99	0	40
 52595	48	41	71	44	14	100	0	40
 52640	48	41	71	44	14	101	0	40
 52686	48	41	71	44	14	101	0	40
 52731	48	41	71	44	14	102	0	40
 52776	48	41	71	44	14	103	0	40
 52821	48	41	71	44	14	104	0	40
 52867	48	41	72	44	14	104	0	40
 52912	48	41	72	44	14	105	0	40
 52958	48	41	72	44	14	106	0	40
 53003	48	41	72	44	14	107	0	40
 53048	48	41	72	44	14	107	0	40
 53094	48	41	72	44	14	108	0	40
 53139	48	41	72	44	14	109	0	40
 53194	48	41	71	44	14	110	0	40
 53230	48	41	71	44	14	110	0	40
 53275	48	41	71	44	14	111	0	40
 53321	48	41	71	44	14	112	0	40
 53366	48	41	71	44	14	113	0	40
 53411	48	41	71	44	14	113	0	40
 53457	48	41	71	44	14	114	0	40
 53504	48	41	71	44	14	115	0	40
 53547	48	41	71	44	14	116	0	40
 53593	49	41	71	44	14	117	0	40
 53638	49	41	71	44	14	117	0	40
 53683	49	41	71	44	14	118	0	40
 53729	49	41	71	44	14	119	0	40
 53774	49	41	71	44	14	120	0	40
 53819	49	41	71	44	14	120	0	40
 53865	49	41	71	44	14	121	0	40
 53911	49	41	71	44	14	122	0	40
 53956	49	41	71	44	14	123	0	40
 54002	49	41	71	44	14	123	0	40
 54046	49	41	71	36	15	64	0	40
 54092	49	41	71	36	15	65	0	40
 54137	49	41	71	36	15	66	0	40
 54182	49	41	71	36	15	66	0	40
 54228	49	41	70	36	15	67	0	40
 54273	49	41	72	36	15	68	0	40
 54318	49	41	71	36	15	69	0	40
 54364	50	41	71	36	15	69	0	40
 54409	49	41	71	36	15	70	0	40
 54454	50	41	71	36	15	71	0	40
 54511	49	41	71	36	15	72	0	40
 54546	49	41	71	36	15	72	0	40
 54591	50	41	71	36	15	73	0	40
 54636	50	41	70	36	15	74	0	40
 54684	50	41	70	36	15	75	0	40
 54727	49	41	70	36	15	75	0	40
 54817	49	41	71	36	15	77	0	40
 54863	49	41	71	36	15	78	0	40
 54908	49	41	71	36	15	78	0	40
 54953	49	41	71	36	15	79	0	40
 54999	49	41	71	36	15	80	0	40
 55044	49	42	71	36	15	81	0	40
 55089	49	42	71	36	15	81	0	40
 55135	50	42	71	36	15	82	0	40
 55180	50	42	71	36	15	83	0	40
 55271	49	41	71	36	15	84	0	40
 55316	49	42	70	36	15	85	0	40
 55361	49	42	70	36	15	86	0	40
 55407	49	42	70	36	15	87	0	40
 55543	49	42	70	36	15	89	0	40
 55588	49	42	70	36	15	90	0	40
 55634	49	42	70	36	15	91	0	40
 55679	49	42	70	36	15	91	0	40
 55724	49	42	70	36	15	92	0	40
 55770	49	42	71	36	15	93	0	40
 55815	49	42	70	44	15	94	0	40
 55861	49	42	70	44	15	94	0	40
 55906	49	42	70	44	15	95	0	40
 55951	49	42	70	44	15	96	0	40
 55996	49	42	70	44	15	97	0	40
 56042	49	42	70	44	15	97	0	40
 56087	49	42	70	44	15	98	0	40
 56178	49	42	69	44	15	100	0	40
 56223	49	42	69	44	15	100	0	40
 56268	49	42	69	44	15	101	0	40
 56314	49	42	69	44	15	102	0	40
 56405	49	42	69	44	15	103	0	40
 56450	49	42	70	44	15	104	0	40
 56495	49	42	70	44	15	105	0	40
 56541	49	42	69	44	15	106	0	40
 56586	49	42	70	44	15	106	0	40
 56677	49	42	70	44	15	108	0	40
 56722	49	42	70	44	15	109	0	40
 56772	49	42	70	44	15	109	0	40
 56813	49	42	70	44	15	110	0	40
 56909	49	42	70	44	15	112	0	40
 56949	49	42	70	44	15	112	0	40
 56994	49	42	70	44	15	113	0	40
 57040	49	42	70	44	15	114	0	40
 57085	49	42	69	44	15	115	0	40
 57130	49	42	69	44	15	115	0	40
 57176	49	42	69	44	15	116	0	40
 57221	49	42	69	44	15	117	0	40
 57266	49	41	69	44	15	118	0	40
 57312	49	42	69	44	15	118	0	40
 57402	49	42	70	44	15	120	0	40
 57448	49	42	69	44	15	121	0	40
 57493	49	42	69	44	15	121	0	40
 57538	49	42	70	44	15	122	0	40
 57584	49	42	69	44	15	123	0	40
 57629	49	42	69	36	16	64	0	40
 57674	49	42	69	36	16	65	0	40
 57720	49	42	70	36	16	65	0	40
 57766	49	42	69	36	16	66	0	40
 57810	49	42	69	36	16	67	0	40
 57856	49	42	69	36	16	68	0	40
 57901	49	42	69	36	16	68	0	40
 57957	49	42	69	36	16	69	0	40
 57992	49	42	69	36	16	70	0	40
 58037	49	42	69	36	16	71	0	40
 58083	49	42	69	36	16	71	0	40
 58128	49	42	69	36	16	72	0	40
 58173	49	42	69	36	16	73	0	40
 58219	49	42	69	36	16	74	0	40
 58264	49	42	69	36	16	74	0	40
 58309	49	42	69	36	16	75	0	40
 58355	49	42	69	36	16	76	0	40
 58400	49	42	69	36	16	77	0	40
 58449	49	42	69	36	16	77	0	40
 58536	49	42	69	36	16	79	0	40
 58582	49	42	69	36	16	80	0	40
 58627	49	42	69	36	16	80	0	40
 58672	49	42	69	36	16	81	0	40
 58763	49	42	69	36	16	83	0	40
 58813	49	42	69	36	16	83	0	39
 58854	49	42	69	36	16	84	0	39
 58899	49	42	69	36	16	85	0	39
 58944	49	42	70	36	16	86	0	39
 58990	49	42	69	36	16	86	0	39
 59035	49	42	69	36	16	87	0	39
 59080	49	42	69	36	16	88	0	39
 59126	49	42	69	36	16	89	0	39
 59171	49	42	69	36	16	89	0	39
 59216	49	42	69	36	16	90	0	39
 59262	49	42	69	36	16	91	0	39
 59307	49	42	69	36	16	92	0	39
 59352	49	42	69	36	16	92	0	39
 59398	49	42	69	36	16	93	0	39
 59444	49	42	69	44	16	94	0	39
 59488	49	42	69	44	16	95	0	39
 59534	49	42	69	44	16	96	0	39
 59579	49	42	69	44	16	96	0	39
 59625	49	42	69	44	16	97	0	39
 59670	49	42	69	44	16	98	0	39
 59715	49	42	69	44	16	99	0	39
 59761	49	42	69	44	16	99	0	39
 59806	49	42	69	44	16	100	0	39
 59856	49	42	69	44	16	101	0	39
 59897	49	42	69	44	16	102	0	39
 59942	49	42	68	44	16	102	0	39
 59987	49	42	68	44	16	103	0	39
 60033	49	42	68	44	16	104	0	39
 60078	49	42	69	44	16	105	0	39
 60123	49	42	69	44	16	105	0	39
 60169	49	42	69	44	16	106	0	39
 60214	49	42	69	44	16	107	0	39
 60259	49	42	68	44	16	108	0	39
 60309	49	42	69	44	16	108	0	39
 60350	49	42	69	44	16	109	0	39
 60396	49	42	69	44	16	110	0	39
 60441	49	42	69	44	16	111	0	39
 60486	49	42	69	44	16	111	0	39
 60532	49	42	69	44	16	112	0	39
 60577	49	42	69	44	16	113	0	39
 60625	49	42	69	44	16	114	0	39
 60668	49	42	68	44	16	114	0	39
 60716	49	42	69	44	16	115	0	39
 60762	49	42	69	44	16	116	0	39
 60804	49	42	69	44	16	117	0	39
 60849	49	42	69	44	16	117	0	39
 60894	49	42	68	44	16	118	0	39
 60940	49	42	68	44	16	119	0	39
 60985	49	42	68	44	16	120	0	39
 61030	49	42	68	44	16	120	0	39
 61080	49	42	69	44	16	121	0	39
 61121	49	42	68	44	16	122	0	39
 61166	49	42	68	44	16	123	0	39
 61212	49	42	69	44	16	123	0	39
 61257	48	42	68	36	17	64	0	39
 61303	49	42	68	36	17	65	0	39
 61348	49	42	68	36	17	66	0	39
 61393	49	42	68	36	17	66	0	39
 61439	48	42	68	36	17	67	0	39
 61486	49	42	68	36	17	68	0	39
 61783	49	42	68	36	17	69	0	39
 62132	48	42	68	36	17	79	0	39
 62172	49	42	68	36	17	79	0	39
 62219	48	42	68	36	17	80	0	39
 62304	49	42	68	36	17	82	0	39
 62345	48	42	68	36	17	82	0	39
 62436	48	42	68	36	17	84	0	39
 62481	49	42	68	36	17	85	0	39
 62526	48	42	68	36	17	85	0	39
 62572	48	42	68	36	17	86	0	39
 62617	48	42	68	36	17	87	0	39
 62662	48	42	68	36	17	88	0	39
 62708	48	42	68	36	17	88	0	39
 62753	48	42	68	36	17	89	0	39
 62799	48	42	68	36	17	90	0	39
 62844	48	42	68	36	17	91	0	39
 62889	48	42	68	36	17	91	0	39
 62935	48	42	68	36	17	92	0	39
 62980	48	42	68	36	17	93	0	39
 63025	48	42	68	44	17	94	0	39
 63071	48	42	68	44	17	94	0	39
 63161	48	42	68	44	17	96	0	39
 63207	48	42	68	44	17	97	0	39
 63252	48	42	68	44	17	97	0	39
 63298	48	42	68	44	17	98	0	39
 63343	48	42	68	44	17	99	0	39
 63388	48	42	68	44	17	100	0	39
 63433	48	42	68	44	17	100	0	39
 63479	48	42	68	44	17	101	0	39
 63524	48	42	67	44	17	102	0	39
 63570	48	42	68	44	17	103	0	39
 63615	48	42	68	44	17	104	0	39
 63660	48	42	67	44	17	104	0	39
 63751	48	42	68	44	17	106	0	39
 63797	48	42	68	44	17	107	0	39
 63842	48	42	68	44	17	107	0	39
 63888	48	42	67	44	17	108	0	39
 63932	48	42	68	44	17	109	0	39
 63978	48	42	67	44	17	110	0	39
 64023	48	42	68	44	17	110	0	39
 64069	48	42	68	44	17	111	0	39
 64114	48	42	68	44	17	112	0	39
 64162	48	42	68	44	17	113	0	39
 64204	48	42	67	44	17	113	0	39
 64250	48	42	67	44	17	114	0	39
 64295	48	42	67	44	17	115	0	39
 64386	48	42	67	44	17	116	0	39
 64431	48	42	67	44	17	117	0	39
 64477	48	42	67	44	17	118	0	39
 64522	48	42	67	44	17	119	0	39
 64567	48	42	67	44	17	119	0	39
 64613	48	42	69	44	17	120	0	39
 64658	48	42	67	44	17	121	0	39
 64703	48	42	67	44	17	122	0	39
 64749	48	42	67	44	17	122	0	39
 64794	48	42	67	44	17	123	0	39
 64839	48	42	67	36	18	64	0	39
 64885	48	42	67	36	18	65	0	39
 64930	48	42	67	36	18	65	0	39
 64975	48	42	67	36	18	66	0	39
 65021	48	42	67	36	18	67	0	39
 65111	48	42	67	36	18	68	0	39
 65157	48	42	67	36	18	69	0	39
 65202	48	42	67	36	18	70	0	39
 65248	48	41	67	36	18	71	0	39
 65293	48	41	67	36	18	71	0	39
 65338	48	41	68	36	18	72	0	39
 65384	48	42	67	36	18	73	0	39
 65429	48	41	67	36	18	74	0	39
 65474	48	42	67	36	18	74	0	39
 65520	48	41	67	36	18	75	0	39
 65565	48	42	67	36	18	76	0	39
 65610	48	42	67	36	18	77	0	39
 65656	48	42	67	36	18	78	0	38
 65705	48	42	67	36	18	78	0	38
 65746	48	41	68	36	18	79	0	38
 65792	48	41	67	36	18	80	0	38
 65837	48	42	67	36	18	81	0	38
 65883	48	42	67	36	18	81	0	38
 65928	48	42	67	36	18	82	0	38
 65973	48	42	67	36	18	83	0	38
 66019	48	42	67	36	18	84	0	38
 66064	48	42	67	36	18	84	0	38
 66109	48	41	67	36	18	85	0	38
 66155	48	41	67	36	18	86	0	38
 66200	48	42	67	36	18	87	0	38
 66245	48	42	67	36	18	87	0	38
 66291	48	41	67	36	18	88	0	38
 66336	48	42	67	36	18	89	0	38
 66427	48	41	67	36	18	90	0	38
 66472	48	41	66	36	18	91	0	38
 66517	47	41	66	36	18	92	0	38
 66563	48	41	66	36	18	93	0	38
 66608	48	41	66	36	18	93	0	38
 66653	48	41	66	44	18	94	0	38
 66699	48	41	67	44	18	95	0	38
 66744	48	41	67	44	18	96	0	38
 66790	48	41	67	44	18	96	0	38
 66835	48	41	67	44	18	97	0	38
 66880	48	41	67	44	18	98	0	38
 66926	48	42	67	44	18	99	0	38
 66971	48	41	67	44	18	99	0	38
 67016	48	42	67	44	18	100	0	38
 67198	47	42	67	44	18	103	0	38
 67243	48	41	66	44	18	104	0	38
 67288	48	41	66	44	18	105	0	38
 67334	48	41	66	44	18	105	0	38
 67379	48	41	66	44	18	106	0	38
 67424	48	41	66	44	18	107	0	38
 67470	48	41	66	44	18	108	0	38
 67560	48	41	66	44	18	109	0	38
 67606	48	42	66	44	18	110	0	38
 67651	48	41	66	44	18	111	0	38
 67696	48	41	66	44	18	112	0	38
 67742	47	41	66	44	18	112	0	38
 67787	47	42	66	44	18	113	0	38
 67835	48	41	66	44	18	114	0	38
 67878	47	41	66	44	18	115	0	38
 67923	48	41	66	44	18	115	0	37
 68014	47	41	66	44	18	117	0	38
 68059	48	41	66	44	18	118	0	38
 68105	47	41	66	44	18	118	0	38
 68150	47	41	66	44	18	119	0	38
 68199	47	41	66	44	18	120	0	38
 68241	48	41	66	44	18	121	0	38
 68286	48	41	66	44	18	121	0	38
 68331	47	41	66	44	18	122	0	38
 68426	47	41	66	4	19	64	0	38
 68467	47	41	66	4	19	64	0	38
 68513	47	41	66	4	19	65	0	38
 68558	47	41	66	4	19	66	0	38
 68604	47	41	66	4	19	67	0	38
 68649	48	41	66	4	19	67	0	39
 68694	48	41	66	4	19	68	0	39
 68740	47	41	66	4	19	69	0	39
 68786	47	41	66	4	19	70	0	39
 68830	47	41	66	4	19	70	0	39
 68876	47	42	66	0	19	71	0	39
 68921	47	41	66	0	19	72	0	39
 68966	47	41	66	0	19	73	0	39
 69012	50	41	66	0	19	73	0	39
 69057	54	41	66	0	19	74	0	39
 69104	58	41	66	0	19	75	0	39
 69148	60	41	66	0	19	76	0	39
 69193	62	41	66	4	19	76	0	39
 69239	62	41	65	4	19	77	0	39
 69284	58	42	66	4	19	78	0	39
 69329	55	41	66	4	19	79	0	39
 69465	51	41	65	4	19	81	0	39
 69511	50	41	65	4	19	82	0	39
 69556	50	41	66	4	19	83	0	39
 69605	50	41	65	4	19	83	0	39
 69692	50	42	65	4	19	85	0	39
 69737	50	41	65	4	19	86	0	39
 69783	49	42	65	4	19	86	0	39
 69828	49	41	65	4	19	87	0	39
 69964	49	42	65	4	19	89	0	39
 70009	49	41	65	4	19	90	0	39
 70101	49	42	65	4	19	92	0	39
 70191	49	41	65	4	19	93	0	39
 70236	49	41	65	12	19	94	0	39
 70281	49	41	65	12	19	95	0	39
 70327	49	42	65	12	19	96	0	39
 70372	49	42	65	12	19	96	0	39
 70418	48	42	65	12	19	97	0	39
 70463	48	41	65	12	19	98	0	39
 70508	48	41	65	12	19	99	0	39
 70554	48	41	65	12	19	99	0	39
 70599	48	41	65	12	19	100	0	39
 70644	48	41	64	12	19	101	0	39
 70735	48	42	64	12	19	102	0	39
 70780	48	41	64	12	19	103	0	39
 70826	48	41	64	12	19	104	0	39
 70871	48	42	64	12	19	105	0	39
 70962	48	42	64	12	19	106	0	39
 71007	49	42	64	12	19	107	0	39
 71053	49	42	64	12	19	108	0	39
 71098	49	42	64	12	19	108	0	39
 71143	49	42	64	12	19	109	0	39
 71189	49	41	64	12	19	110	0	39
 71234	49	42	64	12	19	111	0	39
 71279	49	42	64	12	19	111	0	39
 71325	49	42	64	12	19	112	0	39
 71370	49	42	64	12	19	113	0	39
 71419	49	42	64	12	19	114	0	39
 71461	49	42	63	12	19	114	0	39
 71506	49	42	64	12	19	115	0	39
 71551	49	42	64	12	19	116	0	39
 71597	50	42	65	12	19	117	0	39
 71642	50	42	63	12	19	117	0	39
 71688	50	42	63	12	19	118	0	39
 71733	50	42	64	12	19	119	0	39
 71778	50	42	64	12	19	120	0	39
 71824	50	42	64	12	19	120	0	39
 71869	50	42	64	12	19	121	0	39
 71914	50	42	64	12	19	122	0	39
 71960	50	42	64	12	19	123	0	39
 72005	50	42	64	12	19	123	0	39
 72050	50	42	64	4	20	64	0	39
 72096	50	42	64	4	20	65	0	39
 72141	50	42	64	4	20	66	0	39
 72186	50	42	64	4	20	66	0	39
 72232	50	42	64	4	20	67	0	39
 72277	50	42	64	4	20	68	0	39
 72327	50	42	64	4	20	69	0	39
 72368	50	42	64	4	20	70	0	39
 72414	50	42	64	4	20	70	0	39
 72459	50	42	64	4	20	71	0	39
 72504	50	42	63	4	20	72	0	39
 72550	50	42	64	4	20	73	0	39
 72595	50	42	64	4	20	73	0	39
 72640	50	42	64	4	20	74	0	39
 72686	50	42	63	4	20	75	0	39
 72731	50	42	63	4	20	76	0	39
 72776	50	42	63	4	20	76	0	39
 72822	49	42	63	4	20	77	0	39
 72867	50	42	63	4	20	78	0	39
 72912	50	42	63	4	20	79	0	39
 72958	50	42	63	4	20	79	0	39
 73003	49	42	64	4	20	80	0	39
 73048	50	42	64	4	20	81	0	39
 73094	49	42	63	4	20	82	0	39
 73139	49	42	63	4	20	82	0	39
 73184	49	42	63	4	20	83	0	39
 73230	49	42	63	4	20	84	0	39
 73275	49	42	63	4	20	85	0	39
 73320	49	42	63	4	20	85	0	39
 73366	49	42	63	4	20	86	0	39
 73411	49	42	63	4	20	87	0	39
 73457	49	42	63	4	20	88	0	39
 73502	49	42	63	4	20	88	0	39
 73551	49	42	62	4	20	89	0	39
 73593	49	42	62	4	20	90	0	39
 73638	49	42	62	4	20	91	0	39
 73683	49	42	62	4	20	91	0	39
 73729	49	42	63	4	20	92	0	39
 73774	49	42	63	4	20	93	0	39
 73819	49	42	63	12	20	94	0	39
 73865	49	42	62	12	20	94	0	39
 73910	49	42	62	12	20	95	0	39
 73955	49	42	62	12	20	96	0	39
 74001	49	42	63	12	20	97	0	39
 74046	49	42	63	12	20	97	0	39
 74092	49	42	63	12	20	98	0	39
 74137	49	42	63	12	20	99	0	39
 74182	49	42	63	12	20	100	0	39
 74227	49	42	62	12	20	100	0	39
 74273	49	42	63	12	20	101	0	39
 74318	49	42	63	12	20	102	0	39
 74364	49	42	63	12	20	103	0	39
 74409	49	42	63	12	20	104	0	39
 74454	49	42	63	12	20	104	0	39
 74500	49	42	63	12	20	105	0	39
 74545	49	42	62	12	20	106	0	39
 74636	49	42	62	12	20	107	0	39
 74681	49	42	62	12	20	108	0	39
 74772	49	42	62	12	20	110	0	39
 74817	49	42	62	12	20	110	0	39
 74908	49	42	62	12	20	112	0	39
 74953	49	42	62	12	20	113	0	39
 75003	49	42	62	12	20	113	0	39
 75044	49	42	63	12	20	114	0	39
 75090	49	42	62	12	20	115	0	39
 75135	49	41	62	12	20	116	0	39
 75180	49	42	62	12	20	116	0	39
 75225	49	42	62	12	20	117	0	39
 75274	49	42	62	12	20	118	0	39
 75316	49	42	62	12	20	119	0	39
 75362	49	42	62	12	20	119	0	39
 75407	49	42	62	12	20	120	0	39
 75452	49	42	62	12	20	121	0	39
 75497	49	42	62	12	20	122	0	39
 75543	49	42	62	12	20	122	0	39
 75588	49	42	62	12	20	123	0	39
 75633	49	42	62	4	21	64	0	39
 75679	49	42	62	4	21	65	0	39
 75724	49	42	62	4	21	65	0	39
 75787	49	42	62	4	21	66	0	39
 75815	49	42	62	4	21	67	0	39
 75860	49	42	62	4	21	68	0	39
 75906	49	42	62	4	21	68	0	39
 75951	49	42	62	4	21	69	0	39
 75996	49	42	62	4	21	70	0	39
 76042	49	42	62	4	21	71	0	39
 76132	49	42	62	4	21	72	0	39
 76178	49	42	62	4	21	73	0	39
 76223	49	42	62	4	21	74	0	39
 76268	49	42	62	4	21	74	0	39
 76314	49	42	62	4	21	75	0	39
 76359	49	42	62	4	21	76	0	39
 76404	49	42	62	4	21	77	0	39
 76450	49	42	62	4	21	78	0	39
 76495	49	42	62	4	21	78	0	39
 76540	49	42	62	4	21	79	0	39
 76586	49	42	62	4	21	80	0	39
 76631	49	42	62	4	21	81	0	39
 76676	49	42	62	4	21	81	0	39
 76722	49	42	62	4	21	82	0	39
 76767	49	42	62	4	21	83	0	39
 76812	49	42	62	4	21	84	0	39
 76858	49	42	62	4	21	84	0	39
 76903	49	42	62	4	21	85	0	39
 76948	49	42	62	4	21	86	0	39
 76994	49	42	62	4	21	87	0	39
 77039	49	42	61	4	21	87	0	39
 77130	49	42	61	4	21	89	0	39
 77175	49	42	62	4	21	90	0	39
 77220	49	42	61	4	21	90	0	39
 77266	49	42	61	4	21	91	0	39
 77311	49	42	61	4	21	92	0	39
 77357	49	42	62	4	21	93	0	39
 77402	49	42	61	4	21	93	0	39
 77447	48	42	61	12	21	94	0	39
 77493	49	42	61	12	21	95	0	39
 77538	49	42	61	12	21	96	0	39
 77583	48	42	61	12	21	96	0	39
 77629	49	42	61	12	21	97	0	39
 77674	48	42	61	12	21	98	0	39
 77719	49	42	61	12	21	99	0	39
 77765	48	42	61	12	21	99	0	39
 77810	49	41	62	12	21	100	0	39
 77856	48	42	61	12	21	101	0	39
 77901	48	42	61	12	21	102	0	39
 77946	48	42	61	12	21	102	0	39
 78037	48	42	61	12	21	104	0	39
 78082	48	42	61	12	21	105	0	39
 78128	48	42	61	12	21	105	0	39
 78174	48	42	61	12	21	106	0	39
 78219	48	41	61	12	21	107	0	39
 78264	48	42	61	12	21	108	0	39
 78309	48	41	61	12	21	108	0	39
 78354	48	42	61	12	21	109	0	39
 78400	48	42	61	12	21	110	0	39
 78445	48	42	61	12	21	111	0	39
 78490	48	42	61	12	21	112	0	39
 78536	48	42	61	12	21	112	0	39
 78581	48	42	61	12	21	113	0	39
 78627	48	42	61	12	21	114	0	39
 78763	48	42	61	12	21	116	0	39
 78808	48	42	61	12	21	117	0	39
 78853	48	42	61	12	21	118	0	39
 78898	48	42	61	12	21	118	0	39
 78944	48	41	61	12	21	119	0	39
 78989	48	41	61	12	21	120	0	39
 79035	48	42	61	12	21	121	0	39
 79080	48	41	61	12	21	121	0	39
 79125	48	42	61	12	21	122	0	39
 79171	48	41	60	12	21	123	0	39
 79216	48	41	60	4	22	64	0	39
 79261	48	41	60	4	22	64	0	39
 79307	48	41	60	4	22	65	0	39
 79352	48	42	60	4	22	66	0	39
 79443	48	41	60	4	22	67	0	39
 79488	48	42	60	4	22	68	0	39
 79624	48	41	60	4	22	70	0	39
 79670	48	41	60	4	22	71	0	39
 79715	48	41	60	4	22	72	0	39
 79760	48	42	60	4	22	73	0	39
 79806	48	41	60	4	22	73	0	39
 79851	48	42	60	4	22	74	0	39
 79896	48	41	60	4	22	75	0	39
 79942	48	41	60	4	22	76	0	39
 79987	48	42	60	4	22	76	0	39
 80032	48	41	60	4	22	77	0	39
 80078	48	41	60	4	22	78	0	39
 80127	48	41	60	4	22	79	0	39
 80169	48	41	60	4	22	79	0	39
 80214	48	41	60	4	22	80	0	39
 80260	48	41	60	4	22	81	0	39
 80304	48	41	60	4	22	82	0	39
 80350	48	41	60	4	22	83	0	39
 80395	48	41	60	4	22	83	0	39
 80441	48	41	60	4	22	84	0	39
 80486	48	42	60	4	22	85	0	39
 80531	48	41	60	4	22	86	0	39
 80577	48	42	60	4	22	86	0	39
 80622	48	41	60	4	22	87	0	39
 80667	48	41	60	4	22	88	0	39
 80716	48	41	60	4	22	89	0	39
 80758	48	41	60	4	22	89	0	39
 80803	48	41	60	4	22	90	0	39
 80849	48	41	60	4	22	91	0	39
 80894	48	41	60	4	22	92	0	39
 80939	48	41	60	4	22	92	0	39
 80985	48	41	60	4	22	93	0	39
 81030	48	41	60	12	22	94	0	39
 81075	48	41	60	12	22	95	0	39
 81121	48	41	60	12	22	95	0	39
 81166	48	41	60	12	22	96	0	39
 81212	48	41	60	12	22	97	0	39
 81302	48	41	60	12	22	98	0	39
 81348	48	41	59	12	22	99	0	39
 81393	48	41	59	12	22	100	0	39
 81438	48	41	59	12	22	101	0	39
 81439	48	41	59	12	22	101	0	39
 81529	48	41	60	12	22	102	0	39
 81574	48	41	59	12	22	103	0	39
 81620	48	41	59	12	22	104	0	39
 81665	48	41	59	12	22	104	0	39
 81710	48	41	59	12	22	105	0	39
 81846	48	41	59	12	22	107	0	39
 81892	48	41	59	12	22	108	0	39
 81937	48	41	59	12	22	109	0	39
 81982	48	41	60	12	22	110	0	39
 82028	48	41	60	12	22	110	0	39
 82073	48	41	60	12	22	111	0	39
 82118	48	41	59	12	22	112	0	39
 82164	48	41	60	12	22	113	0	39
 82209	48	41	59	12	22	113	0	39
 82254	48	41	59	12	22	114	0	39
 82300	47	41	60	12	22	115	0	39
 82345	48	41	60	12	22	116	0	39
 82390	47	41	59	12	22	117	0	39
 82436	48	41	59	12	22	117	0	39
 82481	48	41	59	12	22	118	0	39
 82526	48	41	59	12	22	119	0	39
 82572	47	41	59	12	22	120	0	39
 82617	48	41	59	12	22	120	0	39
 82663	47	41	59	12	22	121	0	39
 82708	47	41	59	12	22	122	0	39
 82753	47	41	59	12	22	123	0	39
 82799	47	41	59	12	22	123	0	39
 82844	48	41	59	4	23	64	0	39
 82889	47	41	59	4	23	65	0	39
 82935	47	41	59	4	23	66	0	39
 82980	48	41	59	4	23	66	0	39
 83025	47	41	59	4	23	67	0	39
 83071	48	41	59	4	23	68	0	39
 83116	47	41	59	4	23	69	0	39
 83161	47	41	59	4	23	69	0	39
 83207	47	41	58	4	23	70	0	39
 83252	47	41	59	4	23	71	0	39
 83301	47	41	59	4	23	72	0	39
 83343	47	41	58	4	23	72	0	39
 83388	47	41	59	4	23	73	0	39
 83434	47	41	59	4	23	74	0	39
 83479	47	41	60	4	23	75	0	39
 83524	47	41	59	4	23	75	0	39
 83570	47	41	59	4	23	76	0	39
 83615	48	41	58	4	23	77	0	39
 83661	47	41	58	4	23	78	0	39
 83751	47	41	58	4	23	79	0	39
 83842	47	41	58	4	23	81	0	39
 83887	47	41	58	4	23	81	0	39
 83932	47	41	58	4	23	82	0	39
 83978	47	41	58	4	23	83	0	39
 84023	47	41	58	4	23	84	0	39
 84068	47	41	58	4	23	84	0	39
 84114	47	41	58	4	23	85	0	39
 84159	47	41	58	4	23	86	0	39
 84205	47	41	58	4	23	87	0	39
 84250	47	41	59	4	23	87	0	39
 84295	47	41	59	4	23	88	0	39
 84386	47	41	58	4	23	90	0	39
 84431	47	41	58	4	23	91	0	39
 84477	47	41	58	4	23	91	0	39
 84522	47	41	58	4	23	92	0	39
 84567	47	41	59	4	23	93	0	39
 84613	47	41	59	12	23	94	0	39
 84658	47	41	59	12	23	94	0	39
 84703	47	41	59	12	23	95	0	39
 84749	47	41	58	12	23	96	0	39
 84794	47	41	58	12	23	97	0	39
 84839	47	41	58	12	23	97	0	39
 84885	47	41	58	12	23	98	0	39
 84930	47	41	59	12	23	99	0	39
 84976	47	41	58	12	23	100	0	39
 85021	47	41	59	12	23	100	0	39
 85066	47	41	58	12	23	101	0	39
 85111	47	41	59	12	23	102	0	39
 85157	47	41	58	12	23	103	0	39
 85202	47	41	59	12	23	103	0	39
 85248	47	41	58	12	23	104	0	39
 85293	47	41	59	12	23	105	0	39
 85338	47	41	59	12	23	106	0	39
 85384	47	41	59	12	23	106	0	39
 85429	47	41	59	12	23	107	0	39
 85474	47	41	58	12	23	108	0	39
 85520	47	41	58	12	23	109	0	39
 85565	47	41	58	12	23	109	0	39
 85610	47	41	58	12	23	110	0	39
 85656	47	41	58	12	23	111	0	39
 85701	47	41	58	12	23	112	0	39
 85746	47	41	58	12	23	112	0	39
 85792	47	41	59	12	23	113	0	39
 85837	47	41	59	12	23	114	0	39
 85883	47	41	59	12	23	115	0	39
 85928	47	41	58	12	23	115	0	39
 85973	47	41	58	12	23	116	0	39
 86019	47	41	58	12	23	117	0	39
 86064	47	41	58	12	23	118	0	39
 86109	47	41	58	12	23	118	0	39
 86155	47	41	58	12	23	119	0	39
 86200	47	40	58	12	23	120	0	39
 86246	47	41	58	12	23	121	0	39
 86291	47	41	58	12	23	122	0	39
 86381	47	41	58	12	23	123	0	39
