HomeCentral
 Falkenstrasse 20
 8630 Rueti
 Datum: 02.09.14 00:00
 
 Startzeit: 2014-09-02 00:00:23 +0100
 113	56	49	58	4	0	65	0	41
 159	56	49	58	4	0	66	0	41
 205	55	49	58	4	0	67	0	41
 249	55	50	58	4	0	67	0	41
 295	55	49	58	4	0	68	0	41
 340	55	50	58	4	0	69	0	41
 386	55	49	58	4	0	70	0	41
 431	55	49	58	4	0	70	0	41
 476	55	49	58	4	0	71	0	41
 522	55	49	58	4	0	72	0	41
 567	55	49	58	4	0	73	0	41
 612	55	49	58	4	0	73	0	41
 658	55	49	58	4	0	74	0	41
 703	55	49	58	4	0	75	0	41
 748	55	49	58	4	0	76	0	41
 794	55	49	58	4	0	76	0	41
 839	55	49	58	4	0	77	0	41
 884	55	49	58	4	0	78	0	41
 930	55	49	58	4	0	79	0	41
 975	55	49	58	4	0	79	0	41
 1020	55	49	58	4	0	80	0	41
 1066	55	49	58	4	0	81	0	41
 1111	55	49	57	4	0	82	0	41
 1157	55	49	58	4	0	83	0	41
 1202	55	49	58	4	0	83	0	41
 1247	55	49	58	4	0	84	0	41
 1293	55	49	58	4	0	85	0	41
 1338	55	48	58	4	0	86	0	41
 1383	55	49	58	4	0	86	0	41
 1429	56	49	58	4	0	87	0	41
 1474	56	49	58	4	0	88	0	41
 1519	56	49	57	4	0	89	0	41
 1565	56	49	58	4	0	89	0	41
 1610	56	48	57	4	0	90	0	41
 1655	56	48	58	4	0	91	0	41
 1701	56	48	57	4	0	92	0	41
 1746	55	48	57	4	0	92	0	41
 1791	56	48	58	4	0	93	0	41
 1882	55	48	57	12	0	95	0	41
 1928	55	48	57	12	0	96	0	41
 1973	55	48	57	12	0	96	0	41
 2018	55	48	57	12	0	97	0	41
 2064	55	48	58	12	0	98	0	41
 2109	55	48	57	12	0	99	0	41
 2154	55	48	57	12	0	99	0	41
 2200	55	48	57	12	0	100	0	41
 2290	55	48	57	12	0	102	0	41
 2336	55	48	57	12	0	102	0	41
 2381	55	48	58	12	0	103	0	41
 2426	55	48	57	12	0	104	0	41
 2472	55	48	57	12	0	105	0	41
 2517	55	48	57	12	0	105	0	41
 2562	55	48	57	12	0	106	0	41
 2611	55	48	57	12	0	107	0	41
 2657	55	48	57	12	0	108	0	41
 2701	55	48	57	12	0	108	0	41
 2744	55	48	57	12	0	109	0	41
 2789	55	48	57	12	0	110	0	41
 2836	55	48	57	12	0	111	0	41
 2880	55	48	57	12	0	111	0	41
 2925	55	48	57	12	0	112	0	41
 2971	54	48	57	12	0	113	0	41
 3016	54	48	57	12	0	114	0	41
 3061	54	48	57	12	0	114	0	41
 3107	54	48	57	12	0	115	0	41
 3152	54	48	57	12	0	116	0	41
 3197	54	48	57	12	0	117	0	41
 3243	54	48	57	12	0	117	0	40
 3288	54	48	57	12	0	118	0	40
 3333	54	48	57	12	0	119	0	41
 3379	54	47	57	12	0	120	0	41
 3424	54	48	57	12	0	120	0	40
 3470	54	47	57	12	0	121	0	40
 3515	54	48	57	12	0	122	0	40
 3560	54	47	57	12	0	123	0	40
 3606	54	48	57	12	0	123	0	40
 3651	54	47	57	4	1	64	0	40
 3696	54	47	57	4	1	65	0	40
 3742	54	47	57	4	1	66	0	40
 3787	54	47	56	4	1	66	0	40
 3832	53	47	56	4	1	67	0	40
 3878	53	47	56	4	1	68	0	40
 3923	54	47	57	4	1	69	0	40
 3969	53	47	56	4	1	70	0	40
 4014	54	47	56	4	1	70	0	40
 4059	53	47	56	4	1	71	0	40
 4105	53	47	57	4	1	72	0	40
 4150	53	47	56	4	1	73	0	40
 4195	53	47	57	4	1	73	0	40
 4241	53	47	57	4	1	74	0	40
 4286	53	47	56	4	1	75	0	40
 4331	53	47	56	4	1	76	0	40
 4377	53	47	56	4	1	76	0	40
 4422	53	47	56	4	1	77	0	40
 4467	53	47	57	4	1	78	0	40
 4513	53	47	56	4	1	79	0	40
 4558	53	47	56	4	1	79	0	40
 4603	53	47	56	4	1	80	0	40
 4649	53	47	56	4	1	81	0	40
 4694	53	47	56	4	1	82	0	40
 4743	53	47	56	4	1	82	0	40
 4785	53	47	56	4	1	83	0	40
 4830	53	47	56	4	1	84	0	40
 4876	53	47	56	4	1	85	0	40
 4921	53	46	56	4	1	85	0	40
 5012	53	47	56	4	1	86	0	40
 5023	53	46	56	4	1	87	0	40
 5060	53	47	56	4	1	88	0	40
 5175	53	46	57	4	1	88	0	40
 5201	53	46	56	4	1	90	0	40
 5201	53	46	56	4	1	90	0	40
 5238	53	46	56	4	1	91	0	40
 5284	53	46	56	4	1	91	0	40
 5329	53	46	56	4	1	92	0	40
 5380	53	46	56	4	1	93	0	40
 5422	53	46	56	12	1	94	0	40
 5465	53	46	56	12	1	94	0	40
 5510	53	46	56	12	1	95	0	40
 5556	53	46	56	12	1	96	0	40
 5601	53	46	56	12	1	97	0	40
 5646	53	46	56	12	1	97	0	40
 5692	53	46	56	12	1	98	0	40
 5737	53	46	56	12	1	99	0	40
 5782	53	46	58	12	1	100	0	40
 5828	53	46	56	12	1	100	0	40
 5874	53	46	56	12	1	101	0	40
 5919	52	46	56	12	1	102	0	40
 6009	52	46	56	12	1	104	0	40
 6055	52	46	56	12	1	104	0	40
 6100	52	46	56	12	1	105	0	40
 6145	52	46	56	12	1	106	0	40
 6191	52	46	56	12	1	107	0	40
 6236	52	46	56	12	1	107	0	40
 6281	52	46	56	12	1	108	0	40
 6327	52	46	56	12	1	109	0	40
 6372	52	46	56	12	1	110	0	40
 6419	52	46	56	12	1	110	0	40
 6465	52	46	56	12	1	111	0	40
 6508	52	46	56	12	1	112	0	40
 6553	52	46	56	12	1	113	0	40
 6644	52	46	56	12	1	114	0	40
 6689	52	46	56	12	1	115	0	40
 6735	52	46	56	12	1	116	0	40
 6780	52	46	56	12	1	116	0	40
 6826	52	46	56	12	1	117	0	40
 6871	52	46	56	12	1	118	0	40
 6916	52	46	55	12	1	119	0	40
 6962	52	46	55	12	1	119	0	40
 7052	52	46	55	12	1	121	0	40
 7098	52	46	56	12	1	122	0	40
 7143	52	46	55	12	1	122	0	40
 7188	52	45	55	12	1	123	0	40
 7234	52	46	56	4	2	64	0	40
 7279	52	45	56	4	2	65	0	40
 7324	52	46	56	4	2	65	0	40
 7370	52	45	56	4	2	66	0	40
 7415	52	45	56	4	2	67	0	40
 7460	52	46	56	4	2	68	0	40
 7506	52	45	56	4	2	68	0	40
 7551	52	45	56	4	2	69	0	40
 7597	52	45	56	4	2	70	0	40
 7642	52	45	56	4	2	71	0	40
 7687	52	45	55	4	2	71	0	40
 7733	52	45	55	4	2	72	0	40
 7778	52	45	56	4	2	73	0	40
 7823	52	45	56	4	2	74	0	40
 7869	52	45	56	4	2	74	0	40
 7914	52	45	56	4	2	75	0	40
 7959	52	45	55	4	2	76	0	40
 8005	51	45	55	4	2	77	0	40
 8050	52	45	56	4	2	78	0	40
 8095	51	45	56	4	2	78	0	40
 8141	51	45	55	4	2	79	0	40
 8186	52	45	55	4	2	80	0	40
 8232	51	45	55	4	2	81	0	40
 8277	51	45	56	4	2	81	0	40
 8322	51	45	55	4	2	82	0	40
 8368	51	45	55	4	2	83	0	40
 8413	51	45	55	4	2	84	0	40
 8458	51	45	56	4	2	84	0	40
 8504	51	45	56	4	2	85	0	40
 8549	51	45	55	4	2	86	0	40
 8594	51	45	55	4	2	87	0	40
 8640	51	45	55	4	2	87	0	40
 8685	51	45	55	4	2	88	0	40
 8730	51	45	55	4	2	89	0	40
 8776	51	45	55	4	2	90	0	40
 8821	51	45	56	4	2	90	0	40
 8866	51	45	55	4	2	91	0	40
 8912	51	45	55	4	2	92	0	40
 8959	51	45	55	4	2	93	0	40
 9006	51	45	55	4	2	93	0	40
 9052	51	45	55	12	2	94	0	40
 9095	51	45	55	12	2	95	0	40
 9144	51	45	55	12	2	96	0	40
 9190	51	45	55	12	2	96	0	40
 9236	51	45	55	12	2	97	0	40
 9327	51	45	55	12	2	99	0	40
 9369	51	45	55	12	2	99	0	40
 9422	51	45	55	12	2	100	0	40
 9473	51	45	55	12	2	101	0	40
 9512	51	45	55	12	2	102	0	40
 9555	50	45	56	12	2	102	0	40
 9602	51	45	55	12	2	103	0	40
 9641	51	45	55	12	2	104	0	40
 9687	51	44	55	12	2	105	0	40
 9728	51	45	55	12	2	105	0	40
 9773	51	45	55	12	2	106	0	40
 9820	51	44	55	12	2	107	0	40
 9865	51	44	55	12	2	108	0	40
 9911	51	44	55	12	2	108	0	40
 9955	51	45	55	12	2	109	0	40
 10000	51	45	55	12	2	110	0	40
 10046	50	44	55	12	2	111	0	40
 10091	51	44	55	12	2	112	0	40
 10139	50	44	55	12	2	112	0	40
 10182	50	44	56	12	2	113	0	40
 10227	50	44	55	12	2	114	0	40
 10272	51	44	55	12	2	115	0	40
 10318	50	44	55	12	2	115	0	40
 10363	50	44	55	12	2	116	0	40
 10408	50	44	55	12	2	117	0	40
 10458	50	44	55	12	2	118	0	40
 10499	50	44	55	12	2	118	0	40
 10544	50	44	55	12	2	119	0	40
 10590	50	44	55	12	2	120	0	40
 10635	50	44	55	12	2	121	0	40
 10680	50	44	55	12	2	121	0	40
 10726	50	44	55	12	2	122	0	40
 10771	50	44	55	12	2	123	0	40
 10817	50	44	55	4	3	64	0	40
 10862	50	44	55	4	3	64	0	40
 10907	50	44	55	4	3	65	0	40
 10953	50	44	54	4	3	66	0	40
 10998	50	44	54	4	3	67	0	40
 11043	50	44	54	4	3	67	0	40
 11089	50	44	54	4	3	68	0	40
 11134	50	44	54	4	3	69	0	40
 11179	50	44	54	4	3	70	0	40
 11225	50	44	54	4	3	70	0	40
 11270	50	44	54	4	3	71	0	40
 11315	50	44	54	4	3	72	0	40
 11361	50	44	55	4	3	73	0	40
 11406	50	44	54	4	3	73	0	40
 11452	50	44	54	4	3	74	0	40
 11497	50	44	54	4	3	75	0	40
 11542	50	44	54	4	3	76	0	40
 11588	50	44	54	4	3	76	0	40
 11633	50	44	54	4	3	77	0	40
 11678	50	44	54	4	3	78	0	40
 11724	50	44	54	4	3	79	0	40
 11769	50	44	54	4	3	79	0	40
 11814	50	44	54	4	3	80	0	40
 11860	50	44	55	4	3	81	0	40
 11905	50	44	54	4	3	82	0	40
 11950	50	44	54	4	3	83	0	40
 11996	50	44	54	4	3	83	0	40
 12041	50	44	54	4	3	84	0	40
 12086	50	44	54	4	3	85	0	40
 12132	50	44	54	4	3	86	0	40
 12177	50	44	54	4	3	86	0	40
 12222	50	44	54	4	3	87	0	40
 12268	50	44	54	4	3	88	0	40
 12313	50	44	54	4	3	89	0	40
 12359	50	44	54	4	3	89	0	40
 12404	50	44	54	4	3	90	0	39
 12449	50	44	54	4	3	91	0	39
 12495	50	44	54	4	3	92	0	40
 12544	50	44	54	4	3	92	0	40
 12585	50	44	54	4	3	93	0	39
 12631	49	43	54	12	3	94	0	39
 12676	50	44	54	12	3	95	0	40
 12722	50	44	54	12	3	95	0	39
 12767	49	44	54	12	3	96	0	39
 12812	49	44	55	12	3	97	0	40
 12903	49	44	54	12	3	98	0	39
 12948	49	44	54	12	3	99	0	39
 12993	49	44	54	12	3	100	0	39
 13039	49	44	54	12	3	101	0	39
 13084	49	43	54	12	3	101	0	39
 13130	49	43	54	12	3	102	0	39
 13175	49	43	54	12	3	103	0	39
 13220	49	43	54	12	3	104	0	39
 13266	49	43	54	12	3	104	0	39
 13311	49	43	54	12	3	105	0	39
 13356	49	43	54	12	3	106	0	39
 13402	49	43	54	12	3	107	0	39
 13447	49	43	54	12	3	107	0	39
 13492	49	43	54	12	3	108	0	39
 13538	49	43	54	12	3	109	0	39
 13583	49	43	54	12	3	110	0	39
 13628	49	43	54	12	3	110	0	39
 13674	49	43	54	12	3	111	0	39
 13719	49	43	54	12	3	112	0	39
 13765	49	43	54	12	3	113	0	39
 13810	49	43	54	12	3	113	0	39
 13855	49	43	54	12	3	114	0	39
 13901	49	43	54	12	3	115	0	39
 13946	49	43	54	12	3	116	0	39
 13991	49	44	54	12	3	117	0	39
 14037	49	43	54	12	3	117	0	39
 14082	49	43	54	12	3	118	0	39
 14127	49	43	54	12	3	119	0	39
 14173	49	43	54	12	3	120	0	39
 14218	49	43	54	12	3	120	0	39
 14263	49	43	54	12	3	121	0	39
 14309	49	43	54	12	3	122	0	39
 14354	49	43	54	12	3	123	0	39
 14399	49	43	54	12	3	123	0	39
 14445	49	43	54	4	4	64	0	39
 14490	49	43	54	4	4	65	0	39
 14535	49	43	55	4	4	66	0	39
 14581	49	43	54	4	4	66	0	39
 14626	49	43	54	4	4	67	0	39
 14672	49	43	54	4	4	68	0	39
 14717	49	43	54	4	4	69	0	39
 14762	49	43	54	4	4	69	0	39
 14808	49	43	54	4	4	70	0	39
 14853	49	43	54	4	4	71	0	39
 14898	49	43	54	4	4	72	0	39
 14944	49	43	54	4	4	72	0	39
 15034	49	43	54	4	4	74	0	39
 15080	49	43	54	4	4	75	0	39
 15125	49	43	54	4	4	75	0	39
 15170	49	43	54	4	4	76	0	39
 15216	49	43	54	4	4	77	0	39
 15261	49	43	54	4	4	78	0	39
 15307	49	43	54	4	4	78	0	39
 15352	49	43	54	4	4	79	0	39
 15397	48	43	54	4	4	80	0	39
 15443	49	43	54	4	4	81	0	39
 15533	48	43	54	0	4	82	0	39
 15579	48	43	54	0	4	83	0	39
 15624	48	43	54	0	4	84	0	39
 15669	51	43	54	0	4	84	0	39
 15715	55	43	54	0	4	85	0	39
 15760	59	43	54	0	4	86	0	39
 15805	62	43	54	0	4	87	0	39
 15851	64	43	54	4	4	87	0	39
 15896	64	43	54	4	4	88	0	39
 15941	60	43	54	4	4	89	0	39
 15987	57	43	54	4	4	90	0	39
 16032	54	43	54	4	4	91	0	39
 16077	53	43	54	4	4	91	0	39
 16123	52	43	54	4	4	92	0	39
 16168	52	43	54	4	4	93	0	39
 16214	51	43	54	12	4	94	0	39
 16259	51	43	54	12	4	94	0	39
 16304	51	43	54	12	4	95	0	39
 16350	51	43	54	12	4	96	0	39
 16395	51	43	54	12	4	97	0	39
 16440	51	43	54	12	4	97	0	39
 16486	51	43	54	12	4	98	0	39
 16531	51	43	54	12	4	99	0	39
 16576	51	43	54	12	4	100	0	39
 16622	51	43	53	12	4	100	0	39
 16667	51	43	53	12	4	101	0	39
 16712	51	43	54	12	4	102	0	39
 16758	51	43	54	12	4	103	0	39
 16803	50	43	53	12	4	103	0	39
 16848	50	43	54	12	4	104	0	39
 16894	50	43	54	12	4	105	0	39
 16943	50	43	54	12	4	106	0	39
 16985	50	43	53	12	4	106	0	39
 17030	50	43	53	12	4	107	0	39
 17075	50	43	53	12	4	108	0	39
 17121	50	43	53	12	4	109	0	39
 17166	50	43	53	12	4	109	0	39
 17211	49	43	53	12	4	110	0	39
 17257	49	43	53	12	4	111	0	39
 17302	49	43	53	12	4	112	0	39
 17347	49	43	53	12	4	112	0	39
 17393	49	43	53	12	4	113	0	39
 17438	49	43	53	12	4	114	0	39
 17484	49	43	53	12	4	115	0	39
 17529	50	43	53	12	4	115	0	39
 17574	49	43	53	12	4	116	0	39
 17619	49	43	53	12	4	117	0	39
 17665	49	43	53	12	4	118	0	39
 17710	49	43	53	12	4	118	0	39
 17756	50	43	53	12	4	119	0	39
 17801	50	43	53	12	4	120	0	39
 17847	50	43	53	12	4	121	0	39
 17892	50	43	53	12	4	121	0	39
 17937	50	43	53	12	4	122	0	39
 17982	50	43	53	12	4	123	0	39
 18028	50	43	53	4	5	64	0	39
 18073	50	43	53	4	5	65	0	39
 18118	50	43	53	4	5	65	0	39
 18168	50	43	53	4	5	66	0	39
 18209	50	43	53	4	5	67	0	39
 18256	50	43	53	4	5	68	0	39
 18300	50	43	53	4	5	68	0	39
 18345	50	43	53	4	5	69	0	39
 18390	50	43	53	4	5	70	0	39
 18436	50	43	53	4	5	71	0	39
 18481	50	43	53	4	5	71	0	39
 18527	50	43	53	4	5	72	0	39
 18572	51	43	53	4	5	73	0	39
 18617	51	43	53	4	5	74	0	39
 18663	50	43	53	4	5	74	0	39
 18708	51	43	53	4	5	75	0	39
 18753	51	43	53	4	5	76	0	39
 18799	51	43	53	4	5	77	0	39
 18844	51	43	53	4	5	77	0	39
 18891	51	43	53	4	5	78	0	39
 18935	51	43	53	4	5	79	0	39
 18981	51	43	53	4	5	80	0	39
 19026	51	43	53	4	5	80	0	39
 19071	51	43	53	4	5	81	0	39
 19116	51	43	53	4	5	82	0	39
 19162	51	43	53	4	5	83	0	39
 19207	51	43	53	4	5	83	0	39
 19252	51	43	53	4	5	84	0	39
 19298	51	43	53	4	5	85	0	39
 19343	51	43	53	4	5	86	0	39
 19388	51	43	53	4	5	86	0	39
 19434	51	43	53	4	5	87	0	39
 19480	50	43	53	4	5	88	0	39
 19525	51	43	53	4	5	89	0	39
 19570	51	43	53	4	5	89	0	39
 19615	51	43	53	4	5	90	0	39
 19661	51	43	53	4	5	91	0	39
 19706	50	43	53	4	5	92	0	39
 19752	50	43	53	4	5	92	0	39
 19796	50	43	53	4	5	93	0	39
 19842	50	43	53	12	5	94	0	39
 19887	50	43	53	12	5	95	0	39
 19933	50	43	53	12	5	96	0	39
 19980	50	43	53	12	5	96	0	39
 20026	50	43	53	12	5	97	0	39
 20118	50	43	53	12	5	99	0	39
 20161	50	43	53	12	5	99	0	39
 20208	50	43	53	12	5	100	0	39
 20253	50	43	53	12	5	101	0	39
 20301	50	43	53	12	5	102	0	39
 20344	50	43	53	12	5	102	0	39
 20388	50	43	53	12	5	103	0	39
 20432	50	43	53	12	5	104	0	39
 20477	50	43	53	12	5	105	0	39
 20523	50	43	52	12	5	105	0	39
 20567	50	43	52	12	5	106	0	39
 20613	50	43	52	12	5	107	0	39
 20658	50	43	52	12	5	108	0	39
 20704	50	43	53	12	5	108	0	39
 20749	50	43	53	12	5	109	0	39
 20794	50	43	52	12	5	110	0	39
 20840	50	43	53	12	5	111	0	39
 20885	50	43	53	12	5	111	0	39
 20930	50	43	53	12	5	112	0	39
 20976	50	43	52	12	5	113	0	39
 21021	50	43	53	12	5	114	0	39
 21067	50	43	53	12	5	114	0	39
 21112	50	43	53	12	5	115	0	39
 21159	50	43	53	12	5	116	0	39
 21206	50	43	53	12	5	117	0	39
 21250	50	43	53	12	5	117	0	39
 21299	50	43	53	12	5	118	0	39
 21347	50	43	53	12	5	119	0	39
 21385	50	43	53	12	5	120	0	39
 21433	50	43	53	12	5	120	0	39
 21481	50	43	52	12	5	121	0	39
 21524	50	43	52	12	5	122	0	39
 21567	49	43	52	12	5	123	0	39
 21614	50	43	52	12	5	123	0	39
 21660	48	43	52	7	6	64	0	39
 21704	54	44	52	7	6	65	0	39
 21748	73	45	52	7	6	66	0	39
 21792	79	46	52	7	6	66	0	39
 21839	79	51	52	7	6	67	0	39
 21885	79	58	52	7	6	68	0	39
 21933	79	63	52	7	6	69	0	39
 21975	80	65	52	3	6	70	0	39
 22020	74	65	52	3	6	70	0	39
 22065	66	63	52	3	6	71	0	39
 22109	63	62	53	3	6	72	0	39
 22155	63	60	52	3	6	73	0	39
 22200	73	58	52	3	6	73	0	39
 22245	77	57	52	3	6	74	0	39
 22291	79	58	52	3	6	75	0	39
 22336	79	61	52	7	6	76	0	39
 22382	80	64	52	7	6	76	0	39
 22427	79	65	53	7	6	77	0	39
 22472	78	66	53	7	6	78	0	39
 22518	78	67	52	7	6	79	0	39
 22563	79	67	52	7	6	79	0	39
 22608	79	68	52	7	6	80	0	39
 22654	77	68	52	7	6	81	0	39
 22699	79	69	52	7	6	82	0	39
 22744	78	69	52	7	6	82	0	39
 22790	78	70	52	7	6	83	0	39
 22835	79	71	52	7	6	84	0	39
 22880	78	71	53	7	6	85	0	39
 22926	79	72	52	7	6	85	0	39
 22972	78	72	52	7	6	86	0	39
 23016	78	72	53	7	6	87	0	39
 23062	78	73	52	7	6	88	0	39
 23107	77	73	52	7	6	88	0	39
 23153	77	73	52	3	6	89	0	39
 23198	75	73	52	3	6	90	0	39
 23243	75	73	52	3	6	91	0	39
 23289	79	73	53	3	6	91	0	39
 23334	77	72	52	3	6	92	0	39
 23379	78	72	52	3	6	93	0	39
 23426	78	73	52	15	6	94	0	39
 23470	78	73	52	15	6	94	0	39
 23515	78	73	52	15	6	95	0	39
 23561	78	74	52	15	6	96	0	39
 23606	79	74	52	15	6	97	0	39
 23651	79	74	52	15	6	97	0	39
 23697	79	74	52	15	6	98	0	39
 23742	79	74	52	15	6	99	0	39
 23789	79	74	52	15	6	100	0	39
 23833	79	74	52	15	6	100	0	39
 23878	79	74	52	15	6	101	0	39
 23924	79	74	52	15	6	102	0	39
 23969	79	74	52	15	6	103	0	39
 24014	79	74	53	15	6	104	0	39
 24060	79	74	52	15	6	104	0	39
 24105	79	74	52	15	6	105	0	39
 24150	79	74	52	15	6	106	0	39
 24196	79	75	52	15	6	107	0	39
 24241	79	75	52	15	6	107	0	39
 24286	79	75	52	15	6	108	0	39
 24332	79	75	52	15	6	109	0	39
 24377	79	75	52	15	6	110	0	39
 24422	78	74	52	15	6	110	0	39
 24468	79	75	53	15	6	111	0	39
 24513	79	75	52	15	6	112	0	39
 24604	78	75	52	15	6	113	0	39
 24649	78	74	52	15	6	114	0	39
 24695	78	75	52	15	6	115	0	39
 24740	78	75	52	15	6	116	0	39
 24785	78	75	53	15	6	116	0	39
 24876	78	75	52	15	6	118	0	39
 24921	78	75	52	15	6	119	0	39
 24967	78	75	53	15	6	119	0	39
 25012	78	75	52	15	6	120	0	39
 25057	78	75	52	15	6	121	0	39
 25103	78	75	52	15	6	122	0	39
 25148	78	75	52	15	6	122	0	39
 25193	78	75	52	15	6	123	0	39
 25239	78	75	54	39	7	64	0	39
 25284	78	75	52	35	7	65	0	39
 25330	76	75	52	35	7	65	0	39
 25375	75	75	53	35	7	66	0	39
 25420	78	75	53	35	7	67	0	39
 25466	79	74	53	35	7	68	0	39
 25511	78	74	52	35	7	68	0	39
 25558	76	74	53	39	7	69	0	39
 25602	78	75	52	39	7	70	0	39
 25647	79	75	52	39	7	71	0	39
 25692	78	74	53	39	7	71	0	39
 25738	79	75	53	39	7	72	0	39
 25783	77	75	52	39	7	73	0	39
 25828	76	75	53	39	7	74	0	39
 25874	77	75	53	39	7	74	0	39
 25919	78	75	53	39	7	75	0	39
 25964	79	74	53	39	7	76	0	39
 26010	79	74	53	39	7	77	0	39
 26055	78	75	53	39	7	78	0	39
 26101	76	76	53	39	7	78	0	39
 26146	76	76	53	39	7	79	0	39
 26192	76	75	53	39	7	80	0	39
 26237	78	74	53	39	7	81	0	39
 26282	76	74	53	39	7	81	0	39
 26327	79	74	53	39	7	82	0	39
 26373	77	75	53	39	7	83	0	39
 26418	78	75	53	39	7	84	0	39
 26465	77	75	53	39	7	84	0	39
 26509	77	74	53	39	7	85	0	39
 26554	78	75	53	39	7	86	0	39
 26645	78	75	53	39	7	87	0	39
 26690	76	74	53	39	7	88	0	39
 26735	79	75	53	39	7	89	0	39
 26781	76	75	53	39	7	90	0	39
 26826	79	75	53	39	7	90	0	39
 26917	78	75	53	39	7	92	0	39
 26962	76	75	53	39	7	93	0	39
 27011	77	74	53	39	7	93	0	39
 27053	77	75	53	47	7	94	0	39
 27144	78	75	53	47	7	96	0	39
 27189	76	74	53	47	7	96	0	39
 27238	78	75	53	47	7	97	0	39
 27280	76	75	53	47	7	98	0	39
 27326	78	75	53	47	7	99	0	39
 27370	76	75	53	47	7	99	0	39
 27416	77	75	53	47	7	100	0	39
 27461	77	75	53	47	7	101	0	39
 27506	76	74	53	47	7	102	0	39
 27552	78	75	53	47	7	102	0	39
 27597	76	75	53	47	7	103	0	39
 27642	76	75	53	47	7	104	0	39
 27688	78	76	53	47	7	105	0	39
 27733	76	75	53	47	7	105	0	39
 27779	77	75	53	47	7	106	0	39
 27824	77	75	53	47	7	107	0	39
 27916	78	75	53	47	7	108	0	39
 27960	76	75	53	47	7	109	0	39
 28007	75	75	53	47	7	110	0	39
 28054	78	75	53	47	7	111	0	39
 28141	76	75	54	47	7	112	0	39
 28187	77	75	53	47	7	113	0	39
 28232	75	75	53	47	7	114	0	39
 28277	77	75	53	47	7	115	0	39
 28323	77	75	53	47	7	115	0	39
 28368	75	75	53	47	7	116	0	39
 28413	77	75	53	47	7	117	0	39
 28459	76	75	53	47	7	118	0	39
 28504	75	74	53	47	7	118	0	39
 28550	77	75	53	47	7	119	0	39
 28595	75	75	53	47	7	120	0	39
 28641	76	74	53	47	7	121	0	39
 28686	77	75	53	47	7	121	0	39
 28731	75	74	53	47	7	122	0	39
 28776	78	74	53	47	7	123	0	39
 28822	76	75	53	32	8	64	0	39
 28867	74	74	53	32	8	64	0	39
 28913	75	73	53	32	8	65	0	39
 28958	78	73	53	32	8	66	0	39
 29006	82	72	53	32	8	67	0	39
 29048	84	72	53	32	8	67	0	39
 29094	85	71	53	36	8	68	0	39
 29139	84	69	53	36	8	69	0	39
 29185	80	68	53	36	8	70	0	39
 29230	77	67	53	36	8	70	0	39
 29275	75	67	53	36	8	71	0	39
 29321	74	66	53	36	8	72	0	39
 29366	73	66	53	36	8	73	0	39
 29411	72	66	53	36	8	73	0	39
 29457	72	66	53	36	8	74	0	39
 29502	71	66	53	36	8	75	0	39
 29547	71	66	53	36	8	76	0	39
 29593	71	66	53	36	8	76	0	39
 29638	71	66	53	36	8	77	0	39
 29683	71	66	53	36	8	78	0	39
 29729	70	66	53	36	8	79	0	39
 29819	70	66	53	36	8	80	0	39
 29869	70	66	53	36	8	81	0	39
 29910	70	66	53	36	8	82	0	39
 29955	70	66	53	36	8	83	0	39
 30001	70	66	53	36	8	83	0	39
 30046	70	66	53	36	8	84	0	39
 30092	70	66	53	36	8	85	0	39
 30137	70	66	53	36	8	86	0	39
 30182	70	66	53	36	8	86	0	39
 30228	70	66	53	36	8	87	0	39
 30273	70	66	53	36	8	88	0	39
 30322	69	66	53	36	8	89	0	39
 30364	69	66	53	36	8	89	0	39
 30409	70	66	53	36	8	90	0	39
 30454	69	66	53	36	8	91	0	39
 30500	69	65	53	36	8	92	0	39
 30545	69	66	53	36	8	92	0	39
 30592	69	66	53	36	8	93	0	39
 30636	69	65	53	44	8	94	0	39
 30681	69	65	53	44	8	95	0	39
 30727	69	65	53	44	8	96	0	39
 30772	69	65	53	44	8	96	0	39
 30817	69	65	53	44	8	97	0	39
 30863	69	65	53	44	8	98	0	39
 30909	69	65	53	44	8	99	0	39
 30953	68	64	53	44	8	99	0	39
 30999	68	64	53	44	8	100	0	39
 31045	68	64	53	44	8	101	0	39
 31089	68	64	53	44	8	102	0	39
 31135	68	64	53	44	8	102	0	39
 31180	68	64	53	44	8	103	0	39
 31225	68	63	53	44	8	104	0	39
 31271	67	63	53	44	8	105	0	39
 31316	67	63	53	44	8	105	0	39
 31361	67	62	53	44	8	106	0	39
 31411	67	62	53	44	8	107	0	39
 31452	67	62	53	44	8	108	0	39
 31498	67	62	53	44	8	108	0	39
 31543	66	61	53	44	8	109	0	39
 31588	66	61	53	44	8	110	0	39
 31634	66	61	53	44	8	111	0	39
 31679	66	61	53	44	8	111	0	39
 31724	66	61	54	44	8	112	0	39
 31770	65	61	53	44	8	113	0	39
 31815	65	61	53	44	8	114	0	39
 31860	65	60	53	44	8	114	0	39
 31906	65	60	53	44	8	115	0	39
 31951	65	60	54	44	8	116	0	39
 31996	65	60	53	44	8	117	0	39
 32042	65	60	54	44	8	117	0	39
 32087	64	59	53	44	8	118	0	39
 32136	64	59	53	44	8	119	0	39
 32178	64	59	54	44	8	120	0	39
 32223	64	59	54	44	8	120	0	39
 32269	64	59	54	44	8	121	0	39
 32359	63	58	54	44	8	123	0	39
 32405	63	58	54	44	8	123	0	39
 32450	63	58	54	36	9	64	0	39
 32495	63	58	54	36	9	65	0	39
 32541	62	58	54	36	9	66	0	39
 32586	62	58	54	36	9	66	0	39
 32631	62	58	54	36	9	67	0	39
 32677	62	58	54	36	9	68	0	39
 32723	62	57	54	36	9	69	0	39
 32767	62	57	54	36	9	70	0	39
 32813	62	57	54	36	9	70	0	39
 32858	62	57	54	36	9	71	0	39
 32904	62	57	54	36	9	72	0	39
 32949	61	57	54	36	9	73	0	39
 32995	61	56	54	36	9	73	0	39
 33040	61	56	54	36	9	74	0	39
 33085	61	56	54	36	9	75	0	39
 33130	61	56	54	36	9	76	0	39
 33176	61	56	54	36	9	76	0	39
 33221	61	56	54	36	9	77	0	39
 33266	61	56	54	36	9	78	0	39
 33312	61	56	54	36	9	79	0	39
 33357	61	56	55	36	9	79	0	39
 33406	61	56	54	36	9	80	0	39
 33448	61	55	54	36	9	81	0	39
 33496	60	55	54	36	9	82	0	39
 33539	60	55	54	36	9	82	0	39
 33584	60	55	54	36	9	83	0	39
 33629	60	55	54	36	9	84	0	39
 33675	60	55	54	36	9	85	0	39
 33720	60	55	54	36	9	85	0	39
 33766	60	55	54	36	9	86	0	39
 33811	60	54	54	36	9	87	0	39
 33901	60	54	54	36	9	88	0	39
 33947	60	54	54	36	9	89	0	39
 33992	60	54	54	36	9	90	0	39
 34037	59	54	54	36	9	91	0	39
 34083	59	54	54	36	9	91	0	39
 34128	59	54	54	36	9	92	0	39
 34174	59	54	54	36	9	93	0	39
 34219	59	54	54	44	9	94	0	39
 34265	59	54	54	44	9	94	0	39
 34310	59	53	54	44	9	95	0	39
 34355	59	53	54	44	9	96	0	39
 34401	59	53	54	44	9	97	0	39
 34446	59	53	54	44	9	97	0	39
 34491	59	53	54	44	9	98	0	39
 34536	59	53	55	44	9	99	0	39
 34582	59	53	55	44	9	100	0	39
 34627	58	53	54	44	9	100	0	39
 34672	58	53	55	44	9	101	0	39
 34718	58	53	54	44	9	102	0	39
 34763	58	53	54	44	9	103	0	39
 34808	58	53	54	44	9	104	0	39
 34854	58	53	54	44	9	104	0	39
 34899	58	53	54	44	9	105	0	39
 34944	58	53	55	44	9	106	0	39
 34990	58	52	55	44	9	107	0	39
 35035	58	53	55	44	9	107	0	39
 35127	58	52	55	44	9	109	0	39
 35171	58	52	55	44	9	110	0	39
 35217	58	52	55	44	9	110	0	39
 35262	58	52	55	44	9	111	0	39
 35307	57	52	55	44	9	112	0	39
 35353	57	52	55	44	9	113	0	39
 35398	57	52	55	44	9	113	0	39
 35443	57	52	55	44	9	114	0	39
 35489	57	52	55	44	9	115	0	39
 35534	57	52	55	44	9	116	0	39
 35579	57	52	55	44	9	116	0	39
 35625	57	52	55	44	9	117	0	39
 35670	57	51	55	44	9	118	0	39
 35715	57	51	55	44	9	119	0	39
 35761	57	51	55	44	9	119	0	39
 35806	57	51	55	44	9	120	0	39
 35852	57	51	55	44	9	121	0	39
 35897	57	51	56	44	9	122	0	39
 35942	57	51	55	44	9	122	0	39
 35988	56	51	56	44	9	123	0	39
 36033	57	51	56	36	10	64	0	39
 36078	56	51	55	36	10	65	0	39
 36124	56	51	55	36	10	65	0	39
 36214	56	51	55	36	10	67	0	39
 36260	56	50	56	36	10	68	0	39
 36305	56	51	56	36	10	68	0	39
 36350	56	50	56	36	10	69	0	39
 36396	56	50	56	36	10	70	0	39
 36441	56	50	56	36	10	71	0	39
 36486	56	50	55	36	10	71	0	39
 36533	56	50	56	36	10	72	0	39
 36622	56	50	56	36	10	74	0	39
 36668	55	50	56	36	10	74	0	39
 36713	56	50	56	36	10	75	0	39
 36804	55	50	56	36	10	77	0	39
 36940	55	50	56	36	10	79	0	39
 36985	55	50	56	36	10	80	0	39
 37031	55	49	56	36	10	81	0	39
 37076	55	49	56	36	10	81	0	39
 37121	55	50	56	36	10	82	0	39
 37167	55	49	56	36	10	83	0	39
 37212	55	49	56	36	10	84	0	39
 37257	55	49	56	36	10	84	0	39
 37303	55	49	56	36	10	85	0	39
 37348	55	49	56	36	10	86	0	39
 37393	55	49	56	36	10	87	0	39
 37439	55	49	56	36	10	87	0	39
 37485	55	49	56	36	10	88	0	39
 37530	55	49	56	36	10	89	0	39
 37575	55	49	56	36	10	90	0	39
 37620	55	49	57	36	10	90	0	39
 37665	55	49	56	36	10	91	0	39
 37711	55	49	56	36	10	92	0	39
 37756	54	49	56	36	10	93	0	39
 37802	55	49	56	36	10	93	0	39
 37847	55	49	56	44	10	94	0	39
 37892	55	49	56	44	10	95	0	39
 37938	54	49	56	44	10	96	0	39
 37983	54	48	56	44	10	96	0	39
 38028	54	48	56	44	10	97	0	39
 38074	54	48	57	44	10	98	0	39
 38120	54	48	56	44	10	99	0	39
 38165	54	48	57	44	10	99	0	39
 38210	54	48	57	44	10	100	0	39
 38255	54	48	57	44	10	101	0	39
 38310	54	48	56	44	10	102	0	39
 38346	54	48	57	44	10	102	0	39
 38391	54	48	57	44	10	103	0	39
 38436	54	48	57	44	10	104	0	39
 38482	54	48	57	44	10	105	0	39
 38527	54	48	57	44	10	105	0	39
 38573	54	48	57	44	10	106	0	39
 38618	54	48	57	44	10	107	0	39
 38663	54	48	57	44	10	108	0	39
 38710	54	48	57	44	10	108	0	39
 38754	54	48	57	44	10	109	0	39
 38799	54	48	57	44	10	110	0	39
 38845	54	48	57	44	10	111	0	39
 38894	54	48	57	44	10	112	0	39
 38935	54	48	57	44	10	112	0	39
 38981	54	48	57	44	10	113	0	39
 39026	54	48	57	44	10	114	0	39
 39071	54	48	57	44	10	115	0	39
 39117	54	48	57	44	10	115	0	39
 39162	54	48	58	44	10	116	0	39
 39207	53	48	58	44	10	117	0	39
 39253	54	48	58	44	10	118	0	39
 39298	53	48	58	44	10	118	0	38
 39343	53	48	58	44	10	119	0	37
 39389	53	47	58	44	10	120	0	37
 39434	53	48	58	44	10	121	0	37
 39480	53	47	58	44	10	121	0	36
 39525	53	48	58	44	10	122	0	36
 39570	53	47	58	44	10	123	0	35
 39616	53	47	58	4	11	64	0	36
 39661	53	47	58	4	11	64	0	35
 39706	53	47	58	4	11	65	0	35
 39752	53	47	58	4	11	66	0	35
 39797	53	47	58	4	11	67	0	36
 39842	53	47	58	4	11	67	0	36
 39888	53	47	58	4	11	68	0	36
 39933	53	47	58	4	11	69	0	36
 39978	53	47	58	4	11	70	0	37
 40024	53	47	58	4	11	70	0	37
 40072	53	47	58	4	11	71	0	37
 40115	53	47	58	4	11	72	0	37
 40205	53	47	58	4	11	73	0	37
 40251	53	47	58	4	11	74	0	37
 40296	53	47	58	4	11	75	0	38
 40341	53	46	59	4	11	76	0	38
 40387	53	47	58	4	11	76	0	37
 40432	53	47	58	4	11	77	0	37
 40481	53	47	58	4	11	78	0	37
 40523	53	47	58	4	11	79	0	37
 40568	53	47	58	4	11	79	0	37
 40617	53	47	58	4	11	80	0	37
 40659	52	47	59	4	11	81	0	37
 40704	53	47	58	4	11	82	0	37
 40750	53	47	59	4	11	83	0	37
 40795	52	47	59	4	11	83	0	37
 40840	52	47	59	4	11	84	0	37
 40886	52	46	59	4	11	85	0	37
 40931	52	46	59	4	11	86	0	37
 40976	52	46	59	4	11	86	0	37
 41022	52	47	59	4	11	87	0	37
 41067	52	47	59	4	11	88	0	37
 41112	52	46	59	4	11	89	0	37
 41158	52	47	59	4	11	89	0	37
 41203	52	47	59	4	11	90	0	37
 41248	52	46	59	4	11	91	0	37
 41297	52	46	59	4	11	92	0	37
 41339	52	46	59	4	11	92	0	37
 41384	52	46	59	4	11	93	0	37
 41430	52	46	59	12	11	94	0	37
 41475	52	46	59	12	11	95	0	37
 41521	52	46	60	12	11	95	0	37
 41566	52	46	60	12	11	96	0	37
 41611	52	46	59	12	11	97	0	37
 41657	52	46	60	12	11	98	0	37
 41702	52	46	60	12	11	98	0	37
 41749	52	46	60	12	11	99	0	37
 41793	52	46	60	12	11	100	0	37
 41838	52	46	60	12	11	101	0	38
 41883	52	46	60	12	11	101	0	38
 41929	52	46	60	12	11	102	0	38
 41974	52	46	60	12	11	103	0	38
 42023	52	46	60	12	11	104	0	38
 42065	52	46	60	12	11	104	0	38
 42110	52	46	60	12	11	105	0	38
 42156	52	46	60	12	11	106	0	38
 42201	52	46	60	12	11	107	0	38
 42246	52	46	61	12	11	107	0	38
 42292	52	46	62	12	11	108	0	38
 42337	52	46	61	12	11	109	0	38
 42382	52	46	61	12	11	110	0	38
 42428	52	46	61	12	11	110	0	38
 42473	52	46	61	12	11	111	0	38
 42518	52	46	61	12	11	112	0	38
 42564	52	46	61	12	11	113	0	38
 42609	51	46	61	12	11	113	0	38
 42655	51	46	61	12	11	114	0	38
 42700	51	46	61	12	11	115	0	38
 42745	51	46	61	12	11	116	0	38
 42790	51	46	61	12	11	117	0	38
 42836	51	46	62	12	11	117	0	38
 42881	51	46	62	12	11	118	0	38
 42927	51	46	62	12	11	119	0	38
 42972	51	46	62	12	11	120	0	38
 43018	51	45	62	12	11	120	0	38
 43063	51	46	62	12	11	121	0	38
 43108	51	45	62	12	11	122	0	38
 43199	51	45	62	12	11	123	0	38
 43244	51	45	62	4	12	64	0	38
 43289	51	45	63	4	12	65	0	38
 43335	51	45	62	4	12	66	0	38
 43380	51	45	62	4	12	66	0	38
 43430	51	45	62	4	12	67	0	38
 43471	51	46	62	4	12	68	0	38
 43516	51	46	62	4	12	69	0	38
 43561	51	45	62	4	12	69	0	38
 43607	51	45	63	4	12	70	0	38
 43652	51	45	63	4	12	71	0	38
 43701	51	45	63	4	12	72	0	38
 43743	51	45	63	4	12	72	0	38
 43788	51	45	63	4	12	73	0	39
 43834	51	45	63	4	12	74	0	38
 43879	51	45	63	4	12	75	0	39
 43925	51	45	64	4	12	75	0	38
 43970	51	45	63	4	12	76	0	38
 44015	51	45	63	4	12	77	0	38
 44060	51	45	63	4	12	78	0	38
 44106	51	45	63	4	12	78	0	38
 44151	51	45	63	4	12	79	0	38
 44196	51	45	63	4	12	80	0	38
 44242	51	45	64	4	12	81	0	38
 44287	51	45	63	4	12	81	0	38
 44332	51	45	63	4	12	82	0	38
 44378	51	45	63	4	12	83	0	38
 44423	51	45	63	4	12	84	0	38
 44468	51	45	63	4	12	84	0	38
 44514	51	45	63	4	12	85	0	38
 44559	51	45	63	4	12	86	0	38
 44604	50	45	63	4	12	87	0	38
 44650	51	45	63	4	12	87	0	38
 44695	51	45	63	4	12	88	0	38
 44741	51	45	63	4	12	89	0	38
 44786	51	45	64	4	12	90	0	38
 44831	51	45	64	4	12	91	0	39
 44877	50	45	64	4	12	91	0	39
 44922	50	45	64	4	12	92	0	39
 44967	51	45	64	4	12	93	0	39
 45013	50	45	64	12	12	94	0	39
 45058	50	45	64	12	12	94	0	39
 45103	51	45	64	12	12	95	0	39
 45149	50	45	64	12	12	96	0	39
 45194	50	45	64	12	12	97	0	39
 45239	50	45	65	12	12	97	0	39
 45285	50	45	65	12	12	98	0	39
 45330	50	44	65	12	12	99	0	39
 45375	50	45	65	12	12	100	0	39
 45421	50	45	65	12	12	100	0	39
 45466	50	45	65	12	12	101	0	39
 45512	50	45	65	12	12	102	0	39
 45557	50	45	65	12	12	103	0	39
 45603	50	45	65	12	12	103	0	39
 45648	50	45	65	12	12	104	0	39
 45693	50	45	66	12	12	105	0	39
 45738	50	45	66	12	12	106	0	39
 45784	50	44	66	12	12	106	0	39
 45829	50	45	66	12	12	107	0	39
 45874	50	44	66	12	12	108	0	39
 45920	50	44	67	12	12	109	0	39
 45965	50	45	67	12	12	109	0	39
 46010	50	44	67	12	12	110	0	39
 46056	50	45	67	12	12	111	0	39
 46105	50	44	67	12	12	112	0	39
 46192	50	44	68	12	12	113	0	39
 46282	50	44	67	12	12	115	0	39
 46328	50	44	68	12	12	115	0	39
 46373	50	44	68	12	12	116	0	39
 46418	50	44	68	12	12	117	0	39
 46464	50	44	67	12	12	118	0	39
 46520	50	44	67	12	12	119	0	39
 46555	50	44	67	12	12	119	0	39
 46601	50	44	67	8	12	120	0	39
 46692	50	44	67	8	12	121	0	39
 46736	50	44	67	8	12	122	0	39
 46781	53	44	67	8	12	123	0	39
 46836	58	44	67	0	13	64	0	39
 46872	61	44	67	0	13	65	0	39
 46917	63	44	66	0	13	65	0	39
 46963	65	45	67	4	13	66	0	39
 47011	63	44	67	4	13	67	0	39
 47099	57	44	66	4	13	68	0	39
 47144	55	44	66	4	13	69	0	39
 47191	54	44	66	4	13	70	0	39
 47235	53	44	66	4	13	71	0	39
 47280	53	44	66	4	13	71	0	39
 47326	53	45	66	4	13	72	0	39
 47371	53	44	66	4	13	73	0	39
 47417	52	44	66	4	13	74	0	39
 47462	52	44	66	4	13	74	0	39
 47507	52	44	66	4	13	75	0	39
 47552	52	44	66	4	13	76	0	39
 47598	52	44	66	4	13	77	0	39
 47643	52	44	66	4	13	77	0	39
 47688	52	44	66	4	13	78	0	39
 47734	52	44	67	4	13	79	0	39
 47779	52	44	67	4	13	80	0	39
 47824	52	44	67	4	13	80	0	39
 47870	52	44	67	4	13	81	0	39
 47915	52	44	67	4	13	82	0	40
 47961	52	44	68	4	13	83	0	40
 48006	51	44	67	4	13	83	0	40
 48051	51	44	68	4	13	84	0	40
 48096	51	45	68	4	13	85	0	40
 48142	51	45	69	4	13	86	0	40
 48187	51	45	68	4	13	86	0	40
 48237	51	44	68	4	13	87	0	40
 48278	51	44	68	4	13	88	0	40
 48323	51	45	68	4	13	89	0	40
 48414	51	44	68	4	13	90	0	40
 48459	51	45	68	4	13	91	0	40
 48505	51	45	68	4	13	92	0	40
 48550	51	45	69	4	13	92	0	40
 48596	51	45	68	4	13	93	0	40
 48641	51	44	68	12	13	94	0	40
 48686	51	44	68	12	13	95	0	40
 48777	51	44	68	12	13	96	0	40
 48822	51	45	68	12	13	97	0	40
 48870	51	44	69	12	13	98	0	40
 48914	51	44	69	12	13	99	0	40
 48959	51	44	69	12	13	99	0	40
 49004	51	45	69	12	13	100	0	40
 49053	51	45	68	12	13	101	0	40
 49095	52	45	69	12	13	102	0	40
 49140	51	45	69	12	13	102	0	40
 49185	52	44	68	12	13	103	0	40
 49230	52	44	68	12	13	104	0	40
 49276	52	44	68	12	13	105	0	39
 49321	52	45	68	12	13	105	0	39
 49366	52	44	68	12	13	106	0	39
 49412	52	45	68	12	13	107	0	39
 49457	52	45	68	12	13	108	0	39
 49503	52	45	68	12	13	108	0	39
 49593	52	44	68	12	13	110	0	39
 49638	52	44	68	12	13	111	0	39
 49684	52	45	68	12	13	111	0	39
 49739	52	45	68	12	13	112	0	39
 49775	52	45	68	12	13	113	0	39
 49820	52	45	68	12	13	114	0	39
 49865	52	45	68	12	13	114	0	39
 49911	52	45	68	12	13	115	0	40
 49956	52	45	68	12	13	116	0	40
 50001	52	45	68	12	13	117	0	40
 50047	52	45	68	12	13	117	0	40
 50092	52	45	68	12	13	118	0	40
 50137	52	45	68	12	13	119	0	40
 50183	52	44	68	12	13	120	0	40
 50228	52	45	68	12	13	120	0	40
 50274	52	44	68	12	13	121	0	40
 50319	52	44	68	12	13	122	0	40
 50364	52	44	68	12	13	123	0	40
 50409	52	44	68	12	13	123	0	40
 50455	52	44	68	4	14	64	0	40
 50500	52	44	69	4	14	65	0	40
 50546	52	45	68	4	14	66	0	40
 50591	52	44	68	4	14	67	0	40
 50636	52	45	68	4	14	67	0	40
 50682	52	45	68	4	14	68	0	40
 50727	52	45	68	4	14	69	0	40
 50772	52	45	68	4	14	70	0	40
 50818	52	45	68	4	14	70	0	40
 50863	52	44	68	4	14	71	0	40
 50908	52	45	68	4	14	72	0	40
 50954	52	45	67	4	14	73	0	40
 50999	52	44	67	4	14	73	0	40
 51044	52	45	67	4	14	74	0	40
 51090	52	45	67	4	14	75	0	40
 51135	52	45	67	4	14	76	0	40
 51184	52	44	67	4	14	76	0	40
 51226	52	44	67	4	14	77	0	40
 51271	52	44	67	4	14	78	0	40
 51316	51	45	67	4	14	79	0	40
 51364	51	45	67	4	14	79	0	40
 51452	51	44	67	4	14	81	0	40
 51498	51	44	67	4	14	82	0	40
 51543	51	45	67	4	14	82	0	40
 51589	51	45	67	4	14	83	0	40
 51728	51	45	67	4	14	85	0	40
 51770	51	45	67	4	14	86	0	40
 51815	51	45	67	4	14	87	0	40
 51861	51	45	68	4	14	88	0	40
 51906	51	45	67	4	14	88	0	40
 51951	51	45	67	4	14	89	0	40
 51997	51	44	67	4	14	90	0	40
 52043	51	45	67	4	14	91	0	40
 52087	51	44	67	4	14	91	0	40
 52133	51	44	67	4	14	92	0	40
 52178	51	44	67	4	14	93	0	40
 52223	51	44	67	12	14	94	0	40
 52269	51	44	67	12	14	94	0	40
 52314	51	44	67	12	14	95	0	40
 52360	51	45	67	12	14	96	0	40
 52409	51	45	67	12	14	97	0	40
 52450	51	44	67	12	14	97	0	40
 52496	51	44	67	12	14	98	0	40
 52541	51	45	67	12	14	99	0	40
 52586	51	45	67	12	14	100	0	40
 52632	51	45	67	12	14	100	0	40
 52677	52	45	67	12	14	101	0	40
 52722	51	45	67	12	14	102	0	40
 52768	51	45	67	12	14	103	0	40
 52813	51	44	67	12	14	104	0	40
 52858	51	44	67	12	14	104	0	40
 52904	51	44	67	12	14	105	0	40
 52949	51	44	67	12	14	106	0	40
 52994	51	44	67	12	14	107	0	40
 53040	51	44	67	12	14	107	0	40
 53085	51	44	67	12	14	108	0	40
 53131	51	44	67	12	14	109	0	40
 53179	51	45	67	12	14	110	0	40
 53221	51	45	67	12	14	110	0	40
 53268	51	44	67	12	14	111	0	40
 53312	51	44	67	12	14	112	0	40
 53357	51	44	67	12	14	113	0	40
 53403	51	44	67	12	14	113	0	40
 53448	51	44	67	12	14	114	0	40
 53493	51	44	67	12	14	115	0	40
 53540	51	44	67	12	14	116	0	40
 53541	51	44	67	12	14	116	0	40
 53585	51	44	67	12	14	116	0	40
 53629	51	44	67	12	14	117	0	40
 53675	51	44	67	12	14	118	0	40
 53721	51	44	67	12	14	119	0	40
 53765	51	44	67	12	14	119	0	40
 53811	51	44	67	12	14	120	0	40
 53856	51	44	67	12	14	121	0	40
 53902	51	44	67	12	14	122	0	40
 53947	51	44	67	12	14	122	0	40
 53992	51	44	67	12	14	123	0	40
 54038	51	44	67	4	15	64	0	40
 54083	51	44	69	4	15	65	0	40
 54128	51	44	67	4	15	65	0	40
 54174	51	44	68	4	15	66	0	40
 54219	51	44	67	4	15	67	0	40
 54264	51	44	67	4	15	68	0	40
 54310	51	44	68	4	15	68	0	40
 54355	51	44	67	4	15	69	0	40
 54400	51	44	67	4	15	70	0	40
 54446	51	44	67	4	15	71	0	40
 54536	51	44	67	4	15	72	0	40
 54582	51	44	67	4	15	73	0	40
 54673	51	44	68	4	15	74	0	40
 54718	51	44	67	4	15	75	0	40
 54763	51	44	67	4	15	76	0	40
 54809	51	44	67	4	15	77	0	40
 54854	51	44	67	4	15	78	0	40
 54899	51	44	67	4	15	78	0	40
 54945	51	44	67	4	15	79	0	40
 54990	51	44	67	4	15	80	0	40
 55037	51	44	67	4	15	81	0	40
 55081	51	44	67	4	15	81	0	40
 55126	51	44	67	4	15	82	0	40
 55171	51	44	67	4	15	83	0	40
 55217	51	44	67	4	15	84	0	40
 55262	51	44	67	4	15	84	0	40
 55307	51	44	67	4	15	85	0	40
 55353	51	44	67	4	15	86	0	40
 55398	51	44	66	4	15	87	0	40
 55492	51	44	67	4	15	88	0	40
 55534	51	44	67	4	15	89	0	40
 55579	51	44	67	4	15	90	0	40
 55625	51	44	67	4	15	90	0	40
 55670	51	44	67	4	15	91	0	40
 55716	51	44	67	4	15	92	0	40
 55762	51	44	67	4	15	93	0	40
 55806	51	44	67	4	15	93	0	40
 55852	51	44	67	12	15	94	0	40
 55897	51	44	67	12	15	95	0	40
 55942	51	44	67	12	15	96	0	40
 55988	51	44	67	12	15	96	0	40
 56033	51	44	67	12	15	97	0	40
 56078	51	44	67	12	15	98	0	40
 56124	51	44	67	12	15	99	0	40
 56169	51	44	67	12	15	99	0	40
 56214	51	44	67	12	15	100	0	40
 56260	50	44	67	12	15	101	0	40
 56305	50	44	67	12	15	102	0	40
 56350	50	44	67	12	15	102	0	40
 56396	50	44	67	12	15	103	0	40
 56441	50	44	67	12	15	104	0	40
 56487	50	44	67	12	15	105	0	40
 56532	50	44	67	12	15	105	0	40
 56577	51	44	67	12	15	106	0	40
 56623	50	44	67	12	15	107	0	40
 56668	50	44	67	12	15	108	0	40
 56713	51	44	67	12	15	108	0	40
 56759	51	44	67	12	15	109	0	40
 56804	51	44	67	12	15	110	0	40
 56849	50	44	67	12	15	111	0	40
 56895	51	44	67	12	15	112	0	40
 56940	50	44	67	12	15	112	0	40
 56986	50	44	67	12	15	113	0	40
 57031	51	44	67	12	15	114	0	40
 57076	50	44	67	12	15	115	0	40
 57122	50	44	67	12	15	115	0	40
 57167	50	44	67	12	15	116	0	40
 57212	50	44	67	12	15	117	0	40
 57258	50	44	67	12	15	118	0	40
 57303	50	44	67	12	15	118	0	40
 57349	50	44	67	12	15	119	0	40
 57397	50	44	67	12	15	120	0	40
 57439	50	44	67	12	15	121	0	40
 57484	50	44	67	12	15	121	0	40
 57530	50	44	67	12	15	122	0	40
 57575	50	44	67	12	15	123	0	40
 57620	50	44	67	4	16	64	0	40
 57666	50	44	67	4	16	64	0	40
 57711	50	44	67	4	16	65	0	40
 57757	50	44	67	4	16	66	0	40
 57802	50	44	67	4	16	67	0	40
 57847	50	44	67	4	16	67	0	40
 57892	50	44	67	4	16	68	0	40
 57938	50	44	67	4	16	69	0	40
 57983	50	44	67	4	16	70	0	40
 58029	50	44	67	4	16	70	0	40
 58074	50	44	67	4	16	71	0	40
 58119	50	44	67	4	16	72	0	40
 58210	50	44	67	4	16	73	0	40
 58256	50	44	67	4	16	74	0	40
 58301	50	44	67	4	16	75	0	40
 58391	50	44	67	4	16	76	0	40
 58437	50	44	67	4	16	77	0	40
 58483	50	44	67	4	16	78	0	40
 58527	50	44	67	4	16	79	0	40
 58573	50	44	67	4	16	79	0	40
 58618	50	44	67	4	16	80	0	40
 58663	50	44	67	4	16	81	0	40
 58754	50	44	66	4	16	83	0	40
 58799	50	44	66	4	16	83	0	40
 58845	50	44	66	4	16	84	0	40
 58890	50	44	66	4	16	85	0	40
 58935	50	44	66	4	16	86	0	40
 58981	50	44	66	4	16	86	0	40
 59026	50	44	66	4	16	87	0	40
 59072	50	44	66	4	16	88	0	40
 59117	50	44	66	4	16	89	0	40
 59208	50	44	67	4	16	90	0	40
 59253	50	44	66	4	16	91	0	40
 59298	50	44	66	4	16	92	0	40
 59344	50	44	67	4	16	92	0	40
 59389	50	44	66	4	16	93	0	40
 59434	50	44	66	12	16	94	0	40
 59484	50	44	66	12	16	95	0	40
 59525	50	44	67	12	16	95	0	40
 59570	50	44	66	12	16	96	0	40
 59616	50	44	66	12	16	97	0	40
 59661	50	44	66	12	16	98	0	40
 59707	50	44	67	12	16	98	0	40
 59752	50	44	66	12	16	99	0	40
 59797	50	44	66	12	16	100	0	40
 59843	50	44	66	12	16	101	0	40
 59888	50	44	66	12	16	101	0	40
 59933	50	44	66	12	16	102	0	40
 59979	50	44	66	12	16	103	0	40
 60024	50	44	66	12	16	104	0	40
 60069	50	44	66	12	16	104	0	40
 60115	50	44	66	12	16	105	0	40
 60160	50	44	66	12	16	106	0	40
 60205	50	44	66	12	16	107	0	40
 60251	50	44	66	12	16	107	0	40
 60296	50	44	67	12	16	108	0	40
 60342	50	44	66	12	16	109	0	40
 60387	50	44	66	12	16	110	0	40
 60432	50	44	66	12	16	110	0	40
 60478	50	44	66	12	16	111	0	40
 60523	50	43	66	12	16	112	0	40
 60568	50	44	66	12	16	113	0	40
 60614	50	44	66	12	16	113	0	40
 60659	50	43	66	12	16	114	0	40
 60704	50	44	66	12	16	115	0	40
 60751	50	44	66	12	16	116	0	40
 60795	50	44	66	12	16	117	0	40
 60840	50	44	65	12	16	117	0	40
 60886	50	44	66	12	16	118	0	40
 60931	50	44	65	12	16	119	0	40
 60976	50	44	65	12	16	120	0	40
 61022	50	44	66	12	16	120	0	40
 61067	50	43	65	12	16	121	0	40
 61112	50	44	65	12	16	122	0	40
 61158	50	44	65	12	16	123	0	40
 61249	50	44	65	4	17	64	0	40
 61294	49	44	65	4	17	65	0	40
 61339	49	44	66	4	17	66	0	40
 61385	50	44	65	4	17	66	0	40
 61430	49	43	65	4	17	67	0	40
 61475	49	43	65	4	17	68	0	40
 61521	49	43	65	4	17	69	0	40
 61566	49	44	65	4	17	69	0	40
 61611	49	44	65	4	17	70	0	40
 61657	50	44	65	4	17	71	0	40
 61702	50	44	65	4	17	72	0	40
 61747	50	44	65	4	17	72	0	40
 61794	49	43	65	4	17	73	0	40
 61838	49	43	65	4	17	74	0	40
 61884	49	43	65	4	17	75	0	40
 61929	49	43	65	4	17	75	0	40
 61974	49	43	65	4	17	76	0	41
 62020	49	43	65	4	17	77	0	40
 62065	49	43	66	4	17	78	0	41
 62114	49	43	65	4	17	78	0	40
 62157	49	43	65	4	17	79	0	40
 62201	49	43	65	4	17	80	0	41
 62246	49	44	65	4	17	81	0	40
 62296	49	43	65	4	17	81	0	40
 62337	49	43	65	4	17	82	0	40
 62382	49	43	65	4	17	83	0	40
 62428	49	43	65	4	17	84	0	40
 62473	49	43	65	4	17	84	0	40
 62564	49	43	66	4	17	86	0	41
 62609	49	43	65	4	17	87	0	41
 62700	49	43	65	4	17	88	0	41
 62745	49	43	65	4	17	89	0	41
 62791	49	43	65	4	17	90	0	40
 62836	49	43	65	4	17	91	0	41
 62881	49	43	65	4	17	91	0	41
 62927	49	43	65	4	17	92	0	41
 62972	49	43	65	4	17	93	0	41
 63017	49	43	65	12	17	94	0	41
 63063	49	43	65	12	17	94	0	41
 63108	49	43	65	12	17	95	0	41
 63153	49	43	65	12	17	96	0	41
 63199	49	43	65	12	17	97	0	41
 63244	49	43	65	12	17	97	0	41
 63289	49	43	65	12	17	98	0	41
 63335	49	43	65	12	17	99	0	41
 63380	49	43	65	12	17	100	0	41
 63426	49	43	66	12	17	100	0	41
 63471	49	43	65	12	17	101	0	41
 63516	49	43	66	12	17	102	0	41
 63562	49	43	65	12	17	103	0	41
 63607	49	43	65	8	17	103	0	41
 63652	49	43	65	8	17	104	0	41
 63698	52	43	65	8	17	105	0	41
 63743	56	43	65	8	17	106	0	41
 63788	59	43	65	8	17	106	0	41
 63834	62	43	65	8	17	107	0	41
 63879	64	43	65	12	17	108	0	41
 63924	64	43	65	12	17	109	0	41
 63970	60	43	66	12	17	109	0	41
 64016	56	43	65	12	17	110	0	41
 64061	54	43	65	12	17	111	0	41
 64106	53	43	65	12	17	112	0	41
 64151	53	43	65	12	17	112	0	41
 64197	52	44	65	12	17	113	0	41
 64242	52	44	65	12	17	114	0	41
 64287	51	43	65	12	17	115	0	41
 64335	51	44	65	12	17	115	0	40
 64378	51	43	65	12	17	116	0	40
 64423	51	43	65	12	17	117	0	41
 64469	51	43	65	12	17	118	0	41
 64514	51	43	65	12	17	118	0	41
 64559	51	44	65	12	17	119	0	41
 64605	51	43	65	12	17	120	0	41
 64650	51	43	65	12	17	121	0	41
 64695	51	43	65	12	17	121	0	41
 64741	51	43	65	12	17	122	0	41
 64786	51	43	65	12	17	123	0	41
 64832	51	43	65	7	18	64	0	41
 64877	50	44	65	7	18	65	0	41
 64922	61	45	65	7	18	65	0	41
 64968	62	47	65	7	18	66	0	41
 65013	62	49	65	7	18	67	0	41
 65059	64	53	65	7	18	68	0	40
 65104	64	55	65	7	18	68	0	40
 65194	62	57	65	7	18	70	0	40
 65240	62	58	65	7	18	71	0	40
 65285	62	58	65	7	18	71	0	40
 65330	62	58	65	7	18	72	0	40
 65376	63	58	64	7	18	73	0	40
 65421	63	59	65	7	18	74	0	40
 65466	63	59	65	7	18	74	0	40
 65512	63	59	65	7	18	75	0	40
 65557	64	60	65	7	18	76	0	40
 65603	64	60	65	7	18	77	0	40
 65648	64	60	65	7	18	77	0	40
 65693	64	61	65	7	18	78	0	40
 65739	65	61	65	7	18	79	0	40
 65784	65	61	64	7	18	80	0	40
 65830	63	61	65	7	18	80	0	40
 65875	62	61	65	7	18	81	0	40
 65920	62	62	64	7	18	82	0	40
 65966	61	61	65	7	18	83	0	40
 66011	63	61	65	7	18	83	0	40
 66056	63	60	65	7	18	84	0	41
 66101	64	60	64	7	18	85	0	40
 66147	63	61	65	7	18	86	0	41
 66192	61	61	65	7	18	86	0	41
 66238	64	61	65	7	18	87	0	41
 66283	62	61	65	7	18	88	0	41
 66328	64	61	65	7	18	89	0	41
 66374	63	61	64	7	18	89	0	41
 66374	63	61	64	7	18	89	0	41
 66419	62	61	65	7	18	90	0	41
 66464	64	61	65	7	18	91	0	41
 66515	61	61	65	3	18	92	0	41
 66555	64	61	65	3	18	92	0	41
 66600	62	61	65	3	18	93	0	41
 66646	61	61	64	11	18	94	0	41
 66701	61	61	65	11	18	95	0	41
 66741	61	61	65	11	18	96	0	41
 66782	63	60	65	15	18	96	0	41
 66827	65	60	65	15	18	97	0	41
 66873	62	60	64	15	18	98	0	41
 66918	64	61	65	15	18	99	0	41
 66963	63	61	65	15	18	99	0	41
 67009	61	61	65	15	18	100	0	41
 67054	61	62	64	15	18	101	0	41
 67099	61	61	64	15	18	102	0	41
 67145	64	61	64	15	18	102	0	41
 67190	62	60	64	15	18	103	0	41
 67235	64	61	65	15	18	104	0	41
 67281	62	61	64	15	18	105	0	41
 67326	63	62	64	15	18	105	0	41
 67371	63	62	64	15	18	106	0	41
 67417	62	61	64	15	18	107	0	41
 67462	64	61	64	15	18	108	0	41
 67508	62	61	64	15	18	108	0	41
 67553	64	61	64	15	18	109	0	41
 67598	63	62	65	15	18	110	0	41
 67644	63	61	64	15	18	111	0	41
 67689	64	62	64	15	18	112	0	41
 67734	62	61	64	15	18	112	0	41
 67780	65	62	64	15	18	113	0	41
 67825	63	62	64	15	18	114	0	41
 67870	63	61	64	15	18	115	0	41
 67916	64	62	64	15	18	115	0	41
 67961	62	62	64	15	18	116	0	41
 68007	65	62	64	15	18	117	0	41
 68052	63	62	64	15	18	118	0	41
 68097	63	62	64	15	18	118	0	41
 68143	64	62	64	15	18	119	0	41
 68188	62	62	64	15	18	120	0	41
 68233	65	62	64	15	18	121	0	41
 68369	64	62	64	15	18	123	0	41
 68415	62	62	64	7	19	64	0	41
 68460	65	62	64	7	19	64	0	41
 68506	63	62	64	7	19	65	0	41
 68551	63	62	64	7	19	66	0	41
 68596	64	63	64	7	19	67	0	41
 68641	62	62	64	7	19	67	0	41
 68687	65	62	64	7	19	68	0	41
 68732	63	62	63	7	19	69	0	41
 68777	63	62	64	7	19	70	0	41
 68823	65	63	63	7	19	70	0	41
 68868	63	62	64	7	19	71	0	41
 68914	65	62	64	7	19	72	0	41
 68959	64	63	64	7	19	73	0	41
 69004	62	62	64	7	19	73	0	41
 69050	65	63	64	7	19	74	0	41
 69095	63	63	64	7	19	75	0	41
 69144	64	62	64	7	19	76	0	41
 69186	65	63	64	7	19	76	0	41
 69231	63	62	63	7	19	77	0	41
 69276	65	63	63	7	19	78	0	41
 69322	64	63	64	7	19	79	0	41
 69367	63	62	63	7	19	79	0	41
 69413	65	63	63	7	19	80	0	41
 69458	63	63	64	7	19	81	0	40
 69503	65	63	64	7	19	82	0	40
 69594	63	63	63	7	19	83	0	40
 69639	66	63	64	7	19	84	0	40
 69688	63	63	63	7	19	85	0	40
 69775	65	63	64	7	19	86	0	40
 69825	63	63	64	7	19	87	0	40
 69866	66	63	63	7	19	88	0	40
 69916	64	63	63	7	19	89	0	40
 69961	64	63	63	7	19	89	0	40
 70005	65	63	63	7	19	90	0	40
 70047	63	63	64	7	19	91	0	40
 70093	65	63	63	7	19	92	0	40
 70138	65	63	63	7	19	92	0	40
 70184	64	63	63	7	19	93	0	40
 70274	64	63	63	15	19	95	0	40
 70369	65	63	63	15	19	96	0	40
 70410	63	63	63	15	19	97	0	41
 70501	64	63	63	15	19	98	0	40
 70546	64	63	63	15	19	99	0	40
 70592	66	64	63	15	19	100	0	40
 70641	64	64	63	15	19	101	0	41
 70682	66	64	63	15	19	101	0	41
 70728	65	64	63	15	19	102	0	40
 70773	64	63	63	15	19	103	0	40
 70818	66	64	63	15	19	104	0	40
 70864	64	64	63	15	19	104	0	41
 70914	65	63	63	15	19	105	0	41
 70954	66	64	63	11	19	106	0	40
 71000	64	63	63	11	19	107	0	41
 71045	64	64	63	11	19	107	0	41
 71091	64	63	63	11	19	108	0	41
 71136	64	63	63	11	19	109	0	40
 71182	65	63	63	11	19	110	0	40
 71227	67	62	63	15	19	110	0	41
 71272	64	62	63	15	19	111	0	41
 71327	67	63	63	15	19	112	0	40
 71363	65	64	63	15	19	113	0	41
 71408	64	64	63	15	19	113	0	40
 71454	64	64	63	15	19	114	0	40
 71503	64	64	63	15	19	115	0	40
 71544	66	63	63	15	19	116	0	40
 71589	65	63	63	15	19	117	0	40
 71635	66	63	63	15	19	117	0	40
 71680	66	63	63	15	19	118	0	41
 71736	64	63	63	15	19	119	0	41
 71775	64	64	63	15	19	120	0	40
 71816	64	64	63	15	19	120	0	41
 71862	65	63	63	15	19	121	0	40
 71907	66	63	63	15	19	122	0	40
 71908	66	63	63	15	19	122	0	40
 71952	65	63	63	15	19	123	0	40
 71998	67	63	63	15	19	123	0	40
 72043	65	64	63	7	20	64	0	40
 72179	64	64	63	7	20	66	0	40
 72224	67	63	63	7	20	67	0	40
 72270	64	63	63	7	20	68	0	41
 72315	67	63	63	7	20	69	0	40
 72361	65	63	63	7	20	69	0	40
 72406	64	64	63	7	20	70	0	40
 72451	64	64	63	7	20	71	0	40
 72497	64	64	63	7	20	72	0	40
 72542	67	63	63	7	20	72	0	40
 72592	65	63	63	7	20	73	0	40
 72637	67	63	63	7	20	74	0	40
 72681	66	64	63	7	20	75	0	40
 72723	64	64	63	7	20	75	0	40
 72814	64	64	62	7	20	77	0	40
 72859	66	63	62	7	20	78	0	40
 72909	66	63	63	7	20	78	0	40
 72950	66	63	63	7	20	79	0	40
 72996	66	63	62	7	20	80	0	40
 73041	65	64	63	7	20	81	0	40
 73087	64	64	62	7	20	81	0	40
 73132	64	64	62	7	20	82	0	40
 73181	65	64	62	7	20	83	0	40
 73222	67	63	62	7	20	84	0	40
 73271	66	63	62	7	20	84	0	40
 73313	67	64	62	7	20	85	0	40
 73358	65	64	62	7	20	86	0	40
 73404	65	65	62	7	20	87	0	40
 73494	64	64	63	7	20	88	0	40
 73543	67	64	62	7	20	89	0	40
 73585	65	63	62	7	20	90	0	40
 73630	67	63	62	7	20	91	0	40
 73721	65	64	62	7	20	92	0	41
 73721	65	64	62	7	20	92	0	41
 73767	65	65	62	7	20	93	0	40
 73820	64	64	62	15	20	94	0	40
 73958	67	63	62	15	20	96	0	40
 74047	65	64	62	15	20	97	0	40
 74049	65	64	62	15	20	97	0	40
 74088	65	65	62	15	20	98	0	40
 74129	65	65	62	15	20	99	0	40
 74175	66	64	62	15	20	100	0	40
 74220	67	64	62	15	20	100	0	40
 74265	66	63	62	15	20	101	0	40
 74311	68	64	62	15	20	102	0	40
 74356	65	64	62	15	20	103	0	40
 74401	65	65	62	15	20	103	0	40
 74447	65	65	62	15	20	104	0	40
 74492	64	64	62	15	20	105	0	40
 74537	67	64	62	15	20	106	0	40
 74628	68	64	62	15	20	107	0	40
 74673	66	64	62	15	20	108	0	40
 74719	65	64	62	15	20	109	0	40
 74764	65	65	62	15	20	109	0	40
 74809	65	65	62	15	20	110	0	40
 74855	67	64	62	15	20	111	0	40
 74900	66	64	62	15	20	112	0	41
 74994	67	64	62	15	20	113	0	40
 75040	66	65	62	15	20	114	0	40
 75082	65	65	62	15	20	115	0	41
 75131	65	65	62	15	20	115	0	41
 75172	65	65	62	15	20	116	0	41
 75218	68	64	62	15	20	117	0	40
 75263	66	64	62	15	20	118	0	41
 75310	68	64	62	15	20	118	0	41
 75403	65	65	62	15	20	120	0	41
 75444	65	65	62	15	20	121	0	41
 75490	65	65	62	15	20	121	0	41
 75535	67	64	62	15	20	122	0	41
 75581	66	64	62	15	20	123	0	41
 75630	67	64	62	7	21	64	0	41
 75807	65	65	62	3	21	67	0	41
 75853	64	65	62	3	21	68	0	41
 75853	64	65	62	3	21	68	0	41
 75898	67	64	62	3	21	68	0	41
 75943	68	64	62	3	21	69	0	41
 75992	66	64	62	3	21	70	0	41
 76034	66	64	62	3	21	71	0	41
 76079	66	65	62	7	21	71	0	41
 76125	65	64	62	7	21	72	0	41
 76170	68	62	62	7	21	73	0	41
 76215	66	62	62	7	21	74	0	41
 76261	68	62	62	7	21	74	0	41
 76306	66	62	62	7	21	75	0	41
 76351	68	62	62	7	21	76	0	41
 76397	67	63	62	7	21	77	0	41
 76492	67	63	62	7	21	78	0	41
 76578	68	63	62	7	21	80	0	41
 76623	66	63	62	7	21	80	0	41
 76669	68	63	62	7	21	81	0	41
 76714	66	63	62	7	21	82	0	41
 76760	68	63	62	7	21	83	0	41
 76805	66	63	62	7	21	83	0	41
 76850	68	63	62	7	21	84	0	41
 76896	66	63	62	7	21	85	0	41
 76941	68	63	62	7	21	86	0	41
 77032	68	63	62	7	21	87	0	41
 77077	66	63	62	7	21	88	0	41
 77122	68	63	62	7	21	89	0	41
 77168	66	63	61	7	21	89	0	41
 77213	68	63	61	7	21	90	0	41
 77258	66	63	62	7	21	91	0	41
 77308	68	63	61	7	21	92	0	41
 77349	66	64	61	7	21	92	0	41
 77395	68	64	61	7	21	93	0	41
 77490	68	63	62	15	21	95	0	41
 77531	67	64	62	15	21	96	0	41
 77576	68	64	62	15	21	96	0	41
 77621	67	64	61	15	21	97	0	41
 77670	67	64	61	15	21	98	0	41
 77712	68	64	61	15	21	99	0	41
 77758	67	64	61	15	21	99	0	41
 77806	68	64	61	15	21	100	0	41
 77852	66	64	61	15	21	101	0	41
 77894	69	64	61	15	21	102	0	41
 77939	66	64	61	15	21	102	0	41
 78029	67	65	61	15	21	104	0	41
 78120	68	65	61	15	21	105	0	41
 78166	66	65	61	15	21	106	0	41
 78211	69	65	61	15	21	107	0	41
 78266	66	65	61	15	21	108	0	41
 78302	68	65	61	15	21	108	0	41
 78347	67	65	61	15	21	109	0	41
 78392	67	65	61	15	21	110	0	41
 78438	68	65	61	15	21	111	0	41
 78493	66	65	61	15	21	112	0	41
 78528	69	66	61	15	21	112	0	41
 78577	67	66	61	15	21	113	0	41
 78619	67	65	61	15	21	114	0	41
 78664	69	66	61	15	21	114	0	41
 78711	67	66	61	15	21	115	0	41
 78755	69	65	61	15	21	116	0	41
 78802	68	66	61	15	21	117	0	41
 78846	67	66	61	15	21	117	0	41
 78891	69	66	61	11	21	118	0	41
 78940	67	66	61	11	21	119	0	41
 78982	67	66	61	11	21	120	0	41
 79028	69	66	61	11	21	120	0	41
 79073	67	66	61	11	21	121	0	41
 79118	69	66	61	15	21	122	0	41
 79119	69	66	61	15	21	122	0	41
 79213	67	66	61	15	21	123	0	41
 79254	70	66	61	4	22	64	0	41
 79299	72	66	61	4	22	65	0	41
 79345	72	66	61	4	22	66	0	41
 79390	72	65	61	4	22	66	0	41
 79438	71	65	61	4	22	67	0	41
 79485	70	65	61	4	22	68	0	41
 79526	70	64	61	4	22	69	0	41
 79571	69	63	61	4	22	70	0	41
 79620	69	62	61	4	22	70	0	41
 79662	69	62	61	4	22	71	0	41
 79707	68	61	61	4	22	72	0	41
 79798	67	60	61	4	22	73	0	41
 79848	67	60	61	4	22	74	0	41
 79889	67	60	61	4	22	75	0	41
 79934	66	60	61	4	22	76	0	41
 79980	66	60	61	4	22	76	0	41
 80029	66	60	61	4	22	77	0	41
 80070	66	61	61	4	22	78	0	41
 80116	65	61	61	4	22	79	0	41
 80164	65	61	61	4	22	79	0	41
 80207	65	61	61	4	22	80	0	41
 80252	65	61	61	4	22	81	0	41
 80297	65	61	61	4	22	82	0	41
 80342	65	61	61	4	22	82	0	41
 80388	65	61	61	4	22	83	0	41
 80433	65	61	61	4	22	84	0	41
 80478	65	61	61	4	22	85	0	41
 80524	65	61	61	4	22	85	0	41
 80569	65	61	61	4	22	86	0	41
 80615	65	61	61	4	22	87	0	41
 80660	65	61	61	4	22	88	0	41
 80706	65	61	61	4	22	88	0	41
 80707	65	61	61	4	22	88	0	41
 80751	65	60	61	4	22	89	0	41
 80796	65	60	61	4	22	90	0	41
 80841	65	60	61	4	22	91	0	41
 80890	65	60	61	4	22	91	0	41
 80977	65	60	61	4	22	93	0	41
 81023	65	59	61	12	22	94	0	41
 81068	64	59	61	12	22	94	0	41
 81113	64	59	61	12	22	95	0	41
 81159	64	59	61	12	22	96	0	41
 81204	64	59	62	12	22	97	0	41
 81295	64	59	61	12	22	98	0	41
 81340	64	58	61	12	22	99	0	41
 81385	64	58	61	12	22	100	0	41
 81431	64	58	61	12	22	100	0	41
 81476	64	58	60	12	22	101	0	41
 81522	64	58	61	12	22	102	0	41
 81567	63	58	60	12	22	103	0	41
 81612	63	57	61	12	22	104	0	41
 81658	63	57	60	12	22	104	0	41
 81703	63	57	61	12	22	105	0	41
 81748	63	57	61	12	22	106	0	41
 81794	63	57	60	12	22	107	0	41
 81839	63	57	60	12	22	107	0	41
 81885	63	57	60	12	22	108	0	41
 81931	62	56	60	12	22	109	0	41
 81975	62	56	61	12	22	110	0	41
 82020	62	56	61	12	22	110	0	41
 82066	62	56	60	12	22	111	0	41
 82114	62	56	60	12	22	112	0	41
 82156	62	56	60	12	22	113	0	41
 82202	62	56	61	12	22	113	0	41
 82247	62	55	60	12	22	114	0	41
 82293	62	55	60	12	22	115	0	41
 82338	62	55	60	12	22	116	0	41
 82383	62	55	61	12	22	116	0	41
 82429	61	55	60	12	22	117	0	41
 82474	61	55	60	12	22	118	0	41
 82519	61	55	60	12	22	119	0	41
 82565	61	55	60	12	22	119	0	41
 82610	61	55	60	12	22	120	0	41
 82655	61	55	60	12	22	121	0	41
 82701	61	55	60	12	22	122	0	41
 82746	61	55	60	12	22	122	0	41
 82791	61	55	60	12	22	123	0	41
 82837	61	55	60	4	23	64	0	41
 82882	61	55	60	4	23	65	0	41
 82927	61	55	60	4	23	65	0	41
 82973	61	55	60	4	23	66	0	41
 83018	61	55	60	4	23	67	0	41
 83063	60	54	60	4	23	68	0	41
 83109	60	55	60	4	23	68	0	41
 83154	60	54	60	4	23	69	0	41
 83200	60	55	60	4	23	70	0	41
 83245	60	54	61	4	23	71	0	41
 83290	60	54	60	4	23	71	0	41
 83336	60	54	60	4	23	72	0	41
 83381	60	54	60	4	23	73	0	41
 83426	60	54	60	4	23	74	0	41
 83472	60	54	60	4	23	74	0	41
 83517	60	54	60	4	23	75	0	41
 83562	60	54	60	4	23	76	0	41
 83608	60	54	60	4	23	77	0	41
 83653	59	54	60	4	23	78	0	41
 83698	60	54	60	4	23	78	0	41
 83744	60	54	60	4	23	79	0	41
 83789	59	54	60	4	23	80	0	41
 83834	60	53	60	4	23	81	0	41
 83880	59	53	60	4	23	81	0	41
 83925	59	53	60	4	23	82	0	41
 83971	59	53	60	4	23	83	0	41
 84016	59	53	60	4	23	84	0	41
 84061	59	53	60	4	23	84	0	41
 84107	59	53	59	4	23	85	0	41
 84152	59	53	59	4	23	86	0	41
 84197	59	53	60	4	23	87	0	41
 84243	59	53	60	4	23	87	0	41
 84288	59	53	59	4	23	88	0	41
 84333	59	53	60	4	23	89	0	41
 84379	59	53	60	4	23	90	0	41
 84424	59	53	60	4	23	90	0	41
 84469	59	53	60	4	23	91	0	41
 84515	59	52	60	4	23	92	0	41
 84564	59	52	60	4	23	93	0	41
 84606	59	52	60	4	23	93	0	41
 84700	59	52	60	12	23	95	0	41
 84742	58	52	60	12	23	96	0	41
 84787	58	52	60	12	23	96	0	41
 84832	58	52	60	12	23	97	0	41
 84878	58	52	60	12	23	98	0	41
 84923	58	52	60	12	23	99	0	41
 84968	58	52	60	12	23	99	0	41
 85014	58	52	60	12	23	100	0	41
 85059	58	52	60	12	23	101	0	41
 85104	58	52	60	12	23	102	0	41
 85150	58	52	60	12	23	102	0	41
 85195	58	52	60	12	23	103	0	41
 85240	58	51	60	12	23	104	0	41
 85286	57	51	60	12	23	105	0	41
 85334	57	51	60	12	23	105	0	41
 85376	57	51	60	12	23	106	0	41
 85422	57	51	60	12	23	107	0	41
 85467	57	51	60	12	23	108	0	41
 85513	57	51	60	12	23	109	0	41
 85558	57	51	60	12	23	109	0	41
 85603	57	51	60	12	23	110	0	41
 85649	57	51	60	12	23	111	0	41
 85694	57	51	60	12	23	112	0	41
 85739	57	51	60	12	23	112	0	41
 85785	57	51	60	12	23	113	0	41
 85830	57	51	60	12	23	114	0	41
 85875	57	51	60	12	23	115	0	41
 85921	57	51	60	12	23	115	0	41
 85966	57	51	59	12	23	116	0	41
 86011	56	51	59	12	23	117	0	41
 86057	56	50	59	12	23	118	0	41
 86102	56	50	59	12	23	118	0	41
 86147	56	50	59	12	23	119	0	41
 86193	56	50	59	12	23	120	0	41
 86238	56	50	59	12	23	121	0	41
 86333	56	50	59	12	23	122	0	41
 86374	56	50	59	12	23	123	0	41
