HomeCentral
 Falkenstrasse 20
 8630 Rueti
 Datum: 30.03.14 00:00
 
 Startzeit: 2014-03-30 00:00:22 +0100
 112	44	36	53	36	0	65	0	35
 158	44	35	53	36	0	66	0	35
 203	44	36	54	36	0	67	0	35
 248	44	36	53	36	0	67	0	35
 294	44	36	53	36	0	68	0	35
 339	44	36	53	36	0	69	0	35
 384	44	36	53	36	0	70	0	35
 430	44	36	53	36	0	70	0	35
 475	44	36	53	36	0	71	0	35
 520	44	36	53	36	0	72	0	35
 566	44	35	53	36	0	73	0	35
 611	44	36	53	36	0	73	0	35
 656	44	36	53	36	0	74	0	35
 702	44	35	53	36	0	75	0	35
 747	44	36	54	36	0	76	0	35
 792	44	35	53	36	0	76	0	35
 838	44	36	53	36	0	77	0	35
 883	44	36	53	36	0	78	0	35
 929	44	35	53	36	0	79	0	35
 974	44	36	53	36	0	79	0	35
 1019	44	35	53	36	0	80	0	35
 1065	44	35	54	36	0	81	0	35
 1110	44	35	53	36	0	82	0	35
 1155	44	35	53	36	0	83	0	35
 1201	44	36	53	36	0	83	0	35
 1246	44	36	53	36	0	84	0	35
 1291	44	35	53	36	0	85	0	35
 1337	44	35	54	36	0	86	0	35
 1382	44	35	53	36	0	86	0	35
 1427	44	35	53	36	0	87	0	35
 1473	44	35	53	36	0	88	0	35
 1518	44	35	53	36	0	89	0	35
 1563	44	35	53	36	0	89	0	35
 1609	44	35	53	36	0	90	0	35
 1654	44	36	53	36	0	91	0	35
 1699	44	35	53	36	0	92	0	35
 1745	44	35	53	36	0	92	0	35
 1790	44	35	53	36	0	93	0	35
 1836	44	35	53	44	0	94	0	35
 1881	44	35	53	44	0	95	0	35
 1926	44	35	53	44	0	95	0	35
 1972	44	35	54	44	0	96	0	35
 2017	44	35	53	44	0	97	0	35
 2062	44	35	53	44	0	98	0	35
 2108	43	35	53	44	0	98	0	35
 2153	43	35	53	44	0	99	0	35
 2198	43	35	53	44	0	100	0	35
 2244	43	35	53	44	0	101	0	35
 2289	43	35	53	44	0	101	0	34
 2334	43	35	53	44	0	102	0	35
 2380	43	35	53	44	0	103	0	35
 2425	43	35	53	44	0	104	0	34
 2470	43	35	53	44	0	104	0	35
 2516	43	35	53	44	0	105	0	35
 2561	43	35	53	44	0	106	0	35
 2606	43	35	53	44	0	107	0	35
 2652	43	35	53	44	0	107	0	35
 2697	43	35	53	44	0	108	0	34
 2743	43	35	53	44	0	109	0	34
 2788	43	35	53	44	0	110	0	35
 2833	43	35	53	44	0	110	0	35
 2879	43	35	53	44	0	111	0	34
 2924	43	35	53	44	0	112	0	34
 2969	43	35	53	44	0	113	0	34
 3015	43	35	53	44	0	113	0	35
 3060	43	35	53	44	0	114	0	35
 3105	43	35	53	44	0	115	0	34
 3151	43	35	53	44	0	116	0	34
 3196	43	35	53	44	0	117	0	34
 3241	43	35	53	44	0	117	0	34
 3287	43	35	53	44	0	118	0	34
 3332	43	35	53	44	0	119	0	34
 3377	43	35	53	44	0	120	0	34
 3423	43	35	53	44	0	120	0	34
 3468	43	35	53	44	0	121	0	34
 3513	43	35	53	44	0	122	0	34
 3559	43	35	53	44	0	123	0	34
 3604	43	35	53	44	0	123	0	34
 3650	43	35	53	4	1	64	0	34
 3695	43	35	53	4	1	65	0	34
 3740	43	35	53	4	1	66	0	34
 3786	43	35	53	4	1	66	0	34
 3831	43	35	53	4	1	67	0	34
 3876	43	35	53	4	1	68	0	34
 3922	43	35	53	4	1	69	0	34
 3967	43	35	53	4	1	69	0	34
 4013	43	35	53	4	1	70	0	34
 4058	43	35	53	4	1	71	0	34
 4103	43	35	53	4	1	72	0	34
 4148	43	35	53	4	1	72	0	34
 4194	43	35	53	4	1	73	0	34
 4239	43	35	53	4	1	74	0	34
 4284	43	35	53	4	1	75	0	34
 4330	43	35	53	4	1	75	0	34
 4375	43	35	53	4	1	76	0	34
 4420	43	35	53	4	1	77	0	34
 4466	43	35	53	4	1	78	0	34
 4511	43	35	53	4	1	78	0	34
 4556	43	35	53	4	1	79	0	34
 4602	43	35	53	4	1	80	0	34
 4647	43	35	53	4	1	81	0	34
 4693	43	35	53	4	1	81	0	34
 4738	43	35	53	4	1	82	0	34
 4783	43	35	53	4	1	83	0	34
 4829	43	35	53	4	1	84	0	34
 4874	43	35	53	4	1	84	0	34
 4919	43	35	53	4	1	85	0	34
 4965	43	35	53	4	1	86	0	34
 5010	43	35	53	4	1	87	0	34
 5055	42	35	53	4	1	87	0	34
 5101	43	35	53	4	1	88	0	34
 5146	42	35	53	4	1	89	0	34
 5191	43	35	53	4	1	90	0	34
 5241	43	35	53	4	1	91	0	34
 5282	42	35	53	4	1	91	0	34
 5327	43	35	53	4	1	92	0	34
 5373	42	35	53	4	1	93	0	34
 5418	42	35	53	12	1	94	0	34
 5463	43	35	53	12	1	94	0	34
 5509	42	35	53	12	1	95	0	34
 5554	43	35	53	12	1	96	0	34
 5600	42	35	53	12	1	97	0	34
 5645	42	35	53	12	1	97	0	34
 5690	42	35	53	12	1	98	0	34
 5736	42	35	53	12	1	99	0	34
 5781	42	35	53	12	1	100	0	34
 5826	42	35	53	12	1	100	0	34
 5872	42	35	53	12	1	101	0	34
 5917	42	35	53	12	1	102	0	34
 5962	42	35	53	12	1	103	0	34
 6008	42	35	53	12	1	104	0	34
 6053	42	34	53	12	1	104	0	34
 6098	42	35	53	12	1	105	0	34
 6144	42	35	53	12	1	106	0	34
 6189	42	35	53	12	1	107	0	34
 6234	42	35	53	12	1	107	0	34
 6280	42	34	53	12	1	108	0	34
 6325	42	34	53	12	1	109	0	34
 6370	42	35	53	12	1	110	0	34
 6416	42	35	53	12	1	110	0	34
 6461	42	35	52	12	1	111	0	34
 6507	42	35	53	12	1	112	0	34
 6552	42	35	53	12	1	113	0	34
 6597	42	35	53	12	1	113	0	34
 6643	42	35	53	12	1	114	0	34
 6688	42	35	53	12	1	115	0	34
 6733	42	35	53	12	1	116	0	34
 6779	42	35	53	12	1	116	0	34
 6824	42	34	53	12	1	117	0	34
 6869	42	35	52	12	1	118	0	34
 6915	42	34	52	12	1	119	0	34
 6960	42	35	53	12	1	119	0	34
 7005	42	34	53	12	1	120	0	34
 7051	42	35	53	12	1	121	0	34
 7096	42	35	53	12	1	122	0	34
 7141	42	34	52	12	1	122	0	34
 7187	42	34	53	12	1	123	0	34
 10832	42	35	53	4	2	64	0	34
 10877	42	34	53	4	2	65	0	34
 10923	42	34	54	4	2	65	0	34
 10968	42	35	52	4	2	66	0	34
 11014	42	34	52	4	2	67	0	34
 11059	42	34	52	4	2	68	0	34
 11104	42	34	52	4	2	68	0	34
 11150	42	34	52	4	2	69	0	34
 11195	42	34	52	4	2	70	0	34
 11240	42	34	53	4	2	71	0	34
 11286	42	34	52	4	2	71	0	34
 11331	42	34	53	4	2	72	0	34
 11376	42	34	53	4	2	73	0	34
 11422	42	34	52	4	2	74	0	34
 11467	42	34	52	4	2	74	0	34
 11512	42	34	53	4	2	75	0	34
 11558	42	34	53	4	2	76	0	34
 11603	42	34	53	4	2	77	0	34
 11648	42	34	53	4	2	78	0	34
 11694	42	34	52	4	2	78	0	34
 11739	42	34	52	4	2	79	0	34
 11784	41	34	52	4	2	80	0	34
 11830	42	34	53	4	2	81	0	34
 11876	42	34	52	4	2	81	0	34
 11921	42	34	53	4	2	82	0	34
 11966	42	34	54	4	2	83	0	34
 12011	42	34	53	4	2	84	0	34
 12057	41	34	52	4	2	84	0	34
 12102	41	34	53	4	2	85	0	34
 12147	42	34	53	4	2	86	0	34
 12193	41	34	52	4	2	87	0	34
 12238	42	34	53	4	2	87	0	34
 12283	42	34	52	4	2	88	0	34
 12329	42	34	52	4	2	89	0	34
 12374	41	34	52	4	2	90	0	34
 12419	41	34	52	4	2	90	0	34
 12465	41	34	52	4	2	91	0	34
 12510	41	34	52	4	2	92	0	34
 12555	41	34	52	4	2	93	0	34
 12601	41	34	53	4	2	93	0	34
 12646	41	34	53	12	2	94	0	34
 12691	41	34	52	12	2	95	0	34
 12737	41	34	52	12	2	96	0	34
 12782	41	34	52	12	2	96	0	34
 12828	41	34	53	12	3	97	0	34
 12873	41	34	52	12	3	98	0	34
 12918	41	34	52	12	3	99	0	34
 12964	41	34	52	12	3	99	0	34
 13009	41	34	52	12	3	100	0	34
 13054	41	34	52	12	3	101	0	34
 13100	41	34	52	12	3	102	0	34
 13145	41	34	53	12	3	102	0	34
 13190	41	34	52	12	3	103	0	34
 13236	41	34	52	12	3	104	0	34
 13281	41	34	53	12	3	105	0	34
 13326	41	34	52	12	3	105	0	34
 13372	41	34	53	12	3	106	0	34
 13417	41	34	52	12	3	107	0	34
 13462	41	34	52	12	3	108	0	34
 13508	41	34	52	12	3	108	0	34
 13553	41	34	52	12	3	109	0	34
 13598	41	34	52	12	3	110	0	34
 13644	41	34	52	12	3	111	0	34
 13689	41	34	52	12	3	111	0	34
 13734	41	34	52	12	3	112	0	34
 13780	41	34	52	12	3	113	0	34
 13825	41	33	52	12	3	114	0	34
 13871	41	34	53	12	3	114	0	34
 13916	41	34	52	12	3	115	0	34
 13961	41	34	52	12	3	116	0	34
 14007	41	34	52	12	3	117	0	34
 14052	41	34	52	12	3	118	0	34
 14097	41	34	52	12	3	118	0	34
 14143	41	34	53	12	3	119	0	34
 14188	41	34	52	12	3	120	0	34
 14233	41	34	52	12	3	121	0	34
 14279	41	34	52	12	3	121	0	34
 14324	41	34	52	12	3	122	0	34
 14369	41	34	52	12	3	123	0	34
 14415	41	34	52	4	4	64	0	34
 14460	41	34	52	4	4	64	0	34
 14505	41	34	52	4	4	65	0	34
 14551	41	34	52	4	4	66	0	34
 14596	41	34	52	4	4	67	0	34
 14641	41	34	52	4	4	67	0	34
 14687	41	34	52	4	4	68	0	34
 14732	41	34	52	4	4	69	0	34
 14778	41	34	52	4	4	70	0	34
 14823	41	34	52	4	4	70	0	34
 14868	41	34	52	4	4	71	0	34
 14914	41	34	52	4	4	72	0	34
 14959	41	34	52	4	4	73	0	34
 15004	41	34	52	4	4	73	0	34
 15050	41	34	52	4	4	74	0	34
 15095	41	33	52	4	4	75	0	34
 15140	41	33	52	4	4	76	0	34
 15186	41	33	52	4	4	76	0	34
 15231	40	34	52	4	4	77	0	34
 15276	41	34	52	4	4	78	0	34
 15322	41	34	52	4	4	79	0	34
 15367	41	34	52	4	4	79	0	34
 15412	40	34	52	4	4	80	0	34
 15458	41	34	52	4	4	81	0	34
 15503	41	34	52	4	4	82	0	33
 15548	40	34	52	4	4	82	0	34
 15594	41	34	52	4	4	83	0	34
 15639	40	33	52	4	4	84	0	34
 15685	40	34	52	4	4	85	0	34
 15730	40	34	52	4	4	85	0	34
 15775	40	33	52	4	4	86	0	33
 15821	40	34	52	4	4	87	0	34
 15866	40	33	52	4	4	88	0	34
 15911	40	33	52	4	4	88	0	33
 15957	40	33	52	0	4	89	0	34
 16002	42	33	52	0	4	90	0	34
 16047	45	33	52	0	4	91	0	34
 16093	49	33	52	0	4	92	0	34
 16138	51	33	52	0	4	92	0	33
 16183	52	33	52	0	4	93	0	33
 16229	54	34	52	12	4	94	0	34
 16274	52	33	52	12	4	95	0	34
 16319	49	34	52	12	4	95	0	33
 16365	46	34	52	12	4	96	0	34
 16410	45	34	52	12	4	97	0	33
 16455	44	33	52	12	4	98	0	33
 16501	43	34	52	12	4	98	0	33
 16546	43	34	52	12	4	99	0	33
 16592	43	34	52	12	4	100	0	33
 16637	43	34	52	12	4	101	0	33
 16682	42	33	52	12	4	101	0	33
 16728	42	33	52	12	4	102	0	33
 16773	42	33	52	12	4	103	0	33
 16818	42	34	52	12	4	104	0	33
 16864	42	33	52	12	4	104	0	33
 16909	42	33	52	12	4	105	0	33
 16954	42	33	52	12	4	106	0	33
 17000	42	33	51	12	4	107	0	33
 17045	42	33	52	12	4	107	0	33
 17090	42	33	52	12	4	108	0	33
 17136	42	33	51	12	4	109	0	33
 17181	42	33	52	12	4	110	0	33
 17226	42	33	52	12	4	110	0	33
 17272	42	33	51	12	4	111	0	33
 17317	41	33	51	12	4	112	0	33
 17362	41	33	51	12	4	113	0	33
 17408	41	33	51	12	4	113	0	33
 17453	41	33	51	12	4	114	0	33
 17499	41	33	51	12	4	115	0	33
 17544	41	33	52	12	4	116	0	33
 17589	41	33	51	12	4	117	0	33
 17635	41	33	51	12	4	117	0	33
 17680	41	33	51	12	4	118	0	33
 17725	41	33	51	12	4	119	0	33
 17771	41	33	51	12	4	120	0	33
 17816	41	34	51	12	4	120	0	33
 17861	41	33	51	12	4	121	0	33
 17907	41	33	51	12	4	122	0	33
 17952	41	33	51	12	4	123	0	33
 17997	41	33	51	12	4	123	0	33
 18043	41	33	51	4	5	64	0	33
 18088	41	33	51	4	5	65	0	33
 18133	41	34	51	4	5	66	0	33
 18179	42	33	51	4	5	66	0	33
 18224	42	33	51	4	5	67	0	33
 18269	42	33	51	4	5	68	0	33
 18315	42	33	51	4	5	69	0	33
 18360	42	33	51	4	5	69	0	33
 18406	42	33	51	4	5	70	0	33
 18451	42	34	51	4	5	71	0	33
 18496	42	34	51	4	5	72	0	33
 18542	42	34	50	4	5	72	0	33
 18587	42	34	50	4	5	73	0	33
 18632	42	34	50	4	5	74	0	33
 18678	42	34	50	4	5	75	0	33
 18723	42	34	50	4	5	75	0	33
 18768	42	34	50	4	5	76	0	33
 18814	42	34	50	4	5	77	0	33
 18859	42	34	50	4	5	78	0	33
 18904	42	33	50	4	5	78	0	33
 18950	42	34	50	4	5	79	0	33
 18995	42	34	50	4	5	80	0	33
 19040	42	34	50	4	5	81	0	33
 19086	42	34	50	4	5	81	0	33
 19131	43	34	50	4	5	82	0	33
 19176	42	34	50	4	5	83	0	33
 19222	42	33	50	4	5	84	0	33
 19267	42	34	50	4	5	84	0	33
 19312	42	34	50	4	5	85	0	33
 19358	42	33	50	4	5	86	0	33
 19403	42	34	50	4	5	87	0	33
 19449	42	33	50	4	5	87	0	33
 19494	42	34	50	4	5	88	0	33
 19539	42	33	50	4	5	89	0	33
 19585	42	34	50	4	5	90	0	33
 19630	42	33	50	4	5	91	0	33
 19675	42	34	50	4	5	91	0	33
 19721	42	33	50	4	5	92	0	33
 19766	42	33	50	4	5	93	0	33
 19811	42	33	51	12	5	94	0	33
 19857	42	34	51	12	5	94	0	33
 19902	42	33	51	12	5	95	0	33
 19947	42	33	50	12	5	96	0	33
 19993	42	33	51	12	5	97	0	33
 20038	42	33	51	12	5	97	0	33
 20083	42	34	51	12	5	98	0	33
 20129	42	33	51	12	5	99	0	33
 20175	42	33	51	12	5	100	0	33
 20219	42	33	51	12	5	100	0	33
 20265	42	33	51	12	5	101	0	33
 20310	42	33	51	12	5	102	0	33
 20356	42	33	51	12	5	103	0	33
 20401	42	33	51	12	5	103	0	33
 20446	42	33	51	12	5	104	0	33
 20492	42	33	51	12	5	105	0	33
 20537	42	34	51	12	5	106	0	33
 20582	42	33	51	12	5	106	0	33
 20628	42	33	51	12	5	107	0	33
 20673	42	33	51	12	5	108	0	33
 20718	41	33	51	12	5	109	0	33
 20764	41	33	51	12	5	109	0	33
 20809	41	34	51	12	5	110	0	33
 20854	41	33	51	12	5	111	0	33
 20900	42	33	51	12	5	112	0	33
 20945	41	33	50	12	5	112	0	33
 20990	41	33	50	12	5	113	0	33
 21036	41	33	50	12	5	114	0	33
 21081	41	33	50	12	5	115	0	33
 21126	41	33	50	12	5	115	0	33
 21172	41	33	50	12	5	116	0	33
 21217	41	33	50	12	5	117	0	33
 21263	41	33	50	12	5	118	0	33
 21308	41	33	50	12	5	118	0	33
 21353	41	33	50	12	5	119	0	33
 21399	41	33	50	12	5	120	0	33
 21444	41	33	50	12	5	121	0	33
 21489	41	33	50	12	5	121	0	33
 21535	41	33	50	12	5	122	0	33
 21580	41	33	50	12	5	123	0	33
 21625	41	33	50	7	6	64	0	33
 21671	40	33	50	7	6	65	0	33
 21716	54	33	50	7	6	65	0	33
 21761	74	34	50	7	6	66	0	33
 21807	79	36	50	7	6	67	0	33
 21852	80	41	50	7	6	68	0	33
 21897	80	46	50	7	6	68	0	33
 21943	68	49	50	7	6	69	0	33
 21988	56	49	50	3	6	70	0	33
 22033	50	47	50	3	6	71	0	33
 22079	46	45	50	3	6	71	0	33
 22124	44	43	50	3	6	72	0	33
 22170	43	42	50	3	6	73	0	33
 22215	43	42	50	3	6	74	0	33
 22260	46	42	50	3	6	74	0	33
 22306	59	43	50	3	6	75	0	33
 22351	76	43	50	3	6	76	0	33
 22396	79	45	50	3	6	77	0	33
 22442	81	49	49	3	6	77	0	33
 22487	82	52	50	3	6	78	0	33
 22532	83	55	50	3	6	79	0	33
 22578	81	56	49	3	6	80	0	33
 22623	81	57	50	3	6	80	0	33
 22668	81	53	50	3	6	81	0	33
 22714	81	51	50	3	6	82	0	33
 22759	82	52	51	3	6	83	0	33
 22804	82	53	50	3	6	83	0	33
 22850	81	53	50	3	6	84	0	33
 22895	81	54	50	3	6	85	0	33
 22940	81	55	50	3	6	86	0	33
 22986	81	56	50	3	6	86	0	33
 23031	82	57	50	3	6	87	0	33
 23077	80	58	50	3	6	88	0	33
 23122	80	59	50	3	6	89	0	33
 23167	81	60	50	3	6	89	0	34
 23213	79	62	50	3	6	90	0	34
 23258	79	63	50	3	6	91	0	34
 23303	80	65	50	3	6	92	0	34
 23349	81	66	50	3	6	92	0	34
 23394	81	67	50	3	6	93	0	34
 23439	79	69	50	11	6	94	0	34
 23485	79	69	50	15	6	95	0	34
 23530	79	70	50	15	6	96	0	34
 23575	79	71	50	15	6	96	0	34
 23621	79	72	50	15	6	97	0	34
 23666	80	72	50	15	6	98	0	34
 23711	80	72	50	15	6	99	0	34
 23757	81	73	50	15	6	99	0	34
 23802	81	73	50	15	6	100	0	34
 23847	81	73	50	15	6	101	0	34
 23893	81	73	50	15	6	102	0	34
 23938	81	73	50	15	6	102	0	34
 23984	81	74	50	15	6	103	0	34
 24029	80	74	50	15	6	104	0	34
 24074	80	73	50	15	6	105	0	34
 24120	80	74	50	15	6	105	0	34
 24165	80	74	50	15	6	106	0	34
 24210	79	74	50	11	6	107	0	34
 24256	76	74	50	11	6	108	0	34
 24301	74	73	50	11	6	108	0	34
 24346	75	73	50	11	6	109	0	35
 24392	79	72	50	11	6	110	0	34
 24437	78	72	50	11	6	111	0	35
 24482	78	72	51	11	6	111	0	34
 24528	79	73	50	15	6	112	0	35
 24573	79	72	50	15	6	113	0	34
 24618	79	72	50	15	6	114	0	35
 24664	79	73	49	15	6	114	0	35
 24709	79	73	49	15	6	115	0	35
 24754	79	73	49	15	6	116	0	35
 24800	78	73	49	15	6	117	0	35
 24845	79	73	49	15	6	117	0	35
 24891	79	73	49	15	6	118	0	35
 24936	79	73	49	15	6	119	0	35
 24981	78	73	49	15	6	120	0	35
 25027	79	73	49	15	6	120	0	35
 25072	78	73	49	15	6	121	0	35
 25117	81	73	49	15	6	122	0	35
 25163	79	73	49	15	6	123	0	35
 25208	80	73	49	15	6	123	0	35
 25253	80	73	49	7	7	64	0	35
 25299	79	73	49	7	7	65	0	35
 25344	81	73	49	7	7	66	0	35
 25389	79	73	49	7	7	66	0	35
 25435	81	73	49	3	7	67	0	35
 25480	77	73	49	3	7	68	0	35
 25525	74	73	49	3	7	69	0	35
 25571	73	73	49	3	7	70	0	35
 25616	76	73	49	3	7	70	0	35
 25661	80	72	49	3	7	71	0	35
 25707	81	72	49	3	7	72	0	35
 25752	81	72	49	3	7	73	0	35
 25797	80	73	49	7	7	73	0	35
 25843	80	73	49	7	7	74	0	35
 25888	80	74	49	7	7	75	0	35
 25934	80	74	49	7	7	76	0	35
 25979	80	74	49	7	7	76	0	35
 26024	80	74	49	7	7	77	0	35
 26070	80	74	49	7	7	78	0	35
 26115	80	74	49	7	7	79	0	35
 26160	80	73	49	7	7	79	0	35
 26206	80	73	49	7	7	80	0	35
 26251	80	74	49	7	7	81	0	35
 26296	80	74	49	7	7	82	0	35
 26342	80	74	49	7	7	82	0	35
 26387	80	74	49	7	7	83	0	35
 26433	80	74	49	7	7	84	0	35
 26478	82	74	49	7	7	85	0	35
 26523	80	74	49	7	7	85	0	35
 26568	82	74	48	7	7	86	0	35
 26614	80	75	49	7	7	87	0	35
 26659	83	75	48	7	7	88	0	35
 26704	80	75	49	3	7	88	0	36
 26750	76	75	49	3	7	89	0	35
 26795	75	74	48	3	7	90	0	36
 26841	77	74	48	3	7	91	0	35
 26886	82	74	49	3	7	91	0	35
 26931	81	73	49	3	7	92	0	36
 26977	82	74	49	3	7	93	0	35
 27022	81	74	48	15	7	94	0	36
 27067	81	74	49	15	7	94	0	36
 27113	81	75	49	15	7	95	0	36
 27158	81	75	49	15	7	96	0	36
 27203	81	75	48	15	7	97	0	36
 27249	81	75	48	15	7	97	0	36
 27294	81	75	48	15	7	98	0	36
 27339	81	76	48	15	7	99	0	36
 27385	82	75	48	15	7	100	0	36
 27431	82	76	48	15	7	100	0	36
 27475	82	76	48	15	7	101	0	36
 27521	82	76	48	15	7	102	0	36
 27566	82	76	48	15	7	103	0	36
 27611	82	76	48	15	7	104	0	36
 27657	81	76	48	15	7	104	0	36
 27702	81	76	48	15	7	105	0	36
 27748	81	76	48	15	7	106	0	36
 27793	82	76	48	15	7	107	0	36
 27838	83	76	48	15	7	107	0	36
 27884	82	76	49	15	7	108	0	36
 27929	84	76	48	15	7	109	0	36
 27974	82	77	48	15	7	110	0	36
 28020	80	77	48	11	7	110	0	36
 28065	77	77	48	11	7	111	0	36
 28110	77	76	48	11	7	112	0	36
 28156	81	75	48	11	7	113	0	36
 28201	82	75	48	11	7	113	0	36
 28246	84	75	48	11	7	114	0	36
 28292	82	75	48	11	7	115	0	36
 28337	82	76	48	15	7	116	0	36
 28382	82	76	48	15	7	116	0	36
 28428	82	76	48	15	7	117	0	36
 28473	82	77	48	15	7	118	0	36
 28518	82	77	48	15	7	119	0	36
 28565	83	77	48	15	7	119	0	36
 28609	83	77	48	15	7	120	0	36
 28655	83	77	48	15	7	121	0	36
 28700	83	77	48	15	7	122	0	36
 28745	83	77	48	15	7	122	0	36
 28791	83	77	48	15	7	123	0	36
 28836	84	77	48	36	8	64	0	36
 28881	82	77	48	36	8	65	0	36
 28927	80	76	48	36	8	65	0	36
 28972	78	76	48	36	8	66	0	36
 29017	77	75	48	36	8	67	0	36
 29063	77	75	48	36	8	68	0	36
 29108	76	74	48	36	8	68	0	36
 29153	75	74	48	36	8	69	0	36
 29199	75	74	49	36	8	70	0	36
 29244	74	73	49	36	8	71	0	36
 29289	74	73	48	36	8	71	0	36
 29335	74	73	48	36	8	72	0	36
 29380	74	72	49	36	8	73	0	36
 29425	73	72	48	36	8	74	0	36
 29471	73	72	48	36	8	74	0	36
 29516	73	72	48	36	8	75	0	36
 29562	73	71	48	36	8	76	0	36
 29607	72	71	48	36	8	77	0	36
 29652	72	71	48	36	8	78	0	36
 29698	72	71	48	36	8	78	0	36
 29743	72	71	48	36	8	79	0	36
 29788	71	71	49	36	8	80	0	36
 29834	71	71	49	36	8	81	0	36
 29879	71	70	48	36	8	81	0	36
 29924	71	70	48	36	8	82	0	36
 29970	71	70	48	36	8	83	0	36
 30015	71	70	48	36	8	84	0	36
 30060	71	69	48	36	8	84	0	36
 30106	70	69	48	36	8	85	0	36
 30151	70	69	48	36	8	86	0	36
 30196	70	69	49	36	8	87	0	36
 30242	70	69	49	36	8	87	0	36
 30287	70	68	49	36	8	88	0	36
 30332	69	68	49	36	8	89	0	36
 30378	69	68	49	36	8	90	0	36
 30423	69	68	49	36	8	90	0	36
 30469	69	68	49	36	8	91	0	36
 30514	69	68	49	36	8	92	0	36
 30559	69	67	49	36	8	93	0	36
 30605	69	67	49	36	8	93	0	36
 30650	69	67	49	44	8	94	0	36
 30695	68	67	49	44	8	95	0	36
 30741	68	67	49	44	8	96	0	36
 30786	68	66	49	44	8	96	0	36
 30831	68	66	49	44	8	97	0	36
 30877	68	66	49	44	8	98	0	36
 30922	67	66	49	44	8	99	0	36
 30967	67	65	49	44	8	99	0	36
 31013	67	65	48	44	8	100	0	36
 31058	67	65	49	44	8	101	0	36
 31103	67	65	49	44	8	102	0	36
 31149	67	65	49	44	8	102	0	36
 31194	67	65	49	44	8	103	0	37
 31240	67	64	49	44	8	104	0	37
 31285	66	64	49	44	8	105	0	36
 31330	66	64	49	44	8	105	0	36
 31376	66	64	49	44	8	106	0	36
 31421	66	64	49	44	8	107	0	37
 31466	65	63	49	44	8	108	0	37
 31512	65	63	49	44	8	108	0	37
 31557	65	63	50	44	8	109	0	37
 31602	65	63	49	44	8	110	0	37
 31648	65	62	49	44	8	111	0	37
 31693	64	62	49	44	8	112	0	37
 31738	64	62	49	44	8	112	0	37
 31784	64	61	49	44	8	113	0	37
 31829	64	61	49	44	8	114	0	37
 31874	64	61	49	44	8	115	0	37
 31920	64	61	49	44	8	115	0	37
 31965	63	61	49	44	8	116	0	37
 32010	63	61	49	44	8	117	0	37
 32056	63	61	49	44	8	118	0	36
 32101	63	60	49	44	8	118	0	37
 32146	63	60	49	44	8	119	0	37
 32192	63	60	49	44	8	120	0	37
 32237	62	59	49	44	8	121	0	37
 32283	62	59	49	44	8	121	0	37
 32328	62	59	49	44	8	122	0	37
 32373	62	59	49	44	8	123	0	37
 32419	62	59	49	36	9	64	0	37
 32464	62	58	49	36	9	64	0	37
 32509	62	58	49	36	9	65	0	37
 32555	62	58	50	36	9	66	0	37
 32600	62	58	49	36	9	67	0	37
 32645	62	57	49	36	9	67	0	37
 32691	62	57	49	36	9	68	0	37
 32737	62	57	49	36	9	69	0	37
 32781	62	57	49	36	9	70	0	37
 32827	62	57	49	36	9	70	0	37
 32872	61	57	49	36	9	71	0	37
 32917	62	56	49	36	9	72	0	37
 32963	61	56	50	36	9	73	0	37
 33008	61	56	49	36	9	73	0	37
 33054	61	56	49	36	9	74	0	37
 33099	61	56	50	36	9	75	0	36
 33144	61	56	49	36	9	76	0	34
 33190	61	56	49	36	9	76	0	34
 33235	61	56	50	36	9	77	0	34
 33280	61	56	49	36	9	78	0	34
 33326	60	55	49	36	9	79	0	35
 33371	60	55	50	36	9	79	0	35
 33416	60	55	50	36	9	80	0	36
 33462	60	55	50	36	9	81	0	36
 33507	60	55	50	36	9	82	0	36
 33552	60	54	50	36	9	83	0	36
 33598	60	54	50	36	9	83	0	36
 33643	60	54	50	36	9	84	0	36
 33688	60	54	50	36	9	85	0	37
 33734	59	54	50	36	9	86	0	37
 33779	60	54	50	36	9	86	0	36
 33824	59	54	50	36	9	87	0	36
 33870	59	53	50	36	9	88	0	36
 33915	59	54	50	36	9	89	0	36
 33961	59	53	50	36	9	89	0	36
 34006	59	53	50	36	9	90	0	36
 34051	59	53	50	36	9	91	0	36
 34097	59	53	50	36	9	92	0	36
 34142	59	53	51	36	9	92	0	36
 34187	59	53	51	36	9	93	0	36
 34233	58	52	51	44	9	94	0	36
 34279	58	52	50	44	9	95	0	36
 34323	58	52	51	44	9	95	0	36
 34369	58	52	51	44	9	96	0	36
 34414	58	52	51	44	9	97	0	36
 34459	58	52	51	44	9	98	0	36
 34505	58	52	51	44	9	98	0	36
 34550	58	52	51	44	9	99	0	36
 34595	58	51	51	44	9	100	0	36
 34641	58	51	51	44	9	101	0	36
 34686	58	51	51	44	9	101	0	36
 34732	58	51	51	44	9	102	0	36
 34777	57	51	51	44	9	103	0	36
 34822	57	51	51	44	9	104	0	36
 34868	57	51	51	44	9	104	0	36
 34913	57	51	51	44	9	105	0	36
 34958	57	51	52	44	9	106	0	36
 35004	57	51	52	44	9	107	0	36
 35049	57	51	52	44	9	107	0	36
 35094	57	50	52	44	9	108	0	36
 35140	57	50	52	44	9	109	0	36
 35185	57	50	52	44	9	110	0	36
 35231	57	50	52	44	9	110	0	36
 35276	57	50	52	44	9	111	0	36
 35321	57	50	52	44	9	112	0	36
 35366	57	50	52	44	9	113	0	36
 35412	56	49	52	44	9	113	0	36
 35457	56	49	52	44	9	114	0	36
 35503	56	49	52	44	9	115	0	36
 35548	56	49	53	44	9	116	0	36
 35593	56	49	52	44	9	117	0	36
 35639	56	49	52	44	9	117	0	36
 35693	56	49	52	44	9	118	0	36
 35738	56	49	53	44	9	119	0	36
 35784	56	48	52	44	9	120	0	36
 35829	55	48	52	44	9	120	0	36
 35874	55	48	53	44	9	121	0	36
 35920	55	48	53	44	9	122	0	36
 35965	55	48	53	44	9	123	0	36
 36010	55	48	53	44	9	123	0	36
 36056	55	48	53	36	10	64	0	36
 36101	55	48	53	36	10	65	0	36
 36146	55	48	53	36	10	66	0	36
 36192	55	47	53	36	10	66	0	36
 36237	55	47	53	36	10	67	0	36
 36283	55	48	53	36	10	68	0	36
 36328	54	47	53	36	10	69	0	36
 36373	54	47	53	36	10	70	0	36
 36419	54	47	53	36	10	70	0	36
 36464	54	47	53	36	10	71	0	36
 36509	54	47	53	32	10	72	0	36
 36555	54	47	53	32	10	73	0	37
 36600	56	47	53	32	10	73	0	36
 36645	59	47	53	32	10	74	0	36
 36691	62	47	53	32	10	75	0	36
 36736	63	47	53	32	10	76	0	36
 36781	64	47	53	36	10	76	0	36
 36827	64	47	53	36	10	77	0	36
 36872	61	46	54	36	10	78	0	36
 36917	58	46	53	36	10	79	0	36
 36963	57	46	53	36	10	79	0	36
 37008	56	46	54	36	10	80	0	36
 37053	56	46	53	36	10	81	0	36
 37099	55	46	54	36	10	82	0	36
 37144	55	46	54	36	10	82	0	36
 37190	55	46	54	36	10	83	0	36
 37235	54	46	54	36	10	84	0	36
 37280	55	45	54	36	10	85	0	36
 37326	54	46	54	36	10	85	0	36
 37371	54	46	54	36	10	86	0	36
 37416	54	46	54	36	10	87	0	36
 37462	54	46	54	36	10	88	0	36
 37507	54	45	54	36	10	88	0	36
 37552	54	45	54	36	10	89	0	36
 37598	54	45	54	36	10	90	0	36
 37643	55	46	54	36	10	91	0	36
 37688	54	45	54	36	10	91	0	36
 37734	54	45	54	36	10	92	0	36
 37779	54	45	55	36	10	93	0	36
 37824	54	45	55	44	10	94	0	36
 37870	54	45	55	44	10	94	0	36
 37915	54	45	55	44	10	95	0	36
 37960	54	45	55	44	10	96	0	36
 38006	54	45	55	44	10	97	0	36
 38051	54	45	55	44	10	97	0	36
 38097	54	45	55	44	10	98	0	36
 38142	54	45	55	44	10	99	0	36
 38187	54	45	55	44	10	100	0	36
 38233	53	45	55	44	10	100	0	36
 38278	53	44	55	44	10	101	0	36
 38323	54	44	56	44	10	102	0	36
 38369	53	44	55	44	10	103	0	36
 38414	53	44	55	44	10	104	0	36
 38459	53	44	56	44	10	104	0	36
 38505	53	44	56	44	10	105	0	36
 38550	53	44	56	44	10	106	0	36
 38595	53	44	56	44	10	107	0	37
 38641	53	44	56	44	10	107	0	36
 38686	53	44	56	44	10	108	0	36
 38731	53	44	56	44	10	109	0	36
 38777	52	44	56	44	10	110	0	37
 38822	52	44	56	44	10	110	0	36
 38867	53	44	56	44	10	111	0	36
 38913	52	44	57	44	10	112	0	37
 38959	52	43	56	44	10	113	0	37
 39004	52	43	57	44	10	113	0	36
 39049	52	43	57	44	10	114	0	37
 39095	52	43	57	44	10	115	0	37
 39140	52	43	57	44	10	116	0	37
 39185	52	43	57	44	10	116	0	37
 39230	52	43	57	44	10	117	0	37
 39276	52	43	58	44	10	118	0	37
 39321	52	43	57	44	10	119	0	37
 39366	51	43	57	44	10	119	0	37
 39412	51	43	57	44	10	120	0	37
 39457	51	43	57	44	10	121	0	37
 39502	51	43	57	44	10	122	0	37
 39548	51	43	58	44	10	122	0	37
 39593	51	43	58	44	10	123	0	37
 39638	51	43	58	36	11	64	0	37
 39684	51	43	58	36	11	65	0	37
 39729	51	43	58	36	11	65	0	37
 39775	51	43	58	36	11	66	0	37
 39820	50	43	58	36	11	67	0	37
 39865	51	43	58	36	11	68	0	37
 39911	50	43	59	36	11	68	0	37
 39956	51	43	59	36	11	69	0	37
 40001	50	43	59	36	11	70	0	37
 40047	51	43	59	36	11	71	0	37
 40092	51	43	59	36	11	71	0	37
 40137	50	42	60	36	11	72	0	37
 40183	50	42	59	36	11	73	0	37
 40228	50	42	60	36	11	74	0	37
 40273	50	42	60	36	11	74	0	37
 40319	50	42	60	36	11	75	0	37
 40364	50	42	60	36	11	76	0	37
 40409	50	42	60	36	11	77	0	37
 40455	50	42	60	36	11	78	0	37
 40500	50	42	60	36	11	78	0	37
 40545	50	42	60	36	11	79	0	37
 40591	50	42	61	36	11	80	0	37
 40636	50	42	61	36	11	81	0	37
 40681	50	42	61	36	11	81	0	37
 40727	50	42	61	36	11	82	0	37
 40772	50	42	61	36	11	83	0	37
 40818	50	42	62	36	11	84	0	37
 40863	50	42	62	36	11	84	0	37
 40908	50	42	62	36	11	85	0	37
 40954	50	42	62	36	11	86	0	37
 40999	49	42	62	36	11	87	0	37
 41044	49	42	62	36	11	87	0	37
 41090	49	42	62	36	11	88	0	37
 41135	49	42	62	36	11	89	0	37
 41180	49	42	63	36	11	90	0	37
 41226	49	42	63	36	11	90	0	37
 41271	49	41	63	36	11	91	0	37
 41316	49	42	64	36	11	92	0	37
 41362	49	42	64	36	11	93	0	37
 41407	49	42	64	36	11	93	0	37
 41452	49	42	64	44	11	94	0	37
 41498	49	41	64	44	11	95	0	37
 41543	49	41	64	44	11	96	0	37
 41588	49	41	65	44	11	96	0	37
 41634	49	41	65	44	11	97	0	37
 41679	49	41	65	44	11	98	0	37
 41725	49	41	65	44	11	99	0	37
 41770	49	41	65	44	11	99	0	37
 41815	49	41	65	44	11	100	0	37
 41861	49	41	65	44	11	101	0	37
 41906	49	41	66	44	11	102	0	37
 41951	49	41	66	44	11	102	0	37
 41997	49	41	66	44	11	103	0	37
 42042	49	41	66	44	11	104	0	37
 42087	49	41	66	44	11	105	0	37
 42133	49	41	66	44	11	105	0	37
 42178	48	41	65	44	11	106	0	37
 42223	49	41	66	44	11	107	0	37
 42269	48	41	65	44	11	108	0	37
 42314	48	41	66	44	11	108	0	37
 42359	48	41	66	44	11	109	0	37
 42405	48	41	66	44	11	110	0	37
 42450	48	41	66	44	11	111	0	37
 42495	48	41	66	44	11	112	0	37
 42541	48	40	66	44	11	112	0	37
 42586	48	40	66	44	11	113	0	37
 42632	48	40	66	44	11	114	0	37
 42677	48	40	67	44	11	115	0	37
 42722	48	40	67	44	11	115	0	37
 42768	48	40	67	44	11	116	0	37
 42813	48	40	67	44	11	117	0	37
 42858	48	40	68	44	11	118	0	37
 42904	48	40	68	44	11	118	0	37
 42949	48	40	69	44	11	119	0	37
 42994	47	40	68	44	11	120	0	37
 43040	47	40	68	44	11	121	0	37
 43085	47	40	68	44	11	121	0	37
 43130	47	40	69	44	11	122	0	37
 43176	47	40	69	44	11	123	0	37
 43221	47	40	69	36	12	64	0	37
 43266	47	40	69	36	12	64	0	37
 43312	47	40	69	36	12	65	0	37
 43357	47	40	69	36	12	66	0	37
 43402	46	39	69	36	12	67	0	37
 43448	46	39	69	36	12	67	0	37
 43493	46	39	69	36	12	68	0	37
 43539	46	39	70	36	12	69	0	37
 43584	46	39	70	36	12	70	0	37
 43629	46	39	70	36	12	70	0	37
 43675	45	39	70	36	12	71	0	37
 43720	45	39	70	36	12	72	0	37
 43765	45	39	70	36	12	73	0	37
 43811	45	39	70	36	12	73	0	37
 43856	45	38	70	36	12	74	0	37
 43901	44	39	70	36	12	75	0	37
 43947	44	38	70	36	12	76	0	37
 43992	44	38	70	36	12	76	0	37
 44037	44	38	70	36	12	77	0	37
 44083	44	38	70	36	12	78	0	37
 44128	44	38	70	36	12	79	0	37
 44173	44	38	70	36	12	79	0	37
 44219	43	38	70	36	12	80	0	37
 44264	43	38	71	36	12	81	0	37
 44309	43	38	71	36	12	82	0	37
 44355	43	38	71	36	12	83	0	37
 44400	43	38	71	36	12	83	0	37
 44446	43	38	71	36	12	84	0	37
 44491	43	37	71	36	12	85	0	37
 44536	43	37	71	36	12	86	0	37
 44582	43	37	72	36	12	86	0	37
 44627	43	37	72	36	12	87	0	37
 44672	43	37	72	36	12	88	0	37
 44718	43	37	71	36	12	89	0	37
 44763	43	37	72	36	12	89	0	37
 44808	43	37	72	36	12	90	0	37
 44854	43	37	72	36	12	91	0	37
 44900	43	37	72	36	12	92	0	37
 44944	43	37	72	36	12	92	0	37
 44990	43	37	72	36	12	93	0	37
 45035	43	37	72	44	12	94	0	37
 45080	43	37	72	44	12	95	0	37
 45126	43	37	72	44	12	95	0	37
 45171	43	37	72	44	12	96	0	38
 45217	43	37	73	44	12	97	0	38
 45262	43	37	73	44	12	98	0	38
 45307	43	37	73	44	12	98	0	38
 45353	43	37	73	44	12	99	0	38
 45398	43	37	73	44	12	100	0	38
 45443	43	37	73	44	12	101	0	38
 45489	43	37	73	44	12	101	0	38
 45534	43	37	73	44	12	102	0	38
 45579	43	37	73	44	12	103	0	38
 45625	43	37	73	44	12	104	0	38
 45671	43	37	73	44	12	104	0	38
 45715	43	37	73	44	12	105	0	38
 45761	43	37	73	44	12	106	0	38
 45806	43	37	73	44	12	107	0	38
 45851	43	37	73	44	12	107	0	38
 45897	43	37	73	44	12	108	0	38
 45942	43	37	73	44	12	109	0	38
 45987	43	37	73	44	12	110	0	38
 46033	43	37	73	44	12	110	0	38
 46078	43	37	73	44	12	111	0	38
 46124	43	37	73	44	12	112	0	38
 46169	43	37	73	44	12	113	0	38
 46214	43	37	73	44	12	113	0	38
 46260	43	37	73	44	12	114	0	38
 46305	44	37	73	44	12	115	0	38
 46350	44	37	72	44	12	116	0	38
 46396	44	37	72	44	12	117	0	38
 46441	44	37	72	44	12	117	0	38
 46486	44	37	72	44	12	118	0	38
 46532	44	37	72	44	12	119	0	38
 46577	44	37	72	44	12	120	0	38
 46622	44	37	72	44	12	120	0	38
 46668	44	37	73	44	12	121	0	38
 46713	44	37	73	44	12	122	0	38
 46758	44	37	74	44	12	123	0	38
 46804	44	37	74	44	12	123	0	38
 46849	44	37	74	36	13	64	0	38
 46895	44	37	74	36	13	65	0	38
 46940	44	37	75	36	13	66	0	38
 46985	44	37	75	36	13	66	0	38
 47031	44	37	75	36	13	67	0	38
 47076	44	38	75	36	13	68	0	38
 47121	44	37	75	36	13	69	0	38
 47167	44	37	75	36	13	69	0	38
 47212	44	37	75	36	13	70	0	38
 47257	44	37	75	36	13	71	0	38
 47303	44	37	75	36	13	72	0	38
 47348	44	37	76	36	13	72	0	38
 47393	44	37	75	36	13	73	0	39
 47439	44	37	75	36	13	74	0	39
 47484	44	37	76	36	13	75	0	39
 47529	44	37	75	36	13	75	0	39
 47575	44	37	75	36	13	76	0	39
 47620	44	37	76	36	13	77	0	39
 47665	44	37	76	36	13	78	0	39
 47711	44	37	76	36	13	78	0	39
 47756	44	37	76	36	13	79	0	39
 47802	44	37	76	36	13	80	0	39
 47848	44	37	76	36	13	81	0	39
 47892	44	37	76	36	13	81	0	39
 47938	44	37	76	36	13	82	0	39
 47983	44	37	76	36	13	83	0	39
 48028	44	37	76	36	13	84	0	39
 48074	44	37	76	36	13	84	0	40
 48119	43	37	76	36	13	85	0	39
 48164	44	37	77	36	13	86	0	40
 48210	44	37	77	36	13	87	0	40
 48255	44	37	77	36	13	87	0	40
 48300	44	37	77	36	13	88	0	40
 48346	44	37	77	36	13	89	0	40
 48391	43	37	78	36	13	90	0	40
 48436	43	37	78	36	13	91	0	40
 48482	43	37	78	36	13	91	0	40
 48527	43	37	77	36	13	92	0	40
 48573	43	37	78	36	13	93	0	41
 48618	43	37	77	44	13	94	0	41
 48663	43	37	77	44	13	94	0	41
 48709	43	37	77	44	13	95	0	41
 48754	43	37	77	44	13	96	0	41
 48799	43	37	77	44	13	97	0	41
 48845	43	37	77	44	13	97	0	41
 48890	43	37	77	44	13	98	0	41
 48935	43	37	77	44	13	99	0	41
 48981	43	37	77	44	13	100	0	41
 49026	43	37	77	44	13	100	0	41
 49071	43	37	78	44	13	101	0	41
 49117	43	37	78	44	13	102	0	41
 49162	43	37	78	44	13	103	0	41
 49207	43	37	78	44	13	104	0	41
 49253	43	37	78	44	13	104	0	40
 49298	43	37	77	44	13	105	0	40
 49343	43	37	77	44	13	106	0	40
 49389	43	37	77	44	13	107	0	40
 49434	43	37	77	44	13	107	0	40
 49480	43	37	77	44	13	108	0	40
 49525	43	37	77	44	13	109	0	40
 49570	43	37	77	44	13	110	0	40
 49616	43	37	77	44	13	110	0	40
 49661	43	37	77	44	13	111	0	40
 49706	43	37	77	44	13	112	0	40
 49752	43	37	77	44	13	113	0	40
 49797	43	37	77	44	13	113	0	40
 49846	43	37	77	44	13	114	0	40
 49888	43	37	78	44	13	115	0	40
 49933	43	37	78	44	13	116	0	40
 49978	43	37	79	44	13	116	0	40
 50024	43	37	79	44	13	117	0	40
 50069	43	37	79	44	13	118	0	40
 50114	43	37	79	44	13	119	0	40
 50160	43	37	79	44	13	119	0	40
 50205	43	37	78	44	13	120	0	40
 50250	43	37	78	44	13	121	0	40
 50296	43	37	78	44	13	122	0	40
 50341	43	37	77	44	13	122	0	40
 50386	43	37	77	44	13	123	0	40
 50432	43	37	78	36	14	64	0	40
 50477	43	36	78	36	14	65	0	40
 50523	43	37	77	36	14	65	0	40
 50568	43	37	78	36	14	66	0	41
 50613	43	37	78	36	14	67	0	41
 50659	43	37	79	36	14	68	0	41
 50704	43	37	79	36	14	68	0	41
 50749	43	37	79	36	14	69	0	41
 50795	43	36	79	36	14	70	0	41
 50840	43	37	79	36	14	71	0	41
 50885	43	36	80	36	14	71	0	41
 50931	43	36	79	36	14	72	0	41
 50976	43	36	79	36	14	73	0	41
 51021	43	36	79	36	14	74	0	41
 51067	43	37	78	36	14	74	0	41
 51112	43	37	78	36	14	75	0	41
 51157	43	37	78	36	14	76	0	41
 51203	43	36	78	36	14	77	0	41
 51248	43	36	78	36	14	78	0	41
 51293	43	37	78	36	14	78	0	41
 51339	43	36	78	36	14	79	0	41
 51384	42	36	78	36	14	80	0	41
 51430	43	36	78	36	14	81	0	41
 51475	43	36	79	36	14	81	0	40
 51520	43	36	79	36	14	82	0	40
 51566	43	36	79	36	14	83	0	40
 51611	43	36	80	36	14	84	0	40
 51660	43	36	80	36	14	84	0	40
 51702	43	36	80	36	14	85	0	40
 51747	43	37	81	36	14	86	0	40
 51792	43	36	81	36	14	87	0	40
 51838	43	36	80	36	14	87	0	40
 51883	43	36	81	32	14	88	0	40
 51928	44	36	80	32	14	89	0	40
 51974	46	36	81	32	14	90	0	40
 52019	49	36	81	32	14	90	0	40
 52073	52	36	81	32	14	91	0	40
 52119	53	36	81	32	14	92	0	40
 52164	54	36	81	36	14	93	0	40
 52210	53	36	81	44	14	94	0	40
 52255	49	36	81	44	14	94	0	40
 52300	48	37	81	44	14	95	0	40
 52346	46	37	81	44	14	96	0	40
 52392	46	37	81	44	14	97	0	40
 52436	45	37	81	44	14	97	0	40
 52482	45	37	81	44	14	98	0	40
 52527	45	37	81	44	14	99	0	40
 52572	45	37	80	44	14	100	0	40
 52618	45	37	80	44	14	100	0	40
 52663	45	37	80	44	14	101	0	40
 52708	45	36	80	44	14	102	0	40
 52754	45	37	79	44	14	103	0	40
 52799	45	37	79	44	14	103	0	40
 52844	45	36	79	44	14	104	0	40
 52890	44	36	79	44	14	105	0	40
 52935	44	36	78	44	14	106	0	40
 52980	44	36	79	44	14	106	0	40
 53026	44	37	79	44	14	107	0	40
 53071	45	36	79	44	14	108	0	40
 53117	44	36	79	44	14	109	0	40
 53162	44	36	79	44	14	109	0	40
 53207	44	36	79	44	14	110	0	40
 53253	44	36	79	44	14	111	0	40
 53298	44	36	79	44	14	112	0	40
 53343	44	36	79	44	14	112	0	40
 53389	44	36	79	44	14	113	0	40
 53434	44	37	80	44	14	114	0	40
 53479	44	37	80	44	14	115	0	40
 53525	44	36	79	44	14	115	0	40
 53570	44	37	80	44	14	116	0	40
 53615	44	36	80	44	14	117	0	40
 53661	44	36	80	44	14	118	0	40
 53706	44	36	80	44	14	118	0	40
 53751	44	36	80	44	14	119	0	40
 53797	44	36	80	44	14	120	0	40
 53842	44	36	80	44	14	121	0	40
 53887	44	36	80	44	14	121	0	40
 53933	44	36	80	44	14	122	0	40
 53978	44	37	80	44	14	123	0	40
 54024	44	36	79	36	15	64	0	40
 54069	44	37	79	36	15	65	0	40
 54114	44	36	79	36	15	65	0	40
 54160	44	37	80	36	15	66	0	40
 54205	44	36	80	36	15	67	0	40
 54250	44	37	80	36	15	68	0	41
 54296	44	36	80	36	15	68	0	41
 54341	44	37	79	36	15	69	0	42
 54386	45	37	79	36	15	70	0	42
 54432	45	36	80	36	15	71	0	43
 54477	45	37	79	36	15	71	0	43
 54522	45	37	79	36	15	72	0	43
 54568	45	36	79	36	15	73	0	43
 54613	45	36	79	36	15	74	0	43
 54658	45	37	79	36	15	74	0	43
 54704	45	37	79	36	15	75	0	43
 54749	45	37	79	36	15	76	0	44
 54795	45	37	79	36	15	77	0	44
 54840	45	37	79	36	15	77	0	44
 54885	45	37	79	36	15	78	0	44
 54931	45	37	79	36	15	79	0	44
 54976	45	37	79	36	15	80	0	44
 55021	45	36	79	36	15	80	0	44
 55067	45	37	79	36	15	81	0	44
 55112	45	37	79	36	15	82	0	44
 55157	45	36	78	36	15	83	0	44
 55203	45	37	78	36	15	83	0	44
 55248	45	37	78	36	15	84	0	44
 55293	45	37	78	36	15	85	0	44
 55339	45	37	78	36	15	86	0	44
 55388	45	37	78	36	15	86	0	44
 55429	45	37	78	36	15	87	0	44
 55475	45	37	78	36	15	88	0	44
 55520	45	37	78	36	15	89	0	43
 55565	45	37	77	36	15	89	0	43
 55611	45	37	77	36	15	90	0	42
 55656	45	36	77	36	15	91	0	42
 55702	45	37	77	36	15	92	0	42
 55747	45	37	77	36	15	92	0	42
 55792	45	37	77	36	15	93	0	42
 55838	45	37	77	44	15	94	0	42
 55883	45	37	77	44	15	95	0	42
 55929	45	37	77	44	15	96	0	42
 55974	45	37	77	44	15	96	0	42
 56019	45	37	77	44	15	97	0	42
 56064	45	37	76	44	15	98	0	42
 56110	45	37	76	44	15	99	0	41
 56155	45	36	77	44	15	99	0	41
 56201	45	37	76	44	15	100	0	41
 56246	45	37	76	44	15	101	0	41
 56291	45	37	76	44	15	102	0	41
 56336	45	37	76	44	15	102	0	41
 56382	45	37	76	44	15	103	0	41
 56427	45	36	76	44	15	104	0	41
 56473	45	37	76	44	15	105	0	41
 56518	45	37	76	44	15	105	0	41
 56563	45	37	76	44	15	106	0	41
 56609	45	37	76	44	15	107	0	41
 56654	44	37	76	44	15	108	0	41
 56699	44	37	76	44	15	108	0	41
 56745	45	37	76	44	15	109	0	41
 56790	45	37	76	44	15	110	0	41
 56836	45	37	76	44	15	111	0	41
 56881	45	37	76	44	15	111	0	41
 56926	44	37	76	44	15	112	0	41
 56971	45	37	76	44	15	113	0	41
 57017	44	37	76	44	15	114	0	41
 57062	44	37	76	44	15	114	0	41
 57107	44	37	76	44	15	115	0	41
 57153	44	37	75	44	15	116	0	41
 57198	44	37	75	44	15	117	0	41
 57243	44	37	75	44	15	117	0	41
 57289	44	37	75	44	15	118	0	41
 57336	44	37	76	44	15	119	0	41
 57380	44	37	75	44	15	120	0	41
 57425	44	37	75	44	15	120	0	41
 57470	44	37	75	44	15	121	0	41
 57516	44	37	75	44	15	122	0	41
 57561	44	37	75	44	15	123	0	41
 57606	44	37	75	44	15	123	0	41
 57652	42	37	75	39	16	64	0	41
 57697	48	36	75	39	16	65	0	41
 57742	50	37	75	39	16	66	0	41
 57788	51	37	75	39	16	66	0	41
 57833	51	39	75	39	16	67	0	41
 57878	52	40	75	39	16	68	0	41
 57924	51	41	75	39	16	69	0	41
 57969	51	41	75	39	16	70	0	41
 58014	52	42	75	39	16	70	0	41
 58060	49	42	74	35	16	71	0	41
 58105	45	42	74	35	16	72	0	41
 58151	44	43	74	35	16	73	0	41
 58196	48	42	74	35	16	73	0	41
 58241	51	41	74	35	16	74	0	41
 58287	53	41	74	35	16	75	0	41
 58332	51	43	74	35	16	76	0	41
 58377	51	44	74	39	16	76	0	41
 58423	52	45	74	39	16	77	0	41
 58468	52	45	74	39	16	78	0	41
 58513	52	45	74	39	16	79	0	41
 58559	52	46	74	39	16	79	0	41
 58604	53	46	74	39	16	80	0	41
 58649	53	46	74	39	16	81	0	41
 58695	53	47	74	39	16	82	0	41
 58740	53	47	74	39	16	82	0	41
 58785	52	47	74	39	16	83	0	41
 58831	52	48	74	39	16	84	0	41
 58876	50	48	73	39	16	85	0	41
 58921	52	47	73	39	16	85	0	41
 58967	50	47	73	39	16	86	0	41
 59012	53	47	73	39	16	87	0	41
 59058	50	48	73	39	16	88	0	41
 59103	53	48	73	39	16	88	0	41
 59148	50	48	74	39	16	89	0	41
 59194	53	48	73	39	16	90	0	41
 59239	50	48	73	39	16	91	0	41
 59284	53	48	73	39	16	91	0	41
 59330	51	48	74	39	16	92	0	41
 59375	52	48	73	39	16	93	0	41
 59420	51	48	74	47	16	94	0	41
 59466	52	48	74	47	16	94	0	41
 59511	51	48	73	47	16	95	0	41
 59556	52	48	73	47	16	96	0	41
 59602	51	48	73	47	16	97	0	41
 59647	52	48	73	47	16	97	0	41
 59692	50	48	74	47	16	98	0	41
 59738	52	48	73	47	16	99	0	41
 59783	50	48	73	47	16	100	0	41
 59828	52	48	73	43	16	100	0	41
 59874	50	48	74	43	16	101	0	41
 59919	52	48	73	43	16	102	0	41
 59964	51	48	73	43	16	103	0	41
 60010	51	48	73	43	16	104	0	41
 60055	51	48	72	43	16	104	0	41
 60101	50	48	72	47	16	105	0	41
 60146	52	48	72	47	16	106	0	41
 60191	50	48	72	47	16	107	0	41
 60237	53	48	72	47	16	107	0	41
 60282	50	49	72	47	16	108	0	41
 60327	53	49	72	47	16	109	0	41
 60373	50	49	72	47	16	110	0	41
 60418	53	49	72	47	16	110	0	41
 60463	51	49	72	47	16	111	0	41
 60509	52	49	72	47	16	112	0	41
 60554	51	50	72	47	16	113	0	41
 60599	50	49	72	47	16	113	0	41
 60645	52	50	72	47	16	114	0	41
 60690	50	49	72	47	16	115	0	41
 60735	53	49	73	47	16	116	0	41
 60781	51	49	72	47	16	116	0	41
 60826	52	49	73	47	16	117	0	41
 60872	52	50	72	47	16	118	0	41
 60917	50	50	73	47	16	119	0	41
 60962	53	50	72	47	16	119	0	41
 61008	50	49	72	47	16	120	0	41
 61053	53	50	72	47	16	121	0	41
 61098	51	50	72	47	16	122	0	41
 61144	51	49	72	47	16	122	0	41
 61189	52	50	72	47	16	123	0	41
 61234	50	50	72	39	17	64	0	41
 61280	53	50	72	39	17	65	0	41
 61325	51	50	72	39	17	65	0	41
 61370	51	50	72	39	17	66	0	41
 61416	52	50	72	39	17	67	0	41
 61461	50	50	72	39	17	68	0	41
 61506	53	50	72	39	17	68	0	41
 61552	51	50	72	39	17	69	0	41
 61597	51	50	72	39	17	70	0	41
 61642	52	50	72	39	17	71	0	41
 61688	50	50	72	39	17	71	0	41
 61733	50	50	72	39	17	72	0	41
 61778	50	50	72	39	17	73	0	41
 61824	53	50	72	39	17	74	0	41
 61869	51	49	72	39	17	74	0	41
 61915	53	49	72	39	17	75	0	41
 61960	51	50	72	39	17	76	0	41
 62005	50	50	72	39	17	77	0	41
 62051	50	50	72	39	17	78	0	41
 62096	50	50	72	39	17	78	0	41
 62141	53	49	72	39	17	79	0	41
 62187	51	49	72	39	17	80	0	41
 62232	53	49	72	39	17	81	0	41
 62277	51	50	72	39	17	81	0	41
 62323	50	50	72	39	17	82	0	41
 62368	50	50	72	39	17	83	0	41
 62413	52	50	72	39	17	84	0	41
 62459	51	49	72	39	17	84	0	41
 62504	52	49	72	39	17	85	0	41
 62549	52	50	72	39	17	86	0	41
 62595	50	50	72	39	17	87	0	41
 62640	50	50	71	39	17	87	0	41
 62685	50	50	71	39	17	88	0	41
 62731	50	50	71	39	17	89	0	41
 62776	53	49	71	39	17	90	0	41
 62822	51	49	72	39	17	90	0	41
 62867	52	50	72	39	17	91	0	41
 62912	51	50	72	39	17	92	0	41
 62958	50	50	71	39	17	93	0	41
 63003	50	50	71	39	17	93	0	41
 63048	50	50	71	47	17	94	0	41
 63094	51	49	71	47	17	95	0	41
 63144	51	49	71	47	17	96	0	41
 63184	51	49	71	47	17	96	0	41
 63230	53	50	71	47	17	97	0	41
 63275	51	50	71	47	17	98	0	41
 63320	50	50	71	47	17	99	0	41
 63366	50	50	71	47	17	99	0	41
 63411	51	50	71	47	17	100	0	41
 63457	53	49	71	47	17	101	0	41
 63502	51	49	71	47	17	102	0	41
 63547	53	50	71	47	17	102	0	41
 63593	51	50	71	47	17	103	0	41
 63638	50	50	71	43	17	104	0	41
 63683	50	50	71	43	17	105	0	41
 63729	50	50	71	43	17	105	0	41
 63774	54	49	71	43	17	106	0	41
 63819	51	49	71	43	17	107	0	41
 63865	51	50	71	43	17	108	0	41
 63910	51	50	71	47	17	108	0	41
 63955	51	50	71	47	17	109	0	41
 64001	53	50	71	47	17	110	0	41
 64046	51	50	71	47	17	111	0	41
 64091	53	50	71	47	17	112	0	41
 64137	51	50	71	47	17	112	0	41
 64182	51	51	71	47	17	113	0	41
 64227	51	51	71	47	17	114	0	41
 64273	54	50	70	47	17	115	0	41
 64318	52	50	71	47	17	115	0	41
 64364	54	50	70	47	17	116	0	41
 64409	52	51	71	47	17	117	0	41
 64454	51	51	71	47	17	118	0	41
 64500	51	51	71	47	17	118	0	41
 64545	54	51	71	47	17	119	0	41
 64590	52	50	71	47	17	120	0	41
 64636	55	51	71	47	17	121	0	40
 64681	52	51	71	47	17	121	0	41
 64726	52	51	71	47	17	122	0	41
 64772	51	51	71	47	17	123	0	40
 64817	52	51	71	7	18	64	0	40
 64862	53	51	70	7	18	64	0	40
 64908	54	51	70	7	18	65	0	40
 64953	53	51	70	7	18	66	0	40
 64998	52	51	70	7	18	67	0	40
 65044	52	51	70	7	18	67	0	40
 65089	52	51	70	7	18	68	0	40
 65134	54	51	70	7	18	69	0	40
 65180	54	51	70	7	18	70	0	40
 65225	54	51	70	7	18	70	0	40
 65271	52	51	70	7	18	71	0	40
 65316	55	51	70	7	18	72	0	40
 65361	53	51	70	7	18	73	0	40
 65407	55	51	70	7	18	73	0	40
 65452	53	51	70	7	18	74	0	40
 65497	54	52	70	7	18	75	0	40
 65543	54	52	70	7	18	76	0	40
 65588	53	52	70	7	18	76	0	40
 65633	54	52	70	7	18	77	0	40
 65679	53	52	70	7	18	78	0	40
 65724	55	52	70	7	18	79	0	40
 65769	53	52	70	7	18	79	0	40
 65815	56	52	70	7	18	80	0	40
 65860	53	52	70	7	18	81	0	40
 65905	55	52	70	7	18	82	0	40
 65951	54	52	69	7	18	83	0	40
 65996	55	52	70	7	18	83	0	40
 66041	55	52	70	7	18	84	0	40
 66087	54	52	70	7	18	85	0	40
 66132	55	53	69	7	18	86	0	40
 66178	53	52	69	7	18	86	0	40
 66223	56	52	70	7	18	87	0	40
 66268	54	52	69	7	18	88	0	40
 66314	57	53	69	7	18	89	0	40
 66359	54	53	69	7	18	89	0	40
 66404	56	53	69	7	18	90	0	40
 66450	55	53	69	7	18	91	0	40
 66495	56	53	69	7	18	92	0	40
 66540	55	53	69	7	18	92	0	40
 66586	55	53	69	7	18	93	0	40
 66631	56	53	69	15	18	94	0	40
 66676	55	53	69	15	18	95	0	40
 66722	57	53	69	15	18	95	0	40
 66767	55	53	69	15	18	96	0	40
 66812	57	53	69	15	18	97	0	40
 66858	55	53	69	15	18	98	0	40
 66903	57	54	69	15	18	98	0	40
 66948	55	54	69	15	18	99	0	40
 66994	57	54	69	11	18	100	0	40
 67039	56	54	69	11	18	101	0	40
 67085	55	54	69	11	18	101	0	40
 67130	58	54	69	11	18	102	0	40
 67175	56	54	69	11	18	103	0	40
 67221	58	54	69	11	18	104	0	40
 67266	56	54	69	11	18	104	0	40
 67311	56	54	69	15	18	105	0	40
 67357	57	54	69	15	18	106	0	40
 67402	57	54	69	15	18	107	0	40
 67447	57	55	69	15	18	107	0	40
 67493	57	55	69	15	18	108	0	40
 67538	58	55	68	15	18	109	0	40
 67583	57	55	69	15	18	110	0	40
 67629	58	55	69	15	18	110	0	40
 67674	57	55	68	15	18	111	0	40
 67719	58	55	68	15	18	112	0	40
 67765	57	55	68	15	18	113	0	40
 67810	59	55	69	15	18	113	0	40
 67855	57	55	68	15	18	114	0	40
 67901	59	55	68	15	18	115	0	40
 67946	58	55	68	15	18	116	0	40
 67992	60	56	68	15	18	117	0	40
 68037	58	56	68	15	18	117	0	40
 68082	60	56	68	15	18	118	0	40
 68128	58	56	68	15	18	119	0	40
 68173	60	56	69	15	18	120	0	40
 68218	58	56	68	15	18	120	0	40
 68264	60	56	68	15	18	121	0	40
 68309	58	56	68	15	18	122	0	40
 68354	61	56	68	15	18	123	0	40
 68400	58	56	68	15	18	123	0	40
 68445	61	56	67	7	19	64	0	40
 68490	58	57	67	7	19	65	0	40
 68536	61	57	68	7	19	66	0	40
 68581	58	57	67	7	19	66	0	40
 68626	61	57	67	7	19	67	0	40
 68673	58	57	67	7	19	68	0	40
 68717	61	57	67	7	19	69	0	40
 68762	59	57	67	7	19	69	0	40
 68808	61	57	67	7	19	70	0	40
 68853	59	57	67	7	19	71	0	40
 68899	61	57	67	7	19	72	0	40
 68944	59	57	67	7	19	72	0	40
 68989	62	57	67	7	19	73	0	40
 69035	60	58	67	7	19	74	0	40
 69080	62	57	66	7	19	75	0	40
 69125	60	58	66	7	19	75	0	40
 69171	62	58	66	7	19	76	0	40
 69216	60	58	66	7	19	77	0	40
 69261	62	58	66	7	19	78	0	40
 69307	61	58	67	7	19	78	0	40
 69352	62	58	67	7	19	79	0	40
 69397	61	58	66	7	19	80	0	40
 69443	61	58	66	7	19	81	0	40
 69488	62	58	66	7	19	81	0	40
 69533	61	58	66	7	19	82	0	40
 69579	62	59	66	7	19	83	0	40
 69624	61	59	66	3	19	84	0	40
 69670	62	59	66	3	19	84	0	40
 69715	61	59	66	3	19	85	0	40
 69760	63	58	66	3	19	86	0	40
 69806	61	58	66	3	19	87	0	40
 69851	63	59	66	3	19	87	0	40
 69896	61	59	66	7	19	88	0	39
 69942	63	59	66	7	19	89	0	39
 69987	61	59	66	7	19	90	0	39
 70032	64	59	66	7	19	91	0	39
 70078	61	59	66	7	19	91	0	39
 70123	64	59	66	7	19	92	0	39
 70168	61	60	66	7	19	93	0	39
 70214	64	60	66	15	19	94	0	39
 70259	62	60	65	15	19	94	0	39
 70304	64	60	65	15	19	95	0	39
 70350	62	60	66	15	19	96	0	39
 70395	64	60	65	15	19	97	0	39
 70440	62	60	65	15	19	97	0	39
 70486	65	60	65	15	19	98	0	39
 70531	62	60	65	15	19	99	0	39
 70577	65	60	65	15	19	100	0	39
 70622	62	60	65	15	19	100	0	39
 70667	65	61	65	15	19	101	0	39
 70713	63	61	65	15	19	102	0	39
 70758	65	61	65	15	19	103	0	39
 70803	63	61	64	15	19	103	0	39
 70849	65	61	65	15	19	104	0	39
 70894	63	61	64	15	19	105	0	38
 70939	66	61	64	15	19	106	0	38
 70985	63	61	64	15	19	106	0	38
 71030	66	61	65	15	19	107	0	38
 71075	63	61	65	15	19	108	0	37
 71121	66	61	64	15	19	109	0	37
 71166	64	61	64	15	19	109	0	37
 71211	66	62	64	15	19	110	0	37
 71257	64	62	64	15	19	111	0	37
 71302	67	62	64	15	19	112	0	37
 71348	64	62	64	15	19	112	0	37
 71393	66	61	64	15	19	113	0	37
 71440	64	62	64	15	19	114	0	37
 71484	67	62	64	15	19	115	0	37
 71529	65	62	64	15	19	115	0	37
 71574	67	62	64	15	19	116	0	37
 71620	65	62	63	15	19	117	0	37
 71665	67	62	64	15	19	118	0	36
 71710	65	62	64	15	19	118	0	36
 71756	66	62	64	15	19	119	0	36
 71801	66	62	64	15	19	120	0	36
 71846	66	62	63	15	19	121	0	36
 71892	67	62	64	15	19	121	0	36
 71937	64	62	64	11	19	122	0	36
 71982	64	62	64	11	19	123	0	36
 72028	67	63	64	3	20	64	0	36
 72073	67	61	64	3	20	65	0	36
 72119	68	60	64	3	20	65	0	36
 72164	68	61	64	3	20	66	0	36
 72209	66	61	64	7	20	67	0	36
 72255	67	61	64	7	20	68	0	36
 72300	67	61	64	7	20	68	0	36
 72345	66	61	64	7	20	69	0	36
 72391	67	61	64	7	20	70	0	36
 72436	66	61	64	7	20	71	0	36
 72481	68	61	64	7	20	71	0	36
 72527	66	61	64	7	20	72	0	36
 72572	68	61	64	7	20	73	0	36
 72617	67	61	64	7	20	74	0	36
 72663	68	60	64	7	20	74	0	35
 72708	67	60	64	7	20	75	0	36
 72753	69	61	63	7	20	76	0	36
 72799	67	61	63	7	20	77	0	35
 72844	68	61	63	7	20	77	0	35
 72889	67	61	63	7	20	78	0	35
 72935	69	61	63	7	20	79	0	35
 72980	68	61	63	7	20	80	0	35
 73026	69	61	63	7	20	80	0	35
 73071	68	61	63	7	20	81	0	35
 73116	69	61	62	7	20	82	0	35
 73162	68	61	62	7	20	83	0	35
 73207	69	61	62	7	20	83	0	35
 73252	68	61	62	7	20	84	0	35
 73298	68	61	62	3	20	85	0	35
 73343	66	62	62	3	20	86	0	35
 73388	63	62	62	3	20	86	0	35
 73434	65	62	62	3	20	87	0	35
 73479	69	61	62	3	20	88	0	36
 73524	69	61	62	3	20	89	0	36
 73570	69	61	62	3	20	89	0	37
 73615	69	62	62	3	20	90	0	37
 73660	69	63	63	7	20	91	0	37
 73706	69	63	63	7	20	92	0	37
 73751	69	63	62	7	20	92	0	38
 73796	69	64	63	7	20	93	0	38
 73842	69	64	62	15	20	94	0	38
 73887	69	64	62	15	20	95	0	38
 73933	70	64	63	15	20	96	0	38
 73978	70	64	63	15	20	96	0	38
 74023	70	64	63	15	20	97	0	38
 74069	70	65	63	15	20	98	0	38
 74114	70	65	63	15	20	99	0	38
 74159	70	65	63	15	20	99	0	38
 74206	70	64	63	15	20	100	0	38
 74251	70	65	63	15	20	101	0	38
 74295	70	65	63	15	20	102	0	38
 74341	70	65	62	15	20	102	0	38
 74386	70	65	63	15	20	103	0	38
 74431	70	65	62	15	20	104	0	38
 74477	71	65	62	15	20	105	0	38
 74522	70	66	62	15	20	105	0	38
 74567	70	66	62	15	20	106	0	38
 74613	70	66	62	15	20	107	0	38
 74658	70	66	62	15	20	108	0	38
 74704	70	66	62	15	20	108	0	39
 74749	70	66	62	15	20	109	0	39
 74794	71	66	62	15	20	110	0	39
 74840	70	66	62	15	20	111	0	39
 74885	70	66	62	11	20	111	0	39
 74930	70	66	62	11	20	112	0	39
 74976	67	66	62	11	20	113	0	39
 75021	71	66	62	11	20	114	0	39
 75066	71	65	62	11	20	114	0	39
 75112	70	65	62	11	20	115	0	39
 75157	70	66	62	11	20	116	0	39
 75202	70	66	62	15	20	117	0	39
 75248	70	66	62	15	20	117	0	39
 75293	70	66	62	15	20	118	0	39
 75338	70	66	62	15	20	119	0	39
 75384	71	66	62	15	20	120	0	39
 75429	71	66	62	15	20	120	0	39
 75475	71	66	62	15	20	121	0	39
 75520	71	67	62	15	20	122	0	39
 75566	71	67	62	15	20	123	0	39
 75611	71	67	62	15	20	123	0	39
 75656	71	67	62	7	21	64	0	39
 75701	71	67	62	7	21	65	0	39
 75747	71	67	61	7	21	66	0	39
 75792	71	67	61	7	21	66	0	39
 75838	71	67	61	7	21	67	0	39
 75883	71	67	61	7	21	68	0	39
 75928	71	67	61	7	21	69	0	39
 75973	71	67	61	7	21	70	0	39
 76019	71	67	61	7	21	70	0	39
 76064	72	64	61	7	21	71	0	39
 76109	71	62	61	7	21	72	0	39
 76156	72	62	61	7	21	73	0	39
 76200	73	62	61	7	21	73	0	39
 76246	72	62	61	7	21	74	0	39
 76291	71	62	61	7	21	75	0	39
 76336	73	62	61	7	21	76	0	39
 76382	73	62	61	7	21	76	0	39
 76427	71	63	61	3	21	77	0	39
 76472	67	63	61	3	21	78	0	39
 76518	65	64	61	3	21	79	0	39
 76563	65	63	61	3	21	79	0	39
 76608	71	63	61	3	21	80	0	39
 76654	71	63	61	3	21	81	0	39
 76699	72	64	61	3	21	82	0	39
 76744	73	65	61	3	21	82	0	39
 76790	74	65	61	7	21	83	0	39
 76835	74	66	61	7	21	84	0	39
 76880	75	66	61	7	21	85	0	39
 76926	75	67	61	7	21	85	0	39
 76971	73	67	61	7	21	86	0	39
 77016	72	68	61	7	21	87	0	39
 77062	71	68	61	7	21	88	0	39
 77107	74	67	61	7	21	88	0	39
 77153	73	67	60	7	21	89	0	39
 77198	72	67	61	7	21	90	0	39
 77243	72	67	61	7	21	91	0	39
 77289	72	68	61	7	21	91	0	39
 77334	72	68	60	7	21	92	0	39
 77379	71	68	60	7	21	93	0	39
 77425	74	68	61	15	21	94	0	39
 77470	73	68	61	15	21	94	0	39
 77515	72	68	61	15	21	95	0	39
 77561	72	68	60	15	21	96	0	39
 77606	72	68	61	15	21	97	0	39
 77651	74	68	60	15	21	97	0	39
 77697	74	68	61	15	21	98	0	39
 77742	73	68	60	15	21	99	0	39
 77787	73	69	60	15	21	100	0	39
 77833	72	68	60	15	21	100	0	39
 77878	74	68	61	15	21	101	0	39
 77923	74	68	60	15	21	102	0	39
 77969	73	68	60	15	21	103	0	39
 78014	73	69	60	15	21	104	0	39
 78060	73	69	60	11	21	104	0	39
 78105	71	68	60	11	21	105	0	39
 78150	72	68	60	11	21	106	0	39
 78196	74	68	60	11	21	107	0	39
 78241	73	67	60	11	21	107	0	39
 78286	73	68	60	11	21	108	0	39
 78332	74	68	60	11	21	109	0	39
 78377	74	68	60	15	21	110	0	39
 78422	74	68	60	15	21	110	0	39
 78468	74	68	60	15	21	111	0	39
 78513	74	69	60	15	21	112	0	39
 78558	74	69	59	15	21	113	0	39
 78604	74	69	59	15	21	113	0	39
 78649	74	69	59	15	21	114	0	39
 78694	74	69	59	15	21	115	0	39
 78740	75	69	59	15	21	116	0	39
 78785	75	70	60	15	21	116	0	39
 78831	75	70	59	15	21	117	0	40
 78876	75	70	59	15	21	118	0	40
 78921	75	70	59	15	21	119	0	40
 78967	75	70	59	15	21	119	0	39
 79012	75	70	60	15	21	120	0	39
 79057	75	70	60	15	21	121	0	39
 79103	75	71	60	15	21	122	0	39
 79148	75	71	59	15	21	122	0	39
 79193	75	71	59	15	21	123	0	39
 79243	75	71	59	7	22	64	0	40
 79284	75	71	59	7	22	65	0	40
 79329	75	71	59	7	22	65	0	40
 79375	75	71	59	7	22	66	0	40
 79420	75	71	59	7	22	67	0	40
 79465	75	71	59	7	22	68	0	40
 79511	75	71	59	7	22	68	0	40
 79556	75	71	58	7	22	69	0	40
 79602	75	71	59	7	22	70	0	40
 79647	75	71	58	7	22	71	0	40
 79692	74	71	58	7	22	71	0	40
 79738	75	71	58	7	22	72	0	40
 79783	75	71	58	7	22	73	0	40
 79828	75	71	58	3	22	74	0	40
 79874	74	71	58	3	22	74	0	40
 79919	72	70	58	3	22	75	0	40
 79964	75	70	58	3	22	76	0	40
 80010	74	70	58	3	22	77	0	40
 80055	74	70	58	3	22	78	0	40
 80100	74	70	58	3	22	78	0	40
 80146	74	70	58	7	22	79	0	40
 80191	74	70	58	7	22	80	0	40
 80236	75	70	58	7	22	81	0	40
 80282	75	70	58	7	22	81	0	40
 80327	74	70	58	7	22	82	0	40
 80372	74	70	58	7	22	83	0	40
 80418	75	70	58	7	22	84	0	40
 80463	75	70	58	7	22	84	0	40
 80509	75	71	58	7	22	85	0	40
 80554	75	71	58	7	22	86	0	40
 80599	75	71	58	7	22	87	0	40
 80645	75	71	58	7	22	87	0	40
 80690	75	71	58	7	22	88	0	40
 80735	75	71	58	7	22	89	0	40
 80781	75	71	58	7	22	90	0	40
 80826	74	71	58	7	22	90	0	40
 80871	74	71	58	7	22	91	0	40
 80917	74	71	58	7	22	92	0	40
 80962	74	71	58	7	22	93	0	40
 81007	74	71	58	7	22	93	0	40
 81053	75	71	58	15	22	94	0	40
 81098	74	71	58	15	22	95	0	40
 81143	75	71	58	15	22	96	0	40
 81189	77	71	58	15	22	96	0	40
 81234	75	71	58	15	22	97	0	40
 81280	75	71	58	15	22	98	0	40
 81325	75	71	58	15	22	99	0	40
 81370	75	71	58	15	22	99	0	40
 81416	77	71	58	15	22	100	0	40
 81461	76	71	58	15	22	101	0	40
 81506	75	71	58	15	22	102	0	40
 81552	75	72	57	15	22	102	0	40
 81597	75	72	58	15	22	103	0	40
 81642	75	71	57	15	22	104	0	40
 81688	78	71	57	15	22	105	0	40
 81733	76	71	57	15	22	105	0	40
 81778	75	72	57	11	22	106	0	40
 81824	74	72	57	11	22	107	0	40
 81869	73	71	57	11	22	108	0	40
 81914	77	71	57	11	22	108	0	40
 81960	75	70	57	11	22	109	0	40
 82005	75	70	58	11	22	110	0	40
 82051	76	71	57	11	22	111	0	40
 82096	76	71	58	15	22	112	0	40
 82141	76	71	57	15	22	112	0	40
 82187	76	71	58	15	22	113	0	40
 82232	76	71	58	15	22	114	0	40
 82277	76	71	57	15	22	115	0	40
 82323	77	72	57	15	22	115	0	40
 82368	77	72	57	15	22	116	0	40
 82413	77	72	57	15	22	117	0	40
 82459	77	72	58	15	22	118	0	40
 82504	77	72	57	15	22	118	0	40
 82549	77	72	57	15	22	119	0	40
 82595	77	72	57	15	22	120	0	40
 82640	77	72	57	15	22	121	0	40
 82685	77	72	57	15	22	121	0	40
 82731	77	72	58	15	22	122	0	40
 82776	77	73	57	15	22	123	0	40
 82821	77	73	57	4	23	64	0	40
 82867	77	73	57	4	23	64	0	40
 82912	76	72	57	4	23	65	0	40
 82958	75	72	57	4	23	66	0	40
 83003	73	71	57	4	23	67	0	40
 83048	73	69	57	4	23	67	0	40
 83094	71	69	57	4	23	68	0	40
 83139	70	68	57	4	23	69	0	40
 83184	70	67	57	4	23	70	0	40
 83230	69	67	57	4	23	70	0	40
 83275	69	66	57	4	23	71	0	40
 83320	68	66	57	4	23	72	0	40
 83366	68	66	57	4	23	73	0	40
 83411	68	66	56	4	23	73	0	40
 83456	68	66	57	4	23	74	0	40
 83502	68	66	57	4	23	75	0	40
 83547	68	65	57	4	23	76	0	40
 83592	68	65	57	4	23	76	0	40
 83638	67	65	56	4	23	77	0	40
 83683	67	65	56	4	23	78	0	40
 83729	67	65	56	4	23	79	0	40
 83774	67	65	56	4	23	79	0	40
 83819	67	65	57	4	23	80	0	40
 83865	67	65	56	4	23	81	0	40
 83910	67	64	57	4	23	82	0	40
 83955	67	65	56	4	23	83	0	40
 84001	67	65	57	4	23	83	0	40
 84046	67	64	57	4	23	84	0	40
 84091	66	64	57	4	23	85	0	40
 84137	66	64	56	4	23	86	0	40
 84182	66	64	56	4	23	86	0	40
 84227	66	64	56	4	23	87	0	40
 84273	66	63	56	4	23	88	0	40
 84318	66	63	56	4	23	89	0	40
 84363	66	63	56	4	23	89	0	40
 84409	66	63	56	4	23	90	0	40
 84454	66	63	56	4	23	91	0	40
 84500	66	63	56	4	23	92	0	40
 84545	66	63	56	4	23	92	0	40
 84590	66	62	56	4	23	93	0	39
 84636	65	62	56	12	23	94	0	40
 84681	65	62	56	12	23	95	0	40
 84726	65	62	56	12	23	95	0	40
 84772	65	62	56	12	23	96	0	40
 84817	65	62	56	12	23	97	0	40
 84862	65	61	56	12	23	98	0	40
 84908	65	61	57	12	23	98	0	40
 84953	65	61	56	12	23	99	0	40
 84998	64	61	56	12	23	100	0	39
 85044	64	61	56	12	23	101	0	39
 85089	64	61	56	12	23	101	0	40
 85134	64	61	56	12	23	102	0	40
 85180	64	60	56	12	23	103	0	40
 85225	64	60	56	12	23	104	0	40
 85270	64	60	56	12	23	104	0	40
 85316	64	60	56	12	23	105	0	39
 85361	64	60	56	12	23	106	0	40
 85407	63	60	56	12	23	107	0	40
 85452	63	59	56	12	23	107	0	39
 85497	63	59	56	12	23	108	0	39
 85543	63	59	56	12	23	109	0	39
 85588	63	59	56	12	23	110	0	39
 85633	63	59	56	12	23	110	0	39
 85679	62	59	56	12	23	111	0	39
 85724	62	59	56	12	23	112	0	39
 85769	62	58	56	12	23	113	0	39
 85815	62	58	56	12	23	113	0	40
 85860	62	58	56	12	23	114	0	39
 85905	62	58	56	12	23	115	0	39
 85951	61	58	55	12	23	116	0	39
 85996	61	58	55	12	23	117	0	39
 86041	61	57	55	12	23	117	0	39
 86087	61	57	55	12	23	118	0	39
 86132	61	57	55	12	23	119	0	39
 86178	61	57	56	12	23	120	0	39
 86223	61	57	55	12	23	120	0	39
 86268	60	57	55	12	23	121	0	39
 86314	60	57	55	12	23	122	0	39
 86359	60	56	55	12	23	123	0	39
