HomeCentral
 Falkenstrasse 20
 8630 Rueti
 Datum: 29.12.14 00:00
 
 Startzeit: 2014-12-29 00:00:15 +0100
 106	55	56	26	36	0	65	0	37
 151	55	55	26	36	0	66	0	37
 196	55	55	26	36	0	67	0	37
 242	55	55	26	36	0	67	0	37
 287	55	55	26	36	0	68	0	37
 332	55	54	26	36	0	69	0	37
 378	54	54	26	36	0	70	0	37
 423	54	54	26	36	0	70	0	37
 468	54	54	26	36	0	71	0	37
 514	54	54	26	36	0	72	0	37
 562	53	54	26	36	0	73	0	36
 604	53	53	26	36	0	73	0	36
 650	53	53	26	36	0	74	0	36
 695	53	53	26	36	0	75	0	36
 786	53	53	26	36	0	76	0	36
 831	52	52	26	36	0	77	0	36
 877	52	52	26	36	0	78	0	36
 922	52	52	26	36	0	79	0	36
 967	52	52	26	36	0	79	0	36
 1013	51	51	25	36	0	80	0	36
 1058	51	51	25	36	0	81	0	36
 1103	51	51	25	36	0	82	0	36
 1149	51	51	26	36	0	83	0	36
 1194	51	51	25	36	0	83	0	36
 1239	51	51	26	36	0	84	0	36
 1285	51	51	25	36	0	85	0	36
 1330	50	50	26	36	0	86	0	36
 1375	50	50	25	36	0	86	0	36
 1421	50	50	26	36	0	87	0	36
 1466	50	50	26	36	0	88	0	36
 1511	50	50	25	36	0	89	0	36
 1557	50	50	26	36	0	89	0	36
 1602	49	49	25	36	0	90	0	36
 1648	49	49	25	36	0	91	0	36
 1693	49	49	25	36	0	92	0	36
 1738	49	49	25	36	0	92	0	36
 1784	49	49	26	36	0	93	0	36
 1829	49	49	25	44	0	94	0	35
 1874	49	48	26	44	0	95	0	35
 1920	48	48	26	44	0	95	0	35
 1965	48	48	26	44	0	96	0	35
 2010	48	48	26	44	0	97	0	35
 2056	48	48	26	44	0	98	0	35
 2101	48	48	25	44	0	98	0	35
 2146	48	48	26	44	0	99	0	35
 2192	47	47	26	44	0	100	0	35
 2237	47	47	25	44	0	101	0	35
 2282	47	47	25	44	0	101	0	35
 2328	47	47	25	44	0	102	0	35
 2373	47	47	26	44	0	103	0	35
 2419	47	47	25	44	0	104	0	35
 2464	47	46	25	44	0	104	0	35
 2509	47	47	25	44	0	105	0	35
 2558	47	46	25	44	0	106	0	35
 2600	46	46	25	44	0	107	0	35
 2645	46	46	25	44	0	107	0	35
 2691	46	46	25	44	0	108	0	35
 2736	46	46	25	44	0	109	0	35
 2781	46	46	25	44	0	110	0	35
 2827	46	46	25	44	0	110	0	35
 2872	46	45	25	44	0	111	0	35
 2917	45	45	25	44	0	112	0	34
 2963	45	45	25	44	0	113	0	35
 3008	45	45	25	44	0	113	0	34
 3053	45	45	25	44	0	114	0	34
 3099	45	45	25	44	0	115	0	34
 3144	45	45	25	44	0	116	0	34
 3190	45	45	25	44	0	117	0	34
 3235	44	45	25	44	0	117	0	34
 3280	44	44	25	44	0	118	0	34
 3326	44	44	25	44	0	119	0	34
 3371	44	44	25	44	0	120	0	34
 3416	44	44	26	44	0	120	0	34
 3462	44	44	25	44	0	121	0	34
 3507	44	44	25	44	0	122	0	34
 3552	44	44	25	44	0	123	0	34
 3598	44	44	25	44	0	123	0	34
 3643	43	43	25	20	1	64	0	34
 3688	44	43	25	20	1	65	0	34
 3734	43	43	25	20	1	66	0	34
 3779	43	43	25	20	1	66	0	34
 3825	43	43	25	20	1	67	0	34
 3870	43	43	25	20	1	68	0	34
 3915	43	43	25	20	1	69	0	34
 3961	43	43	25	20	1	69	0	34
 4006	43	43	25	20	1	70	0	34
 4052	43	43	25	20	1	71	0	34
 4097	42	42	25	20	1	72	0	34
 4142	42	42	25	20	1	72	0	34
 4187	43	42	25	20	1	73	0	34
 4233	42	42	25	20	1	74	0	34
 4278	42	42	25	20	1	75	0	34
 4323	42	42	25	20	1	75	0	34
 4369	42	42	25	20	1	76	0	34
 4414	42	42	25	20	1	77	0	34
 4459	42	42	25	20	1	78	0	33
 4505	42	42	25	20	1	78	0	33
 4550	42	41	25	20	1	79	0	33
 4595	42	41	25	20	1	80	0	33
 4648	42	41	25	20	1	81	0	33
 4686	41	41	25	20	1	81	0	33
 4732	41	41	25	20	1	82	0	33
 4777	41	41	25	20	1	83	0	33
 4868	41	41	25	20	1	84	0	33
 4922	41	41	25	20	1	85	0	33
 4968	41	41	25	20	1	86	0	33
 5005	41	41	24	20	1	87	0	33
 5049	41	41	24	20	1	87	0	33
 5094	41	41	24	20	1	88	0	33
 5150	44	40	24	20	1	89	0	33
 5185	42	40	24	20	1	90	0	33
 5230	42	40	24	20	1	91	0	33
 5276	43	40	24	16	1	91	0	33
 5321	42	41	24	16	1	92	0	33
 5366	42	41	24	16	1	93	0	33
 5412	41	41	24	24	1	94	0	33
 5457	41	41	24	24	1	94	0	33
 5502	42	41	24	24	1	95	0	33
 5548	42	41	24	28	1	96	0	33
 5593	43	41	24	28	1	97	0	33
 5639	42	41	24	28	1	97	0	33
 5684	44	40	24	28	1	98	0	33
 5729	43	41	24	28	1	99	0	33
 5775	42	41	24	28	1	100	0	33
 5820	43	41	24	28	1	100	0	33
 5865	42	41	24	28	1	101	0	33
 5911	44	41	24	28	1	102	0	33
 6001	45	41	24	28	1	103	0	33
 6047	43	41	24	28	1	104	0	33
 6092	44	41	25	28	1	105	0	33
 6137	43	41	24	28	1	106	0	33
 6183	43	41	24	28	1	106	0	33
 6228	44	41	24	28	1	107	0	33
 6273	42	41	24	28	1	108	0	33
 6319	45	41	24	28	1	109	0	33
 6364	42	41	24	28	1	109	0	33
 6410	44	41	24	28	1	110	0	33
 6455	43	41	24	28	1	111	0	33
 6500	42	41	24	28	1	112	0	33
 6546	44	41	24	28	1	112	0	32
 6591	42	41	24	28	1	113	0	32
 6640	45	41	24	28	1	114	0	32
 6682	43	41	24	28	1	115	0	32
 6727	44	41	24	28	1	115	0	32
 6772	43	42	24	28	1	116	0	32
 6818	42	41	24	28	1	117	0	32
 6863	45	41	24	28	1	118	0	32
 6908	43	41	24	28	1	118	0	32
 6954	45	41	25	28	1	119	0	32
 7044	44	42	24	28	1	121	0	32
 7090	44	42	24	28	1	121	0	32
 7135	43	42	24	28	1	122	0	32
 7181	44	42	24	28	1	123	0	32
 7226	42	42	24	20	2	64	0	32
 7271	45	41	24	20	2	65	0	32
 7317	43	42	24	20	2	65	0	32
 7362	45	42	24	20	2	66	0	32
 7453	44	42	24	20	2	68	0	32
 7543	43	42	25	20	2	69	0	32
 7589	44	42	24	20	2	70	0	32
 7634	43	42	24	20	2	71	0	32
 7679	45	42	24	20	2	71	0	32
 7725	43	42	24	20	2	72	0	32
 7770	45	42	24	20	2	73	0	32
 7815	43	42	24	20	2	74	0	32
 7861	44	42	24	20	2	74	0	32
 7906	44	42	24	20	2	75	0	32
 7951	44	42	24	20	2	76	0	32
 7997	45	42	24	20	2	77	0	32
 8042	43	42	24	20	2	77	0	32
 8091	45	42	24	20	2	78	0	32
 8133	43	42	24	20	2	79	0	32
 8178	46	42	24	20	2	80	0	32
 8224	43	42	24	20	2	80	0	32
 8269	46	42	24	20	2	81	0	32
 8314	44	42	24	20	2	82	0	32
 8360	44	42	24	20	2	83	0	32
 8405	44	42	24	16	2	83	0	32
 8450	43	42	24	16	2	84	0	32
 8496	45	42	24	16	2	85	0	32
 8541	44	42	24	16	2	86	0	32
 8586	43	42	24	16	2	86	0	31
 8632	43	42	24	20	2	87	0	31
 8677	43	42	24	20	2	88	0	32
 8722	45	42	24	20	2	89	0	31
 8768	44	42	24	20	2	89	0	31
 8813	45	42	24	20	2	90	0	31
 8859	43	42	24	20	2	91	0	31
 8904	46	42	24	20	2	92	0	31
 8949	43	42	24	20	2	92	0	31
 8995	45	42	24	20	2	93	0	31
 9040	44	42	24	28	2	94	0	31
 9085	45	42	24	28	2	95	0	31
 9131	44	42	24	28	2	96	0	31
 9176	44	42	24	28	2	96	0	31
 9221	45	42	24	28	2	97	0	31
 9267	43	42	24	28	2	98	0	31
 9312	45	42	24	28	2	99	0	31
 9357	43	42	24	28	2	99	0	31
 9403	46	42	24	28	2	100	0	31
 9448	43	42	24	28	2	101	0	31
 9493	46	42	24	28	2	102	0	31
 9539	44	42	24	28	2	102	0	31
 9584	46	42	24	28	2	103	0	31
 9630	44	42	24	28	2	104	0	31
 9675	46	42	24	28	2	105	0	31
 9720	44	42	24	28	2	105	0	31
 9766	46	42	24	28	2	106	0	31
 9811	44	43	24	28	2	107	0	31
 9856	46	42	24	28	2	108	0	31
 9902	44	42	24	28	2	108	0	31
 9949	46	42	24	28	2	109	0	31
 9992	45	43	24	28	2	110	0	31
 10038	45	43	24	28	2	111	0	31
 10083	45	43	24	28	2	111	0	31
 10128	45	42	24	28	2	112	0	31
 10174	45	43	24	28	2	113	0	31
 10219	44	43	23	28	2	114	0	31
 10265	46	43	23	28	2	114	0	31
 10355	46	43	23	28	2	116	0	31
 10401	44	43	23	28	2	117	0	31
 10446	47	43	24	28	2	117	0	31
 10491	45	43	24	28	2	118	0	31
 10537	47	43	23	28	2	119	0	31
 10582	44	43	23	28	2	120	0	31
 10627	47	43	23	28	2	120	0	31
 10673	45	43	23	28	2	121	0	31
 10718	47	43	23	28	2	122	0	31
 10763	45	43	23	28	2	123	0	31
 10809	47	43	23	28	2	123	0	31
 10854	44	43	23	36	3	64	0	31
 10899	47	43	23	36	3	65	0	31
 10945	45	43	23	36	3	66	0	31
 10990	47	43	23	36	3	66	0	31
 11035	45	43	23	36	3	67	0	31
 11081	47	43	23	36	3	68	0	31
 11126	45	43	23	36	3	69	0	31
 11172	47	43	23	36	3	70	0	31
 11217	45	43	23	36	3	70	0	31
 11262	47	43	23	36	3	71	0	31
 11308	46	43	23	32	3	72	0	30
 11353	44	43	23	32	3	73	0	31
 11398	45	43	23	32	3	73	0	30
 11444	47	43	23	32	3	74	0	30
 11489	46	43	23	32	3	75	0	30
 11534	47	43	23	32	3	76	0	30
 11580	45	44	23	36	3	76	0	30
 11625	47	43	24	36	3	77	0	30
 11670	45	44	23	36	3	78	0	30
 11716	47	44	23	36	3	79	0	30
 11761	45	44	23	36	3	79	0	31
 11806	47	44	23	36	3	80	0	30
 11852	45	44	23	36	3	81	0	30
 11897	47	44	23	36	3	82	0	30
 11943	45	44	23	36	3	82	0	30
 11988	48	44	23	36	3	83	0	30
 12033	45	44	23	36	3	84	0	30
 12079	48	44	23	36	3	85	0	30
 12124	45	44	23	36	3	85	0	30
 12169	47	44	23	36	3	86	0	30
 12215	45	44	22	36	3	87	0	30
 12260	47	44	22	36	3	88	0	30
 12305	45	44	22	36	3	88	0	30
 12351	48	44	23	36	3	89	0	30
 12396	45	44	23	36	3	90	0	30
 12441	48	44	23	36	3	91	0	30
 12487	45	44	23	36	3	91	0	30
 12532	47	44	23	36	3	92	0	30
 12577	45	44	23	36	3	93	0	30
 12623	48	44	23	44	3	94	0	30
 12668	45	44	23	44	3	94	0	30
 12714	48	44	23	44	3	95	0	30
 12759	45	44	23	44	3	96	0	30
 12804	48	44	23	44	3	97	0	30
 12850	45	44	23	44	3	97	0	30
 12895	48	44	23	44	3	98	0	30
 12940	45	44	23	44	3	99	0	30
 12986	48	44	23	44	3	100	0	30
 13035	46	44	23	44	3	100	0	30
 13076	48	44	23	44	3	101	0	30
 13122	46	44	23	44	3	102	0	30
 13167	47	44	23	44	3	103	0	30
 13212	46	44	23	44	3	104	0	30
 13258	47	44	23	44	3	104	0	30
 13303	46	44	23	44	3	105	0	30
 13348	46	44	23	44	3	106	0	30
 13394	47	44	23	44	3	107	0	30
 13439	45	44	23	44	3	107	0	30
 13485	47	44	23	44	3	108	0	30
 13530	45	44	23	44	3	109	0	30
 13575	48	44	23	44	3	110	0	30
 13621	45	44	22	44	3	110	0	30
 13666	47	44	23	44	3	111	0	30
 13711	46	44	22	44	3	112	0	30
 13757	46	44	23	44	3	113	0	30
 13802	46	44	22	44	3	113	0	30
 13847	45	44	23	44	3	114	0	30
 13893	47	44	23	44	3	115	0	30
 13938	45	44	23	44	3	116	0	30
 13983	48	44	23	44	3	116	0	30
 14029	45	44	23	44	3	117	0	30
 14078	48	44	23	44	3	118	0	30
 14120	46	44	23	40	3	119	0	30
 14165	45	44	23	40	3	119	0	30
 14210	45	44	23	40	3	120	0	30
 14256	47	44	23	40	3	121	0	30
 14346	48	44	23	40	3	122	0	30
 14392	46	44	23	44	3	123	0	30
 14437	49	45	23	4	4	64	0	30
 14482	46	44	23	4	4	65	0	29
 14528	47	44	23	4	4	65	0	30
 14573	46	44	23	4	4	66	0	29
 14618	47	44	23	4	4	67	0	29
 14664	46	44	23	4	4	68	0	29
 14709	47	44	22	4	4	68	0	29
 14759	46	44	22	4	4	69	0	29
 14800	47	44	22	4	4	70	0	29
 14845	46	44	22	4	4	71	0	29
 14891	47	44	22	4	4	71	0	29
 14936	46	44	23	4	4	72	0	29
 14981	47	44	22	4	4	73	0	29
 15027	46	44	22	4	4	74	0	29
 15072	47	44	22	4	4	74	0	29
 15117	47	44	22	4	4	75	0	29
 15163	47	44	21	4	4	76	0	29
 15208	47	44	21	4	4	77	0	29
 15253	47	44	21	4	4	78	0	29
 15299	46	44	21	4	4	78	0	29
 15344	46	43	21	4	4	79	0	29
 15389	47	44	21	4	4	80	0	29
 15435	46	44	22	4	4	81	0	29
 15480	47	44	21	4	4	81	0	29
 15525	45	44	22	4	4	82	0	29
 15571	48	44	22	4	4	83	0	29
 15616	45	44	22	4	4	84	0	29
 15661	48	44	22	4	4	84	0	29
 15707	46	44	22	4	4	85	0	29
 15752	47	44	22	4	4	86	0	29
 15798	46	44	23	4	4	87	0	29
 15843	45	44	22	4	4	87	0	29
 15888	47	44	22	4	4	88	0	29
 15934	45	44	22	4	4	89	0	29
 15979	48	44	22	4	4	90	0	29
 16024	45	44	22	4	4	90	0	29
 16070	48	44	22	4	4	91	0	29
 16115	45	44	22	4	4	92	0	29
 16160	47	44	22	4	4	93	0	29
 16206	46	44	23	4	4	93	0	29
 16251	45	44	22	12	4	94	0	29
 16296	47	44	22	12	4	95	0	29
 16387	47	44	22	12	4	96	0	29
 16432	45	44	22	12	4	97	0	29
 16478	47	44	22	12	4	98	0	29
 16523	46	44	22	12	4	99	0	29
 16569	45	43	22	12	4	99	0	29
 16614	47	44	22	12	4	100	0	29
 16659	45	44	22	12	4	101	0	29
 16705	47	44	22	12	4	102	0	29
 16750	45	43	22	12	4	102	0	29
 16795	46	44	22	12	4	103	0	29
 16841	46	44	22	12	4	104	0	29
 16886	45	44	22	12	4	105	0	29
 16931	47	44	22	12	4	105	0	29
 16977	45	44	21	12	4	106	0	29
 17022	44	43	22	8	4	107	0	29
 17067	44	44	21	8	4	108	0	29
 17113	46	43	21	8	4	108	0	29
 17158	46	43	21	8	4	109	0	29
 17203	47	43	21	8	4	110	0	29
 17249	46	43	21	8	4	111	0	29
 17294	44	43	21	12	4	112	0	29
 17340	47	43	21	12	4	112	0	29
 17385	45	43	21	12	4	113	0	29
 17430	47	43	21	12	4	114	0	29
 17476	45	43	21	12	4	115	0	29
 17521	47	43	21	12	4	115	0	29
 17566	45	43	21	12	4	116	0	29
 17612	47	43	20	12	4	117	0	29
 17657	45	43	20	12	4	118	0	29
 17702	47	43	20	12	4	118	0	29
 17748	45	43	21	12	4	119	0	29
 17793	47	43	21	12	4	120	0	29
 17838	45	43	21	12	4	121	0	28
 17884	47	43	21	12	4	121	0	29
 17929	45	43	21	12	4	122	0	29
 17974	47	43	21	12	4	123	0	29
 18020	45	43	21	20	5	64	0	29
 18065	47	43	21	20	5	64	0	29
 18111	45	43	22	20	5	65	0	29
 18156	47	43	22	20	5	66	0	29
 18201	45	43	22	20	5	67	0	29
 18247	47	43	22	20	5	67	0	29
 18292	45	43	22	20	5	68	0	29
 18337	47	43	22	20	5	69	0	28
 18383	45	43	21	20	5	70	0	29
 18428	47	43	22	20	5	70	0	28
 18473	46	43	22	20	5	71	0	28
 18519	47	43	22	20	5	72	0	28
 18564	45	43	22	20	5	73	0	28
 18609	47	43	22	20	5	73	0	28
 18655	46	43	22	20	5	74	0	28
 18700	46	43	22	20	5	75	0	28
 18745	46	43	22	20	5	76	0	28
 18791	46	43	22	20	5	76	0	28
 18836	46	43	22	20	5	77	0	28
 18882	46	43	22	20	5	78	0	28
 18927	46	43	23	20	5	79	0	28
 18972	46	43	22	20	5	79	0	28
 19018	46	43	22	20	5	80	0	28
 19063	45	43	22	20	5	81	0	28
 19108	46	43	22	20	5	82	0	28
 19158	45	43	22	20	5	83	0	28
 19199	47	43	22	20	5	83	0	28
 19244	45	43	22	20	5	84	0	28
 19290	47	43	22	20	5	85	0	28
 19335	45	43	22	20	5	86	0	28
 19380	47	43	22	20	5	86	0	28
 19426	45	43	22	20	5	87	0	28
 19471	47	43	22	20	5	88	0	28
 19516	45	43	22	20	5	89	0	28
 19562	47	43	21	20	5	89	0	28
 19611	45	43	21	20	5	90	0	28
 19653	47	43	22	20	5	91	0	28
 19698	45	43	21	20	5	92	0	28
 19743	47	43	21	20	5	92	0	28
 19789	45	43	21	16	5	93	0	28
 19834	44	43	21	24	5	94	0	28
 19879	45	43	21	24	5	95	0	28
 19925	46	43	21	24	5	95	0	28
 19970	45	42	22	24	5	96	0	28
 20015	46	43	21	24	5	97	0	28
 20061	44	43	21	28	5	98	0	28
 20106	46	43	21	28	5	98	0	28
 20151	44	43	21	28	5	99	0	28
 20197	46	43	21	28	5	100	0	28
 20242	44	42	21	28	5	101	0	28
 20333	44	42	21	28	5	102	0	28
 20378	46	43	22	28	5	103	0	28
 20428	44	42	22	28	5	104	0	28
 20469	46	43	22	28	5	104	0	28
 20514	45	43	22	28	5	105	0	28
 20560	46	42	22	28	5	106	0	28
 20605	45	42	22	28	5	107	0	28
 20650	45	43	22	28	5	107	0	28
 20696	46	43	21	28	5	108	0	28
 20741	44	42	21	28	5	109	0	28
 20786	47	42	21	28	5	110	0	28
 20832	44	42	21	28	5	110	0	28
 20877	47	43	22	28	5	111	0	28
 20922	44	43	22	28	5	112	0	28
 20968	46	43	22	28	5	113	0	28
 21013	45	43	22	28	5	113	0	28
 21059	46	42	22	28	5	114	0	28
 21104	46	42	22	28	5	115	0	28
 21149	45	42	22	28	5	116	0	28
 21195	47	42	22	28	5	117	0	28
 21240	44	42	22	28	5	117	0	28
 21285	47	42	22	28	5	118	0	28
 21331	45	42	22	28	5	119	0	28
 21376	46	42	22	28	5	120	0	28
 21421	45	43	22	28	5	120	0	28
 21467	46	42	22	28	5	121	0	28
 21512	45	43	22	28	5	122	0	28
 21557	45	43	22	28	5	123	0	28
 21603	45	42	22	28	5	123	0	28
 21648	46	43	22	23	6	64	0	28
 21693	52	42	22	23	6	65	0	28
 21739	70	43	22	23	6	66	0	28
 21784	92	43	21	19	6	66	0	28
 21829	102	44	21	19	6	67	0	28
 21875	87	47	21	19	6	68	0	28
 21920	73	50	21	19	6	69	0	28
 21966	63	53	21	19	6	69	0	28
 22011	56	53	22	19	6	70	0	27
 22056	53	51	22	19	6	71	0	28
 22102	51	50	22	19	6	72	0	28
 22147	56	49	22	19	6	72	0	28
 22192	71	48	22	19	6	73	0	28
 22238	94	48	22	19	6	74	0	28
 22283	110	49	22	19	6	75	0	28
 22328	111	51	22	19	6	75	0	28
 22374	98	54	22	19	6	76	0	28
 22419	84	58	22	19	6	77	0	28
 22464	72	59	22	19	6	78	0	28
 22510	64	59	22	19	6	78	0	28
 22555	64	58	22	19	6	79	0	28
 22601	73	58	22	19	6	80	0	28
 22646	90	58	22	19	6	81	0	28
 22691	109	58	22	19	6	81	0	28
 22737	113	60	22	19	6	82	0	28
 22786	111	63	22	19	6	83	0	28
 22827	100	66	22	19	6	84	0	28
 22873	88	68	22	19	6	84	0	28
 22918	79	66	22	19	6	85	0	28
 22963	85	64	22	19	6	86	0	28
 23009	100	62	22	19	6	87	0	28
 23054	104	61	22	19	6	87	0	29
 23099	92	61	22	19	6	88	0	29
 23145	86	61	22	19	6	89	0	29
 23190	84	63	22	19	6	90	0	29
 23235	87	64	22	19	6	91	0	29
 23281	92	65	22	19	6	91	0	29
 23326	97	65	22	19	6	92	0	29
 23371	92	66	22	19	6	93	0	29
 23417	92	67	22	27	6	94	0	29
 23462	93	68	22	27	6	94	0	29
 23508	94	70	22	27	6	95	0	29
 23553	101	71	22	27	6	96	0	29
 23598	98	72	22	27	6	97	0	29
 23644	98	73	22	27	6	97	0	30
 23689	104	74	22	27	6	98	0	30
 23734	101	76	22	27	6	99	0	30
 23780	101	76	22	27	6	100	0	30
 23825	106	78	22	27	6	100	0	30
 23870	105	78	22	27	6	101	0	30
 23916	108	79	22	27	6	102	0	30
 23961	107	80	22	27	6	103	0	30
 24006	108	80	22	27	6	103	0	31
 24052	109	81	21	27	6	104	0	31
 24097	109	82	22	27	6	105	0	31
 24143	110	82	22	27	6	106	0	31
 24188	110	83	22	27	6	106	0	31
 24233	111	83	22	27	6	107	0	31
 24279	113	84	22	27	6	108	0	31
 24324	113	85	22	27	6	109	0	31
 24369	113	85	22	27	6	109	0	31
 24415	112	86	22	27	6	110	0	31
 24460	110	87	22	27	6	111	0	32
 24505	110	87	22	27	6	112	0	32
 24551	111	88	21	27	6	112	0	32
 24596	112	88	22	27	6	113	0	32
 24641	113	89	21	27	6	114	0	32
 24687	113	89	21	27	6	115	0	32
 24732	112	90	21	27	6	115	0	32
 24777	110	91	21	27	6	116	0	32
 24823	111	91	20	27	6	117	0	32
 24868	112	92	20	27	6	118	0	32
 24914	112	92	21	27	6	118	0	32
 24959	112	93	21	27	6	119	0	32
 25004	111	93	21	31	6	120	0	32
 25050	111	94	21	31	6	121	0	32
 25095	111	94	21	31	6	121	0	33
 25140	112	94	21	31	6	122	0	33
 25186	112	95	21	31	6	123	0	33
 25231	111	95	21	39	7	64	0	33
 25276	110	95	21	39	7	65	0	33
 25322	112	95	21	35	7	65	0	33
 25367	111	96	21	35	7	66	0	33
 25412	112	96	21	35	7	67	0	33
 25458	114	96	21	35	7	68	0	33
 25503	113	96	21	35	7	68	0	33
 25548	112	96	21	35	7	69	0	33
 25594	113	96	21	35	7	70	0	33
 25639	114	97	21	35	7	71	0	33
 25685	112	96	21	35	7	71	0	33
 25730	113	97	21	35	7	72	0	33
 25775	111	97	21	35	7	73	0	33
 25821	112	97	21	35	7	74	0	34
 25866	113	97	21	39	7	74	0	34
 25911	112	98	21	39	7	75	0	34
 25957	112	97	21	39	7	76	0	34
 26002	113	97	21	39	7	77	0	34
 26047	112	98	21	39	7	77	0	34
 26093	113	98	21	39	7	78	0	34
 26138	111	98	21	39	7	79	0	34
 26183	110	98	21	39	7	80	0	34
 26229	113	98	21	35	7	80	0	34
 26274	112	98	21	35	7	81	0	34
 26365	114	98	20	35	7	83	0	34
 26410	112	98	20	35	7	83	0	34
 26456	112	98	20	35	7	84	0	34
 26501	113	98	20	35	7	85	0	34
 26546	111	99	21	35	7	86	0	34
 26592	112	98	20	35	7	86	0	34
 26637	112	98	21	35	7	87	0	35
 26682	112	98	21	39	7	88	0	34
 26773	112	99	21	39	7	89	0	35
 26818	113	99	21	39	7	90	0	35
 26864	112	99	21	39	7	91	0	35
 26909	113	99	21	39	7	92	0	35
 26954	112	99	21	39	7	92	0	35
 27000	111	99	21	39	7	93	0	35
 27045	111	99	21	47	7	94	0	35
 27090	113	99	21	43	7	95	0	35
 27136	112	99	21	43	7	96	0	35
 27181	113	99	21	43	7	96	0	35
 27227	114	99	21	43	7	97	0	35
 27272	112	98	21	43	7	98	0	35
 27317	112	98	21	43	7	99	0	35
 27363	113	99	20	43	7	99	0	35
 27408	111	98	21	43	7	100	0	35
 27453	111	98	20	43	7	101	0	35
 27499	112	98	20	47	7	102	0	35
 27544	111	98	21	47	7	102	0	35
 27589	112	98	21	47	7	103	0	35
 27635	112	98	21	47	7	104	0	35
 27680	113	99	21	47	7	105	0	35
 27771	112	98	21	47	7	106	0	35
 27816	112	99	21	47	7	107	0	35
 27861	110	99	21	47	7	108	0	35
 27907	111	99	21	43	7	108	0	35
 27952	112	98	21	43	7	109	0	35
 27997	112	98	21	43	7	110	0	35
 28043	113	98	22	43	7	111	0	35
 28088	112	98	21	43	7	112	0	36
 28134	112	98	22	43	7	112	0	36
 28179	113	99	22	43	7	113	0	36
 28224	111	99	21	43	7	114	0	36
 28270	112	99	21	43	7	115	0	36
 28315	111	99	21	47	7	115	0	36
 28360	112	99	21	47	7	116	0	36
 28406	112	99	22	47	7	117	0	36
 28451	112	99	21	47	7	118	0	36
 28497	112	99	21	47	7	118	0	36
 28542	112	97	21	47	7	119	0	36
 28587	111	95	22	47	7	120	0	36
 28632	110	94	21	47	7	121	0	36
 28678	112	93	21	47	7	121	0	36
 28723	112	92	21	47	7	122	0	36
 28768	111	92	21	43	7	123	0	36
 28814	111	92	21	19	8	64	0	36
 28859	112	91	21	19	8	64	0	36
 28905	112	91	21	19	8	65	0	36
 28950	110	92	21	19	8	66	0	36
 28995	111	92	21	19	8	67	0	36
 29041	112	92	21	19	8	67	0	36
 29086	113	92	21	19	8	68	0	36
 29131	111	92	21	19	8	69	0	36
 29177	110	93	21	19	8	70	0	36
 29222	111	93	21	19	8	70	0	36
 29267	111	94	21	19	8	71	0	36
 29313	111	94	21	23	8	72	0	36
 29358	111	94	21	23	8	73	0	36
 29403	111	95	21	23	8	73	0	36
 29449	111	95	21	23	8	74	0	36
 29494	111	96	21	23	8	75	0	36
 29539	111	96	21	23	8	76	0	36
 29589	111	96	21	23	8	76	0	36
 29630	110	97	22	23	8	77	0	36
 29676	110	97	21	23	8	78	0	36
 29721	112	97	21	19	8	79	0	36
 29766	112	97	21	19	8	79	0	36
 29812	113	97	22	19	8	80	0	36
 29857	112	97	21	19	8	81	0	37
 29903	111	97	21	19	8	82	0	37
 29993	110	98	21	19	8	83	0	37
 30038	111	98	21	19	8	84	0	37
 30084	111	98	21	23	8	85	0	37
 30129	111	98	22	23	8	86	0	37
 30174	111	98	22	23	8	86	0	37
 30220	111	98	22	23	8	87	0	37
 30265	111	98	21	23	8	88	0	37
 30310	111	98	21	23	8	89	0	37
 30356	111	98	21	23	8	89	0	37
 30401	112	98	21	23	8	90	0	38
 30447	111	98	21	23	8	91	0	37
 30492	110	98	21	23	8	92	0	37
 30537	110	98	21	23	8	92	0	37
 30583	112	98	21	19	8	93	0	37
 30628	111	98	21	27	8	94	0	37
 30673	112	98	21	27	8	95	0	37
 30719	112	98	21	27	8	95	0	38
 30764	111	98	21	27	8	96	0	37
 30809	112	98	21	27	8	97	0	37
 30900	111	98	22	27	8	98	0	37
 30945	112	98	22	31	8	99	0	37
 30991	112	98	22	31	8	100	0	37
 31036	112	98	22	31	8	101	0	37
 31081	112	98	22	31	8	101	0	37
 31127	112	98	22	31	8	102	0	37
 31172	111	98	22	31	8	103	0	37
 31218	111	98	22	31	8	104	0	37
 31263	111	99	22	31	8	104	0	37
 31308	111	98	22	31	8	105	0	37
 31354	110	98	22	31	8	106	0	37
 31399	109	98	22	27	8	107	0	37
 31444	111	98	22	27	8	107	0	37
 31490	112	98	22	27	8	108	0	37
 31535	112	98	22	27	8	109	0	37
 31580	110	98	22	27	8	110	0	37
 31626	111	98	21	27	8	110	0	37
 31671	110	99	22	27	8	111	0	37
 31716	110	98	22	27	8	112	0	37
 31762	111	98	22	31	8	113	0	37
 31852	111	97	22	31	8	114	0	37
 31898	111	97	22	31	8	115	0	37
 31943	111	97	22	31	8	116	0	37
 31989	111	98	22	31	8	117	0	37
 32034	110	98	23	31	8	117	0	37
 32079	110	98	22	31	8	118	0	37
 32125	111	98	22	31	8	119	0	37
 32170	110	97	22	31	8	120	0	37
 32215	109	98	22	31	8	120	0	37
 32261	110	98	23	27	8	121	0	38
 32306	111	98	23	27	8	122	0	37
 32351	112	97	23	27	8	123	0	38
 32397	110	98	23	27	8	123	0	38
 32442	110	98	23	19	9	64	0	38
 32487	110	98	23	19	9	65	0	38
 32533	109	98	23	19	9	66	0	38
 32578	110	98	23	19	9	66	0	38
 32623	111	97	23	23	9	67	0	38
 32669	111	97	23	23	9	68	0	38
 32714	111	97	23	23	9	69	0	38
 32760	111	97	23	23	9	69	0	38
 32805	110	97	23	23	9	70	0	38
 32850	110	97	23	23	9	71	0	38
 32896	111	97	23	23	9	72	0	38
 32941	110	97	23	23	9	72	0	38
 32986	109	97	24	23	9	73	0	38
 33032	108	97	23	23	9	74	0	38
 33077	110	97	24	19	9	75	0	38
 33122	110	97	24	19	9	75	0	38
 33171	111	97	24	19	9	76	0	38
 33213	112	97	24	19	9	77	0	38
 33258	110	97	24	19	9	78	0	38
 33304	110	97	24	19	9	78	0	38
 33349	110	97	23	19	9	79	0	38
 33394	109	97	23	19	9	80	0	38
 33440	109	96	23	23	9	81	0	38
 33485	110	96	23	23	9	81	0	38
 33531	110	96	23	23	9	82	0	38
 33576	110	96	23	23	9	83	0	38
 33621	110	96	23	23	9	84	0	38
 33712	110	96	23	23	9	85	0	38
 33757	110	96	23	23	9	86	0	38
 33803	110	96	23	23	9	87	0	38
 33848	110	97	23	23	9	87	0	38
 33893	109	97	23	23	9	88	0	38
 33939	108	97	23	19	9	89	0	38
 33984	108	97	23	19	9	90	0	38
 34030	107	97	23	19	9	91	0	38
 34075	106	96	23	19	9	91	0	38
 34120	107	96	23	19	9	92	0	38
 34165	108	96	23	19	9	93	0	38
 34211	107	95	23	27	9	94	0	38
 34256	107	95	23	27	9	94	0	38
 34302	108	95	23	31	9	95	0	38
 34347	108	95	23	31	9	96	0	38
 34392	106	95	23	31	9	97	0	38
 34438	106	95	23	31	9	97	0	38
 34483	106	95	23	31	9	98	0	38
 34528	105	95	23	31	9	99	0	38
 34574	105	95	23	31	9	100	0	38
 34619	104	94	23	31	9	100	0	38
 34664	105	94	23	31	9	101	0	38
 34710	105	94	24	31	9	102	0	38
 34755	105	94	23	31	9	103	0	38
 34800	104	93	23	31	9	103	0	38
 34846	104	94	23	31	9	104	0	38
 34937	102	93	23	31	9	106	0	38
 34982	102	93	24	27	9	106	0	38
 35027	98	93	23	27	9	107	0	38
 35073	94	93	24	27	9	108	0	38
 35118	92	92	24	27	9	109	0	38
 35163	94	91	24	27	9	109	0	38
 35209	100	90	24	27	9	110	0	38
 35254	101	89	24	27	9	111	0	38
 35299	102	88	24	31	9	112	0	38
 35345	103	89	24	31	9	112	0	38
 35390	104	90	24	31	9	113	0	38
 35435	104	91	24	31	9	114	0	38
 35481	104	91	23	31	9	115	0	38
 35526	104	91	24	31	9	115	0	38
 35571	104	92	23	31	9	116	0	38
 35617	104	92	23	31	9	117	0	38
 35662	103	92	23	31	9	118	0	38
 35763	102	92	23	31	9	119	0	38
 35802	102	92	22	31	9	120	0	38
 35934	99	92	23	27	9	122	0	38
 35935	99	92	23	27	9	122	0	38
 35983	94	91	22	27	9	123	0	38
 36025	92	91	23	33	10	64	0	38
 36116	88	89	22	33	10	65	0	38
 36117	88	89	22	33	10	65	0	38
 36209	86	86	22	37	10	67	0	38
 36252	85	85	22	37	10	68	0	38
 36342	83	84	23	37	10	69	0	38
 36433	82	82	23	37	10	71	0	38
 36478	81	81	23	37	10	71	0	38
 36524	80	81	23	37	10	72	0	38
 36569	80	80	23	37	10	73	0	38
 36614	79	80	23	37	10	74	0	38
 36660	79	79	23	37	10	74	0	38
 36705	78	79	23	37	10	75	0	38
 36751	78	78	23	37	10	76	0	38
 36796	77	77	23	37	10	77	0	38
 36841	76	77	23	37	10	77	0	38
 36887	76	76	23	37	10	78	0	38
 36932	75	76	23	37	10	79	0	38
 36977	75	75	23	37	10	80	0	38
 37023	74	75	23	37	10	80	0	38
 37068	74	74	23	37	10	81	0	38
 37113	74	74	23	37	10	82	0	38
 37159	73	73	23	37	10	83	0	38
 37204	72	73	24	37	10	83	0	38
 37249	72	72	24	37	10	84	0	38
 37295	71	72	24	37	10	85	0	38
 37340	71	71	24	37	10	86	0	38
 37389	70	71	24	37	10	86	0	38
 37476	69	69	24	37	10	88	0	38
 37522	68	69	24	37	10	89	0	38
 37567	68	68	24	37	10	89	0	38
 37612	67	67	24	37	10	90	0	38
 37658	67	67	23	37	10	91	0	38
 37703	66	66	23	37	10	92	0	38
 37748	66	66	23	37	10	92	0	38
 37794	65	65	23	37	10	93	0	38
 37839	65	65	23	45	10	94	0	37
 37884	71	65	23	45	10	95	0	37
 37934	86	64	24	45	10	96	0	37
 37975	104	64	24	45	10	96	0	37
 38020	105	66	24	45	10	97	0	37
 38066	105	69	25	45	10	98	0	37
 38111	106	74	24	45	10	99	0	37
 38156	105	76	24	45	10	99	0	37
 38202	105	77	24	41	10	100	0	37
 38247	96	78	24	41	10	101	0	37
 38293	88	78	24	41	10	102	0	37
 38338	82	79	24	41	10	102	0	37
 38383	79	78	24	41	10	103	0	37
 38429	76	76	24	41	10	104	0	37
 38474	76	74	24	41	10	105	0	37
 38519	84	72	24	41	10	105	0	37
 38565	98	71	24	41	10	106	0	37
 38610	105	72	24	41	10	107	0	37
 38660	107	74	24	41	10	108	0	37
 38701	105	78	24	41	10	108	0	37
 38746	105	81	24	41	10	109	0	37
 38791	105	83	24	41	10	110	0	37
 38837	106	84	24	45	10	111	0	37
 38882	105	84	24	45	10	111	0	37
 38928	105	85	24	45	10	112	0	37
 38973	105	86	24	45	10	113	0	37
 39018	106	86	24	45	10	114	0	37
 39064	106	86	24	45	10	114	0	37
 39109	105	87	24	45	10	115	0	37
 39154	105	87	24	45	10	116	0	37
 39200	102	88	24	41	10	117	0	37
 39245	96	88	24	41	10	117	0	37
 39290	91	88	24	41	10	118	0	37
 39336	89	88	24	41	10	119	0	37
 39381	89	87	24	41	10	120	0	37
 39426	95	85	23	41	10	120	0	37
 39472	105	84	24	41	10	121	0	37
 39517	105	84	24	41	10	122	0	37
 39563	105	86	24	45	10	123	0	37
 39608	106	88	24	45	10	123	0	37
 39653	105	89	24	21	11	64	0	37
 39699	99	90	24	21	11	65	0	37
 39744	92	90	24	21	11	66	0	37
 39789	90	89	24	21	11	66	0	37
 39835	88	88	24	21	11	67	0	38
 39880	86	86	24	21	11	68	0	37
 39971	82	83	23	21	11	70	0	37
 39972	82	83	23	21	11	70	0	37
 40016	81	82	23	21	11	70	0	37
 40061	80	81	23	21	11	71	0	37
 40107	79	80	24	21	11	72	0	37
 40153	78	79	24	21	11	73	0	37
 40197	78	78	24	21	11	73	0	37
 40243	77	77	24	21	11	74	0	37
 40288	76	77	24	21	11	75	0	37
 40334	76	76	24	21	11	76	0	37
 40379	75	76	24	21	11	76	0	37
 40424	75	75	24	21	11	77	0	37
 40470	74	75	24	21	11	78	0	37
 40515	73	74	24	21	11	79	0	37
 40560	73	73	24	21	11	79	0	37
 40606	72	73	24	21	11	80	0	37
 40651	71	72	24	21	11	81	0	37
 40696	71	71	24	21	11	82	0	37
 40742	71	71	24	21	11	82	0	37
 40787	70	70	24	21	11	83	0	37
 40832	70	70	24	21	11	84	0	37
 40923	69	69	24	21	11	85	0	37
 40968	68	68	24	21	11	86	0	37
 41014	68	68	24	21	11	87	0	37
 41059	67	68	24	21	11	88	0	37
 41105	67	67	24	21	11	88	0	37
 41150	67	67	24	21	11	89	0	37
 41195	66	66	24	21	11	90	0	37
 41241	66	66	24	21	11	91	0	37
 41286	65	66	24	21	11	91	0	37
 41331	65	65	24	21	11	92	0	37
 41377	65	65	24	21	11	93	0	37
 41426	64	65	24	29	11	94	0	37
 41467	67	64	24	29	11	94	0	37
 41513	76	64	24	29	11	95	0	37
 41558	92	64	24	29	11	96	0	37
 41603	105	65	24	29	11	97	0	37
 41649	108	67	24	29	11	97	0	37
 41694	103	71	24	25	11	98	0	37
 41740	93	75	24	25	11	99	0	37
 41785	86	78	24	25	11	100	0	37
 41830	80	78	24	25	11	100	0	37
 41879	77	77	24	25	11	101	0	37
 41921	75	75	24	25	11	102	0	37
 41966	74	73	24	25	11	103	0	37
 42012	80	71	24	25	11	104	0	37
 42057	94	70	24	25	11	104	0	37
 42102	105	70	24	25	11	105	0	37
 42148	104	72	24	25	11	106	0	37
 42193	104	74	24	25	11	107	0	37
 42238	106	78	24	25	11	107	0	37
 42284	106	80	24	25	11	108	0	37
 42329	104	81	24	25	11	109	0	37
 42374	104	82	24	29	11	110	0	37
 42420	106	82	24	29	11	110	0	37
 42465	105	83	24	29	11	111	0	37
 42511	105	83	24	29	11	112	0	37
 42556	105	84	24	29	11	113	0	37
 42601	105	84	24	29	11	113	0	37
 42647	104	84	24	29	11	114	0	37
 42692	105	85	24	29	11	115	0	37
 42737	100	85	24	25	11	116	0	37
 42783	93	85	24	25	11	116	0	37
 42828	88	85	24	25	11	117	0	37
 42873	85	84	24	25	11	118	0	37
 42919	85	83	24	25	11	119	0	37
 42964	92	81	24	25	11	119	0	37
 43009	104	80	24	25	11	120	0	37
 43055	104	80	24	25	11	121	0	37
 43100	105	81	24	25	11	122	0	37
 43145	104	84	24	29	11	122	0	37
 43191	105	86	24	29	11	123	0	37
 43236	105	87	26	37	12	64	0	37
 43282	99	87	24	37	12	65	0	37
 43327	92	88	24	37	12	65	0	37
 43372	89	87	24	37	12	66	0	37
 43418	87	87	24	37	12	67	0	37
 43463	84	85	24	37	12	68	0	37
 43508	82	83	24	37	12	68	0	37
 43554	81	81	24	37	12	69	0	37
 43599	80	80	24	37	12	70	0	37
 43644	79	79	25	37	12	71	0	37
 43690	78	78	24	37	12	71	0	37
 43735	77	78	24	37	12	72	0	37
 43780	76	77	24	37	12	73	0	37
 43826	76	77	24	37	12	74	0	37
 43871	76	76	24	37	12	74	0	37
 43917	76	76	24	37	12	75	0	37
 43962	75	76	24	37	12	76	0	37
 44007	75	75	24	37	12	77	0	38
 44053	74	75	24	37	12	78	0	37
 44098	74	75	24	37	12	78	0	37
 44143	74	74	24	37	12	79	0	37
 44189	73	74	24	37	12	80	0	37
 44234	73	74	24	37	12	81	0	37
 44279	73	73	24	37	12	81	0	37
 44325	72	73	24	37	12	82	0	37
 44370	72	72	24	37	12	83	0	37
 44415	71	72	24	37	12	84	0	37
 44461	71	71	24	37	12	84	0	37
 44506	70	71	24	37	12	85	0	37
 44552	70	71	24	37	12	86	0	37
 44597	70	70	24	37	12	87	0	37
 44642	69	70	24	37	12	87	0	37
 44688	69	70	24	37	12	88	0	37
 44733	69	69	24	37	12	89	0	37
 44778	68	69	24	37	12	90	0	37
 44824	68	68	24	37	12	90	0	37
 44869	68	68	24	37	12	91	0	37
 44914	67	68	24	37	12	92	0	37
 44960	67	67	24	37	12	93	0	37
 45005	66	67	24	37	12	93	0	37
 45050	67	67	25	45	12	94	0	37
 45096	72	66	24	45	12	95	0	37
 45141	86	66	24	45	12	96	0	37
 45187	103	66	24	45	12	96	0	37
 45302	98	72	24	43	12	98	0	37
 45347	90	76	24	43	12	99	0	37
 45393	83	77	24	43	12	100	0	37
 45438	79	77	24	43	12	101	0	37
 45483	77	76	24	43	12	101	0	37
 45529	75	74	24	43	12	102	0	37
 45574	78	72	24	43	12	103	0	37
 45620	90	71	24	43	12	104	0	37
 45665	106	70	24	43	12	104	0	37
 45710	105	71	24	43	12	105	0	37
 45756	105	74	24	43	12	106	0	37
 45801	106	77	24	43	12	107	0	37
 45846	107	80	24	43	12	107	0	37
 45892	107	81	24	43	12	108	0	37
 45937	106	82	24	43	12	109	0	37
 45982	105	83	24	43	12	110	0	37
 46032	105	83	25	47	12	110	0	37
 46073	106	84	25	47	12	111	0	37
 46118	106	84	24	47	12	112	0	37
 46164	106	84	25	47	12	113	0	37
 46209	107	84	25	47	12	113	0	37
 46255	106	85	25	47	12	114	0	37
 46300	105	85	25	47	12	115	0	37
 46345	106	85	25	43	12	116	0	37
 46391	100	86	25	43	12	116	0	37
 46436	93	86	25	43	12	117	0	37
 46481	89	86	25	43	12	118	0	37
 46527	86	85	25	43	12	119	0	37
 46572	88	84	25	43	12	119	0	37
 46618	97	82	25	43	12	120	0	37
 46663	107	81	25	43	12	121	0	37
 46708	104	81	26	43	12	122	0	37
 46753	105	83	25	43	12	123	0	37
 46803	107	86	25	47	12	123	0	37
 46844	106	87	24	23	13	64	0	37
 46889	107	88	24	23	13	65	0	37
 46935	108	89	24	23	13	66	0	37
 46980	107	89	24	23	13	66	0	37
 47026	106	89	24	23	13	67	0	37
 47071	107	89	24	23	13	68	0	37
 47116	106	90	24	23	13	69	0	38
 47162	105	90	24	23	13	69	0	38
 47207	105	90	25	19	13	70	0	38
 47252	100	91	25	19	13	71	0	38
 47298	95	91	25	19	13	72	0	38
 47343	92	90	25	19	13	72	0	38
 47388	91	89	25	19	13	73	0	38
 47434	95	88	25	19	13	74	0	38
 47524	105	86	24	19	13	75	0	38
 47570	107	87	24	23	13	76	0	38
 47615	107	89	24	23	13	77	0	38
 47661	106	90	24	23	13	78	0	38
 47706	108	91	24	23	13	78	0	38
 47751	108	91	24	23	13	79	0	38
 47797	107	92	24	23	13	80	0	38
 47842	107	92	24	23	13	81	0	38
 47887	107	92	24	23	13	81	0	38
 47933	107	92	24	23	13	82	0	38
 47978	106	93	24	23	13	83	0	38
 48023	105	93	24	23	13	84	0	38
 48069	102	93	24	19	13	84	0	38
 48114	97	93	24	19	13	85	0	38
 48159	93	92	25	19	13	86	0	38
 48205	93	91	24	19	13	87	0	38
 48250	98	90	24	19	13	87	0	38
 48295	106	89	24	19	13	88	0	38
 48341	107	88	24	19	13	89	0	38
 48386	106	89	24	23	13	90	0	38
 48432	107	91	24	23	13	90	0	38
 48477	108	92	25	23	13	91	0	38
 48522	107	93	24	23	13	92	0	38
 48568	108	93	25	23	13	93	0	38
 48613	108	93	24	31	13	94	0	38
 48658	107	94	24	31	13	94	0	38
 48704	108	94	24	31	13	95	0	38
 48749	106	93	24	31	13	96	0	38
 48794	107	94	25	31	13	97	0	38
 48840	107	94	25	31	13	97	0	38
 48885	105	94	24	31	13	98	0	38
 48930	101	94	24	27	13	99	0	38
 48976	97	93	25	27	13	100	0	39
 49021	93	92	25	27	13	100	0	39
 49067	92	91	24	27	13	101	0	39
 49112	98	89	25	27	13	102	0	39
 49157	106	87	24	27	13	103	0	39
 49203	107	87	24	27	13	103	0	39
 49248	107	88	24	31	13	104	0	39
 49293	106	89	24	31	13	105	0	39
 49339	107	91	24	31	13	106	0	39
 49384	108	92	24	31	13	106	0	39
 49429	107	92	24	31	13	107	0	39
 49475	108	92	24	31	13	108	0	39
 49520	107	92	25	31	13	109	0	39
 49565	107	92	25	31	13	109	0	39
 49611	107	92	25	31	13	110	0	39
 49656	107	92	25	31	13	111	0	39
 49702	106	91	25	31	13	112	0	39
 49747	105	91	25	31	13	112	0	39
 49792	103	91	25	27	13	113	0	39
 49838	97	91	25	27	13	114	0	39
 49883	92	90	25	27	13	115	0	39
 49928	90	89	25	27	13	115	0	39
 49974	92	87	24	27	13	116	0	39
 50019	100	85	25	27	13	117	0	39
 50064	105	84	25	27	13	118	0	39
 50110	106	84	25	27	13	118	0	39
 50155	107	86	24	31	13	119	0	39
 50200	106	87	25	31	13	120	0	39
 50246	106	89	25	31	13	121	0	39
 50291	107	89	25	31	13	121	0	39
 50336	107	90	25	31	13	122	0	39
 50382	106	90	25	31	13	123	0	39
 50427	106	90	25	55	14	64	0	39
 50472	107	90	25	55	14	65	0	39
 50518	106	90	25	55	14	65	0	39
 50563	106	90	25	55	14	66	0	39
 50609	105	90	25	55	14	67	0	39
 50654	100	89	25	51	14	68	0	39
 50700	94	89	25	51	14	68	0	39
 50745	89	88	25	51	14	69	0	39
 50790	88	86	25	51	14	70	0	39
 50835	93	84	25	51	14	71	0	39
 50881	104	82	25	51	14	71	0	39
 50926	104	81	25	51	14	72	0	39
 50971	105	83	25	51	14	73	0	39
 51017	106	85	25	55	14	74	0	38
 51062	106	87	25	55	14	74	0	38
 51107	106	88	25	55	14	75	0	38
 51157	107	88	25	55	14	76	0	39
 51202	107	89	25	55	14	77	0	38
 51244	106	89	25	55	14	77	0	38
 51289	106	89	25	55	14	78	0	38
 51334	106	90	25	55	14	79	0	38
 51380	106	90	25	55	14	80	0	38
 51425	106	90	25	55	14	80	0	38
 51470	103	90	25	51	14	81	0	38
 51561	93	91	25	51	14	83	0	38
 51652	91	88	25	51	14	84	0	38
 51697	99	86	25	51	14	85	0	38
 51742	105	85	25	51	14	86	0	38
 51788	106	85	26	51	14	86	0	38
 51833	107	87	26	55	14	87	0	38
 51878	106	90	25	55	14	88	0	38
 51924	107	91	25	55	14	89	0	38
 52014	107	93	25	55	14	90	0	38
 52060	108	93	25	55	14	91	0	38
 52105	106	94	25	55	14	92	0	38
 52151	107	94	25	55	14	92	0	38
 52196	106	95	25	55	14	93	0	38
 52241	107	94	25	63	14	94	0	38
 52332	107	94	25	63	14	96	0	38
 52377	106	94	25	63	14	96	0	38
 52423	104	94	25	59	14	97	0	38
 52468	99	94	25	59	14	98	0	38
 52513	96	94	25	59	14	99	0	38
 52563	94	93	25	59	14	99	0	38
 52604	97	92	24	59	14	100	0	38
 52649	105	90	25	59	14	101	0	38
 52695	106	89	25	59	14	102	0	38
 52740	107	90	25	63	14	102	0	38
 52785	107	92	25	63	14	103	0	38
 52831	107	94	26	63	14	104	0	38
 52876	108	94	25	63	14	105	0	38
 52922	108	95	25	63	14	105	0	38
 52967	108	95	25	63	14	106	0	37
 53012	108	95	25	63	14	107	0	38
 53058	108	96	25	63	14	108	0	37
 53103	107	96	25	63	14	108	0	37
 53148	106	96	25	63	14	109	0	37
 53194	106	96	25	63	14	110	0	37
 53239	107	96	26	63	14	111	0	37
 53284	106	95	26	63	14	111	0	37
 53330	106	95	26	63	14	112	0	37
 53375	107	95	26	63	14	113	0	37
 53420	106	95	26	63	14	114	0	37
 53466	103	95	26	59	14	114	0	37
 53511	99	96	26	59	14	115	0	37
 53557	96	95	26	59	14	116	0	37
 53602	96	94	26	59	14	117	0	37
 53647	100	92	26	59	14	117	0	37
 53693	106	91	26	59	14	118	0	37
 53738	107	90	26	59	14	119	0	37
 53783	107	92	26	63	14	120	0	37
 53829	107	93	25	63	14	120	0	37
 53874	107	94	26	63	14	121	0	37
 53919	107	95	25	63	14	122	0	37
 53965	107	95	25	63	14	123	0	37
 54010	107	94	25	63	14	123	0	37
 54055	105	94	26	37	15	64	0	37
 54101	99	94	25	37	15	65	0	37
 54146	95	94	25	37	15	66	0	37
 54192	92	93	26	37	15	66	0	37
 54237	90	90	26	37	15	67	0	37
 54282	88	88	25	37	15	68	0	37
 54328	86	86	26	37	15	69	0	37
 54373	84	85	25	37	15	70	0	37
 54418	83	84	26	37	15	70	0	37
 54464	81	82	26	37	15	71	0	37
 54509	80	80	25	37	15	72	0	37
 54554	79	79	25	37	15	73	0	37
 54600	78	78	25	37	15	73	0	37
 54645	76	77	25	37	15	74	0	37
 54690	75	75	25	37	15	75	0	37
 54736	74	74	26	37	15	76	0	37
 54781	73	73	25	37	15	76	0	37
 54826	72	72	25	37	15	77	0	37
 54872	71	71	25	37	15	78	0	37
 54920	70	70	25	37	15	79	0	37
 54963	69	70	25	37	15	79	0	37
 55008	69	69	26	37	15	80	0	37
 55053	68	69	26	37	15	81	0	37
 55099	67	68	25	37	15	82	0	37
 55144	67	67	26	37	15	82	0	37
 55189	66	67	25	37	15	83	0	37
 55235	66	66	25	37	15	84	0	37
 55280	65	65	25	37	15	85	0	37
 55325	65	65	25	37	15	85	0	37
 55371	64	65	25	37	15	86	0	37
 55416	64	64	26	37	15	87	0	37
 55461	64	64	25	37	15	88	0	36
 55511	63	63	25	37	15	88	0	37
 55552	63	63	25	37	15	89	0	36
 55598	63	63	26	37	15	90	0	37
 55643	62	63	25	37	15	91	0	37
 55688	63	63	25	37	15	91	0	36
 55734	62	62	26	37	15	92	0	36
 55779	62	62	25	37	15	93	0	36
 55824	61	61	25	45	15	94	0	36
 55870	63	61	25	45	15	94	0	36
 55915	73	61	25	45	15	95	0	36
 55960	89	60	26	45	15	96	0	36
 56051	107	64	25	45	15	97	0	36
 56096	98	69	26	41	15	98	0	36
 56142	89	73	25	41	15	99	0	36
 56187	82	75	25	41	15	100	0	36
 56232	76	74	25	41	15	100	0	36
 56278	72	71	25	41	15	101	0	36
 56323	69	68	25	41	15	102	0	36
 56369	71	66	25	41	15	103	0	36
 56414	82	65	25	41	15	104	0	36
 56459	100	64	25	41	15	104	0	36
 56505	105	64	25	41	15	105	0	36
 56550	106	67	25	41	15	106	0	36
 56595	107	72	25	41	15	107	0	36
 56641	104	75	25	41	15	107	0	36
 56686	107	76	25	41	15	108	0	36
 56735	106	77	25	41	15	109	0	36
 56777	105	77	25	41	15	110	0	36
 56822	106	78	25	41	15	110	0	36
 56867	104	78	25	41	15	111	0	36
 56913	104	78	25	41	15	112	0	36
 56958	105	78	25	45	15	113	0	36
 57003	104	78	25	45	15	113	0	36
 57049	106	79	26	45	15	114	0	36
 57098	105	79	25	45	15	115	0	36
 57140	106	80	25	45	15	116	0	36
 57185	105	81	25	45	15	116	0	36
 57230	104	81	26	45	15	117	0	36
 57276	101	82	26	41	15	118	0	36
 57321	93	82	25	41	15	119	0	36
 57366	87	83	26	41	15	119	0	36
 57412	83	82	26	41	15	120	0	36
 57457	82	80	26	41	15	121	0	36
 57502	87	79	25	41	15	122	0	36
 57548	99	78	26	41	15	122	0	36
 57593	104	77	25	41	15	123	0	36
 57638	105	80	25	49	16	64	0	36
 57684	99	82	25	53	16	65	0	37
 57729	91	84	25	53	16	65	0	37
 57775	87	85	26	53	16	66	0	37
 57820	84	84	26	53	16	67	0	37
 57865	82	82	26	53	16	68	0	37
 57911	81	81	26	53	16	68	0	37
 57956	79	80	26	53	16	69	0	37
 58001	79	79	26	53	16	70	0	37
 58047	78	78	26	53	16	71	0	37
 58092	77	77	26	53	16	71	0	37
 58137	76	77	26	53	16	72	0	37
 58183	75	76	26	53	16	73	0	37
 58232	75	75	26	53	16	74	0	37
 58273	75	75	26	53	16	74	0	37
 58319	74	74	26	53	16	75	0	37
 58364	74	74	25	53	16	76	0	37
 58410	74	74	26	53	16	77	0	37
 58455	73	74	25	53	16	78	0	37
 58500	73	73	26	53	16	78	0	37
 58546	72	73	25	53	16	79	0	37
 58591	72	72	26	53	16	80	0	37
 58636	71	72	25	53	16	81	0	37
 58682	71	71	26	53	16	81	0	37
 58727	70	71	25	53	16	82	0	37
 58772	70	70	26	53	16	83	0	37
 58818	70	70	25	53	16	84	0	37
 58863	69	70	25	53	16	84	0	37
 58908	69	69	26	53	16	85	0	37
 58954	69	69	26	53	16	86	0	37
 58999	68	68	26	53	16	87	0	37
 59045	68	68	25	53	16	87	0	37
 59090	67	68	26	53	16	88	0	37
 59135	67	68	25	53	16	89	0	37
 59181	67	67	25	53	16	90	0	37
 59271	66	66	25	53	16	91	0	37
 59321	66	66	26	53	16	92	0	37
 59362	65	66	25	53	16	93	0	37
 59453	65	65	25	61	16	94	0	37
 59498	72	65	26	61	16	95	0	37
 59543	87	64	25	61	16	96	0	37
 59589	105	65	25	61	16	96	0	37
 59634	105	67	25	61	16	97	0	37
 59679	105	72	25	61	16	98	0	37
 59725	107	77	25	61	16	99	0	36
 59770	104	80	25	57	16	99	0	36
 59815	95	81	26	57	16	100	0	36
 59861	88	81	25	57	16	101	0	36
 59906	82	80	26	57	16	102	0	36
 59952	78	78	25	57	16	102	0	36
 59997	76	75	26	57	16	103	0	36
 60042	80	73	26	57	16	104	0	36
 60088	92	72	25	57	16	105	0	36
 60133	105	71	25	57	16	105	0	36
 60178	104	73	25	57	16	106	0	36
 60224	105	76	26	57	16	107	0	36
 60269	106	80	26	61	16	108	0	36
 60360	106	83	26	61	16	109	0	36
 60405	106	83	26	61	16	110	0	36
 60450	105	83	25	61	16	111	0	36
 60496	106	83	25	61	16	112	0	36
 60541	105	83	25	61	16	112	0	36
 60587	105	83	26	61	16	113	0	36
 60636	103	83	25	57	16	114	0	37
 60677	95	83	25	57	16	115	0	36
 60723	89	83	26	57	16	115	0	36
 60768	84	82	26	57	16	116	0	37
 60813	83	81	26	57	16	117	0	37
 60859	88	79	26	57	16	118	0	37
 60904	101	77	26	57	16	118	0	37
 60949	104	77	26	57	16	119	0	37
 60995	105	78	26	57	16	120	0	37
 61040	105	81	25	57	16	121	0	37
 61085	105	83	26	61	16	121	0	37
 61131	105	84	26	61	16	122	0	37
 61176	105	85	25	61	16	123	0	37
 61222	106	85	25	39	17	64	0	37
 61267	106	86	25	39	17	64	0	37
 61312	105	86	25	39	17	65	0	37
 61358	106	86	25	39	17	66	0	37
 61403	105	86	26	39	17	67	0	37
 61448	103	86	26	35	17	67	0	37
 61494	97	86	25	35	17	68	0	37
 61539	91	86	26	35	17	69	0	37
 61584	87	86	25	35	17	70	0	37
 61630	86	84	26	35	17	70	0	37
 61675	90	82	26	35	17	71	0	37
 61766	104	80	26	35	17	73	0	37
 61811	106	82	26	35	17	73	0	37
 61856	106	84	26	39	17	74	0	37
 61902	105	86	26	39	17	75	0	37
 61947	105	86	26	39	17	76	0	37
 61993	106	87	26	39	17	76	0	37
 62083	106	88	26	39	17	78	0	37
 62129	105	88	25	39	17	79	0	37
 62174	106	88	26	39	17	79	0	37
 62219	105	89	26	39	17	80	0	37
 62265	104	89	25	39	17	81	0	37
 62310	98	89	25	35	17	82	0	37
 62355	93	89	26	35	17	83	0	37
 62401	89	88	26	35	17	83	0	37
 62446	89	86	25	35	17	84	0	37
 62491	94	85	25	35	17	85	0	37
 62537	104	83	25	35	17	86	0	37
 62582	104	83	25	35	17	86	0	37
 62627	105	84	25	39	17	87	0	37
 62673	105	87	25	39	17	88	0	37
 62718	106	88	26	39	17	89	0	37
 62764	106	89	26	39	17	89	0	37
 62809	106	90	26	39	17	90	0	37
 62903	106	90	26	39	17	92	0	37
 62945	106	91	26	39	17	92	0	37
 62990	106	91	26	39	17	93	0	37
 63036	106	91	26	47	17	94	0	38
 63081	106	91	26	47	17	95	0	38
 63126	105	91	26	47	17	96	0	37
 63172	102	91	26	43	17	96	0	38
 63217	96	92	26	43	17	97	0	38
 63262	92	91	26	43	17	98	0	38
 63353	94	88	26	43	17	99	0	38
 63398	103	87	26	43	17	100	0	38
 63444	105	86	26	43	17	101	0	38
 63489	106	87	26	47	17	102	0	38
 63535	107	89	26	47	17	102	0	38
 63580	106	90	26	47	17	103	0	38
 63625	106	91	26	47	17	104	0	38
 63671	106	92	26	47	17	105	0	38
 63716	106	92	26	47	17	105	0	38
 63761	107	92	26	47	17	106	0	38
 63852	107	92	26	47	17	108	0	38
 63897	107	92	26	47	17	108	0	38
 63943	106	92	26	47	17	109	0	38
 63988	105	92	26	47	17	110	0	38
 64033	104	93	26	47	17	111	0	38
 64079	102	92	27	43	17	111	0	38
 64124	97	92	26	43	17	112	0	38
 64169	93	91	27	43	17	113	0	38
 64215	92	90	26	43	17	114	0	38
 64260	95	89	26	43	17	114	0	38
 64306	103	87	26	43	17	115	0	38
 64351	105	86	26	43	17	116	0	38
 64396	106	87	26	47	17	117	0	38
 64442	106	89	26	47	17	117	0	38
 64487	107	91	26	47	17	118	0	38
 64532	107	91	26	47	17	119	0	38
 64578	107	92	26	47	17	120	0	38
 64623	107	92	26	47	17	120	0	38
 64668	107	92	26	47	17	121	0	38
 64714	106	92	26	47	17	122	0	38
 64759	106	92	26	47	17	123	0	38
 64804	105	92	26	47	17	123	0	38
 64850	105	92	26	23	18	64	0	38
 64895	106	92	26	23	18	65	0	38
 64941	105	91	26	23	18	66	0	38
 64986	102	91	26	19	18	66	0	38
 65031	97	91	26	19	18	67	0	37
 65077	93	91	26	19	18	68	0	37
 65122	91	90	26	19	18	69	0	37
 65167	94	88	26	19	18	70	0	37
 65213	103	86	26	19	18	70	0	37
 65258	104	86	26	19	18	71	0	37
 65303	106	86	26	23	18	72	0	37
 65349	105	88	25	23	18	73	0	37
 65394	106	90	26	23	18	73	0	37
 65439	106	90	26	23	18	74	0	37
 65485	106	91	26	23	18	75	0	37
 65530	106	90	26	23	18	76	0	37
 65575	106	91	26	23	18	76	0	37
 65621	105	91	26	23	18	77	0	37
 65666	106	91	26	23	18	78	0	37
 65712	105	91	26	23	18	79	0	37
 65757	105	91	26	23	18	79	0	37
 65802	105	91	26	23	18	80	0	37
 65848	105	91	26	23	18	81	0	37
 65893	101	91	26	19	18	82	0	37
 65942	95	90	26	19	18	82	0	37
 65984	91	90	26	19	18	83	0	37
 66029	90	89	26	19	18	84	0	37
 66074	94	87	26	19	18	85	0	37
 66120	103	85	26	19	18	85	0	37
 66165	104	85	26	19	18	86	0	37
 66210	105	86	26	23	18	87	0	37
 66256	106	88	26	23	18	88	0	37
 66305	105	90	26	23	18	88	0	37
 66346	105	91	26	23	18	89	0	37
 66392	106	91	26	23	18	90	0	37
 66437	105	91	26	23	18	91	0	37
 66483	106	91	26	23	18	91	0	37
 66528	105	91	26	23	18	92	0	37
 66664	105	91	26	31	18	94	0	37
 66709	105	91	26	31	18	95	0	37
 66755	105	91	26	31	18	96	0	37
 66800	102	91	26	27	18	97	0	37
 66845	96	91	26	27	18	97	0	37
 66891	92	90	26	27	18	98	0	37
 66936	90	89	26	27	18	99	0	37
 66981	93	87	26	27	18	100	0	37
 67027	102	85	26	27	18	100	0	37
 67072	104	84	26	27	18	101	0	37
 67117	105	85	26	31	18	102	0	37
 67163	106	87	26	31	18	103	0	37
 67208	106	89	26	31	18	104	0	37
 67254	105	90	26	31	18	104	0	37
 67299	107	90	26	31	18	105	0	37
 67344	105	89	26	31	18	106	0	37
 67390	105	87	26	31	18	107	0	37
 67435	105	87	26	31	18	107	0	37
 67480	105	85	26	31	18	108	0	37
 67526	104	83	26	31	18	109	0	37
 67572	103	81	26	31	18	110	0	37
 67616	104	79	26	27	18	110	0	37
 67662	96	79	26	27	18	111	0	37
 67707	87	78	26	27	18	112	0	37
 67752	81	77	26	27	18	113	0	37
 67798	77	76	26	27	18	113	0	37
 67843	78	73	26	27	18	114	0	37
 67889	88	71	26	27	18	115	0	37
 67934	103	70	26	27	18	116	0	37
 67979	103	71	26	27	18	116	0	37
 68025	104	75	26	27	18	117	0	37
 68070	105	79	27	27	18	118	0	37
 68116	105	83	26	31	18	119	0	37
 68161	105	85	26	31	18	119	0	37
 68206	104	87	26	31	18	120	0	37
 68251	105	88	26	31	18	121	0	37
 68297	106	89	26	31	18	122	0	37
 68342	106	89	26	31	18	122	0	37
 68387	105	89	26	31	18	123	0	37
 68433	107	90	26	39	19	64	0	37
 68478	106	89	26	39	19	65	0	37
 68524	105	89	26	39	19	65	0	37
 68569	103	90	26	35	19	66	0	37
 68614	98	90	26	35	19	67	0	37
 68660	93	90	26	35	19	68	0	37
 68705	90	89	26	35	19	68	0	37
 68750	90	88	26	35	19	69	0	36
 68796	96	87	26	35	19	70	0	36
 68841	104	85	26	35	19	71	0	36
 68886	105	85	26	35	19	71	0	36
 68932	105	87	26	39	19	72	0	37
 68977	106	88	26	39	19	73	0	37
 69022	106	90	26	39	19	74	0	36
 69068	106	90	26	39	19	74	0	36
 69113	107	91	26	39	19	75	0	36
 69159	106	91	26	39	19	76	0	36
 69204	106	91	26	39	19	77	0	36
 69249	105	91	26	39	19	78	0	36
 69295	106	91	26	39	19	78	0	36
 69340	106	90	26	39	19	79	0	36
 69385	105	90	26	39	19	80	0	36
 69431	103	90	26	39	19	81	0	36
 69476	99	90	26	35	19	81	0	36
 69521	94	90	26	35	19	82	0	36
 69567	90	89	26	35	19	83	0	36
 69612	90	88	26	35	19	84	0	36
 69657	95	87	26	35	19	84	0	36
 69703	104	85	26	35	19	85	0	36
 69748	105	85	26	35	19	86	0	36
 69793	106	85	26	39	19	87	0	36
 69839	105	88	26	39	19	87	0	36
 69884	107	89	26	39	19	88	0	36
 69930	106	90	26	39	19	89	0	36
 69975	106	90	26	39	19	90	0	36
 70066	107	90	26	39	19	91	0	36
 70111	105	90	26	39	19	92	0	36
 70156	106	90	26	39	19	93	0	36
 70202	106	90	26	39	19	93	0	36
 70247	104	90	26	47	19	94	0	36
 70292	102	90	26	43	19	95	0	36
 70338	97	90	26	43	19	96	0	36
 70383	92	89	26	43	19	96	0	36
 70428	89	89	26	43	19	97	0	36
 70474	91	87	26	43	19	98	0	36
 70519	98	85	26	43	19	99	0	36
 70564	105	84	26	43	19	99	0	36
 70610	106	84	26	43	19	100	0	36
 70655	106	86	27	47	19	101	0	36
 70701	106	88	26	47	19	102	0	36
 70746	107	89	26	47	19	102	0	36
 70791	107	89	26	47	19	103	0	36
 70837	106	90	26	47	19	104	0	36
 70882	106	89	26	47	19	105	0	36
 70927	106	89	26	47	19	105	0	36
 70973	106	90	26	47	19	106	0	36
 71018	106	89	26	47	19	107	0	36
 71063	105	89	26	47	19	108	0	36
 71109	103	89	26	43	19	108	0	36
 71154	98	89	26	43	19	109	0	36
 71199	92	89	26	43	19	110	0	36
 71245	89	88	27	43	19	111	0	36
 71290	88	86	26	43	19	112	0	36
 71335	94	85	26	43	19	112	0	36
 71381	104	83	26	43	19	113	0	36
 71427	104	82	26	43	19	114	0	36
 71472	105	83	26	43	19	115	0	36
 71517	105	86	26	47	19	115	0	36
 71562	106	87	26	47	19	116	0	36
 71608	106	88	26	47	19	117	0	36
 71653	106	88	26	47	19	118	0	36
 71698	106	88	26	47	19	118	0	36
 71744	106	88	26	47	19	119	0	36
 71789	106	88	26	47	19	120	0	36
 71834	106	88	26	47	19	121	0	36
 71880	104	88	26	47	19	121	0	36
 71925	101	88	26	43	19	122	0	36
 71970	95	88	26	43	19	123	0	36
 72016	90	87	27	19	20	64	0	36
 72061	87	86	26	19	20	64	0	36
 72106	88	85	26	19	20	65	0	36
 72152	95	83	26	19	20	66	0	36
 72197	105	82	26	19	20	67	0	37
 72243	105	82	26	19	20	67	0	36
 72288	105	83	26	23	20	68	0	36
 72333	105	85	26	23	20	69	0	36
 72379	106	87	26	23	20	70	0	36
 72424	106	88	26	23	20	70	0	36
 72469	106	88	26	23	20	71	0	37
 72515	105	88	26	23	20	72	0	36
 72560	106	88	26	23	20	73	0	36
 72605	106	88	26	23	20	73	0	36
 72651	106	88	27	23	20	74	0	37
 72696	104	89	26	23	20	75	0	37
 72741	101	88	26	19	20	76	0	37
 72787	95	89	26	19	20	76	0	37
 72836	90	88	26	19	20	77	0	37
 72878	88	88	26	19	20	78	0	37
 72923	90	86	26	19	20	79	0	37
 72968	99	84	26	19	20	79	0	37
 73014	105	83	26	19	20	80	0	37
 73059	105	83	26	19	20	81	0	36
 73104	106	85	26	23	20	82	0	36
 73150	106	88	26	23	20	83	0	36
 73195	105	89	26	23	20	83	0	36
 73240	107	89	26	23	20	84	0	36
 73286	107	90	26	23	20	85	0	36
 73331	106	90	26	23	20	86	0	37
 73422	106	90	26	23	20	87	0	37
 73467	105	90	26	23	20	88	0	37
 73512	104	90	26	23	20	89	0	37
 73558	103	90	26	19	20	89	0	37
 73603	97	90	26	19	20	90	0	37
 73648	92	89	26	19	20	91	0	37
 73694	90	89	26	19	20	92	0	37
 73739	90	88	26	19	20	92	0	37
 73785	97	86	26	19	20	93	0	37
 73830	105	85	26	27	20	94	0	37
 73875	105	84	26	27	20	95	0	37
 73921	106	86	26	31	20	95	0	37
 73966	105	88	27	31	20	96	0	37
 74011	105	90	27	31	20	97	0	37
 74057	105	90	26	31	20	98	0	37
 74102	107	90	27	31	20	98	0	37
 74147	106	90	27	31	20	99	0	37
 74193	106	90	27	31	20	100	0	37
 74238	107	90	27	31	20	101	0	37
 74283	105	91	27	31	20	101	0	37
 74329	106	90	27	31	20	102	0	37
 74374	105	90	27	31	20	103	0	36
 74420	101	91	26	27	20	104	0	37
 74465	95	90	26	27	20	104	0	37
 74510	91	90	26	27	20	105	0	37
 74556	90	89	27	27	20	106	0	37
 74601	93	87	26	27	20	107	0	37
 74646	102	86	26	27	20	107	0	37
 74692	104	85	26	27	20	108	0	37
 74737	105	85	27	31	20	109	0	37
 74782	107	87	26	31	20	110	0	37
 74828	105	89	26	31	20	110	0	37
 74873	106	90	26	31	20	111	0	36
 74918	107	91	26	31	20	112	0	36
 74964	106	90	26	31	20	113	0	36
 75009	106	90	26	31	20	113	0	37
 75054	106	91	26	31	20	114	0	36
 75100	105	90	26	31	20	115	0	37
 75145	106	90	26	31	20	116	0	37
 75191	105	90	26	31	20	117	0	37
 75236	103	90	26	27	20	117	0	37
 75281	98	90	26	27	20	118	0	37
 75327	93	90	26	27	20	119	0	37
 75372	90	89	26	27	20	120	0	37
 75417	90	88	26	27	20	120	0	37
 75463	96	86	26	27	20	121	0	37
 75508	104	85	26	27	20	122	0	37
 75553	105	84	26	27	20	123	0	37
 75599	105	85	26	31	20	123	0	37
 75644	105	87	26	23	21	64	0	37
 75689	107	89	26	23	21	65	0	37
 75735	105	89	26	23	21	66	0	37
 75780	106	90	26	23	21	66	0	37
 75828	106	90	26	23	21	67	0	37
 75871	105	90	26	23	21	68	0	37
 75916	106	90	26	23	21	69	0	37
 75962	106	90	26	23	21	69	0	37
 76007	105	90	26	23	21	70	0	37
 76052	104	90	26	23	21	71	0	37
 76107	95	86	26	19	21	72	0	37
 76143	88	83	26	19	21	72	0	37
 76188	82	81	26	19	21	73	0	37
 76234	83	78	26	19	21	74	0	37
 76279	91	75	26	19	21	75	0	37
 76324	104	74	26	19	21	75	0	37
 76370	104	73	26	19	21	76	0	37
 76415	105	75	26	19	21	77	0	37
 76460	103	77	26	19	21	78	0	37
 76506	103	79	26	19	21	78	0	37
 76551	104	80	26	19	21	79	0	37
 76597	104	80	26	23	21	80	0	37
 76642	105	81	26	23	21	81	0	37
 76687	105	81	26	23	21	81	0	37
 76733	105	82	26	23	21	82	0	37
 76778	104	83	26	23	21	83	0	37
 76823	103	83	26	23	21	84	0	37
 76869	104	84	26	23	21	84	0	37
 76914	105	84	26	19	21	85	0	37
 76959	99	85	26	19	21	86	0	37
 77005	92	85	26	19	21	87	0	37
 77050	87	85	26	19	21	87	0	37
 77095	86	84	26	19	21	88	0	36
 77141	89	84	26	19	21	89	0	37
 77186	99	83	26	19	21	90	0	37
 77231	104	82	26	19	21	91	0	37
 77277	105	83	26	19	21	91	0	37
 77322	105	85	26	23	21	92	0	37
 77367	104	86	26	23	21	93	0	37
 77413	105	87	26	31	21	94	0	36
 77458	106	87	26	31	21	94	0	37
 77504	106	88	26	31	21	95	0	36
 77549	105	87	26	31	21	96	0	36
 77594	105	88	26	31	21	97	0	37
 77640	106	88	26	31	21	97	0	37
 77685	105	88	26	31	21	98	0	36
 77730	104	88	26	31	21	99	0	37
 77776	99	89	26	27	21	100	0	37
 77821	94	88	26	27	21	100	0	36
 77866	90	88	26	27	21	101	0	36
 77912	88	87	26	27	21	102	0	36
 77957	91	86	26	27	21	103	0	36
 78048	104	84	26	27	21	104	0	36
 78093	105	85	26	27	21	105	0	36
 78138	106	87	26	31	21	106	0	36
 78184	105	88	26	31	21	106	0	36
 78229	106	89	26	31	21	107	0	36
 78275	107	89	26	31	21	108	0	36
 78320	105	89	26	31	21	109	0	36
 78411	106	89	26	31	21	110	0	36
 78456	106	89	26	31	21	111	0	36
 78501	105	89	26	31	21	112	0	36
 78547	104	89	26	31	21	112	0	36
 78592	100	89	26	27	21	113	0	36
 78637	94	89	26	27	21	114	0	36
 78683	90	89	26	27	21	115	0	36
 78737	89	87	26	27	21	116	0	36
 78773	91	86	26	27	21	116	0	36
 78819	100	85	26	27	21	117	0	36
 78864	104	84	26	27	21	118	0	36
 78909	105	85	26	27	21	118	0	36
 78955	106	87	26	31	21	119	0	36
 79000	106	89	26	31	21	120	0	36
 79045	105	90	26	31	21	121	0	36
 79091	107	90	26	31	21	121	0	36
 79136	106	90	26	31	21	122	0	36
 79182	106	90	26	31	21	123	0	36
 79227	106	90	26	22	22	64	0	36
 79272	105	90	26	22	22	65	0	37
 79318	106	90	26	22	22	65	0	37
 79363	105	89	26	22	22	66	0	37
 79408	103	90	26	22	22	67	0	37
 79454	98	90	27	18	22	68	0	37
 79499	93	89	26	18	22	68	0	37
 79544	90	89	26	18	22	69	0	36
 79590	90	88	27	18	22	70	0	36
 79635	95	86	27	18	22	71	0	37
 79680	103	85	27	18	22	71	0	36
 79726	105	84	27	18	22	72	0	37
 79771	105	86	26	22	22	73	0	36
 79816	105	88	27	22	22	74	0	37
 79862	106	89	27	22	22	74	0	36
 79907	105	90	27	22	22	75	0	36
 79953	105	90	27	22	22	76	0	36
 79998	106	90	27	22	22	77	0	36
 80043	106	90	27	22	22	77	0	36
 80134	106	90	26	22	22	79	0	36
 80179	105	90	27	22	22	80	0	36
 80225	105	90	27	22	22	80	0	36
 80270	104	90	27	18	22	81	0	37
 80315	98	90	27	18	22	82	0	37
 80361	93	90	27	18	22	83	0	37
 80406	90	89	27	18	22	83	0	36
 80451	90	88	27	18	22	84	0	37
 80497	96	87	27	18	22	85	0	37
 80542	104	85	27	18	22	86	0	37
 80588	105	85	27	18	22	86	0	36
 80633	105	86	27	22	22	87	0	36
 80678	105	88	27	22	22	88	0	36
 80724	106	89	27	22	22	89	0	37
 80769	105	89	27	22	22	89	0	37
 80814	105	89	27	22	22	90	0	37
 80860	106	89	27	22	22	91	0	37
 80905	106	89	27	22	22	92	0	37
 80950	105	89	27	22	22	92	0	37
 80996	105	88	26	22	22	93	0	37
 81041	104	88	27	30	22	94	0	37
 81087	98	88	27	30	22	95	0	37
 81132	92	88	26	26	22	96	0	37
 81177	88	87	27	26	22	96	0	37
 81223	86	86	26	26	22	97	0	37
 81268	84	84	27	26	22	98	0	37
 81313	82	82	27	26	22	99	0	37
 81359	80	81	27	26	22	99	0	37
 81404	79	80	27	30	22	100	0	37
 81449	78	79	27	30	22	101	0	37
 81495	78	78	27	30	22	102	0	37
 81540	77	77	27	30	22	102	0	37
 81585	76	76	27	30	22	103	0	37
 81631	75	76	26	30	22	104	0	37
 81676	75	75	27	30	22	105	0	37
 81722	74	75	27	30	22	105	0	37
 81767	74	74	27	30	22	106	0	37
 81812	73	74	27	30	22	107	0	37
 81858	73	73	27	30	22	108	0	36
 81903	73	73	27	30	22	108	0	37
 81948	72	72	26	30	22	109	0	37
 81994	72	72	26	30	22	110	0	37
 82039	71	72	27	30	22	111	0	37
 82084	71	72	26	30	22	111	0	36
 82130	71	71	26	30	22	112	0	37
 82175	71	71	26	30	22	113	0	36
 82220	70	70	27	30	22	114	0	36
 82269	70	70	27	30	22	114	0	36
 82311	70	70	27	30	22	115	0	36
 82356	69	69	27	30	22	116	0	36
 82402	69	69	27	30	22	117	0	36
 82447	69	69	27	30	22	117	0	36
 82492	68	68	27	30	22	118	0	36
 82538	68	68	27	30	22	119	0	36
 82583	67	68	27	30	22	120	0	36
 82629	67	67	27	30	22	120	0	36
 82674	67	67	27	30	22	121	0	36
 82719	66	67	27	30	22	122	0	36
 82765	66	66	27	30	22	123	0	36
 82810	66	66	27	30	22	123	0	36
 82855	66	66	27	52	23	64	0	36
 82901	65	66	27	52	23	65	0	36
 82946	65	65	27	52	23	66	0	36
 82992	65	65	27	52	23	66	0	36
 83037	64	65	27	52	23	67	0	36
 83082	64	64	27	52	23	68	0	36
 83127	64	64	27	52	23	69	0	36
 83173	63	64	27	52	23	70	0	36
 83218	63	63	27	52	23	70	0	36
 83264	63	63	27	52	23	71	0	36
 83309	63	62	27	52	23	72	0	36
 83354	62	62	27	52	23	73	0	36
 83400	62	62	27	52	23	73	0	36
 83445	61	61	27	52	23	74	0	36
 83490	61	61	27	52	23	75	0	36
 83536	60	60	27	52	23	76	0	36
 83581	60	60	27	52	23	76	0	36
 83626	60	60	27	52	23	77	0	36
 83672	59	60	27	52	23	78	0	36
 83717	59	59	27	52	23	79	0	36
 83808	59	59	27	52	23	80	0	36
 83898	58	58	27	52	23	82	0	36
 83944	58	58	27	52	23	82	0	36
 83989	58	58	27	52	23	83	0	35
 84034	57	57	27	52	23	84	0	36
 84080	57	57	27	52	23	85	0	36
 84125	57	57	27	52	23	85	0	35
 84171	57	57	27	52	23	86	0	35
 84216	56	56	27	52	23	87	0	35
 84261	56	56	27	52	23	88	0	35
 84307	56	56	27	52	23	88	0	35
 84352	56	56	27	52	23	89	0	35
 84397	55	55	27	52	23	90	0	35
 84443	55	55	27	52	23	91	0	35
 84488	55	55	27	52	23	91	0	35
 84533	55	55	27	52	23	92	0	35
 84579	55	54	27	52	23	93	0	35
 84624	54	54	27	60	23	94	0	35
 84669	54	54	27	60	23	94	0	35
 84715	54	54	27	60	23	95	0	35
 84760	54	53	27	60	23	96	0	35
 84805	53	53	27	60	23	97	0	35
 84851	53	53	27	60	23	97	0	35
 84896	53	53	27	60	23	98	0	35
 84942	53	53	27	60	23	99	0	35
 84987	53	53	27	60	23	100	0	35
 85032	53	52	27	60	23	100	0	35
 85081	52	52	27	60	23	101	0	35
 85123	52	52	27	60	23	102	0	35
 85168	52	52	27	60	23	103	0	35
 85259	52	51	27	60	23	104	0	35
 85304	51	51	27	60	23	105	0	35
 85350	51	51	27	60	23	106	0	35
 85395	51	51	28	60	23	107	0	35
 85440	51	51	27	60	23	107	0	35
 85486	51	51	27	60	23	108	0	35
 85531	50	50	27	60	23	109	0	35
 85576	50	50	27	60	23	110	0	35
 85622	50	50	27	60	23	110	0	35
 85667	50	50	27	60	23	111	0	35
 85713	50	50	27	60	23	112	0	35
 85758	50	49	27	60	23	113	0	35
 85803	50	49	27	60	23	113	0	35
 85849	49	49	27	60	23	114	0	35
 85894	49	49	27	60	23	115	0	35
 85939	49	49	27	60	23	116	0	35
 85985	49	49	27	60	23	116	0	35
 86030	49	49	27	60	23	117	0	35
 86075	49	48	27	60	23	118	0	35
 86121	48	48	27	60	23	119	0	35
 86166	48	48	28	60	23	119	0	35
 86211	48	48	27	60	23	120	0	35
 86257	48	48	27	60	23	121	0	34
 86302	48	48	27	60	23	122	0	35
 86393	48	47	27	60	23	123	0	35
