HomeCentral
 Falkenstrasse 20
 8630 Rueti
 Datum: 21.08.14 00:00
 
 Startzeit: 2014-08-21 00:00:19 +0100
 106	34	34	61	4	0	65	0	39
 196	34	34	61	4	0	67	0	39
 242	34	34	61	4	0	67	0	39
 290	34	34	61	4	0	68	0	40
 333	34	34	62	4	0	69	0	40
 378	34	34	62	4	0	70	0	39
 423	34	34	62	4	0	70	0	40
 469	34	34	62	4	0	71	0	40
 514	34	34	62	4	0	72	0	40
 559	34	34	62	4	0	73	0	40
 605	34	34	62	4	0	73	0	40
 650	34	34	62	4	0	74	0	40
 695	34	34	62	4	0	75	0	40
 741	34	34	62	4	0	76	0	40
 786	34	34	62	4	0	76	0	40
 831	34	34	62	4	0	77	0	40
 877	34	34	62	4	0	78	0	39
 922	34	34	62	4	0	79	0	40
 968	34	34	62	4	0	80	0	40
 1013	34	34	62	4	0	80	0	40
 1058	34	34	62	4	0	81	0	40
 1104	34	34	62	4	0	82	0	40
 1149	34	34	62	4	0	83	0	40
 1194	34	34	62	4	0	83	0	40
 1240	34	34	62	4	0	84	0	40
 1285	34	34	62	4	0	85	0	40
 1330	34	34	62	4	0	86	0	40
 1376	34	34	62	4	0	86	0	40
 1425	34	34	62	4	0	87	0	40
 1466	34	34	62	4	0	88	0	40
 1512	34	34	62	4	0	89	0	40
 1557	34	34	62	4	0	89	0	40
 1602	34	34	61	4	0	90	0	40
 1648	34	34	62	4	0	91	0	40
 1693	34	34	62	4	0	92	0	40
 1738	34	34	62	4	0	92	0	40
 1784	34	34	61	4	0	93	0	40
 1829	34	34	62	12	0	94	0	40
 1874	34	34	61	12	0	95	0	40
 1965	34	34	62	12	0	96	0	40
 2010	34	34	63	12	0	97	0	40
 2056	34	34	62	12	0	98	0	40
 2101	34	34	62	12	0	98	0	40
 2147	34	34	62	12	0	99	0	40
 2192	34	34	62	12	0	100	0	40
 2237	34	34	62	12	0	101	0	40
 2283	34	34	62	12	0	101	0	40
 2328	34	34	62	12	0	102	0	40
 2373	34	34	62	12	0	103	0	40
 2419	34	34	62	12	0	104	0	40
 2464	34	34	62	12	0	104	0	40
 2509	34	34	62	12	0	105	0	40
 2555	34	34	62	12	0	106	0	40
 2600	34	34	61	12	0	107	0	40
 2645	34	34	61	12	0	107	0	40
 2691	34	34	61	12	0	108	0	40
 2736	34	34	61	12	0	109	0	40
 2782	34	34	61	12	0	110	0	40
 2827	34	34	62	12	0	110	0	40
 2872	34	34	61	12	0	111	0	40
 2918	34	34	61	12	0	112	0	40
 2963	34	34	61	12	0	113	0	40
 3008	34	34	61	12	0	113	0	40
 3054	34	34	61	12	0	114	0	40
 3099	34	34	61	12	0	115	0	40
 3144	34	34	61	12	0	116	0	40
 3190	34	34	61	12	0	117	0	40
 3235	34	34	61	12	0	117	0	40
 3280	34	34	61	12	0	118	0	40
 3326	34	34	61	12	0	119	0	40
 3371	34	34	61	12	0	120	0	40
 3416	34	34	61	12	0	120	0	40
 3462	34	34	61	12	0	121	0	40
 3507	34	34	61	12	0	122	0	40
 3553	34	34	61	12	0	123	0	40
 3598	34	34	61	12	0	123	0	40
 3643	34	34	61	4	1	64	0	40
 3689	34	34	61	4	1	65	0	40
 3734	34	34	61	4	1	66	0	40
 3779	34	34	61	4	1	66	0	40
 3825	34	34	61	4	1	67	0	40
 3870	34	34	61	4	1	68	0	40
 3915	34	34	61	4	1	69	0	40
 3961	34	34	61	4	1	69	0	40
 4006	34	34	61	4	1	70	0	40
 4051	34	34	61	4	1	71	0	40
 4097	34	34	61	4	1	72	0	40
 4142	34	34	61	4	1	72	0	40
 4188	34	34	61	4	1	73	0	40
 4233	34	34	61	4	1	74	0	40
 4278	34	34	61	4	1	75	0	40
 4324	34	34	61	4	1	75	0	40
 4369	34	34	61	4	1	76	0	40
 4414	34	34	61	4	1	77	0	40
 4460	34	34	60	4	1	78	0	40
 4505	34	34	60	4	1	78	0	40
 4550	34	34	60	4	1	79	0	40
 4596	34	34	60	4	1	80	0	39
 4641	34	34	60	4	1	81	0	39
 4686	34	34	60	4	1	81	0	39
 4732	34	34	60	4	1	82	0	40
 4777	34	34	60	4	1	83	0	40
 4822	34	34	60	4	1	84	0	39
 4868	34	34	61	4	1	84	0	39
 4913	34	34	60	4	1	85	0	39
 4959	34	34	60	4	1	86	0	39
 5004	34	34	60	4	1	87	0	39
 5049	34	34	60	4	1	87	0	39
 5095	34	34	60	4	1	88	0	39
 5140	34	34	60	4	1	89	0	39
 5185	34	34	60	4	1	90	0	39
 5231	34	34	60	4	1	91	0	39
 5277	34	34	60	4	1	91	0	39
 5322	34	34	61	4	1	92	0	39
 5367	34	34	60	4	1	93	0	39
 5412	34	34	60	12	1	94	0	39
 5457	34	34	60	12	1	94	0	39
 5503	34	34	60	12	1	95	0	39
 5548	34	34	60	12	1	96	0	39
 5593	34	34	60	12	1	97	0	39
 5639	34	34	60	12	1	97	0	39
 5684	34	34	60	12	1	98	0	39
 5730	34	34	60	12	1	99	0	39
 5775	34	34	60	12	1	100	0	39
 5820	34	34	60	12	1	100	0	39
 5866	34	34	61	12	1	101	0	39
 5911	34	34	60	12	1	102	0	39
 5956	34	34	60	12	1	103	0	39
 6002	34	34	61	12	1	103	0	39
 6047	34	34	61	12	1	104	0	39
 6092	34	34	61	12	1	105	0	39
 6138	34	34	60	12	1	106	0	39
 6183	34	34	61	12	1	106	0	39
 6228	34	34	61	12	1	107	0	39
 6274	34	34	60	12	1	108	0	39
 6319	34	34	61	12	1	109	0	39
 6364	34	34	61	12	1	109	0	39
 6413	34	34	61	12	1	110	0	39
 6455	34	34	61	12	1	111	0	39
 6501	34	34	61	12	1	112	0	39
 6546	34	34	60	12	1	112	0	39
 6637	34	34	60	12	1	114	0	39
 6682	34	34	60	12	1	115	0	39
 6727	34	34	60	12	1	115	0	39
 6773	34	34	60	12	1	116	0	39
 6821	34	34	60	12	1	117	0	39
 6863	34	34	60	12	1	118	0	39
 6909	34	34	60	12	1	118	0	39
 6954	34	34	60	12	1	119	0	39
 6999	34	34	60	12	1	120	0	39
 7045	34	33	60	12	1	121	0	39
 7090	34	34	60	12	1	121	0	39
 7135	34	34	60	12	1	122	0	39
 7181	34	34	60	12	1	123	0	39
 7226	34	34	60	4	2	64	0	39
 7276	34	34	60	4	2	65	0	39
 7317	34	33	60	4	2	65	0	39
 7362	34	34	60	4	2	66	0	39
 7408	34	34	60	4	2	67	0	39
 7453	34	34	60	4	2	68	0	39
 7498	34	34	61	4	2	68	0	39
 7544	34	34	60	4	2	69	0	39
 7589	34	34	61	4	2	70	0	39
 7634	34	34	60	4	2	71	0	39
 7680	34	34	61	4	2	71	0	39
 7725	34	34	61	4	2	72	0	39
 7770	34	33	61	4	2	73	0	39
 7816	34	34	61	4	2	74	0	39
 7861	34	34	60	4	2	74	0	39
 7906	34	34	61	4	2	75	0	39
 7952	34	33	60	4	2	76	0	39
 7997	34	34	60	4	2	77	0	39
 8043	34	34	60	4	2	77	0	39
 8088	34	34	60	4	2	78	0	39
 8133	34	34	60	4	2	79	0	39
 8179	34	34	60	4	2	80	0	39
 8224	34	34	60	4	2	80	0	39
 8269	34	34	60	4	2	81	0	39
 8315	34	34	60	4	2	82	0	39
 8360	34	33	60	4	2	83	0	39
 8405	34	33	60	4	2	83	0	39
 8451	34	34	60	4	2	84	0	39
 8496	34	33	60	4	2	85	0	39
 8541	34	34	60	4	2	86	0	39
 8587	34	34	60	4	2	86	0	39
 8632	34	34	60	4	2	87	0	39
 8677	34	33	60	4	2	88	0	39
 8723	34	34	60	4	2	89	0	39
 8768	34	34	60	4	2	89	0	39
 8814	34	34	60	4	2	90	0	39
 8859	34	33	60	4	2	91	0	39
 8904	34	33	60	4	2	92	0	39
 8950	34	33	60	4	2	92	0	39
 8995	34	34	60	4	2	93	0	39
 9040	34	34	60	12	2	94	0	39
 9086	34	33	60	12	2	95	0	39
 9131	34	33	60	12	2	96	0	39
 9176	34	33	60	12	2	96	0	39
 9222	34	34	60	12	2	97	0	39
 9267	33	34	60	12	2	98	0	39
 9312	34	33	60	12	2	99	0	39
 9358	34	33	60	12	2	99	0	39
 9403	34	33	61	12	2	100	0	39
 9448	34	34	60	12	2	101	0	39
 9494	34	33	60	12	2	102	0	39
 9539	34	33	60	12	2	102	0	39
 9585	34	33	60	12	2	103	0	39
 9630	34	33	60	12	2	104	0	39
 9675	34	33	60	12	2	105	0	39
 9721	34	33	60	12	2	105	0	39
 9766	34	33	60	12	2	106	0	39
 9811	34	33	61	12	2	107	0	39
 9857	34	33	60	12	2	108	0	39
 9902	34	33	60	12	2	108	0	39
 9947	34	34	60	12	2	109	0	39
 9993	34	33	60	12	2	110	0	39
 10038	34	33	60	12	2	111	0	39
 10083	34	34	60	12	2	111	0	39
 10129	34	33	60	12	2	112	0	39
 10219	34	33	60	12	2	114	0	39
 10265	34	34	60	12	2	114	0	39
 10310	34	33	60	12	2	115	0	39
 10401	34	33	60	12	2	117	0	39
 10446	34	33	60	12	2	117	0	39
 10492	34	33	60	12	2	118	0	39
 10537	34	33	60	12	2	119	0	39
 10582	34	33	60	12	2	120	0	39
 10628	34	33	60	12	2	120	0	39
 10673	34	33	60	12	2	121	0	39
 10718	34	33	60	12	2	122	0	39
 10764	34	33	60	12	2	123	0	39
 10809	34	34	60	12	2	123	0	39
 10854	34	33	60	4	3	64	0	39
 10900	34	33	60	4	3	65	0	39
 10945	34	33	60	4	3	66	0	39
 10990	34	33	60	4	3	66	0	39
 11036	34	33	59	4	3	67	0	39
 11081	34	33	59	4	3	68	0	39
 11127	34	33	59	4	3	69	0	39
 11172	34	34	60	4	3	70	0	39
 11263	34	33	59	4	3	71	0	39
 11308	34	33	59	4	3	72	0	39
 11353	34	33	59	4	3	73	0	39
 11399	34	33	59	4	3	73	0	39
 11444	34	34	59	4	3	74	0	39
 11489	34	33	59	4	3	75	0	39
 11535	34	33	59	4	3	76	0	39
 11580	34	34	60	4	3	76	0	39
 11625	34	33	59	4	3	77	0	39
 11671	34	33	60	4	3	78	0	39
 11716	34	33	60	4	3	79	0	39
 11761	34	34	59	4	3	79	0	39
 11807	34	33	59	4	3	80	0	39
 11852	33	33	59	4	3	81	0	39
 11898	34	33	59	4	3	82	0	39
 11943	34	33	59	4	3	82	0	39
 11988	34	33	59	4	3	83	0	39
 12034	34	33	59	4	3	84	0	39
 12079	34	34	59	4	3	85	0	39
 12124	34	34	59	4	3	85	0	39
 12170	34	34	59	4	3	86	0	39
 12215	33	33	59	4	3	87	0	39
 12260	34	34	60	4	3	88	0	39
 12306	33	33	59	4	3	88	0	39
 12351	33	33	61	4	3	89	0	39
 12396	34	34	60	4	3	90	0	39
 12442	34	33	59	4	3	91	0	39
 12487	34	33	60	4	3	91	0	39
 12532	34	33	60	4	3	92	0	39
 12578	33	33	59	4	3	93	0	39
 12623	34	33	60	12	3	94	0	39
 12669	34	33	60	12	3	94	0	39
 12714	34	33	60	12	3	95	0	39
 12759	34	33	60	12	3	96	0	39
 12805	33	33	59	12	3	97	0	39
 12850	33	33	59	12	3	97	0	39
 12895	34	33	59	12	3	98	0	39
 12941	33	33	59	12	3	99	0	39
 12986	34	33	59	12	3	100	0	39
 13031	34	33	59	12	3	100	0	39
 13077	34	33	59	12	3	101	0	39
 13122	33	33	59	12	3	102	0	39
 13167	34	33	59	12	3	103	0	39
 13213	33	33	59	12	3	104	0	39
 13258	34	33	59	12	3	104	0	39
 13303	34	33	59	12	3	105	0	39
 13349	33	33	59	12	3	106	0	39
 13394	34	33	59	12	3	107	0	39
 13440	34	33	59	12	3	107	0	39
 13485	33	33	59	12	3	108	0	39
 13530	34	33	59	12	3	109	0	39
 13576	33	33	59	12	3	110	0	39
 13621	33	33	59	12	3	110	0	39
 13666	34	33	59	12	3	111	0	39
 13712	33	33	60	12	3	112	0	39
 13757	33	33	59	12	3	113	0	39
 13802	33	33	59	12	3	113	0	39
 13848	33	34	59	12	3	114	0	39
 13893	34	33	59	12	3	115	0	39
 13938	33	33	60	12	3	116	0	39
 13984	34	33	59	12	3	116	0	39
 14029	33	33	59	12	3	117	0	39
 14075	34	33	59	12	3	118	0	39
 14120	33	33	60	12	3	119	0	39
 14165	34	33	59	12	3	119	0	39
 14211	33	33	59	12	3	120	0	39
 14256	33	33	59	12	3	121	0	39
 14301	33	33	59	12	3	122	0	39
 14347	33	33	59	12	3	122	0	39
 14392	33	33	59	12	3	123	0	39
 14437	34	33	59	4	4	64	0	39
 14483	33	33	59	4	4	65	0	39
 14528	33	33	59	4	4	65	0	39
 14573	33	33	60	4	4	66	0	39
 14619	33	33	60	4	4	67	0	39
 14664	33	33	59	4	4	68	0	39
 14709	33	33	59	4	4	68	0	39
 14755	33	33	59	4	4	69	0	39
 14800	33	33	59	4	4	70	0	39
 14847	34	33	59	4	4	71	0	39
 14891	33	33	59	4	4	71	0	39
 14936	33	33	59	4	4	72	0	39
 14982	33	33	59	4	4	73	0	39
 15027	33	33	59	4	4	74	0	39
 15072	33	33	59	4	4	74	0	39
 15118	33	33	59	4	4	75	0	39
 15163	33	33	59	4	4	76	0	39
 15208	33	33	59	4	4	77	0	39
 15254	34	33	59	4	4	78	0	39
 15299	33	33	59	4	4	78	0	39
 15344	33	33	59	4	4	79	0	39
 15390	33	33	59	4	4	80	0	39
 15435	33	33	59	4	4	81	0	39
 15480	34	33	59	4	4	81	0	39
 15526	33	33	59	4	4	82	0	39
 15571	33	33	59	4	4	83	0	39
 15617	33	33	59	4	4	84	0	39
 15662	33	33	59	4	4	84	0	39
 15712	33	33	59	4	4	85	0	39
 15753	33	33	59	4	4	86	0	39
 15798	33	33	59	4	4	87	0	39
 15843	33	33	59	4	4	87	0	39
 15889	33	33	59	4	4	88	0	39
 15934	33	33	59	4	4	89	0	39
 15979	33	33	59	4	4	90	0	39
 16025	33	33	59	4	4	90	0	39
 16070	33	33	59	4	4	91	0	39
 16115	33	33	59	4	4	92	0	39
 16161	33	33	59	4	4	93	0	39
 16206	33	33	59	4	4	93	0	39
 16251	33	33	59	12	4	94	0	39
 16297	33	33	59	12	4	95	0	39
 16342	33	33	59	12	4	96	0	39
 16388	33	33	59	12	4	96	0	39
 16433	33	33	58	12	4	97	0	39
 16478	33	33	59	12	4	98	0	39
 16524	33	33	59	12	4	99	0	39
 16569	33	33	59	12	4	99	0	39
 16614	33	33	59	12	4	100	0	39
 16660	33	33	59	12	4	101	0	39
 16705	33	33	59	12	4	102	0	39
 16750	33	33	59	12	4	102	0	39
 16796	33	33	60	12	4	103	0	39
 16841	33	33	59	12	4	104	0	39
 16886	33	33	59	12	4	105	0	39
 16932	33	33	59	12	4	105	0	39
 16977	33	33	58	12	4	106	0	39
 17022	33	33	58	12	4	107	0	39
 17068	33	33	58	12	4	108	0	39
 17113	33	33	58	12	4	108	0	39
 17159	33	33	58	12	4	109	0	39
 17204	33	33	59	12	4	110	0	39
 17249	33	33	58	12	4	111	0	39
 17295	33	33	58	12	4	112	0	39
 17340	33	33	58	12	4	112	0	39
 17385	33	33	58	12	4	113	0	39
 17431	33	33	58	12	4	114	0	39
 17476	33	33	58	12	4	115	0	39
 17521	33	33	58	12	4	115	0	39
 17567	33	33	58	12	4	116	0	39
 17657	33	33	58	12	4	118	0	39
 17703	33	33	59	12	4	118	0	39
 17748	33	33	58	12	4	119	0	39
 17793	33	33	58	12	4	120	0	39
 17839	33	33	58	12	4	121	0	39
 17884	33	33	58	12	4	121	0	39
 17930	33	33	58	12	4	122	0	39
 17975	33	33	58	12	4	123	0	39
 18020	33	33	58	4	5	64	0	39
 18066	33	33	58	4	5	64	0	39
 18111	33	33	58	4	5	65	0	39
 18156	33	33	58	4	5	66	0	39
 18202	33	33	58	4	5	67	0	39
 18247	33	33	58	4	5	67	0	39
 18292	33	33	58	4	5	68	0	39
 18338	33	33	58	4	5	69	0	39
 18383	33	33	58	4	5	70	0	39
 18428	33	33	58	4	5	70	0	39
 18474	33	33	58	4	5	71	0	39
 18519	33	33	58	4	5	72	0	39
 18564	33	33	58	4	5	73	0	39
 18610	33	33	58	4	5	73	0	39
 18655	33	33	58	4	5	74	0	39
 18701	33	33	58	4	5	75	0	39
 18746	33	33	58	4	5	76	0	39
 18791	33	33	58	4	5	76	0	39
 18837	33	33	57	4	5	77	0	39
 18882	33	33	58	4	5	78	0	39
 18927	33	33	58	4	5	79	0	39
 18973	33	33	58	4	5	79	0	39
 19018	33	33	58	4	5	80	0	39
 19063	33	33	58	4	5	81	0	39
 19109	33	33	58	4	5	82	0	39
 19154	33	33	58	4	5	83	0	39
 19199	33	33	58	4	5	83	0	39
 19245	33	33	58	4	5	84	0	39
 19290	33	33	58	4	5	85	0	39
 19335	33	33	58	4	5	86	0	39
 19381	33	33	58	4	5	86	0	39
 19426	33	33	58	4	5	87	0	39
 19472	33	33	58	4	5	88	0	39
 19517	33	33	58	4	5	89	0	39
 19572	33	33	58	4	5	89	0	39
 19608	33	33	58	4	5	90	0	39
 19653	33	33	58	4	5	91	0	39
 19698	33	33	58	4	5	92	0	39
 19744	33	33	58	4	5	92	0	39
 19789	33	33	58	4	5	93	0	39
 19838	33	33	58	12	5	94	0	39
 19880	33	33	58	12	5	95	0	39
 19925	33	33	58	12	5	95	0	39
 19970	33	33	58	12	5	96	0	39
 20016	33	33	58	12	5	97	0	39
 20061	33	33	58	12	5	98	0	39
 20106	33	33	58	12	5	98	0	39
 20152	33	33	58	12	5	99	0	39
 20197	33	33	58	12	5	100	0	39
 20243	33	33	58	12	5	101	0	39
 20288	33	33	58	12	5	101	0	39
 20333	33	33	58	12	5	102	0	39
 20379	33	33	58	12	5	103	0	39
 20424	33	33	58	12	5	104	0	39
 20469	33	33	58	12	5	104	0	39
 20519	33	33	58	12	5	105	0	39
 20560	33	33	58	12	5	106	0	39
 20607	33	33	58	12	5	107	0	39
 20651	33	33	58	12	5	107	0	39
 20696	33	33	58	12	5	108	0	39
 20741	33	33	58	12	5	109	0	39
 20787	33	33	58	12	5	110	0	39
 20832	33	33	58	12	5	110	0	39
 20877	33	33	58	12	5	111	0	39
 20923	33	33	57	12	5	112	0	39
 20968	33	33	57	12	5	113	0	39
 21014	33	33	57	12	5	113	0	39
 21059	33	33	57	12	5	114	0	39
 21104	33	33	57	12	5	115	0	39
 21150	33	33	58	12	5	116	0	39
 21195	33	33	57	12	5	117	0	39
 21240	33	33	57	12	5	117	0	39
 21286	33	33	57	12	5	118	0	39
 21331	33	33	57	12	5	119	0	39
 21380	33	33	57	12	5	120	0	39
 21422	33	33	57	12	5	120	0	39
 21467	33	33	57	12	5	121	0	39
 21512	33	33	57	12	5	122	0	39
 21558	33	33	57	12	5	123	0	39
 21603	33	33	57	12	5	123	0	39
 21648	33	33	57	4	6	64	0	39
 21694	33	33	57	4	6	65	0	39
 21739	33	33	57	4	6	66	0	39
 21785	33	33	57	4	6	66	0	39
 21830	33	33	57	4	6	67	0	39
 21875	32	33	57	4	6	68	0	39
 21921	33	33	57	4	6	69	0	39
 21967	33	33	57	4	6	69	0	39
 22011	33	33	57	4	6	70	0	39
 22057	33	33	57	4	6	71	0	39
 22102	33	33	57	4	6	72	0	39
 22147	33	33	58	4	6	72	0	39
 22193	33	33	58	4	6	73	0	39
 22238	33	33	57	4	6	74	0	39
 22283	33	33	57	4	6	75	0	39
 22329	33	33	58	4	6	75	0	39
 22374	33	33	58	4	6	76	0	39
 22419	33	33	58	4	6	77	0	39
 22465	33	33	58	4	6	78	0	39
 22511	33	33	58	4	6	78	0	39
 22556	33	33	58	4	6	79	0	39
 22601	33	33	58	4	6	80	0	39
 22646	33	33	58	4	6	81	0	39
 22692	33	33	58	4	6	81	0	39
 22737	33	33	58	4	6	82	0	39
 22782	33	33	58	4	6	83	0	39
 22828	33	33	58	4	6	84	0	39
 22873	33	33	57	4	6	84	0	39
 22918	33	33	57	4	6	85	0	39
 22964	33	33	58	4	6	86	0	39
 23009	33	33	57	4	6	87	0	39
 23054	33	33	57	4	6	87	0	39
 23100	33	33	57	4	6	88	0	39
 23147	33	33	57	4	6	89	0	39
 23190	33	33	57	4	6	90	0	39
 23236	33	33	57	4	6	91	0	39
 23281	33	33	57	4	6	91	0	39
 23327	33	33	57	4	6	92	0	39
 23372	33	33	57	4	6	93	0	39
 23417	33	33	57	12	6	94	0	39
 23463	33	33	57	12	6	94	0	39
 23508	33	33	57	12	6	95	0	39
 23553	33	33	57	12	6	96	0	39
 23599	33	33	57	12	6	97	0	39
 23644	33	33	57	12	6	97	0	39
 23689	33	33	57	12	6	98	0	39
 23735	33	33	57	12	6	99	0	39
 23780	33	33	57	12	6	100	0	39
 23825	33	33	57	12	6	100	0	39
 23871	33	33	57	12	6	101	0	39
 23916	33	33	57	12	6	102	0	39
 23962	33	33	57	12	6	103	0	39
 24007	33	33	57	12	6	103	0	39
 24052	33	33	57	12	6	104	0	39
 24098	33	33	57	12	6	105	0	39
 24143	33	33	57	12	6	106	0	39
 24188	33	33	57	12	6	106	0	39
 24234	33	33	57	12	6	107	0	39
 24279	33	33	57	12	6	108	0	39
 24324	33	33	57	12	6	109	0	39
 24373	33	33	57	12	6	109	0	39
 24415	33	33	57	12	6	110	0	39
 24460	33	33	57	12	6	111	0	39
 24506	33	33	57	12	6	112	0	39
 24551	33	33	57	12	6	112	0	39
 24596	33	33	57	12	6	113	0	39
 24642	33	33	57	12	6	114	0	39
 24687	33	33	57	12	6	115	0	39
 24733	33	33	57	12	6	115	0	39
 24778	33	33	57	12	6	116	0	39
 24823	33	33	57	12	6	117	0	39
 24869	33	33	57	12	6	118	0	39
 24914	33	33	57	12	6	118	0	39
 24959	33	33	57	12	6	119	0	39
 25005	33	33	57	12	6	120	0	39
 25050	33	33	57	12	6	121	0	39
 25095	33	33	57	12	6	121	0	39
 25141	33	33	57	12	6	122	0	39
 25186	33	33	57	12	6	123	0	39
 25231	33	33	57	4	7	64	0	39
 25277	33	33	57	4	7	65	0	39
 25322	33	33	57	4	7	65	0	39
 25367	33	33	57	4	7	66	0	39
 25504	33	33	57	4	7	68	0	39
 25549	33	33	57	4	7	69	0	39
 25594	33	33	57	4	7	70	0	39
 25640	33	33	57	4	7	71	0	39
 25685	33	33	57	4	7	71	0	39
 25730	33	33	57	4	7	72	0	39
 25776	33	33	57	4	7	73	0	39
 25821	33	33	57	4	7	74	0	39
 25866	33	33	57	4	7	74	0	39
 25912	33	33	57	4	7	75	0	39
 25957	33	33	57	4	7	76	0	39
 26002	33	33	57	4	7	77	0	39
 26048	33	33	57	4	7	77	0	39
 26093	33	33	57	4	7	78	0	38
 26138	33	33	57	4	7	79	0	39
 26184	33	33	56	4	7	80	0	38
 26229	33	33	56	4	7	80	0	39
 26275	33	33	56	4	7	81	0	39
 26320	33	33	56	4	7	82	0	39
 26366	33	33	56	4	7	83	0	39
 26411	33	33	56	4	7	83	0	39
 26456	33	33	56	4	7	84	0	39
 26502	33	33	56	4	7	85	0	39
 26547	33	33	57	4	7	86	0	39
 26592	33	33	57	4	7	86	0	39
 26638	33	33	57	4	7	87	0	38
 26683	33	33	56	4	7	88	0	39
 26728	33	32	57	4	7	89	0	39
 26774	33	33	57	4	7	89	0	39
 26819	33	33	56	4	7	90	0	39
 26864	33	33	57	4	7	91	0	38
 26910	33	32	57	4	7	92	0	39
 26955	33	33	56	4	7	92	0	38
 27001	33	33	56	4	7	93	0	38
 27046	33	33	56	12	7	94	0	39
 27091	33	33	57	12	7	95	0	39
 27137	33	33	56	12	7	96	0	39
 27182	33	33	56	12	7	96	0	38
 27227	33	33	56	12	7	97	0	38
 27273	33	33	56	12	7	98	0	38
 27318	33	33	56	12	7	99	0	38
 27363	33	33	56	12	7	99	0	39
 27409	33	32	56	12	7	100	0	39
 27454	33	33	56	12	7	101	0	38
 27499	33	33	56	12	7	102	0	38
 27549	33	33	57	12	7	102	0	39
 27590	33	33	56	12	7	103	0	39
 27635	33	33	56	12	7	104	0	38
 27681	33	33	56	12	7	105	0	38
 27726	33	33	56	12	7	105	0	38
 27772	33	33	57	12	7	106	0	39
 27817	33	33	56	12	7	107	0	39
 27862	33	33	56	12	7	108	0	39
 27908	33	33	56	12	7	108	0	39
 27953	33	33	56	12	7	109	0	39
 27998	33	32	56	12	7	110	0	39
 28044	33	33	56	12	7	111	0	39
 28089	33	33	56	12	7	112	0	38
 28134	33	32	57	12	7	112	0	39
 28180	33	32	56	12	7	113	0	38
 28225	33	32	57	12	7	114	0	39
 28270	33	33	56	12	7	115	0	38
 28316	33	33	57	12	7	115	0	38
 28361	33	33	58	12	7	116	0	38
 28407	33	33	57	12	7	117	0	38
 28452	33	33	57	12	7	118	0	39
 28497	33	33	57	12	7	118	0	38
 28542	33	33	57	12	7	119	0	39
 28588	33	32	57	12	7	120	0	39
 28633	33	33	56	12	7	121	0	39
 28679	33	32	56	12	7	121	0	39
 28724	33	32	57	12	7	122	0	39
 28769	33	33	56	12	7	123	0	39
 28815	33	33	56	4	8	64	0	39
 28864	33	33	57	4	8	64	0	39
 28905	33	32	57	4	8	65	0	39
 28951	33	33	57	4	8	66	0	38
 28996	33	33	58	4	8	67	0	39
 29041	33	33	57	4	8	67	0	39
 29087	33	33	57	4	8	68	0	39
 29132	33	33	57	4	8	69	0	39
 29177	33	33	57	4	8	70	0	39
 29223	33	33	57	4	8	70	0	39
 29268	33	33	57	4	8	71	0	39
 29314	33	33	57	4	8	72	0	39
 29359	33	33	57	4	8	73	0	39
 29404	33	33	57	4	8	73	0	39
 29450	33	33	57	4	8	74	0	39
 29495	33	33	57	4	8	75	0	39
 29540	33	33	57	4	8	76	0	39
 29586	33	32	57	4	8	76	0	39
 29631	33	32	57	4	8	77	0	39
 29676	33	33	57	4	8	78	0	39
 29722	33	33	57	4	8	79	0	39
 29767	33	32	57	4	8	79	0	39
 29812	33	32	57	4	8	80	0	39
 29858	33	32	57	4	8	81	0	39
 29903	33	33	57	4	8	82	0	39
 29948	33	33	57	4	8	83	0	39
 29994	33	33	57	4	8	83	0	39
 30039	33	33	57	4	8	84	0	39
 30085	33	32	57	4	8	85	0	39
 30130	33	33	57	4	8	86	0	39
 30175	33	32	57	4	8	86	0	39
 30221	33	33	57	4	8	87	0	39
 30266	33	33	57	4	8	88	0	39
 30357	33	33	57	4	8	89	0	39
 30402	33	33	57	4	8	90	0	39
 30447	33	32	57	4	8	91	0	39
 30493	33	33	57	4	8	92	0	39
 30538	33	32	57	4	8	92	0	39
 30583	33	33	57	4	8	93	0	39
 30633	33	32	57	12	8	94	0	39
 30674	33	33	57	12	8	95	0	39
 30720	33	33	58	12	8	95	0	39
 30765	33	33	57	12	8	96	0	39
 30813	33	33	57	12	8	97	0	39
 30856	33	33	57	12	8	98	0	39
 30901	33	33	57	12	8	98	0	39
 30946	33	33	57	12	8	99	0	39
 30992	33	33	57	12	8	100	0	39
 31037	33	33	57	12	8	101	0	39
 31083	33	33	57	12	8	101	0	39
 31128	33	33	57	12	8	102	0	39
 31173	33	33	57	12	8	103	0	39
 31219	33	33	57	12	8	104	0	39
 31264	33	32	57	12	8	104	0	39
 31309	33	33	57	12	8	105	0	39
 31354	33	33	57	12	8	106	0	39
 31400	33	33	57	12	8	107	0	39
 31445	33	33	57	12	8	107	0	39
 31491	33	33	58	12	8	108	0	39
 31536	33	32	57	12	8	109	0	38
 31581	33	33	58	12	8	110	0	37
 31627	33	32	58	12	8	110	0	37
 31717	33	33	58	12	8	112	0	37
 31763	33	33	58	12	8	113	0	37
 31808	33	33	58	12	8	113	0	37
 31853	33	33	58	12	8	114	0	37
 31899	33	33	58	12	8	115	0	37
 31944	33	33	58	12	8	116	0	37
 31989	33	33	58	12	8	117	0	37
 32129	33	33	58	12	8	119	0	36
 32171	33	33	58	12	8	120	0	36
 32216	33	32	58	12	8	120	0	36
 32262	33	33	58	12	8	121	0	36
 32307	33	33	58	12	8	122	0	36
 32352	33	33	58	12	8	123	0	36
 32398	33	33	58	12	8	123	0	36
 32443	33	33	58	4	9	64	0	36
 32488	33	33	58	4	9	65	0	36
 32534	33	33	58	4	9	66	0	36
 32579	33	33	58	4	9	66	0	36
 32624	33	33	58	4	9	67	0	36
 32670	33	33	59	4	9	68	0	36
 32715	33	33	58	4	9	69	0	36
 32760	33	33	58	4	9	69	0	36
 32806	33	33	58	4	9	70	0	36
 32851	33	33	58	4	9	71	0	36
 32897	33	32	59	4	9	72	0	36
 32942	33	33	58	4	9	72	0	36
 32987	33	33	58	4	9	73	0	36
 33033	33	33	58	4	9	74	0	36
 33078	33	33	58	4	9	75	0	36
 33123	33	33	58	4	9	75	0	36
 33169	33	33	58	4	9	76	0	36
 33214	33	33	58	4	9	77	0	36
 33305	33	33	58	4	9	78	0	36
 33350	33	33	58	4	9	79	0	36
 33400	33	33	58	4	9	80	0	36
 33441	33	33	58	4	9	81	0	36
 33486	33	33	58	4	9	81	0	36
 33531	33	33	59	4	9	82	0	36
 33577	33	33	58	4	9	83	0	36
 33622	33	33	58	4	9	84	0	36
 33668	33	33	59	4	9	84	0	36
 33713	33	33	59	4	9	85	0	36
 33758	33	33	59	4	9	86	0	36
 33804	33	33	59	4	9	87	0	36
 33849	33	33	59	4	9	87	0	36
 33894	33	33	59	4	9	88	0	36
 33940	33	33	59	4	9	89	0	36
 33985	33	33	59	4	9	90	0	36
 34030	33	33	58	4	9	91	0	36
 34076	33	33	59	4	9	91	0	36
 34121	33	33	59	4	9	92	0	36
 34166	33	33	59	4	9	93	0	36
 34212	33	33	59	12	9	94	0	36
 34302	33	33	58	12	9	95	0	36
 34348	33	33	59	12	9	96	0	36
 34394	33	33	59	12	9	97	0	36
 34438	33	33	59	12	9	97	0	36
 34484	33	33	59	12	9	98	0	36
 34529	33	33	59	12	9	99	0	36
 34575	33	33	59	12	9	100	0	36
 34620	33	33	59	12	9	100	0	36
 34665	33	33	60	12	9	101	0	36
 34711	33	33	59	12	9	102	0	36
 34756	33	33	59	12	9	103	0	36
 34801	33	33	59	12	9	103	0	36
 34847	33	33	59	12	9	104	0	36
 34893	33	33	59	12	9	105	0	36
 34937	33	33	59	12	9	106	0	36
 34983	33	33	59	12	9	106	0	36
 35028	33	33	59	12	9	107	0	36
 35073	33	33	59	12	9	108	0	36
 35119	33	33	59	12	9	109	0	36
 35164	33	33	59	12	9	109	0	36
 35209	33	33	59	12	9	110	0	36
 35255	33	33	59	12	9	111	0	36
 35300	33	33	59	12	9	112	0	36
 35346	33	33	59	12	9	112	0	36
 35391	33	33	59	12	9	113	0	36
 35436	33	33	59	12	9	114	0	36
 35483	33	33	59	12	9	115	0	36
 35527	33	33	59	12	9	115	0	36
 35572	33	33	59	12	9	116	0	36
 35618	33	33	59	12	9	117	0	36
 35663	33	33	59	12	9	118	0	36
 35708	33	33	59	12	9	118	0	36
 35754	33	33	59	12	9	119	0	36
 35799	33	33	59	12	9	120	0	36
 35844	33	33	59	12	9	121	0	36
 35890	33	33	59	12	9	121	0	36
 35935	33	33	59	12	9	122	0	36
 35981	33	33	59	12	9	123	0	36
 36026	33	33	59	4	10	64	0	36
 36071	33	33	59	4	10	65	0	36
 36117	33	33	60	4	10	65	0	36
 36162	33	33	59	4	10	66	0	36
 36207	33	33	59	4	10	67	0	36
 36253	33	33	59	4	10	68	0	36
 36298	33	33	59	4	10	68	0	36
 36343	33	33	59	4	10	69	0	36
 36389	33	33	59	4	10	70	0	36
 36434	33	33	59	4	10	71	0	36
 36479	33	33	59	4	10	71	0	36
 36525	33	33	59	4	10	72	0	36
 36570	33	33	60	4	10	73	0	36
 36661	33	33	60	4	10	74	0	36
 36706	33	33	60	4	10	75	0	36
 36752	33	33	60	4	10	76	0	36
 36797	33	33	60	4	10	77	0	36
 36842	33	33	60	4	10	77	0	36
 36888	33	33	60	4	10	78	0	36
 36933	33	33	60	4	10	79	0	36
 36978	33	33	60	4	10	80	0	36
 37024	33	33	61	4	10	80	0	36
 37069	33	33	61	4	10	81	0	37
 37114	33	33	61	4	10	82	0	37
 37160	33	33	61	4	10	83	0	37
 37205	33	33	61	4	10	83	0	37
 37296	33	33	61	4	10	85	0	37
 37341	33	33	61	4	10	86	0	37
 37386	33	33	61	4	10	86	0	37
 37432	33	33	61	4	10	87	0	37
 37481	33	33	61	4	10	88	0	37
 37568	33	33	61	4	10	89	0	37
 37613	33	33	61	4	10	90	0	37
 37659	33	33	61	4	10	91	0	37
 37704	33	33	61	4	10	92	0	37
 37749	33	33	61	4	10	92	0	37
 37795	33	33	61	4	10	93	0	36
 37840	33	33	61	12	10	94	0	36
 37885	33	33	61	12	10	95	0	36
 37931	33	33	61	12	10	96	0	36
 37976	33	33	61	12	10	96	0	36
 38021	33	33	61	12	10	97	0	36
 38067	33	33	61	12	10	98	0	37
 38112	33	33	61	12	10	99	0	37
 38157	33	33	61	12	10	99	0	37
 38203	33	33	61	12	10	100	0	37
 38248	33	33	61	12	10	101	0	37
 38294	33	33	61	12	10	102	0	37
 38339	33	33	62	12	10	102	0	37
 38384	33	33	61	12	10	103	0	37
 38434	33	33	61	12	10	104	0	37
 38479	33	33	61	12	10	105	0	37
 38520	33	33	61	12	10	105	0	37
 38566	33	33	61	12	10	106	0	37
 38611	33	33	61	12	10	107	0	37
 38656	33	33	61	12	10	108	0	37
 38702	33	33	61	12	10	108	0	37
 38792	33	33	61	12	10	110	0	37
 38838	33	33	61	12	10	111	0	37
 38883	33	33	61	12	10	111	0	37
 38929	33	33	61	12	10	112	0	37
 38974	33	33	61	12	10	113	0	37
 39065	33	33	61	12	10	114	0	37
 39110	33	33	62	12	10	115	0	37
 39155	33	33	62	12	10	116	0	38
 39201	33	33	62	12	10	117	0	38
 39246	33	33	62	12	10	117	0	38
 39292	33	33	62	12	10	118	0	38
 39337	33	33	62	12	10	119	0	38
 39382	33	33	62	12	10	120	0	38
 39427	33	33	62	12	10	120	0	38
 39473	33	33	62	12	10	121	0	38
 39518	33	33	62	12	10	122	0	38
 39563	33	33	62	12	10	123	0	38
 39609	33	33	62	12	10	123	0	38
 39654	33	33	62	36	11	64	0	38
 39699	33	33	62	36	11	65	0	38
 39745	33	33	62	36	11	66	0	38
 39790	33	33	62	36	11	66	0	38
 39836	33	33	63	36	11	67	0	38
 39885	33	33	63	36	11	68	0	38
 39926	33	33	63	36	11	69	0	38
 39972	33	33	63	36	11	70	0	38
 40017	33	33	63	36	11	70	0	38
 40062	33	33	63	36	11	71	0	38
 40108	33	33	63	36	11	72	0	38
 40153	33	33	63	36	11	73	0	38
 40198	33	33	63	36	11	73	0	38
 40244	33	33	63	36	11	74	0	38
 40289	33	33	63	36	11	75	0	38
 40334	33	33	63	36	11	76	0	38
 40380	33	33	63	36	11	76	0	38
 40425	33	33	63	36	11	77	0	38
 40470	33	33	63	36	11	78	0	38
 40516	33	33	63	36	11	79	0	38
 40562	33	33	63	36	11	79	0	38
 40607	33	33	63	36	11	80	0	38
 40652	33	33	63	36	11	81	0	38
 40697	33	33	63	36	11	82	0	38
 40743	33	33	63	36	11	82	0	38
 40788	33	33	64	36	11	83	0	38
 40833	33	33	64	36	11	84	0	38
 40879	33	33	64	36	11	85	0	38
 40924	33	33	64	36	11	85	0	38
 40969	33	33	64	36	11	86	0	38
 41015	33	33	65	36	11	87	0	38
 41060	33	33	64	36	11	88	0	38
 41105	33	33	64	36	11	88	0	38
 41151	33	33	64	36	11	89	0	38
 41196	33	33	64	36	11	90	0	38
 41241	33	33	65	36	11	91	0	38
 41287	33	33	64	36	11	91	0	38
 41332	33	33	64	36	11	92	0	38
 41378	33	33	64	36	11	93	0	38
 41423	33	33	65	44	11	94	0	38
 41468	33	33	65	44	11	94	0	38
 41517	33	33	66	44	11	95	0	38
 41559	33	33	65	44	11	96	0	38
 41604	33	33	65	44	11	97	0	38
 41650	34	33	65	44	11	97	0	38
 41695	33	33	65	44	11	98	0	38
 41786	33	33	65	44	11	100	0	38
 41876	33	33	65	44	11	101	0	38
 41922	33	33	65	44	11	102	0	38
 41967	33	33	65	44	11	103	0	38
 42058	33	33	65	44	11	104	0	38
 42103	33	33	65	44	11	105	0	38
 42149	33	33	65	44	11	106	0	38
 42194	33	33	65	44	11	107	0	38
 42243	33	33	65	44	11	107	0	38
 42285	33	33	65	44	11	108	0	38
 42330	33	33	65	44	11	109	0	38
 42375	33	33	65	44	11	110	0	38
 42425	33	33	65	44	11	110	0	38
 42466	33	33	65	44	11	111	0	38
 42511	33	33	65	44	11	112	0	38
 42557	33	33	65	44	11	113	0	38
 42602	33	33	66	44	11	113	0	38
 42647	33	33	65	44	11	114	0	38
 42660	33	33	66	44	11	114	0	38
 42693	33	33	65	44	11	115	0	38
 42738	33	33	65	44	11	116	0	38
 42783	33	33	66	44	11	116	0	38
 42829	33	33	66	44	11	117	0	38
 42874	33	33	66	44	11	118	0	38
 42919	33	33	66	44	11	119	0	38
 42965	33	33	66	44	11	119	0	38
 43010	33	33	66	44	11	120	0	38
 43056	33	33	66	44	11	121	0	38
 43101	33	33	66	44	11	122	0	38
 43150	33	33	66	44	11	122	0	38
 43192	33	33	66	44	11	123	0	38
 43237	33	33	66	36	12	64	0	38
 43282	33	33	66	36	12	65	0	38
 43328	33	33	66	36	12	65	0	38
 43373	33	33	66	36	12	66	0	38
 43418	33	33	66	36	12	67	0	38
 43464	33	33	66	36	12	68	0	38
 43509	33	33	66	36	12	68	0	38
 43554	33	33	67	36	12	69	0	38
 43600	33	33	67	36	12	70	0	38
 43645	34	33	67	36	12	71	0	38
 43690	33	33	67	36	12	71	0	38
 43736	33	33	67	36	12	72	0	38
 43781	33	33	67	36	12	73	0	39
 43827	33	33	66	36	12	74	0	39
 43872	33	33	67	36	12	74	0	39
 43917	33	33	67	36	12	75	0	39
 43963	33	33	67	36	12	76	0	39
 44008	33	33	67	36	12	77	0	39
 44053	33	33	67	36	12	78	0	39
 44099	33	33	67	36	12	78	0	39
 44144	33	33	67	36	12	79	0	39
 44193	33	33	67	36	12	80	0	39
 44235	33	33	67	36	12	81	0	39
 44280	33	33	68	36	12	81	0	39
 44325	33	33	68	36	12	82	0	39
 44371	33	33	68	36	12	83	0	39
 44416	34	33	68	36	12	84	0	39
 44461	33	33	68	36	12	84	0	39
 44507	33	33	68	36	12	85	0	39
 44552	33	33	68	36	12	86	0	39
 44598	33	33	68	36	12	87	0	39
 44643	33	33	68	36	12	87	0	39
 44688	33	33	68	36	12	88	0	39
 44734	33	33	68	36	12	89	0	39
 44779	33	33	68	36	12	90	0	39
 44824	33	33	68	36	12	90	0	39
 44870	33	33	68	36	12	91	0	39
 44915	34	33	69	36	12	92	0	39
 44960	33	33	69	36	12	93	0	39
 45051	33	33	69	44	12	94	0	39
 45096	33	33	69	44	12	95	0	39
 45142	33	34	69	44	12	96	0	39
 45187	33	33	69	44	12	96	0	39
 45232	33	33	69	44	12	97	0	39
 45278	33	33	69	44	12	98	0	39
 45323	33	33	68	44	12	99	0	39
 45369	33	33	68	44	12	99	0	39
 45414	33	33	68	44	12	100	0	39
 45459	33	33	69	44	12	101	0	39
 45505	34	33	68	44	12	102	0	39
 45550	33	33	69	44	12	102	0	39
 45595	33	33	69	44	12	103	0	39
 45641	33	33	69	44	12	104	0	39
 45686	33	33	69	44	12	105	0	39
 45731	33	33	69	44	12	105	0	39
 45777	33	33	69	44	12	106	0	39
 45822	33	33	70	44	12	107	0	39
 45867	34	34	69	44	12	108	0	39
 45916	33	33	69	44	12	108	0	39
 45958	34	33	69	44	12	109	0	39
 46003	33	33	69	44	12	110	0	39
 46049	33	33	69	44	12	111	0	39
 46094	33	34	69	44	12	112	0	39
 46140	33	33	69	44	12	112	0	39
 46185	34	34	69	44	12	113	0	39
 46230	34	33	69	44	12	114	0	39
 46276	34	34	69	44	12	115	0	39
 46321	34	33	70	44	12	115	0	39
 46366	33	34	70	44	12	116	0	39
 46412	33	33	70	44	12	117	0	39
 46457	33	33	71	44	12	118	0	39
 46502	33	34	71	44	12	118	0	39
 46548	34	33	71	44	12	119	0	39
 46593	33	33	71	44	12	120	0	39
 46638	34	33	71	44	12	121	0	39
 46688	34	33	71	44	12	121	0	39
 46729	33	34	71	44	12	122	0	39
 46774	34	33	71	44	12	123	0	39
 46820	34	34	71	36	13	64	0	39
 46865	34	33	71	36	13	64	0	39
 46911	33	33	71	36	13	65	0	39
 46956	34	33	71	36	13	66	0	39
 47001	34	34	71	36	13	67	0	39
 47047	34	34	71	36	13	67	0	39
 47092	33	34	71	36	13	68	0	39
 47141	33	33	71	36	13	69	0	39
 47183	33	34	71	36	13	70	0	39
 47228	33	34	72	36	13	70	0	39
 47273	34	33	72	36	13	71	0	39
 47319	34	34	73	36	13	72	0	39
 47364	34	34	73	36	13	73	0	39
 47409	34	34	72	36	13	73	0	39
 47455	34	34	72	36	13	74	0	39
 47500	33	34	72	36	13	75	0	39
 47549	34	34	73	36	13	76	0	39
 47591	34	34	73	36	13	76	0	39
 47682	34	33	73	36	13	78	0	40
 47727	34	33	72	36	13	79	0	40
 47772	34	33	72	36	13	79	0	40
 47818	34	33	72	36	13	80	0	40
 47863	34	34	73	36	13	81	0	40
 47954	34	33	72	36	13	83	0	40
 47999	34	33	72	36	13	83	0	40
 48044	34	34	72	36	13	84	0	40
 48090	34	34	72	36	13	85	0	40
 48135	33	34	72	36	13	86	0	40
 48180	34	34	73	36	13	86	0	40
 48226	34	34	74	36	13	87	0	40
 48271	34	34	73	36	13	88	0	40
 48316	34	34	73	36	13	89	0	40
 48362	34	34	73	36	13	89	0	40
 48407	34	33	73	36	13	90	0	40
 48452	34	34	73	36	13	91	0	40
 48498	34	33	73	36	13	92	0	40
 48543	34	34	73	36	13	92	0	40
 48589	34	34	72	36	13	93	0	40
 48638	34	34	73	44	13	94	0	40
 48679	34	34	72	44	13	95	0	40
 48725	34	34	72	44	13	95	0	40
 48773	34	34	72	44	13	96	0	40
 48815	34	34	72	44	13	97	0	40
 48861	34	34	72	44	13	98	0	40
 48906	34	34	73	44	13	98	0	40
 48951	34	33	73	44	13	99	0	40
 48997	34	34	73	44	13	100	0	40
 49042	34	34	73	44	13	101	0	40
 49087	34	34	73	44	13	101	0	40
 49133	34	34	73	44	13	102	0	40
 49178	34	33	73	44	13	103	0	40
 49223	34	34	74	44	13	104	0	40
 49269	34	34	74	44	13	104	0	40
 49314	34	34	74	44	13	105	0	40
 49360	34	34	74	44	13	106	0	40
 49405	34	34	73	44	13	107	0	40
 49450	34	34	73	44	13	107	0	40
 49499	34	34	73	44	13	108	0	40
 49541	34	34	73	44	13	109	0	40
 49586	34	34	73	44	13	110	0	40
 49632	34	34	73	44	13	110	0	40
 49677	34	34	74	44	13	111	0	40
 49722	34	34	74	44	13	112	0	40
 49768	34	34	74	44	13	113	0	40
 49813	34	34	74	44	13	113	0	40
 49858	34	34	74	44	13	114	0	40
 49904	34	34	74	44	13	115	0	40
 49949	34	34	74	44	13	116	0	40
 49994	34	34	74	44	13	117	0	40
 50040	34	34	75	44	13	117	0	40
 50085	34	34	75	44	13	118	0	40
 50131	34	34	75	44	13	119	0	40
 50176	34	34	74	44	13	120	0	40
 50221	34	34	74	44	13	120	0	40
 50267	34	34	74	44	13	121	0	40
 50312	34	34	73	44	13	122	0	40
 50357	34	34	73	44	13	123	0	40
 50406	34	34	73	44	13	123	0	40
 50448	34	34	73	36	14	64	0	40
 50493	34	34	73	36	14	65	0	40
 50543	34	34	73	36	14	66	0	40
 50593	34	34	73	36	14	66	0	40
 50629	34	34	73	36	14	67	0	40
 50675	34	34	73	36	14	68	0	40
 50720	34	34	73	36	14	69	0	40
 50765	34	34	74	36	14	69	0	40
 50811	34	34	73	36	14	70	0	40
 50856	34	34	73	36	14	71	0	40
 50902	34	34	73	36	14	72	0	40
 50947	34	34	73	36	14	72	0	40
 50992	34	34	73	36	14	73	0	40
 51038	34	34	73	36	14	74	0	40
 51083	34	34	72	36	14	75	0	40
 51128	34	34	73	36	14	75	0	40
 51174	34	34	73	36	14	76	0	40
 51219	34	34	73	36	14	77	0	40
 51264	34	34	73	36	14	78	0	40
 51310	34	34	73	36	14	78	0	40
 51355	34	34	73	36	14	79	0	40
 51400	34	34	73	36	14	80	0	40
 51446	34	34	73	36	14	81	0	40
 51491	34	34	72	36	14	81	0	40
 51536	34	34	72	36	14	82	0	40
 51582	34	34	72	36	14	83	0	40
 51627	34	34	72	36	14	84	0	40
 51676	34	34	72	36	14	84	0	40
 51718	34	33	72	36	14	85	0	40
 51763	34	34	72	36	14	86	0	40
 51809	34	34	72	36	14	87	0	40
 51854	34	34	72	36	14	87	0	40
 51899	34	34	73	36	14	88	0	40
 51945	34	34	72	36	14	89	0	40
 51990	34	34	72	36	14	90	0	40
 52035	34	34	72	36	14	91	0	40
 52084	34	34	72	36	14	91	0	40
 52126	34	34	72	36	14	92	0	40
 52171	34	34	72	36	14	93	0	40
 52217	34	34	72	44	14	94	0	40
 52262	34	34	72	44	14	94	0	40
 52312	34	34	72	44	14	95	0	40
 52353	34	34	72	44	14	96	0	40
 52400	34	34	72	44	14	97	0	40
 52444	34	34	72	44	14	97	0	40
 52489	34	34	72	44	14	98	0	40
 52580	34	34	72	44	14	100	0	40
 52625	34	34	72	44	14	100	0	40
 52670	34	34	72	44	14	101	0	40
 52716	34	34	72	44	14	102	0	40
 52761	34	34	72	44	14	103	0	40
 52806	34	34	72	44	14	103	0	40
 52856	34	34	72	44	14	104	0	40
 52897	34	34	72	44	14	105	0	40
 52942	34	33	72	44	14	106	0	40
 52988	34	34	72	44	14	106	0	40
 53033	34	34	72	44	14	107	0	40
 53078	34	34	72	44	14	108	0	40
 53124	34	34	71	44	14	109	0	40
 53169	34	34	72	44	14	109	0	40
 53214	34	34	72	44	14	110	0	40
 53260	34	34	71	44	14	111	0	40
 53305	34	34	71	44	14	112	0	41
 53351	34	34	71	44	14	112	0	41
 53441	34	34	71	44	14	114	0	41
 53487	34	34	71	44	14	115	0	41
 53532	34	34	71	44	14	115	0	41
 53623	34	34	72	44	14	117	0	41
 53668	34	34	71	44	14	118	0	41
 53713	34	34	71	44	14	118	0	41
 53759	34	34	72	44	14	119	0	41
 53804	34	34	72	44	14	120	0	41
 53849	34	34	71	44	14	121	0	41
 53895	34	34	72	44	14	121	0	41
 53940	34	34	72	44	14	122	0	41
 53985	34	34	72	44	14	123	0	41
 54031	34	34	71	36	15	64	0	41
 54076	34	34	72	36	15	65	0	41
 54121	34	34	72	36	15	65	0	41
 54167	34	34	72	36	15	66	0	41
 54212	34	34	72	36	15	67	0	41
 54258	34	34	72	36	15	68	0	41
 54303	34	34	72	36	15	68	0	41
 54348	34	34	72	36	15	69	0	41
 54398	34	34	72	36	15	70	0	41
 54439	34	34	72	36	15	71	0	41
 54484	34	34	72	36	15	71	0	41
 54530	34	34	72	36	15	72	0	41
 54575	34	34	71	36	15	73	0	41
 54620	34	34	71	36	15	74	0	41
 54666	34	34	71	36	15	74	0	41
 54711	34	34	71	36	15	75	0	41
 54756	34	34	71	36	15	76	0	41
 54802	34	34	71	36	15	77	0	41
 54847	34	34	71	36	15	77	0	41
 54893	34	34	71	36	15	78	0	41
 54938	34	34	71	36	15	79	0	41
 54983	34	34	71	36	15	80	0	41
 55029	34	34	71	36	15	80	0	41
 55074	34	34	71	36	15	81	0	41
 55119	34	34	71	36	15	82	0	41
 55210	34	34	71	36	15	83	0	41
 55255	34	34	71	36	15	84	0	41
 55301	34	34	71	36	15	85	0	41
 55346	34	34	70	36	15	86	0	41
 55391	34	34	70	36	15	86	0	41
 55437	34	34	70	36	15	87	0	41
 55482	34	34	70	36	15	88	0	41
 55527	34	34	71	36	15	89	0	41
 55573	34	34	71	36	15	89	0	41
 55618	34	34	70	36	15	90	0	41
 55663	34	34	71	36	15	91	0	41
 55709	34	34	71	36	15	92	0	41
 55754	34	34	70	36	15	92	0	41
 55799	34	34	70	36	15	93	0	41
 55845	34	34	70	44	15	94	0	41
 55890	34	34	70	44	15	95	0	41
 55936	34	34	70	44	15	96	0	41
 55981	34	34	70	44	15	96	0	41
 56026	34	34	70	44	15	97	0	41
 56072	34	34	70	44	15	98	0	41
 56117	34	34	70	44	15	99	0	41
 56162	34	34	70	44	15	99	0	41
 56208	34	34	70	44	15	100	0	41
 56253	34	34	70	44	15	101	0	41
 56298	34	34	70	44	15	102	0	41
 56344	34	34	70	44	15	102	0	41
 56389	34	34	70	44	15	103	0	41
 56434	34	34	70	44	15	104	0	41
 56480	34	34	71	44	15	105	0	41
 56525	34	34	70	44	15	105	0	41
 56570	34	34	70	44	15	106	0	41
 56616	34	34	70	44	15	107	0	41
 56661	34	34	70	44	15	108	0	41
 56707	34	34	70	44	15	108	0	41
 56752	34	34	71	44	15	109	0	41
 56797	34	34	70	44	15	110	0	41
 56843	34	34	70	44	15	111	0	41
 56888	34	34	70	44	15	112	0	41
 56933	34	34	70	44	15	112	0	41
 56979	34	34	70	44	15	113	0	41
 57024	34	34	70	44	15	114	0	41
 57069	34	34	70	44	15	115	0	41
 57115	34	34	70	44	15	115	0	41
 57160	34	34	70	44	15	116	0	41
 57205	34	34	71	44	15	117	0	41
 57251	34	34	70	44	15	118	0	41
 57296	34	34	70	44	15	118	0	41
 57341	34	34	70	44	15	119	0	41
 57387	34	34	70	44	15	120	0	41
 57432	34	34	71	44	15	121	0	41
 57478	34	34	70	44	15	121	0	41
 57523	34	34	70	44	15	122	0	41
 57568	34	34	70	44	15	123	0	41
 57614	34	34	70	36	16	64	0	41
 57659	34	34	70	36	16	64	0	41
 57704	34	34	70	36	16	65	0	41
 57750	34	34	70	36	16	66	0	41
 57795	34	34	70	36	16	67	0	41
 57840	34	34	70	36	16	67	0	41
 57886	34	34	70	36	16	68	0	41
 57931	34	34	70	36	16	69	0	41
 57976	34	34	69	36	16	70	0	41
 58067	34	34	69	36	16	71	0	41
 58112	34	34	69	36	16	72	0	41
 58158	34	34	69	36	16	73	0	41
 58203	34	34	69	36	16	73	0	41
 58249	34	34	69	36	16	74	0	41
 58294	34	34	69	36	16	75	0	41
 58339	34	34	69	36	16	76	0	41
 58385	34	34	69	36	16	76	0	41
 58430	34	34	69	36	16	77	0	41
 58475	34	34	69	36	16	78	0	41
 58521	34	34	69	36	16	79	0	41
 58566	34	34	69	36	16	79	0	41
 58611	34	34	69	36	16	80	0	41
 58657	34	34	69	36	16	81	0	41
 58702	34	34	69	36	16	82	0	41
 58747	34	34	69	36	16	83	0	41
 58793	34	34	69	36	16	83	0	41
 58838	34	34	69	36	16	84	0	41
 58883	34	34	69	36	16	85	0	41
 58929	34	34	69	36	16	86	0	41
 58974	34	34	69	36	16	86	0	41
 59020	34	34	69	36	16	87	0	41
 59065	34	34	69	36	16	88	0	41
 59110	34	34	69	36	16	89	0	41
 59156	34	34	69	36	16	89	0	41
 59201	34	34	69	36	16	90	0	41
 59246	34	34	69	36	16	91	0	41
 59292	34	34	69	36	16	92	0	41
 59337	34	34	69	36	16	92	0	41
 59382	34	34	69	36	16	93	0	41
 59428	34	34	69	44	16	94	0	41
 59473	34	34	69	44	16	95	0	41
 59518	34	34	68	44	16	95	0	41
 59564	34	34	69	44	16	96	0	41
 59609	34	34	69	44	16	97	0	41
 59654	34	34	69	44	16	98	0	41
 59700	34	34	69	44	16	98	0	41
 59745	34	34	69	44	16	99	0	41
 59790	34	34	69	44	16	100	0	41
 59836	34	34	69	44	16	101	0	41
 59881	34	34	68	44	16	101	0	41
 59927	34	34	68	44	16	102	0	41
 59972	34	34	68	44	16	103	0	41
 60017	34	34	68	44	16	104	0	41
 60108	34	34	68	44	16	105	0	41
 60153	34	34	68	44	16	106	0	41
 60199	34	34	68	44	16	107	0	41
 60244	34	34	69	44	16	107	0	41
 60289	34	34	69	44	16	108	0	41
 60335	34	34	69	44	16	109	0	41
 60380	34	34	68	44	16	110	0	41
 60425	34	34	68	44	16	110	0	41
 60471	34	34	68	44	16	111	0	41
 60516	34	34	68	44	16	112	0	41
 60561	34	34	69	44	16	113	0	41
 60607	34	34	68	44	16	113	0	41
 60652	34	34	68	44	16	114	0	41
 60698	34	34	68	44	16	115	0	41
 60743	34	34	68	44	16	116	0	41
 60788	34	34	68	44	16	117	0	41
 60834	34	34	68	44	16	117	0	41
 60879	34	34	68	44	16	118	0	41
 60970	34	34	68	44	16	120	0	41
 61015	34	34	68	44	16	120	0	41
 61060	34	34	68	44	16	121	0	41
 61106	34	34	69	44	16	122	0	41
 61151	34	34	68	44	16	123	0	41
 61196	34	34	68	44	16	123	0	41
 61242	34	34	68	36	17	64	0	41
 61287	34	34	68	36	17	65	0	41
 61333	34	34	68	36	17	66	0	41
 61378	34	34	68	36	17	66	0	41
 61423	34	34	68	36	17	67	0	41
 61469	34	34	68	36	17	68	0	41
 61514	34	34	68	36	17	69	0	41
 61559	34	34	68	36	17	69	0	41
 61605	34	34	68	36	17	70	0	41
 61650	34	34	68	36	17	71	0	41
 61695	34	34	68	36	17	72	0	41
 61741	34	34	68	36	17	72	0	41
 61786	34	34	68	36	17	73	0	41
 61831	34	34	68	36	17	74	0	41
 61922	34	34	68	36	17	75	0	41
 61967	34	34	68	36	17	76	0	41
 62013	34	34	68	36	17	77	0	41
 62103	34	34	68	36	17	78	0	41
 62149	34	34	68	36	17	79	0	41
 62194	34	34	68	36	17	80	0	41
 62240	34	34	68	36	17	81	0	41
 62285	34	34	68	36	17	81	0	41
 62330	34	34	68	36	17	82	0	41
 62376	34	34	68	36	17	83	0	41
 62421	34	34	68	36	17	84	0	41
 62466	34	34	68	36	17	84	0	41
 62512	34	34	68	36	17	85	0	41
 62557	34	34	68	36	17	86	0	41
 62602	34	34	69	36	17	87	0	41
 62648	34	34	68	36	17	87	0	41
 62693	34	34	68	36	17	88	0	41
 62738	34	34	68	36	17	89	0	41
 62829	34	34	68	36	17	91	0	41
 62874	34	34	68	36	17	91	0	41
 62920	34	34	68	36	17	92	0	41
 62965	34	34	68	36	17	93	0	41
 63011	34	34	68	44	17	94	0	41
 63056	34	34	68	44	17	94	0	41
 63101	34	34	68	44	17	95	0	41
 63147	34	34	68	44	17	96	0	41
 63192	34	34	68	44	17	97	0	41
 63237	34	34	68	44	17	97	0	41
 63283	34	34	68	44	17	98	0	41
 63328	34	34	68	44	17	99	0	41
 63377	34	34	68	44	17	100	0	41
 63464	34	34	68	44	17	101	0	41
 63509	34	34	68	44	17	102	0	41
 63555	34	34	68	44	17	103	0	41
 63600	34	34	68	44	17	103	0	41
 63645	34	34	68	44	17	104	0	41
 63691	34	34	68	44	17	105	0	41
 63736	34	34	68	44	17	106	0	41
 63782	34	34	68	44	17	106	0	41
 63827	34	34	68	44	17	107	0	41
 63872	34	34	68	44	17	108	0	41
 63963	34	34	68	44	17	109	0	41
 64012	34	34	68	44	17	110	0	41
 64054	34	34	68	44	17	111	0	41
 64099	34	34	68	44	17	112	0	41
 64144	34	34	68	44	17	112	0	41
 64190	34	34	68	44	17	113	0	41
 64235	34	34	68	44	17	114	0	41
 64280	34	34	68	44	17	115	0	41
 64326	34	34	68	44	17	115	0	41
 64371	34	34	68	44	17	116	0	41
 64416	34	34	68	44	17	117	0	41
 64462	34	34	68	44	17	118	0	41
 64507	34	34	68	44	17	118	0	41
 64552	34	34	68	44	17	119	0	41
 64598	34	34	68	44	17	120	0	41
 64643	34	34	68	44	17	121	0	41
 64689	34	34	68	44	17	121	0	41
 64734	34	34	68	44	17	122	0	41
 64779	34	34	68	44	17	123	0	41
 64825	34	34	68	36	18	64	0	41
 64870	34	34	68	36	18	65	0	41
 64915	34	34	68	36	18	65	0	41
 64961	34	34	68	36	18	66	0	41
 65006	34	34	68	36	18	67	0	41
 65051	34	34	68	36	18	68	0	41
 65100	34	34	69	36	18	68	0	41
 65142	34	34	68	36	18	69	0	41
 65187	34	34	69	36	18	70	0	41
 65233	34	34	68	36	18	71	0	41
 65278	34	34	68	36	18	71	0	41
 65323	34	34	68	36	18	72	0	41
 65369	34	34	68	36	18	73	0	41
 65414	34	34	68	36	18	74	0	41
 65463	34	34	68	36	18	74	0	41
 65550	34	34	68	36	18	76	0	41
 65596	34	34	68	36	18	77	0	41
 65641	34	34	68	36	18	77	0	41
 65686	34	34	68	36	18	78	0	41
 65732	34	34	68	36	18	79	0	41
 65777	34	34	68	36	18	80	0	41
 65822	34	34	68	36	18	80	0	41
 65868	34	34	68	36	18	81	0	41
 65913	34	34	68	36	18	82	0	41
 65958	34	34	68	36	18	83	0	41
 66004	34	34	68	36	18	83	0	41
 66049	34	34	68	36	18	84	0	41
 66094	34	34	68	36	18	85	0	41
 66096	34	34	68	36	18	85	0	41
 66140	34	34	68	36	18	86	0	41
 66185	34	34	68	36	18	86	0	41
 66234	34	34	68	36	18	87	0	41
 66276	34	34	68	36	18	88	0	41
 66321	34	34	68	36	18	89	0	41
 66367	34	34	68	36	18	89	0	41
 66416	34	34	68	36	18	90	0	41
 66457	34	34	68	36	18	91	0	41
 66503	34	34	68	36	18	92	0	41
 66548	34	34	68	36	18	92	0	41
 66593	34	34	68	36	18	93	0	41
 66639	34	34	68	44	18	94	0	41
 66684	34	34	68	44	18	95	0	41
 66729	34	34	68	44	18	96	0	41
 66775	34	34	68	44	18	96	0	41
 66820	34	34	68	44	18	97	0	41
 66865	34	34	68	44	18	98	0	41
 66911	34	34	68	44	18	99	0	41
 66956	34	34	68	44	18	99	0	41
 67001	34	34	68	44	18	100	0	41
 67050	34	34	68	44	18	101	0	41
 67092	34	34	68	44	18	102	0	41
 67138	34	34	68	44	18	102	0	41
 67183	34	34	68	44	18	103	0	41
 67228	34	34	68	44	18	104	0	41
 67274	34	34	68	44	18	105	0	41
 67319	34	34	69	44	18	105	0	41
 67364	34	34	68	44	18	106	0	41
 67410	34	34	68	44	18	107	0	41
 67455	34	34	68	44	18	108	0	41
 67500	34	34	68	44	18	108	0	41
 67546	34	34	67	44	18	109	0	41
 67591	34	34	68	44	18	110	0	41
 67636	34	34	68	44	18	111	0	41
 67683	34	34	68	44	18	111	0	41
 67727	34	34	68	44	18	112	0	41
 67772	34	34	68	44	18	113	0	41
 67818	34	34	68	44	18	114	0	41
 67863	34	34	67	44	18	114	0	41
 67909	34	34	68	44	18	115	0	41
 67954	34	34	68	44	18	116	0	41
 67999	34	34	68	44	18	117	0	41
 68045	34	34	68	44	18	117	0	41
 68090	34	34	67	44	18	118	0	41
 68135	34	34	68	44	18	119	0	41
 68181	34	34	67	44	18	120	0	41
 68226	34	34	68	44	18	120	0	41
 68271	34	34	68	44	18	121	0	41
 68317	34	34	67	44	18	122	0	41
 68362	34	34	68	44	18	123	0	41
 68407	34	34	68	44	18	123	0	41
 68453	34	34	68	36	19	64	0	41
 68543	34	34	68	36	19	66	0	41
 68589	34	34	68	36	19	66	0	41
 68634	34	34	67	36	19	67	0	41
 68680	34	34	67	36	19	68	0	41
 68725	34	34	68	36	19	69	0	41
 68770	34	34	67	36	19	70	0	41
 68816	34	34	67	36	19	70	0	41
 68861	34	34	68	36	19	71	0	41
 68906	34	34	67	36	19	72	0	41
 68952	34	34	67	36	19	73	0	41
 68997	34	34	67	36	19	73	0	41
 69042	34	34	67	36	19	74	0	41
 69088	34	34	67	36	19	75	0	41
 69133	34	34	67	36	19	76	0	41
 69178	34	34	67	36	19	76	0	41
 69269	34	34	68	36	19	78	0	41
 69314	34	34	68	36	19	79	0	41
 69363	34	34	68	36	19	79	0	41
 69408	34	34	67	36	19	80	0	41
 69451	34	34	67	36	19	81	0	41
 69496	34	34	67	36	19	82	0	41
 69541	34	34	67	36	19	82	0	41
 69587	34	34	67	36	19	83	0	41
 69632	34	34	67	36	19	84	0	41
 69677	34	34	67	36	19	85	0	41
 69723	34	34	68	36	19	85	0	41
 69768	34	34	67	36	19	86	0	41
 69813	34	34	67	36	19	87	0	41
 69859	34	34	67	36	19	88	0	41
 69904	34	34	67	36	19	88	0	41
 69949	34	34	67	36	19	89	0	41
 69995	34	34	67	36	19	90	0	41
 70040	34	34	67	36	19	91	0	41
 70085	34	34	67	36	19	91	0	41
 70131	34	34	67	36	19	92	0	41
 70176	34	34	67	36	19	93	0	41
 70222	34	34	67	44	19	94	0	41
 70269	34	34	67	44	19	94	0	41
 70312	34	34	67	44	19	95	0	41
 70359	34	34	67	44	19	96	0	41
 70403	34	34	67	44	19	97	0	41
 70448	34	34	67	44	19	97	0	41
 70494	34	34	67	44	19	98	0	41
 70539	34	34	67	44	19	99	0	41
 70584	34	34	67	44	19	100	0	41
 70630	34	34	67	44	19	100	0	41
 70675	34	34	67	44	19	101	0	41
 70720	34	34	67	44	19	102	0	41
 70766	34	34	67	44	19	103	0	41
 70811	34	34	67	44	19	104	0	41
 70856	34	34	67	44	19	104	0	41
 70902	34	34	67	44	19	105	0	41
 70947	34	34	67	44	19	106	0	41
 70993	34	34	67	44	19	107	0	41
 71038	34	34	67	44	19	107	0	41
 71083	34	34	67	44	19	108	0	41
 71129	34	34	67	44	19	109	0	41
 71174	34	34	67	44	19	110	0	41
 71219	34	34	67	44	19	110	0	41
 71310	34	34	67	44	19	112	0	41
 71355	34	34	67	44	19	113	0	41
 71404	34	34	67	44	19	113	0	41
 71446	34	34	67	44	19	114	0	40
 71491	34	34	67	44	19	115	0	41
 71540	34	34	67	44	19	116	0	41
 71582	34	34	67	44	19	116	0	41
 71627	34	34	67	44	19	117	0	41
 71673	34	34	67	44	19	118	0	41
 71723	34	34	67	44	19	119	0	41
 71764	34	34	67	44	19	119	0	40
 71809	34	34	67	44	19	120	0	41
 71854	34	34	67	44	19	121	0	41
 71900	34	34	67	44	19	122	0	41
 71945	34	34	67	44	19	122	0	40
 71990	34	34	67	44	19	123	0	41
 72126	34	34	67	36	20	65	0	40
 72172	34	34	67	36	20	66	0	41
 72217	34	34	67	36	20	67	0	40
 72262	34	34	67	36	20	68	0	40
 72308	34	34	67	36	20	68	0	40
 72353	34	34	67	36	20	69	0	40
 72398	34	34	68	36	20	70	0	40
 72444	34	34	67	36	20	71	0	40
 72489	34	34	67	36	20	71	0	40
 72534	34	34	67	36	20	72	0	40
 72580	34	34	66	36	20	73	0	40
 72625	34	34	67	36	20	74	0	40
 72671	34	34	67	36	20	74	0	40
 72807	34	34	67	36	20	77	0	40
 72852	34	34	67	36	20	78	0	40
 72943	34	34	66	36	20	79	0	40
 72988	34	34	66	36	20	80	0	40
 73079	34	34	66	36	20	81	0	40
 73124	34	34	66	36	20	82	0	40
 73169	34	34	67	36	20	83	0	40
 73260	34	34	66	36	20	84	0	41
 73305	34	34	66	36	20	85	0	40
 73351	34	34	66	36	20	86	0	40
 73399	34	34	66	36	20	87	0	40
 73441	34	34	66	36	20	87	0	40
 73487	34	34	66	36	20	88	0	40
 73532	34	34	66	36	20	89	0	40
 73578	34	34	66	36	20	90	0	40
 73623	34	34	66	36	20	90	0	40
 73668	34	34	66	36	20	91	0	40
 73714	34	34	66	36	20	92	0	40
 73759	34	34	66	36	20	93	0	40
 73804	34	34	66	36	20	93	0	40
 73850	34	34	66	44	20	94	0	40
 73895	34	34	66	44	20	95	0	40
 73940	34	34	66	44	20	96	0	40
 73986	34	34	66	44	20	96	0	40
 74031	34	34	66	44	20	97	0	40
 74081	34	34	66	44	20	98	0	40
 74122	34	34	66	44	20	99	0	41
 74167	34	34	66	44	20	99	0	40
 74212	34	34	66	44	20	100	0	40
 74258	34	34	66	44	20	101	0	40
 74307	34	34	66	44	20	102	0	40
 74348	34	34	66	44	20	102	0	40
 74397	34	34	66	44	20	103	0	40
 74439	34	34	66	44	20	104	0	40
 74485	34	34	66	44	20	105	0	40
 74530	34	34	66	44	20	105	0	40
 74575	34	34	66	44	20	106	0	40
 74621	34	34	66	44	20	107	0	40
 74666	34	34	66	44	20	108	0	40
 74711	34	34	66	44	20	108	0	40
 74761	34	34	66	44	20	109	0	40
 74847	34	34	66	44	20	111	0	40
 74897	34	34	66	44	20	112	0	40
 74938	34	34	65	44	20	112	0	40
 74983	34	34	65	44	20	113	0	40
 75029	34	34	65	44	20	114	0	40
 75074	34	34	65	44	20	115	0	40
 75119	34	34	65	44	20	115	0	40
 75165	34	34	65	44	20	116	0	40
 75210	34	34	65	44	20	117	0	40
 75305	34	34	65	44	20	118	0	40
 75346	34	34	66	44	20	119	0	40
 75392	34	34	65	44	20	120	0	40
 75437	34	34	66	44	20	121	0	40
 75487	34	34	66	44	20	121	0	40
 75528	34	34	66	44	20	122	0	40
 75573	34	34	66	44	20	123	0	40
 75618	34	34	66	36	21	64	0	40
 75664	34	34	66	36	21	64	0	40
 75709	34	34	66	36	21	65	0	40
 75754	34	34	65	36	21	66	0	40
 75800	34	34	66	36	21	67	0	40
 75845	34	34	66	36	21	67	0	40
 75894	34	34	66	36	21	68	0	40
 75936	34	34	66	36	21	69	0	40
 75981	34	34	65	36	21	70	0	40
 76030	34	34	65	36	21	70	0	40
 76072	34	34	65	36	21	71	0	40
 76117	34	34	65	36	21	72	0	40
 76163	34	34	65	36	21	73	0	40
 76208	34	34	65	36	21	73	0	40
 76299	34	34	65	36	21	75	0	40
 76344	34	34	65	36	21	76	0	40
 76389	34	34	65	36	21	76	0	40
 76435	34	34	65	36	21	77	0	40
 76480	34	34	65	36	21	78	0	40
 76525	34	34	65	36	21	79	0	40
 76571	34	34	65	36	21	79	0	40
 76661	34	34	65	36	21	81	0	40
 76707	34	34	65	36	21	82	0	40
 76752	34	34	65	36	21	83	0	40
 76798	34	34	65	36	21	83	0	40
 76843	34	34	65	36	21	84	0	40
 76888	34	34	65	36	21	85	0	40
 76934	34	34	65	36	21	86	0	40
 76979	34	34	65	36	21	86	0	40
 77024	34	34	65	36	21	87	0	40
 77070	34	34	65	36	21	88	0	40
 77115	34	34	65	36	21	89	0	40
 77160	34	34	65	36	21	89	0	40
 77206	34	34	65	36	21	90	0	40
 77251	34	34	65	36	21	91	0	40
 77300	34	34	65	36	21	92	0	40
 77342	34	34	65	36	21	92	0	40
 77387	34	34	65	36	21	93	0	40
 77432	34	34	65	44	21	94	0	40
 77478	34	34	65	44	21	95	0	40
 77523	34	34	65	44	21	95	0	40
 77569	34	34	65	44	21	96	0	40
 77614	34	34	65	44	21	97	0	40
 77659	34	34	65	44	21	98	0	40
 77705	34	34	65	44	21	98	0	40
 77759	34	34	65	44	21	99	0	40
 77844	34	34	65	44	21	101	0	40
 77886	34	34	65	44	21	101	0	40
 77931	34	34	65	44	21	102	0	40
 77977	34	34	65	44	21	103	0	40
 78022	34	34	65	44	21	104	0	40
 78067	34	34	65	44	21	104	0	40
 78113	34	34	65	44	21	105	0	40
 78158	34	34	65	44	21	106	0	40
 78203	34	34	65	44	21	107	0	40
 78252	34	34	65	44	21	107	0	40
 78294	34	34	65	44	21	108	0	40
 78339	34	34	65	44	21	109	0	40
 78385	34	34	64	44	21	110	0	40
 78430	34	34	65	44	21	110	0	40
 78476	34	34	65	44	21	111	0	40
 78566	34	34	65	44	21	113	0	40
 78616	34	34	65	44	21	113	0	40
 78706	34	34	64	44	21	115	0	40
 78748	34	34	65	44	21	116	0	40
 78793	34	34	65	44	21	117	0	40
 78838	34	34	65	44	21	117	0	40
 78884	34	34	65	44	21	118	0	40
 78929	34	34	65	44	21	119	0	40
 79020	34	34	64	44	21	120	0	40
 79065	34	34	65	44	21	121	0	40
 79110	34	34	64	44	21	122	0	40
 79156	34	34	64	44	21	123	0	40
 79201	34	34	64	44	21	123	0	40
 79292	34	34	64	36	22	65	0	40
 79337	34	34	65	36	22	66	0	40
 79382	34	34	65	36	22	66	0	40
 79428	34	34	64	36	22	67	0	40
 79473	34	34	65	36	22	68	0	40
 79518	34	34	65	36	22	69	0	40
 79564	34	34	65	36	22	69	0	40
 79609	34	34	65	36	22	70	0	40
 79655	34	34	64	36	22	71	0	40
 79700	34	34	64	36	22	72	0	40
 79745	34	34	64	36	22	72	0	40
 79795	34	34	64	36	22	73	0	40
 79836	34	34	64	36	22	74	0	40
 79881	34	34	64	36	22	75	0	40
 79927	34	34	64	36	22	75	0	40
 79972	34	34	64	36	22	76	0	40
 80017	34	34	64	36	22	77	0	40
 80066	34	34	65	36	22	78	0	40
 80108	34	34	64	36	22	78	0	40
 80153	34	34	64	36	22	79	0	40
 80203	34	34	64	36	22	80	0	40
 80244	34	34	64	36	22	81	0	40
 80289	34	34	64	36	22	81	0	40
 80335	34	34	64	36	22	82	0	40
 80380	34	34	64	36	22	83	0	40
 80426	34	34	64	36	22	84	0	40
 80471	34	34	64	36	22	84	0	40
 80516	34	34	64	36	22	85	0	40
 80562	34	34	64	36	22	86	0	40
 80607	34	34	64	36	22	87	0	40
 80652	34	34	64	36	22	87	0	40
 80698	34	34	64	36	22	88	0	40
 80743	34	34	64	36	22	89	0	40
 80788	34	34	64	36	22	90	0	40
 80834	34	34	64	36	22	91	0	40
 80883	34	34	64	36	22	91	0	40
 80924	34	34	64	36	22	92	0	40
 80970	34	34	64	36	22	93	0	40
 81015	34	34	64	44	22	94	0	40
 81060	34	34	64	44	22	94	0	40
 81106	34	34	64	44	22	95	0	40
 81151	34	34	64	44	22	96	0	40
 81242	34	34	64	44	22	97	0	40
 81287	34	34	63	44	22	98	0	40
 81333	34	34	64	44	22	99	0	40
 81378	34	34	64	44	22	100	0	40
 81423	34	34	64	44	22	100	0	40
 81469	34	34	64	44	22	101	0	40
 81514	34	34	64	44	22	102	0	40
 81559	34	34	64	44	22	103	0	40
 81605	34	34	63	44	22	103	0	40
 81650	34	34	63	44	22	104	0	40
 81695	34	34	64	44	22	105	0	40
 81786	34	34	63	44	22	106	0	40
 81831	34	34	63	44	22	107	0	40
 81877	34	34	63	44	22	108	0	40
 81922	34	34	63	44	22	109	0	40
 81967	34	34	63	44	22	109	0	40
 82017	34	34	64	44	22	110	0	40
 82058	34	34	63	44	22	111	0	40
 82103	34	34	63	44	22	112	0	40
 82149	34	34	63	44	22	112	0	40
 82194	34	34	63	44	22	113	0	40
 82240	34	34	63	44	22	114	0	40
 82285	34	34	63	44	22	115	0	40
 82330	34	34	63	44	22	115	0	40
 82376	34	34	63	44	22	116	0	40
 82425	34	34	63	44	22	117	0	40
 82466	34	34	63	44	22	118	0	40
 82512	34	34	64	44	22	118	0	40
 82557	34	34	63	44	22	119	0	40
 82602	34	34	63	44	22	120	0	40
 82693	34	34	63	44	22	121	0	40
 82738	34	34	63	44	22	122	0	40
 82784	34	34	63	44	22	123	0	40
 82829	34	34	63	36	23	64	0	40
 82874	34	34	64	36	23	65	0	40
 82920	34	34	63	36	23	65	0	40
 82965	34	34	63	36	23	66	0	40
 83011	34	34	63	36	23	67	0	40
 83056	34	34	63	36	23	68	0	40
 83101	34	34	63	36	23	68	0	40
 83147	34	34	63	36	23	69	0	40
 83192	34	34	63	36	23	70	0	40
 83237	34	34	63	36	23	71	0	40
 83283	34	34	63	36	23	71	0	40
 83328	34	34	63	36	23	72	0	40
 83373	34	34	63	36	23	73	0	40
 83419	34	34	63	36	23	74	0	40
 83464	34	34	63	36	23	74	0	40
 83509	34	34	63	36	23	75	0	40
 83555	34	34	63	36	23	76	0	40
 83600	34	34	63	36	23	77	0	40
 83645	34	34	63	36	23	77	0	40
 83691	34	34	63	36	23	78	0	40
 83737	34	34	63	36	23	79	0	40
 83782	34	34	63	36	23	80	0	40
 83827	34	34	63	36	23	80	0	40
 83872	34	34	63	36	23	81	0	40
 83918	34	34	63	36	23	82	0	40
 83963	34	34	63	36	23	83	0	40
 84008	34	34	63	36	23	83	0	40
 84054	34	34	63	36	23	84	0	40
 84099	34	34	63	36	23	85	0	40
 84144	34	34	63	36	23	86	0	40
 84190	34	34	63	36	23	86	0	40
 84235	34	34	63	36	23	87	0	40
 84280	34	34	63	36	23	88	0	40
 84326	34	34	63	36	23	89	0	40
 84371	34	34	63	36	23	89	0	40
 84416	34	34	63	36	23	90	0	40
 84462	34	34	63	36	23	91	0	40
 84507	34	34	63	36	23	92	0	40
 84552	34	34	63	36	23	92	0	40
 84598	34	34	63	36	23	93	0	40
 84643	34	34	63	44	23	94	0	40
 84689	34	34	63	44	23	95	0	40
 84734	34	34	63	44	23	96	0	40
 84779	34	34	63	44	23	96	0	40
 84825	34	34	63	44	23	97	0	40
 84870	34	34	63	44	23	98	0	40
 84915	34	34	63	44	23	99	0	40
 84961	34	34	63	44	23	99	0	40
 85006	34	34	63	44	23	100	0	40
 85051	34	34	63	44	23	101	0	40
 85097	34	34	63	44	23	102	0	40
 85142	34	34	63	44	23	102	0	40
 85187	34	34	63	44	23	103	0	40
 85233	34	34	63	44	23	104	0	40
 85278	34	34	63	44	23	105	0	40
 85324	34	34	63	44	23	105	0	40
 85369	34	34	63	44	23	106	0	40
 85414	34	34	63	44	23	107	0	40
 85460	34	34	63	44	23	108	0	40
 85505	34	34	63	44	23	108	0	40
 85550	34	34	63	44	23	109	0	40
 85596	34	34	63	44	23	110	0	40
 85641	34	34	63	44	23	111	0	40
 85686	34	34	63	44	23	111	0	40
 85732	34	34	63	44	23	112	0	40
 85777	34	34	62	44	23	113	0	40
 85822	34	34	63	44	23	114	0	40
 85868	34	34	63	44	23	114	0	40
 85913	34	34	63	44	23	115	0	40
 85958	34	34	62	44	23	116	0	40
 86004	34	34	62	44	23	117	0	40
 86049	34	34	63	44	23	117	0	40
 86095	34	34	62	44	23	118	0	40
 86140	34	34	62	44	23	119	0	40
 86185	34	34	62	44	23	120	0	40
 86231	34	34	62	44	23	120	0	40
 86276	34	34	62	44	23	121	0	40
 86321	34	34	63	44	23	122	0	40
 86367	34	34	63	44	23	123	0	40
