HomeCentral
 Falkenstrasse 20
 8630 Rueti
 Datum: 24.07.14 00:00
 
 Startzeit: 2014-07-24 00:00:15 +0100
 105	37	37	70	4	0	65	0	46
 151	37	37	70	4	0	66	0	46
 196	37	37	70	4	0	67	0	46
 242	37	37	70	4	0	67	0	46
 287	37	37	70	4	0	68	0	46
 332	37	37	70	4	0	69	0	46
 378	37	37	70	4	0	70	0	46
 423	37	37	70	4	0	70	0	46
 468	37	37	70	4	0	71	0	46
 514	37	37	70	4	0	72	0	46
 559	37	37	70	4	0	73	0	46
 604	37	37	70	4	0	73	0	46
 650	37	37	70	4	0	74	0	46
 695	37	37	70	4	0	75	0	46
 740	37	37	70	4	0	76	0	46
 786	37	37	70	4	0	76	0	46
 831	37	37	70	4	0	77	0	46
 876	37	37	71	4	0	78	0	46
 922	37	37	70	4	0	79	0	46
 967	37	37	70	4	0	79	0	46
 1012	37	37	69	4	0	80	0	46
 1058	37	37	69	4	0	81	0	46
 1103	37	37	69	4	0	82	0	46
 1148	37	37	69	4	0	83	0	46
 1194	37	37	69	4	0	83	0	46
 1239	37	37	69	4	0	84	0	46
 1285	37	37	69	4	0	85	0	46
 1330	37	37	69	4	0	86	0	46
 1375	37	37	69	4	0	86	0	46
 1421	37	37	69	4	0	87	0	46
 1466	37	37	68	4	0	88	0	46
 1511	37	37	68	4	0	89	0	46
 1557	37	37	69	4	0	89	0	46
 1602	37	37	69	4	0	90	0	46
 1647	37	37	69	4	0	91	0	46
 1693	37	37	69	4	0	92	0	46
 1738	37	37	69	4	0	92	0	46
 1783	37	37	69	4	0	93	0	46
 1829	37	37	69	12	0	94	0	46
 1874	37	37	69	12	0	95	0	46
 1919	37	37	69	12	0	95	0	46
 1965	37	37	69	12	0	96	0	46
 2010	37	37	69	12	0	97	0	46
 2055	37	37	69	12	0	98	0	45
 2101	37	37	69	12	0	98	0	45
 2146	37	37	69	12	0	99	0	46
 2192	37	37	69	12	0	100	0	45
 2237	37	37	69	12	0	101	0	46
 2282	37	37	69	12	0	101	0	45
 2328	37	37	69	12	0	102	0	45
 2373	37	37	69	12	0	103	0	46
 2418	37	37	70	12	0	104	0	45
 2464	37	37	69	12	0	104	0	46
 2509	37	37	69	12	0	105	0	46
 2554	37	37	69	12	0	106	0	45
 2600	37	37	70	12	0	107	0	45
 2645	37	37	69	12	0	107	0	45
 2690	37	37	69	12	0	108	0	45
 2736	37	37	69	12	0	109	0	45
 2781	37	37	69	12	0	110	0	45
 2826	37	37	69	12	0	110	0	45
 2872	37	37	69	12	0	111	0	45
 2917	37	37	69	12	0	112	0	45
 2962	37	37	69	12	0	113	0	45
 3008	37	37	69	12	0	113	0	45
 3053	37	37	69	12	0	114	0	45
 3099	37	37	69	12	0	115	0	45
 3144	37	37	69	12	0	116	0	45
 3189	37	37	69	12	0	117	0	45
 3235	37	37	69	12	0	117	0	45
 3280	37	37	69	12	0	118	0	45
 3325	37	37	69	12	0	119	0	45
 3371	37	37	69	12	0	120	0	45
 3416	37	37	69	12	0	120	0	45
 3461	37	37	69	12	0	121	0	45
 3507	37	37	69	12	0	122	0	45
 3552	37	37	69	12	0	123	0	45
 3597	37	37	69	12	0	123	0	45
 3643	37	37	69	4	1	64	0	45
 3688	37	37	69	4	1	65	0	45
 3733	37	37	69	4	1	66	0	45
 3779	37	37	69	4	1	66	0	45
 3824	37	37	69	4	1	67	0	45
 3869	37	37	69	4	1	68	0	45
 3915	37	37	69	4	1	69	0	45
 3960	37	37	69	4	1	69	0	45
 4006	37	37	69	4	1	70	0	45
 4051	37	37	69	4	1	71	0	45
 4096	37	37	69	4	1	72	0	45
 4142	37	37	69	4	1	72	0	45
 4187	37	37	69	4	1	73	0	45
 4232	37	37	68	4	1	74	0	45
 4278	37	37	68	4	1	75	0	45
 4323	37	37	69	4	1	75	0	45
 4368	37	37	68	4	1	76	0	45
 4414	37	37	68	4	1	77	0	45
 4459	37	37	68	4	1	78	0	45
 4504	37	37	68	4	1	78	0	45
 4550	37	37	68	4	1	79	0	45
 4595	37	37	69	4	1	80	0	45
 4640	37	37	68	4	1	81	0	45
 4686	37	37	69	4	1	81	0	45
 4731	37	37	68	4	1	82	0	45
 4776	37	37	69	4	1	83	0	45
 4822	37	37	68	4	1	84	0	45
 4867	37	37	68	4	1	84	0	45
 4912	37	37	68	4	1	85	0	45
 4958	37	37	68	4	1	86	0	45
 5003	37	37	68	4	1	87	0	45
 5049	37	37	68	4	1	87	0	45
 5094	37	37	68	4	1	88	0	45
 5139	37	37	68	4	1	89	0	45
 5185	37	37	68	4	1	90	0	45
 5230	37	37	68	4	1	91	0	45
 5275	37	37	68	4	1	91	0	45
 5321	37	37	68	4	1	92	0	45
 5366	37	37	68	4	1	93	0	45
 5411	37	37	68	12	1	94	0	45
 5457	37	37	68	12	1	94	0	45
 5502	37	37	68	12	1	95	0	45
 5547	37	37	68	12	1	96	0	45
 5593	37	37	68	12	1	97	0	45
 5638	37	37	68	12	1	97	0	45
 5683	37	37	68	12	1	98	0	45
 5729	37	37	68	12	1	99	0	45
 5774	37	37	68	12	1	100	0	45
 5819	37	37	68	12	1	100	0	45
 5865	37	37	68	12	1	101	0	45
 5910	37	37	68	12	1	102	0	45
 5956	37	37	68	12	1	103	0	45
 6001	37	37	68	12	1	103	0	45
 6046	37	37	68	12	1	104	0	45
 6092	37	37	68	12	1	105	0	45
 6137	37	37	68	12	1	106	0	45
 6182	37	37	68	12	1	106	0	45
 6228	37	37	68	12	1	107	0	45
 6273	37	37	68	12	1	108	0	45
 6318	37	37	68	12	1	109	0	45
 6364	37	37	68	12	1	109	0	45
 6409	37	37	68	12	1	110	0	45
 6454	37	37	68	12	1	111	0	45
 6500	37	37	68	12	1	112	0	45
 6545	37	37	68	12	1	112	0	45
 6590	37	37	68	12	1	113	0	45
 6636	37	37	68	12	1	114	0	45
 6681	37	37	68	12	1	115	0	45
 6726	37	37	68	12	1	115	0	45
 6772	37	37	68	12	1	116	0	45
 6817	37	37	68	12	1	117	0	45
 6863	37	37	68	12	1	118	0	45
 6908	37	37	68	12	1	118	0	45
 6953	37	37	68	12	1	119	0	45
 6999	37	37	68	12	1	120	0	45
 7044	37	37	68	12	1	121	0	45
 7089	37	37	68	12	1	121	0	45
 7135	37	37	68	12	1	122	0	45
 7180	37	37	68	12	1	123	0	45
 7225	37	37	68	4	2	64	0	45
 7271	37	37	68	4	2	65	0	45
 7316	37	37	68	4	2	65	0	45
 7361	37	37	68	4	2	66	0	45
 7407	37	37	68	4	2	67	0	45
 7452	37	37	68	4	2	68	0	45
 7497	37	37	68	4	2	68	0	45
 7543	37	37	68	4	2	69	0	45
 7588	37	36	68	4	2	70	0	45
 7633	37	37	68	4	2	71	0	45
 7679	37	37	68	4	2	71	0	45
 7724	37	37	68	4	2	72	0	45
 7770	37	37	68	4	2	73	0	45
 7815	37	37	68	4	2	74	0	45
 7860	37	37	68	4	2	74	0	45
 7906	37	37	68	4	2	75	0	45
 7951	37	37	68	4	2	76	0	45
 7996	37	37	68	4	2	77	0	45
 8042	37	37	68	4	2	77	0	45
 8087	37	37	68	4	2	78	0	45
 8132	37	37	68	4	2	79	0	45
 8178	37	37	68	4	2	80	0	45
 8223	37	37	67	4	2	80	0	45
 8269	37	37	67	4	2	81	0	45
 8314	37	37	67	4	2	82	0	45
 8359	37	37	67	4	2	83	0	45
 8404	37	37	67	4	2	83	0	45
 8450	37	37	67	4	2	84	0	45
 8495	37	37	67	4	2	85	0	45
 8540	37	37	67	4	2	86	0	45
 8631	37	37	67	4	2	87	0	45
 8676	37	37	67	4	2	88	0	45
 8722	37	37	67	4	2	89	0	45
 8767	37	36	67	4	2	89	0	45
 8813	37	37	67	4	2	90	0	45
 8858	37	37	67	4	2	91	0	45
 8903	37	37	67	4	2	92	0	45
 8949	37	36	67	4	2	92	0	45
 8994	37	37	67	4	2	93	0	45
 9039	37	37	67	12	2	94	0	45
 9085	37	37	67	12	2	95	0	45
 9130	37	37	67	12	2	96	0	45
 9175	37	37	67	12	2	96	0	45
 9221	37	37	67	12	2	97	0	45
 9266	37	37	67	12	2	98	0	45
 9311	37	37	67	12	2	99	0	45
 9357	37	37	67	12	2	99	0	45
 9402	37	36	67	12	2	100	0	45
 9447	37	37	67	12	2	101	0	45
 9493	37	36	67	12	2	102	0	45
 9538	37	37	67	12	2	102	0	45
 9583	36	37	67	12	2	103	0	45
 9629	37	36	67	12	2	104	0	45
 9674	36	37	67	12	2	105	0	45
 9720	37	37	67	12	2	105	0	45
 9765	37	37	67	12	2	106	0	45
 9810	37	37	67	12	2	107	0	45
 9856	36	37	67	12	2	108	0	45
 9901	36	37	67	12	2	108	0	45
 9946	37	37	67	12	2	109	0	45
 9992	37	37	67	12	2	110	0	45
 10037	36	37	67	12	2	111	0	45
 10082	37	37	67	12	2	111	0	45
 10128	37	37	67	12	2	112	0	45
 10173	37	36	67	12	2	113	0	45
 10218	36	37	67	12	2	114	0	45
 10264	37	36	67	12	2	114	0	45
 10309	37	36	67	12	2	115	0	45
 10354	37	37	67	12	2	116	0	45
 10400	37	37	67	12	2	117	0	45
 10445	37	37	67	12	2	117	0	45
 10490	36	37	67	12	2	118	0	45
 10536	36	37	67	12	2	119	0	45
 10581	37	37	67	12	2	120	0	45
 10627	37	36	67	12	2	120	0	45
 10672	37	37	67	12	2	121	0	45
 10717	37	37	67	12	2	122	0	45
 10763	36	37	67	12	2	123	0	45
 10808	37	37	67	12	2	123	0	45
 10853	36	37	67	4	3	64	0	45
 10899	37	37	67	4	3	65	0	45
 10944	37	36	67	4	3	66	0	45
 10989	36	36	67	4	3	66	0	45
 11035	37	36	67	4	3	67	0	45
 11080	36	36	67	4	3	68	0	45
 11125	37	36	67	4	3	69	0	45
 11171	36	37	67	4	3	70	0	45
 11216	37	36	67	4	3	70	0	45
 11261	37	36	67	4	3	71	0	45
 11307	36	36	67	4	3	72	0	45
 11352	36	37	67	4	3	73	0	45
 11397	36	36	67	4	3	73	0	45
 11443	36	36	67	4	3	74	0	45
 11488	36	36	67	4	3	75	0	45
 11533	36	36	66	4	3	76	0	45
 11579	36	36	67	4	3	76	0	45
 11624	36	37	67	4	3	77	0	45
 11670	36	36	67	4	3	78	0	45
 11715	36	37	67	4	3	79	0	45
 11760	36	37	67	4	3	79	0	45
 11806	36	36	67	4	3	80	0	45
 11851	36	36	67	4	3	81	0	45
 11896	36	36	67	4	3	82	0	45
 11942	36	36	66	4	3	82	0	45
 11987	36	36	67	4	3	83	0	45
 12032	36	36	67	4	3	84	0	45
 12078	36	36	67	4	3	85	0	45
 12123	36	37	67	4	3	85	0	45
 12168	36	36	67	4	3	86	0	45
 12214	36	36	67	4	7	87	0	45
 12259	36	36	67	4	3	88	0	45
 12304	36	37	67	4	3	88	0	45
 12350	36	36	67	4	3	89	0	45
 12395	36	36	67	4	3	90	0	45
 12440	36	36	67	4	3	91	0	45
 12486	36	36	67	4	3	91	0	45
 12531	36	36	67	4	3	92	0	45
 12577	37	36	67	4	3	93	0	45
 12622	36	36	67	12	3	94	0	45
 12667	36	36	67	12	3	94	0	45
 12713	36	36	67	12	3	95	0	45
 12758	36	36	67	12	3	96	0	45
 12803	36	36	67	12	3	97	0	45
 12849	36	36	67	12	3	97	0	45
 12894	36	36	67	12	3	98	0	45
 12939	36	36	67	12	3	99	0	45
 12985	36	36	67	12	3	100	0	45
 13030	36	36	67	12	3	100	0	45
 13075	36	36	67	12	3	101	0	45
 13121	36	36	67	12	3	102	0	45
 13166	36	36	66	12	3	103	0	45
 13211	36	36	67	12	3	104	0	45
 13257	36	36	66	12	3	104	0	45
 13302	36	37	66	12	3	105	0	45
 13347	36	36	66	12	3	106	0	45
 13393	36	36	66	12	3	107	0	45
 13438	36	36	66	12	3	107	0	45
 13484	36	36	66	12	3	108	0	45
 13529	36	36	66	12	3	109	0	45
 13574	36	36	66	12	3	110	0	45
 13620	36	36	66	12	3	110	0	45
 13665	36	36	66	12	3	111	0	45
 13710	36	36	66	12	3	112	0	45
 13756	36	36	66	12	3	113	0	45
 13801	36	36	67	12	3	113	0	45
 13846	36	36	66	12	3	114	0	45
 13892	36	36	66	12	3	115	0	45
 13937	36	36	66	12	3	116	0	45
 13982	36	36	66	12	3	116	0	45
 14028	36	36	67	12	3	117	0	45
 14073	36	36	66	12	3	118	0	45
 14118	36	36	66	12	3	119	0	45
 14164	36	36	66	12	3	119	0	45
 14209	36	36	66	12	3	120	0	45
 14254	36	36	66	12	3	121	0	45
 14300	37	36	66	12	3	122	0	45
 14345	36	36	66	12	3	122	0	45
 14391	36	36	66	12	3	123	0	45
 14436	36	36	66	4	4	64	0	45
 14481	36	36	66	4	4	65	0	45
 14527	36	36	66	4	4	65	0	45
 14572	36	36	66	4	4	66	0	45
 14617	36	36	66	4	4	67	0	45
 14663	36	36	66	4	4	68	0	45
 14708	36	36	66	4	4	68	0	45
 14753	36	36	66	4	4	69	0	45
 14799	36	36	66	4	4	70	0	45
 14844	36	36	66	4	4	71	0	45
 14889	36	36	67	4	4	71	0	45
 14935	36	36	66	4	4	72	0	45
 14980	36	36	66	4	4	73	0	45
 15026	36	36	66	4	4	74	0	45
 15071	36	36	66	4	4	74	0	45
 15116	36	36	66	4	4	75	0	45
 15161	36	36	66	4	4	76	0	45
 15207	36	36	66	4	4	77	0	45
 15252	36	36	66	4	4	78	0	45
 15298	36	36	66	4	4	78	0	45
 15343	36	36	66	4	4	79	0	45
 15388	36	36	66	4	4	80	0	45
 15434	36	36	66	4	4	81	0	45
 15479	36	36	66	4	4	81	0	45
 15524	36	36	66	4	4	82	0	45
 15570	36	36	66	4	4	83	0	45
 15615	36	36	66	4	4	84	0	45
 15660	36	36	66	4	4	84	0	45
 15706	36	36	66	4	4	85	0	45
 15751	36	36	66	4	4	86	0	45
 15796	36	36	66	4	4	87	0	45
 15842	36	36	66	4	4	87	0	45
 15887	36	36	66	4	4	88	0	45
 15932	36	36	66	4	4	89	0	45
 15978	36	36	66	4	4	90	0	45
 16023	36	36	66	4	4	90	0	45
 16068	36	36	66	4	4	91	0	45
 16114	36	36	66	4	4	92	0	45
 16159	36	36	66	4	4	93	0	45
 16205	36	36	66	4	4	93	0	45
 16250	36	36	66	12	4	94	0	45
 16295	36	36	66	12	4	95	0	45
 16341	36	36	66	12	4	96	0	45
 16386	36	36	66	12	4	96	0	45
 16431	36	36	66	12	4	97	0	45
 16477	36	36	66	12	4	98	0	45
 16522	36	36	66	12	4	99	0	45
 16567	36	36	66	12	4	99	0	45
 16613	36	36	66	12	4	100	0	45
 16658	36	36	66	12	4	101	0	45
 16703	36	36	66	12	4	102	0	45
 16749	36	36	66	12	4	102	0	45
 16794	36	36	66	12	4	103	0	45
 16839	36	36	66	12	4	104	0	45
 16885	36	36	66	12	4	105	0	45
 16930	36	36	66	12	4	105	0	45
 16975	36	36	66	12	4	106	0	45
 17021	36	36	66	12	4	107	0	45
 17066	36	36	66	12	4	108	0	45
 17111	36	36	66	12	4	108	0	45
 17157	36	36	66	12	4	109	0	45
 17202	36	36	66	12	4	110	0	45
 17248	36	36	66	12	4	111	0	45
 17293	36	36	66	12	4	112	0	45
 17338	36	36	66	12	4	112	0	45
 17384	36	36	66	12	4	113	0	45
 17429	36	36	66	12	4	114	0	45
 17474	36	36	66	12	4	115	0	45
 17520	36	36	66	12	4	115	0	45
 17565	36	36	66	12	4	116	0	45
 17610	36	36	66	12	4	117	0	45
 17656	36	36	66	12	4	118	0	45
 17701	36	36	66	12	4	118	0	45
 17746	36	36	66	12	4	119	0	45
 17792	36	36	66	12	4	120	0	45
 17837	36	36	66	12	4	121	0	45
 17882	36	36	66	12	4	121	0	45
 17928	36	36	66	12	4	122	0	45
 17973	36	36	66	12	4	123	0	45
 18018	36	36	66	4	5	64	0	45
 18064	36	36	66	4	5	64	0	45
 18109	36	36	66	4	5	65	0	45
 18155	36	36	66	4	5	66	0	45
 18200	36	36	66	4	5	67	0	45
 18245	36	36	65	4	5	67	0	45
 18291	36	36	66	4	5	68	0	45
 18336	36	36	66	4	5	69	0	45
 18381	36	36	66	4	5	70	0	45
 18427	36	36	66	4	5	70	0	45
 18472	36	36	66	4	5	71	0	45
 18517	36	36	66	4	5	72	0	45
 18563	36	36	66	4	5	73	0	45
 18608	36	36	66	4	5	73	0	45
 18653	36	36	66	4	5	74	0	45
 18699	36	36	66	4	5	75	0	45
 18744	36	36	66	4	5	76	0	45
 18789	36	36	66	4	5	76	0	45
 18835	36	36	66	4	5	77	0	45
 18880	36	36	66	4	5	78	0	45
 18925	36	36	66	4	5	79	0	45
 18971	36	36	66	4	5	79	0	45
 19016	36	36	66	4	5	80	0	45
 19062	36	36	66	4	5	81	0	45
 19107	36	36	66	4	5	82	0	45
 19152	36	36	66	4	5	83	0	45
 19198	36	36	66	4	5	83	0	45
 19243	36	36	66	4	5	84	0	45
 19288	36	36	66	4	5	85	0	45
 19334	36	36	66	4	5	86	0	45
 19379	36	36	66	4	5	86	0	45
 19424	36	36	66	4	5	87	0	45
 19470	36	36	66	4	5	88	0	45
 19515	36	36	66	4	5	89	0	45
 19560	36	36	66	4	5	89	0	45
 19606	36	36	66	4	5	90	0	45
 19651	36	36	66	4	5	91	0	45
 19696	36	36	66	4	5	92	0	45
 19742	36	36	66	4	5	92	0	45
 19787	36	36	66	4	5	93	0	45
 19832	36	36	66	12	5	94	0	45
 19878	36	36	66	12	5	95	0	45
 19923	36	36	66	12	5	95	0	45
 19969	36	36	65	12	5	96	0	45
 20014	36	36	65	12	5	97	0	45
 20059	36	36	65	12	5	98	0	45
 20105	36	36	66	12	5	98	0	45
 20150	36	36	66	12	5	99	0	45
 20195	36	36	66	12	5	100	0	45
 20241	36	36	66	12	5	101	0	44
 20286	36	36	66	12	5	101	0	45
 20331	36	36	66	12	5	102	0	45
 20377	36	36	65	12	5	103	0	45
 20422	36	36	65	12	5	104	0	44
 20467	36	36	66	12	5	104	0	44
 20513	36	36	66	12	5	105	0	44
 20558	36	36	66	12	5	106	0	45
 20603	36	36	65	12	5	107	0	45
 20649	36	36	66	12	5	107	0	44
 20694	36	36	66	12	5	108	0	44
 20739	36	36	66	12	5	109	0	45
 20785	36	36	66	12	5	110	0	45
 20830	36	36	66	12	5	110	0	44
 20876	36	36	65	12	5	111	0	44
 20921	36	36	65	12	5	112	0	44
 20966	36	36	66	12	5	113	0	44
 21012	36	36	65	12	5	113	0	44
 21057	36	36	65	12	5	114	0	44
 21102	36	36	65	12	5	115	0	44
 21148	36	36	65	12	5	116	0	44
 21193	36	36	65	12	5	117	0	44
 21238	36	36	65	12	5	117	0	44
 21284	36	36	65	12	5	118	0	45
 21329	36	36	65	12	5	119	0	44
 21374	36	36	65	12	5	120	0	44
 21420	36	36	65	12	5	120	0	44
 21465	36	36	65	12	5	121	0	44
 21510	36	36	65	12	5	122	0	44
 21556	36	36	66	12	5	123	0	44
 21601	36	36	66	12	5	123	0	44
 21646	36	36	66	4	6	64	0	44
 21692	36	36	66	4	6	65	0	44
 21737	36	36	66	4	6	66	0	44
 21783	36	36	66	4	6	66	0	45
 21828	36	36	66	4	6	67	0	44
 21873	36	36	66	4	6	68	0	44
 21919	36	36	65	4	6	69	0	44
 21965	36	36	65	4	6	69	0	44
 22009	36	36	65	4	6	70	0	44
 22055	36	36	65	4	6	71	0	44
 22100	36	36	65	4	6	72	0	44
 22145	36	36	65	4	6	72	0	44
 22191	36	36	65	4	6	73	0	44
 22236	36	36	66	4	6	74	0	44
 22281	36	36	65	4	6	75	0	44
 22327	36	36	66	4	6	75	0	44
 22372	36	36	65	4	6	76	0	44
 22417	36	36	66	4	6	77	0	44
 22463	36	36	65	4	6	78	0	44
 22508	36	36	65	4	6	78	0	44
 22553	36	36	66	4	6	79	0	44
 22599	36	36	65	4	6	80	0	44
 22644	36	36	65	4	6	81	0	44
 22690	36	36	65	4	6	81	0	44
 22735	36	36	65	4	6	82	0	44
 22780	36	36	65	4	6	83	0	44
 22826	36	36	65	4	6	84	0	44
 22871	36	36	65	4	6	84	0	44
 22916	36	36	65	4	6	85	0	44
 22962	36	36	65	4	6	86	0	44
 23007	36	36	65	4	6	87	0	44
 23052	36	36	65	4	6	87	0	44
 23098	36	36	65	4	6	88	0	44
 23144	36	36	65	4	6	89	0	44
 23188	36	36	65	4	6	90	0	44
 23234	36	36	65	4	6	91	0	44
 23279	36	36	65	4	6	91	0	44
 23324	36	36	65	4	6	92	0	44
 23370	36	36	65	4	6	93	0	44
 23415	36	36	65	12	6	94	0	44
 23460	36	36	65	12	6	94	0	44
 23506	36	36	65	12	6	95	0	44
 23551	36	36	65	12	6	96	0	44
 23596	36	36	65	12	6	97	0	44
 23642	36	36	65	12	6	97	0	44
 23687	36	36	65	12	6	98	0	44
 23733	36	36	65	12	6	99	0	44
 23778	36	36	66	12	6	100	0	44
 23823	36	36	66	12	6	100	0	44
 23869	36	36	66	12	6	101	0	44
 23914	36	36	65	12	6	102	0	44
 23959	36	36	66	12	6	103	0	44
 24005	36	36	66	12	6	103	0	44
 24050	36	36	65	12	6	104	0	44
 24095	36	36	65	12	6	105	0	44
 24141	36	36	66	12	6	106	0	44
 24186	36	36	66	12	6	106	0	44
 24231	36	36	66	12	6	107	0	44
 24277	36	36	66	12	6	108	0	44
 24322	36	36	66	12	6	109	0	44
 24367	36	36	65	12	6	109	0	44
 24413	36	36	65	12	6	110	0	44
 24458	36	36	65	12	6	111	0	44
 24503	36	36	65	12	6	112	0	44
 24549	36	36	65	12	6	112	0	44
 24594	36	36	65	12	6	113	0	44
 24640	36	36	65	12	6	114	0	44
 24685	36	36	65	12	6	115	0	44
 24730	36	36	65	12	6	115	0	44
 24776	36	36	66	12	6	116	0	44
 24821	36	36	65	12	6	117	0	44
 24866	36	36	66	12	6	118	0	44
 24912	36	36	65	12	6	118	0	44
 24957	36	36	65	12	6	119	0	44
 25002	36	36	65	12	6	120	0	44
 25048	36	36	65	12	6	121	0	44
 25093	36	36	66	12	6	121	0	44
 25138	36	36	65	12	6	122	0	44
 25184	36	36	65	12	6	123	0	44
 25229	36	36	65	4	7	64	0	44
 25274	36	36	65	4	7	65	0	44
 25320	36	36	65	4	7	65	0	44
 25365	36	36	65	4	7	66	0	44
 25410	36	36	65	4	7	67	0	44
 25456	36	36	65	4	7	68	0	44
 25501	36	36	65	4	7	68	0	44
 25547	36	36	66	4	7	69	0	44
 25592	36	36	65	4	7	70	0	44
 25637	36	36	65	4	7	71	0	44
 25683	36	36	65	4	7	71	0	44
 25728	36	36	65	4	7	72	0	44
 25773	36	36	65	4	7	73	0	44
 25819	36	36	65	4	7	74	0	44
 25864	36	36	65	4	7	74	0	44
 25909	36	36	65	4	7	75	0	44
 25955	36	36	65	4	7	76	0	44
 26000	36	36	65	4	7	77	0	44
 26045	36	36	65	4	7	77	0	44
 26091	36	36	65	4	7	78	0	44
 26136	36	36	65	4	7	79	0	44
 26181	36	36	65	4	7	80	0	44
 26227	36	36	65	4	7	80	0	44
 26272	36	36	65	4	7	81	0	44
 26317	36	36	65	4	7	82	0	44
 26363	36	36	65	4	7	83	0	44
 26408	36	36	65	4	7	83	0	44
 26454	36	36	65	4	7	84	0	44
 26499	36	36	65	4	7	85	0	44
 26544	36	36	65	4	7	86	0	44
 26590	36	36	65	4	7	86	0	44
 26635	36	36	65	4	7	87	0	44
 26680	36	36	65	4	7	88	0	44
 26726	36	36	65	4	7	89	0	44
 26771	36	36	65	4	7	89	0	44
 26816	36	36	66	4	7	90	0	44
 26862	36	36	65	4	7	91	0	44
 26907	36	36	65	4	7	92	0	44
 26952	36	36	66	4	7	92	0	44
 26998	36	36	65	4	7	93	0	44
 27043	36	36	65	12	7	94	0	44
 27088	36	36	66	12	7	95	0	44
 27134	36	36	65	12	7	96	0	44
 27179	36	36	65	12	7	96	0	44
 27224	36	36	65	12	7	97	0	44
 27270	36	36	65	12	7	98	0	44
 27315	36	36	65	12	7	99	0	44
 27361	36	36	65	12	7	99	0	44
 27406	36	36	66	12	7	100	0	44
 27451	36	36	66	12	7	101	0	44
 27497	36	36	65	12	7	102	0	44
 27542	36	36	65	12	7	102	0	44
 27587	36	36	65	12	7	103	0	44
 27633	36	36	65	12	7	104	0	44
 27678	36	36	65	12	7	105	0	44
 27723	36	36	65	12	7	105	0	44
 27769	36	36	66	12	7	106	0	44
 27814	36	36	65	12	7	107	0	44
 27859	36	36	65	12	7	108	0	44
 27905	36	36	65	12	7	108	0	44
 27950	36	36	66	12	7	109	0	44
 27995	36	36	65	12	7	110	0	44
 28041	36	36	65	12	7	111	0	44
 28086	36	36	65	12	7	111	0	44
 28131	36	36	65	12	7	112	0	45
 28177	36	36	65	12	7	113	0	44
 28222	36	36	65	12	7	114	0	45
 28267	36	36	66	12	7	114	0	44
 28313	36	36	65	12	7	115	0	44
 28358	36	36	65	12	7	116	0	45
 28404	36	36	66	12	7	117	0	45
 28449	36	36	65	12	7	117	0	45
 28494	36	36	65	12	7	118	0	45
 28540	36	36	65	12	7	119	0	45
 28585	36	36	66	12	7	120	0	44
 28630	36	36	65	12	7	120	0	44
 28676	36	36	65	12	7	121	0	43
 28721	36	36	66	12	7	122	0	43
 28766	36	36	66	12	7	123	0	43
 28812	36	36	66	12	7	123	0	43
 28857	36	36	66	4	8	64	0	43
 28902	36	36	66	4	8	65	0	42
 28948	36	36	66	4	8	66	0	42
 28993	36	36	65	4	8	66	0	42
 29039	36	36	66	4	8	67	0	42
 29084	36	36	66	4	8	68	0	42
 29130	36	36	65	4	8	69	0	42
 29174	36	36	65	4	8	70	0	42
 29220	36	36	66	4	8	70	0	42
 29265	36	36	65	4	8	71	0	42
 29311	36	36	66	4	8	72	0	42
 29356	36	36	66	4	8	73	0	42
 29401	36	36	66	4	8	73	0	42
 29447	36	36	66	4	8	74	0	42
 29492	36	36	67	4	8	75	0	42
 29537	36	36	66	4	8	76	0	42
 29583	36	36	65	4	8	76	0	42
 29628	36	36	66	4	8	77	0	42
 29673	36	36	66	4	8	78	0	42
 29719	36	36	66	4	8	79	0	42
 29765	36	36	66	4	8	79	0	42
 29809	36	36	66	4	8	80	0	42
 29855	36	36	65	4	8	81	0	42
 29900	36	36	66	4	8	82	0	42
 29945	36	36	66	4	8	82	0	42
 29991	36	36	66	4	8	83	0	42
 30036	36	36	66	4	8	84	0	42
 30081	36	36	66	4	8	85	0	41
 30127	36	36	66	4	8	85	0	41
 30172	36	36	66	4	8	86	0	41
 30218	36	36	66	4	8	87	0	42
 30263	36	36	66	4	8	88	0	42
 30308	36	36	66	4	8	88	0	42
 30354	36	36	66	4	8	89	0	42
 30399	36	36	66	4	8	90	0	42
 30444	36	36	66	4	8	91	0	42
 30490	36	36	66	4	8	91	0	41
 30535	36	36	66	4	8	92	0	41
 30580	36	36	66	4	8	93	0	41
 30626	36	36	66	12	8	94	0	42
 30671	36	36	66	12	8	94	0	42
 30716	36	36	66	12	8	95	0	42
 30762	36	36	66	12	8	96	0	42
 30807	36	36	66	12	8	97	0	42
 30852	36	36	66	12	8	97	0	42
 30898	36	36	66	12	8	98	0	42
 30943	36	36	66	12	8	99	0	42
 30988	36	36	66	12	8	100	0	42
 31034	36	36	66	12	8	100	0	42
 31079	36	36	66	12	8	101	0	42
 31125	36	36	66	12	8	102	0	42
 31170	36	36	66	12	8	103	0	42
 31215	36	36	66	12	8	104	0	42
 31261	36	36	66	12	8	104	0	42
 31306	36	36	66	12	8	105	0	42
 31351	36	36	66	12	8	106	0	42
 31397	36	36	66	12	8	107	0	42
 31442	36	36	66	12	8	107	0	42
 31487	36	36	66	12	8	108	0	42
 31533	36	36	66	12	8	109	0	42
 31578	36	36	66	12	8	110	0	42
 31623	36	36	66	12	8	110	0	42
 31669	36	36	66	12	8	111	0	42
 31714	36	36	66	12	8	112	0	42
 31759	36	36	66	12	8	113	0	42
 31805	36	36	66	12	8	113	0	42
 31850	36	36	66	12	8	114	0	42
 31895	36	36	66	12	8	115	0	42
 31941	36	36	66	12	8	116	0	42
 31986	36	36	66	12	8	116	0	42
 32032	36	36	66	12	8	117	0	42
 32077	36	36	66	12	8	118	0	42
 32122	36	36	66	12	8	119	0	41
 32228	36	36	66	12	8	120	0	41
 32273	36	36	66	12	8	121	0	41
 32319	36	36	66	12	8	122	0	41
 32364	36	36	66	12	8	123	0	41
 32409	36	36	66	12	8	123	0	42
 32455	36	36	66	4	9	64	0	41
 32500	36	36	66	4	9	65	0	42
 32545	36	36	66	4	9	66	0	42
 32591	36	36	66	4	9	66	0	42
 32636	36	36	66	4	9	67	0	42
 32681	36	36	66	4	9	68	0	42
 32727	36	36	66	4	9	69	0	42
 32772	36	36	66	4	9	69	0	42
 32817	36	36	66	4	9	70	0	42
 32863	36	36	66	4	9	71	0	42
 32908	36	36	67	4	9	72	0	42
 32954	36	36	66	4	9	72	0	42
 32999	36	36	66	4	9	73	0	42
 33044	36	36	66	4	9	74	0	42
 33090	36	36	66	4	9	75	0	42
 33135	36	36	66	4	9	75	0	42
 33180	36	36	66	4	9	76	0	42
 33226	36	36	67	4	9	77	0	42
 33271	36	36	67	4	9	78	0	42
 33316	36	36	67	4	9	79	0	42
 33362	36	36	67	4	9	79	0	42
 33407	36	36	67	4	9	80	0	42
 33452	36	36	66	4	9	81	0	42
 33498	36	36	68	4	9	82	0	42
 33543	36	36	67	4	9	82	0	42
 33588	36	36	67	4	9	83	0	42
 33634	36	36	67	4	9	84	0	42
 33679	36	36	67	4	9	85	0	42
 33724	37	36	67	4	9	85	0	42
 33770	36	36	67	4	9	86	0	42
 33815	36	36	67	4	9	87	0	42
 33861	36	36	67	4	9	88	0	42
 33906	36	36	67	4	9	88	0	42
 33951	36	36	67	4	9	89	0	42
 33997	36	36	67	4	9	90	0	42
 34042	36	36	67	4	9	91	0	42
 34087	36	36	67	4	9	91	0	42
 34133	36	36	67	4	9	92	0	42
 34178	36	36	67	4	9	93	0	42
 34223	36	36	67	12	9	94	0	42
 34269	36	36	67	12	9	94	0	42
 34314	36	36	67	12	9	95	0	42
 34359	36	36	67	12	9	96	0	42
 34405	36	36	67	12	9	97	0	42
 34450	36	36	67	12	9	97	0	42
 34495	36	36	67	12	9	98	0	42
 34541	36	36	67	12	9	99	0	42
 34586	36	36	67	12	9	100	0	42
 34631	36	36	67	12	9	100	0	42
 34677	36	36	67	12	9	101	0	42
 34722	36	36	67	12	9	102	0	42
 34768	36	36	67	12	9	103	0	42
 34813	36	36	67	12	9	104	0	42
 34858	36	36	67	12	9	104	0	42
 34904	36	36	67	12	9	105	0	42
 34949	36	36	67	12	9	106	0	42
 34994	36	36	67	12	9	107	0	42
 35040	36	36	67	12	9	107	0	42
 35085	36	36	67	12	9	108	0	42
 35130	36	36	67	12	9	109	0	42
 35176	36	36	68	12	9	110	0	42
 35221	36	36	67	12	9	110	0	42
 35266	36	36	67	12	9	111	0	42
 35312	36	36	67	12	9	112	0	42
 35357	36	37	67	12	9	113	0	42
 35402	36	36	68	12	9	113	0	42
 35448	36	36	67	12	9	114	0	42
 35493	36	36	68	12	9	115	0	42
 35539	36	36	68	12	9	116	0	42
 35584	36	36	68	12	9	116	0	42
 35629	36	36	68	12	9	117	0	42
 35675	36	36	68	12	9	118	0	42
 35720	36	36	68	12	9	119	0	42
 35765	36	36	68	12	9	119	0	42
 35811	36	36	68	12	9	120	0	42
 35856	36	36	68	12	9	121	0	42
 35901	36	36	68	12	9	122	0	43
 35947	36	36	68	12	9	122	0	43
 35992	36	36	69	12	9	123	0	43
 36037	36	36	68	4	10	64	0	43
 36083	36	36	68	4	10	65	0	43
 36128	36	36	68	4	10	65	0	43
 36173	36	36	68	4	10	66	0	43
 36219	36	37	68	4	10	67	0	43
 36264	36	36	68	4	10	68	0	43
 36309	36	36	68	4	10	68	0	43
 36355	36	36	68	4	10	69	0	43
 36400	36	36	68	4	10	70	0	43
 36446	36	36	68	4	10	71	0	43
 36491	36	36	68	4	10	71	0	43
 36536	37	36	68	4	10	72	0	43
 36582	36	36	68	4	10	73	0	43
 36627	36	36	69	4	10	74	0	43
 36672	36	36	68	4	10	74	0	43
 36718	36	36	68	4	10	75	0	43
 36763	36	36	69	4	10	76	0	43
 36808	36	36	69	4	10	77	0	43
 36854	37	36	69	4	10	78	0	43
 36899	36	36	68	4	10	78	0	43
 36945	36	36	68	4	10	79	0	43
 36990	36	36	68	4	10	80	0	43
 37035	36	36	68	4	10	81	0	43
 37080	36	36	69	4	10	81	0	43
 37126	36	37	68	4	10	82	0	43
 37171	36	36	68	4	10	83	0	43
 37217	36	36	69	4	10	84	0	43
 37262	36	36	69	4	10	84	0	43
 37307	37	37	69	4	10	85	0	43
 37353	37	37	69	4	10	86	0	43
 37398	36	37	69	4	10	87	0	43
 37443	36	37	69	4	10	87	0	43
 37489	37	37	69	4	10	88	0	43
 37534	36	37	69	4	10	89	0	43
 37579	37	37	69	4	10	90	0	43
 37625	36	37	69	4	10	90	0	43
 37670	37	37	69	4	10	91	0	43
 37715	36	37	69	4	10	92	0	43
 37761	36	37	69	4	10	93	0	43
 37806	36	36	69	4	10	93	0	43
 37851	37	36	69	12	10	94	0	43
 37897	36	36	69	12	10	95	0	43
 37942	36	37	69	12	10	96	0	43
 37987	37	37	69	12	10	96	0	43
 38033	36	37	69	12	10	97	0	44
 38078	36	36	69	12	10	98	0	44
 38124	36	36	69	12	10	99	0	44
 38169	36	37	69	12	10	99	0	44
 38214	37	37	69	12	10	100	0	44
 38260	36	37	69	12	10	101	0	44
 38305	37	37	69	12	10	102	0	44
 38350	37	37	69	12	10	102	0	44
 38396	36	36	69	12	10	103	0	44
 38441	37	36	69	12	10	104	0	44
 38486	36	37	69	12	10	105	0	44
 38532	37	37	69	12	10	105	0	44
 38577	36	36	69	12	10	106	0	44
 38623	37	37	69	12	10	107	0	44
 38668	36	37	69	12	10	108	0	44
 38713	36	37	69	12	10	108	0	44
 38758	36	36	69	12	10	109	0	44
 38804	36	37	69	12	10	110	0	44
 38849	37	37	69	12	10	111	0	44
 38894	36	37	69	12	10	112	0	44
 38940	37	37	70	12	10	112	0	44
 38985	37	37	70	12	10	113	0	44
 39031	37	37	70	12	10	114	0	44
 39076	37	37	70	12	10	115	0	44
 39121	37	37	70	12	10	115	0	44
 39167	37	37	70	12	10	116	0	44
 39212	36	37	70	12	10	117	0	44
 39257	37	37	70	12	10	118	0	44
 39303	37	37	69	12	10	118	0	44
 39348	37	37	70	12	10	119	0	44
 39393	37	37	70	12	10	120	0	44
 39439	37	37	70	12	10	121	0	44
 39484	37	37	70	12	10	121	0	44
 39529	37	37	70	12	10	122	0	44
 39575	37	37	70	12	10	123	0	44
 39620	37	37	70	36	11	64	0	44
 39665	37	37	70	36	11	64	0	44
 39711	37	37	70	36	11	65	0	44
 39756	37	37	70	36	11	66	0	44
 39801	37	37	70	36	11	67	0	44
 39847	37	37	70	36	11	67	0	44
 39892	37	37	70	36	11	68	0	44
 39937	36	37	70	36	11	69	0	44
 39983	37	37	70	36	11	70	0	44
 40028	37	37	70	36	11	70	0	44
 40074	37	37	70	36	11	71	0	44
 40119	37	37	70	36	11	72	0	44
 40164	37	37	70	36	11	73	0	44
 40210	37	37	70	36	11	73	0	44
 40255	37	37	70	36	11	74	0	44
 40300	37	37	70	36	11	75	0	44
 40346	37	37	71	36	11	76	0	44
 40391	36	37	70	36	11	76	0	44
 40436	37	36	70	36	11	77	0	44
 40482	37	37	71	36	11	78	0	44
 40527	37	37	70	36	11	79	0	44
 40573	37	37	70	36	11	79	0	44
 40618	37	37	70	36	11	80	0	44
 40663	37	37	71	36	11	81	0	44
 40708	37	37	71	36	11	82	0	44
 40754	37	37	71	36	11	83	0	44
 40799	37	37	71	36	11	83	0	44
 40844	37	37	71	36	11	84	0	44
 40890	37	37	71	36	11	85	0	44
 40935	36	37	71	36	11	86	0	44
 40981	37	37	71	36	11	86	0	44
 41026	37	37	71	36	11	87	0	44
 41071	37	37	71	36	11	88	0	44
 41117	37	37	71	36	11	89	0	44
 41162	37	37	71	36	11	89	0	44
 41207	37	37	71	36	11	90	0	44
 41253	37	37	71	36	11	91	0	44
 41298	37	37	71	36	11	92	0	44
 41343	37	37	71	36	11	92	0	44
 41389	37	37	72	36	11	93	0	44
 41434	37	37	72	44	11	94	0	45
 41479	37	37	71	44	11	95	0	45
 41525	37	37	72	44	11	95	0	45
 41570	37	37	71	44	11	96	0	45
 41615	37	37	71	44	11	97	0	45
 41661	37	37	71	44	11	98	0	45
 41706	37	37	71	44	11	98	0	45
 41752	37	37	72	44	11	99	0	45
 41797	37	37	71	44	11	100	0	45
 41842	37	37	71	44	11	101	0	45
 41888	37	37	71	44	11	101	0	45
 41933	37	37	72	44	11	102	0	45
 41979	37	37	71	44	11	103	0	45
 42024	37	37	72	44	11	104	0	45
 42069	37	37	71	44	11	104	0	45
 42114	37	37	72	44	11	105	0	45
 42160	37	37	71	44	11	106	0	45
 42205	37	37	71	44	11	107	0	45
 42250	37	37	71	44	11	107	0	45
 42296	37	37	71	44	11	108	0	45
 42341	37	37	72	44	11	109	0	45
 42386	37	37	72	44	11	110	0	45
 42432	37	37	71	44	11	110	0	45
 42477	37	37	72	44	11	111	0	45
 42522	37	37	71	44	11	112	0	45
 42568	37	37	72	44	11	113	0	45
 42613	37	37	72	44	11	113	0	45
 42658	37	37	72	44	11	114	0	45
 42704	37	37	72	44	11	115	0	45
 42749	37	37	72	44	11	116	0	45
 42795	37	37	72	44	11	117	0	45
 42840	37	37	72	44	11	117	0	45
 42885	37	37	72	44	11	118	0	45
 42931	37	37	72	44	11	119	0	45
 42976	37	37	72	44	11	120	0	45
 43021	37	37	72	44	11	120	0	45
 43067	37	37	72	44	11	121	0	45
 43112	37	37	72	44	11	122	0	45
 43157	37	37	72	44	11	123	0	45
 43203	37	37	72	44	11	123	0	45
 43248	37	37	72	36	12	64	0	45
 43293	37	37	72	36	12	65	0	45
 43339	37	37	72	36	12	66	0	45
 43384	37	37	72	36	12	66	0	45
 43429	37	37	72	36	12	67	0	45
 43475	37	37	72	36	12	68	0	45
 43520	37	37	72	36	12	69	0	45
 43565	37	37	72	36	12	69	0	45
 43611	37	37	72	36	12	70	0	45
 43656	37	37	72	36	12	71	0	45
 43702	37	37	72	36	12	72	0	45
 43747	37	37	72	36	12	72	0	45
 43792	37	37	72	36	12	73	0	45
 43838	37	37	72	36	12	74	0	45
 43883	37	37	72	36	12	75	0	45
 43928	37	37	72	36	12	75	0	45
 43974	37	37	72	36	12	76	0	45
 44019	37	37	72	36	12	77	0	45
 44064	37	37	72	36	12	78	0	45
 44110	37	37	72	36	12	78	0	45
 44155	37	37	72	36	12	79	0	45
 44200	37	37	72	36	12	80	0	45
 44246	37	37	72	36	12	81	0	45
 44291	37	37	72	36	12	81	0	45
 44336	37	37	72	36	12	82	0	45
 44382	37	37	73	36	12	83	0	45
 44427	37	37	73	36	12	84	0	45
 44472	37	37	73	36	12	84	0	45
 44518	37	37	73	36	12	85	0	45
 44563	37	37	73	36	12	86	0	45
 44609	37	37	73	36	12	87	0	45
 44654	37	37	73	36	12	87	0	45
 44699	37	37	73	36	12	88	0	45
 44745	37	37	73	36	12	89	0	45
 44790	37	37	73	36	12	90	0	45
 44835	37	37	73	36	12	91	0	45
 44881	37	37	73	36	12	91	0	45
 44926	37	37	73	36	12	92	0	45
 44971	37	37	73	36	12	93	0	45
 45026	37	37	73	44	12	94	0	45
 45071	37	37	73	44	12	94	0	45
 45116	37	37	73	44	12	95	0	45
 45162	37	37	73	44	12	96	0	45
 45207	37	37	74	44	12	97	0	45
 45252	37	37	73	44	12	97	0	45
 45298	37	37	73	44	12	98	0	45
 45343	37	37	73	44	12	99	0	45
 45389	37	37	73	44	12	100	0	45
 45434	37	37	73	44	12	100	0	45
 45479	37	37	74	44	12	101	0	45
 45525	37	37	74	44	12	102	0	45
 45570	37	37	74	44	12	103	0	45
 45615	37	37	73	44	12	104	0	45
 45661	37	37	74	44	12	104	0	45
 45706	37	37	74	44	12	105	0	45
 45751	37	37	74	44	12	106	0	45
 45797	37	37	73	44	12	107	0	45
 45842	37	37	74	44	12	107	0	45
 45887	37	37	74	44	12	108	0	45
 45933	37	37	74	44	12	109	0	45
 45978	37	37	74	44	12	110	0	45
 46023	37	37	74	44	12	110	0	45
 46069	37	37	74	44	12	111	0	45
 46114	37	37	74	44	12	112	0	45
 46160	37	37	74	44	12	113	0	45
 46205	37	37	74	44	12	113	0	45
 46250	37	37	74	44	12	114	0	45
 46296	37	37	74	44	12	115	0	45
 46341	37	37	74	44	12	116	0	45
 46386	37	37	74	44	12	116	0	45
 46432	37	37	74	44	12	117	0	45
 46477	37	37	74	44	12	118	0	45
 46522	37	37	74	44	12	119	0	45
 46568	37	37	74	44	12	119	0	45
 46613	37	37	74	44	12	120	0	45
 46658	37	37	74	44	12	121	0	45
 46704	37	37	74	44	12	122	0	45
 46749	37	38	74	44	12	122	0	45
 46794	37	37	74	44	12	123	0	45
 46840	37	37	74	36	13	64	0	45
 46885	37	37	74	36	13	65	0	45
 46930	37	37	74	36	13	65	0	45
 46976	37	37	74	36	13	66	0	45
 47021	37	37	74	36	13	67	0	45
 47067	37	37	74	36	13	68	0	45
 47114	37	37	74	36	13	68	0	45
 47157	37	37	74	36	13	69	0	45
 47203	37	37	74	36	13	70	0	45
 47248	37	37	74	36	13	71	0	45
 47293	37	38	74	36	13	71	0	45
 47339	37	38	74	36	13	72	0	45
 47384	37	37	74	36	13	73	0	45
 47429	37	37	74	36	13	74	0	45
 47475	37	38	74	36	13	74	0	45
 47520	38	37	74	36	13	75	0	45
 47566	37	37	74	36	13	76	0	45
 47611	37	37	74	36	13	77	0	46
 47656	38	38	74	36	13	78	0	46
 47701	37	37	75	36	13	78	0	46
 47747	37	38	74	36	13	79	0	46
 47792	37	38	75	36	13	80	0	46
 47838	37	38	75	36	13	81	0	46
 47883	37	38	75	36	13	81	0	46
 47928	37	37	75	36	13	82	0	46
 47974	37	37	75	36	13	83	0	46
 48019	38	37	76	36	13	84	0	46
 48064	37	38	75	36	13	84	0	46
 48110	37	38	75	36	13	85	0	46
 48155	37	38	76	36	13	86	0	46
 48200	38	37	76	36	13	87	0	46
 48246	38	38	76	36	13	87	0	46
 48291	37	38	76	36	13	88	0	46
 48336	37	38	76	36	13	89	0	46
 48382	37	38	77	36	13	90	0	46
 48427	37	38	76	36	13	90	0	46
 48472	37	38	77	36	13	91	0	46
 48518	37	38	77	36	13	92	0	46
 48563	37	37	77	36	13	93	0	46
 48609	37	37	77	36	13	93	0	46
 48654	37	38	77	44	13	94	0	46
 48699	38	38	77	44	13	95	0	46
 48745	37	37	77	44	13	96	0	46
 48790	38	38	77	44	13	97	0	46
 48835	38	38	77	44	13	97	0	46
 48881	38	38	77	44	13	98	0	46
 48926	38	38	77	44	13	99	0	46
 48971	38	38	77	44	13	100	0	46
 49017	38	38	76	44	13	100	0	46
 49062	38	38	76	44	13	101	0	46
 49107	38	38	77	44	13	102	0	46
 49153	38	38	77	44	13	103	0	46
 49198	38	38	77	44	13	103	0	46
 49243	38	38	77	44	13	104	0	46
 49289	38	38	78	44	13	105	0	46
 49334	38	38	78	44	13	106	0	46
 49380	38	38	78	44	13	106	0	46
 49425	38	38	78	44	13	107	0	46
 49470	37	37	78	44	13	108	0	46
 49516	38	38	78	44	13	109	0	46
 49564	38	38	78	44	13	109	0	46
 49606	38	38	78	44	13	110	0	46
 49652	38	38	78	44	13	111	0	46
 49697	38	38	78	44	13	112	0	46
 49742	38	38	78	44	13	112	0	46
 49788	38	38	78	44	13	113	0	46
 49833	38	38	78	44	13	114	0	46
 49878	38	38	78	44	13	115	0	46
 49924	38	38	78	44	13	115	0	46
 49969	38	38	78	44	13	116	0	46
 50014	38	38	78	44	13	117	0	46
 50060	38	38	78	44	13	118	0	46
 50105	38	38	79	44	13	118	0	46
 50150	38	38	79	44	13	119	0	46
 50196	38	38	79	44	13	120	0	46
 50241	38	38	80	44	13	121	0	46
 50286	38	38	80	44	13	121	0	46
 50332	38	38	80	44	13	122	0	46
 50377	38	38	80	44	13	123	0	46
 50423	38	38	80	36	14	64	0	46
 50468	38	38	80	36	14	65	0	46
 50513	38	38	79	36	14	65	0	46
 50559	38	38	80	36	14	66	0	46
 50604	38	38	80	36	14	67	0	46
 50649	38	38	80	36	14	68	0	46
 50695	38	38	80	36	14	68	0	46
 50740	38	38	80	36	14	69	0	46
 50785	38	38	80	36	14	70	0	47
 50831	38	38	80	36	14	71	0	46
 50876	38	38	80	36	14	71	0	47
 50921	38	38	80	36	14	72	0	47
 50967	38	38	80	36	14	73	0	47
 51012	38	38	80	36	14	74	0	47
 51057	38	38	80	36	14	74	0	47
 51103	38	38	80	36	14	75	0	47
 51148	38	38	80	36	14	76	0	47
 51194	38	38	80	36	14	77	0	47
 51239	38	38	80	36	14	77	0	47
 51284	38	38	80	36	14	78	0	47
 51330	38	38	80	36	14	79	0	47
 51375	38	38	80	36	14	80	0	47
 51420	38	38	80	36	14	80	0	47
 51466	38	38	81	36	14	81	0	47
 51511	38	38	81	36	14	82	0	47
 51556	38	38	81	36	14	83	0	47
 51602	38	38	81	36	14	83	0	47
 51647	38	38	81	36	14	84	0	47
 51692	38	38	81	36	14	85	0	47
 51738	38	38	80	36	14	86	0	47
 51783	38	38	80	36	14	86	0	47
 51828	38	38	81	36	14	87	0	47
 51874	38	38	81	36	14	88	0	47
 51919	38	38	81	36	14	89	0	47
 51964	38	38	81	36	14	89	0	47
 52010	38	38	81	36	14	90	0	47
 52055	38	38	81	36	14	91	0	47
 52101	38	38	81	36	14	92	0	47
 52146	38	38	81	36	14	92	0	47
 52191	38	38	81	36	14	93	0	47
 52237	38	38	81	44	14	94	0	47
 52282	38	38	80	44	14	95	0	47
 52327	38	38	80	44	14	96	0	47
 52373	38	38	80	44	14	96	0	47
 52418	38	38	80	44	14	97	0	47
 52463	38	38	80	44	14	98	0	47
 52509	38	38	80	44	14	99	0	47
 52554	38	38	81	44	14	99	0	47
 52599	38	38	81	44	14	100	0	47
 52645	38	38	81	44	14	101	0	47
 52690	38	38	81	44	14	102	0	48
 52735	38	38	81	44	14	102	0	48
 52781	38	38	80	44	14	103	0	48
 52826	38	38	80	44	14	104	0	48
 52872	38	38	80	44	14	105	0	48
 52917	38	38	80	44	14	105	0	48
 52962	38	38	80	44	14	106	0	48
 53008	38	38	80	44	14	107	0	48
 53053	38	38	80	44	14	108	0	48
 53098	38	38	80	44	14	108	0	48
 53144	38	38	80	44	14	109	0	48
 53189	38	38	80	44	14	110	0	48
 53234	38	38	80	44	14	111	0	48
 53280	38	38	80	44	14	111	0	48
 53325	38	38	80	44	14	112	0	48
 53370	38	38	80	44	14	113	0	48
 53416	38	38	80	44	14	114	0	48
 53461	38	38	80	44	14	114	0	49
 53506	38	38	80	44	14	115	0	49
 53552	38	38	80	44	14	116	0	49
 53597	38	38	80	44	14	117	0	49
 53643	38	38	80	44	14	117	0	49
 53688	38	38	80	44	14	118	0	50
 53733	38	38	81	44	14	119	0	50
 53779	38	38	80	44	14	120	0	50
 53824	38	38	80	44	14	120	0	51
 53869	38	38	80	44	14	121	0	51
 53915	38	38	80	44	14	122	0	51
 53960	38	38	80	44	14	123	0	51
 54005	38	38	80	44	14	123	0	52
 54051	38	38	80	36	15	64	0	52
 54096	38	38	80	36	15	65	0	52
 54141	38	38	80	36	15	66	0	52
 54187	38	38	80	36	15	66	0	52
 54232	38	38	80	36	15	67	0	53
 54277	38	38	80	36	15	68	0	53
 54323	38	38	80	36	15	69	0	53
 54368	38	38	80	36	15	70	0	53
 54414	38	38	80	36	15	70	0	53
 54459	38	38	79	36	15	71	0	52
 54504	38	38	79	36	15	72	0	52
 54550	38	38	80	36	15	73	0	51
 54595	38	38	80	36	15	73	0	51
 54640	38	38	79	36	15	74	0	50
 54686	38	38	79	36	15	75	0	50
 54731	38	38	79	36	15	76	0	50
 54776	38	38	79	36	15	76	0	49
 54822	38	38	79	36	15	77	0	49
 54867	38	38	79	36	15	78	0	49
 54912	38	38	79	36	15	79	0	49
 54958	38	38	79	36	15	79	0	49
 55003	38	38	79	36	15	80	0	49
 55048	38	38	79	36	15	81	0	49
 55094	38	38	79	36	15	82	0	49
 55139	38	38	79	36	15	82	0	49
 55184	38	38	79	36	15	83	0	49
 55230	38	38	79	36	15	84	0	49
 55275	38	38	79	36	15	85	0	49
 55321	38	38	79	36	15	85	0	49
 55366	38	38	79	36	15	86	0	49
 55411	38	38	79	36	15	87	0	49
 55457	38	38	79	36	15	88	0	49
 55502	38	38	79	36	15	88	0	49
 55547	38	38	79	36	15	89	0	49
 55593	38	39	79	36	15	90	0	49
 55638	39	38	79	36	15	91	0	49
 55683	38	38	79	36	15	91	0	49
 55729	39	38	79	36	15	92	0	49
 55774	38	39	79	36	15	93	0	49
 55819	38	39	79	44	15	94	0	49
 55865	38	39	79	44	15	94	0	49
 55910	38	39	79	44	15	95	0	49
 55955	38	38	79	44	15	96	0	49
 56001	38	39	79	44	15	97	0	49
 56046	38	38	78	44	15	97	0	49
 56092	38	38	79	44	15	98	0	48
 56137	38	39	79	44	15	99	0	48
 56182	39	39	78	44	15	100	0	48
 56228	38	38	79	44	15	100	0	48
 56273	38	39	79	44	15	101	0	48
 56318	38	38	78	44	15	102	0	48
 56364	38	38	79	44	15	103	0	48
 56409	38	38	79	44	15	104	0	48
 56454	38	38	79	44	15	104	0	48
 56500	38	39	78	44	15	105	0	48
 56545	38	39	78	44	15	106	0	48
 56590	38	38	78	44	15	107	0	48
 56636	39	39	79	44	15	107	0	48
 56681	38	38	79	44	15	108	0	48
 56726	38	39	79	44	15	109	0	48
 56772	38	39	78	44	15	110	0	48
 56817	39	39	79	44	15	110	0	48
 56863	39	39	78	44	15	111	0	48
 56908	39	39	78	44	15	112	0	48
 56953	38	39	78	44	15	113	0	48
 56999	38	39	78	44	15	113	0	48
 57044	38	38	78	44	15	114	0	48
 57089	39	38	78	44	15	115	0	48
 57135	38	38	78	44	15	116	0	48
 57180	39	38	78	44	15	116	0	48
 57225	38	39	78	44	15	117	0	48
 57271	38	39	78	44	15	118	0	48
 57316	39	39	78	44	15	119	0	48
 57361	38	38	78	44	15	119	0	48
 57407	39	38	78	44	15	120	0	48
 57452	39	39	79	44	15	121	0	48
 57497	39	39	78	44	15	122	0	48
 57543	38	38	78	44	15	122	0	48
 57588	38	39	78	44	15	123	0	48
 57634	39	38	78	36	16	64	0	48
 57679	38	38	79	36	16	65	0	48
 57724	38	39	78	36	16	65	0	48
 57770	38	39	78	36	16	66	0	48
 57815	39	38	79	36	16	67	0	48
 57860	39	39	78	36	16	68	0	48
 57906	38	38	79	36	16	68	0	48
 57951	38	38	79	36	16	69	0	48
 57996	39	39	78	36	16	70	0	48
 58042	38	38	79	36	16	71	0	48
 58087	39	39	79	36	16	71	0	48
 58132	38	38	79	36	16	72	0	48
 58178	39	39	79	36	16	73	0	48
 58223	39	39	78	36	16	74	0	48
 58268	39	38	78	36	16	74	0	48
 58314	38	39	78	36	16	75	0	48
 58359	39	39	79	36	16	76	0	48
 58405	39	39	78	36	16	77	0	48
 58450	38	38	78	36	16	78	0	48
 58495	39	38	78	36	16	78	0	48
 58541	39	39	78	36	16	79	0	48
 58586	39	39	78	36	16	80	0	48
 58631	39	39	78	36	16	81	0	48
 58677	38	38	79	36	16	81	0	48
 58722	38	38	78	36	16	82	0	48
 58767	39	39	79	36	16	83	0	48
 58813	39	39	79	36	16	84	0	48
 58858	39	39	78	36	16	84	0	48
 58903	39	39	78	36	16	85	0	48
 58949	38	39	78	36	16	86	0	48
 58994	39	38	78	36	16	87	0	48
 59039	39	39	78	36	16	87	0	48
 59085	38	39	78	36	16	88	0	48
 59130	39	39	78	36	16	89	0	48
 59175	39	39	78	36	16	90	0	48
 59221	39	39	78	36	16	90	0	48
 59266	39	39	78	36	16	91	0	48
 59312	39	39	79	36	16	92	0	48
 59357	39	39	79	36	16	93	0	48
 59402	39	39	78	36	16	93	0	48
 59448	39	39	78	44	16	94	0	48
 59493	39	39	78	44	16	95	0	48
 59538	39	39	78	44	16	96	0	48
 59584	39	39	78	44	16	96	0	48
 59629	39	39	78	44	16	97	0	48
 59674	39	39	78	44	16	98	0	48
 59720	39	39	78	44	16	99	0	48
 59765	39	39	78	44	16	99	0	48
 59810	39	39	78	44	16	100	0	48
 59856	39	39	78	44	16	101	0	48
 59901	39	39	78	44	16	102	0	48
 59946	39	39	78	44	16	102	0	48
 59992	39	39	78	44	16	103	0	48
 60037	38	39	78	44	16	104	0	48
 60083	39	39	78	44	16	105	0	48
 60128	39	39	78	44	16	105	0	48
 60173	39	38	78	44	16	106	0	48
 60219	39	39	78	44	16	107	0	48
 60264	39	39	78	44	16	108	0	48
 60309	39	38	78	44	16	108	0	48
 60355	39	39	79	44	16	109	0	48
 60400	38	38	78	44	16	110	0	48
 60445	39	39	78	44	16	111	0	48
 60491	39	39	78	44	16	112	0	48
 60536	39	38	78	44	16	112	0	48
 60581	39	39	78	44	16	113	0	48
 60627	39	39	78	44	16	114	0	48
 60672	39	38	78	44	16	115	0	48
 60717	38	39	78	44	16	115	0	48
 60763	38	39	78	44	16	116	0	48
 60808	39	39	78	44	16	117	0	48
 60854	38	39	78	44	16	118	0	48
 60899	39	39	78	44	16	118	0	48
 60944	39	39	78	44	16	119	0	48
 60990	39	38	78	44	16	120	0	48
 61035	39	39	78	44	16	121	0	48
 61080	39	38	78	44	16	121	0	48
 61126	39	39	78	44	16	122	0	48
 61171	39	38	78	44	16	123	0	48
 61217	39	39	78	36	17	64	0	48
 61262	39	39	78	36	17	64	0	48
 61307	39	38	78	36	17	65	0	48
 61352	39	39	79	36	17	66	0	48
 61398	39	39	78	36	17	67	0	48
 61443	39	39	78	36	17	67	0	48
 61488	39	39	78	36	17	68	0	48
 61534	39	38	78	36	17	69	0	48
 61579	39	39	78	36	17	70	0	48
 61625	39	39	78	36	17	70	0	48
 61670	39	39	78	36	17	71	0	48
 61715	39	39	78	36	17	72	0	48
 61761	39	39	78	36	17	73	0	48
 61806	38	39	78	36	17	73	0	48
 61851	39	39	78	36	17	74	0	48
 61897	39	38	78	36	17	75	0	48
 61942	39	39	78	36	17	76	0	48
 61987	39	39	78	36	17	76	0	48
 62033	39	39	78	36	17	77	0	48
 62078	39	39	77	36	17	78	0	48
 62123	39	39	78	36	17	79	0	48
 62169	39	39	77	36	17	79	0	48
 62214	39	39	78	36	17	80	0	48
 62259	39	39	78	36	17	81	0	48
 62305	39	38	78	36	17	82	0	48
 62350	38	39	78	36	17	83	0	48
 62396	39	39	78	36	17	83	0	48
 62441	39	39	78	36	17	84	0	48
 62486	39	38	78	36	17	85	0	48
 62532	39	39	78	36	17	86	0	48
 62577	39	38	78	36	17	86	0	48
 62622	39	39	78	36	17	87	0	48
 62668	39	39	78	36	17	88	0	48
 62713	39	39	78	36	17	89	0	48
 62758	39	39	78	36	17	89	0	48
 62804	39	39	78	36	17	90	0	48
 62849	39	38	78	36	17	91	0	48
 62894	39	39	78	36	17	92	0	48
 62940	38	39	78	36	17	92	0	48
 62985	39	39	78	36	17	93	0	48
 63030	39	39	78	44	17	94	0	48
 63076	39	39	78	44	17	95	0	48
 63121	39	39	78	44	17	95	0	48
 63167	39	39	78	44	17	96	0	48
 63212	39	39	78	44	17	97	0	48
 63257	39	39	78	44	17	98	0	48
 63303	39	39	78	44	17	98	0	48
 63348	39	39	78	44	17	99	0	48
 63393	39	39	78	44	17	100	0	48
 63439	39	39	78	44	17	101	0	48
 63484	39	38	78	44	17	101	0	48
 63529	39	39	78	44	17	102	0	48
 63575	39	39	78	44	17	103	0	48
 63620	39	39	78	44	17	104	0	48
 63665	39	39	78	44	17	104	0	48
 63711	39	39	78	44	17	105	0	48
 63756	39	39	78	44	17	106	0	48
 63801	39	39	78	44	17	107	0	48
 63847	39	39	78	44	17	107	0	48
 63892	39	39	78	44	17	108	0	48
 63938	39	39	78	44	17	109	0	48
 63983	39	39	78	44	17	110	0	48
 64028	39	39	78	44	17	110	0	48
 64074	39	39	78	44	17	111	0	48
 64119	39	39	78	44	17	112	0	48
 64164	39	39	78	44	17	113	0	48
 64210	39	39	78	44	17	113	0	48
 64255	39	39	78	44	17	114	0	48
 64300	39	39	78	44	17	115	0	48
 64346	39	39	78	44	17	116	0	48
 64391	39	39	78	44	17	117	0	48
 64436	39	39	78	44	17	117	0	48
 64482	39	39	78	44	17	118	0	48
 64527	39	39	78	44	17	119	0	48
 64572	39	39	78	44	17	120	0	48
 64618	39	39	78	44	17	120	0	48
 64663	39	39	78	44	17	121	0	48
 64708	39	39	78	44	17	122	0	48
 64754	39	39	78	44	17	123	0	48
 64799	39	39	78	44	17	123	0	48
 64845	39	39	78	36	18	64	0	48
 64890	39	39	78	36	18	65	0	48
 64935	39	39	78	36	18	66	0	48
 64981	39	39	78	36	18	66	0	48
 65027	39	39	79	36	18	67	0	48
 65071	39	39	78	36	18	68	0	48
 65117	39	39	78	36	18	69	0	48
 65162	39	39	77	36	18	69	0	48
 65207	39	39	77	36	18	70	0	48
 65253	39	39	77	36	18	71	0	48
 65298	39	39	77	36	18	72	0	48
 65344	39	39	77	36	18	72	0	47
 65389	39	39	77	36	18	73	0	48
 65434	39	39	77	36	18	74	0	48
 65479	39	39	77	36	18	75	0	48
 65525	39	39	77	36	18	75	0	48
 65570	39	39	77	36	18	76	0	47
 65616	39	39	77	36	18	77	0	48
 65661	39	39	77	36	18	78	0	47
 65706	39	39	77	36	18	78	0	47
 65752	39	39	77	36	18	79	0	48
 65797	39	39	77	36	18	80	0	48
 65842	39	39	77	36	18	81	0	48
 65888	39	39	77	36	18	81	0	47
 65933	39	39	77	36	18	82	0	48
 65978	39	39	77	36	18	83	0	47
 66024	39	39	77	36	18	84	0	47
 66069	39	39	77	36	18	84	0	47
 66114	39	39	77	36	18	85	0	47
 66160	39	39	77	36	18	86	0	48
 66205	39	39	77	36	18	87	0	48
 66250	39	39	77	36	18	87	0	48
 66296	39	39	77	36	18	88	0	47
 66341	39	39	77	36	18	89	0	48
 66387	39	39	77	36	18	90	0	47
 66432	39	39	77	36	18	91	0	47
 66477	39	39	78	36	18	91	0	47
 66523	39	39	77	36	18	92	0	47
 66568	39	39	76	36	18	93	0	47
 66613	39	39	76	44	18	94	0	48
 66659	39	39	77	44	18	94	0	48
 66704	39	39	76	44	18	95	0	47
 66749	39	39	77	44	18	96	0	48
 66795	39	39	76	44	18	97	0	48
 66840	39	39	76	44	18	97	0	48
 66885	39	39	76	44	18	98	0	48
 66931	39	39	76	44	18	99	0	47
 66976	39	39	76	44	18	100	0	47
 67021	39	39	76	44	18	100	0	47
 67067	39	39	76	44	18	101	0	47
 67112	39	39	76	44	18	102	0	47
 67158	39	39	76	44	18	103	0	47
 67203	39	39	77	44	18	103	0	47
 67248	39	39	76	44	18	104	0	47
 67294	39	39	76	44	18	105	0	47
 67339	39	39	77	44	18	106	0	47
 67384	39	39	76	44	18	106	0	47
 67430	39	39	76	44	18	107	0	47
 67475	39	39	76	44	18	108	0	47
 67520	39	39	76	44	18	109	0	48
 67566	39	39	76	44	18	109	0	48
 67611	39	39	76	44	18	110	0	48
 67656	39	39	76	44	18	111	0	47
 67702	39	39	76	44	18	112	0	48
 67747	39	39	77	44	18	112	0	47
 67792	39	39	76	44	18	113	0	48
 67838	39	39	76	44	18	114	0	48
 67883	38	39	77	44	18	115	0	48
 67928	39	39	77	44	18	115	0	48
 67974	39	39	76	44	18	116	0	48
 68019	39	39	76	44	18	117	0	48
 68065	39	39	76	44	18	118	0	48
 68110	39	39	76	44	18	118	0	48
 68155	39	39	76	44	18	119	0	48
 68201	39	39	76	44	18	120	0	48
 68246	39	39	76	44	18	121	0	48
 68291	39	39	76	44	18	121	0	48
 68337	39	39	76	44	18	122	0	48
 68382	39	39	76	44	18	123	0	48
 68427	39	39	76	36	19	64	0	48
 68473	39	39	76	36	19	65	0	48
 68518	39	39	76	36	19	65	0	48
 68563	39	39	76	36	19	66	0	48
 68609	39	39	76	36	19	67	0	48
 68654	39	39	76	36	19	68	0	48
 68700	39	39	76	36	19	68	0	48
 68745	39	39	76	36	19	69	0	48
 68790	39	39	76	36	19	70	0	47
 68835	39	39	76	36	19	71	0	48
 68881	39	39	76	36	19	71	0	48
 68926	39	39	76	36	19	72	0	48
 68972	39	39	76	36	19	73	0	48
 69017	39	39	76	36	19	74	0	47
 69062	39	39	76	36	19	74	0	47
 69108	39	39	76	36	19	75	0	48
 69153	39	39	76	36	19	76	0	48
 69198	39	39	76	36	19	77	0	47
 69244	39	39	76	36	19	77	0	47
 69289	39	39	76	36	19	78	0	47
 69334	39	39	77	36	19	79	0	48
 69380	39	39	76	36	19	80	0	47
 69425	39	39	76	36	19	80	0	47
 69470	39	39	76	36	19	81	0	47
 69516	39	39	76	36	19	82	0	47
 69561	39	39	76	36	19	83	0	47
 69606	39	39	76	36	19	83	0	47
 69652	39	39	76	36	19	84	0	47
 69697	39	39	76	36	19	85	0	47
 69742	39	39	76	36	19	86	0	47
 69788	39	39	76	36	19	86	0	47
 69833	39	39	76	36	19	87	0	47
 69879	39	39	76	36	19	88	0	47
 69924	39	39	75	36	19	89	0	47
 69969	39	39	76	36	19	89	0	47
 70015	39	39	76	36	19	90	0	47
 70060	39	39	76	36	19	91	0	47
 70105	39	39	76	36	19	92	0	47
 70151	39	39	76	36	19	92	0	47
 70196	39	39	75	36	19	93	0	47
 70241	39	39	75	44	19	94	0	47
 70287	39	39	76	44	19	95	0	47
 70332	39	39	75	44	19	96	0	47
 70377	39	39	75	44	19	96	0	47
 70423	39	39	75	44	19	97	0	47
 70468	39	39	75	44	19	98	0	47
 70513	39	39	76	44	19	99	0	47
 70559	39	39	75	44	19	99	0	47
 70604	39	39	75	44	19	100	0	47
 70649	39	39	75	44	19	101	0	47
 70695	39	39	75	44	19	102	0	47
 70740	39	39	75	44	19	102	0	47
 70786	39	39	75	44	19	103	0	47
 70831	39	39	75	44	19	104	0	47
 70876	39	39	75	44	19	105	0	47
 70922	39	39	75	44	19	105	0	47
 70967	39	39	75	44	19	106	0	47
 71012	39	39	75	44	19	107	0	47
 71058	39	39	75	44	19	108	0	47
 71103	39	39	75	44	19	108	0	47
 71148	39	39	75	44	19	109	0	47
 71194	39	39	75	44	19	110	0	47
 71239	39	39	75	44	19	111	0	47
 71284	39	39	75	44	19	111	0	47
 71330	39	39	75	44	19	112	0	47
 71375	39	39	75	44	19	113	0	47
 71420	39	39	75	44	19	114	0	47
 71466	39	39	75	44	19	114	0	47
 71511	39	39	75	44	19	115	0	47
 71557	39	39	75	44	19	116	0	47
 71602	39	39	75	44	19	117	0	47
 71647	39	39	75	44	19	117	0	47
 71693	39	39	75	44	19	118	0	47
 71738	39	39	75	44	19	119	0	47
 71783	39	39	75	44	19	120	0	47
 71829	39	39	75	44	19	120	0	47
 71874	39	39	75	44	19	121	0	47
 71919	39	39	74	44	19	122	0	47
 71965	39	39	74	44	19	123	0	47
 72010	39	39	75	44	19	123	0	47
 72055	39	39	74	36	20	64	0	47
 72101	39	39	75	36	20	65	0	47
 72146	39	39	74	36	20	66	0	47
 72191	39	39	74	36	20	66	0	47
 72237	39	39	74	36	20	67	0	47
 72282	39	39	74	36	20	68	0	47
 72327	39	39	74	36	20	69	0	47
 72373	39	39	74	36	20	70	0	47
 72418	39	39	74	36	20	70	0	47
 72464	39	39	74	36	20	71	0	47
 72509	39	39	74	36	20	72	0	47
 72554	38	39	74	36	20	73	0	47
 72600	39	39	74	36	20	73	0	47
 72645	39	39	74	36	20	74	0	47
 72690	38	38	75	36	20	75	0	47
 72736	38	39	74	36	20	76	0	47
 72781	39	38	74	36	20	76	0	47
 72826	38	39	74	36	20	77	0	47
 72872	39	39	74	36	20	78	0	47
 72917	39	39	74	36	20	79	0	47
 72962	39	39	74	36	20	79	0	47
 73008	39	39	74	36	20	80	0	47
 73053	39	39	74	36	20	81	0	47
 73098	39	38	75	36	20	82	0	47
 73144	39	38	74	36	20	82	0	47
 73189	39	39	74	36	20	83	0	47
 73234	39	39	74	36	20	84	0	47
 73280	39	39	74	36	20	85	0	47
 73325	38	39	74	36	20	85	0	47
 73370	38	39	74	36	20	86	0	47
 73416	39	39	74	36	20	87	0	47
 73461	39	39	74	36	20	88	0	47
 73507	39	38	74	36	20	88	0	47
 73552	39	39	74	36	20	89	0	47
 73597	39	39	74	36	20	90	0	47
 73643	39	39	74	36	20	91	0	47
 73688	39	39	74	36	20	91	0	47
 73733	39	39	74	36	20	92	0	47
 73779	39	39	75	36	20	93	0	47
 73824	38	39	74	44	20	94	0	47
 73869	38	39	74	44	20	94	0	47
 73915	39	39	74	44	20	95	0	47
 73960	39	39	74	44	20	96	0	47
 74005	38	39	74	44	20	97	0	47
 74051	39	39	74	44	20	97	0	47
 74096	39	39	74	44	20	98	0	47
 74141	38	38	74	44	20	99	0	47
 74187	39	38	73	44	20	100	0	47
 74232	38	38	73	44	20	100	0	47
 74277	39	38	73	44	20	101	0	47
 74323	39	38	73	44	20	102	0	47
 74368	38	39	73	44	20	103	0	47
 74414	38	38	73	44	20	104	0	47
 74459	38	38	74	44	20	104	0	47
 74504	38	39	73	44	20	105	0	47
 74550	39	39	74	44	20	106	0	47
 74595	38	39	73	44	20	107	0	47
 74640	39	39	73	44	20	107	0	47
 74686	38	39	74	44	20	108	0	47
 74731	39	39	74	44	20	109	0	47
 74776	39	39	74	44	20	110	0	47
 74822	39	38	74	44	20	110	0	47
 74867	38	38	73	44	20	111	0	47
 74912	38	38	74	44	20	112	0	47
 74958	39	38	73	44	20	113	0	47
 75003	38	39	73	44	20	113	0	47
 75048	38	39	73	44	20	114	0	47
 75094	38	38	73	44	20	115	0	47
 75139	38	38	74	44	20	116	0	47
 75185	38	39	73	44	20	116	0	47
 75230	38	38	73	44	20	117	0	47
 75275	39	39	73	44	20	118	0	47
 75321	38	38	73	44	20	119	0	47
 75366	38	38	73	44	20	119	0	47
 75411	38	38	73	44	20	120	0	47
 75457	38	38	73	44	20	121	0	47
 75502	38	38	73	44	20	122	0	47
 75547	38	38	73	44	20	122	0	47
 75593	38	39	73	44	20	123	0	47
 75638	38	39	73	36	21	64	0	47
 75683	38	38	73	36	21	65	0	47
 75729	38	38	73	36	21	65	0	47
 75774	38	39	73	36	21	66	0	47
 75819	38	38	73	36	21	67	0	47
 75865	38	39	73	36	21	68	0	47
 75910	38	38	73	36	21	68	0	47
 75955	38	39	73	36	21	69	0	47
 76001	38	39	73	36	21	70	0	47
 76046	38	38	73	36	21	71	0	47
 76091	38	38	73	36	21	71	0	47
 76137	38	38	73	36	21	72	0	47
 76182	38	38	72	36	21	73	0	47
 76228	39	38	73	36	21	74	0	47
 76273	38	38	73	36	21	74	0	47
 76318	38	38	73	36	21	75	0	47
 76364	38	38	73	36	21	76	0	47
 76409	38	38	73	36	21	77	0	47
 76454	38	39	73	36	21	78	0	47
 76500	38	38	73	36	21	78	0	47
 76545	38	38	73	36	21	79	0	47
 76590	38	38	73	36	21	80	0	47
 76636	38	38	73	36	21	81	0	47
 76681	39	38	73	36	21	81	0	47
 76726	38	38	73	36	21	82	0	47
 76772	38	38	73	36	21	83	0	47
 76817	38	38	73	36	21	84	0	47
 76862	38	38	73	36	21	84	0	47
 76908	38	38	72	36	21	85	0	47
 76953	38	38	72	36	21	86	0	47
 76998	38	38	72	36	21	87	0	47
 77044	38	38	72	36	21	87	0	47
 77134	38	38	72	36	21	89	0	47
 77180	38	39	72	36	21	90	0	47
 77225	38	39	72	36	21	90	0	47
 77281	38	38	72	36	21	91	0	47
 77316	38	38	72	36	21	92	0	47
 77361	38	38	72	36	21	93	0	47
 77362	38	38	72	36	21	93	0	47
 77407	39	38	72	36	21	93	0	47
 77452	38	38	72	44	21	94	0	47
 77497	38	38	72	44	21	95	0	47
 77543	38	38	72	44	21	96	0	47
 77588	38	38	72	44	21	96	0	47
 77633	38	38	72	44	21	97	0	47
 77679	38	38	72	44	21	98	0	47
 77724	38	38	72	44	21	99	0	47
 77815	38	38	72	44	21	100	0	47
 77860	38	38	72	44	21	101	0	47
 77905	38	38	72	44	21	102	0	47
 77951	38	38	72	44	21	102	0	47
 77996	38	38	72	44	21	103	0	47
 78041	38	38	72	44	21	104	0	47
 78091	38	38	72	44	21	105	0	47
 78132	38	38	72	44	21	105	0	47
 78178	38	38	72	44	21	106	0	47
 78223	38	38	72	44	21	107	0	47
 78268	38	38	72	44	21	108	0	47
 78314	38	38	72	44	21	108	0	47
 78359	38	38	72	44	21	109	0	47
 78404	38	39	72	44	21	110	0	47
 78450	38	38	72	44	21	111	0	47
 78495	38	38	72	44	21	112	0	47
 78540	38	38	72	44	21	112	0	47
 78586	38	38	72	44	21	113	0	47
 78631	38	38	72	44	21	114	0	47
 78677	38	38	72	44	21	115	0	47
 78722	38	38	71	44	21	115	0	47
 78767	38	38	71	44	21	116	0	47
 78812	38	38	72	44	21	117	0	47
 78858	38	38	71	44	21	118	0	47
 78903	38	38	72	44	21	118	0	47
 78948	38	38	72	44	21	119	0	47
 78994	38	38	71	44	21	120	0	47
 79040	38	38	72	44	21	121	0	47
 79084	38	38	73	44	21	121	0	47
 79130	38	38	72	44	21	122	0	47
 79175	38	38	72	44	21	123	0	47
 79224	38	38	72	36	22	64	0	47
 79266	38	38	72	36	22	64	0	47
 79311	38	38	72	36	22	65	0	47
 79357	38	38	72	36	22	66	0	47
 79402	38	38	72	36	22	67	0	47
 79447	38	38	72	36	22	67	0	47
 79493	38	38	72	36	22	68	0	47
 79538	38	38	72	36	22	69	0	47
 79583	38	38	72	36	22	70	0	47
 79629	38	38	72	36	22	70	0	47
 79674	38	38	72	36	22	71	0	47
 79719	38	38	72	36	22	72	0	47
 79765	38	38	72	36	22	73	0	47
 79810	38	38	72	36	22	73	0	47
 79855	38	38	72	36	22	74	0	47
 79901	38	38	72	36	22	75	0	47
 79946	38	38	72	36	22	76	0	47
 79991	38	38	72	36	22	76	0	47
 80037	38	38	72	36	22	77	0	47
 80082	38	38	71	36	22	78	0	47
 80173	38	38	72	36	22	79	0	47
 80218	38	38	72	36	22	80	0	47
 80264	38	38	71	36	22	81	0	47
 80309	38	38	72	36	22	82	0	47
 80354	38	38	71	36	22	83	0	47
 80400	38	38	71	36	22	83	0	47
 80445	38	38	71	36	22	84	0	47
 80490	38	38	71	36	22	85	0	47
 80536	38	38	72	36	22	86	0	47
 80581	38	38	71	36	22	86	0	47
 80626	38	38	71	36	22	87	0	47
 80672	38	38	71	36	22	88	0	47
 80717	38	38	71	36	22	89	0	47
 80762	38	38	72	36	22	89	0	47
 80808	38	38	71	36	22	90	0	47
 80853	38	38	71	36	22	91	0	47
 80898	38	38	71	36	22	92	0	47
 80944	38	38	71	36	22	92	0	47
 80989	38	38	71	36	22	93	0	46
 81034	38	38	72	44	22	94	0	46
 81080	38	38	71	44	22	95	0	47
 81125	38	38	71	44	22	95	0	46
 81175	38	38	71	44	22	96	0	47
 81216	38	38	71	44	22	97	0	46
 81261	38	38	71	44	22	98	0	46
 81307	38	38	71	44	22	98	0	46
 81352	38	38	71	44	22	99	0	47
 81397	38	38	71	44	22	100	0	46
 81443	38	38	71	44	22	101	0	46
 81488	38	38	71	44	22	101	0	46
 81533	38	38	71	44	22	102	0	46
 81579	38	38	71	44	22	103	0	46
 81624	38	38	71	44	22	104	0	46
 81669	38	38	71	44	22	104	0	46
 81719	38	38	71	44	22	105	0	46
 81760	38	38	71	44	22	106	0	46
 81805	38	38	71	44	22	107	0	46
 81851	38	38	71	44	22	107	0	46
 81896	38	38	71	44	22	108	0	46
 81941	38	38	71	44	22	109	0	46
 81987	38	38	71	44	22	110	0	46
 82032	38	38	71	44	22	110	0	46
 82077	38	38	71	44	22	111	0	46
 82123	38	38	71	44	22	112	0	46
 82168	38	38	71	44	22	113	0	46
 82214	38	38	71	44	22	113	0	46
 82259	38	38	71	44	22	114	0	46
 82304	38	38	71	44	22	115	0	46
 82350	38	38	71	44	22	116	0	46
 82395	38	38	71	44	22	117	0	46
 82440	38	38	71	44	22	117	0	46
 82486	38	38	71	44	22	118	0	46
 82531	38	38	71	44	22	119	0	46
 82576	38	38	71	44	22	120	0	46
 82622	38	38	71	44	22	120	0	46
 82667	38	38	71	44	22	121	0	46
 82712	38	38	71	44	22	122	0	46
 82758	38	38	71	44	22	123	0	46
 82803	38	38	71	44	22	123	0	46
 82848	38	38	71	36	23	64	0	46
 82894	38	38	70	36	23	65	0	46
 82939	38	38	71	36	23	66	0	46
 82984	38	38	71	36	23	66	0	46
 83030	38	38	71	36	23	67	0	46
 83076	38	38	71	36	23	68	0	46
 83121	38	38	71	36	23	69	0	46
 83166	38	38	71	36	23	69	0	46
 83211	38	38	71	36	23	70	0	46
 83257	38	38	70	36	23	71	0	46
 83302	38	38	71	36	23	72	0	46
 83347	38	38	71	36	23	72	0	46
 83393	38	38	70	36	23	73	0	46
 83438	38	38	70	36	23	74	0	46
 83483	38	38	71	36	23	75	0	46
 83529	38	38	71	36	23	75	0	46
 83574	38	38	71	36	23	76	0	46
 83624	38	38	71	36	23	77	0	46
 83665	38	38	71	36	23	78	0	46
 83710	38	38	70	36	23	78	0	46
 83755	38	38	70	36	23	79	0	46
 83801	38	38	70	36	23	80	0	46
 83846	38	38	70	36	23	81	0	46
 83891	38	38	70	36	23	81	0	46
 83937	38	38	70	36	23	82	0	46
 83982	38	38	70	36	23	83	0	46
 84028	38	38	70	36	23	84	0	46
 84073	38	38	70	36	23	84	0	46
 84118	38	38	70	36	23	85	0	46
 84164	38	38	70	36	23	86	0	46
 84209	38	38	70	36	23	87	0	46
 84254	38	38	70	36	23	87	0	46
 84300	38	38	70	36	23	88	0	46
 84345	38	38	70	36	23	89	0	46
 84390	38	38	70	36	23	90	0	46
 84436	38	38	70	36	23	91	0	46
 84481	38	38	70	36	23	91	0	46
 84526	38	38	70	36	23	92	0	46
 84572	38	38	70	36	23	93	0	46
 84617	38	38	70	44	23	94	0	46
 84662	38	38	70	44	23	94	0	46
 84708	38	38	70	44	23	95	0	46
 84753	38	38	70	44	23	96	0	46
 84798	38	38	70	44	23	97	0	46
 84844	38	38	70	44	23	97	0	46
 84889	38	38	70	44	23	98	0	46
 84935	38	38	70	44	23	99	0	46
 84980	38	38	70	44	23	100	0	46
 85025	38	38	70	44	23	100	0	46
 85071	38	38	70	44	23	101	0	46
 85116	38	38	70	44	23	102	0	46
 85161	38	38	70	44	23	103	0	46
 85207	38	38	70	44	23	103	0	46
 85252	38	38	70	44	23	104	0	46
 85297	38	38	70	44	23	105	0	46
 85343	38	38	70	44	23	106	0	46
 85388	38	38	70	44	23	106	0	46
 85433	38	38	70	44	23	107	0	46
 85479	38	38	70	44	23	108	0	46
 85524	38	38	70	44	23	109	0	46
 85569	38	38	70	44	23	109	0	46
 85615	38	38	70	44	23	110	0	46
 85660	38	38	70	44	23	111	0	46
 85705	38	38	70	44	23	112	0	46
 85751	38	38	70	44	23	112	0	46
 85796	38	37	70	44	23	113	0	46
 85842	38	38	70	44	23	114	0	46
 85887	38	38	70	44	23	115	0	46
 85932	38	38	70	44	23	115	0	46
 85978	38	38	70	44	23	116	0	46
 86023	38	38	69	44	23	117	0	46
 86068	38	38	70	44	23	118	0	46
 86114	38	38	70	44	23	118	0	46
 86159	38	38	70	44	23	119	0	46
 86204	38	38	70	44	23	120	0	46
 86250	38	38	70	44	23	121	0	46
 86295	38	38	70	44	23	122	0	46
 86340	38	38	70	44	23	122	0	46
 86386	38	38	70	44	23	123	0	46
