HomeCentral
 Falkenstrasse 20
 8630 Rueti
 Datum: 18.02.14 00:00
 
 Startzeit: 2014-02-18 00:00:44 +0100
 135	67	67	37	4	0	66	0	39
 180	67	67	37	4	0	66	0	39
 225	66	67	36	4	0	67	0	39
 271	66	66	37	4	0	68	0	39
 316	65	66	37	4	0	69	0	39
 361	65	66	37	4	0	69	0	39
 407	65	65	37	4	0	70	0	39
 452	65	65	37	4	0	71	0	39
 497	64	65	36	4	0	72	0	39
 543	64	64	37	4	0	72	0	39
 588	63	64	37	4	0	73	0	39
 633	63	64	37	4	0	74	0	39
 679	63	63	37	4	0	75	0	39
 724	63	63	37	4	0	75	0	39
 770	62	63	37	4	0	76	0	39
 815	62	63	37	4	0	77	0	39
 860	62	62	37	4	0	78	0	39
 906	62	62	37	4	0	78	0	39
 951	61	62	37	4	0	79	0	39
 996	61	62	37	4	0	80	0	39
 1042	61	62	37	4	0	81	0	39
 1087	61	61	37	4	0	81	0	39
 1132	61	61	37	4	0	82	0	39
 1178	61	61	37	4	0	83	0	38
 1223	61	61	37	4	0	84	0	38
 1268	61	61	36	4	0	84	0	38
 1314	61	61	36	4	0	85	0	39
 1359	60	61	36	4	0	86	0	38
 1404	60	60	36	4	0	87	0	38
 1450	60	60	36	4	0	88	0	38
 1495	60	60	36	4	0	88	0	38
 1540	60	60	36	4	0	89	0	38
 1586	59	60	36	4	0	90	0	38
 1631	59	60	36	4	0	91	0	38
 1676	59	59	37	4	0	91	0	38
 1722	59	59	37	4	0	92	0	38
 1767	59	59	37	4	0	93	0	38
 1813	59	59	37	12	0	94	0	38
 1858	59	59	37	12	0	94	0	38
 1903	59	59	38	12	0	95	0	38
 1949	58	59	38	12	0	96	0	38
 1994	58	59	37	12	0	97	0	38
 2039	58	58	37	12	0	97	0	38
 2085	58	58	37	12	0	98	0	38
 2130	58	58	37	12	0	99	0	38
 2175	58	58	37	12	0	100	0	38
 2221	57	58	37	12	0	100	0	38
 2266	57	58	38	12	0	101	0	38
 2311	57	58	38	12	0	102	0	38
 2357	57	57	38	12	0	103	0	38
 2402	57	57	38	12	0	103	0	38
 2447	57	57	38	12	0	104	0	38
 2493	57	57	38	12	0	105	0	38
 2538	56	57	39	12	0	106	0	38
 2583	56	56	38	12	0	106	0	38
 2629	56	57	38	12	0	107	0	38
 2674	56	56	38	12	0	108	0	38
 2720	56	56	38	12	0	109	0	38
 2765	56	56	38	12	0	109	0	38
 2810	56	56	38	12	0	110	0	38
 2856	55	56	38	12	0	111	0	38
 2901	55	56	38	12	0	112	0	38
 2946	55	55	38	12	0	112	0	38
 2992	55	55	38	12	0	113	0	38
 3037	55	55	38	12	0	114	0	38
 3082	55	55	37	12	0	115	0	38
 3128	55	55	37	12	0	115	0	38
 3173	54	55	37	12	0	116	0	38
 3218	54	55	37	12	0	117	0	38
 3264	54	55	37	12	0	118	0	38
 3309	54	54	37	12	0	118	0	38
 3354	54	54	37	12	0	119	0	38
 3400	54	54	37	12	0	120	0	38
 3445	54	54	38	12	0	121	0	38
 3491	54	54	38	12	0	121	0	38
 3536	53	54	38	12	0	122	0	38
 3581	53	53	38	12	0	123	0	38
 3626	53	53	38	4	1	64	0	38
 3672	52	53	38	4	1	65	0	38
 3717	52	52	38	4	1	65	0	38
 3763	52	52	38	4	1	66	0	37
 3808	52	52	38	4	1	67	0	37
 3853	51	52	38	4	1	68	0	37
 3899	51	51	38	4	1	68	0	37
 3944	51	51	38	4	1	69	0	37
 3989	51	51	38	4	1	70	0	37
 4035	51	51	38	4	1	71	0	37
 4080	50	50	38	4	1	71	0	37
 4125	50	50	38	4	1	72	0	37
 4171	50	50	38	4	1	73	0	37
 4216	50	50	37	4	1	74	0	37
 4261	50	50	37	4	1	74	0	37
 4307	50	50	37	4	1	75	0	37
 4352	50	50	37	4	1	76	0	37
 4397	49	50	37	4	1	77	0	37
 4443	49	49	37	4	1	77	0	37
 4488	49	49	37	4	1	78	0	37
 4534	49	49	37	4	1	79	0	37
 4579	49	49	37	4	1	80	0	37
 4624	49	49	37	4	1	80	0	37
 4670	49	49	37	4	1	81	0	37
 4715	49	49	37	4	1	82	0	37
 4760	49	49	37	4	1	83	0	37
 4806	49	49	37	4	1	83	0	37
 4851	49	49	37	4	1	84	0	37
 4896	49	49	37	4	1	85	0	37
 4942	49	49	37	4	1	86	0	37
 4987	49	49	37	4	1	86	0	37
 5032	48	49	37	4	1	87	0	37
 5078	48	48	37	4	1	88	0	37
 5123	48	48	37	4	1	89	0	37
 5168	48	48	37	4	1	89	0	37
 5214	48	48	37	4	1	90	0	37
 5259	48	48	37	4	1	91	0	37
 5305	48	48	37	4	1	92	0	37
 5350	48	48	37	4	1	92	0	37
 5395	48	48	37	4	1	93	0	37
 5440	48	48	38	12	1	94	0	37
 5486	48	48	38	12	1	95	0	37
 5531	48	48	38	12	1	96	0	37
 5577	48	48	38	12	1	96	0	37
 5622	48	48	38	12	1	97	0	37
 5667	48	48	38	12	1	98	0	37
 5713	47	48	38	12	1	99	0	37
 5758	47	47	38	12	1	99	0	36
 5803	47	47	38	12	1	100	0	36
 5849	47	47	38	12	1	101	0	36
 5894	47	47	38	12	1	102	0	36
 5939	47	47	38	12	1	102	0	36
 5985	47	47	37	12	1	103	0	36
 6030	47	47	37	12	1	104	0	36
 6075	47	47	37	12	1	105	0	36
 6121	47	47	37	12	1	105	0	36
 6166	47	47	38	12	1	106	0	36
 6211	47	47	38	12	1	107	0	36
 6257	47	47	38	12	1	108	0	36
 6302	47	47	37	12	1	108	0	36
 6347	47	46	37	12	1	109	0	36
 6393	46	46	37	12	1	110	0	36
 6438	46	46	38	12	1	111	0	36
 6484	46	46	37	12	1	111	0	36
 6529	46	46	37	12	1	112	0	36
 6574	46	46	37	12	1	113	0	36
 6620	46	46	37	12	1	114	0	36
 6665	46	46	37	12	1	114	0	36
 6710	46	46	38	12	1	115	0	36
 6756	46	46	38	12	1	116	0	36
 6801	46	46	37	12	1	117	0	36
 6846	46	46	38	12	1	117	0	36
 6892	46	46	37	12	1	118	0	36
 6937	46	46	37	12	1	119	0	36
 6982	46	46	37	12	1	120	0	36
 7028	46	46	37	12	1	120	0	36
 7073	46	45	37	12	1	121	0	36
 7118	46	45	37	12	1	122	0	36
 7164	46	45	37	12	1	123	0	36
 7209	46	45	37	12	1	123	0	36
 7254	45	46	37	4	2	64	0	36
 7300	45	45	37	4	2	65	0	36
 7345	45	45	37	4	2	66	0	36
 7391	45	45	37	4	2	66	0	36
 7436	45	45	37	4	2	67	0	36
 7481	45	45	37	4	2	68	0	36
 7527	45	45	37	4	2	69	0	36
 7572	45	45	37	4	2	70	0	36
 7617	45	45	37	4	2	70	0	36
 7663	45	45	37	4	2	71	0	36
 7708	45	45	37	4	2	72	0	36
 7753	45	45	37	4	2	73	0	36
 7799	45	44	37	4	2	73	0	36
 7844	44	44	37	4	2	74	0	36
 7889	44	44	37	4	2	75	0	36
 7935	45	45	37	4	2	76	0	36
 7980	44	44	37	4	2	76	0	36
 8025	44	44	37	4	2	77	0	36
 8071	44	44	37	4	2	78	0	36
 8116	44	44	37	4	2	79	0	36
 8161	44	44	37	4	2	79	0	36
 8207	44	44	37	4	2	80	0	36
 8252	44	44	37	4	2	81	0	36
 8298	44	44	37	4	2	82	0	36
 8343	44	44	37	4	2	82	0	36
 8388	44	44	37	4	2	83	0	36
 8434	44	44	37	4	2	84	0	36
 8479	44	44	37	4	2	85	0	36
 8524	44	44	37	4	2	85	0	35
 8570	44	44	37	4	2	86	0	35
 8615	44	44	37	4	2	87	0	35
 8660	44	44	37	4	2	88	0	35
 8706	44	44	37	4	2	88	0	35
 8751	44	44	37	4	2	89	0	35
 8796	44	43	37	4	2	90	0	35
 8842	43	43	37	4	2	91	0	35
 8887	43	43	37	4	2	91	0	35
 8932	43	43	37	4	2	92	0	35
 8978	43	43	37	4	2	93	0	35
 9023	43	43	37	12	2	94	0	35
 9068	43	43	37	12	2	94	0	35
 9114	43	43	37	12	2	95	0	35
 9159	43	43	36	12	2	96	0	35
 9204	43	43	36	12	2	97	0	35
 9250	43	43	36	12	2	97	0	35
 9295	43	43	36	12	2	98	0	35
 9341	43	43	36	12	2	99	0	35
 9386	43	43	37	12	2	100	0	35
 9431	43	43	36	12	2	100	0	35
 9477	43	43	36	12	2	101	0	35
 9522	43	43	36	12	2	102	0	35
 9567	43	43	36	12	2	103	0	35
 9613	43	43	37	12	2	104	0	35
 9658	43	43	36	12	2	104	0	35
 9703	43	42	36	12	2	105	0	35
 9749	43	43	36	12	2	106	0	35
 9794	43	42	36	12	2	107	0	35
 9839	43	43	37	12	2	107	0	35
 9885	42	42	37	12	2	108	0	35
 9930	42	42	36	12	2	109	0	35
 9975	42	42	38	12	2	110	0	35
 10021	42	42	36	12	2	110	0	35
 10066	42	42	36	12	2	111	0	35
 10111	42	42	36	12	2	112	0	35
 10157	42	42	36	12	2	113	0	35
 10202	42	42	36	12	2	113	0	35
 10248	42	42	36	12	2	114	0	35
 10293	42	42	36	12	2	115	0	35
 10338	42	42	36	12	2	116	0	35
 10384	42	42	36	12	2	116	0	35
 10429	42	42	37	12	2	117	0	35
 10474	42	42	37	12	2	118	0	35
 10520	42	42	36	12	2	119	0	35
 10565	42	42	36	12	2	119	0	35
 10610	42	42	36	12	2	120	0	35
 10656	42	42	37	12	2	121	0	35
 10701	42	42	36	12	2	122	0	35
 10746	42	42	36	12	2	122	0	35
 10792	42	42	36	12	2	123	0	35
 10837	42	42	36	4	3	64	0	35
 10882	42	41	36	4	3	65	0	35
 10928	42	41	36	4	3	65	0	35
 10973	41	41	37	4	3	66	0	35
 11018	41	41	37	4	3	67	0	35
 11064	41	41	37	4	3	68	0	35
 11109	41	41	36	4	3	68	0	35
 11155	41	41	37	4	3	69	0	35
 11200	41	41	37	4	3	70	0	35
 11245	41	41	37	4	3	71	0	35
 11291	41	41	37	4	3	71	0	35
 11336	41	41	37	4	3	72	0	35
 11381	41	41	37	4	3	73	0	35
 11427	41	41	37	4	3	74	0	34
 11472	41	41	37	4	3	74	0	34
 11517	41	41	37	4	3	75	0	34
 11563	41	41	37	4	3	76	0	34
 11608	41	41	37	4	3	77	0	34
 11653	41	41	37	4	3	78	0	34
 11699	41	41	38	4	3	78	0	34
 11744	41	41	38	4	3	79	0	34
 11789	41	41	38	4	3	80	0	34
 11835	41	41	37	4	3	81	0	34
 11880	41	41	38	4	3	81	0	34
 11925	41	41	37	4	3	82	0	34
 11971	41	41	37	4	3	83	0	34
 12016	41	40	37	4	3	84	0	34
 12062	41	41	37	4	3	84	0	34
 12107	41	40	37	4	3	85	0	34
 12152	41	40	37	4	3	86	0	34
 12198	40	40	37	4	3	87	0	34
 12243	41	40	36	4	3	87	0	34
 12288	40	40	36	4	3	88	0	34
 12334	40	40	36	4	3	89	0	34
 12379	40	40	36	4	3	90	0	34
 12424	40	40	36	4	3	90	0	34
 12470	40	40	36	4	3	91	0	34
 12515	40	40	36	4	3	92	0	34
 12560	40	40	36	4	3	93	0	34
 12606	40	40	36	4	3	93	0	34
 12651	40	40	36	12	3	94	0	34
 12696	40	40	36	12	3	95	0	34
 12742	40	40	36	12	3	96	0	34
 12787	40	40	36	12	3	96	0	34
 12832	40	40	36	12	3	97	0	34
 12878	40	40	36	8	3	98	0	34
 12923	40	40	36	8	3	99	0	34
 12969	40	40	36	8	3	99	0	34
 13014	40	40	36	8	3	100	0	34
 13059	41	40	36	8	3	101	0	34
 13105	41	40	36	8	3	102	0	34
 13150	41	40	36	8	3	102	0	34
 13195	41	40	36	12	3	103	0	34
 13241	40	40	36	12	3	104	0	34
 13286	40	40	36	12	3	105	0	34
 13331	40	40	36	12	3	105	0	34
 13377	41	40	36	12	3	106	0	34
 13422	40	40	36	12	3	107	0	34
 13467	40	40	37	12	3	108	0	34
 13513	40	40	36	12	3	108	0	34
 13558	40	40	36	12	3	109	0	34
 13603	40	40	36	12	3	110	0	34
 13649	40	40	36	12	3	111	0	34
 13694	40	40	36	12	3	112	0	34
 13739	40	40	36	12	3	112	0	34
 13785	40	40	36	12	3	113	0	34
 13830	40	40	37	12	3	114	0	34
 13876	40	40	36	12	3	115	0	34
 13921	40	40	36	12	3	115	0	34
 13966	40	40	37	12	3	116	0	34
 14012	40	40	36	12	3	117	0	34
 14057	40	40	36	12	3	118	0	34
 14102	40	40	36	12	3	118	0	34
 14148	40	40	36	12	3	119	0	34
 14193	40	40	36	12	3	120	0	34
 14238	40	40	37	12	3	121	0	34
 14284	40	40	36	12	3	121	0	34
 14329	40	40	36	12	3	122	0	34
 14374	40	40	36	12	3	123	0	34
 14420	40	40	36	4	4	64	0	34
 14465	40	40	36	4	4	64	0	34
 14510	40	40	36	4	4	65	0	34
 14556	40	40	36	4	4	66	0	34
 14601	40	40	36	4	4	67	0	34
 14646	40	40	36	4	4	67	0	34
 14692	40	39	36	4	4	68	0	34
 14737	40	39	36	4	4	69	0	34
 14782	40	39	36	4	4	70	0	34
 14828	40	40	36	4	4	70	0	34
 14873	40	39	36	4	4	71	0	34
 14919	40	39	36	4	4	72	0	34
 14964	40	39	36	4	4	73	0	33
 15009	40	39	36	4	4	73	0	33
 15055	40	39	36	4	4	74	0	33
 15100	40	39	36	4	4	75	0	33
 15145	40	39	36	4	4	76	0	33
 15191	39	39	36	4	4	76	0	33
 15236	39	39	36	4	4	77	0	33
 15281	39	39	36	4	4	78	0	33
 15327	40	39	36	4	4	79	0	33
 15372	39	39	36	4	4	79	0	33
 15417	39	39	36	4	4	80	0	33
 15463	39	39	36	4	4	81	0	33
 15508	39	39	36	4	4	82	0	33
 15553	39	39	36	4	4	83	0	33
 15599	39	39	36	4	4	83	0	33
 15644	39	39	36	4	4	84	0	33
 15689	39	39	36	4	4	85	0	33
 15735	39	39	36	4	4	86	0	33
 15780	39	39	36	4	4	86	0	33
 15826	39	39	36	4	4	87	0	33
 15871	39	39	36	4	4	88	0	33
 15916	39	39	36	4	4	89	0	33
 15962	39	39	36	4	4	89	0	33
 16007	39	39	36	4	4	90	0	33
 16052	39	39	36	4	4	91	0	33
 16098	39	39	36	4	4	92	0	33
 16143	39	39	36	4	4	92	0	33
 16188	39	39	36	4	4	93	0	33
 16234	39	39	35	12	4	94	0	33
 16279	39	39	36	12	4	95	0	33
 16324	39	39	36	12	4	95	0	33
 16370	39	39	36	12	4	96	0	33
 16415	39	39	36	12	4	97	0	33
 16460	39	39	36	12	4	98	0	33
 16506	39	39	36	12	4	98	0	33
 16551	39	39	36	12	4	99	0	33
 16596	39	39	36	12	4	100	0	33
 16642	39	39	36	12	4	101	0	33
 16687	39	39	36	12	4	101	0	33
 16733	39	39	36	12	4	102	0	33
 16778	39	39	36	12	4	103	0	33
 16823	39	38	36	12	4	104	0	33
 16869	39	39	36	12	4	104	0	33
 16914	39	38	36	12	4	105	0	33
 16959	39	38	36	12	4	106	0	33
 17005	39	39	36	12	4	107	0	33
 17050	39	38	36	12	4	107	0	33
 17095	39	38	36	12	4	108	0	33
 17141	39	38	35	12	4	109	0	33
 17186	39	38	35	12	4	110	0	33
 17231	39	38	36	12	4	110	0	33
 17277	39	38	35	12	4	111	0	33
 17322	39	38	35	12	4	112	0	33
 17367	39	38	35	12	4	113	0	33
 17413	39	38	36	12	4	113	0	33
 17458	39	38	35	12	4	114	0	33
 17503	38	38	36	12	4	115	0	33
 17549	38	38	36	12	4	116	0	33
 17594	38	38	35	12	4	117	0	33
 17640	38	38	36	12	4	117	0	33
 17685	38	38	35	12	4	118	0	33
 17730	38	38	36	12	4	119	0	33
 17776	38	38	35	12	4	120	0	33
 17821	38	38	35	12	4	120	0	33
 17866	38	38	36	12	4	121	0	33
 17912	38	38	36	12	4	122	0	33
 17957	38	38	35	12	4	123	0	33
 18002	38	38	35	12	4	123	0	33
 18048	38	38	36	4	5	64	0	33
 18093	38	38	35	4	5	65	0	33
 18138	38	38	36	4	5	66	0	33
 18184	38	38	36	4	5	66	0	33
 18229	38	38	36	4	5	67	0	33
 18274	38	38	36	4	5	68	0	33
 18320	38	38	35	4	5	69	0	33
 18365	38	38	36	4	5	69	0	33
 18410	38	38	35	4	5	70	0	33
 18456	38	38	35	4	5	71	0	33
 18501	38	38	35	4	5	72	0	33
 18547	38	38	35	4	5	72	0	33
 18592	38	38	36	4	5	73	0	33
 18637	38	38	35	4	5	74	0	33
 18683	38	38	35	4	5	75	0	33
 18728	38	38	35	4	5	75	0	33
 18773	38	38	35	4	5	76	0	33
 18821	38	38	35	4	5	77	0	33
 18864	38	38	35	4	5	78	0	33
 18909	38	38	36	4	5	78	0	33
 18955	38	38	35	4	5	79	0	33
 19000	38	38	35	4	5	80	0	33
 19045	38	38	35	4	5	81	0	33
 19091	38	38	35	4	5	81	0	33
 19136	38	38	35	4	5	82	0	32
 19181	38	38	35	4	5	83	0	33
 19227	38	37	35	4	5	84	0	33
 19272	38	37	35	4	5	84	0	32
 19318	38	38	35	4	5	85	0	32
 19363	38	38	35	4	5	86	0	32
 19408	38	38	36	4	5	87	0	32
 19454	38	37	35	4	5	87	0	32
 19499	38	37	35	4	5	88	0	32
 19544	38	37	36	4	5	89	0	32
 19590	38	37	36	4	5	90	0	32
 19635	38	37	35	4	5	91	0	32
 19680	38	37	36	4	5	91	0	32
 19726	38	37	35	4	5	92	0	32
 19771	38	37	35	4	5	93	0	32
 19816	38	37	35	12	5	94	0	32
 19862	38	37	35	12	5	94	0	32
 19907	38	37	35	12	5	95	0	32
 19952	38	37	35	12	5	96	0	32
 19998	37	37	35	12	5	97	0	32
 20043	37	37	35	12	5	97	0	32
 20088	38	37	35	12	5	98	0	32
 20134	37	37	35	12	5	99	0	32
 20179	37	37	35	12	5	100	0	32
 20224	38	37	35	12	5	100	0	32
 20270	37	37	35	12	5	101	0	32
 20315	37	37	35	12	5	102	0	32
 20360	37	37	35	12	5	103	0	32
 20406	37	37	35	12	5	103	0	32
 20451	37	37	35	12	5	104	0	32
 20497	37	37	35	12	5	105	0	32
 20542	37	37	35	12	5	106	0	32
 20587	37	37	35	12	5	106	0	32
 20633	37	37	35	12	5	107	0	32
 20678	37	37	35	12	5	108	0	32
 20723	37	37	35	12	5	109	0	32
 20769	37	37	35	12	5	109	0	32
 20814	37	37	35	12	5	110	0	32
 20859	37	37	36	12	5	111	0	32
 20905	37	37	35	12	5	112	0	32
 20950	37	37	35	12	5	112	0	32
 20995	37	37	35	12	5	113	0	32
 21041	37	37	35	12	5	114	0	32
 21086	37	37	35	12	5	115	0	32
 21131	37	37	35	12	5	115	0	32
 21177	37	37	35	12	5	116	0	32
 21222	37	37	35	12	5	117	0	32
 21267	37	37	35	12	5	118	0	32
 21313	37	37	35	12	5	118	0	32
 21358	37	37	36	12	5	119	0	32
 21404	37	37	35	12	5	120	0	32
 21449	37	37	35	12	5	121	0	32
 21494	37	37	35	12	5	121	0	32
 21540	37	37	35	12	5	122	0	32
 21585	37	37	35	12	5	123	0	32
 21630	37	37	35	7	6	64	0	32
 21676	41	37	35	7	6	65	0	32
 21721	55	37	35	7	6	65	0	32
 21766	77	38	35	7	6	66	0	32
 21812	94	42	35	7	6	67	0	32
 21857	84	50	35	7	6	68	0	32
 21902	74	58	35	3	6	68	0	32
 21948	66	60	35	3	6	69	0	32
 21993	61	59	35	3	6	70	0	32
 22038	57	56	35	3	6	71	0	32
 22084	55	54	35	3	6	71	0	32
 22129	54	54	35	3	6	72	0	32
 22174	53	53	35	3	6	73	0	32
 22220	53	52	35	3	6	74	0	32
 22265	52	52	35	3	6	74	0	32
 22310	57	51	35	3	6	75	0	32
 22356	72	51	35	3	6	76	0	32
 22401	93	53	35	3	6	77	0	32
 22447	95	57	35	3	6	77	0	32
 22492	94	63	35	3	6	78	0	32
 22537	95	66	35	3	6	79	0	32
 22583	90	67	34	3	6	80	0	32
 22628	82	69	34	3	6	80	0	32
 22673	83	64	34	3	6	81	0	32
 22719	86	62	34	3	6	82	0	32
 22764	85	62	35	3	6	83	0	32
 22809	79	64	34	3	6	83	0	32
 22855	80	65	35	3	6	84	0	32
 22900	84	65	35	3	6	85	0	32
 22945	87	66	35	3	6	86	0	32
 22991	85	67	35	3	6	86	0	32
 23036	86	68	35	3	6	87	0	32
 23081	86	69	35	3	6	88	0	32
 23127	88	70	35	3	6	89	0	32
 23172	89	71	35	3	6	89	0	32
 23217	91	73	35	3	6	90	0	32
 23263	92	74	35	3	6	91	0	32
 23308	92	76	35	3	6	92	0	32
 23354	94	77	35	3	6	92	0	32
 23399	95	79	35	3	6	93	0	32
 23444	95	80	35	11	6	94	0	32
 23490	94	81	35	11	6	95	0	33
 23535	95	82	35	11	6	96	0	33
 23580	96	83	34	11	6	96	0	33
 23626	97	84	35	11	6	97	0	33
 23671	95	85	35	11	6	98	0	33
 23718	95	85	35	11	6	99	0	33
 23762	95	86	35	11	6	99	0	33
 23807	95	86	35	15	6	100	0	33
 23852	96	87	35	15	6	101	0	33
 23898	97	88	35	15	6	102	0	33
 23943	97	89	35	15	6	102	0	33
 23988	98	89	35	15	6	103	0	33
 24034	98	90	34	15	6	104	0	33
 24079	95	90	35	15	6	105	0	33
 24124	94	90	35	15	6	105	0	33
 24170	94	90	35	15	6	106	0	33
 24215	97	90	35	15	6	107	0	33
 24261	98	90	35	15	6	108	0	33
 24306	96	91	34	15	6	108	0	33
 24351	95	91	34	15	6	109	0	34
 24397	94	92	34	15	6	110	0	34
 24442	94	91	34	15	6	111	0	34
 24487	94	92	34	11	6	111	0	34
 24533	91	91	34	11	6	112	0	34
 24579	90	91	35	11	6	113	0	34
 24623	91	90	35	11	6	114	0	34
 24669	96	90	35	11	6	114	0	34
 24714	95	89	35	11	6	115	0	34
 24759	95	90	34	11	6	116	0	34
 24805	96	90	34	15	6	117	0	34
 24850	96	90	35	15	6	117	0	34
 24895	96	91	34	15	6	118	0	34
 24941	96	91	34	15	6	119	0	34
 24986	96	90	34	15	6	120	0	34
 25031	95	90	34	15	6	120	0	34
 25077	95	90	34	15	6	121	0	34
 25122	95	90	34	15	6	122	0	34
 25168	95	90	35	15	6	123	0	34
 25213	95	90	35	15	6	123	0	34
 25258	95	90	35	39	7	64	0	34
 25304	95	91	35	39	7	65	0	34
 25349	95	91	35	39	7	66	0	34
 25394	95	91	35	39	7	66	0	34
 25440	95	91	35	39	7	67	0	34
 25485	95	91	35	39	7	68	0	34
 25530	94	91	35	39	7	69	0	34
 25576	94	91	35	39	7	70	0	35
 25621	94	91	35	39	7	70	0	35
 25666	94	91	34	39	7	71	0	35
 25712	93	91	35	35	7	72	0	35
 25757	91	91	35	35	7	73	0	35
 25802	90	91	35	35	7	73	0	35
 25848	91	90	35	35	7	74	0	35
 25893	96	89	35	35	7	75	0	35
 25938	95	89	35	35	7	76	0	35
 25985	95	90	35	35	7	76	0	35
 26029	96	90	35	39	7	77	0	35
 26075	96	90	35	39	7	78	0	35
 26120	96	91	35	39	7	79	0	35
 26165	97	91	35	39	7	79	0	35
 26211	97	91	35	39	7	80	0	35
 26256	97	91	35	39	7	81	0	35
 26301	97	92	35	39	7	82	0	35
 26347	97	92	35	39	7	82	0	35
 26392	97	92	35	39	7	83	0	35
 26437	97	92	35	39	7	84	0	35
 26483	97	92	34	39	7	85	0	35
 26528	97	92	34	39	7	85	0	35
 26573	97	92	34	39	7	86	0	35
 26619	97	92	34	39	7	87	0	35
 26664	96	92	34	39	7	88	0	35
 26709	96	92	34	39	7	88	0	35
 26755	96	92	34	39	7	89	0	35
 26800	96	93	34	39	7	90	0	35
 26845	96	93	34	39	7	91	0	35
 26891	95	93	35	35	7	91	0	35
 26936	92	92	35	35	7	92	0	35
 26982	91	92	35	35	7	93	0	35
 27027	91	92	35	43	7	94	0	35
 27072	94	91	35	43	7	94	0	36
 27118	95	90	34	43	7	95	0	36
 27163	95	90	34	43	7	96	0	36
 27208	96	91	34	47	7	97	0	36
 27254	96	91	35	47	7	98	0	36
 27299	96	91	35	47	7	98	0	36
 27344	97	92	35	47	7	99	0	36
 27390	97	92	34	47	7	100	0	36
 27435	97	92	34	47	7	101	0	36
 27480	97	92	35	47	7	101	0	36
 27526	98	93	34	47	7	102	0	36
 27571	98	93	34	47	7	103	0	36
 27616	96	93	34	47	7	104	0	36
 27662	95	93	35	47	7	104	0	36
 27707	94	93	34	47	7	105	0	36
 27752	94	93	34	47	7	106	0	36
 27798	96	93	34	47	7	107	0	36
 27843	97	92	34	47	7	107	0	36
 27889	97	92	34	47	7	108	0	36
 27934	97	93	34	47	7	109	0	36
 27979	95	93	34	47	7	110	0	36
 28025	95	93	35	47	7	110	0	36
 28070	94	93	34	47	7	111	0	36
 28115	93	93	34	47	7	112	0	36
 28161	95	92	34	47	7	113	0	36
 28207	96	92	34	47	7	113	0	36
 28251	97	92	34	47	7	114	0	36
 28297	96	93	34	47	7	115	0	36
 28342	95	93	34	47	7	116	0	36
 28387	94	93	34	47	7	117	0	36
 28433	93	93	34	43	7	117	0	36
 28478	91	92	34	43	7	118	0	36
 28523	91	92	34	43	7	119	0	36
 28569	92	91	34	43	7	120	0	36
 28614	95	91	34	43	7	120	0	36
 28659	94	91	34	43	7	121	0	36
 28705	95	90	34	43	7	122	0	36
 28750	95	87	34	47	7	123	0	36
 28796	94	84	34	47	7	123	0	36
 28841	94	83	34	39	8	64	0	36
 28886	95	83	34	39	8	65	0	36
 28932	96	83	34	39	8	66	0	36
 28977	96	83	34	39	8	66	0	36
 29022	94	84	34	39	8	67	0	36
 29068	95	85	34	39	8	68	0	36
 29113	94	85	34	39	8	69	0	36
 29158	95	86	34	39	8	69	0	36
 29204	95	86	34	39	8	70	0	36
 29249	94	87	34	39	8	71	0	36
 29294	95	87	34	39	8	72	0	37
 29340	93	88	34	35	8	72	0	37
 29385	89	88	34	35	8	73	0	37
 29430	87	88	34	35	8	74	0	36
 29476	87	86	34	35	8	75	0	37
 29521	92	85	34	35	8	75	0	37
 29566	93	84	34	35	8	76	0	37
 29612	96	86	34	35	8	77	0	37
 29657	94	87	34	39	8	78	0	37
 29703	94	88	34	39	8	78	0	37
 29748	94	89	34	39	8	79	0	37
 29793	93	89	34	39	8	80	0	37
 29839	93	89	34	39	8	81	0	37
 29926	93	89	34	39	8	82	0	37
 29972	93	89	34	39	8	83	0	37
 30018	93	89	34	39	8	84	0	37
 30063	93	89	34	39	8	84	0	37
 30108	93	89	34	39	8	85	0	37
 30153	93	89	34	39	8	86	0	37
 30199	93	88	34	39	8	87	0	37
 30244	92	88	34	39	8	87	0	37
 30289	93	89	34	39	8	88	0	37
 30335	96	88	34	39	8	89	0	37
 30380	93	89	34	39	8	90	0	37
 30425	94	90	34	39	8	90	0	37
 30471	93	90	34	39	8	91	0	37
 30516	93	90	34	39	8	92	0	37
 30561	92	89	34	39	8	93	0	37
 30607	92	89	34	39	8	93	0	37
 30652	95	89	34	47	8	94	0	37
 30698	93	89	34	47	8	95	0	36
 30743	93	90	35	47	8	96	0	37
 30788	93	90	34	47	8	96	0	37
 30834	93	90	34	47	8	97	0	37
 30879	91	90	34	43	8	98	0	37
 30924	89	90	34	43	8	99	0	36
 30970	89	89	34	43	8	99	0	37
 31015	93	88	34	43	8	100	0	37
 31060	93	87	34	43	8	101	0	36
 31106	93	88	34	43	8	102	0	37
 31151	95	90	34	47	8	102	0	36
 31196	96	90	34	47	8	103	0	36
 31242	94	91	34	47	8	104	0	37
 31287	93	91	34	47	8	105	0	36
 31332	92	91	34	47	8	105	0	37
 31378	92	91	35	47	8	106	0	36
 31423	94	91	35	47	8	107	0	36
 31468	95	90	35	47	8	108	0	36
 31514	95	91	35	47	8	108	0	36
 31559	93	92	35	47	8	109	0	36
 31604	93	92	34	47	8	110	0	36
 31650	92	91	34	47	8	111	0	36
 31695	92	91	35	47	8	112	0	36
 31741	94	90	34	47	8	112	0	36
 31786	95	90	35	47	8	113	0	36
 31831	94	91	34	47	8	114	0	36
 31877	93	92	34	47	8	115	0	36
 31922	92	92	35	47	8	115	0	36
 31967	92	91	35	47	8	116	0	36
 32013	94	91	35	47	8	117	0	36
 32058	94	90	35	47	8	118	0	36
 32103	95	91	35	47	8	118	0	36
 32149	93	91	35	47	8	119	0	36
 32194	92	92	35	47	8	120	0	36
 32239	91	91	35	47	8	121	0	36
 32285	93	90	35	47	8	121	0	36
 32330	94	90	35	47	8	122	0	36
 32375	94	90	35	47	8	123	0	36
 32421	93	91	35	39	9	64	0	36
 32466	92	91	35	39	9	64	0	36
 32512	91	91	35	39	9	65	0	36
 32557	91	91	35	39	9	66	0	36
 32602	92	90	35	39	9	67	0	36
 32648	93	89	35	39	9	67	0	36
 32693	94	89	35	39	9	68	0	36
 32738	94	90	35	39	9	69	0	36
 32784	92	91	35	39	9	70	0	36
 32829	91	91	35	39	9	70	0	36
 32874	90	90	35	35	9	71	0	36
 32920	88	90	35	35	9	72	0	36
 32965	88	89	35	35	9	73	0	36
 33010	92	87	35	35	9	73	0	36
 33056	91	86	35	35	9	74	0	36
 33101	93	86	35	35	9	75	0	36
 33146	91	85	35	39	9	76	0	36
 33192	92	84	35	39	9	76	0	36
 33237	92	84	35	39	9	77	0	36
 33282	91	84	36	39	9	78	0	36
 33328	93	84	35	39	9	79	0	36
 33373	91	83	35	39	9	79	0	36
 33420	92	84	35	39	9	80	0	36
 33464	92	84	35	39	9	81	0	36
 33509	91	83	35	39	9	82	0	36
 33555	92	83	35	39	9	83	0	36
 33600	91	83	36	39	9	83	0	36
 33645	92	84	35	39	9	84	0	36
 33693	93	83	36	39	9	85	0	36
 33736	90	84	35	39	9	86	0	36
 33781	93	83	35	39	9	86	0	36
 33827	93	82	36	39	9	87	0	36
 33872	88	83	35	35	9	88	0	36
 33917	84	83	36	35	9	89	0	37
 33963	83	83	35	35	9	89	0	37
 34008	83	82	37	35	9	90	0	37
 34054	89	81	36	35	9	91	0	37
 34099	90	81	36	35	9	92	0	37
 34162	91	83	36	35	9	93	0	37
 34249	91	85	36	44	9	94	0	37
 34294	88	86	36	44	9	95	0	37
 34340	86	86	36	44	9	96	0	37
 34385	84	86	36	44	9	96	0	37
 34430	83	84	36	44	9	97	0	37
 34476	82	83	36	44	9	98	0	37
 34521	81	83	36	44	9	99	0	37
 34566	81	82	36	44	9	99	0	37
 34612	80	82	36	44	9	100	0	37
 34657	80	81	37	44	9	101	0	37
 34703	79	81	36	44	9	102	0	37
 34748	79	80	36	44	9	102	0	37
 34794	78	79	37	44	9	103	0	37
 34839	77	78	36	44	9	104	0	37
 34884	77	78	36	44	9	105	0	37
 34929	76	77	36	44	9	105	0	37
 34975	75	77	36	44	9	106	0	37
 35020	75	76	36	44	9	107	0	37
 35065	74	76	37	44	9	108	0	37
 35111	74	75	36	44	9	108	0	37
 35156	73	74	36	44	9	109	0	37
 35201	73	74	36	44	9	110	0	37
 35247	73	73	36	44	9	111	0	37
 35293	72	73	37	44	9	112	0	37
 35337	72	72	36	44	9	112	0	37
 35383	71	72	36	44	9	113	0	37
 35429	71	71	36	44	9	114	0	37
 35474	70	71	37	44	9	115	0	37
 35519	70	71	37	44	9	115	0	37
 35564	69	70	37	44	9	116	0	37
 35610	69	70	37	44	9	117	0	37
 35655	69	69	37	44	9	118	0	37
 35700	69	69	37	44	9	118	0	37
 35746	68	69	37	44	9	119	0	37
 35791	68	68	37	44	9	120	0	37
 35836	67	68	37	44	9	121	0	37
 35882	67	68	37	44	9	121	0	37
 35927	67	68	37	44	9	122	0	37
 35972	67	67	37	44	9	123	0	37
 36018	66	67	37	36	10	64	0	37
 36063	66	67	37	36	10	64	0	37
 36108	66	67	37	36	10	65	0	37
 36154	66	66	37	36	10	66	0	37
 36199	66	66	37	36	10	67	0	37
 36244	65	66	37	36	10	67	0	37
 36290	65	66	37	36	10	68	0	37
 36335	65	65	37	36	10	69	0	37
 36381	64	65	37	36	10	70	0	37
 36426	64	65	37	36	10	70	0	37
 36471	63	64	37	36	10	71	0	37
 36517	63	64	38	36	10	72	0	37
 36562	63	63	37	36	10	73	0	37
 36607	63	63	38	36	10	73	0	37
 36653	64	62	38	36	10	74	0	37
 36698	64	62	38	36	10	75	0	37
 36743	65	62	38	36	10	76	0	37
 36789	66	61	38	36	10	76	0	37
 36834	66	61	39	36	10	77	0	37
 36879	66	61	38	36	10	78	0	37
 36925	66	60	38	36	10	79	0	37
 36970	66	60	38	36	10	79	0	37
 37015	65	60	38	36	10	80	0	37
 37061	65	60	38	36	10	81	0	37
 37106	65	59	38	36	10	82	0	37
 37152	64	59	38	36	10	83	0	37
 37197	64	59	38	36	10	83	0	37
 37242	64	59	38	36	10	84	0	37
 37288	63	58	38	36	10	85	0	37
 37333	63	58	38	36	10	86	0	37
 37378	63	58	38	36	10	86	0	37
 37424	63	58	38	36	10	87	0	37
 37469	62	58	39	36	10	88	0	37
 37514	62	58	39	36	10	89	0	37
 37560	62	58	39	36	10	89	0	37
 37605	62	58	39	36	10	90	0	37
 37650	62	58	39	36	10	91	0	37
 37696	62	58	39	36	10	92	0	37
 37741	61	58	39	36	10	92	0	37
 37786	61	57	40	36	10	93	0	37
 37832	61	57	40	44	10	94	0	37
 37877	61	57	40	44	10	95	0	37
 37922	61	57	40	44	10	95	0	37
 37968	61	57	40	44	10	96	0	37
 38013	61	57	40	44	10	97	0	37
 38059	61	57	40	44	10	98	0	37
 38104	61	57	40	44	10	98	0	37
 38149	60	56	41	44	10	99	0	37
 38195	60	56	41	44	10	100	0	37
 38240	60	56	41	44	10	101	0	37
 38285	60	55	41	44	10	101	0	37
 38331	60	55	41	44	10	102	0	37
 38376	59	55	41	44	10	103	0	37
 38421	59	55	41	44	10	104	0	37
 38467	59	55	41	44	10	104	0	37
 38512	59	54	41	44	10	105	0	37
 38557	59	54	41	44	10	106	0	37
 38603	58	54	41	44	10	107	0	37
 38648	58	54	41	44	10	107	0	37
 38693	58	53	42	44	10	108	0	37
 38739	58	53	42	44	10	109	0	37
 38784	57	53	42	44	10	110	0	37
 38830	57	52	42	44	10	110	0	37
 38875	57	52	43	44	10	111	0	37
 38920	57	52	43	44	10	112	0	37
 38966	56	52	43	44	10	113	0	37
 39011	56	52	43	44	10	113	0	37
 39056	56	51	43	44	10	114	0	37
 39102	56	51	43	44	10	115	0	37
 39147	56	51	43	44	10	116	0	37
 39192	55	51	43	44	10	117	0	37
 39238	55	51	43	44	10	117	0	37
 39283	55	50	43	44	10	118	0	37
 39328	55	50	43	44	10	119	0	37
 39374	55	50	43	44	10	120	0	37
 39419	55	50	44	44	10	120	0	37
 39465	55	50	44	44	10	121	0	37
 39510	54	50	44	44	10	122	0	37
 39559	54	49	45	44	10	123	0	37
 39601	54	49	45	44	10	123	0	37
 39646	54	49	45	4	11	64	0	37
 39691	54	49	45	4	11	65	0	37
 39737	54	49	46	4	11	66	0	37
 39782	54	49	46	4	11	66	0	37
 39827	54	49	46	4	11	67	0	37
 39873	54	49	46	4	11	68	0	37
 39918	54	48	47	4	11	69	0	37
 39963	53	48	47	4	11	69	0	37
 40009	54	48	47	4	11	70	0	37
 40054	54	48	47	4	11	71	0	37
 40099	53	48	47	4	11	72	0	37
 40145	53	48	47	4	11	72	0	37
 40190	53	48	47	4	11	73	0	37
 40235	53	48	47	4	11	74	0	37
 40281	53	48	47	4	11	75	0	37
 40326	53	47	48	4	11	75	0	37
 40371	53	48	48	4	11	76	0	37
 40417	53	47	48	4	11	77	0	37
 40462	53	47	48	4	11	78	0	38
 40508	53	47	48	4	11	78	0	37
 40553	53	47	48	4	11	79	0	37
 40598	52	47	48	4	11	80	0	37
 40644	52	47	48	4	11	81	0	37
 40689	52	47	48	4	11	81	0	37
 40734	52	47	49	4	11	82	0	37
 40780	52	47	48	4	11	83	0	37
 40825	52	47	48	4	11	84	0	37
 40870	52	47	48	4	11	84	0	37
 40916	52	47	48	4	11	85	0	37
 40961	52	46	48	4	11	86	0	37
 41006	52	47	48	4	11	87	0	37
 41052	52	46	48	4	11	87	0	37
 41097	52	46	48	4	11	88	0	37
 41143	52	46	49	4	11	89	0	38
 41188	52	46	49	4	11	90	0	38
 41233	52	47	49	4	11	91	0	38
 41279	52	46	49	4	11	91	0	38
 41324	51	46	49	4	11	92	0	38
 41369	52	46	49	4	11	93	0	38
 41415	51	46	49	12	11	94	0	38
 41460	51	46	49	12	11	94	0	38
 41505	51	46	49	12	11	95	0	38
 41551	51	46	49	12	11	96	0	38
 41596	51	46	49	12	11	97	0	38
 41642	51	45	49	12	11	97	0	38
 41687	51	45	49	12	11	98	0	38
 41732	51	46	49	12	11	99	0	38
 41777	51	46	50	12	11	100	0	38
 41823	51	45	49	12	11	100	0	38
 41868	51	45	49	12	11	101	0	38
 41913	51	45	50	12	11	102	0	38
 41959	51	45	50	12	11	103	0	38
 42004	51	45	50	12	11	103	0	38
 42049	51	45	50	12	11	104	0	38
 42095	50	45	50	12	11	105	0	38
 42140	50	45	50	12	11	106	0	38
 42186	50	45	50	12	11	106	0	38
 42231	50	45	50	12	11	107	0	38
 42276	50	45	51	12	11	108	0	38
 42322	50	45	51	12	11	109	0	38
 42367	50	45	51	12	11	109	0	38
 42412	50	45	51	12	11	110	0	38
 42458	50	45	52	12	11	111	0	38
 42503	50	45	52	12	11	112	0	38
 42548	50	44	52	12	11	112	0	38
 42594	50	44	52	12	11	113	0	38
 42639	50	44	52	12	11	114	0	38
 42684	49	44	52	12	11	115	0	38
 42730	50	44	52	12	11	115	0	38
 42775	49	44	52	12	11	116	0	38
 42821	49	44	52	12	11	117	0	38
 42866	49	44	52	12	11	118	0	38
 42911	49	44	51	12	11	118	0	38
 42957	49	44	52	12	11	119	0	38
 43002	49	44	51	12	11	120	0	38
 43047	49	44	51	12	11	121	0	38
 43093	49	43	51	12	11	121	0	38
 43138	49	44	51	12	11	122	0	38
 43183	49	43	51	12	11	123	0	38
 43229	49	43	51	4	12	64	0	38
 43274	49	43	51	4	12	65	0	38
 43319	49	43	51	4	12	65	0	38
 43365	49	43	52	4	12	66	0	38
 43410	48	43	51	4	12	67	0	38
 43455	48	43	52	4	12	68	0	38
 43501	48	43	51	4	12	68	0	38
 43546	48	43	51	4	12	69	0	38
 43591	48	43	51	4	12	70	0	38
 43637	48	43	51	4	12	71	0	38
 43682	48	43	51	4	12	71	0	38
 43728	48	43	51	4	12	72	0	38
 43773	48	42	51	4	12	73	0	38
 43818	48	42	51	4	12	74	0	38
 43864	48	42	52	4	12	74	0	38
 43909	48	42	52	4	12	75	0	38
 43954	48	42	52	4	12	76	0	38
 44000	48	42	52	4	12	77	0	38
 44045	48	42	52	4	12	77	0	38
 44090	48	42	52	4	12	78	0	38
 44136	48	42	52	4	12	79	0	38
 44181	47	41	52	4	12	80	0	38
 44226	47	41	52	4	12	80	0	38
 44272	47	41	52	4	12	81	0	38
 44317	47	41	52	4	12	82	0	38
 44372	47	41	52	4	12	83	0	38
 44417	47	41	52	4	12	84	0	38
 44462	47	41	52	4	12	84	0	38
 44508	47	41	51	4	12	85	0	38
 44553	47	41	51	4	12	86	0	38
 44598	47	41	50	4	12	87	0	38
 44644	47	41	51	4	12	87	0	38
 44689	47	41	50	4	12	88	0	38
 44734	47	41	51	4	12	89	0	38
 44780	46	41	51	4	12	90	0	38
 44825	46	41	51	4	12	90	0	38
 44870	46	41	51	4	12	91	0	38
 44916	46	41	51	4	12	92	0	38
 44961	46	40	51	4	12	93	0	38
 45006	46	40	51	4	12	93	0	38
 45052	46	40	52	12	12	94	0	38
 45097	46	40	51	12	12	95	0	38
 45142	46	40	51	12	12	96	0	38
 45188	46	40	51	12	12	96	0	38
 45233	46	40	51	12	12	97	0	38
 45279	46	40	51	12	12	98	0	38
 45324	46	40	51	12	12	99	0	38
 45369	46	40	51	12	12	99	0	38
 45415	46	40	51	12	12	100	0	38
 45460	46	40	51	12	12	101	0	38
 45505	46	40	51	12	12	102	0	38
 45551	46	40	51	12	12	102	0	38
 45596	46	40	51	12	12	103	0	38
 45641	46	40	51	12	12	104	0	38
 45687	46	40	51	12	12	105	0	38
 45732	46	40	51	12	12	105	0	39
 45777	45	39	51	12	12	106	0	39
 45823	45	39	51	12	12	107	0	39
 45868	45	39	51	12	12	108	0	39
 45914	45	39	52	12	12	108	0	39
 45959	45	39	51	12	12	109	0	39
 46004	45	39	51	12	12	110	0	39
 46050	45	39	51	12	12	111	0	39
 46095	45	39	51	12	12	112	0	39
 46140	45	39	51	12	12	112	0	39
 46186	45	39	51	12	12	113	0	39
 46231	45	39	52	12	12	114	0	39
 46276	45	39	51	12	12	115	0	39
 46322	45	39	52	12	12	115	0	39
 46367	45	39	52	12	12	116	0	39
 46412	45	39	52	12	12	117	0	39
 46458	45	39	52	12	12	118	0	39
 46503	45	39	52	12	12	118	0	39
 46548	45	39	52	12	12	119	0	39
 46594	45	39	52	12	12	120	0	39
 46639	45	39	52	12	12	121	0	39
 46684	45	39	52	12	12	121	0	39
 46730	45	39	52	12	12	122	0	39
 46775	45	39	52	12	12	123	0	39
 46820	45	38	52	4	13	64	0	39
 46866	45	39	51	0	13	64	0	39
 46911	45	39	51	0	13	65	0	39
 46957	47	38	52	0	13	66	0	39
 47002	51	38	51	0	13	67	0	39
 47047	54	38	52	0	13	67	0	39
 47093	56	38	51	0	13	68	0	39
 47138	57	38	52	4	13	69	0	39
 47183	58	38	52	4	13	70	0	39
 47229	55	38	52	4	13	70	0	39
 47275	52	38	52	4	13	71	0	39
 47319	50	39	52	4	13	72	0	39
 47365	49	38	52	4	13	73	0	39
 47410	48	38	52	4	13	73	0	39
 47455	48	38	52	4	13	74	0	39
 47501	47	39	52	4	13	75	0	39
 47546	47	39	52	4	13	76	0	39
 47591	47	38	52	4	13	76	0	38
 47637	47	39	51	4	13	77	0	38
 47682	47	38	51	4	13	78	0	38
 47728	46	39	51	4	13	79	0	38
 47773	46	38	51	4	13	79	0	38
 47818	46	38	51	4	13	80	0	38
 47864	46	38	51	4	13	81	0	38
 47909	46	38	51	4	13	82	0	39
 47954	46	38	51	4	13	83	0	40
 48000	46	38	51	4	13	83	0	43
 48045	46	38	51	4	13	84	0	45
 48090	46	38	51	4	13	85	0	45
 48136	46	38	51	4	13	86	0	45
 48181	45	38	51	4	13	86	0	44
 48226	45	38	51	4	13	87	0	44
 48272	45	38	52	4	13	88	0	45
 48317	45	38	52	4	13	89	0	47
 48362	45	38	52	4	13	89	0	48
 48408	45	38	52	4	13	90	0	49
 48453	45	38	52	4	13	91	0	50
 48498	45	38	52	4	13	92	0	51
 48544	45	38	52	4	13	92	0	51
 48589	45	38	52	4	13	93	0	51
 48635	45	38	52	12	13	94	0	52
 48680	45	38	52	12	13	95	0	52
 48725	45	38	52	12	13	95	0	53
 48771	45	38	52	12	13	96	0	52
 48816	45	38	53	12	13	97	0	52
 48861	45	38	53	12	13	98	0	53
 48907	45	38	53	12	13	98	0	53
 48952	45	38	54	12	13	99	0	51
 48997	45	38	53	12	13	100	0	50
 49043	45	38	54	12	13	101	0	49
 49088	45	38	54	12	13	101	0	48
 49133	45	37	53	12	13	102	0	47
 49179	45	37	54	12	13	103	0	47
 49224	45	37	54	12	13	104	0	47
 49269	45	37	54	12	13	104	0	47
 49315	45	37	53	12	13	105	0	46
 49360	45	37	53	12	13	106	0	44
 49406	45	37	53	12	13	107	0	44
 49451	45	37	53	12	13	107	0	43
 49496	45	37	53	12	13	108	0	42
 49542	45	37	53	12	13	109	0	42
 49587	45	37	53	12	13	110	0	41
 49632	45	37	53	12	13	110	0	41
 49678	45	37	53	12	13	111	0	41
 49723	45	37	53	12	13	112	0	41
 49768	45	37	53	12	13	113	0	41
 49814	45	37	53	12	13	113	0	40
 49859	45	37	53	12	13	114	0	40
 49904	45	37	53	12	13	115	0	40
 49950	45	37	53	12	13	116	0	40
 49995	45	37	53	12	13	117	0	40
 50040	45	37	53	12	13	117	0	40
 50086	45	37	53	12	13	118	0	41
 50131	45	38	53	12	13	119	0	41
 50176	45	37	53	12	13	120	0	44
 50222	45	37	53	12	13	120	0	46
 50267	45	37	53	12	13	121	0	48
 50313	45	37	53	12	13	122	0	49
 50358	45	37	52	12	13	123	0	49
 50403	45	37	52	12	13	123	0	50
 50449	45	37	52	4	14	64	0	50
 50494	45	37	52	4	14	65	0	51
 50539	45	37	53	4	14	66	0	51
 50585	45	37	52	4	14	66	0	52
 50630	45	37	52	4	14	67	0	52
 50675	45	38	52	4	14	68	0	52
 50721	45	37	53	4	14	69	0	52
 50766	45	37	52	4	14	69	0	52
 50811	46	37	52	4	14	70	0	52
 50857	45	37	53	4	14	71	0	52
 50902	45	37	53	4	14	72	0	51
 50947	45	37	53	4	14	72	0	51
 50993	46	37	53	4	14	73	0	50
 51038	45	37	53	4	14	74	0	49
 51084	45	37	53	4	14	75	0	48
 51129	45	37	54	4	14	75	0	47
 51174	45	37	55	4	14	76	0	47
 51220	45	37	53	4	14	77	0	46
 51265	45	37	53	4	14	78	0	46
 51310	45	37	53	4	14	78	0	45
 51356	45	37	53	4	14	79	0	45
 51401	45	37	53	4	14	80	0	45
 51446	45	37	54	4	14	81	0	45
 51492	45	37	54	4	14	81	0	45
 51537	45	37	54	4	14	82	0	44
 51582	45	37	54	4	14	83	0	44
 51628	45	37	54	4	14	84	0	44
 51673	45	37	53	4	14	84	0	43
 51718	45	37	54	4	14	85	0	43
 51764	45	37	53	4	14	86	0	43
 51809	45	37	53	4	14	87	0	42
 51854	45	37	54	4	14	87	0	42
 51900	45	37	53	4	14	88	0	42
 51945	45	37	54	4	14	89	0	42
 51990	44	37	54	4	14	90	0	41
 52036	45	37	54	4	14	91	0	41
 52081	44	37	53	4	14	91	0	41
 52127	44	37	53	4	14	92	0	41
 52172	44	37	54	4	14	93	0	41
 52217	44	37	54	12	14	94	0	41
 52263	44	37	54	12	14	94	0	41
 52308	44	37	54	12	14	95	0	41
 52353	44	37	54	12	14	96	0	41
 52399	44	36	53	12	14	97	0	41
 52444	44	37	53	12	14	97	0	40
 52489	44	37	53	12	14	98	0	40
 52535	44	37	53	12	14	99	0	40
 52580	44	37	54	12	14	100	0	40
 52625	44	37	54	12	14	100	0	40
 52671	44	36	54	12	14	101	0	40
 52716	44	36	54	12	14	102	0	40
 52761	44	36	53	12	14	103	0	40
 52807	44	36	54	12	14	103	0	40
 52852	44	37	53	12	14	104	0	40
 52898	44	36	53	12	14	105	0	40
 52943	44	36	53	12	14	106	0	40
 52988	44	36	53	12	14	106	0	40
 53034	44	36	53	12	14	107	0	40
 53079	44	36	53	12	14	108	0	40
 53126	44	36	53	12	14	109	0	40
 53170	44	36	54	12	14	109	0	40
 53215	44	36	53	12	14	110	0	40
 53260	44	36	53	12	14	111	0	40
 53306	44	36	53	12	14	112	0	40
 53351	44	36	53	12	14	112	0	40
 53396	44	36	53	12	14	113	0	40
 53442	44	36	53	12	14	114	0	40
 53487	44	36	53	12	14	115	0	40
 53532	44	36	53	12	14	115	0	40
 53578	44	36	52	12	14	116	0	40
 53623	44	36	52	12	14	117	0	40
 53669	44	36	53	12	14	118	0	40
 53714	44	36	53	12	14	118	0	40
 53759	44	36	53	12	14	119	0	40
 53805	44	36	53	12	14	120	0	40
 53850	43	36	54	12	14	121	0	39
 53895	44	36	54	12	14	121	0	40
 53941	43	36	54	12	14	122	0	39
 53986	43	36	54	12	14	123	0	39
 54031	43	36	54	4	15	64	0	39
 54077	43	36	54	4	15	65	0	39
 54122	44	36	54	4	15	65	0	40
 54167	43	36	54	4	15	66	0	40
 54213	43	36	54	4	15	67	0	40
 54258	43	36	54	4	15	68	0	40
 54303	43	36	54	4	15	68	0	40
 54349	43	36	54	4	15	69	0	41
 54394	43	36	53	4	15	70	0	41
 54440	43	36	53	4	15	71	0	42
 54485	43	36	53	4	15	71	0	43
 54530	43	35	53	4	15	72	0	42
 54585	43	35	53	4	15	73	0	42
 54636	43	36	53	4	15	74	0	41
 54675	43	35	53	4	15	74	0	41
 54721	43	35	53	4	15	75	0	41
 54766	43	35	52	4	15	76	0	41
 54811	43	35	52	4	15	77	0	41
 54857	43	35	53	4	15	78	0	41
 54902	43	36	53	4	15	78	0	41
 54947	43	36	53	4	15	79	0	41
 54993	43	35	53	4	15	80	0	40
 55038	43	35	52	4	15	81	0	40
 55083	43	35	53	4	15	81	0	40
 55129	43	35	52	4	15	82	0	40
 55174	43	35	52	4	15	83	0	40
 55220	43	35	53	4	15	84	0	40
 55265	43	35	52	4	15	84	0	40
 55310	43	35	52	4	15	85	0	40
 55356	43	35	52	4	15	86	0	40
 55401	43	35	52	4	15	87	0	40
 55446	43	35	52	4	15	87	0	39
 55492	43	35	52	4	15	88	0	39
 55537	43	35	52	4	15	89	0	39
 55582	43	35	52	4	15	90	0	39
 55628	43	36	52	4	15	90	0	39
 55673	43	35	52	4	15	91	0	39
 55718	43	35	52	4	15	92	0	39
 55764	43	35	52	4	15	93	0	39
 55809	43	35	53	4	15	93	0	39
 55854	43	35	52	12	15	94	0	39
 55900	42	35	52	12	15	95	0	39
 55945	43	35	52	12	15	96	0	39
 55991	43	35	52	12	15	97	0	39
 56036	43	35	52	12	15	97	0	39
 56082	43	35	52	12	15	98	0	38
 56127	43	35	52	12	15	99	0	38
 56172	43	35	52	12	15	100	0	38
 56217	42	35	52	12	15	100	0	38
 56263	42	35	51	12	15	101	0	38
 56308	42	35	51	12	15	102	0	38
 56353	42	35	52	12	15	103	0	38
 56399	42	35	51	12	15	103	0	38
 56444	42	35	51	12	15	104	0	38
 56489	42	35	51	12	15	105	0	38
 56535	42	35	51	12	15	106	0	38
 56580	42	35	51	12	15	106	0	38
 56625	42	35	52	12	15	107	0	38
 56671	42	35	51	12	15	108	0	38
 56716	42	35	52	12	15	109	0	38
 56761	42	35	51	12	15	109	0	38
 56807	42	35	51	12	15	110	0	38
 56852	42	35	51	12	15	111	0	38
 56898	42	35	51	12	15	112	0	38
 56943	42	35	51	12	15	112	0	38
 56988	42	35	51	12	15	113	0	38
 57034	42	35	51	12	15	114	0	38
 57079	42	35	51	12	15	115	0	38
 57124	42	35	51	12	15	115	0	38
 57170	42	35	50	12	15	116	0	38
 57215	42	35	51	12	15	117	0	38
 57260	42	35	51	12	15	118	0	38
 57306	42	35	51	12	15	118	0	38
 57351	42	35	51	12	15	119	0	38
 57396	42	35	51	12	15	120	0	38
 57442	42	35	51	12	15	121	0	38
 57487	42	35	51	12	15	121	0	38
 57533	42	35	51	12	15	122	0	38
 57578	42	35	51	12	15	123	0	38
 57623	42	35	51	4	16	64	0	38
 57669	42	35	51	4	16	65	0	38
 57714	42	35	51	4	16	65	0	37
 57759	42	35	51	4	16	66	0	37
 57805	42	34	51	4	16	67	0	37
 57850	42	34	51	4	16	68	0	37
 57895	42	35	51	4	16	68	0	37
 57941	42	35	51	4	16	69	0	37
 57986	42	35	51	4	16	70	0	37
 58031	42	35	51	4	16	71	0	37
 58077	42	34	51	4	16	71	0	37
 58122	42	34	51	4	16	72	0	37
 58167	42	35	51	4	16	73	0	37
 58213	42	35	51	4	16	74	0	37
 58258	42	34	51	4	16	74	0	37
 58303	42	34	51	4	16	75	0	37
 58349	42	34	51	4	16	76	0	37
 58394	42	34	51	4	16	77	0	37
 58440	42	34	51	4	16	77	0	37
 58485	42	34	51	4	16	78	0	37
 58530	42	34	51	4	16	79	0	37
 58576	42	34	51	4	16	80	0	37
 58621	42	34	50	4	16	80	0	37
 58667	42	35	51	4	16	81	0	37
 58712	42	34	51	4	16	82	0	37
 58757	41	34	51	4	16	83	0	37
 58803	42	34	51	4	16	83	0	37
 58848	41	34	50	4	16	84	0	37
 58893	42	34	51	4	16	85	0	37
 58938	41	34	51	4	16	86	0	37
 58984	41	34	50	4	16	86	0	37
 59029	41	34	51	4	16	87	0	37
 59074	41	34	51	4	16	88	0	37
 59120	41	34	50	4	16	89	0	37
 59165	41	34	50	4	16	89	0	37
 59211	41	34	50	4	16	90	0	37
 59256	41	34	50	4	16	91	0	37
 59301	41	34	50	4	16	92	0	37
 59347	41	34	50	4	16	92	0	37
 59392	41	34	50	4	16	93	0	37
 59437	41	35	50	12	16	94	0	37
 59483	41	34	50	12	16	95	0	37
 59528	41	34	50	12	16	96	0	37
 59573	41	34	50	12	16	96	0	37
 59619	41	34	50	12	16	97	0	37
 59664	41	34	50	12	16	98	0	37
 59709	41	34	50	12	16	99	0	37
 59755	41	34	50	12	16	99	0	37
 59800	41	34	50	12	16	100	0	36
 59845	41	34	50	12	16	101	0	37
 59891	41	34	50	12	16	102	0	36
 59936	41	34	50	12	16	102	0	36
 59981	41	34	49	12	16	103	0	36
 60027	41	34	49	12	16	104	0	36
 60072	41	34	50	12	16	105	0	36
 60118	41	34	50	12	16	105	0	36
 60163	41	34	50	12	16	106	0	36
 60208	41	34	49	12	16	107	0	36
 60254	41	34	49	12	16	108	0	36
 60299	41	34	49	12	16	108	0	36
 60344	41	34	50	12	16	109	0	36
 60390	41	34	49	12	16	110	0	36
 60444	41	34	49	12	16	111	0	36
 60489	41	34	49	12	16	112	0	36
 60535	41	34	49	12	16	112	0	36
 60580	41	34	49	12	16	113	0	36
 60625	41	34	49	12	16	114	0	36
 60671	41	33	49	12	16	115	0	36
 60716	41	34	49	12	16	115	0	36
 60762	41	34	49	12	16	116	0	36
 60807	41	34	49	12	16	117	0	36
 60852	41	34	49	12	16	118	0	36
 60898	41	33	49	12	16	118	0	36
 60943	41	34	49	12	16	119	0	36
 60988	41	34	49	12	16	120	0	36
 61037	41	34	49	12	16	121	0	36
 61079	41	34	49	12	16	121	0	36
 61124	41	34	49	12	16	122	0	36
 61170	41	34	49	12	16	123	0	36
 61215	41	34	49	4	17	64	0	36
 61260	41	34	49	4	17	64	0	36
 61306	41	33	49	4	17	65	0	36
 61351	41	34	49	4	17	66	0	36
 61396	40	34	49	4	17	67	0	36
 61442	41	33	49	4	17	67	0	36
 61487	41	34	49	4	17	68	0	36
 61533	40	33	49	4	17	69	0	36
 61578	41	33	49	0	17	70	0	36
 61623	41	33	49	0	17	70	0	36
 61669	41	33	49	0	17	71	0	35
 61714	44	33	49	0	17	72	0	35
 61759	48	33	49	0	17	73	0	35
 61809	51	34	49	0	17	73	0	35
 61850	53	33	49	0	17	74	0	35
 61895	54	34	49	4	17	75	0	35
 61941	53	34	49	4	17	76	0	35
 61986	50	33	49	4	17	76	0	35
 62031	47	34	49	4	17	77	0	35
 62077	45	34	49	4	17	78	0	35
 62122	44	34	49	4	17	79	0	35
 62167	43	33	49	4	17	79	0	35
 62213	43	34	49	4	17	80	0	35
 62258	43	34	49	4	17	81	0	35
 62304	43	34	49	4	17	82	0	35
 62349	43	34	49	4	17	83	0	35
 62394	43	33	49	4	17	83	0	35
 62440	42	33	48	4	17	84	0	35
 62485	42	33	48	4	17	85	0	35
 62531	42	33	49	4	17	86	0	35
 62576	42	33	48	4	17	86	0	35
 62621	42	33	48	4	17	87	0	35
 62666	42	33	49	4	17	88	0	35
 62712	42	33	48	4	17	89	0	35
 62757	42	33	48	4	17	89	0	35
 62802	42	33	48	4	17	90	0	35
 62848	42	33	48	4	17	91	0	35
 62893	42	33	48	4	17	92	0	35
 62938	42	33	48	4	17	92	0	35
 62984	42	33	48	4	17	93	0	35
 63029	41	33	48	12	17	94	0	35
 63075	41	33	48	12	17	95	0	35
 63120	41	33	48	12	17	95	0	35
 63165	41	33	48	12	17	96	0	35
 63211	41	33	48	12	17	97	0	35
 63256	41	33	48	12	17	98	0	35
 63301	41	33	48	12	17	98	0	35
 63347	41	33	49	12	17	99	0	35
 63392	41	33	48	12	17	100	0	35
 63437	41	33	48	12	17	101	0	35
 63483	41	33	48	12	17	101	0	35
 63528	41	33	48	12	17	102	0	35
 63573	41	33	48	12	17	103	0	35
 63619	41	33	48	12	17	104	0	35
 63664	41	33	48	12	17	104	0	35
 63709	41	33	48	12	17	105	0	35
 63755	41	33	48	12	17	106	0	35
 63800	41	33	48	12	17	107	0	35
 63845	42	33	47	12	17	107	0	34
 63891	42	33	48	12	17	108	0	34
 63936	42	33	47	12	17	109	0	34
 63982	42	33	47	12	17	110	0	34
 64027	42	34	47	12	17	110	0	34
 64072	42	34	47	12	17	111	0	34
 64118	42	33	47	12	17	112	0	34
 64163	42	34	47	12	17	113	0	34
 64208	42	33	47	12	17	113	0	34
 64254	42	34	47	12	17	114	0	34
 64299	42	33	47	12	17	115	0	34
 64344	42	34	47	12	17	116	0	34
 64390	42	34	47	12	17	117	0	34
 64435	42	34	47	12	17	117	0	34
 64480	42	33	47	12	17	118	0	34
 64526	42	33	47	12	17	119	0	34
 64571	42	34	47	12	17	120	0	34
 64626	42	34	47	12	17	120	0	34
 64671	42	34	47	12	17	121	0	34
 64716	42	33	47	12	17	122	0	34
 64762	42	34	47	12	17	123	0	34
 64807	42	33	47	12	17	123	0	34
 64852	43	34	47	4	18	64	0	34
 64898	42	33	46	4	18	65	0	34
 64943	42	33	46	4	18	66	0	34
 64988	42	34	46	4	18	66	0	34
 65035	42	34	46	4	18	67	0	34
 65079	42	34	46	4	18	68	0	34
 65124	42	33	46	4	18	69	0	34
 65170	42	33	46	4	18	70	0	34
 65215	42	33	46	4	18	70	0	34
 65260	42	34	46	4	18	71	0	34
 65306	42	33	46	4	18	72	0	34
 65351	42	33	46	4	18	73	0	34
 65397	42	33	46	4	18	73	0	34
 65442	42	33	46	4	18	74	0	34
 65487	42	33	46	4	18	75	0	34
 65533	42	33	46	4	18	76	0	34
 65578	42	33	46	4	18	76	0	34
 65623	42	33	46	4	18	77	0	34
 65669	42	33	46	4	18	78	0	34
 65714	42	33	46	4	18	79	0	34
 65759	42	33	46	4	18	79	0	34
 65805	42	33	46	4	18	80	0	34
 65850	42	33	46	4	18	81	0	34
 65895	42	33	46	4	18	82	0	34
 65941	42	33	46	4	18	82	0	34
 65986	42	33	46	4	18	83	0	34
 66031	42	33	46	4	18	84	0	34
 66077	42	33	46	4	18	85	0	34
 66122	42	33	46	4	18	85	0	34
 66168	42	33	46	4	18	86	0	34
 66213	42	33	46	4	18	87	0	34
 66258	42	33	46	4	18	88	0	34
 66304	42	33	46	4	18	88	0	34
 66349	42	33	46	4	18	89	0	34
 66394	41	33	46	4	18	90	0	34
 66440	41	33	46	4	18	91	0	34
 66485	41	33	46	4	18	91	0	34
 66530	42	33	45	4	18	92	0	34
 66576	41	33	46	4	18	93	0	34
 66621	41	33	46	12	18	94	0	34
 66666	41	33	46	12	18	94	0	34
 66712	41	33	46	12	18	95	0	34
 66757	41	33	46	12	18	96	0	34
 66802	41	33	46	12	18	97	0	33
 66848	41	33	46	12	18	97	0	33
 66893	41	33	46	12	18	98	0	33
 66939	41	33	46	12	18	99	0	33
 66984	41	33	46	12	18	100	0	33
 67029	41	33	46	12	18	100	0	33
 67075	41	33	46	12	18	101	0	33
 67120	41	33	46	12	18	102	0	33
 67165	42	33	46	12	18	103	0	33
 67211	41	33	46	12	18	104	0	33
 67256	41	33	46	12	18	104	0	33
 67301	41	33	46	12	18	105	0	33
 67347	41	33	46	12	18	106	0	33
 67392	41	33	46	12	18	107	0	33
 67437	41	33	46	12	18	107	0	33
 67483	41	33	46	12	18	108	0	33
 67528	41	33	46	12	18	109	0	33
 67573	41	33	46	12	18	110	0	33
 67619	41	33	46	12	18	110	0	33
 67664	41	33	46	12	18	111	0	33
 67709	41	33	46	12	18	112	0	33
 67755	41	33	46	12	18	113	0	33
 67800	41	33	46	12	18	113	0	33
 67846	41	33	46	12	18	114	0	33
 67891	41	33	46	12	18	115	0	33
 67936	41	33	46	12	18	116	0	33
 67982	41	33	46	12	18	116	0	33
 68027	41	33	46	12	18	117	0	33
 68072	41	33	46	12	18	118	0	33
 68118	41	33	46	12	18	119	0	33
 68163	41	33	46	12	18	119	0	33
 68208	41	33	46	12	18	120	0	33
 68254	41	33	46	12	18	121	0	33
 68299	41	33	46	12	18	122	0	33
 68344	41	33	46	12	18	122	0	33
 68390	41	33	46	12	18	123	0	33
 68435	41	33	46	4	19	64	0	33
 68480	41	33	46	4	19	65	0	33
 68526	41	33	46	4	19	65	0	33
 68571	41	33	46	4	19	66	0	33
 68617	41	32	46	4	19	67	0	33
 68662	41	33	46	4	19	68	0	33
 68708	41	33	46	4	19	68	0	33
 68753	41	33	45	4	19	69	0	33
 68798	41	33	46	4	19	70	0	33
 68843	41	33	46	4	19	71	0	33
 68889	41	33	45	4	19	71	0	33
 68934	41	33	45	4	19	72	0	33
 68979	41	33	45	4	19	73	0	33
 69025	41	33	46	4	19	74	0	33
 69070	41	33	45	4	19	74	0	33
 69115	41	33	45	4	19	75	0	33
 69161	41	33	45	4	19	76	0	33
 69206	41	33	45	4	19	77	0	33
 69251	41	33	45	4	19	78	0	33
 69297	41	33	44	4	19	78	0	33
 69342	41	33	45	4	19	79	0	33
 69388	41	33	45	4	19	80	0	33
 69433	41	33	45	4	19	81	0	33
 69478	41	33	45	4	19	81	0	33
 69524	41	33	45	4	19	82	0	33
 69569	41	32	45	4	19	83	0	33
 69614	41	33	45	4	19	84	0	33
 69660	40	33	45	4	19	84	0	33
 69705	41	32	45	4	19	85	0	33
 69750	40	33	45	4	19	86	0	33
 69796	40	32	45	4	19	87	0	33
 69841	41	32	45	4	19	87	0	33
 69886	40	33	45	4	19	88	0	33
 69932	40	32	45	4	19	89	0	33
 69977	40	32	45	4	19	90	0	33
 70023	40	32	45	4	19	90	0	33
 70068	40	32	45	4	19	91	0	33
 70113	40	32	45	4	19	92	0	33
 70158	40	32	45	4	19	93	0	33
 70204	40	32	45	4	19	93	0	33
 70249	40	32	45	12	19	94	0	33
 70295	40	32	45	12	19	95	0	33
 70340	40	32	45	12	19	96	0	33
 70385	40	32	45	12	19	96	0	33
 70431	40	32	45	12	19	97	0	33
 70476	40	32	45	12	19	98	0	33
 70521	40	32	45	12	19	99	0	33
 70567	40	32	45	12	19	99	0	33
 70612	40	33	45	12	19	100	0	33
 70657	40	32	45	12	19	101	0	33
 70703	40	32	45	12	19	102	0	33
 70748	40	32	45	12	19	102	0	33
 70793	40	32	45	12	19	103	0	33
 70839	40	32	44	12	19	104	0	33
 70884	40	32	45	12	19	105	0	33
 70929	40	32	44	12	19	105	0	33
 70975	40	32	45	12	19	106	0	33
 71020	40	32	45	12	19	107	0	33
 71066	40	32	45	12	19	108	0	33
 71111	40	32	45	12	19	108	0	32
 71156	40	32	45	12	19	109	0	32
 71202	40	32	45	12	19	110	0	32
 71247	40	32	45	12	19	111	0	33
 71292	40	32	45	12	19	112	0	32
 71338	40	32	44	12	19	112	0	32
 71383	40	32	45	12	19	113	0	32
 71428	40	32	45	12	19	114	0	32
 71474	40	32	44	12	19	115	0	32
 71519	40	32	44	12	19	115	0	32
 71564	40	32	44	12	19	116	0	32
 71610	40	32	45	12	19	117	0	32
 71655	40	32	45	12	19	118	0	32
 71700	40	32	45	12	19	118	0	32
 71746	40	32	44	12	19	119	0	32
 71791	40	32	44	12	19	120	0	32
 71837	40	32	44	12	19	121	0	32
 71882	40	32	44	12	19	121	0	32
 71927	40	32	44	12	19	122	0	32
 71973	39	32	44	12	19	123	0	32
 72018	40	32	44	4	20	64	0	32
 72063	40	32	44	4	20	64	0	32
 72109	40	32	44	4	20	65	0	32
 72154	40	32	45	4	20	66	0	32
 72199	40	32	44	4	20	67	0	32
 72245	40	32	44	4	20	67	0	32
 72290	40	32	44	4	20	68	0	32
 72335	40	32	44	4	20	69	0	32
 72381	40	32	44	4	20	70	0	32
 72426	40	32	44	4	20	70	0	32
 72471	40	32	44	4	20	71	0	32
 72517	40	32	44	4	20	72	0	32
 72562	40	32	44	4	20	73	0	32
 72607	40	32	44	4	20	73	0	32
 72653	40	32	44	4	20	74	0	32
 72698	40	32	44	4	20	75	0	32
 72743	40	32	44	4	20	76	0	32
 72789	40	32	44	4	20	76	0	32
 72834	40	32	44	4	20	77	0	32
 72880	40	32	45	4	20	78	0	32
 72925	40	32	45	4	20	79	0	32
 72970	39	32	44	4	20	79	0	32
 73016	40	32	44	4	20	80	0	32
 73061	39	32	44	4	20	81	0	32
 73106	40	32	44	4	20	82	0	32
 73152	40	32	44	4	20	83	0	32
 73197	39	32	44	4	20	83	0	32
 73242	39	32	44	4	20	84	0	32
 73288	39	32	44	4	20	85	0	32
 73333	39	32	44	4	20	86	0	32
 73378	39	32	44	4	20	86	0	32
 73424	39	32	44	4	20	87	0	32
 73469	39	32	44	4	20	88	0	32
 73514	39	32	44	4	20	89	0	32
 73560	39	32	44	4	20	89	0	32
 73605	39	32	44	4	20	90	0	32
 73650	39	32	44	4	20	91	0	32
 73696	39	32	44	4	20	92	0	32
 73741	39	32	44	4	20	92	0	32
 73787	39	32	44	4	20	93	0	32
 73832	39	32	44	12	20	94	0	32
 73877	39	32	44	12	20	95	0	32
 73923	39	32	44	12	20	95	0	32
 73968	39	32	44	12	20	96	0	32
 74013	39	32	44	12	20	97	0	32
 74059	39	32	44	12	20	98	0	32
 74104	39	31	44	12	20	98	0	32
 74149	39	32	44	12	20	99	0	32
 74195	39	31	44	12	20	100	0	32
 74240	39	31	44	12	20	101	0	32
 74285	39	32	44	12	20	101	0	32
 74331	39	32	44	12	20	102	0	32
 74377	39	32	44	12	20	103	0	32
 74421	39	32	44	12	20	104	0	32
 74467	39	32	44	12	20	104	0	32
 74512	39	31	44	12	20	105	0	32
 74558	39	31	44	12	20	106	0	32
 74603	39	32	44	12	20	107	0	32
 74648	39	32	43	12	20	107	0	32
 74694	39	31	43	12	20	108	0	32
 74739	39	32	44	12	20	109	0	32
 74784	39	32	44	12	20	110	0	32
 74830	39	31	44	12	20	110	0	32
 74875	39	31	44	12	20	111	0	32
 74920	39	31	44	12	20	112	0	32
 74966	39	31	44	12	20	113	0	32
 75011	39	31	43	12	20	113	0	32
 75057	39	31	44	12	20	114	0	32
 75102	39	31	44	12	20	115	0	32
 75147	39	31	44	12	20	116	0	32
 75193	39	31	44	12	20	117	0	32
 75238	39	31	44	12	20	117	0	32
 75283	39	31	44	12	20	118	0	32
 75329	39	31	44	12	20	119	0	32
 75374	39	31	43	12	20	120	0	32
 75419	39	31	43	12	20	120	0	32
 75465	39	31	43	12	20	121	0	32
 75510	39	31	44	12	20	122	0	32
 75555	39	31	44	12	20	123	0	32
 75601	39	31	44	12	20	123	0	32
 75646	39	31	44	4	21	64	0	32
 75692	39	31	44	4	21	65	0	32
 75737	39	31	44	4	21	66	0	32
 75782	39	31	44	4	21	66	0	32
 75827	38	31	44	4	21	67	0	32
 75873	38	31	43	4	21	68	0	32
 75918	39	31	43	4	21	69	0	32
 75964	39	31	44	0	21	69	0	31
 76009	38	31	44	0	21	70	0	31
 76054	41	31	44	0	21	71	0	31
 76100	45	31	44	0	21	72	0	31
 76145	48	31	44	0	21	72	0	31
 76194	49	31	44	0	21	73	0	31
 76236	50	31	44	0	21	74	0	31
 76281	51	31	44	4	21	75	0	31
 76326	48	31	44	4	21	75	0	31
 76372	45	31	44	4	21	76	0	31
 76417	43	31	43	4	21	77	0	31
 76462	42	31	44	4	21	78	0	31
 76508	41	31	44	4	21	78	0	31
 76553	41	31	44	4	21	79	0	31
 76598	40	31	44	4	21	80	0	31
 76644	40	31	44	4	21	81	0	31
 76689	40	31	44	4	21	81	0	31
 76735	40	31	44	4	21	82	0	31
 76780	40	31	44	4	21	83	0	31
 76825	40	31	44	4	21	84	0	31
 76871	39	31	44	4	21	84	0	31
 76916	40	31	44	4	21	85	0	31
 76961	39	31	43	4	21	86	0	31
 77010	39	31	43	4	21	87	0	31
 77052	39	31	44	4	21	87	0	31
 77097	39	31	43	4	21	88	0	31
 77143	39	31	44	4	21	89	0	31
 77188	39	31	43	4	21	90	0	31
 77233	39	31	43	4	21	91	0	31
 77279	39	31	43	4	21	91	0	31
 77324	39	31	43	4	21	92	0	31
 77369	39	32	43	4	21	93	0	31
 77415	39	31	43	12	21	94	0	31
 77460	39	31	43	12	21	94	0	31
 77505	39	32	43	12	21	95	0	31
 77551	39	31	43	12	21	96	0	31
 77596	39	32	43	12	21	97	0	31
 77641	39	32	43	12	21	97	0	31
 77687	39	32	43	12	21	98	0	31
 77732	39	31	43	12	21	99	0	31
 77778	39	31	43	12	21	100	0	31
 77823	39	31	43	12	21	100	0	31
 77868	39	32	43	12	21	101	0	31
 77914	39	31	43	12	21	102	0	31
 77959	39	31	43	12	21	103	0	31
 78004	39	31	44	12	21	103	0	31
 78050	39	32	43	12	21	104	0	31
 78095	39	31	43	12	21	105	0	31
 78140	39	31	43	12	21	106	0	31
 78186	39	32	43	12	21	106	0	31
 78231	39	31	43	12	21	107	0	31
 78276	39	31	43	12	21	108	0	31
 78322	39	31	43	12	21	109	0	31
 78367	39	31	43	12	21	109	0	31
 78412	39	31	43	12	21	110	0	31
 78458	39	31	43	12	21	111	0	31
 78503	40	31	43	12	21	112	0	31
 78548	39	31	43	12	21	112	0	31
 78594	40	31	43	12	21	113	0	31
 78639	40	31	43	12	21	114	0	31
 78685	40	31	43	12	21	115	0	31
 78730	40	31	43	12	21	115	0	31
 78775	40	31	43	12	21	116	0	31
 78821	40	31	43	12	21	117	0	31
 78866	40	32	43	12	21	118	0	31
 78911	40	31	44	12	21	118	0	31
 78957	40	31	43	12	21	119	0	31
 79002	40	31	43	12	21	120	0	31
 79047	40	31	43	12	21	121	0	31
 79093	40	31	43	12	21	121	0	31
 79138	40	31	43	12	21	122	0	31
 79183	40	31	43	12	21	123	0	31
 79229	40	31	43	4	22	64	0	31
 79274	40	31	43	4	22	65	0	31
 79319	40	31	43	4	22	65	0	31
 79365	40	31	43	4	22	66	0	31
 79410	40	31	43	4	22	67	0	31
 79456	40	31	43	4	22	68	0	31
 79501	40	31	44	4	22	68	0	31
 79546	40	31	43	4	22	69	0	31
 79592	40	31	44	4	22	70	0	31
 79637	39	31	43	4	22	71	0	31
 79682	39	31	43	4	22	71	0	31
 79728	40	31	43	4	22	72	0	31
 79773	39	31	43	4	22	73	0	31
 79818	39	31	43	4	22	74	0	31
 79864	39	31	43	4	22	74	0	31
 79909	39	31	43	4	22	75	0	31
 79954	39	31	43	4	22	76	0	31
 80000	39	31	43	4	22	77	0	31
 80045	39	31	43	4	22	77	0	31
 80090	39	31	43	4	22	78	0	31
 80136	39	31	43	4	22	79	0	31
 80181	39	31	43	4	22	80	0	31
 80226	39	31	43	4	22	80	0	31
 80272	39	31	43	4	22	81	0	31
 80317	39	31	43	4	22	82	0	31
 80362	39	31	43	4	22	83	0	31
 80408	39	31	43	4	22	83	0	31
 80453	39	31	43	4	22	84	0	31
 80498	39	31	43	4	22	85	0	31
 80544	39	31	43	4	22	86	0	31
 80589	39	31	43	4	22	86	0	31
 80635	39	31	42	4	22	87	0	31
 80680	39	31	42	4	22	88	0	31
 80725	39	31	42	4	22	89	0	31
 80771	39	31	42	4	22	89	0	31
 80816	39	31	42	4	22	90	0	31
 80861	39	31	42	4	22	91	0	31
 80907	39	31	42	4	22	92	0	31
 80952	39	31	42	4	22	92	0	31
 80997	39	31	43	4	22	93	0	31
 81043	39	31	42	12	22	94	0	31
 81088	39	31	43	12	22	95	0	31
 81133	39	31	43	12	22	96	0	31
 81179	39	31	42	12	22	96	0	31
 81224	39	31	42	12	22	97	0	31
 81269	39	31	43	12	22	98	0	31
 81315	39	31	43	12	22	99	0	31
 81360	39	31	43	12	22	99	0	31
 81405	39	31	43	12	22	100	0	31
 81451	39	31	43	12	22	101	0	31
 81496	39	31	43	12	22	102	0	31
 81542	39	31	43	12	22	102	0	31
 81587	39	31	43	12	22	103	0	31
 81632	39	31	43	12	22	104	0	31
 81678	39	31	43	12	22	105	0	31
 81723	39	31	43	12	22	105	0	31
 81768	39	31	42	12	22	106	0	31
 81814	39	31	43	12	22	107	0	31
 81859	39	31	43	12	22	108	0	31
 81904	39	31	42	12	22	108	0	31
 81950	39	31	42	12	22	109	0	31
 81995	39	31	42	12	22	110	0	31
 82040	39	31	42	12	22	111	0	31
 82086	38	31	42	12	22	111	0	31
 82131	38	31	42	12	22	112	0	31
 82176	39	31	42	12	22	113	0	31
 82222	38	31	42	12	22	114	0	31
 82267	39	31	42	12	22	114	0	31
 82312	39	31	42	12	22	115	0	31
 82358	39	31	42	12	22	116	0	31
 82403	38	31	42	12	22	117	0	31
 82449	38	31	42	12	22	117	0	31
 82494	39	31	42	12	22	118	0	31
 82539	39	31	41	12	22	119	0	31
 82585	39	31	42	12	22	120	0	30
 82630	39	31	41	12	22	120	0	30
 82675	38	31	41	12	22	121	0	31
 82721	38	31	41	12	22	122	0	30
 82766	38	31	41	12	22	123	0	30
 82811	39	31	42	12	22	123	0	30
 82857	39	31	42	4	23	64	0	30
 82902	39	31	42	4	23	65	0	30
 82947	39	31	42	4	23	66	0	30
 82993	39	31	42	4	23	66	0	30
 83038	39	31	42	4	23	67	0	30
 83083	38	31	43	4	23	68	0	30
 83129	38	31	42	4	23	69	0	30
 83174	38	31	42	4	23	70	0	30
 83219	38	31	42	4	23	70	0	30
 83265	38	31	42	4	23	71	0	30
 83310	38	31	42	4	23	72	0	30
 83356	38	31	42	4	23	73	0	30
 83401	38	31	42	4	23	73	0	30
 83446	38	31	42	4	23	74	0	30
 83493	38	31	42	4	23	75	0	30
 83537	38	31	42	4	23	76	0	30
 83582	38	31	42	4	23	76	0	30
 83628	38	30	42	4	23	77	0	30
 83673	38	30	42	4	23	78	0	30
 83718	38	31	42	4	23	79	0	30
 83764	38	30	42	4	23	79	0	30
 83809	38	31	42	4	23	80	0	30
 83854	38	31	42	4	23	81	0	30
 83900	38	30	42	4	23	82	0	30
 83945	38	30	42	4	23	82	0	30
 83990	38	31	42	4	23	83	0	30
 84036	38	31	42	4	23	84	0	30
 84081	38	30	42	4	23	85	0	30
 84126	38	30	42	4	23	85	0	30
 84172	38	31	42	4	23	86	0	30
 84217	38	30	41	4	23	87	0	30
 84262	38	31	41	4	23	88	0	30
 84308	38	30	41	4	23	88	0	30
 84353	38	30	41	4	23	89	0	30
 84399	38	30	41	4	23	90	0	30
 84444	38	30	41	4	23	91	0	30
 84489	38	31	41	4	23	91	0	30
 84535	38	30	41	4	23	92	0	30
 84580	38	30	41	4	23	93	0	30
 84625	38	30	41	12	23	94	0	30
 84671	38	30	42	12	23	94	0	30
 84716	38	30	42	12	23	95	0	30
 84761	38	30	42	12	23	96	0	30
 84807	38	30	42	12	23	97	0	30
 84852	38	31	42	12	23	97	0	30
 84897	38	30	42	12	23	98	0	30
 84943	38	30	42	12	23	99	0	30
 84988	38	30	42	12	23	100	0	30
 85033	38	30	42	12	23	100	0	30
 85079	38	30	41	12	23	101	0	30
 85124	38	30	42	12	23	102	0	30
 85169	38	30	41	12	23	103	0	30
 85215	38	30	42	12	23	104	0	30
 85260	38	30	42	12	23	104	0	30
 85306	38	30	42	12	23	105	0	30
 85351	38	30	42	12	23	106	0	30
 85396	38	30	42	12	23	107	0	30
 85442	38	30	42	12	23	107	0	30
 85487	38	30	42	12	23	108	0	30
 85532	38	30	42	12	23	109	0	30
 85578	38	30	42	12	23	110	0	30
 85623	38	30	42	12	23	110	0	30
 85668	38	30	42	12	23	111	0	30
 85714	38	30	42	12	23	112	0	30
 85759	38	30	42	12	23	113	0	30
 85804	38	30	42	12	23	113	0	30
 85850	38	30	42	12	23	114	0	30
 85895	38	30	42	12	23	115	0	30
 85940	38	30	42	12	23	116	0	30
 85986	38	30	42	12	23	116	0	30
 86031	38	30	42	12	23	117	0	30
 86076	38	30	42	12	23	118	0	30
 86122	38	30	41	12	23	119	0	30
 86167	38	30	41	12	23	119	0	30
 86213	38	30	41	12	23	120	0	30
 86258	37	30	41	12	23	121	0	30
 86303	38	30	41	12	23	122	0	30
 86349	38	30	41	12	23	122	0	30
 86394	38	30	41	12	23	123	0	30
