HomeCentral
 Falkenstrasse 20
 8630 Rueti
 Datum: 01.04.14 00:00
 
 Startzeit: 2014-04-01 00:00:42 +0100
 133	60	56	56	4	0	66	0	40
 178	60	55	56	4	0	66	0	40
 224	60	55	56	4	0	67	0	39
 269	59	55	57	4	0	68	0	40
 314	59	55	56	4	0	69	0	39
 360	59	55	56	4	0	69	0	39
 405	59	54	56	4	0	70	0	39
 450	59	54	56	4	0	71	0	39
 496	59	54	56	4	0	72	0	39
 541	58	54	55	4	0	72	0	39
 586	58	54	55	4	0	73	0	39
 632	58	54	55	4	0	74	0	39
 677	58	53	54	4	0	75	0	39
 723	58	53	55	4	0	75	0	39
 768	58	53	54	4	0	76	0	39
 813	58	53	54	4	0	77	0	39
 859	58	53	54	4	0	78	0	39
 904	57	53	54	4	0	78	0	39
 949	57	53	54	4	0	79	0	39
 995	57	52	54	4	0	80	0	39
 1040	57	52	54	4	0	81	0	39
 1085	57	52	54	4	0	81	0	39
 1131	57	52	54	4	0	82	0	39
 1176	57	52	55	4	0	83	0	39
 1221	57	52	55	4	0	84	0	39
 1267	56	51	55	4	0	84	0	39
 1312	57	51	55	4	0	85	0	39
 1357	56	51	55	4	0	86	0	39
 1403	56	51	55	4	0	87	0	39
 1448	56	51	55	4	0	88	0	39
 1493	56	51	55	4	0	88	0	39
 1539	56	51	55	4	0	89	0	39
 1584	56	51	55	4	0	90	0	39
 1630	56	51	55	4	0	91	0	39
 1675	56	50	55	4	0	91	0	39
 1720	56	51	55	4	0	92	0	39
 1766	56	50	55	4	0	93	0	39
 1811	56	50	55	12	0	94	0	39
 1856	56	50	55	12	0	94	0	39
 1902	55	50	55	12	0	95	0	39
 1947	55	50	55	12	0	96	0	39
 1992	55	50	55	12	0	97	0	39
 2038	55	50	55	12	0	97	0	39
 2083	55	50	55	12	0	98	0	39
 2129	55	50	55	12	0	99	0	39
 2174	55	50	55	12	0	100	0	39
 2219	55	50	55	12	0	100	0	39
 2264	55	49	55	12	0	101	0	39
 2310	55	50	55	12	0	102	0	39
 2355	55	49	55	12	0	103	0	39
 2400	55	49	55	12	0	103	0	39
 2446	55	49	55	12	0	104	0	39
 2491	55	49	55	12	0	105	0	39
 2537	55	49	55	12	0	106	0	39
 2582	54	49	55	12	0	106	0	39
 2627	55	49	55	12	0	107	0	39
 2673	54	49	55	12	0	108	0	39
 2718	55	49	55	12	0	109	0	39
 2763	54	49	55	12	0	109	0	39
 2809	54	49	55	12	0	110	0	39
 2854	54	49	55	12	0	111	0	39
 2899	54	48	55	12	0	112	0	39
 2945	54	48	55	12	0	112	0	39
 2990	54	48	55	12	0	113	0	39
 3035	54	48	55	12	0	114	0	39
 3081	54	48	55	12	0	115	0	39
 3126	54	48	55	12	0	115	0	39
 3171	54	48	55	12	0	116	0	39
 3217	54	48	55	12	0	117	0	39
 3262	54	48	55	12	0	118	0	39
 3307	54	48	55	12	0	118	0	39
 3353	54	48	55	12	0	119	0	39
 3398	53	48	55	12	0	120	0	39
 3444	53	47	55	12	0	121	0	39
 3489	53	48	55	12	0	121	0	39
 3534	53	47	54	12	0	122	0	39
 3580	53	47	54	12	0	123	0	39
 3625	53	47	55	4	1	64	0	39
 3670	53	47	55	4	1	65	0	39
 3716	53	47	54	4	1	65	0	39
 3761	53	47	54	4	1	66	0	39
 3806	53	47	54	4	1	67	0	39
 3852	53	47	54	4	1	68	0	39
 3897	52	47	54	4	1	68	0	39
 3942	52	47	54	4	1	69	0	39
 3988	52	47	54	4	1	70	0	39
 4033	52	47	54	4	1	71	0	39
 4078	52	46	54	4	1	71	0	39
 4124	52	47	55	4	1	72	0	39
 4169	52	46	54	4	1	73	0	39
 4215	52	46	54	4	1	74	0	39
 4260	52	46	54	4	1	74	0	39
 4305	52	46	54	4	1	75	0	39
 4350	52	46	54	4	1	76	0	39
 4396	52	46	54	4	1	77	0	39
 4441	52	46	54	4	1	77	0	39
 4487	52	46	54	4	1	78	0	39
 4532	52	46	54	4	1	79	0	39
 4577	51	46	54	4	1	80	0	39
 4623	51	46	54	4	1	80	0	39
 4668	51	46	55	4	1	81	0	39
 4713	51	46	54	4	1	82	0	39
 4759	51	46	54	4	1	83	0	39
 4804	51	46	55	4	1	83	0	39
 4849	51	45	54	4	1	84	0	39
 4895	51	45	54	4	1	85	0	39
 4940	51	45	54	4	1	86	0	39
 4985	51	45	55	4	1	86	0	39
 5031	51	45	54	4	1	87	0	39
 5076	51	45	54	4	1	88	0	39
 5121	51	45	54	4	1	89	0	39
 5167	51	45	54	4	1	89	0	39
 5212	51	45	55	4	1	90	0	39
 5257	51	45	54	4	1	91	0	39
 5303	51	45	54	4	1	92	0	39
 5348	50	45	54	4	1	92	0	39
 5394	51	45	54	4	1	93	0	39
 5439	50	45	54	12	1	94	0	39
 5484	51	45	54	12	1	95	0	39
 5530	50	44	54	12	1	96	0	39
 5575	50	45	54	12	1	96	0	39
 5620	50	44	53	12	1	97	0	39
 5666	50	44	53	12	1	98	0	39
 5711	50	44	53	12	1	99	0	39
 5756	50	44	54	12	1	99	0	39
 5802	50	44	54	12	1	100	0	39
 5847	50	44	53	12	1	101	0	38
 5892	50	44	53	12	1	102	0	39
 5938	50	44	53	12	1	102	0	39
 5983	50	44	53	12	1	103	0	38
 6028	50	44	53	12	1	104	0	38
 6074	50	44	53	12	1	105	0	39
 6119	50	44	53	12	1	105	0	38
 6164	50	44	54	12	1	106	0	38
 6210	50	44	53	12	1	107	0	38
 6255	50	44	54	12	1	108	0	38
 6301	50	44	54	12	1	108	0	38
 6346	50	44	54	12	1	109	0	38
 6391	50	44	53	12	1	110	0	38
 6437	50	43	54	12	1	111	0	38
 6482	49	43	54	12	1	111	0	38
 6527	49	43	53	12	1	112	0	38
 6573	49	43	54	12	1	113	0	38
 6618	49	43	54	12	1	114	0	38
 6663	49	43	53	12	1	114	0	38
 6709	49	43	53	12	1	115	0	38
 6754	49	43	53	12	1	116	0	38
 6799	49	43	53	12	1	117	0	38
 6845	49	43	53	12	1	117	0	38
 6890	49	43	53	12	1	118	0	38
 6935	49	43	53	12	1	119	0	38
 6981	49	42	53	12	1	120	0	38
 7026	49	43	53	12	1	120	0	38
 7071	49	43	54	12	1	121	0	38
 7117	49	43	54	12	1	122	0	38
 7162	49	43	53	12	1	123	0	38
 7208	49	43	53	12	1	123	0	38
 7253	49	43	53	4	2	64	0	38
 7298	49	43	53	4	2	65	0	38
 7344	49	43	54	4	2	66	0	38
 7389	49	43	53	4	2	66	0	38
 7434	49	43	54	4	2	67	0	38
 7480	49	43	53	4	2	68	0	38
 7525	48	42	54	4	2	69	0	38
 7570	49	43	53	4	2	70	0	38
 7616	48	42	53	4	2	70	0	38
 7661	49	42	53	4	2	71	0	38
 7706	49	42	53	4	2	72	0	38
 7752	48	42	53	4	2	73	0	38
 7797	48	42	53	4	2	73	0	38
 7842	48	42	53	4	2	74	0	38
 7888	48	42	53	4	2	75	0	38
 7933	48	42	53	4	2	76	0	38
 7978	48	42	53	4	2	76	0	38
 8024	48	42	53	4	2	77	0	38
 8069	48	42	53	4	2	78	0	38
 8115	48	42	53	4	2	79	0	38
 8160	48	42	53	4	2	79	0	38
 8205	48	42	53	4	2	80	0	38
 8251	48	42	53	4	2	81	0	38
 8296	48	42	53	4	2	82	0	38
 8341	48	42	52	4	2	82	0	38
 8387	48	42	52	4	2	83	0	38
 8432	48	42	53	4	2	84	0	38
 8477	48	42	53	4	2	85	0	38
 8523	48	42	52	4	2	85	0	38
 8568	48	42	52	4	2	86	0	38
 8613	48	42	52	4	2	87	0	38
 8659	48	42	52	4	2	88	0	38
 8704	48	41	53	4	2	88	0	38
 8749	48	42	53	4	2	89	0	38
 8795	48	41	53	4	2	90	0	38
 8840	48	41	53	4	2	91	0	38
 8885	48	42	53	4	2	91	0	38
 8931	47	41	53	4	2	92	0	38
 8976	48	41	53	4	2	93	0	38
 9021	47	41	53	12	2	94	0	38
 9067	48	41	53	12	2	94	0	38
 9112	47	41	53	12	2	95	0	38
 9158	47	41	53	12	2	96	0	38
 9203	47	41	53	12	2	97	0	38
 9248	47	41	53	12	2	97	0	38
 9294	47	41	54	12	2	98	0	38
 9339	47	41	53	12	2	99	0	38
 9384	47	41	53	12	2	100	0	38
 9430	47	41	53	12	2	100	0	38
 9475	47	41	53	12	2	101	0	38
 9520	47	41	53	12	2	102	0	38
 9566	47	41	53	12	2	103	0	38
 9611	47	41	53	12	2	104	0	38
 9656	47	41	52	12	2	104	0	38
 9702	47	41	53	12	2	105	0	38
 9747	47	41	53	12	2	106	0	38
 9792	47	41	53	12	2	107	0	38
 9838	47	41	53	12	2	107	0	38
 9883	47	41	53	12	2	108	0	38
 9928	47	41	53	12	2	109	0	38
 9974	47	41	53	12	2	110	0	38
 10019	47	41	53	12	2	110	0	38
 10065	47	41	53	12	2	111	0	38
 10110	47	41	53	12	2	112	0	38
 10155	47	41	53	12	2	113	0	38
 10201	47	41	53	12	2	113	0	38
 10246	47	41	53	12	2	114	0	38
 10291	47	40	53	12	2	115	0	38
 10337	47	41	53	12	2	116	0	38
 10382	47	41	52	8	2	116	0	38
 10427	48	40	53	8	2	117	0	38
 10473	52	41	53	8	2	118	0	38
 10518	55	40	53	8	2	119	0	38
 10563	57	41	53	8	2	119	0	38
 10609	59	41	53	8	2	120	0	38
 10654	60	41	53	12	2	121	0	38
 10699	58	41	53	12	2	122	0	38
 10745	55	41	53	12	2	122	0	38
 10790	53	41	53	12	2	123	0	38
 10835	51	41	53	4	3	64	0	38
 10881	50	41	53	4	3	65	0	38
 10926	50	41	53	4	3	65	0	38
 10972	49	41	53	4	3	66	0	38
 11017	49	41	53	4	3	67	0	38
 11062	49	41	53	4	3	68	0	38
 11108	49	41	53	4	3	68	0	38
 11153	48	41	53	4	3	69	0	38
 11198	48	40	53	4	3	70	0	38
 11244	48	40	53	4	3	71	0	38
 11289	48	40	53	4	3	71	0	38
 11334	48	41	53	4	3	72	0	38
 11380	48	40	52	4	3	73	0	38
 11425	48	40	52	4	3	74	0	38
 11470	48	40	52	4	3	74	0	38
 11516	48	40	52	4	3	75	0	38
 11561	48	40	52	4	3	76	0	38
 11606	48	40	52	4	3	77	0	38
 11652	48	40	52	4	3	78	0	38
 11697	48	40	53	4	3	78	0	38
 11742	47	40	53	4	3	79	0	38
 11788	47	40	52	4	3	80	0	38
 11833	47	40	52	4	3	81	0	38
 11879	47	40	53	4	3	81	0	38
 11924	47	40	52	4	3	82	0	38
 11969	47	40	52	4	3	83	0	38
 12015	47	40	52	4	3	84	0	38
 12060	47	40	53	4	3	84	0	38
 12105	47	40	52	4	3	85	0	38
 12151	47	40	52	4	3	86	0	38
 12196	47	40	52	4	3	87	0	38
 12241	47	40	52	4	3	87	0	38
 12287	47	40	52	4	3	88	0	38
 12332	47	40	52	4	3	89	0	38
 12377	47	40	53	4	3	90	0	38
 12423	47	40	52	4	3	90	0	38
 12468	47	40	52	4	3	91	0	38
 12513	47	40	52	4	3	92	0	38
 12559	47	40	52	4	3	93	0	38
 12604	48	40	52	4	3	93	0	38
 12649	48	40	52	12	3	94	0	38
 12695	47	40	52	12	3	95	0	38
 12740	48	40	52	12	3	96	0	38
 12786	48	40	52	12	3	96	0	38
 12831	47	40	52	12	3	97	0	38
 12876	48	40	52	12	3	98	0	38
 12922	48	40	52	12	3	99	0	38
 12967	48	40	52	12	3	99	0	38
 13012	48	40	52	12	3	100	0	38
 13058	48	40	52	12	3	101	0	38
 13103	48	40	52	12	3	102	0	38
 13148	48	40	52	12	3	102	0	38
 13194	48	40	52	12	3	103	0	38
 13239	48	40	52	12	3	104	0	38
 13284	48	40	52	12	3	105	0	38
 13330	48	40	52	12	3	105	0	38
 13375	48	40	52	12	3	106	0	38
 13420	48	40	52	12	3	107	0	38
 13466	48	40	52	12	3	108	0	38
 13511	48	40	52	12	3	108	0	38
 13556	48	40	52	12	3	109	0	38
 13602	48	40	52	12	3	110	0	38
 13647	48	40	52	12	3	111	0	38
 13693	48	40	52	12	3	112	0	38
 13738	48	40	52	12	3	112	0	38
 13783	48	40	52	12	3	113	0	38
 13829	48	40	52	12	3	114	0	38
 13874	48	40	53	12	3	115	0	38
 13919	48	40	52	12	3	115	0	38
 13965	48	40	52	12	3	116	0	38
 14010	48	40	52	12	3	117	0	38
 14055	48	40	52	12	3	118	0	38
 14101	48	40	52	12	3	118	0	37
 14146	48	40	52	12	3	119	0	38
 14191	48	40	52	12	3	120	0	37
 14237	48	40	52	12	3	121	0	38
 14282	48	40	52	12	3	121	0	37
 14327	48	40	52	12	3	122	0	37
 14373	48	39	52	12	3	123	0	37
 14418	48	40	52	4	4	64	0	38
 14463	48	40	52	4	4	64	0	37
 14509	48	40	52	4	4	65	0	37
 14554	47	40	52	4	4	66	0	37
 14600	48	39	51	4	4	67	0	38
 14645	47	40	51	4	4	67	0	37
 14690	48	39	51	4	4	68	0	37
 14736	47	39	51	4	4	69	0	37
 14781	47	40	51	4	4	70	0	37
 14826	47	40	51	4	4	70	0	37
 14872	47	39	51	4	4	71	0	37
 14917	47	39	51	4	4	72	0	37
 14962	47	39	51	4	4	73	0	37
 15008	47	39	51	4	4	73	0	37
 15053	47	39	51	4	4	74	0	37
 15098	47	39	51	4	4	75	0	37
 15144	47	39	51	4	4	76	0	37
 15189	47	39	51	4	4	76	0	37
 15234	47	39	51	4	4	77	0	37
 15280	47	39	51	4	4	78	0	37
 15325	47	40	51	4	4	79	0	37
 15370	47	39	51	4	4	79	0	37
 15416	47	39	51	4	4	80	0	37
 15461	47	39	51	4	4	81	0	37
 15506	47	39	51	4	4	82	0	37
 15552	47	39	51	4	4	83	0	37
 15597	47	39	52	4	4	83	0	37
 15643	47	39	51	4	4	84	0	37
 15688	47	39	51	4	4	85	0	37
 15733	47	39	51	4	4	86	0	37
 15779	47	39	51	4	4	86	0	37
 15824	46	39	51	4	4	87	0	37
 15869	47	39	51	4	4	88	0	37
 15915	47	39	51	4	4	89	0	37
 15960	47	39	51	4	4	89	0	37
 16005	47	39	51	4	4	90	0	37
 16051	47	39	51	4	4	91	0	37
 16096	47	39	51	4	4	92	0	37
 16141	47	39	51	4	4	92	0	37
 16187	47	39	51	4	4	93	0	37
 16232	47	39	51	12	4	94	0	37
 16277	47	39	51	12	4	95	0	37
 16323	47	39	51	12	4	95	0	37
 16368	47	39	52	12	4	96	0	37
 16413	47	39	51	12	4	97	0	37
 16459	47	39	52	12	4	98	0	37
 16504	47	39	51	12	4	98	0	37
 16550	47	39	52	12	4	99	0	37
 16595	47	39	51	12	4	100	0	37
 16640	47	39	51	12	4	101	0	37
 16686	47	39	51	12	4	101	0	37
 16731	47	39	51	12	4	102	0	37
 16776	47	39	51	12	4	103	0	37
 16822	46	39	51	12	4	104	0	37
 16867	46	39	51	12	4	104	0	37
 16912	47	39	51	12	4	105	0	37
 16958	47	39	51	12	4	106	0	37
 17003	47	39	51	12	4	107	0	37
 17048	46	39	51	12	4	107	0	37
 17094	47	39	51	12	4	108	0	37
 17139	46	39	51	12	4	109	0	37
 17184	46	39	51	12	4	110	0	37
 17230	46	39	51	12	4	110	0	37
 17275	46	39	51	12	4	111	0	37
 17320	47	39	51	12	4	112	0	37
 17366	46	39	50	12	4	113	0	37
 17411	47	39	50	12	4	113	0	37
 17457	46	39	50	12	4	114	0	37
 17502	46	39	50	12	4	115	0	37
 17547	46	39	50	12	4	116	0	37
 17593	46	39	50	12	4	117	0	37
 17638	46	39	50	12	4	117	0	37
 17683	46	39	50	12	4	118	0	37
 17729	46	39	50	12	4	119	0	37
 17774	46	39	50	12	4	120	0	37
 17819	46	39	50	12	4	120	0	37
 17865	46	39	50	12	4	121	0	37
 17910	46	39	50	12	4	122	0	37
 17955	46	39	50	12	4	123	0	37
 18001	46	39	51	12	4	123	0	37
 18046	46	39	51	4	5	64	0	37
 18091	46	39	51	4	5	65	0	37
 18137	46	39	51	4	5	66	0	37
 18182	46	39	51	4	5	66	0	37
 18227	46	39	51	4	5	67	0	37
 18273	46	39	51	4	5	68	0	37
 18319	46	39	51	4	5	69	0	37
 18364	46	39	51	4	5	69	0	37
 18409	46	39	51	4	5	70	0	37
 18454	46	38	50	4	5	71	0	37
 18500	46	39	51	4	5	72	0	37
 18545	46	39	51	4	5	72	0	37
 18590	46	39	51	4	5	73	0	37
 18637	46	38	51	4	5	74	0	37
 18681	46	39	50	4	5	75	0	37
 18726	46	39	51	4	5	75	0	37
 18772	46	39	50	4	5	76	0	37
 18817	46	38	50	4	5	77	0	37
 18862	46	39	50	4	5	78	0	37
 18908	46	39	50	4	5	78	0	37
 18953	46	38	50	4	5	79	0	37
 18998	46	39	50	4	5	80	0	37
 19044	46	38	50	4	5	81	0	37
 19089	46	38	50	4	5	81	0	37
 19134	46	38	50	4	5	82	0	37
 19180	46	38	49	4	5	83	0	37
 19225	46	38	49	4	5	84	0	37
 19271	46	38	49	4	5	84	0	37
 19316	46	38	49	4	5	85	0	37
 19361	46	38	49	4	5	86	0	37
 19407	46	38	50	4	5	87	0	37
 19452	45	38	50	4	5	87	0	37
 19497	46	38	49	4	5	88	0	37
 19543	46	38	49	4	5	89	0	37
 19588	46	38	49	4	5	90	0	37
 19633	45	38	49	4	5	91	0	37
 19679	45	38	49	4	5	91	0	37
 19724	46	38	49	4	5	92	0	37
 19769	46	38	49	4	5	93	0	37
 19815	45	38	50	12	5	94	0	37
 19860	46	38	50	12	5	94	0	37
 19905	45	38	50	12	5	95	0	37
 19951	45	38	50	12	5	96	0	37
 19996	46	38	50	12	5	97	0	37
 20041	45	38	50	12	5	97	0	37
 20087	45	38	50	12	5	98	0	37
 20132	45	38	50	12	5	99	0	37
 20178	45	38	50	12	5	100	0	37
 20223	45	38	50	12	5	100	0	37
 20268	45	38	50	12	5	101	0	37
 20314	45	38	50	12	5	102	0	37
 20359	45	38	50	12	5	103	0	37
 20404	45	38	50	12	5	103	0	37
 20450	45	38	50	12	5	104	0	37
 20495	45	38	50	12	5	105	0	37
 20540	45	38	50	12	5	106	0	37
 20586	45	38	51	12	5	106	0	37
 20631	45	38	50	12	5	107	0	37
 20676	45	38	50	12	5	108	0	37
 20722	45	38	50	12	5	109	0	37
 20767	45	38	50	12	5	109	0	37
 20812	45	38	50	12	5	110	0	37
 20858	45	38	50	12	5	111	0	37
 20903	45	38	50	12	5	112	0	37
 20948	45	38	50	12	5	112	0	37
 20994	45	38	50	12	5	113	0	37
 21039	45	38	50	12	5	114	0	37
 21085	45	38	50	12	5	115	0	37
 21130	45	38	50	12	5	115	0	37
 21175	45	38	50	12	5	116	0	37
 21221	45	38	49	12	5	117	0	37
 21266	45	38	50	12	5	118	0	37
 21311	45	38	50	12	5	118	0	37
 21357	45	38	50	12	5	119	0	37
 21402	45	38	50	12	5	120	0	37
 21447	45	38	50	12	5	121	0	37
 21493	45	38	50	12	5	121	0	37
 21538	45	38	50	12	5	122	0	37
 21583	45	38	50	12	5	123	0	37
 21629	45	38	51	7	6	64	0	37
 21674	44	38	50	7	6	65	0	37
 21719	56	39	50	7	6	65	0	37
 21765	76	39	50	7	6	66	0	37
 21810	82	41	50	7	6	67	0	37
 21855	77	47	50	7	6	68	0	37
 21901	67	52	49	3	6	68	0	37
 21946	60	55	49	3	6	69	0	37
 21992	56	54	49	3	6	70	0	37
 22037	52	51	50	3	6	71	0	37
 22082	50	49	50	3	6	71	0	37
 22128	48	48	50	3	6	72	0	37
 22173	48	47	50	3	6	73	0	37
 22218	54	47	50	3	6	74	0	37
 22264	71	47	50	3	6	74	0	37
 22309	80	48	51	3	6	75	0	37
 22354	82	51	50	3	6	76	0	37
 22400	83	55	50	3	6	77	0	37
 22445	85	58	50	3	6	77	0	37
 22490	83	60	50	3	6	78	0	37
 22536	83	61	50	3	6	79	0	37
 22581	83	62	50	3	6	80	0	37
 22626	83	63	50	3	6	80	0	37
 22672	84	64	50	3	6	81	0	37
 22717	84	64	50	7	6	82	0	37
 22762	84	65	50	7	6	83	0	37
 22808	84	66	50	7	6	83	0	37
 22853	84	68	50	7	6	84	0	37
 22899	83	69	50	7	6	85	0	37
 22944	83	70	50	7	6	86	0	37
 22989	83	71	50	7	6	86	0	37
 23035	84	72	50	7	6	87	0	37
 23080	83	72	50	7	6	88	0	37
 23125	82	73	50	7	6	89	0	37
 23171	82	74	50	3	6	89	0	37
 23216	77	74	50	3	6	90	0	37
 23261	75	75	50	3	6	91	0	37
 23307	76	74	50	3	6	92	0	37
 23352	83	74	50	3	6	92	0	37
 23397	82	74	50	3	6	93	0	37
 23443	83	74	50	11	6	94	0	37
 23488	82	75	50	15	6	95	0	37
 23533	83	75	50	15	6	96	0	37
 23579	82	76	50	15	6	96	0	37
 23624	82	76	50	15	6	97	0	37
 23669	82	76	50	15	6	98	0	37
 23715	83	76	51	15	6	99	0	37
 23760	82	76	50	15	6	99	0	37
 23805	82	76	50	15	6	100	0	37
 23851	83	76	50	15	6	101	0	37
 23896	82	76	50	15	6	102	0	37
 23942	83	76	50	15	6	102	0	37
 23987	82	76	50	15	6	103	0	37
 24032	83	76	50	15	6	104	0	37
 24078	82	76	50	15	6	105	0	37
 24123	82	76	50	15	6	105	0	37
 24168	82	76	50	15	6	106	0	37
 24214	82	76	50	15	6	107	0	37
 24259	82	76	50	15	6	108	0	37
 24304	82	76	50	15	6	108	0	37
 24350	82	76	50	15	6	109	0	37
 24395	82	76	50	15	6	110	0	37
 24441	83	76	50	15	6	111	0	37
 24486	82	76	50	15	6	111	0	37
 24531	82	77	50	15	6	112	0	37
 24576	81	77	50	11	6	113	0	37
 24622	80	77	50	11	6	114	0	37
 24667	77	76	50	11	6	114	0	37
 24712	79	76	50	11	6	115	0	37
 24758	83	76	50	11	6	116	0	37
 24803	82	75	50	11	6	117	0	37
 24849	83	76	50	11	6	117	0	37
 24894	84	76	50	15	6	118	0	37
 24939	84	76	50	15	6	119	0	37
 24985	84	77	50	15	6	120	0	37
 25030	84	77	50	15	6	120	0	37
 25075	85	77	50	15	6	121	0	37
 25121	85	77	50	15	6	122	0	37
 25166	85	78	50	15	6	123	0	37
 25211	85	78	50	15	6	123	0	37
 25257	85	78	50	39	7	64	0	37
 25302	85	78	50	39	7	65	0	37
 25347	85	78	50	39	7	66	0	37
 25393	85	78	50	39	7	66	0	37
 25438	85	78	50	39	7	67	0	37
 25483	85	78	50	39	7	68	0	37
 25529	85	78	50	39	7	69	0	37
 25574	85	78	50	39	7	70	0	37
 25619	85	79	50	39	7	70	0	37
 25665	85	79	50	39	7	71	0	37
 25710	85	79	50	39	7	72	0	37
 25756	85	79	50	39	7	73	0	37
 25801	85	79	50	39	7	73	0	37
 25846	85	79	50	39	7	74	0	37
 25892	84	79	50	39	7	75	0	37
 25937	85	79	50	39	7	76	0	37
 25982	84	79	50	39	7	76	0	37
 26028	82	79	50	35	7	77	0	37
 26073	80	79	50	35	7	78	0	37
 26118	80	79	50	35	7	79	0	37
 26164	83	79	50	35	7	79	0	37
 26209	83	78	50	35	7	80	0	37
 26254	83	78	50	35	7	81	0	37
 26300	84	78	50	39	7	82	0	37
 26345	84	79	50	39	7	82	0	37
 26390	84	79	50	39	7	83	0	37
 26436	84	79	50	39	7	84	0	37
 26481	84	79	50	39	7	85	0	37
 26526	84	79	49	39	7	85	0	37
 26572	84	79	50	39	7	86	0	37
 26617	84	79	50	39	7	87	0	37
 26663	84	79	50	39	7	88	0	37
 26708	84	79	50	39	7	88	0	37
 26753	84	79	49	39	7	89	0	37
 26799	84	79	50	39	7	90	0	37
 26844	84	80	50	39	7	91	0	37
 26889	84	80	50	39	7	91	0	37
 26935	85	80	50	39	7	92	0	37
 26980	85	80	50	39	7	93	0	37
 27025	84	80	50	47	7	94	0	37
 27071	84	80	50	47	7	94	0	37
 27116	84	80	50	47	7	95	0	37
 27161	84	80	50	47	7	96	0	37
 27207	84	80	50	47	7	97	0	37
 27252	84	80	50	47	7	97	0	37
 27297	84	80	50	47	7	98	0	37
 27343	84	80	50	47	7	99	0	37
 27388	84	79	50	47	7	100	0	37
 27433	83	79	50	47	7	100	0	37
 27479	83	79	50	47	7	101	0	37
 27524	84	80	49	47	7	102	0	37
 27570	83	80	49	47	7	103	0	37
 27615	83	80	50	47	7	104	0	37
 27660	83	80	49	47	7	104	0	37
 27706	83	80	50	47	7	105	0	37
 27751	83	80	50	47	7	106	0	37
 27796	83	80	50	47	7	107	0	37
 27842	83	79	50	47	7	107	0	37
 27887	83	79	50	47	7	108	0	37
 27932	82	79	50	43	7	109	0	37
 27978	80	79	50	43	7	110	0	37
 28023	82	79	50	43	7	110	0	37
 28068	83	79	50	43	7	111	0	37
 28114	81	78	50	43	7	112	0	37
 28159	82	78	50	43	7	113	0	36
 28204	83	79	50	47	7	113	0	34
 28250	82	79	50	47	7	114	0	33
 28295	82	79	50	47	7	115	0	32
 28340	83	79	50	47	7	116	0	31
 28386	83	79	50	47	7	116	0	31
 28431	82	79	50	47	7	117	0	31
 28477	82	79	50	47	7	118	0	30
 28522	82	79	50	47	7	119	0	30
 28567	82	79	50	47	7	119	0	30
 28613	82	79	50	47	7	120	0	30
 28658	82	78	50	47	7	121	0	30
 28703	82	74	50	47	7	122	0	30
 28749	82	72	50	47	7	122	0	30
 28794	81	71	50	47	7	123	0	30
 28839	82	70	50	36	8	64	0	30
 28885	80	70	50	36	8	65	0	30
 28930	76	69	50	36	8	65	0	30
 28975	74	69	50	36	8	66	0	30
 29021	72	68	50	36	8	67	0	30
 29066	71	68	50	36	8	68	0	30
 29112	70	68	50	36	8	68	0	30
 29157	70	67	50	36	8	69	0	30
 29202	69	67	50	36	8	70	0	30
 29247	68	66	50	36	8	71	0	30
 29293	68	65	50	36	8	71	0	30
 29338	67	65	50	36	8	72	0	30
 29384	67	64	50	36	8	73	0	30
 29429	66	64	50	36	8	74	0	30
 29474	66	64	50	36	8	74	0	29
 29520	66	63	50	36	8	75	0	29
 29565	65	63	50	36	8	76	0	29
 29610	65	63	50	36	8	77	0	29
 29656	65	63	50	36	8	78	0	29
 29701	65	62	50	36	8	78	0	29
 29746	64	62	50	36	8	79	0	29
 29792	64	61	50	36	8	80	0	29
 29837	64	61	50	36	8	81	0	29
 29884	63	60	50	36	8	81	0	29
 29928	63	60	50	36	8	82	0	29
 29973	62	60	51	36	8	83	0	29
 30018	62	59	50	36	8	84	0	29
 30064	62	58	51	36	8	84	0	30
 30109	61	58	51	36	8	85	0	30
 30154	61	58	51	36	8	86	0	29
 30200	60	57	50	36	8	87	0	29
 30245	60	57	50	36	8	87	0	29
 30291	60	56	50	36	8	88	0	29
 30336	59	56	51	36	8	89	0	29
 30381	59	56	51	36	8	90	0	29
 30427	59	55	51	36	8	90	0	29
 30472	58	55	51	36	8	91	0	29
 30517	58	54	51	36	8	92	0	29
 30563	58	54	51	36	8	93	0	30
 30608	57	54	51	36	8	93	0	29
 30653	57	53	51	44	8	94	0	29
 30699	57	53	51	44	8	95	0	29
 30744	57	53	52	44	8	96	0	29
 30789	57	53	51	44	8	96	0	29
 30835	56	53	51	44	8	97	0	29
 30880	56	52	51	44	8	98	0	29
 30925	56	52	51	44	8	99	0	29
 30971	56	52	51	44	8	99	0	29
 31016	56	52	51	44	8	100	0	29
 31061	55	52	51	44	8	101	0	29
 31107	55	52	51	44	8	102	0	29
 31152	55	52	51	44	8	102	0	30
 31197	55	51	51	44	8	103	0	30
 31243	55	51	51	44	8	104	0	30
 31288	55	51	51	44	8	105	0	30
 31334	55	51	51	44	8	105	0	30
 31379	55	51	51	44	8	106	0	30
 31424	55	51	51	44	8	107	0	30
 31470	55	51	51	44	8	108	0	31
 31515	54	52	51	44	8	108	0	32
 31560	55	51	51	44	8	109	0	32
 31606	55	51	51	44	8	110	0	33
 31651	55	51	51	44	8	111	0	33
 31696	55	51	51	44	8	112	0	33
 31742	54	51	51	44	8	112	0	33
 31787	54	51	51	44	8	113	0	33
 31832	54	51	51	44	8	114	0	33
 31878	54	50	51	44	8	115	0	34
 31923	53	50	51	44	8	115	0	34
 31968	53	49	51	44	8	116	0	34
 32014	53	49	51	44	8	117	0	34
 32059	52	49	51	44	8	118	0	34
 32105	52	49	51	44	8	118	0	34
 32150	52	48	51	44	8	119	0	34
 32195	52	48	51	44	8	120	0	34
 32241	51	47	51	44	8	121	0	34
 32286	51	47	51	44	8	121	0	34
 32331	51	47	51	44	8	122	0	34
 32377	50	46	51	44	8	123	0	34
 32422	50	46	51	36	9	64	0	34
 32468	50	46	51	36	9	64	0	34
 32513	50	45	51	36	9	65	0	34
 32558	49	45	51	36	9	66	0	34
 32603	49	45	51	36	9	67	0	34
 32649	49	44	51	36	9	67	0	34
 32694	49	44	51	36	9	68	0	34
 32739	48	44	51	36	9	69	0	34
 32785	48	44	51	36	9	70	0	35
 32830	48	43	51	36	9	70	0	35
 32875	48	43	51	36	9	71	0	35
 32921	47	43	51	36	9	72	0	35
 32966	48	43	51	36	9	73	0	35
 33012	48	43	51	36	9	73	0	35
 33057	47	42	51	36	9	74	0	35
 33102	47	42	51	36	9	75	0	35
 33148	47	42	51	36	9	76	0	35
 33193	47	42	51	36	9	76	0	35
 33238	47	42	52	36	9	77	0	35
 33284	47	42	51	36	9	78	0	35
 33329	47	42	51	36	9	79	0	35
 33374	47	42	52	36	9	79	0	35
 33420	47	41	52	36	9	80	0	35
 33465	47	41	52	36	9	81	0	35
 33510	47	41	52	36	9	82	0	35
 33556	47	41	52	36	9	83	0	35
 33601	47	41	52	36	9	83	0	35
 33646	47	41	52	36	9	84	0	36
 33692	47	41	52	36	9	85	0	35
 33737	46	41	52	36	9	86	0	35
 33782	46	41	52	36	9	86	0	35
 33828	46	41	52	36	9	87	0	33
 33873	46	41	52	36	9	88	0	32
 33921	46	41	52	36	9	89	0	32
 33964	46	41	52	36	9	89	0	32
 34009	46	40	52	36	9	90	0	32
 34055	46	40	52	36	9	91	0	33
 34100	46	40	52	36	9	92	0	34
 34145	46	40	52	36	9	92	0	34
 34191	46	40	52	36	9	93	0	34
 34236	46	40	52	44	9	94	0	34
 34282	46	40	52	44	9	95	0	35
 34327	46	40	52	44	9	96	0	35
 34372	46	40	52	44	9	96	0	35
 34417	46	40	52	44	9	97	0	35
 34463	46	39	52	44	9	98	0	35
 34508	46	40	52	44	9	99	0	35
 34553	46	40	52	44	9	99	0	35
 34599	46	39	53	44	9	100	0	35
 34644	46	39	52	44	9	101	0	35
 34689	46	39	53	44	9	102	0	35
 34735	45	39	52	44	9	102	0	35
 34780	46	39	53	44	9	103	0	35
 34826	45	39	53	44	9	104	0	35
 34871	46	39	53	44	9	105	0	35
 34916	46	39	53	44	9	105	0	35
 34962	45	39	53	44	9	106	0	35
 35007	46	39	53	44	9	107	0	35
 35052	45	39	53	44	9	108	0	35
 35098	45	39	53	44	9	108	0	35
 35143	45	39	53	44	9	109	0	35
 35188	45	39	53	44	9	110	0	35
 35234	45	39	53	44	9	111	0	35
 35279	45	39	53	44	9	111	0	35
 35324	45	39	53	44	9	112	0	35
 35370	45	39	53	44	9	113	0	36
 35415	45	39	53	44	9	114	0	36
 35460	45	39	53	44	9	114	0	36
 35506	45	39	53	44	9	115	0	36
 35551	45	39	53	44	9	116	0	36
 35597	45	39	53	44	9	117	0	36
 35642	45	39	53	44	9	117	0	36
 35687	45	39	53	44	9	118	0	36
 35733	45	39	53	44	9	119	0	36
 35778	45	39	53	44	9	120	0	36
 35823	45	39	53	44	9	120	0	36
 35869	45	39	53	44	9	121	0	36
 35914	45	38	53	44	9	122	0	36
 35959	45	39	53	44	9	123	0	36
 36005	45	38	53	44	9	123	0	36
 36050	45	38	54	36	10	64	0	36
 36095	45	38	54	36	10	65	0	36
 36141	45	38	53	36	10	66	0	36
 36186	45	38	53	36	10	66	0	36
 36231	45	38	54	36	10	67	0	36
 36277	45	38	54	36	10	68	0	36
 36322	45	39	54	36	10	69	0	36
 36367	45	38	54	36	10	70	0	36
 36413	45	38	55	36	10	70	0	36
 36458	45	38	54	36	10	71	0	36
 36504	45	38	54	36	10	72	0	36
 36549	45	38	54	36	10	73	0	36
 36594	45	38	54	36	10	73	0	36
 36640	45	38	54	36	10	74	0	36
 36685	45	38	54	36	10	75	0	36
 36730	45	38	55	36	10	76	0	36
 36776	45	38	55	36	10	76	0	36
 36821	45	38	55	36	10	77	0	36
 36866	45	38	55	36	10	78	0	36
 36912	45	38	55	36	10	79	0	36
 36957	45	38	55	36	10	79	0	36
 37002	45	38	55	36	10	80	0	36
 37048	45	38	55	36	10	81	0	36
 37093	45	38	55	36	10	82	0	36
 37138	45	38	55	36	10	82	0	36
 37184	45	38	55	36	10	83	0	36
 37229	45	38	55	36	10	84	0	36
 37275	45	38	55	36	10	85	0	36
 37320	45	38	56	36	10	85	0	36
 37365	45	38	56	36	10	86	0	36
 37411	45	38	55	36	10	87	0	36
 37456	45	38	56	36	10	88	0	36
 37501	46	38	56	36	10	88	0	36
 37547	46	38	56	36	10	89	0	36
 37592	46	38	56	36	10	90	0	36
 37637	45	38	57	36	10	91	0	36
 37683	46	38	56	36	10	91	0	36
 37728	46	38	56	36	10	92	0	36
 37774	46	38	56	36	10	93	0	36
 37819	46	38	56	44	10	94	0	36
 37864	46	38	56	44	10	94	0	36
 37909	46	38	56	40	10	95	0	36
 37955	46	38	56	40	10	96	0	36
 38000	49	38	56	40	10	97	0	36
 38046	53	38	56	40	10	97	0	36
 38091	56	38	56	40	10	98	0	36
 38136	57	38	56	40	10	99	0	37
 38182	58	39	56	44	10	100	0	37
 38228	57	39	57	44	10	100	0	37
 38272	54	39	57	44	10	101	0	37
 38318	52	39	57	44	10	102	0	36
 38363	50	39	57	44	10	103	0	37
 38408	49	40	57	44	10	104	0	37
 38454	49	40	57	44	10	104	0	37
 38499	49	40	57	44	10	105	0	37
 38544	49	40	57	44	10	106	0	37
 38590	49	40	57	44	10	107	0	37
 38635	48	40	57	44	10	107	0	37
 38680	48	39	57	44	10	108	0	37
 38726	48	39	57	44	10	109	0	37
 38771	48	39	57	44	10	110	0	37
 38816	48	39	58	44	10	110	0	37
 38862	48	39	57	44	10	111	0	37
 38907	48	39	58	44	10	112	0	37
 38953	48	39	58	44	10	113	0	37
 38998	48	39	58	44	10	113	0	37
 39043	48	39	58	44	10	114	0	37
 39089	48	39	58	44	10	115	0	37
 39134	48	39	58	44	10	116	0	37
 39179	48	39	58	44	10	116	0	37
 39225	48	39	58	44	10	117	0	37
 39270	47	39	58	44	10	118	0	37
 39315	47	39	58	44	10	119	0	37
 39361	47	39	58	44	10	119	0	37
 39406	47	39	58	44	10	120	0	37
 39451	47	39	58	44	10	121	0	37
 39497	47	39	59	44	10	122	0	37
 39542	47	39	59	44	10	122	0	37
 39587	47	39	59	44	10	123	0	37
 39633	48	41	59	4	11	64	0	37
 39678	47	39	59	4	11	65	0	37
 39723	47	39	59	4	11	65	0	37
 39769	47	39	60	4	11	66	0	37
 39814	47	39	59	4	11	67	0	37
 39860	47	39	60	4	11	68	0	37
 39905	47	39	60	4	11	68	0	37
 39951	47	39	60	4	11	69	0	37
 39996	47	39	60	4	11	70	0	37
 40041	47	39	60	4	11	71	0	37
 40086	47	39	61	4	11	71	0	37
 40132	47	39	61	4	11	72	0	37
 40177	47	40	61	4	11	73	0	37
 40222	47	40	61	4	11	74	0	37
 40268	47	39	61	4	11	74	0	37
 40313	47	40	61	4	11	75	0	37
 40358	47	40	62	4	11	76	0	37
 40404	47	40	62	4	11	77	0	37
 40449	47	40	62	4	11	78	0	37
 40494	47	40	62	4	11	78	0	37
 40540	47	40	62	4	11	79	0	37
 40585	47	40	63	4	11	80	0	37
 40630	47	40	63	4	11	81	0	37
 40676	47	40	63	4	11	81	0	37
 40721	47	40	63	4	11	82	0	37
 40767	47	40	63	4	11	83	0	37
 40812	48	40	63	4	11	84	0	37
 40857	47	40	63	4	11	84	0	37
 40903	47	40	63	4	11	85	0	37
 40948	48	40	64	4	11	86	0	37
 40993	47	40	64	4	11	87	0	37
 41039	47	40	64	4	11	87	0	37
 41084	47	40	64	4	11	88	0	37
 41129	48	40	64	4	11	89	0	37
 41175	48	40	64	4	11	90	0	37
 41220	48	39	65	4	11	90	0	37
 41265	48	40	65	4	11	91	0	37
 41311	48	40	64	4	11	92	0	37
 41356	48	40	64	4	11	93	0	37
 41401	48	40	64	4	11	93	0	37
 41447	48	40	64	12	11	94	0	37
 41492	48	40	65	12	11	95	0	37
 41538	48	39	65	12	11	96	0	37
 41583	48	40	65	12	11	96	0	37
 41628	48	40	65	12	11	97	0	37
 41674	48	40	65	12	11	98	0	37
 41719	48	39	65	12	11	99	0	37
 41764	48	40	66	12	11	99	0	37
 41810	48	39	66	12	11	100	0	37
 41855	48	39	66	12	11	101	0	37
 41900	48	39	67	12	11	102	0	37
 41946	48	40	66	12	11	102	0	37
 41991	47	39	66	12	11	103	0	37
 42037	48	39	66	12	11	104	0	37
 42082	48	40	66	12	11	105	0	37
 42127	48	40	66	12	11	105	0	37
 42172	47	39	66	12	11	106	0	38
 42218	48	39	66	12	11	107	0	38
 42263	47	39	66	12	11	108	0	38
 42308	47	39	67	12	11	108	0	37
 42354	47	39	66	12	11	109	0	37
 42399	47	39	67	12	11	110	0	38
 42444	47	39	66	12	11	111	0	38
 42490	47	39	66	12	11	112	0	38
 42535	47	39	67	12	11	112	0	38
 42581	47	39	67	12	11	113	0	38
 42626	47	39	67	12	11	114	0	38
 42671	47	39	67	12	11	115	0	38
 42717	47	40	67	12	11	115	0	38
 42762	47	39	68	12	11	116	0	38
 42807	47	39	67	12	11	117	0	38
 42853	47	39	67	12	11	118	0	38
 42898	47	40	67	12	11	118	0	38
 42943	47	40	67	12	11	119	0	38
 42989	47	40	67	12	11	120	0	38
 43034	47	40	68	12	11	121	0	38
 43079	47	40	68	12	11	121	0	38
 43125	47	40	68	12	11	122	0	38
 43170	47	39	68	12	11	123	0	38
 43215	47	39	68	4	12	64	0	38
 43261	47	39	68	4	12	64	0	38
 43306	47	39	68	4	12	65	0	38
 43351	47	40	68	4	12	66	0	38
 43397	47	40	68	4	12	67	0	38
 43442	47	39	69	4	12	67	0	38
 43487	47	40	68	4	12	68	0	38
 43533	47	40	68	4	12	69	0	38
 43578	47	40	68	4	12	70	0	38
 43624	47	40	68	4	12	70	0	38
 43669	48	40	68	4	12	71	0	38
 43714	47	39	69	4	12	72	0	38
 43760	47	40	69	4	12	73	0	38
 43805	47	40	69	4	12	73	0	38
 43850	47	39	69	4	12	74	0	38
 43896	47	40	69	4	12	75	0	38
 43941	47	40	69	4	12	76	0	38
 43986	47	40	69	4	12	76	0	38
 44032	47	40	69	4	12	77	0	38
 44077	47	40	70	4	12	78	0	38
 44122	47	39	70	4	12	79	0	38
 44168	47	40	70	4	12	79	0	38
 44213	47	39	71	4	12	80	0	38
 44258	47	40	71	4	12	81	0	38
 44304	47	39	72	4	12	82	0	38
 44349	47	39	72	4	12	83	0	38
 44394	47	39	72	4	12	83	0	38
 44440	47	39	72	4	12	84	0	38
 44485	47	40	72	4	12	85	0	38
 44531	46	39	72	4	12	86	0	38
 44576	47	39	72	4	12	86	0	38
 44621	47	39	72	4	12	87	0	38
 44667	47	39	72	4	12	88	0	38
 44712	47	39	72	4	12	89	0	38
 44757	47	39	72	4	12	89	0	38
 44803	47	39	72	4	12	90	0	38
 44848	47	39	72	4	12	91	0	38
 44893	47	39	72	4	12	92	0	38
 44939	47	39	73	4	12	92	0	38
 44984	47	39	73	4	12	93	0	38
 45029	47	39	73	12	12	94	0	38
 45075	47	39	72	12	12	95	0	38
 45120	47	39	73	12	12	95	0	38
 45165	47	39	73	12	12	96	0	38
 45211	47	39	72	12	12	97	0	38
 45256	46	39	73	12	12	98	0	38
 45302	47	39	73	12	12	98	0	38
 45347	47	40	73	12	12	99	0	38
 45392	46	39	73	12	12	100	0	39
 45438	46	39	73	12	12	101	0	39
 45483	47	39	73	12	12	101	0	39
 45528	47	39	73	12	12	102	0	39
 45574	46	39	73	12	12	103	0	39
 45619	46	39	73	12	12	104	0	39
 45664	46	39	73	12	12	104	0	39
 45710	46	39	73	12	12	105	0	39
 45755	47	39	73	12	12	106	0	39
 45800	46	39	73	12	12	107	0	39
 45846	46	39	73	12	12	107	0	39
 45891	46	39	73	12	12	108	0	39
 45936	46	39	73	12	12	109	0	39
 45982	47	39	73	12	12	110	0	39
 46027	47	39	74	12	12	110	0	39
 46072	46	39	74	12	12	111	0	39
 46118	46	39	74	12	12	112	0	39
 46163	47	39	74	12	12	113	0	39
 46208	46	39	74	12	12	113	0	39
 46254	46	39	74	12	12	114	0	39
 46299	46	39	74	12	12	115	0	39
 46345	46	39	73	12	12	116	0	39
 46390	46	39	74	12	12	117	0	39
 46435	46	39	73	12	12	117	0	39
 46481	46	39	73	12	12	118	0	39
 46526	46	39	73	12	12	119	0	39
 46571	46	39	73	12	12	120	0	39
 46617	46	39	73	12	12	120	0	39
 46662	46	39	73	12	12	121	0	39
 46707	46	39	73	12	12	122	0	39
 46753	46	39	74	12	12	123	0	39
 46798	46	39	74	12	12	123	0	39
 46843	46	39	74	4	13	64	0	39
 46889	46	39	74	4	13	65	0	39
 46934	46	39	74	4	13	66	0	39
 46979	46	39	74	4	13	66	0	39
 47025	46	39	74	4	13	67	0	39
 47070	46	39	74	4	13	68	0	39
 47115	46	39	74	4	13	69	0	39
 47161	46	39	75	4	13	69	0	39
 47206	46	39	74	4	13	70	0	39
 47252	46	39	75	4	13	71	0	39
 47297	46	39	75	4	13	72	0	39
 47342	46	39	75	4	13	72	0	39
 47388	46	39	75	4	13	73	0	39
 47433	46	39	75	4	13	74	0	39
 47478	46	39	75	4	13	75	0	39
 47524	46	39	75	4	13	75	0	39
 47569	46	39	74	4	13	76	0	39
 47614	46	39	75	4	13	77	0	39
 47660	46	39	75	4	13	78	0	39
 47705	46	39	75	4	13	78	0	39
 47750	46	39	74	4	13	79	0	39
 47796	46	39	74	4	13	80	0	39
 47841	46	39	74	4	13	81	0	40
 47890	46	39	75	4	13	81	0	40
 47932	46	39	74	4	13	82	0	40
 47977	46	39	73	4	13	83	0	40
 48022	46	39	73	4	13	84	0	40
 48068	46	39	74	4	13	84	0	40
 48113	46	39	74	4	13	85	0	40
 48159	46	39	75	4	13	86	0	40
 48204	46	39	75	4	13	87	0	40
 48249	46	39	76	4	13	87	0	40
 48295	46	39	76	4	13	88	0	40
 48340	46	39	76	4	13	89	0	40
 48385	46	39	76	4	13	90	0	40
 48431	46	39	75	4	13	91	0	40
 48476	46	39	75	4	13	91	0	41
 48521	46	39	74	4	13	92	0	41
 48569	46	39	75	4	13	93	0	41
 48613	46	39	75	12	13	94	0	42
 48657	46	39	75	12	13	94	0	42
 48703	46	39	75	12	13	95	0	42
 48748	46	39	75	12	13	96	0	42
 48793	46	39	75	12	13	97	0	42
 48839	46	39	75	12	13	97	0	42
 48884	46	39	75	12	13	98	0	42
 48929	46	39	75	12	13	99	0	42
 48975	46	39	76	12	13	100	0	42
 49020	46	39	76	12	13	100	0	42
 49066	46	39	76	12	13	101	0	42
 49111	46	39	76	12	13	102	0	42
 49156	45	39	75	12	13	103	0	42
 49202	46	39	75	12	13	103	0	42
 49247	46	39	75	12	13	104	0	42
 49292	46	39	75	12	13	105	0	42
 49338	46	39	75	12	13	106	0	42
 49383	46	39	76	12	13	106	0	42
 49428	46	39	75	12	13	107	0	42
 49474	46	39	75	12	13	108	0	42
 49519	46	39	76	12	13	109	0	42
 49564	46	39	76	12	13	109	0	42
 49610	46	39	76	12	13	110	0	42
 49655	46	39	76	12	13	111	0	42
 49700	46	39	77	12	13	112	0	42
 49746	46	39	77	12	13	112	0	42
 49791	46	39	77	12	13	113	0	42
 49836	46	39	77	12	13	114	0	42
 49882	45	39	77	12	13	115	0	41
 49928	45	39	77	12	13	115	0	41
 49973	46	39	77	12	13	116	0	41
 50018	46	39	77	12	13	117	0	41
 50063	46	39	77	12	13	118	0	41
 50109	46	39	77	12	13	118	0	41
 50154	46	39	77	12	13	119	0	41
 50199	45	39	77	12	13	120	0	41
 50245	46	39	78	12	13	121	0	41
 50290	46	39	78	12	13	121	0	41
 50335	46	39	78	12	13	122	0	41
 50381	46	39	77	12	13	123	0	41
 50426	45	39	77	4	14	64	0	41
 50471	45	39	77	4	14	65	0	41
 50517	45	39	77	4	14	65	0	41
 50562	46	39	77	4	14	66	0	41
 50607	45	39	77	4	14	67	0	41
 50653	45	39	78	4	14	68	0	41
 50698	45	38	77	4	14	68	0	41
 50743	45	39	77	4	14	69	0	41
 50789	45	38	77	4	14	70	0	41
 50834	45	39	77	4	14	71	0	41
 50880	45	39	77	4	14	71	0	41
 50925	45	39	76	4	14	72	0	41
 50970	45	39	76	4	14	73	0	42
 51016	45	38	76	4	14	74	0	42
 51061	45	38	77	4	14	74	0	42
 51106	45	38	77	4	14	75	0	42
 51152	45	39	77	4	14	76	0	42
 51197	45	39	77	4	14	77	0	42
 51242	45	39	77	4	14	77	0	42
 51288	45	39	77	4	14	78	0	42
 51333	45	38	77	4	14	79	0	42
 51378	45	38	77	4	14	80	0	42
 51424	45	38	77	4	14	80	0	42
 51470	45	38	78	4	14	81	0	42
 51515	45	38	78	4	14	82	0	42
 51560	45	38	78	4	14	83	0	41
 51605	45	38	78	4	14	83	0	41
 51650	45	38	78	4	14	84	0	41
 51696	45	38	78	4	14	85	0	41
 51741	45	39	78	4	14	86	0	41
 51787	45	38	78	4	14	86	0	41
 51832	45	38	77	4	14	87	0	41
 51877	45	38	77	4	14	88	0	41
 51923	45	38	77	4	14	89	0	41
 51968	45	39	77	4	14	89	0	41
 52013	45	38	77	4	14	90	0	41
 52059	45	38	77	4	14	91	0	41
 52104	45	38	77	4	14	92	0	41
 52149	45	38	77	4	14	92	0	41
 52195	45	38	77	4	14	93	0	41
 52240	45	38	77	12	14	94	0	41
 52285	45	38	78	12	14	95	0	41
 52331	45	39	78	12	14	96	0	41
 52376	45	38	78	12	14	96	0	41
 52421	45	38	78	12	14	97	0	41
 52467	45	38	78	12	14	98	0	41
 52512	45	38	77	12	14	99	0	42
 52558	45	38	77	12	14	99	0	42
 52603	45	39	77	12	14	100	0	42
 52648	45	38	77	12	14	101	0	42
 52694	45	38	77	12	14	102	0	41
 52739	45	38	77	12	14	102	0	41
 52784	45	38	77	12	14	103	0	42
 52830	45	38	77	12	14	104	0	42
 52875	45	38	77	12	14	105	0	42
 52920	45	38	77	12	14	105	0	42
 52966	45	38	77	12	14	106	0	42
 53011	45	38	78	12	14	107	0	42
 53056	45	38	78	12	14	108	0	42
 53102	45	38	78	12	14	108	0	42
 53147	45	38	79	12	14	109	0	42
 53192	45	38	79	12	14	110	0	42
 53238	45	38	78	12	14	111	0	42
 53283	45	38	78	8	14	111	0	41
 53329	45	38	77	8	14	112	0	42
 53374	48	38	77	8	14	113	0	42
 53419	51	38	77	8	14	114	0	42
 53465	54	38	77	8	14	114	0	42
 53510	56	38	77	8	14	115	0	42
 53555	57	38	77	8	14	116	0	42
 53601	58	38	77	12	14	117	0	42
 53646	55	38	77	12	14	117	0	42
 53691	52	38	77	12	14	118	0	42
 53737	50	39	76	12	14	119	0	42
 53782	49	38	76	12	14	120	0	42
 53827	48	39	76	12	14	120	0	42
 53873	48	39	76	12	14	121	0	42
 53918	47	39	76	12	14	122	0	42
 53963	47	38	77	12	14	123	0	42
 54009	47	39	77	12	14	123	0	42
 54054	47	38	77	4	15	64	0	42
 54099	47	38	77	4	15	65	0	42
 54145	47	39	77	4	15	66	0	42
 54190	47	38	77	4	15	66	0	42
 54236	47	38	76	4	15	67	0	43
 54281	47	38	77	4	15	68	0	43
 54327	47	38	77	4	15	69	0	44
 54372	46	38	77	4	15	70	0	44
 54417	46	38	77	4	15	70	0	44
 54462	46	38	77	4	15	71	0	44
 54508	46	38	77	4	15	72	0	44
 54553	46	38	77	4	15	73	0	44
 54598	46	38	77	4	15	73	0	45
 54644	46	38	77	4	15	74	0	45
 54689	46	38	77	4	15	75	0	45
 54734	46	38	76	4	15	76	0	45
 54780	46	38	76	4	15	76	0	45
 54825	46	38	76	4	15	77	0	45
 54870	46	38	76	4	15	78	0	45
 54916	46	38	76	4	15	79	0	45
 54961	46	38	76	4	15	79	0	45
 55007	46	38	76	4	15	80	0	45
 55052	46	38	76	4	15	81	0	45
 55097	46	38	75	4	15	82	0	45
 55143	46	38	75	4	15	82	0	45
 55188	46	38	75	4	15	83	0	45
 55233	46	38	75	4	15	84	0	45
 55279	46	39	75	4	15	85	0	45
 55324	46	39	75	4	15	85	0	45
 55369	46	39	75	4	15	86	0	45
 55415	46	39	75	4	15	87	0	44
 55460	46	39	75	4	15	88	0	44
 55505	46	39	75	4	15	88	0	44
 55551	46	39	75	4	15	89	0	44
 55596	46	39	75	4	15	90	0	43
 55641	47	39	75	4	15	91	0	43
 55687	46	39	75	4	15	91	0	43
 55732	47	39	75	4	15	92	0	43
 55778	47	39	74	4	15	93	0	43
 55823	47	39	74	12	15	94	0	43
 55868	47	39	74	12	15	94	0	43
 55915	47	39	74	12	15	95	0	43
 55959	47	39	74	12	15	96	0	43
 56004	47	39	74	12	15	97	0	43
 56050	47	39	74	12	15	97	0	43
 56095	47	39	74	12	15	98	0	43
 56140	47	39	74	12	15	99	0	43
 56186	47	39	73	12	15	100	0	43
 56231	47	39	73	12	15	100	0	43
 56277	47	39	74	12	15	101	0	43
 56322	47	39	74	12	15	102	0	43
 56367	47	39	74	12	15	103	0	43
 56412	47	39	74	12	15	104	0	43
 56458	47	39	74	12	15	104	0	43
 56639	47	39	74	12	15	107	0	43
 56684	47	39	74	12	15	108	0	43
 56730	47	39	74	12	15	109	0	43
 56775	47	39	74	12	15	110	0	43
 56820	47	38	74	12	15	110	0	43
 56866	47	39	74	12	15	111	0	43
 56911	47	39	73	12	15	112	0	43
 56957	47	39	74	12	15	113	0	43
 57002	47	39	74	12	15	113	0	43
 57047	47	39	74	12	15	114	0	43
 57093	47	39	73	12	15	115	0	43
 57138	47	39	73	12	15	116	0	43
 57183	47	39	73	12	15	116	0	43
 57229	47	39	73	12	15	117	0	43
 57274	47	39	73	12	15	118	0	43
 57319	47	39	73	12	15	119	0	43
 57365	47	39	74	12	15	119	0	43
 57410	47	39	73	12	15	120	0	43
 57455	47	39	73	12	15	121	0	43
 57501	47	39	73	12	15	122	0	43
 57546	47	39	73	12	15	122	0	43
 57591	47	39	73	12	15	123	0	43
 57637	47	39	73	4	16	64	0	43
 57682	47	39	73	4	16	65	0	43
 57728	47	39	73	4	16	65	0	43
 57773	47	39	73	4	16	66	0	43
 57819	47	39	73	4	16	67	0	43
 57864	47	39	73	4	16	68	0	43
 57909	47	39	73	4	16	68	0	43
 57954	47	39	73	4	16	69	0	43
 58000	47	39	73	4	16	70	0	42
 58045	47	39	73	4	16	71	0	42
 58090	47	39	73	4	16	71	0	42
 58136	47	39	73	4	16	72	0	42
 58181	47	39	73	4	16	73	0	42
 58226	47	39	72	4	16	74	0	42
 58272	47	39	73	4	16	74	0	42
 58317	47	39	72	4	16	75	0	43
 58362	47	39	72	4	16	76	0	42
 58408	47	39	72	4	16	77	0	43
 58453	47	39	73	4	16	78	0	42
 58499	47	39	72	4	16	78	0	42
 58544	47	39	73	4	16	79	0	42
 58589	46	39	73	4	16	80	0	42
 58635	47	39	73	4	16	81	0	42
 58680	47	39	72	4	16	81	0	42
 58725	46	39	73	4	16	82	0	42
 58771	46	39	72	4	16	83	0	42
 58816	47	39	72	4	16	84	0	42
 58861	46	39	72	4	16	84	0	42
 58907	47	39	72	4	16	85	0	42
 58952	47	39	72	4	16	86	0	42
 58997	47	39	72	4	16	87	0	42
 59043	47	39	72	4	16	87	0	42
 59088	47	39	72	4	16	88	0	42
 59134	47	39	72	4	16	89	0	42
 59179	47	39	72	4	16	90	0	42
 59224	47	39	72	4	16	90	0	42
 59269	47	39	72	4	16	91	0	42
 59315	47	39	72	4	16	92	0	42
 59360	46	39	72	4	16	93	0	42
 59406	47	39	72	4	16	93	0	42
 59451	47	39	72	12	16	94	0	42
 59496	47	39	72	12	16	95	0	42
 59542	47	39	72	12	16	96	0	42
 59587	46	39	72	12	16	96	0	42
 59632	46	39	72	12	16	97	0	42
 59678	46	39	72	12	16	98	0	42
 59723	47	39	72	12	16	99	0	42
 59768	47	39	72	12	16	99	0	42
 59814	47	39	72	12	16	100	0	42
 59859	46	39	71	12	16	101	0	42
 59904	46	39	71	12	16	102	0	42
 59950	47	39	71	12	16	102	0	42
 59995	47	39	72	12	16	103	0	42
 60040	47	39	71	12	16	104	0	42
 60086	47	39	72	12	16	105	0	42
 60131	47	39	71	12	16	105	0	42
 60177	46	39	71	12	16	106	0	42
 60222	46	39	71	12	16	107	0	42
 60267	46	39	71	12	16	108	0	42
 60313	47	39	71	12	16	108	0	42
 60358	46	39	71	12	16	109	0	42
 60403	46	39	71	12	16	110	0	42
 60449	46	39	72	12	16	111	0	42
 60494	46	39	72	12	16	112	0	42
 60539	46	39	72	12	16	112	0	42
 60585	46	39	72	12	16	113	0	42
 60630	46	39	72	12	16	114	0	42
 60675	46	39	72	12	16	115	0	42
 60721	46	39	72	12	16	115	0	42
 60766	46	39	72	12	16	116	0	42
 60811	46	39	72	12	16	117	0	42
 60857	46	39	71	12	16	118	0	42
 60902	47	39	72	12	16	118	0	42
 60948	46	39	72	12	16	119	0	42
 60993	46	39	71	12	16	120	0	42
 61038	46	39	71	12	16	121	0	42
 61084	46	39	71	12	16	121	0	42
 61129	46	39	71	12	16	122	0	42
 61174	46	39	71	12	16	123	0	42
 61220	46	39	71	4	17	64	0	42
 61265	46	39	71	4	17	64	0	42
 61310	46	39	71	4	17	65	0	42
 61356	46	39	71	4	17	66	0	42
 61402	46	39	71	4	17	67	0	42
 61446	46	39	71	4	17	67	0	42
 61492	46	39	71	4	17	68	0	42
 61537	46	39	71	4	17	69	0	42
 61582	46	39	71	4	17	70	0	42
 61628	46	39	71	4	17	70	0	42
 61673	46	39	70	4	17	71	0	42
 61718	46	39	71	4	17	72	0	42
 61764	46	39	70	4	17	73	0	42
 61809	46	39	70	4	17	73	0	42
 61855	46	39	70	4	17	74	0	42
 61900	46	39	70	4	17	75	0	42
 61945	46	39	70	4	17	76	0	42
 61991	46	39	71	4	17	76	0	42
 62036	46	39	70	4	17	77	0	42
 62081	46	39	71	4	17	78	0	42
 62127	46	39	70	4	17	79	0	42
 62172	46	39	71	4	17	79	0	42
 62217	46	39	70	4	17	80	0	42
 62263	46	39	71	4	17	81	0	42
 62308	46	39	70	4	17	82	0	42
 62353	46	39	70	4	17	83	0	42
 62399	46	39	70	4	17	83	0	42
 62444	46	39	70	4	17	84	0	42
 62489	46	39	70	4	17	85	0	42
 62535	46	39	70	4	17	86	0	42
 62580	46	39	70	4	17	86	0	42
 62626	46	39	70	4	17	87	0	42
 62671	46	39	70	4	17	88	0	42
 62716	46	39	70	4	17	89	0	42
 62762	46	39	69	4	17	89	0	42
 62807	46	39	70	4	17	90	0	42
 62852	46	38	70	4	17	91	0	42
 62898	46	39	70	4	17	92	0	42
 62943	46	39	70	4	17	92	0	42
 62988	46	39	70	4	17	93	0	42
 63034	46	39	70	12	17	94	0	42
 63079	46	39	70	12	17	95	0	42
 63124	46	39	70	12	17	95	0	42
 63170	46	39	70	12	17	96	0	42
 63215	46	39	70	12	17	97	0	42
 63260	46	39	70	12	17	98	0	42
 63306	46	39	70	12	17	98	0	42
 63351	46	39	70	12	17	99	0	42
 63397	46	39	70	12	17	100	0	42
 63442	46	39	70	12	17	101	0	42
 63487	46	39	70	12	17	101	0	42
 63533	46	39	70	12	17	102	0	42
 63578	46	39	70	12	17	103	0	42
 63623	46	39	70	12	17	104	0	42
 63669	46	39	70	12	17	104	0	42
 63714	46	39	70	12	17	105	0	42
 63760	46	39	70	12	17	106	0	42
 63805	46	39	70	12	17	107	0	42
 63850	45	39	70	12	17	107	0	42
 63895	46	39	70	12	17	108	0	42
 63941	46	39	70	12	17	109	0	42
 63986	46	39	70	12	17	110	0	42
 64031	46	39	70	12	17	110	0	42
 64077	46	39	70	12	17	111	0	42
 64122	46	39	70	12	17	112	0	42
 64167	46	38	70	12	17	113	0	42
 64213	46	39	70	12	17	113	0	42
 64258	46	39	70	12	17	114	0	42
 64303	45	39	70	12	17	115	0	42
 64349	46	39	70	12	17	116	0	42
 64394	46	39	69	12	17	117	0	42
 64440	46	38	69	12	17	117	0	42
 64485	46	38	69	12	17	118	0	42
 64530	46	39	69	12	17	119	0	42
 64576	46	39	69	12	17	120	0	42
 64621	46	39	69	12	17	120	0	42
 64666	46	38	70	12	17	121	0	42
 64712	45	39	69	12	17	122	0	42
 64757	45	38	69	12	17	123	0	42
 64802	45	38	69	12	17	123	0	42
 64848	45	39	69	4	18	64	0	42
 64893	46	38	69	4	18	65	0	42
 64938	46	38	69	4	18	66	0	42
 64984	45	38	69	4	18	66	0	42
 65029	45	39	69	4	18	67	0	42
 65074	45	39	69	4	18	68	0	42
 65120	46	38	69	4	18	69	0	42
 65165	45	39	69	4	18	69	0	42
 65210	46	39	69	4	18	70	0	42
 65256	46	39	69	4	18	71	0	41
 65301	45	38	69	4	18	72	0	42
 65347	45	38	69	4	18	72	0	42
 65392	45	38	69	4	18	73	0	42
 65437	45	38	69	4	18	74	0	42
 65483	45	38	69	4	18	75	0	41
 65528	45	38	69	4	18	75	0	42
 65573	45	38	69	4	18	76	0	41
 65619	45	38	69	4	18	77	0	41
 65664	45	38	69	4	18	78	0	41
 65709	45	38	69	4	18	78	0	41
 65755	45	39	69	4	18	79	0	41
 65800	45	38	69	4	18	80	0	41
 65845	45	38	69	4	18	81	0	41
 65891	45	38	69	4	18	81	0	41
 65936	45	38	69	4	18	82	0	41
 65981	45	38	69	4	18	83	0	41
 66027	45	38	69	4	18	84	0	41
 66072	45	38	69	4	18	84	0	41
 66117	45	38	69	4	18	85	0	41
 66163	45	38	69	4	18	86	0	41
 66208	45	38	69	4	18	87	0	41
 66254	45	38	69	4	18	87	0	41
 66299	45	38	69	4	18	88	0	41
 66344	45	38	69	4	18	89	0	41
 66390	45	38	69	4	18	90	0	41
 66435	45	38	69	4	18	91	0	41
 66480	45	38	69	4	18	91	0	41
 66526	45	38	68	4	18	92	0	41
 66571	45	38	68	4	18	93	0	41
 66616	45	38	68	12	18	94	0	41
 66662	45	38	68	12	18	94	0	41
 66707	45	38	68	12	18	95	0	41
 66752	45	38	69	12	18	96	0	41
 66798	45	38	69	12	18	97	0	41
 66843	45	38	69	12	18	97	0	41
 66888	45	38	68	12	18	98	0	41
 66936	45	38	69	12	18	99	0	41
 66979	45	38	68	12	18	100	0	41
 67024	45	38	68	12	18	100	0	41
 67071	45	38	68	12	18	101	0	41
 67115	45	38	68	12	18	102	0	41
 67161	45	38	68	12	18	103	0	41
 67206	45	38	68	12	18	103	0	41
 67251	45	38	68	12	18	104	0	41
 67297	45	38	68	12	18	105	0	41
 67342	45	38	68	12	18	106	0	41
 67387	45	38	68	12	18	106	0	41
 67433	45	38	68	12	18	107	0	41
 67478	45	38	68	12	18	108	0	41
 67523	45	38	68	12	18	109	0	41
 67569	45	38	68	12	18	109	0	41
 67614	45	38	68	12	18	110	0	41
 67660	45	38	68	12	18	111	0	41
 67705	45	38	68	12	18	112	0	41
 67750	45	38	68	12	18	112	0	41
 67795	45	38	68	12	18	113	0	41
 67841	45	38	68	12	18	114	0	41
 67886	45	38	68	12	18	115	0	41
 67931	45	38	68	12	18	115	0	41
 67977	45	38	68	12	18	116	0	41
 68022	45	38	68	12	18	117	0	41
 68068	45	38	68	12	18	118	0	41
 68113	45	38	68	12	18	118	0	41
 68158	45	38	68	12	18	119	0	41
 68204	45	38	68	12	18	120	0	41
 68249	45	38	68	12	18	121	0	41
 68294	45	38	68	12	18	121	0	41
 68340	45	38	67	12	18	122	0	41
 68385	45	38	67	12	18	123	0	41
 68430	45	38	67	4	19	64	0	41
 68476	45	38	67	4	19	65	0	41
 68521	45	38	67	4	19	65	0	41
 68566	45	38	67	4	19	66	0	41
 68612	45	38	67	4	19	67	0	41
 68657	45	38	68	4	19	68	0	41
 68702	45	38	67	0	19	68	0	41
 68748	46	38	67	0	19	69	0	41
 68793	49	38	67	0	19	70	0	41
 68838	53	38	67	0	19	71	0	41
 68884	55	38	67	0	19	71	0	41
 68929	56	38	67	0	19	72	0	41
 68974	58	38	67	4	19	73	0	41
 69020	57	38	67	4	19	74	0	41
 69065	53	38	67	4	19	74	0	41
 69111	51	38	67	4	19	75	0	41
 69156	49	38	67	4	19	76	0	41
 69201	48	38	67	4	19	77	0	41
 69247	48	38	67	4	19	77	0	41
 69292	47	38	67	4	19	78	0	41
 69337	47	38	67	4	19	79	0	41
 69383	47	38	67	4	19	80	0	41
 69428	47	38	67	4	19	80	0	41
 69473	47	38	67	4	19	81	0	41
 69519	46	38	66	4	19	82	0	41
 69564	47	38	66	4	19	83	0	41
 69609	47	38	66	4	19	83	0	41
 69655	47	38	67	4	19	84	0	41
 69700	47	38	67	4	19	85	0	41
 69745	46	38	66	4	19	86	0	41
 69791	46	38	67	4	19	86	0	41
 69836	46	38	67	4	19	87	0	41
 69881	46	38	66	4	19	88	0	41
 69927	46	38	67	4	19	89	0	41
 69972	46	38	67	4	19	89	0	41
 70018	46	38	67	4	19	90	0	41
 70063	46	38	67	4	19	91	0	41
 70108	46	38	67	4	19	92	0	41
 70154	46	38	67	4	19	92	0	41
 70199	46	38	66	4	19	93	0	41
 70244	45	38	67	12	19	94	0	41
 70290	46	38	67	12	19	95	0	41
 70335	46	38	67	12	19	96	0	41
 70380	45	38	67	12	19	96	0	41
 70426	46	38	67	12	19	97	0	41
 70474	45	38	67	12	19	98	0	41
 70516	46	38	66	12	19	99	0	41
 70562	46	38	66	12	19	99	0	41
 70607	45	38	66	12	19	100	0	41
 70652	46	39	67	12	19	101	0	41
 70698	46	38	66	12	19	102	0	41
 70743	46	39	66	12	19	102	0	41
 70788	46	38	66	12	19	103	0	41
 70834	46	39	66	12	19	104	0	41
 70879	46	39	66	12	19	105	0	41
 70925	46	38	66	12	19	105	0	41
 70970	46	39	66	12	19	106	0	41
 71015	46	38	66	12	19	107	0	41
 71061	47	38	66	12	19	108	0	41
 71106	46	39	66	12	19	108	0	41
 71151	46	39	66	12	19	109	0	41
 71197	47	39	65	12	19	110	0	41
 71242	47	39	65	12	19	111	0	41
 71287	47	39	66	12	19	111	0	41
 71333	47	39	65	12	19	112	0	40
 71378	47	39	66	12	19	113	0	40
 71423	47	39	66	12	19	114	0	41
 71469	47	39	66	12	19	114	0	40
 71514	47	39	66	12	19	115	0	40
 71559	47	39	66	12	19	116	0	40
 71605	47	39	66	12	19	117	0	40
 71650	47	39	66	12	19	117	0	40
 71695	47	39	66	12	19	118	0	40
 71741	47	39	65	12	19	119	0	40
 71786	47	39	65	12	19	120	0	40
 71832	47	39	66	12	19	120	0	40
 71877	47	39	65	12	19	121	0	40
 71922	47	39	65	12	19	122	0	40
 71968	47	39	65	12	19	123	0	40
 72013	47	39	65	12	19	123	0	40
 72058	47	39	65	4	20	64	0	40
 72104	47	39	65	4	20	65	0	40
 72149	47	39	65	4	20	66	0	40
 72194	47	39	65	4	20	66	0	40
 72240	47	39	65	4	20	67	0	40
 72285	47	39	65	4	20	68	0	40
 72330	47	39	65	4	20	69	0	40
 72376	47	39	65	4	20	70	0	40
 72421	47	39	65	4	20	70	0	40
 72466	47	39	65	4	20	71	0	40
 72512	47	39	65	4	20	72	0	40
 72557	47	38	65	4	20	73	0	40
 72602	47	39	64	4	20	73	0	40
 72648	47	38	64	4	20	74	0	40
 72693	47	39	65	4	20	75	0	40
 72739	47	39	64	4	20	76	0	40
 72784	47	39	64	4	20	76	0	40
 72829	47	38	64	4	20	77	0	40
 72875	47	38	64	4	20	78	0	40
 72920	47	39	64	4	20	79	0	40
 72965	47	38	64	4	20	79	0	40
 73011	46	38	64	4	20	80	0	40
 73056	46	38	65	4	20	81	0	40
 73101	47	39	64	4	20	82	0	40
 73147	46	38	64	4	20	82	0	40
 73192	46	39	64	4	20	83	0	40
 73238	46	38	64	4	20	84	0	40
 73283	46	38	64	4	20	85	0	40
 73328	46	38	64	4	20	85	0	40
 73373	46	38	64	4	20	86	0	40
 73419	46	38	64	4	20	87	0	40
 73464	46	38	64	4	20	88	0	40
 73509	46	38	64	4	20	88	0	40
 73555	46	39	64	4	20	89	0	40
 73600	46	39	64	4	20	90	0	40
 73646	46	38	64	4	20	91	0	40
 73691	46	38	64	4	20	91	0	40
 73736	46	38	64	4	20	92	0	40
 73782	46	38	64	4	20	93	0	40
 73827	46	39	64	12	20	94	0	40
 73872	46	38	63	12	20	94	0	40
 73918	46	39	63	12	20	95	0	40
 73963	46	39	63	12	20	96	0	40
 74008	46	39	63	12	20	97	0	40
 74054	46	39	64	12	20	98	0	40
 74099	46	38	64	12	20	98	0	40
 74144	46	39	63	12	20	99	0	40
 74190	46	39	63	12	20	100	0	40
 74235	46	38	64	12	20	101	0	40
 74280	46	38	63	12	20	101	0	40
 74326	46	38	64	12	20	102	0	40
 74371	46	39	63	12	20	103	0	40
 74416	46	39	63	12	20	104	0	40
 74462	46	39	63	12	20	104	0	40
 74507	46	39	63	12	20	105	0	40
 74553	46	38	63	12	20	106	0	40
 74598	46	39	63	12	20	107	0	40
 74643	46	39	63	12	20	107	0	40
 74689	46	39	63	12	20	108	0	40
 74734	46	39	63	12	20	109	0	40
 74779	46	39	63	12	20	110	0	40
 74825	46	39	63	12	20	110	0	40
 74870	46	38	64	12	20	111	0	40
 74915	46	39	63	12	20	112	0	40
 74961	46	38	63	12	20	113	0	40
 75006	46	38	63	12	20	113	0	40
 75051	46	38	63	12	20	114	0	40
 75097	46	38	63	12	20	115	0	40
 75142	46	38	63	12	20	116	0	40
 75187	46	39	63	12	20	117	0	40
 75233	46	38	62	12	20	117	0	40
 75278	46	38	63	12	20	118	0	40
 75323	46	38	63	12	20	119	0	40
 75369	46	38	63	12	20	120	0	40
 75414	46	38	63	12	20	120	0	40
 75460	46	38	63	12	20	121	0	40
 75505	46	38	63	12	20	122	0	40
 75550	46	38	63	12	20	123	0	40
 75596	46	38	63	12	20	123	0	40
 75641	46	38	63	4	21	64	0	40
 75686	46	38	63	4	21	65	0	40
 75732	46	38	62	4	21	66	0	40
 75777	46	38	63	4	21	66	0	40
 75823	46	38	62	4	21	67	0	40
 75868	46	38	62	4	21	68	0	40
 75913	46	38	62	4	21	69	0	40
 75958	46	38	62	4	21	69	0	40
 76004	46	38	62	4	21	70	0	40
 76049	46	38	62	4	21	71	0	40
 76094	46	38	63	4	21	72	0	40
 76140	46	38	62	4	21	72	0	40
 76185	46	38	62	4	21	73	0	40
 76230	46	38	62	4	21	74	0	40
 76276	46	38	62	4	21	75	0	40
 76321	45	38	62	4	21	75	0	40
 76367	45	38	62	4	21	76	0	40
 76412	46	38	62	4	21	77	0	40
 76457	45	38	63	4	21	78	0	40
 76503	45	38	62	4	21	78	0	40
 76548	45	38	62	4	21	79	0	40
 76593	45	38	62	4	21	80	0	40
 76639	45	38	62	4	21	81	0	40
 76684	45	38	62	4	21	81	0	40
 76729	45	38	62	4	21	82	0	40
 76775	45	38	62	4	21	83	0	40
 76820	45	38	62	4	21	84	0	40
 76865	45	38	62	4	21	84	0	40
 76911	45	38	62	4	21	85	0	40
 76956	45	38	62	4	21	86	0	40
 77001	45	38	62	4	21	87	0	40
 77047	45	38	62	4	21	87	0	40
 77092	45	38	62	4	21	88	0	40
 77137	45	38	62	4	21	89	0	40
 77183	45	38	62	4	21	90	0	40
 77228	45	38	62	4	21	91	0	40
 77274	45	38	62	4	21	91	0	40
 77319	45	38	61	4	21	92	0	40
 77364	45	38	62	4	21	93	0	40
 77410	45	38	61	12	21	94	0	39
 77455	45	38	62	12	21	94	0	39
 77500	45	38	61	12	21	95	0	39
 77546	45	38	61	12	21	96	0	40
 77591	45	38	62	12	21	97	0	39
 77636	45	38	61	12	21	97	0	39
 77682	45	38	62	12	21	98	0	39
 77727	45	38	61	12	21	99	0	39
 77772	45	38	61	12	21	100	0	39
 77818	45	38	61	12	21	100	0	39
 77863	45	38	60	12	21	101	0	39
 77908	45	38	61	12	21	102	0	39
 77954	45	38	61	12	21	103	0	39
 77999	45	38	61	12	21	103	0	39
 78044	45	38	61	12	21	104	0	39
 78090	45	38	61	12	21	105	0	39
 78135	45	38	61	12	21	106	0	39
 78181	45	38	61	12	21	106	0	39
 78226	45	38	61	12	21	107	0	39
 78271	45	38	61	12	21	108	0	39
 78320	45	38	61	12	21	109	0	39
 78362	45	38	61	12	21	109	0	39
 78407	45	38	61	12	21	110	0	39
 78453	45	38	61	12	21	111	0	39
 78498	45	38	61	12	21	112	0	39
 78543	45	38	61	12	21	112	0	39
 78589	45	38	61	12	21	113	0	39
 78634	45	38	61	12	21	114	0	39
 78679	45	38	61	12	21	115	0	39
 78725	45	38	61	12	21	115	0	39
 78770	45	38	61	12	21	116	0	39
 78815	45	38	61	12	21	117	0	39
 78861	45	38	61	12	21	118	0	39
 78906	45	38	61	12	21	118	0	39
 78951	45	38	61	12	21	119	0	39
 78997	45	38	61	12	21	120	0	39
 79042	45	38	61	12	21	121	0	39
 79087	45	38	61	12	21	121	0	39
 79133	45	38	61	12	21	122	0	39
 79178	45	38	61	12	21	123	0	39
 79224	45	38	61	4	22	64	0	39
 79269	45	38	61	4	22	65	0	39
 79314	45	38	61	4	22	65	0	39
 79360	45	38	61	4	22	66	0	39
 79405	45	38	61	4	22	67	0	39
 79450	45	38	60	4	22	68	0	39
 79496	45	38	60	4	22	68	0	39
 79541	45	38	60	4	22	69	0	39
 79586	45	38	60	4	22	70	0	39
 79632	45	38	60	4	22	71	0	39
 79677	44	38	61	4	22	71	0	39
 79722	44	38	60	4	22	72	0	39
 79768	45	38	60	4	22	73	0	39
 79813	44	38	60	4	22	74	0	39
 79858	44	38	60	4	22	74	0	39
 79904	44	38	61	4	22	75	0	39
 79949	44	38	60	4	22	76	0	39
 79994	44	38	60	4	22	77	0	39
 80040	44	38	60	4	22	77	0	39
 80085	44	38	60	4	22	78	0	39
 80131	44	38	60	4	22	79	0	39
 80176	44	38	60	4	22	80	0	39
 80221	44	38	60	4	22	80	0	39
 80267	45	38	60	4	22	81	0	39
 80312	44	38	60	4	22	82	0	39
 80357	44	38	60	4	22	83	0	39
 80403	44	38	60	4	22	83	0	39
 80448	44	37	60	4	22	84	0	39
 80493	44	38	60	4	22	85	0	39
 80539	44	38	60	4	22	86	0	39
 80584	44	38	60	4	22	86	0	39
 80629	44	38	60	4	22	87	0	39
 80675	44	38	60	4	22	88	0	39
 80720	44	37	60	4	22	89	0	39
 80765	44	38	60	4	22	89	0	39
 80811	44	38	60	4	22	90	0	39
 80857	44	38	60	4	22	91	0	39
 80901	44	38	60	4	22	92	0	39
 80947	44	38	60	4	22	92	0	39
 80992	44	38	60	4	22	93	0	39
 81038	44	38	61	12	22	94	0	39
 81083	44	38	60	12	22	95	0	39
 81128	44	38	60	12	22	96	0	39
 81174	44	38	59	12	22	96	0	39
 81219	44	38	60	12	22	97	0	39
 81264	44	37	59	12	22	98	0	39
 81310	44	38	60	12	22	99	0	39
 81355	44	37	59	12	22	99	0	39
 81400	44	37	60	12	22	100	0	39
 81446	44	37	59	12	22	101	0	39
 81491	44	38	59	12	22	102	0	39
 81537	44	37	60	12	22	102	0	39
 81582	44	37	59	12	22	103	0	39
 81627	44	37	60	12	22	104	0	39
 81672	44	37	59	12	22	105	0	39
 81718	44	37	59	12	22	105	0	39
 81763	44	37	59	12	22	106	0	39
 81809	44	38	59	12	22	107	0	39
 81854	43	38	59	12	22	108	0	39
 81899	44	37	59	12	22	108	0	39
 81945	44	37	59	12	22	109	0	39
 81990	44	38	59	12	22	110	0	39
 82035	44	37	59	12	22	111	0	39
 82081	44	37	59	12	22	111	0	39
 82126	44	37	59	12	22	112	0	39
 82171	44	37	59	12	22	113	0	39
 82217	44	37	59	12	22	114	0	39
 82262	44	37	59	12	22	114	0	39
 82307	44	37	59	12	22	115	0	39
 82353	44	37	59	12	22	116	0	39
 82398	44	37	59	12	22	117	0	39
 82447	44	37	59	12	22	117	0	39
 82489	44	37	59	12	22	118	0	39
 82534	44	37	59	12	22	119	0	39
 82579	44	37	59	12	22	120	0	39
 82625	44	37	59	12	22	120	0	39
 82670	44	37	58	12	22	121	0	39
 82715	44	37	58	12	22	122	0	39
 82761	44	37	57	12	22	123	0	39
 82806	44	37	57	12	22	123	0	39
 82852	44	37	57	4	23	64	0	39
 82897	44	37	58	4	23	65	0	39
 82942	44	37	58	4	23	66	0	39
 82988	44	37	58	4	23	66	0	39
 83033	44	37	58	4	23	67	0	39
 83078	44	37	58	4	23	68	0	39
 83124	44	37	58	4	23	69	0	39
 83169	43	37	58	4	23	70	0	39
 83214	44	37	59	4	23	70	0	39
 83260	44	37	58	4	23	71	0	39
 83305	43	37	58	4	23	72	0	39
 83350	44	37	59	4	23	73	0	39
 83396	44	37	58	4	23	73	0	39
 83442	44	37	58	4	23	74	0	39
 83486	44	37	58	4	23	75	0	39
 83532	44	37	58	4	23	76	0	39
 83577	44	37	58	4	23	76	0	39
 83623	44	37	58	4	23	77	0	39
 83668	44	37	58	4	23	78	0	39
 83713	44	37	58	4	23	79	0	39
 83759	44	37	58	4	23	79	0	39
 83804	44	37	58	4	23	80	0	39
 83849	44	37	58	4	23	81	0	39
 83895	44	37	58	0	23	82	0	39
 83940	44	37	58	0	23	82	0	39
 83985	45	37	58	0	23	83	0	39
 84031	48	37	59	0	23	84	0	39
 84079	52	37	58	0	23	85	0	39
 84121	54	37	58	0	23	85	0	39
 84167	56	37	58	0	23	86	0	39
 84212	57	37	58	4	23	87	0	39
 84257	57	37	58	4	23	88	0	39
 84303	54	37	58	4	23	88	0	39
 84348	51	37	58	4	23	89	0	39
 84393	49	37	58	4	23	90	0	39
 84439	48	37	58	4	23	91	0	39
 84484	47	37	58	4	23	91	0	39
 84529	47	37	58	4	23	92	0	39
 84575	46	37	58	4	23	93	0	39
 84620	46	37	58	12	23	94	0	39
 84666	46	37	58	12	23	94	0	39
 84711	46	37	59	12	23	95	0	39
 84756	46	37	58	12	23	96	0	39
 84802	46	37	58	12	23	97	0	39
 84847	46	37	58	12	23	97	0	39
 84892	46	37	58	12	23	98	0	39
 84938	46	37	58	12	23	99	0	39
 84983	45	37	58	12	23	100	0	39
 85028	45	37	58	12	23	100	0	39
 85074	45	37	58	12	23	101	0	39
 85119	45	37	58	12	23	102	0	39
 85164	45	37	58	12	23	103	0	39
 85210	45	37	58	12	23	104	0	39
 85255	45	37	58	12	23	104	0	39
 85300	45	37	58	12	23	105	0	39
 85346	45	37	58	12	23	106	0	39
 85391	45	37	58	12	23	107	0	38
 85436	45	37	58	12	23	107	0	39
 85482	44	37	58	12	23	108	0	39
 85527	44	37	58	12	23	109	0	39
 85573	45	37	58	12	23	110	0	39
 85618	44	37	58	12	23	110	0	38
 85663	44	37	58	12	23	111	0	39
 85709	44	37	58	12	23	112	0	38
 85754	44	37	58	12	23	113	0	39
 85799	44	37	58	12	23	113	0	38
 85845	44	37	57	12	23	114	0	38
 85890	44	37	58	12	23	115	0	38
 85935	44	37	57	12	23	116	0	38
 85981	44	37	58	12	23	116	0	38
 86026	44	37	57	12	23	117	0	38
 86071	45	37	58	12	23	118	0	38
 86117	45	37	58	12	23	119	0	38
 86162	45	37	57	12	23	119	0	38
 86207	45	37	59	12	23	120	0	38
 86253	45	37	58	12	23	121	0	38
 86298	45	37	57	12	23	122	0	38
 86343	45	37	57	12	23	122	0	38
 86389	45	37	57	12	23	123	0	38
