HomeCentral
 Falkenstrasse 20
 8630 Rueti
 Datum: 03.02.14 00:00
 
 Startzeit: 2014-02-03 00:00:24 +0100
 115	55	55	38	4	0	65	0	41
 160	55	55	38	4	0	66	0	40
 206	55	55	37	4	0	67	0	41
 251	54	55	38	4	0	68	0	40
 297	54	54	37	4	0	68	0	40
 342	54	54	37	4	0	69	0	40
 387	54	54	37	4	0	70	0	40
 433	54	54	37	4	0	71	0	40
 478	53	54	37	4	0	71	0	40
 523	54	54	38	4	0	72	0	40
 569	53	54	38	4	0	73	0	40
 614	53	53	37	4	0	74	0	40
 659	53	53	38	4	0	74	0	40
 705	53	53	38	4	0	75	0	40
 750	53	53	38	4	0	76	0	40
 795	53	53	38	4	0	77	0	40
 841	52	53	38	4	0	77	0	40
 886	52	53	38	4	0	78	0	40
 931	52	52	38	4	0	79	0	40
 977	52	52	38	4	0	80	0	40
 1022	52	52	37	4	0	80	0	40
 1067	52	52	37	4	0	81	0	40
 1113	51	52	38	4	0	82	0	40
 1158	51	51	38	4	0	83	0	40
 1204	51	51	38	4	0	83	0	40
 1249	51	51	38	4	0	84	0	40
 1294	51	51	37	4	0	85	0	40
 1340	51	51	38	4	0	86	0	40
 1385	51	51	38	4	0	86	0	40
 1430	50	51	38	4	0	87	0	40
 1476	50	51	38	4	0	88	0	40
 1521	50	50	38	4	0	89	0	40
 1566	50	50	38	4	0	89	0	40
 1612	50	50	38	4	0	90	0	40
 1657	50	50	38	4	0	91	0	40
 1702	50	50	38	4	0	92	0	40
 1748	50	50	38	4	0	92	0	39
 1793	49	50	38	4	0	93	0	39
 1838	49	50	38	12	0	94	0	39
 1884	49	49	39	12	0	95	0	39
 1929	49	49	38	12	0	96	0	39
 1974	49	49	38	12	0	96	0	39
 2020	49	49	38	12	0	97	0	39
 2065	49	49	38	12	0	98	0	39
 2111	49	49	38	12	0	99	0	39
 2156	49	49	38	12	0	99	0	39
 2201	49	49	38	12	0	100	0	39
 2247	48	48	37	12	0	101	0	39
 2292	48	48	38	12	0	102	0	39
 2337	48	48	38	12	0	102	0	39
 2383	48	48	38	12	0	103	0	39
 2428	48	48	38	12	0	104	0	39
 2473	48	48	38	12	0	105	0	39
 2519	48	48	38	12	0	105	0	39
 2564	48	48	38	12	0	106	0	39
 2609	48	48	38	12	0	107	0	39
 2655	47	48	38	12	0	108	0	39
 2700	47	47	38	12	0	108	0	39
 2745	47	47	38	12	0	109	0	39
 2791	47	47	38	12	0	110	0	39
 2836	47	47	38	12	0	111	0	39
 2881	47	47	38	12	0	111	0	39
 2927	47	47	38	12	0	112	0	39
 2972	47	47	38	12	0	113	0	39
 3018	47	47	38	12	0	114	0	39
 3063	47	47	38	12	0	114	0	39
 3108	46	46	38	12	0	115	0	39
 3154	46	46	38	12	0	116	0	39
 3199	46	46	38	12	0	117	0	39
 3244	46	46	38	12	0	117	0	39
 3290	46	46	38	12	0	118	0	39
 3335	46	46	38	12	0	119	0	38
 3380	46	46	38	12	0	120	0	38
 3426	46	46	38	12	0	120	0	38
 3471	46	46	38	12	0	121	0	38
 3516	46	46	38	12	0	122	0	38
 3562	45	46	38	12	0	123	0	38
 3607	45	45	38	12	0	123	0	38
 3652	45	45	38	4	1	64	0	38
 3698	45	45	37	4	1	65	0	38
 3743	45	45	37	4	1	66	0	38
 3788	45	45	37	4	1	66	0	38
 3834	45	45	38	4	1	67	0	38
 3879	45	45	38	4	1	68	0	38
 3924	45	45	37	4	1	69	0	38
 3970	45	45	37	4	1	70	0	38
 4015	45	45	37	4	1	70	0	38
 4061	44	45	38	4	1	71	0	38
 4106	45	45	37	4	1	72	0	38
 4151	44	44	37	4	1	73	0	38
 4197	44	44	37	4	1	73	0	38
 4242	44	44	38	4	1	74	0	38
 4287	44	44	37	4	1	75	0	38
 4333	44	44	38	4	1	76	0	38
 4378	44	44	37	4	1	76	0	38
 4423	44	44	37	4	1	77	0	38
 4469	44	44	38	4	1	78	0	38
 4514	44	44	37	4	1	79	0	38
 4559	44	44	38	4	1	79	0	38
 4605	44	44	38	4	1	80	0	38
 4650	44	44	38	4	1	81	0	38
 4695	44	44	37	4	1	82	0	38
 4741	43	43	38	4	1	82	0	38
 4786	43	43	37	4	1	83	0	38
 4831	43	43	38	4	1	84	0	38
 4877	43	43	37	4	1	85	0	38
 4922	43	43	38	4	1	85	0	38
 4968	43	43	38	4	1	86	0	38
 5013	43	43	37	4	1	87	0	38
 5058	43	43	38	4	1	88	0	38
 5104	43	43	38	4	1	88	0	38
 5149	43	43	38	4	1	89	0	38
 5194	43	43	38	4	1	90	0	37
 5240	43	43	38	4	1	91	0	37
 5285	43	43	38	4	1	91	0	37
 5330	43	42	39	4	1	92	0	37
 5376	43	42	38	4	1	93	0	37
 5421	42	42	38	12	1	94	0	37
 5466	42	42	38	12	1	94	0	37
 5512	42	42	37	12	1	95	0	37
 5557	42	42	37	12	1	96	0	37
 5602	42	42	38	12	1	97	0	37
 5648	42	42	38	12	1	97	0	37
 5693	42	42	38	12	1	98	0	37
 5738	42	42	38	12	1	99	0	37
 5784	42	42	38	12	1	100	0	37
 5829	42	42	38	12	1	100	0	37
 5875	42	42	38	12	1	101	0	37
 5920	42	41	38	12	1	102	0	37
 5965	42	41	38	12	1	103	0	37
 6011	42	42	38	12	1	104	0	37
 6056	42	41	38	12	1	104	0	37
 6101	42	41	38	12	1	105	0	37
 6147	41	41	38	12	1	106	0	37
 6192	41	41	38	12	1	107	0	37
 6237	41	41	38	12	1	107	0	37
 6283	41	41	38	12	1	108	0	37
 6328	41	41	38	12	1	109	0	37
 6373	41	41	38	12	1	110	0	37
 6419	41	41	38	12	1	110	0	37
 6464	41	41	38	12	1	111	0	37
 6509	41	41	37	12	1	112	0	37
 6555	41	41	37	12	1	113	0	37
 6600	41	41	38	12	1	113	0	37
 6645	41	41	37	12	1	114	0	37
 6691	40	40	38	12	1	115	0	37
 6736	40	40	37	12	1	116	0	37
 6782	40	40	37	12	1	116	0	37
 6827	40	40	37	12	1	117	0	37
 6872	40	40	37	12	1	118	0	37
 6918	40	40	38	12	1	119	0	37
 6963	40	40	37	12	1	119	0	37
 7008	40	40	38	12	1	120	0	37
 7054	40	40	38	12	1	121	0	37
 7099	40	40	38	12	1	122	0	37
 7144	40	40	38	12	1	122	0	36
 7190	40	40	38	12	1	123	0	36
 7235	40	40	38	4	2	64	0	36
 7280	40	40	38	4	2	65	0	36
 7326	40	39	37	4	2	65	0	36
 7371	40	40	38	4	2	66	0	36
 7416	40	39	38	4	2	67	0	36
 7462	39	39	37	4	2	68	0	36
 7507	39	39	37	4	2	68	0	36
 7552	39	39	38	4	2	69	0	36
 7598	39	39	37	4	2	70	0	36
 7643	39	39	37	4	2	71	0	36
 7689	39	39	37	4	2	71	0	36
 7734	39	39	37	4	2	72	0	36
 7779	39	39	37	4	2	73	0	36
 7825	39	39	37	4	2	74	0	36
 7870	39	39	37	0	2	74	0	36
 7915	39	39	37	0	2	75	0	36
 7961	39	39	37	0	2	76	0	36
 8006	39	39	37	0	2	77	0	36
 8051	39	38	37	0	2	78	0	36
 8097	39	39	37	0	2	78	0	36
 8142	39	39	37	4	2	79	0	36
 8187	39	39	37	4	2	80	0	36
 8233	39	39	37	4	2	81	0	36
 8278	39	39	37	4	2	81	0	36
 8323	39	38	37	4	2	82	0	36
 8369	39	38	37	4	2	83	0	36
 8414	39	39	37	4	2	84	0	36
 8459	39	38	37	4	2	84	0	36
 8505	39	38	37	4	2	85	0	36
 8550	39	38	37	4	2	86	0	36
 8595	38	38	37	4	2	87	0	36
 8641	38	38	37	4	2	87	0	36
 8687	38	38	37	4	2	88	0	36
 8732	38	38	37	4	2	89	0	36
 8777	38	38	37	4	2	90	0	36
 8822	38	38	37	4	2	90	0	36
 8868	38	38	37	4	2	91	0	36
 8913	38	38	37	4	2	92	0	36
 8958	38	38	37	4	2	93	0	36
 9004	38	38	37	4	2	93	0	36
 9049	38	38	37	12	2	94	0	36
 9094	38	38	37	12	2	95	0	36
 9140	38	38	37	12	2	96	0	36
 9185	38	37	37	12	2	96	0	36
 9230	38	38	37	12	2	97	0	36
 9276	38	37	37	12	2	98	0	36
 9321	38	37	37	12	2	99	0	36
 9366	38	37	37	12	2	99	0	36
 9412	38	37	37	12	2	100	0	36
 9457	38	37	37	12	2	101	0	36
 9502	38	37	37	12	2	102	0	35
 9548	38	37	37	12	2	102	0	35
 9593	37	37	37	12	2	103	0	35
 9639	37	37	37	12	2	104	0	35
 9684	37	37	37	12	2	105	0	35
 9729	37	37	37	12	2	105	0	35
 9775	37	37	37	12	2	106	0	35
 9820	37	37	37	12	2	107	0	35
 9865	37	37	37	12	2	108	0	35
 9911	37	37	37	12	2	108	0	35
 9956	37	37	37	12	2	109	0	35
 10001	37	37	37	12	2	110	0	35
 10047	37	37	37	12	2	111	0	35
 10092	37	37	37	12	2	112	0	35
 10137	37	37	37	12	2	112	0	35
 10183	37	37	37	12	2	113	0	35
 10228	37	37	37	12	2	114	0	35
 10273	37	37	37	12	2	115	0	35
 10319	37	37	37	12	2	115	0	35
 10364	37	36	37	12	2	116	0	35
 10409	37	37	37	12	2	117	0	35
 10455	37	36	37	12	2	118	0	35
 10500	37	36	37	12	2	118	0	35
 10546	37	36	37	12	2	119	0	35
 10591	37	36	37	12	2	120	0	35
 10636	37	36	37	12	2	121	0	35
 10682	36	36	37	12	2	121	0	35
 10727	37	37	37	12	2	122	0	35
 10772	37	36	37	12	2	123	0	35
 10818	36	36	37	36	3	64	0	35
 10863	37	36	37	36	3	64	0	35
 10908	37	36	37	36	3	65	0	35
 10954	36	36	37	36	3	66	0	35
 10999	36	36	37	36	3	67	0	35
 11044	36	36	37	36	3	67	0	35
 11090	36	36	37	36	3	68	0	35
 11135	36	36	37	36	3	69	0	35
 11180	36	36	37	36	3	70	0	35
 11226	36	36	37	36	3	70	0	35
 11271	36	36	37	36	3	71	0	35
 11316	36	36	37	36	3	72	0	35
 11362	36	36	37	36	3	73	0	35
 11407	37	36	37	36	3	73	0	35
 11453	36	36	37	36	3	74	0	35
 11498	36	36	37	36	3	75	0	35
 11543	36	36	37	36	3	76	0	35
 11589	36	36	37	36	3	76	0	35
 11634	36	36	37	36	3	77	0	35
 11679	36	36	37	36	3	78	0	35
 11725	36	36	37	36	3	79	0	35
 11770	36	36	37	36	3	79	0	35
 11815	36	35	37	36	3	80	0	35
 11861	36	36	37	36	3	81	0	35
 11906	36	36	37	36	3	82	0	35
 11951	36	36	37	36	3	83	0	34
 11997	36	35	37	36	3	83	0	34
 12042	36	35	37	36	3	84	0	34
 12087	36	35	37	36	3	85	0	34
 12133	36	36	37	36	3	86	0	34
 12178	36	35	37	36	3	86	0	34
 12223	36	36	37	36	3	87	0	34
 12269	36	35	37	36	3	88	0	34
 12314	36	35	37	36	3	89	0	34
 12360	36	35	38	36	3	89	0	34
 12405	36	35	37	36	3	90	0	34
 12450	35	35	37	36	3	91	0	34
 12496	36	35	37	36	3	92	0	34
 12541	36	35	37	36	3	92	0	34
 12586	36	35	37	36	3	93	0	34
 12632	35	35	37	44	3	94	0	34
 12677	35	35	37	44	3	95	0	34
 12722	35	35	37	44	3	95	0	34
 12768	35	35	37	44	3	96	0	34
 12813	35	35	37	44	3	97	0	34
 12858	35	35	37	44	3	98	0	34
 12904	35	35	37	44	3	98	0	34
 12949	35	35	37	44	3	99	0	34
 12994	35	35	37	44	3	100	0	34
 13040	35	35	37	44	3	101	0	34
 13085	35	35	37	44	3	101	0	34
 13130	35	35	37	44	3	102	0	34
 13176	35	35	37	44	3	103	0	34
 13221	35	35	37	44	3	104	0	34
 13266	35	35	37	44	3	104	0	34
 13312	35	35	37	44	3	105	0	34
 13357	35	35	37	44	3	106	0	34
 13403	35	35	37	44	3	107	0	34
 13448	35	35	38	44	3	107	0	34
 13493	35	35	37	44	3	108	0	34
 13539	35	35	37	44	3	109	0	34
 13584	35	35	37	44	3	110	0	34
 13629	35	35	37	44	3	110	0	34
 13675	35	35	36	44	3	111	0	34
 13721	35	35	36	44	3	112	0	34
 13765	35	35	36	44	3	113	0	34
 13811	35	35	36	44	3	113	0	34
 13856	35	35	36	44	3	114	0	34
 13901	35	34	36	44	3	115	0	34
 13947	35	34	36	44	3	116	0	34
 13992	35	35	36	44	3	117	0	34
 14037	35	35	36	44	3	117	0	34
 14083	35	35	36	44	3	118	0	34
 14128	35	34	37	44	3	119	0	34
 14173	35	34	37	44	3	120	0	34
 14219	35	34	37	44	3	120	0	34
 14264	35	34	37	44	3	121	0	34
 14310	35	34	37	44	3	122	0	34
 14355	35	34	37	44	3	123	0	34
 14400	35	34	37	44	3	123	0	34
 14446	35	34	37	36	4	64	0	34
 14491	35	34	37	36	4	65	0	34
 14536	35	34	37	36	4	66	0	34
 14582	35	34	37	36	4	66	0	34
 14627	35	34	37	36	4	67	0	34
 14672	35	34	37	36	4	68	0	34
 14718	35	34	37	36	4	69	0	34
 14763	35	34	37	36	4	69	0	34
 14808	34	34	37	36	4	70	0	34
 14854	34	34	37	36	4	71	0	34
 14899	35	34	37	36	4	72	0	33
 14944	34	34	37	36	4	72	0	33
 14990	34	34	37	36	4	73	0	33
 15035	34	34	37	36	4	74	0	33
 15080	34	34	37	36	4	75	0	33
 15126	34	34	37	36	4	75	0	33
 15171	34	34	37	36	4	76	0	33
 15217	34	34	37	36	4	77	0	33
 15262	34	34	37	36	4	78	0	33
 15307	34	34	37	36	4	78	0	33
 15353	34	34	37	36	4	79	0	33
 15398	34	34	37	36	4	80	0	33
 15443	34	34	38	36	4	81	0	33
 15489	34	34	37	36	4	81	0	33
 15534	34	34	37	36	4	82	0	33
 15579	34	34	37	36	4	83	0	33
 15625	34	34	37	36	4	84	0	33
 15670	34	34	36	36	4	84	0	33
 15715	34	34	36	36	4	85	0	33
 15761	34	34	36	36	4	86	0	33
 15806	34	34	36	36	4	87	0	33
 15851	34	34	36	36	4	87	0	33
 15897	34	34	36	36	4	88	0	33
 15942	34	34	36	36	4	89	0	33
 15987	34	34	36	36	4	90	0	33
 16033	34	34	37	36	4	91	0	33
 16078	34	34	37	36	4	91	0	33
 16124	34	34	36	36	4	92	0	33
 16169	34	34	36	36	4	93	0	33
 16214	34	34	36	44	4	94	0	33
 16260	34	34	37	44	4	94	0	33
 16305	34	33	37	44	4	95	0	33
 16350	34	33	37	44	4	96	0	33
 16396	34	33	37	44	4	97	0	33
 16441	34	34	37	44	4	97	0	33
 16486	34	33	37	44	4	98	0	33
 16533	34	33	37	44	4	99	0	33
 16577	34	33	38	44	4	100	0	33
 16622	34	33	37	44	4	100	0	33
 16668	34	33	37	44	4	101	0	33
 16713	34	33	37	44	4	102	0	33
 16758	34	33	37	44	4	103	0	33
 16804	34	33	37	44	4	103	0	33
 16849	34	33	37	44	4	104	0	33
 16894	34	33	37	44	4	105	0	33
 16940	34	33	37	44	4	106	0	33
 16985	34	33	37	44	4	106	0	33
 17031	34	33	37	44	4	107	0	33
 17076	34	33	37	44	4	108	0	33
 17121	34	33	37	44	4	109	0	33
 17167	34	33	37	44	4	109	0	33
 17212	34	33	37	44	4	110	0	33
 17257	33	33	37	44	4	111	0	33
 17303	34	33	37	44	4	112	0	33
 17348	33	33	37	44	4	112	0	33
 17393	34	33	37	44	4	113	0	33
 17439	34	33	37	44	4	114	0	33
 17484	33	33	37	44	4	115	0	33
 17529	34	33	37	44	4	115	0	33
 17575	33	33	36	44	4	116	0	33
 17620	33	33	36	44	4	117	0	33
 17665	33	33	36	44	4	118	0	33
 17711	33	33	37	44	4	118	0	33
 17756	33	33	37	44	4	119	0	33
 17801	33	33	36	44	4	120	0	33
 17847	33	33	37	44	4	121	0	33
 17892	33	33	37	44	4	121	0	33
 17938	33	33	37	44	4	122	0	33
 17983	33	33	37	44	4	123	0	33
 18028	33	33	37	36	5	64	0	33
 18074	33	33	37	36	5	65	0	33
 18119	33	33	36	36	5	65	0	32
 18164	33	33	37	36	5	66	0	33
 18210	33	33	37	36	5	67	0	32
 18255	33	33	37	36	5	68	0	32
 18300	33	33	37	36	5	68	0	32
 18346	33	33	37	36	5	69	0	32
 18391	33	33	37	36	5	70	0	32
 18436	33	33	37	36	5	71	0	32
 18482	33	33	37	36	5	71	0	32
 18527	33	33	37	36	5	72	0	32
 18572	33	33	37	36	5	73	0	32
 18618	33	33	37	36	5	74	0	32
 18663	33	33	37	36	5	74	0	32
 18708	33	33	37	36	5	75	0	32
 18754	33	33	37	36	5	76	0	32
 18799	33	33	37	36	5	77	0	32
 18845	33	33	36	36	5	77	0	32
 18890	33	32	37	36	5	78	0	32
 18935	33	32	37	36	5	79	0	32
 18981	33	33	37	36	5	80	0	32
 19026	33	33	37	36	5	80	0	32
 19071	33	32	37	36	5	81	0	32
 19117	33	33	37	36	5	82	0	32
 19162	33	32	36	36	5	83	0	32
 19207	33	33	36	36	5	83	0	32
 19253	33	33	36	36	5	84	0	32
 19298	33	32	36	36	5	85	0	32
 19343	33	32	36	36	5	86	0	32
 19389	33	32	36	36	5	86	0	32
 19434	33	32	36	36	5	87	0	32
 19479	33	32	37	36	5	88	0	32
 19525	33	32	36	36	5	89	0	32
 19570	33	32	37	36	5	89	0	32
 19615	33	32	36	36	5	90	0	32
 19661	33	32	37	36	5	91	0	32
 19706	33	32	36	36	5	92	0	32
 19751	33	32	36	36	5	92	0	32
 19797	33	32	36	36	5	93	0	32
 19842	33	32	36	44	5	94	0	32
 19888	33	32	36	44	5	95	0	32
 19933	33	32	37	44	5	96	0	32
 19978	33	32	37	44	5	96	0	32
 20024	33	32	36	44	5	97	0	32
 20069	33	32	36	44	5	98	0	32
 20114	33	32	36	44	5	99	0	32
 20160	33	32	37	44	5	99	0	32
 20205	32	32	36	44	5	100	0	32
 20250	33	32	36	44	5	101	0	32
 20296	33	32	36	44	5	102	0	32
 20341	33	32	36	44	5	102	0	32
 20386	32	32	37	44	5	103	0	32
 20432	33	32	37	44	5	104	0	32
 20477	33	32	36	44	5	105	0	32
 20522	32	32	36	44	5	105	0	32
 20568	32	32	36	44	5	106	0	32
 20613	32	32	36	44	5	107	0	32
 20658	32	32	36	40	5	108	0	32
 20704	32	32	36	40	5	108	0	32
 20749	33	32	36	40	5	109	0	32
 20795	33	32	36	40	5	110	0	32
 20840	33	32	37	40	5	111	0	32
 20885	33	32	36	40	5	111	0	32
 20931	33	32	36	40	5	112	0	32
 20976	33	32	37	44	5	113	0	32
 21021	33	32	37	44	5	114	0	32
 21067	33	32	36	44	5	114	0	32
 21112	33	32	36	44	5	115	0	32
 21157	33	32	36	44	5	116	0	32
 21203	33	32	36	44	5	117	0	32
 21248	33	32	36	44	5	117	0	32
 21293	33	32	36	44	5	118	0	32
 21339	33	32	36	44	5	119	0	32
 21384	33	32	36	44	5	120	0	32
 21429	33	32	36	44	5	120	0	32
 21475	33	32	36	44	5	121	0	32
 21520	32	32	36	44	5	122	0	32
 21565	33	32	36	44	5	123	0	32
 21611	33	32	36	44	5	123	0	32
 21656	34	32	37	7	6	64	0	32
 21702	46	32	36	7	6	65	0	32
 21747	70	32	37	7	6	66	0	31
 21792	89	34	36	7	6	66	0	31
 21838	92	38	36	7	6	67	0	32
 21883	89	43	36	3	6	68	0	31
 21928	73	45	36	3	6	69	0	31
 21974	60	47	37	3	6	70	0	31
 22019	51	47	36	3	6	70	0	31
 22064	48	46	37	3	6	71	0	31
 22110	46	45	36	3	6	72	0	31
 22155	46	45	37	3	6	73	0	31
 22200	46	45	37	3	6	73	0	31
 22246	46	45	36	3	6	74	0	31
 22291	46	45	36	3	6	75	0	32
 22336	46	45	37	3	6	76	0	32
 22382	51	46	36	3	6	76	0	32
 22427	67	46	36	3	6	77	0	32
 22472	89	48	37	3	6	78	0	32
 22518	90	51	37	3	6	79	0	32
 22563	88	55	36	3	6	79	0	32
 22609	76	57	36	3	6	80	0	32
 22654	66	58	36	3	6	81	0	32
 22699	61	58	36	3	6	82	0	32
 22745	58	57	36	3	6	82	0	32
 22790	61	54	36	3	6	83	0	32
 22835	76	53	36	3	6	84	0	32
 22881	90	53	36	3	6	85	0	32
 22926	90	54	36	3	6	85	0	32
 22971	84	57	36	3	6	86	0	32
 23017	72	59	36	3	6	87	0	32
 23062	65	60	36	3	6	88	0	32
 23107	62	60	36	3	6	88	0	32
 23153	63	59	36	3	6	89	0	32
 23198	73	59	36	3	6	90	0	32
 23243	88	60	36	3	6	91	0	32
 23289	90	62	36	3	6	91	0	32
 23334	91	65	36	3	6	92	0	32
 23379	86	66	36	3	6	93	0	32
 23425	77	67	36	11	6	94	0	32
 23470	75	68	36	11	6	94	0	33
 23515	84	68	36	11	6	95	0	33
 23561	89	68	36	11	6	96	0	33
 23606	90	69	36	11	6	97	0	33
 23652	90	71	36	11	6	97	0	33
 23697	85	72	36	11	6	98	0	33
 23742	88	73	36	11	6	99	0	33
 23788	90	74	36	11	6	100	0	33
 23833	90	75	36	11	6	100	0	33
 23878	91	75	36	11	6	101	0	33
 23924	92	76	36	11	6	102	0	33
 23969	92	77	36	11	6	103	0	33
 24014	93	77	36	11	6	104	0	33
 24060	93	78	36	11	6	104	0	33
 24105	91	79	36	11	6	105	0	33
 24150	91	80	36	11	6	106	0	33
 24196	92	80	36	11	6	107	0	34
 24241	92	80	36	11	6	107	0	34
 24286	93	81	36	11	6	108	0	34
 24332	94	81	36	11	6	109	0	34
 24377	93	82	36	11	6	110	0	34
 24422	93	83	37	11	6	110	0	34
 24468	91	83	36	11	6	111	0	34
 24513	93	83	36	15	6	112	0	34
 24559	92	84	36	15	6	113	0	34
 24604	92	84	36	15	6	113	0	34
 24649	91	84	36	15	6	114	0	34
 24695	91	85	36	15	6	115	0	34
 24740	92	85	36	15	6	116	0	34
 24785	92	85	36	15	6	116	0	34
 24831	93	85	36	15	6	117	0	34
 24876	92	85	36	15	6	118	0	34
 24922	92	86	37	15	6	119	0	34
 24967	94	86	36	15	6	119	0	35
 25012	93	86	36	15	6	120	0	35
 25057	89	86	36	11	6	121	0	35
 25103	86	86	36	11	6	122	0	35
 25148	85	85	36	11	6	122	0	35
 25193	84	85	36	11	6	123	0	35
 25239	89	84	36	3	7	64	0	35
 25284	91	83	37	3	7	65	0	35
 25329	91	84	37	3	7	65	0	35
 25375	92	85	37	3	7	66	0	35
 25420	92	85	36	7	7	67	0	35
 25466	92	85	36	7	7	68	0	35
 25511	92	85	36	7	7	68	0	35
 25556	92	85	36	7	7	69	0	35
 25602	92	85	36	7	7	70	0	35
 25647	93	86	37	7	7	71	0	35
 25692	92	86	36	7	7	71	0	35
 25738	92	86	36	7	7	72	0	35
 25783	92	86	37	7	7	73	0	35
 25829	92	86	36	7	7	74	0	35
 25874	92	86	36	7	7	74	0	35
 25919	92	86	37	7	7	75	0	36
 25964	91	86	36	7	7	76	0	35
 26010	88	86	36	3	7	77	0	36
 26055	86	86	36	3	7	78	0	36
 26100	85	86	36	3	7	78	0	36
 26146	87	86	36	3	7	79	0	36
 26191	92	85	36	3	7	80	0	36
 26236	91	84	36	3	7	81	0	36
 26282	91	85	36	3	7	81	0	36
 26327	92	85	36	7	7	82	0	36
 26373	92	85	36	7	7	83	0	36
 26418	92	86	36	7	7	84	0	36
 26463	92	86	36	7	7	84	0	36
 26509	93	86	36	7	7	85	0	36
 26554	93	86	36	7	7	86	0	36
 26599	93	86	36	7	7	87	0	36
 26645	93	86	36	7	7	87	0	36
 26690	92	87	36	7	7	88	0	36
 26735	92	87	36	7	7	89	0	36
 26781	92	87	36	7	7	90	0	36
 26826	92	87	36	7	7	90	0	36
 26871	92	87	36	7	7	91	0	36
 26917	92	87	37	7	7	92	0	36
 26962	91	87	36	3	7	93	0	36
 27007	88	87	36	3	7	93	0	36
 27053	87	87	36	11	7	94	0	36
 27098	86	87	36	11	7	95	0	36
 27143	88	86	36	11	7	96	0	36
 27189	92	86	36	11	7	96	0	36
 27234	91	86	36	11	7	97	0	36
 27280	91	86	36	11	7	98	0	36
 27325	92	86	36	15	7	99	0	36
 27370	92	86	36	15	7	99	0	36
 27416	92	86	36	15	7	100	0	36
 27461	92	87	36	15	7	101	0	37
 27506	93	87	36	15	7	102	0	37
 27552	92	87	36	15	7	102	0	37
 27597	93	87	37	15	7	103	0	37
 27642	93	87	36	15	7	104	0	37
 27688	92	87	37	15	7	105	0	37
 27733	92	87	37	15	7	105	0	37
 27778	92	87	36	15	7	106	0	37
 27824	92	88	37	15	7	107	0	37
 27869	92	88	37	15	7	108	0	37
 27914	92	87	37	15	7	108	0	37
 27960	91	87	36	15	7	109	0	37
 28005	91	88	37	15	7	110	0	37
 28050	89	87	37	11	7	111	0	37
 28096	87	87	36	11	7	112	0	37
 28141	86	87	37	11	7	112	0	37
 28186	88	86	36	11	7	113	0	37
 28232	91	86	36	11	7	114	0	37
 28277	91	86	36	11	7	115	0	37
 28323	91	86	36	11	7	115	0	37
 28368	92	86	36	15	7	116	0	37
 28413	92	86	36	15	7	117	0	37
 28459	92	86	37	15	7	118	0	37
 28504	92	86	37	15	7	118	0	37
 28549	92	87	37	15	7	119	0	37
 28595	92	87	37	15	7	120	0	37
 28640	92	87	36	15	7	121	0	37
 28685	92	87	36	15	7	121	0	37
 28731	92	87	37	15	7	122	0	37
 28776	92	87	36	15	7	123	0	37
 28821	91	86	36	4	8	64	0	37
 28867	88	85	36	4	8	64	0	37
 28912	85	84	36	4	8	65	0	37
 28957	83	84	36	4	8	66	0	37
 29003	82	83	36	4	8	67	0	37
 29048	81	82	36	4	8	67	0	37
 29093	80	81	36	4	8	68	0	37
 29139	79	80	36	4	8	69	0	37
 29184	78	79	37	4	8	70	0	37
 29230	77	78	36	4	8	70	0	37
 29275	76	77	36	4	8	71	0	37
 29320	75	76	36	4	8	72	0	37
 29366	74	75	36	4	8	73	0	37
 29411	73	74	36	4	8	73	0	37
 29456	73	74	36	4	8	74	0	37
 29502	72	73	36	4	8	75	0	37
 29547	71	72	36	4	8	76	0	37
 29592	70	71	36	4	8	76	0	37
 29638	70	71	36	4	8	77	0	37
 29683	69	70	36	4	8	78	0	37
 29728	69	70	36	4	8	79	0	37
 29774	68	69	36	4	8	79	0	37
 29819	68	69	36	4	8	80	0	37
 29864	67	68	36	4	8	81	0	37
 29910	67	68	36	4	8	82	0	37
 29955	67	67	36	4	8	83	0	37
 30000	66	67	36	4	8	83	0	37
 30046	65	67	36	4	8	84	0	37
 30091	66	66	36	4	8	85	0	37
 30137	65	66	36	4	8	86	0	37
 30182	65	65	36	4	8	86	0	37
 30227	64	65	36	4	8	87	0	37
 30273	64	65	36	4	8	88	0	37
 30318	64	64	36	4	8	89	0	37
 30363	63	64	36	4	8	89	0	37
 30409	63	64	36	4	8	90	0	37
 30454	63	63	36	4	8	91	0	37
 30499	62	63	37	4	8	92	0	37
 30545	62	63	37	4	8	92	0	37
 30590	62	62	37	4	8	93	0	37
 30635	61	62	37	12	8	94	0	37
 30681	61	62	37	12	8	95	0	37
 30727	61	61	37	12	8	95	0	37
 30771	61	61	37	12	8	96	0	37
 30817	60	61	37	12	8	97	0	37
 30862	60	61	37	12	8	98	0	37
 30908	60	60	37	12	8	98	0	37
 30953	60	60	37	12	8	99	0	37
 30998	59	60	37	12	8	100	0	37
 31044	59	60	37	12	8	101	0	37
 31089	59	60	37	12	8	101	0	37
 31134	59	59	37	12	8	102	0	37
 31180	59	59	37	12	8	103	0	37
 31225	58	59	36	12	8	104	0	37
 31270	58	59	36	12	8	104	0	37
 31316	58	58	37	12	8	105	0	37
 31361	57	58	36	12	8	106	0	37
 31406	58	58	36	12	8	107	0	37
 31452	57	57	36	12	8	107	0	37
 31497	57	57	36	12	8	108	0	37
 31542	57	57	36	12	8	109	0	37
 31588	57	57	36	12	8	110	0	37
 31633	56	57	36	12	8	110	0	37
 31678	56	57	36	12	8	111	0	37
 31724	56	56	36	12	8	112	0	37
 31769	56	56	37	12	8	113	0	37
 31815	55	56	36	8	8	113	0	37
 31860	55	56	36	8	8	114	0	37
 31905	55	55	36	8	8	115	0	36
 31951	55	55	36	8	8	116	0	36
 31996	55	55	37	8	8	117	0	36
 32041	55	55	36	8	8	117	0	36
 32087	55	55	37	12	8	118	0	36
 32132	54	55	36	12	8	119	0	36
 32177	54	54	37	12	8	120	0	36
 32223	54	54	37	12	8	120	0	36
 32268	54	54	37	12	8	121	0	36
 32313	54	54	37	12	8	122	0	36
 32359	54	54	37	12	8	123	0	36
 32404	53	54	37	12	8	123	0	36
 32449	53	53	37	7	9	64	0	36
 32495	61	53	37	7	9	65	0	36
 32540	79	53	37	7	9	66	0	36
 32586	88	54	37	7	9	66	0	36
 32631	91	58	37	7	9	67	0	36
 32676	91	61	37	7	9	68	0	36
 32722	90	64	37	7	9	69	0	36
 32767	85	66	37	3	9	69	0	36
 32812	75	66	37	3	9	70	0	36
 32858	69	66	37	3	9	71	0	36
 32903	66	65	37	3	9	72	0	36
 32948	65	64	37	3	9	72	0	36
 32994	65	65	37	3	9	73	0	36
 33039	65	65	37	3	9	74	0	36
 33084	67	65	37	3	9	75	0	36
 33130	78	65	37	3	9	75	0	36
 33175	87	65	37	3	9	76	0	36
 33220	89	66	37	3	9	77	0	36
 33266	90	69	37	3	9	78	0	36
 33311	91	71	37	3	9	78	0	36
 33356	90	73	37	3	9	79	0	36
 33402	90	74	37	3	9	80	0	36
 33448	90	75	37	3	9	81	0	36
 33493	90	75	37	3	9	81	0	37
 33538	88	76	37	3	9	82	0	37
 33583	89	77	37	3	9	83	0	37
 33629	90	78	37	3	9	84	0	37
 33674	89	79	37	3	9	84	0	37
 33719	88	79	37	7	9	85	0	37
 33765	90	80	37	7	9	86	0	37
 33810	88	81	37	7	9	87	0	37
 33855	90	81	37	7	9	87	0	37
 33901	88	82	37	7	9	88	0	37
 33946	87	82	37	7	9	89	0	37
 33991	88	82	37	7	9	90	0	37
 34037	87	82	37	7	9	91	0	37
 34082	87	82	37	7	9	91	0	37
 34127	87	82	37	7	9	92	0	37
 34173	87	83	37	7	9	93	0	37
 34218	87	83	37	15	9	94	0	37
 34264	87	83	37	15	9	94	0	37
 34309	86	83	38	11	9	95	0	37
 34354	83	83	37	11	9	96	0	37
 34400	82	83	37	11	9	97	0	37
 34446	84	82	37	11	9	97	0	37
 34490	88	81	37	11	9	98	0	37
 34536	87	81	37	11	9	99	0	37
 34581	88	82	38	11	9	100	0	37
 34626	88	82	38	15	9	100	0	37
 34672	89	82	37	15	9	101	0	37
 34717	89	83	38	15	9	102	0	37
 34762	89	83	38	15	9	103	0	37
 34808	90	83	37	15	9	104	0	37
 34853	88	83	38	15	9	104	0	37
 34898	87	84	38	15	9	105	0	37
 34944	86	84	37	15	9	106	0	37
 34989	86	84	38	15	9	107	0	37
 35034	86	83	38	15	9	107	0	37
 35080	85	83	37	15	9	108	0	37
 35125	85	83	37	15	9	109	0	37
 35171	85	83	37	15	9	110	0	37
 35216	85	83	39	15	9	110	0	37
 35261	85	83	38	15	9	111	0	37
 35307	84	83	37	15	9	112	0	37
 35352	84	82	37	15	9	113	0	37
 35397	87	82	38	15	9	113	0	37
 35443	87	82	38	15	9	114	0	37
 35488	88	82	38	15	9	115	0	37
 35533	87	82	38	15	9	116	0	37
 35579	85	83	38	15	9	116	0	37
 35624	84	83	38	11	9	117	0	37
 35669	82	83	39	11	9	118	0	37
 35715	81	82	38	11	9	119	0	37
 35760	82	81	38	11	9	119	0	37
 35805	86	80	38	11	9	120	0	37
 35851	85	80	38	11	9	121	0	37
 35896	85	81	38	11	9	122	0	37
 35942	86	81	38	15	9	122	0	37
 35987	86	81	38	15	9	123	0	37
 36032	86	81	38	7	10	64	0	37
 36078	86	81	38	7	10	65	0	37
 36123	86	82	38	7	10	65	0	37
 36168	86	82	38	7	10	66	0	37
 36214	87	82	38	7	10	67	0	37
 36259	86	82	38	7	10	68	0	37
 36304	87	82	38	7	10	68	0	38
 36350	87	82	38	7	10	69	0	38
 36395	87	82	38	7	10	70	0	38
 36440	86	82	38	7	10	71	0	38
 36486	86	82	38	7	10	71	0	38
 36531	86	82	38	7	10	72	0	38
 36576	86	82	38	7	10	73	0	37
 36622	86	82	38	7	10	74	0	37
 36667	86	82	38	7	10	74	0	38
 36712	86	82	38	7	10	75	0	37
 36758	86	82	38	7	10	76	0	37
 36803	86	82	38	7	10	77	0	38
 36849	86	82	38	3	10	78	0	38
 36894	84	82	38	3	10	78	0	38
 36939	82	82	38	3	10	79	0	38
 36985	82	82	38	3	10	80	0	37
 37030	86	81	38	3	10	81	0	38
 37075	87	81	38	3	10	81	0	38
 37121	87	81	38	3	10	82	0	38
 37166	88	81	38	3	10	83	0	38
 37211	88	82	38	7	10	84	0	38
 37257	88	82	38	7	10	84	0	38
 37302	88	82	38	7	10	85	0	38
 37347	89	82	38	7	10	86	0	38
 37393	89	83	38	7	10	87	0	38
 37438	89	83	38	7	10	87	0	38
 37483	89	83	38	7	10	88	0	38
 37529	89	84	38	7	10	89	0	38
 37574	89	84	38	7	10	90	0	38
 37620	87	84	38	7	10	90	0	38
 37665	86	84	38	7	10	91	0	38
 37710	86	84	38	7	10	92	0	38
 37756	86	84	38	7	10	93	0	38
 37801	88	83	38	7	10	93	0	38
 37846	89	83	38	15	10	94	0	38
 37892	89	84	38	15	10	95	0	38
 37937	89	84	38	15	10	96	0	38
 37982	89	84	38	15	10	96	0	38
 38028	89	84	38	15	10	97	0	38
 38073	86	85	38	11	10	98	0	38
 38118	84	84	38	11	10	99	0	38
 38164	83	84	38	11	10	99	0	38
 38209	85	83	38	11	10	100	0	38
 38254	88	82	38	11	10	101	0	38
 38300	87	82	38	11	10	102	0	38
 38345	87	82	38	11	10	102	0	38
 38391	87	82	38	15	10	103	0	38
 38436	87	82	38	15	10	104	0	38
 38481	88	82	38	15	10	105	0	38
 38527	87	82	38	15	10	105	0	38
 38572	87	83	38	15	10	106	0	38
 38617	87	83	38	15	10	107	0	38
 38663	87	82	38	15	10	108	0	38
 38708	88	82	38	15	10	108	0	38
 38753	87	82	39	15	10	109	0	38
 38799	87	82	38	15	10	110	0	38
 38844	87	82	39	15	10	111	0	38
 38889	87	82	39	15	10	112	0	38
 38935	87	82	38	15	10	112	0	38
 38980	87	82	38	15	10	113	0	38
 39025	86	82	39	15	10	114	0	38
 39071	86	82	38	15	10	115	0	38
 39116	88	82	39	15	10	115	0	38
 39162	87	82	38	15	10	116	0	38
 39207	86	82	38	15	10	117	0	38
 39252	85	82	39	11	10	118	0	38
 39298	82	82	39	11	10	118	0	38
 39343	81	82	39	11	10	119	0	38
 39388	83	81	39	11	10	120	0	38
 39434	87	80	39	11	10	121	0	38
 39479	87	80	39	11	10	121	0	38
 39525	87	81	39	11	10	122	0	38
 39570	88	81	39	15	10	123	0	38
 39615	88	81	38	7	11	64	0	38
 39660	89	82	38	7	11	64	0	38
 39706	89	82	38	7	11	65	0	38
 39751	90	82	38	7	11	66	0	38
 39796	88	83	38	7	11	67	0	38
 39842	87	83	39	7	11	67	0	38
 39887	86	83	39	7	11	68	0	38
 39932	86	83	39	7	11	69	0	38
 39978	89	82	39	7	11	70	0	38
 40023	89	82	39	7	11	70	0	38
 40069	89	83	39	7	11	71	0	38
 40114	87	83	39	7	11	72	0	38
 40159	87	83	39	7	11	73	0	38
 40205	86	83	39	7	11	73	0	38
 40250	87	83	39	7	11	74	0	38
 40295	89	83	39	7	11	75	0	38
 40341	89	82	39	7	11	76	0	38
 40386	86	83	39	3	11	76	0	38
 40431	83	83	39	3	11	77	0	38
 40477	82	83	39	3	11	78	0	38
 40522	85	82	39	3	11	79	0	38
 40567	87	81	39	3	11	79	0	38
 40613	87	81	39	3	11	80	0	38
 40658	87	82	39	3	11	81	0	38
 40703	88	82	39	7	11	82	0	38
 40749	88	82	39	7	11	83	0	38
 40794	88	83	39	7	11	83	0	38
 40840	88	83	39	7	11	84	0	38
 40885	89	83	39	7	11	85	0	38
 40930	89	83	39	7	11	86	0	38
 40976	89	83	39	7	11	86	0	38
 41021	89	84	39	7	11	87	0	38
 41066	89	84	39	7	11	88	0	38
 41112	89	84	39	7	11	89	0	38
 41157	89	84	39	7	11	89	0	38
 41202	87	84	39	7	11	90	0	38
 41248	85	84	39	7	11	91	0	38
 41293	85	84	40	7	11	92	0	38
 41338	87	84	40	7	11	92	0	38
 41384	87	83	39	7	11	93	0	38
 41429	87	84	40	15	11	94	0	38
 41474	87	84	40	15	11	95	0	38
 41520	87	84	40	15	11	95	0	38
 41565	87	84	40	15	11	96	0	38
 41610	87	84	40	15	11	97	0	38
 41656	85	84	40	11	11	98	0	38
 41701	83	84	40	11	11	98	0	38
 41747	83	83	40	11	11	99	0	38
 41792	84	83	39	11	11	100	0	38
 41837	87	82	40	11	11	101	0	38
 41883	86	82	40	11	11	101	0	38
 41928	86	83	40	11	11	102	0	38
 41973	86	83	40	15	11	103	0	38
 42019	86	83	40	15	11	104	0	38
 42064	86	83	39	15	11	104	0	38
 42109	86	83	40	15	11	105	0	38
 42155	86	83	40	15	11	106	0	38
 42200	86	83	39	15	11	107	0	38
 42245	86	83	39	15	11	107	0	38
 42291	86	83	39	15	11	108	0	38
 42336	86	83	40	15	11	109	0	38
 42381	86	83	40	15	11	110	0	38
 42427	86	82	39	15	11	110	0	38
 42472	85	82	39	15	11	111	0	38
 42518	85	82	39	15	11	112	0	38
 42563	85	82	40	15	11	113	0	38
 42608	85	82	40	15	11	113	0	38
 42654	85	82	40	15	11	114	0	38
 42699	85	82	40	15	11	115	0	38
 42744	85	82	40	15	11	116	0	38
 42790	85	82	40	15	11	117	0	38
 42835	85	82	40	15	11	117	0	38
 42880	84	82	40	15	11	118	0	38
 42926	84	82	40	15	11	119	0	38
 42971	85	82	40	15	11	120	0	38
 43016	87	82	40	15	11	120	0	38
 43062	87	82	40	15	11	121	0	38
 43107	86	82	40	15	11	122	0	38
 43152	85	83	40	15	11	123	0	38
 43198	85	82	40	15	11	123	0	38
 43243	83	82	40	3	12	64	0	38
 43289	81	82	40	3	12	65	0	38
 43334	81	81	40	3	12	66	0	38
 43379	85	81	41	3	12	66	0	38
 43425	85	80	40	3	12	67	0	39
 43470	85	80	40	3	12	68	0	39
 43515	86	81	40	3	12	69	0	39
 43561	86	81	41	7	12	69	0	39
 43606	86	81	41	7	12	70	0	39
 43651	86	81	41	7	12	71	0	39
 43697	86	81	41	7	12	72	0	39
 43742	85	82	41	7	12	72	0	39
 43787	84	82	41	7	12	73	0	39
 43833	85	82	41	7	12	74	0	39
 43878	85	81	41	7	12	75	0	39
 43923	85	81	41	7	12	75	0	39
 43969	85	81	41	7	12	76	0	39
 44014	85	81	41	7	12	77	0	39
 44060	85	81	42	7	12	78	0	39
 44105	84	81	41	7	12	78	0	39
 44150	84	81	42	7	12	79	0	39
 44196	84	80	42	7	12	80	0	39
 44241	84	80	42	7	12	81	0	40
 44286	83	80	42	7	12	81	0	40
 44332	83	80	43	7	12	82	0	40
 44377	83	80	43	7	12	83	0	40
 44422	83	80	43	7	12	84	0	40
 44468	83	80	43	7	12	84	0	40
 44513	82	79	43	7	12	85	0	39
 44558	82	79	43	7	12	86	0	39
 44604	82	79	43	7	12	87	0	39
 44649	80	79	43	3	12	87	0	39
 44694	78	79	43	3	12	88	0	40
 44740	77	78	43	3	12	89	0	40
 44785	80	77	43	3	12	90	0	40
 44830	81	77	43	3	12	91	0	40
 44876	81	76	43	3	12	91	0	40
 44921	79	77	43	3	12	92	0	40
 44967	79	77	44	7	12	93	0	40
 45013	78	77	43	15	12	94	0	40
 45057	80	77	44	15	12	94	0	40
 45103	82	77	43	15	12	95	0	40
 45148	82	77	43	15	12	96	0	40
 45193	80	77	43	15	12	97	0	40
 45239	81	78	44	15	12	97	0	40
 45284	81	77	44	15	12	98	0	40
 45329	81	77	43	15	12	99	0	40
 45375	81	77	43	15	12	100	0	40
 45420	81	77	43	15	12	100	0	39
 45465	82	78	43	15	12	101	0	39
 45511	82	78	43	15	12	102	0	39
 45556	81	78	43	15	12	103	0	39
 45601	81	77	43	15	12	103	0	39
 45647	81	78	43	15	12	104	0	39
 45692	81	78	43	15	12	105	0	39
 45738	81	78	43	15	12	106	0	39
 45783	81	78	42	15	12	106	0	39
 45828	81	78	43	15	12	107	0	39
 45874	83	78	43	15	12	108	0	39
 45919	83	78	43	15	12	109	0	39
 45964	82	78	43	15	12	109	0	39
 46010	82	79	43	15	12	110	0	39
 46055	82	79	43	15	12	111	0	39
 46100	81	79	42	11	12	112	0	39
 46146	79	79	42	11	12	112	0	39
 46191	78	78	43	11	12	113	0	39
 46236	81	78	42	11	12	114	0	39
 46282	83	77	42	11	12	115	0	39
 46327	83	77	42	11	12	115	0	39
 46372	84	78	42	11	12	116	0	39
 46418	85	78	42	15	12	117	0	39
 46463	85	79	42	15	12	118	0	39
 46509	85	79	42	15	12	118	0	39
 46554	86	80	42	15	12	119	0	39
 46599	86	80	42	15	12	120	0	39
 46645	87	81	42	15	12	121	0	39
 46690	87	81	42	15	12	121	0	39
 46735	86	81	42	15	12	122	0	39
 46781	84	82	42	15	12	123	0	39
 46826	84	82	42	36	13	64	0	39
 46871	83	81	42	36	13	65	0	39
 46917	82	81	42	36	13	65	0	39
 46962	81	80	42	36	13	66	0	39
 47007	81	80	42	36	13	67	0	39
 47053	80	79	42	36	13	68	0	39
 47098	80	78	42	36	13	68	0	39
 47143	79	77	42	36	13	69	0	39
 47189	79	77	42	36	13	70	0	39
 47234	78	77	42	36	13	71	0	39
 47280	77	76	42	36	13	71	0	39
 47325	77	76	42	36	13	72	0	39
 47370	76	75	42	36	13	73	0	39
 47416	76	75	42	36	13	74	0	39
 47461	76	75	42	36	13	74	0	39
 47506	76	74	42	36	13	75	0	39
 47552	75	74	42	36	13	76	0	39
 47597	75	74	42	36	13	77	0	39
 47642	74	74	43	36	13	77	0	39
 47688	74	73	42	36	13	78	0	39
 47733	74	73	42	36	13	79	0	39
 47778	74	73	42	36	13	80	0	39
 47824	73	73	42	36	13	80	0	39
 47869	73	73	42	36	13	81	0	39
 47914	73	72	42	36	13	82	0	39
 47960	73	72	42	36	13	83	0	39
 48005	73	72	42	36	13	83	0	39
 48051	73	72	42	36	13	84	0	39
 48096	73	71	42	36	13	85	0	39
 48141	72	72	42	36	13	86	0	39
 48187	72	71	42	36	13	86	0	39
 48232	72	71	42	36	13	87	0	39
 48277	72	71	42	36	13	88	0	39
 48323	72	70	42	36	13	89	0	39
 48368	71	70	42	36	13	89	0	39
 48413	71	70	42	36	13	90	0	39
 48459	71	70	42	36	13	91	0	39
 48504	70	69	42	36	13	92	0	39
 48550	70	69	42	36	13	92	0	39
 48595	70	69	42	36	13	93	0	39
 48640	70	69	42	44	13	94	0	39
 48685	70	68	42	44	13	95	0	38
 48731	69	68	42	44	13	96	0	38
 48776	69	68	42	44	13	96	0	38
 48821	69	68	42	44	13	97	0	38
 48867	69	68	42	44	13	98	0	38
 48912	69	68	42	44	13	99	0	38
 48958	68	67	42	44	13	99	0	38
 49003	68	67	42	44	13	100	0	38
 49048	68	67	42	44	13	101	0	38
 49094	68	67	41	44	13	102	0	38
 49139	68	67	41	44	13	102	0	38
 49184	68	66	42	44	13	103	0	38
 49230	67	66	42	44	13	104	0	38
 49275	67	66	42	44	13	105	0	38
 49320	67	66	42	44	13	105	0	38
 49366	67	65	42	44	13	106	0	38
 49411	67	65	42	44	13	107	0	38
 49456	67	65	42	44	13	108	0	38
 49502	66	65	42	44	13	108	0	38
 49547	66	65	42	44	13	109	0	38
 49592	66	65	42	44	13	110	0	38
 49638	66	64	42	44	13	111	0	38
 49683	66	64	42	44	13	111	0	38
 49729	65	64	42	44	13	112	0	38
 49774	65	64	42	44	13	113	0	38
 49819	65	63	42	44	13	114	0	38
 49865	65	63	42	44	13	114	0	38
 49910	64	63	42	44	13	115	0	38
 49955	64	62	42	44	13	116	0	38
 50001	64	62	42	44	13	117	0	38
 50046	64	62	42	44	13	117	0	38
 50091	63	61	41	44	13	118	0	38
 50137	63	61	41	44	13	119	0	38
 50182	63	61	42	44	13	120	0	38
 50227	62	60	41	44	13	120	0	38
 50273	62	60	41	44	13	121	0	38
 50318	62	60	41	44	13	122	0	38
 50363	62	59	41	44	13	123	0	38
 50409	61	59	41	44	13	123	0	38
 50454	61	59	41	39	14	64	0	38
 50500	65	57	42	39	14	65	0	38
 50545	79	56	41	39	14	66	0	38
 50590	84	57	41	39	14	66	0	38
 50636	80	59	41	39	14	67	0	38
 50681	72	62	41	35	14	68	0	38
 50726	66	63	42	35	14	69	0	38
 50772	63	62	41	35	14	70	0	38
 50817	61	61	41	35	14	70	0	38
 50862	61	61	41	35	14	71	0	38
 50908	60	60	41	35	14	72	0	38
 50953	61	60	41	35	14	73	0	38
 50998	67	60	41	35	14	73	0	37
 51044	83	60	41	35	14	74	0	38
 51089	85	61	41	35	14	75	0	37
 51134	86	64	41	35	14	76	0	38
 51180	86	66	41	35	14	76	0	38
 51225	85	68	41	35	14	77	0	38
 51271	86	69	41	35	14	78	0	38
 51317	86	70	41	35	14	79	0	38
 51361	87	71	41	35	14	79	0	38
 51407	86	72	41	35	14	80	0	38
 51452	86	73	41	35	14	81	0	38
 51497	85	74	41	35	14	82	0	38
 51543	86	75	41	35	14	82	0	38
 51588	86	75	41	39	14	83	0	38
 51636	85	77	41	39	14	84	0	38
 51679	85	77	42	39	14	85	0	38
 51724	85	78	41	39	14	85	0	38
 51770	85	79	41	39	14	86	0	38
 51815	86	79	41	39	14	87	0	38
 51860	86	80	41	39	14	88	0	38
 51905	86	80	41	39	14	88	0	38
 51951	86	80	41	39	14	89	0	38
 51996	86	81	41	39	14	90	0	38
 52041	86	81	42	39	14	91	0	38
 52087	87	82	41	39	14	91	0	38
 52132	87	82	41	39	14	92	0	38
 52178	86	82	41	39	14	93	0	38
 52223	84	82	41	43	14	94	0	38
 52268	82	82	41	43	14	94	0	38
 52314	81	81	41	43	14	95	0	38
 52359	82	81	41	43	14	96	0	38
 52404	86	80	41	43	14	97	0	38
 52450	85	80	41	43	14	97	0	38
 52495	85	81	41	43	14	98	0	38
 52540	85	81	41	47	14	99	0	38
 52586	86	81	41	47	14	100	0	38
 52631	86	81	41	47	14	100	0	38
 52676	86	82	41	47	14	101	0	38
 52722	86	82	41	47	14	102	0	38
 52767	86	82	41	47	14	103	0	38
 52812	86	82	41	47	14	104	0	38
 52858	86	82	42	47	14	104	0	38
 52903	86	82	42	47	14	105	0	38
 52949	87	82	41	47	14	106	0	38
 52994	87	83	42	47	14	107	0	38
 53039	87	83	41	47	14	107	0	38
 53085	87	83	41	47	14	108	0	38
 53130	87	83	41	47	14	109	0	38
 53175	86	83	41	47	14	110	0	38
 53221	86	83	41	47	14	110	0	38
 53266	86	83	41	47	14	111	0	38
 53311	86	83	41	47	14	112	0	38
 53357	86	83	41	47	14	113	0	38
 53403	86	83	41	47	14	113	0	38
 53448	86	83	42	47	14	114	0	38
 53493	86	83	41	47	14	115	0	38
 53538	86	83	41	47	14	116	0	38
 53583	83	83	41	43	14	116	0	38
 53629	82	83	41	43	14	117	0	38
 53674	82	82	41	43	14	118	0	38
 53720	85	82	41	43	14	119	0	38
 53765	86	81	41	43	14	119	0	38
 53810	85	82	41	43	14	120	0	38
 53856	85	82	41	47	14	121	0	38
 53901	85	82	41	47	14	122	0	38
 53946	85	82	41	47	14	122	0	38
 53992	86	83	41	47	14	123	0	38
 54038	87	84	41	20	15	64	0	38
 54082	85	82	41	20	15	65	0	38
 54128	84	81	41	20	15	65	0	38
 54173	82	81	41	20	15	66	0	38
 54218	82	80	41	20	15	67	0	38
 54264	81	80	41	20	15	68	0	38
 54309	81	79	41	20	15	68	0	38
 54354	80	78	41	20	15	69	0	38
 54400	80	78	41	20	15	70	0	38
 54445	79	78	41	20	15	71	0	38
 54491	79	77	41	20	15	71	0	38
 54536	79	77	41	20	15	72	0	38
 54581	78	77	42	20	15	73	0	38
 54627	78	76	41	20	15	74	0	38
 54672	77	76	41	20	15	74	0	38
 54717	77	76	41	20	15	75	0	38
 54763	77	76	41	20	15	76	0	38
 54808	76	75	41	20	15	77	0	38
 54853	76	75	41	20	15	78	0	38
 54899	76	75	41	20	15	78	0	38
 54944	76	75	41	20	15	79	0	38
 54989	75	74	41	20	15	80	0	38
 55035	75	74	41	20	15	81	0	38
 55080	75	74	41	20	15	81	0	38
 55125	75	74	41	20	15	82	0	38
 55171	75	74	41	20	15	83	0	38
 55216	75	74	41	20	15	84	0	38
 55262	74	73	41	20	15	84	0	38
 55307	74	73	41	20	15	85	0	38
 55352	74	73	41	20	15	86	0	38
 55398	74	73	41	20	15	87	0	38
 55443	74	72	41	20	15	87	0	38
 55488	73	72	41	20	15	88	0	38
 55534	73	72	41	20	15	89	0	38
 55579	73	71	41	20	15	90	0	37
 55624	73	72	41	20	15	90	0	37
 55670	72	71	41	20	15	91	0	37
 55715	72	71	42	20	15	92	0	37
 55761	72	71	41	20	15	93	0	37
 55806	72	70	41	20	15	93	0	37
 55851	72	70	41	28	15	94	0	37
 55896	71	70	41	28	15	95	0	37
 55942	71	70	41	28	15	96	0	37
 55987	71	70	41	28	15	96	0	37
 56033	71	69	41	28	15	97	0	37
 56078	71	69	41	28	15	98	0	37
 56123	70	69	41	28	15	99	0	37
 56169	70	69	41	28	15	99	0	37
 56214	70	68	41	28	15	100	0	37
 56259	70	68	41	28	15	101	0	37
 56305	70	68	41	28	15	102	0	37
 56350	70	68	41	28	15	102	0	37
 56395	69	67	41	28	15	103	0	37
 56441	69	67	41	28	15	104	0	37
 56486	69	67	41	28	15	105	0	37
 56531	69	67	41	28	15	105	0	37
 56577	68	66	41	28	15	106	0	37
 56622	68	66	41	28	15	107	0	37
 56667	68	66	41	28	15	108	0	37
 56713	67	65	41	28	15	108	0	37
 56758	67	65	41	28	15	109	0	37
 56803	67	65	41	28	15	110	0	37
 56849	67	65	40	28	15	111	0	37
 56894	66	64	41	28	15	112	0	37
 56940	66	64	41	28	15	112	0	37
 56985	66	64	41	28	15	113	0	37
 57030	66	63	41	28	15	114	0	37
 57076	65	63	41	28	15	115	0	37
 57121	65	63	41	28	15	115	0	37
 57166	65	62	41	28	15	116	0	37
 57212	64	62	41	28	15	117	0	37
 57257	64	62	41	28	15	118	0	37
 57302	64	62	41	28	15	118	0	37
 57348	64	61	41	28	15	119	0	37
 57393	64	62	41	28	15	120	0	37
 57438	63	61	41	28	15	121	0	37
 57484	63	61	41	28	15	121	0	37
 57529	63	60	41	28	15	122	0	37
 57574	63	60	41	28	15	123	0	37
 57620	62	60	41	7	16	64	0	37
 57665	62	59	41	7	16	64	0	37
 57711	70	58	41	7	16	65	0	37
 57756	83	57	41	7	16	66	0	37
 57801	86	59	41	7	16	67	0	37
 57847	86	62	40	7	16	67	0	37
 57892	85	66	41	7	16	68	0	37
 57937	76	67	40	3	16	69	0	37
 57983	70	68	41	3	16	70	0	37
 58028	68	67	41	3	16	70	0	37
 58073	66	66	41	3	16	71	0	37
 58120	65	66	41	3	16	72	0	37
 58165	65	65	41	3	16	73	0	37
 58209	65	65	40	3	16	73	0	37
 58255	71	65	41	3	16	74	0	37
 58300	84	65	40	3	16	75	0	37
 58345	86	66	41	3	16	76	0	37
 58391	87	69	40	3	16	76	0	37
 58436	86	71	41	3	16	77	0	37
 58482	87	73	41	3	16	78	0	37
 58527	87	73	41	3	16	79	0	37
 58572	88	75	41	3	16	79	0	37
 58618	87	75	40	7	16	80	0	37
 58663	86	76	40	7	16	81	0	37
 58708	87	77	41	7	16	82	0	37
 58754	87	77	40	7	16	83	0	37
 58799	86	78	40	7	16	83	0	37
 58844	85	79	41	7	16	84	0	37
 58890	86	79	40	7	16	85	0	37
 58935	86	80	41	7	16	86	0	37
 58980	86	80	41	7	16	86	0	37
 59026	86	80	41	7	16	87	0	37
 59071	86	81	40	7	16	88	0	37
 59116	86	81	41	7	16	89	0	37
 59162	83	81	40	3	16	89	0	37
 59207	81	81	41	3	16	90	0	37
 59253	80	80	41	3	16	91	0	37
 59298	83	80	40	3	16	92	0	37
 59343	86	79	40	3	16	92	0	37
 59389	85	79	40	3	16	93	0	37
 59434	86	80	40	11	16	94	0	37
 59479	86	80	41	15	16	95	0	37
 59525	87	80	41	15	16	95	0	37
 59570	87	80	41	15	16	96	0	37
 59615	87	81	41	15	16	97	0	37
 59661	87	81	40	15	16	98	0	37
 59706	88	81	41	15	16	98	0	37
 59751	88	81	41	15	16	99	0	37
 59797	88	81	40	15	16	100	0	37
 59842	88	82	40	15	16	101	0	37
 59887	88	82	40	15	16	101	0	37
 59933	88	82	40	15	16	102	0	37
 59978	88	82	40	15	16	103	0	37
 60023	88	82	40	15	16	104	0	37
 60069	88	83	40	15	16	104	0	37
 60114	87	83	40	15	16	105	0	37
 60160	87	83	40	11	16	106	0	37
 60205	84	83	40	11	16	107	0	37
 60250	82	83	40	11	16	107	0	37
 60296	82	82	40	11	16	108	0	37
 60341	86	82	40	11	16	109	0	37
 60386	86	81	41	11	16	110	0	37
 60432	86	82	40	11	16	110	0	37
 60477	87	82	40	11	16	111	0	37
 60523	87	82	40	15	16	112	0	37
 60568	88	83	40	15	16	113	0	37
 60613	88	83	40	15	16	113	0	37
 60658	88	83	40	15	16	114	0	37
 60704	89	83	40	15	16	115	0	37
 60749	88	84	40	15	16	116	0	37
 60794	85	84	40	15	16	117	0	37
 60840	85	84	40	15	16	117	0	37
 60885	87	84	40	15	16	118	0	37
 60931	88	83	40	15	16	119	0	37
 60976	89	83	40	15	16	120	0	37
 61021	89	83	40	15	16	120	0	37
 61067	86	80	40	15	16	121	0	37
 61112	87	78	40	15	16	122	0	37
 61157	88	77	40	15	16	123	0	37
 61203	87	77	40	15	16	123	0	37
 61248	87	76	40	7	17	64	0	37
 61293	88	77	40	7	17	65	0	37
 61339	84	77	40	3	17	66	0	37
 61384	79	77	40	3	17	66	0	37
 61430	77	78	40	3	17	67	0	37
 61475	76	77	40	3	17	68	0	37
 61521	79	76	40	3	17	69	0	37
 61565	87	76	40	3	17	69	0	37
 61611	87	76	40	3	17	70	0	37
 61656	87	78	40	3	17	71	0	37
 61702	87	79	40	3	17	72	0	37
 61747	88	80	40	7	17	72	0	37
 61793	88	81	40	7	17	73	0	37
 61838	89	82	40	7	17	74	0	37
 61883	89	82	40	7	17	75	0	37
 61928	89	82	40	7	17	75	0	37
 61974	88	83	40	7	17	76	0	37
 62019	87	83	40	7	17	77	0	37
 62064	86	83	40	7	17	78	0	37
 62110	86	83	40	7	17	78	0	37
 62155	85	83	40	7	17	79	0	37
 62200	88	83	40	7	17	80	0	37
 62246	89	83	40	7	17	81	0	37
 62291	89	83	40	7	17	81	0	37
 62336	89	83	40	7	17	82	0	37
 62382	89	84	40	7	17	83	0	37
 62427	89	84	40	7	17	84	0	37
 62473	87	84	40	3	17	84	0	37
 62518	84	84	40	3	17	85	0	37
 62563	83	84	40	3	17	86	0	37
 62618	84	83	40	3	17	87	0	37
 62663	88	82	40	3	17	88	0	37
 62708	87	82	40	3	17	88	0	37
 62754	87	82	40	3	17	89	0	37
 62799	87	83	40	7	17	90	0	37
 62844	87	83	40	7	17	91	0	37
 62890	88	83	40	7	17	91	0	37
 62935	88	83	40	7	17	92	0	37
 62980	88	83	40	7	17	93	0	37
 63026	88	83	40	15	17	94	0	37
 63071	88	84	40	15	17	94	0	37
 63117	88	84	40	15	17	95	0	37
 63162	88	84	40	15	17	96	0	37
 63207	88	84	40	15	17	97	0	37
 63253	88	84	41	15	17	97	0	37
 63298	88	84	40	15	17	98	0	37
 63343	88	84	40	15	17	99	0	37
 63389	88	84	40	15	17	100	0	37
 63434	87	84	40	15	17	100	0	37
 63480	87	84	40	15	17	101	0	37
 63525	87	83	40	15	17	102	0	37
 63570	87	83	40	15	17	103	0	37
 63615	86	83	40	15	17	104	0	37
 63661	86	83	40	15	17	104	0	37
 63706	89	83	40	15	17	105	0	37
 63751	87	83	40	11	17	106	0	37
 63797	83	83	39	11	17	107	0	37
 63842	82	83	40	11	17	107	0	37
 63888	83	82	40	11	17	108	0	37
 63933	88	81	40	11	17	109	0	37
 63978	87	81	40	11	17	110	0	37
 64024	87	81	40	11	17	110	0	37
 64069	88	81	40	15	17	111	0	37
 64114	88	82	40	15	17	112	0	37
 64160	89	82	40	15	17	113	0	37
 64205	89	82	40	15	17	113	0	37
 64250	89	83	40	15	17	114	0	37
 64296	89	83	40	15	17	115	0	37
 64341	89	83	40	15	17	116	0	37
 64386	89	83	40	15	17	116	0	37
 64432	89	83	40	15	17	117	0	37
 64477	89	83	40	15	17	118	0	37
 64522	89	83	40	15	17	119	0	37
 64568	89	84	40	15	17	119	0	37
 64613	89	84	40	15	17	120	0	37
 64658	89	84	40	15	17	121	0	37
 64704	88	84	40	15	17	122	0	37
 64749	88	84	40	15	17	122	0	37
 64795	88	84	40	15	17	123	0	37
 64840	86	84	39	3	18	64	0	37
 64885	83	83	39	3	18	65	0	37
 64931	82	83	40	3	18	65	0	37
 64976	84	82	39	3	18	66	0	37
 65021	88	81	39	3	18	67	0	37
 65067	87	81	40	3	18	68	0	37
 65112	88	82	40	3	18	68	0	37
 65157	88	82	39	7	18	69	0	37
 65203	89	82	40	7	18	70	0	37
 65248	89	83	39	7	18	71	0	37
 65293	89	83	39	7	18	71	0	37
 65339	90	84	39	7	18	72	0	37
 65384	90	84	39	7	18	73	0	37
 65429	90	84	40	7	18	74	0	37
 65475	90	84	40	7	18	74	0	37
 65520	90	84	40	7	18	75	0	37
 65566	90	85	39	7	18	76	0	37
 65611	90	85	39	7	18	77	0	37
 65656	90	85	39	7	18	78	0	37
 65702	90	85	39	7	18	78	0	37
 65747	90	85	40	7	18	79	0	37
 65792	89	85	39	7	18	80	0	37
 65838	89	85	40	7	18	81	0	37
 65883	89	85	40	7	18	81	0	37
 65928	87	85	40	3	18	82	0	38
 65974	85	85	40	3	18	83	0	38
 66019	84	85	40	3	18	84	0	38
 66064	85	84	40	3	18	84	0	37
 66110	89	83	40	3	18	85	0	37
 66155	87	83	40	3	18	86	0	38
 66200	87	83	40	3	18	87	0	38
 66246	88	83	40	7	18	87	0	38
 66291	88	84	40	7	18	88	0	38
 66336	89	84	41	7	18	89	0	38
 66382	89	85	40	7	18	90	0	38
 66427	89	84	40	7	18	90	0	38
 66473	89	85	40	7	18	91	0	38
 66518	89	85	40	7	18	92	0	38
 66563	89	85	40	7	18	93	0	38
 66609	89	85	40	7	18	93	0	38
 66654	89	85	40	15	18	94	0	38
 66699	89	85	40	15	18	95	0	38
 66745	89	85	40	15	18	96	0	38
 66790	89	85	40	15	18	97	0	38
 66835	89	85	39	15	18	97	0	38
 66881	89	85	40	15	18	98	0	38
 66926	88	85	40	15	18	99	0	38
 66971	88	85	39	15	18	100	0	38
 67017	88	85	40	15	18	100	0	38
 67062	88	84	39	15	18	101	0	38
 67107	88	85	39	15	18	102	0	38
 67153	87	85	39	15	18	103	0	38
 67198	87	84	39	11	18	103	0	38
 67244	85	84	40	11	18	104	0	38
 67289	84	84	39	11	18	105	0	38
 67334	84	84	39	11	18	106	0	38
 67380	88	83	39	11	18	106	0	38
 67425	88	83	39	11	18	107	0	38
 67470	88	83	39	11	18	108	0	38
 67516	88	83	39	11	18	109	0	38
 67561	89	83	39	15	18	109	0	38
 67606	89	84	39	15	18	110	0	38
 67652	90	84	39	15	18	111	0	38
 67697	90	84	39	15	18	112	0	38
 67742	90	84	39	15	18	112	0	38
 67788	90	85	39	15	18	113	0	38
 67833	90	85	39	15	18	114	0	38
 67878	90	84	39	15	18	115	0	38
 67924	90	85	39	15	18	115	0	38
 67969	89	84	39	15	18	116	0	38
 68015	89	84	39	15	18	117	0	38
 68060	89	84	39	15	18	118	0	38
 68105	88	84	39	15	18	118	0	38
 68151	88	84	39	15	18	119	0	38
 68196	88	84	39	15	18	120	0	38
 68241	88	83	40	15	18	121	0	38
 68287	87	83	40	15	18	121	0	38
 68332	88	83	40	15	18	122	0	38
 68377	87	83	40	11	18	123	0	38
 68423	83	83	40	35	19	64	0	38
 68468	82	83	40	35	19	65	0	38
 68513	83	82	40	35	19	65	0	38
 68559	89	81	40	35	19	66	0	38
 68604	88	80	40	35	19	67	0	38
 68649	89	81	40	35	19	68	0	38
 68695	88	81	40	35	19	68	0	38
 68740	88	82	40	39	19	69	0	38
 68786	88	82	40	39	19	70	0	38
 68831	89	83	40	39	19	71	0	38
 68876	89	83	39	39	19	71	0	38
 68922	89	83	40	39	19	72	0	38
 68967	89	83	39	39	19	73	0	38
 69012	89	83	40	39	19	74	0	38
 69058	89	84	39	39	19	74	0	38
 69103	89	84	39	39	19	75	0	38
 69148	89	84	39	39	19	76	0	38
 69194	89	84	39	39	19	77	0	38
 69239	89	84	39	39	19	77	0	38
 69284	89	84	39	39	19	78	0	38
 69330	89	84	39	39	19	79	0	38
 69375	88	84	39	39	19	80	0	38
 69421	88	84	39	39	19	80	0	38
 69466	87	84	39	35	19	81	0	38
 69511	85	84	39	35	19	82	0	38
 69556	83	84	39	35	19	83	0	38
 69602	84	83	39	35	19	83	0	38
 69647	89	82	39	35	19	84	0	38
 69693	88	81	39	35	19	85	0	38
 69738	89	82	39	35	19	86	0	38
 69783	90	82	39	35	19	86	0	38
 69829	90	83	39	39	19	87	0	38
 69874	91	83	39	39	19	88	0	38
 69919	91	84	39	39	19	89	0	38
 69965	91	84	39	39	19	89	0	38
 70010	92	85	39	39	19	90	0	38
 70055	92	85	39	39	19	91	0	38
 70101	92	85	40	39	19	92	0	38
 70146	92	86	39	39	19	92	0	38
 70191	92	86	39	39	19	93	0	38
 70239	92	86	39	47	19	94	0	38
 70282	92	86	39	47	19	95	0	38
 70327	91	86	39	47	19	96	0	38
 70373	91	86	39	47	19	96	0	38
 70418	91	86	39	47	19	97	0	38
 70464	91	86	39	47	19	98	0	38
 70509	89	86	39	43	19	99	0	38
 70554	86	86	39	43	19	99	0	38
 70600	85	86	39	43	19	100	0	38
 70645	86	85	39	43	19	101	0	38
 70690	91	84	39	43	19	102	0	38
 70736	89	83	39	43	19	102	0	38
 70782	90	84	39	43	19	103	0	38
 70826	90	84	39	47	19	104	0	38
 70872	91	85	39	47	19	105	0	38
 70917	91	85	39	47	19	105	0	38
 70962	91	86	39	47	19	106	0	38
 71008	92	86	38	47	19	107	0	38
 71054	92	86	38	47	19	108	0	38
 71098	92	87	38	47	19	108	0	38
 71144	90	84	38	47	19	109	0	38
 71189	92	82	38	47	19	110	0	38
 71235	91	81	38	47	19	111	0	38
 71280	90	81	39	47	19	111	0	38
 71325	91	81	38	47	19	112	0	38
 71371	92	81	38	47	19	113	0	38
 71416	93	81	38	47	19	114	0	38
 71465	89	82	39	43	19	114	0	38
 71507	85	82	39	43	19	115	0	38
 71552	82	82	38	43	19	116	0	38
 71597	81	82	39	43	19	117	0	38
 71643	82	82	39	43	19	117	0	38
 71688	87	81	39	43	19	118	0	38
 71733	90	81	39	43	19	119	0	38
 71779	92	81	38	43	19	120	0	38
 71824	90	82	38	43	19	120	0	38
 71869	91	83	38	47	19	121	0	38
 71915	91	84	39	47	19	122	0	38
 71960	92	85	38	47	19	123	0	38
 72005	92	85	38	47	19	123	0	38
 72052	92	85	38	39	20	64	0	38
 72096	93	86	38	39	20	65	0	38
 72141	93	86	38	39	20	66	0	38
 72187	93	86	38	39	20	66	0	38
 72232	93	87	38	39	20	67	0	38
 72278	93	87	38	39	20	68	0	38
 72323	93	87	38	39	20	69	0	38
 72368	92	87	38	39	20	70	0	38
 72414	92	87	38	39	20	70	0	38
 72459	92	87	38	39	20	71	0	38
 72504	89	87	39	35	20	72	0	38
 72550	87	87	38	35	20	73	0	38
 72595	86	87	38	35	20	73	0	38
 72640	87	86	38	35	20	74	0	38
 72686	92	85	38	35	20	75	0	38
 72731	91	85	38	35	20	76	0	38
 72776	91	85	38	35	20	76	0	38
 72822	91	85	38	39	20	77	0	38
 72867	92	85	38	39	20	78	0	38
 72912	92	86	38	39	20	79	0	38
 72958	93	86	38	39	20	79	0	38
 73004	93	86	39	39	20	80	0	38
 73048	93	87	38	39	20	81	0	38
 73094	93	87	38	39	20	82	0	38
 73139	93	87	38	39	20	82	0	38
 73185	93	87	38	39	20	83	0	38
 73230	93	87	38	39	20	84	0	38
 73275	93	87	38	39	20	85	0	38
 73321	93	88	38	39	20	85	0	38
 73366	92	87	38	39	20	86	0	38
 73411	92	88	38	39	20	87	0	38
 73457	92	88	38	39	20	88	0	38
 73502	91	88	38	39	20	88	0	38
 73547	91	88	38	35	20	89	0	38
 73593	88	87	38	35	20	90	0	38
 73638	87	87	38	35	20	91	0	38
 73683	86	86	38	35	20	91	0	38
 73729	90	85	38	35	20	92	0	38
 73774	91	85	38	35	20	93	0	38
 73819	91	85	38	43	20	94	0	38
 73865	92	85	38	43	20	94	0	38
 73910	92	85	38	47	20	95	0	38
 73955	92	86	38	47	20	96	0	38
 74001	93	86	38	47	20	97	0	38
 74046	93	86	38	47	20	97	0	38
 74092	93	87	38	47	20	98	0	38
 74137	93	87	38	47	20	99	0	38
 74182	93	87	38	47	20	100	0	38
 74228	93	87	38	47	20	100	0	38
 74273	93	87	38	47	20	101	0	38
 74318	93	88	38	47	20	102	0	38
 74364	93	88	38	47	20	103	0	38
 74409	93	87	38	47	20	104	0	38
 74454	92	88	38	47	20	104	0	38
 74500	92	88	38	47	20	105	0	38
 74545	92	88	38	47	20	106	0	38
 74590	91	87	38	43	20	107	0	38
 74636	88	87	38	43	20	107	0	38
 74681	86	87	38	43	20	108	0	39
 74727	86	87	38	43	20	109	0	39
 74772	89	85	38	43	20	110	0	38
 74817	92	85	38	43	20	110	0	39
 74862	91	85	38	43	20	111	0	38
 74908	92	85	37	43	20	112	0	39
 74953	93	86	37	47	20	113	0	39
 74999	93	86	37	47	20	113	0	39
 75044	93	86	37	47	20	114	0	39
 75089	93	87	37	47	20	115	0	39
 75135	94	87	37	47	20	116	0	39
 75180	94	87	38	47	20	116	0	39
 75225	94	87	38	47	20	117	0	39
 75271	94	88	37	47	20	118	0	39
 75316	94	88	37	47	20	119	0	39
 75361	94	88	38	47	20	119	0	39
 75407	93	88	38	47	20	120	0	39
 75452	93	88	38	47	20	121	0	39
 75497	93	88	38	47	20	122	0	39
 75543	93	88	38	47	20	122	0	39
 75588	92	88	38	47	20	123	0	39
 75633	91	88	38	35	21	64	0	39
 75679	88	88	38	35	21	65	0	39
 75724	87	87	38	35	21	65	0	39
 75769	87	87	38	35	21	66	0	39
 75815	92	86	38	35	21	67	0	39
 75860	92	85	38	35	21	68	0	39
 75906	92	85	38	35	21	68	0	39
 75951	92	85	38	39	21	69	0	39
 75996	92	85	38	39	21	70	0	39
 76042	92	85	38	39	21	71	0	39
 76087	93	86	38	39	21	71	0	39
 76132	92	86	37	39	21	72	0	39
 76178	93	86	37	39	21	73	0	39
 76223	93	86	37	39	21	74	0	39
 76269	93	86	37	39	21	74	0	39
 76314	93	86	37	39	21	75	0	39
 76359	92	86	37	39	21	76	0	39
 76404	92	86	37	39	21	77	0	39
 76450	92	86	37	39	21	78	0	39
 76495	92	86	37	39	21	78	0	39
 76540	91	86	37	39	21	79	0	39
 76586	91	86	37	39	21	80	0	39
 76631	93	86	37	35	21	81	0	39
 76676	89	86	37	35	21	81	0	39
 76722	86	86	37	35	21	82	0	39
 76767	85	86	37	35	21	83	0	39
 76813	86	85	37	35	21	84	0	39
 76858	92	84	37	35	21	84	0	39
 76903	91	84	38	35	21	85	0	39
 76949	92	84	37	35	21	86	0	39
 76994	92	85	37	39	21	87	0	39
 77039	92	85	37	39	21	87	0	39
 77085	93	85	37	39	21	88	0	39
 77130	93	86	37	39	21	89	0	39
 77175	93	86	37	39	21	90	0	39
 77221	93	87	37	39	21	90	0	39
 77266	93	87	37	39	21	91	0	39
 77311	93	87	37	39	21	92	0	39
 77357	94	88	37	39	21	93	0	39
 77402	93	88	38	39	21	93	0	39
 77448	93	88	37	47	21	94	0	39
 77493	93	88	37	47	21	95	0	39
 77538	93	88	37	47	21	96	0	39
 77587	93	88	37	47	21	96	0	39
 77629	92	88	37	47	21	97	0	39
 77674	92	88	37	47	21	98	0	39
 77719	91	88	37	43	21	99	0	39
 77765	88	88	37	43	21	99	0	39
 77810	87	87	37	43	21	100	0	39
 77856	87	87	37	43	21	101	0	39
 77901	92	86	37	43	21	102	0	39
 77946	91	85	37	43	21	102	0	39
 77992	91	86	38	43	21	103	0	39
 78037	92	86	37	47	21	104	0	39
 78082	92	86	37	47	21	105	0	39
 78128	92	86	37	47	21	105	0	39
 78173	93	87	37	47	21	106	0	39
 78218	93	87	37	47	21	107	0	39
 78264	93	87	37	47	21	108	0	39
 78309	93	87	37	47	21	108	0	39
 78354	93	88	37	47	21	109	0	39
 78400	93	88	37	47	21	110	0	39
 78445	93	88	37	47	21	111	0	39
 78490	93	88	37	47	21	112	0	39
 78536	93	88	37	47	21	112	0	39
 78581	93	88	37	47	21	113	0	39
 78630	92	88	37	47	21	114	0	39
 78672	92	88	37	47	21	115	0	39
 78717	92	88	37	47	21	115	0	39
 78763	92	88	37	47	21	116	0	39
 78808	90	88	37	43	21	117	0	39
 78853	87	88	37	43	21	118	0	39
 78899	87	87	37	43	21	118	0	39
 78944	87	87	37	43	21	119	0	39
 78989	92	86	37	43	21	120	0	39
 79035	91	85	37	43	21	121	0	39
 79080	91	85	37	43	21	121	0	39
 79125	91	86	37	47	21	122	0	39
 79171	92	86	37	47	21	123	0	39
 79216	92	86	38	39	22	64	0	39
 79261	92	86	37	39	22	64	0	39
 79307	92	87	37	39	22	65	0	39
 79352	93	87	37	39	22	66	0	39
 79397	93	87	37	39	22	67	0	39
 79443	93	87	37	39	22	67	0	39
 79488	93	87	37	39	22	68	0	39
 79533	92	87	37	39	22	69	0	39
 79579	92	88	37	39	22	70	0	39
 79624	92	88	37	39	22	70	0	39
 79670	92	87	37	39	22	71	0	39
 79715	92	87	37	39	22	72	0	39
 79760	92	87	37	39	22	73	0	39
 79806	92	87	37	39	22	73	0	39
 79851	91	87	37	39	22	74	0	39
 79896	91	87	37	35	22	75	0	39
 79942	88	87	37	35	22	76	0	39
 79990	86	87	37	35	22	76	0	39
 80032	86	86	37	35	22	77	0	39
 80078	89	85	37	35	22	78	0	39
 80123	91	85	37	35	22	79	0	39
 80168	90	84	37	35	22	79	0	39
 80214	91	85	37	35	22	80	0	39
 80259	91	85	37	39	22	81	0	39
 80304	92	85	37	39	22	82	0	39
 80350	92	86	37	39	22	83	0	39
 80395	92	86	37	39	22	83	0	39
 80441	92	86	37	39	22	84	0	39
 80486	92	86	37	39	22	85	0	39
 80531	93	87	37	39	22	86	0	39
 80577	93	87	37	39	22	86	0	39
 80622	93	87	37	39	22	87	0	39
 80667	93	87	37	39	22	88	0	39
 80713	92	87	37	39	22	89	0	39
 80758	92	87	37	39	22	89	0	39
 80803	92	87	37	39	22	90	0	39
 80849	92	87	37	39	22	91	0	39
 80894	91	87	37	39	22	92	0	39
 80939	91	87	37	39	22	92	0	40
 80985	90	87	37	35	22	93	0	39
 81030	87	87	37	43	22	94	0	40
 81075	86	87	37	43	22	95	0	40
 81121	86	86	37	43	22	95	0	40
 81166	91	85	37	43	22	96	0	40
 81211	90	85	37	43	22	97	0	39
 81257	90	85	37	43	22	98	0	40
 81302	91	85	38	47	22	98	0	40
 81348	91	85	37	47	22	99	0	40
 81393	92	85	37	47	22	100	0	40
 81438	92	86	37	47	22	101	0	40
 81484	92	86	37	47	22	101	0	40
 81529	92	86	37	47	22	102	0	40
 81574	92	87	37	47	22	103	0	40
 81620	92	87	37	47	22	104	0	40
 81665	92	87	37	47	22	104	0	40
 81710	92	87	37	47	22	105	0	40
 81756	92	87	37	47	22	106	0	40
 81805	92	87	37	47	22	107	0	40
 81846	92	87	37	47	22	107	0	40
 81892	92	87	37	47	22	108	0	40
 81937	92	87	37	47	22	109	0	40
 81982	91	87	37	47	22	110	0	40
 82028	91	87	37	47	22	110	0	40
 82074	90	87	37	43	22	111	0	40
 82118	87	87	37	43	22	112	0	40
 82164	86	87	37	43	22	113	0	40
 82209	86	86	37	43	22	113	0	40
 82255	91	85	37	43	22	114	0	40
 82300	90	84	37	43	22	115	0	40
 82347	90	85	37	43	22	116	0	40
 82391	91	85	37	47	22	117	0	40
 82436	91	85	37	47	22	117	0	40
 82481	92	86	37	47	22	118	0	40
 82527	92	86	37	47	22	119	0	40
 82572	92	86	37	47	22	120	0	40
 82617	92	86	37	47	22	120	0	40
 82663	93	87	38	47	22	121	0	40
 82708	93	87	37	47	22	122	0	40
 82753	93	87	37	47	22	123	0	40
 82799	93	87	37	47	22	123	0	40
 82844	92	87	37	38	23	64	0	40
 82889	92	87	37	38	23	65	0	40
 82935	92	87	37	38	23	66	0	40
 82980	92	88	37	38	23	66	0	40
 83025	92	88	37	38	23	67	0	40
 83071	92	88	37	38	23	68	0	40
 83116	91	87	37	38	23	69	0	40
 83162	90	87	37	34	23	69	0	40
 83207	87	87	37	34	23	70	0	40
 83252	86	87	37	34	23	71	0	40
 83298	86	86	37	34	23	72	0	40
 83343	91	85	37	34	23	72	0	40
 83389	90	85	37	34	23	73	0	40
 83434	90	85	37	34	23	74	0	40
 83479	91	85	37	38	23	75	0	40
 83524	91	85	37	38	23	75	0	40
 83570	91	85	37	38	23	76	0	40
 83615	92	86	37	38	23	77	0	40
 83660	92	86	37	38	23	78	0	40
 83706	92	86	37	38	23	78	0	40
 83751	92	87	37	38	23	79	0	40
 83796	92	87	36	38	23	80	0	40
 83842	92	87	37	38	23	81	0	40
 83887	92	87	37	38	23	81	0	40
 83932	92	87	36	38	23	82	0	40
 83978	92	87	36	38	23	83	0	40
 84023	92	88	36	38	23	84	0	40
 84069	91	87	37	38	23	84	0	40
 84114	91	87	37	38	23	85	0	40
 84159	90	86	37	38	23	86	0	40
 84205	90	86	37	38	23	87	0	40
 84250	89	86	37	38	23	87	0	40
 84295	91	85	37	38	23	88	0	40
 84341	90	85	37	34	23	89	0	40
 84386	86	85	37	34	23	90	0	40
 84431	84	84	37	34	23	91	0	40
 84477	84	83	37	34	23	91	0	40
 84522	89	82	37	34	23	92	0	40
 84567	90	81	37	34	23	93	0	40
 84613	92	82	37	42	23	94	0	40
 84658	88	83	37	42	23	94	0	40
 84703	85	84	37	46	23	95	0	40
 84749	83	84	37	46	23	96	0	40
 84794	82	83	37	46	23	97	0	40
 84839	80	81	37	46	23	97	0	40
 84885	79	80	37	46	23	98	0	40
 84930	78	79	37	46	23	99	0	40
 84976	77	78	37	46	23	100	0	40
 85021	76	77	37	46	23	100	0	40
 85066	75	76	37	46	23	101	0	40
 85112	74	75	37	46	23	102	0	40
 85157	74	75	37	46	23	103	0	40
 85202	73	74	37	46	23	103	0	40
 85248	73	74	37	46	23	104	0	40
 85293	73	73	37	46	23	105	0	40
 85338	72	73	37	46	23	106	0	40
 85384	72	73	37	46	23	106	0	40
 85429	71	72	37	46	23	107	0	40
 85474	71	72	37	46	23	108	0	40
 85520	70	71	37	46	23	109	0	40
 85565	70	71	37	46	23	109	0	40
 85610	70	71	37	46	23	110	0	40
 85656	70	70	37	46	23	111	0	40
 85701	69	70	37	46	23	112	0	40
 85746	68	69	37	46	23	112	0	40
 85792	68	69	37	46	23	113	0	40
 85837	68	69	37	46	23	114	0	40
 85883	67	68	37	46	23	115	0	40
 85928	67	68	37	46	23	115	0	40
 85973	67	68	37	46	23	116	0	40
 86019	66	67	37	46	23	117	0	40
 86064	66	67	37	46	23	118	0	40
 86109	66	67	37	46	23	118	0	40
 86155	66	66	37	46	23	119	0	39
 86200	65	66	37	46	23	120	0	40
 86245	65	66	37	46	23	121	0	39
 86291	65	65	37	46	23	122	0	39
 86336	64	65	37	46	23	122	0	39
 86381	64	65	37	46	23	123	0	39
