HomeCentral
 Falkenstrasse 20
 8630 Rueti
 Datum: 01.10.14 00:00
 
 Startzeit: 2014-10-01 00:00:32 +0100
 123	49	42	63	4	0	65	0	39
 168	49	42	62	4	0	66	0	39
 214	49	42	62	4	0	67	0	39
 259	49	42	63	4	0	68	0	39
 305	49	42	63	4	0	68	0	39
 350	49	42	63	4	0	69	0	39
 395	49	42	63	4	0	70	0	39
 441	49	42	63	4	0	71	0	39
 486	49	42	63	4	0	71	0	39
 532	49	42	63	4	0	72	0	39
 577	49	42	63	4	0	73	0	39
 623	48	42	62	4	0	74	0	39
 667	49	42	63	4	0	74	0	39
 713	49	42	62	4	0	75	0	39
 758	49	42	63	4	0	76	0	39
 803	49	42	63	4	0	77	0	39
 850	49	42	62	4	0	77	0	39
 894	49	42	63	4	0	78	0	39
 985	49	42	62	4	0	80	0	39
 1030	48	42	63	4	0	80	0	39
 1075	49	42	63	4	0	81	0	39
 1121	48	42	62	4	0	82	0	39
 1166	49	42	62	4	0	83	0	39
 1212	49	42	63	4	0	83	0	39
 1257	48	42	63	4	0	84	0	39
 1348	48	42	63	4	0	86	0	39
 1393	49	42	62	4	0	86	0	39
 1438	48	42	63	4	0	87	0	39
 1484	48	42	62	4	0	88	0	39
 1529	48	42	63	4	0	89	0	39
 1574	48	42	63	4	0	89	0	39
 1621	48	42	63	4	0	90	0	39
 1665	48	42	62	4	0	91	0	39
 1710	49	42	63	4	0	92	0	39
 1756	48	42	63	4	0	93	0	39
 1801	48	42	63	4	0	93	0	39
 1846	48	42	63	12	0	94	0	39
 1892	48	42	63	12	0	95	0	39
 1937	48	42	63	12	0	96	0	39
 1983	48	42	62	12	0	96	0	39
 2028	48	42	62	12	0	97	0	39
 2073	48	42	62	12	0	98	0	39
 2119	48	42	62	12	0	99	0	39
 2164	48	42	62	12	0	99	0	39
 2209	48	42	62	12	0	100	0	39
 2255	48	42	62	12	0	101	0	39
 2300	48	42	62	12	0	102	0	39
 2345	48	42	63	12	0	102	0	39
 2391	48	42	62	12	0	103	0	39
 2436	48	42	62	12	0	104	0	39
 2481	48	42	62	12	0	105	0	39
 2527	48	42	62	12	0	105	0	39
 2572	48	42	62	12	0	106	0	39
 2617	48	42	62	12	0	107	0	39
 2663	48	42	62	12	0	108	0	39
 2708	48	42	62	12	0	108	0	39
 2753	48	42	62	12	0	109	0	39
 2844	48	42	62	12	0	111	0	39
 2890	48	42	63	12	0	112	0	39
 2935	48	42	62	12	0	112	0	38
 2980	48	42	62	12	0	113	0	39
 3026	48	42	62	12	0	114	0	39
 3071	48	42	62	12	0	115	0	39
 3116	48	42	62	12	0	115	0	39
 3162	48	42	62	12	0	116	0	39
 3207	48	42	62	12	0	117	0	39
 3253	48	42	62	12	0	118	0	39
 3298	48	42	62	12	0	118	0	39
 3343	48	42	62	12	0	119	0	39
 3388	48	42	62	12	0	120	0	39
 3434	48	42	62	12	0	121	0	39
 3479	48	42	62	12	0	121	0	39
 3524	48	42	62	12	0	122	0	39
 3570	48	42	62	12	0	123	0	39
 3615	48	42	62	4	1	64	0	38
 3661	48	42	62	4	1	64	0	39
 3706	48	42	62	4	1	65	0	39
 3751	48	42	62	4	1	66	0	38
 3797	48	42	62	4	1	67	0	39
 3842	48	42	62	4	1	67	0	39
 3887	48	42	62	4	1	68	0	38
 3933	48	42	62	4	1	69	0	38
 3978	48	42	62	4	1	70	0	39
 4023	48	42	62	4	1	70	0	39
 4069	48	42	62	4	1	71	0	39
 4114	48	42	62	4	1	72	0	39
 4159	48	42	62	4	1	73	0	38
 4205	48	42	62	4	1	73	0	38
 4250	48	42	62	4	1	74	0	38
 4295	48	42	62	4	1	75	0	39
 4341	48	42	62	4	1	76	0	39
 4387	48	42	62	4	1	76	0	39
 4432	48	42	62	4	1	77	0	38
 4477	48	42	62	4	1	78	0	38
 4522	48	42	62	4	1	79	0	38
 4568	48	42	62	4	1	79	0	39
 4613	48	41	62	4	1	80	0	38
 4658	48	42	62	4	1	81	0	38
 4706	48	42	62	4	1	82	0	38
 4749	48	42	62	4	1	83	0	39
 4794	48	42	62	4	1	83	0	38
 4840	48	42	62	4	1	84	0	38
 4885	48	42	62	4	1	85	0	38
 4930	48	42	62	4	1	86	0	38
 4976	48	42	62	4	1	86	0	38
 5021	48	42	62	4	1	87	0	38
 5066	48	42	62	4	1	88	0	39
 5112	48	42	62	4	1	89	0	38
 5157	48	42	62	4	1	89	0	38
 5203	48	42	62	4	1	90	0	38
 5248	48	42	62	4	1	91	0	38
 5293	48	42	62	4	1	92	0	39
 5339	48	42	62	4	1	92	0	38
 5384	48	42	62	4	1	93	0	38
 5429	48	42	62	12	1	94	0	38
 5475	48	42	62	12	1	95	0	38
 5520	48	42	62	12	1	95	0	38
 5565	48	42	62	12	1	96	0	38
 5611	48	42	62	12	1	97	0	38
 5656	48	42	62	12	1	98	0	38
 5701	47	42	62	12	1	98	0	38
 5747	48	42	62	12	1	99	0	39
 5792	48	42	62	12	1	100	0	38
 5837	48	42	62	12	1	101	0	38
 5883	47	42	62	12	1	101	0	38
 5928	48	42	63	12	1	102	0	38
 5974	48	42	62	12	1	103	0	38
 6019	47	42	62	12	1	104	0	38
 6064	47	42	62	12	1	104	0	38
 6110	47	42	62	12	1	105	0	38
 6155	47	42	62	12	1	106	0	38
 6200	48	42	62	12	1	107	0	38
 6246	48	42	62	12	1	107	0	38
 6291	47	42	62	12	1	108	0	38
 6336	48	42	62	12	1	109	0	38
 6382	48	41	62	12	1	110	0	38
 6427	47	41	62	12	1	110	0	38
 6472	47	42	62	12	1	111	0	38
 6518	47	41	62	12	1	112	0	38
 6563	47	42	62	12	1	113	0	38
 6608	47	42	62	12	1	113	0	38
 6654	47	42	62	8	1	114	0	38
 6699	47	42	62	8	1	115	0	38
 6745	47	41	62	8	1	116	0	38
 6790	48	42	62	8	1	117	0	38
 6835	52	42	62	8	1	117	0	38
 6881	56	41	62	8	1	118	0	38
 6926	59	42	62	8	1	119	0	38
 6971	61	42	62	8	1	120	0	38
 7017	62	42	62	12	1	120	0	38
 7062	60	41	62	12	1	121	0	38
 7107	56	42	62	12	1	122	0	38
 7153	54	42	62	12	1	123	0	38
 7198	52	42	62	12	1	123	0	38
 7243	51	42	62	4	2	64	0	38
 7334	50	42	62	4	2	66	0	38
 7379	50	42	62	4	2	66	0	38
 7425	50	42	62	4	2	67	0	38
 7470	50	42	62	4	2	68	0	38
 7516	50	42	62	4	2	69	0	38
 7561	50	42	61	4	2	69	0	38
 7606	49	42	62	4	2	70	0	38
 7652	49	42	62	4	2	71	0	38
 7697	49	42	62	4	2	72	0	38
 7742	49	42	62	4	2	72	0	38
 7788	49	41	62	4	2	73	0	38
 7833	49	42	61	4	2	74	0	38
 7878	49	41	62	4	2	75	0	38
 7924	49	42	62	4	2	75	0	38
 7969	49	41	61	4	2	76	0	38
 8014	49	42	61	4	2	77	0	38
 8060	49	42	61	4	2	78	0	38
 8105	49	42	62	4	2	78	0	38
 8150	48	42	62	4	2	79	0	38
 8196	48	42	62	4	2	80	0	38
 8241	48	42	62	4	2	81	0	38
 8287	48	42	62	4	2	81	0	38
 8332	48	41	62	4	2	82	0	38
 8377	48	42	62	4	2	83	0	38
 8423	48	42	62	4	2	84	0	38
 8468	48	42	62	4	2	84	0	38
 8517	48	42	62	4	2	85	0	38
 8559	48	42	61	4	2	86	0	38
 8604	48	42	61	4	2	87	0	38
 8649	49	42	61	4	2	87	0	38
 8695	49	42	61	4	2	88	0	38
 8740	49	42	61	4	2	89	0	38
 8785	49	42	62	4	2	90	0	38
 8831	49	42	61	4	2	91	0	38
 8876	49	42	62	4	2	91	0	38
 8921	49	42	62	4	2	92	0	38
 8967	49	42	61	4	2	93	0	38
 9012	49	42	61	12	2	94	0	38
 9058	49	42	61	12	2	94	0	38
 9103	49	42	61	12	2	95	0	38
 9148	49	42	61	12	2	96	0	38
 9194	49	42	61	12	2	97	0	38
 9239	49	42	61	12	2	97	0	38
 9285	49	42	61	12	2	98	0	38
 9330	50	42	61	12	2	99	0	38
 9375	49	42	61	12	2	100	0	38
 9420	50	42	61	12	2	100	0	38
 9466	49	42	61	12	2	101	0	38
 9511	50	42	62	12	2	102	0	38
 9556	50	42	61	12	2	103	0	38
 9602	50	42	61	12	2	103	0	38
 9647	50	42	61	12	2	104	0	38
 9693	50	42	61	12	2	105	0	38
 9738	50	42	61	12	2	106	0	38
 9783	50	42	61	12	2	106	0	38
 9829	50	42	61	12	2	107	0	38
 9874	50	42	61	12	2	108	0	38
 9919	50	42	61	12	2	109	0	38
 9965	50	42	61	12	2	109	0	38
 10010	50	42	61	12	2	110	0	38
 10057	50	42	61	12	2	111	0	38
 10101	50	42	61	12	2	112	0	38
 10146	50	42	61	12	2	112	0	38
 10191	50	42	61	12	2	113	0	38
 10237	50	42	61	12	2	114	0	38
 10282	50	42	61	12	2	115	0	38
 10327	50	42	61	12	2	115	0	38
 10373	50	42	61	12	2	116	0	38
 10418	50	42	61	12	2	117	0	38
 10464	50	42	61	12	2	118	0	38
 10509	50	42	61	12	2	118	0	38
 10554	50	42	61	12	2	119	0	38
 10600	50	42	62	12	2	120	0	38
 10645	50	42	61	12	2	121	0	38
 10690	50	42	61	12	2	121	0	38
 10736	50	42	61	12	2	122	0	38
 10781	50	42	61	12	2	123	0	38
 10826	50	42	61	4	3	64	0	38
 10872	50	42	61	4	3	65	0	38
 10917	50	42	61	4	3	65	0	38
 10962	49	42	61	4	3	66	0	38
 11008	50	42	61	4	3	67	0	38
 11053	49	42	61	4	3	68	0	38
 11102	49	42	61	4	3	68	0	38
 11144	49	42	62	4	3	69	0	38
 11189	49	42	61	4	3	70	0	38
 11235	49	42	61	4	3	71	0	38
 11281	49	42	61	4	3	71	0	38
 11325	49	42	61	4	3	72	0	38
 11371	49	42	61	4	3	73	0	38
 11416	49	42	62	4	3	74	0	38
 11461	49	42	61	4	3	74	0	38
 11508	49	42	61	4	3	75	0	38
 11552	49	42	61	4	3	76	0	38
 11597	49	42	61	4	3	77	0	38
 11643	49	42	61	4	3	77	0	38
 11688	49	42	61	4	3	78	0	38
 11733	49	42	61	4	3	79	0	38
 11779	49	42	61	4	3	80	0	38
 11824	49	42	61	4	3	80	0	38
 11869	49	42	61	4	3	81	0	38
 11915	49	42	61	4	3	82	0	38
 11960	49	42	61	4	3	83	0	38
 12006	50	42	62	4	3	83	0	38
 12051	49	42	61	4	3	84	0	38
 12096	49	42	61	4	3	85	0	38
 12142	49	42	61	4	3	86	0	38
 12187	49	42	61	4	3	86	0	38
 12232	49	42	61	4	3	87	0	38
 12278	49	42	62	4	3	88	0	38
 12323	49	42	61	4	3	89	0	38
 12368	49	42	61	4	3	89	0	38
 12414	49	42	61	4	3	90	0	38
 12459	49	42	61	4	3	91	0	38
 12504	49	42	61	4	3	92	0	38
 12550	49	42	61	4	3	92	0	38
 12595	49	42	61	4	3	93	0	38
 12640	49	42	61	12	3	94	0	38
 12686	49	42	61	12	3	95	0	38
 12731	49	42	61	12	3	96	0	38
 12777	49	42	61	12	3	96	0	38
 12822	49	42	61	12	3	97	0	38
 12867	49	42	61	12	3	98	0	38
 12958	49	42	61	12	3	99	0	38
 13003	49	42	61	12	3	100	0	38
 13049	49	42	61	12	3	101	0	38
 13094	49	42	61	12	3	102	0	38
 13139	49	42	61	12	3	102	0	38
 13185	49	42	61	12	3	103	0	38
 13230	49	42	61	12	3	104	0	38
 13275	49	42	61	12	3	105	0	38
 13321	49	42	61	12	3	105	0	38
 13366	49	42	61	12	3	106	0	38
 13411	49	42	61	12	3	107	0	38
 13457	49	42	61	12	3	108	0	38
 13502	49	42	61	12	3	108	0	38
 13548	49	42	61	12	3	109	0	38
 13593	49	42	61	12	3	110	0	38
 13638	49	42	61	12	3	111	0	38
 13684	49	42	61	12	3	111	0	38
 13729	49	42	61	12	3	112	0	38
 13774	49	42	61	12	3	113	0	38
 13820	49	42	61	12	3	114	0	38
 13865	49	42	61	12	3	114	0	38
 13910	49	42	61	12	3	115	0	38
 13956	49	42	61	12	3	116	0	38
 14001	49	42	61	12	3	117	0	38
 14046	49	42	61	12	3	117	0	38
 14092	49	42	61	12	3	118	0	38
 14137	49	42	61	12	3	119	0	38
 14182	49	42	61	12	3	120	0	38
 14228	49	42	61	12	3	120	0	38
 14273	49	42	61	12	3	121	0	38
 14318	49	42	61	12	3	122	0	38
 14364	49	42	61	12	3	123	0	38
 14409	49	42	61	12	3	123	0	38
 14455	49	42	61	4	4	64	0	38
 14500	49	42	61	4	4	65	0	38
 14545	48	42	61	4	4	66	0	38
 14591	49	42	61	4	4	66	0	38
 14636	49	42	61	4	4	67	0	38
 14681	49	42	61	4	4	68	0	38
 14727	49	42	61	4	4	69	0	38
 14772	49	42	61	4	4	70	0	38
 14817	49	42	61	4	4	70	0	38
 14863	49	42	61	4	4	71	0	38
 14908	49	42	61	4	4	72	0	38
 14953	49	42	62	4	4	73	0	38
 14999	49	42	61	4	4	73	0	38
 15044	49	42	61	4	4	74	0	38
 15089	49	42	61	4	4	75	0	38
 15135	49	42	61	4	4	76	0	38
 15180	49	42	61	4	4	76	0	38
 15226	49	42	61	4	4	77	0	38
 15271	49	42	61	4	4	78	0	38
 15316	49	42	61	4	4	79	0	38
 15362	49	42	61	4	4	79	0	38
 15407	49	42	61	4	4	80	0	38
 15452	49	42	61	4	4	81	0	38
 15498	49	42	61	4	4	82	0	38
 15543	49	42	61	4	4	82	0	38
 15588	49	42	61	4	4	83	0	38
 15634	48	42	61	4	4	84	0	38
 15679	49	42	61	4	4	85	0	38
 15724	48	42	61	4	4	85	0	38
 15770	49	42	61	4	4	86	0	38
 15815	48	42	61	4	4	87	0	38
 15860	48	42	61	4	4	88	0	38
 15906	49	42	61	4	4	88	0	38
 15951	49	42	61	4	4	89	0	38
 15997	48	42	61	4	4	90	0	38
 16042	49	42	61	4	4	91	0	38
 16087	49	42	61	4	4	91	0	38
 16133	48	42	61	4	4	92	0	38
 16178	48	42	61	4	4	93	0	38
 16223	48	42	61	12	4	94	0	38
 16269	48	42	61	12	4	94	0	38
 16314	48	42	61	12	4	95	0	38
 16360	49	42	61	12	4	96	0	38
 16405	49	42	61	12	4	97	0	38
 16450	49	42	61	12	4	97	0	38
 16495	48	42	61	12	4	98	0	38
 16541	48	42	61	12	4	99	0	38
 16586	49	42	61	12	4	100	0	38
 16631	48	42	61	12	4	100	0	38
 16677	48	42	61	12	4	101	0	38
 16722	49	42	61	12	4	102	0	38
 16768	48	42	61	12	4	103	0	38
 16813	48	42	61	12	4	104	0	38
 16858	49	42	61	12	4	104	0	38
 16904	48	42	61	12	4	105	0	38
 16949	48	42	61	12	4	106	0	38
 16994	48	42	61	12	4	107	0	38
 17040	48	42	61	12	4	107	0	38
 17085	48	42	61	12	4	108	0	38
 17130	48	42	61	12	4	109	0	38
 17176	48	42	61	12	4	110	0	38
 17221	48	42	60	12	4	110	0	38
 17266	48	42	61	12	4	111	0	38
 17312	48	42	61	12	4	112	0	38
 17357	48	42	61	12	4	113	0	38
 17402	48	42	61	12	4	113	0	38
 17448	48	42	61	12	4	114	0	38
 17493	48	42	61	12	4	115	0	38
 17539	48	42	61	12	4	116	0	38
 17584	48	42	61	12	4	116	0	38
 17629	48	42	61	12	4	117	0	38
 17675	48	42	61	12	4	118	0	38
 17720	48	42	61	12	4	119	0	38
 17765	48	42	61	12	4	119	0	38
 17811	48	42	61	12	4	120	0	38
 17901	48	42	61	12	4	122	0	38
 17947	48	42	61	12	4	122	0	38
 17992	48	42	61	12	4	123	0	38
 18037	48	42	61	4	5	64	0	38
 18083	48	42	61	4	5	65	0	38
 18128	48	42	61	4	5	65	0	38
 18173	48	42	61	4	5	66	0	38
 18219	48	42	61	4	5	67	0	38
 18264	48	42	61	4	5	68	0	38
 18310	48	42	61	4	5	68	0	38
 18355	48	42	61	4	5	69	0	38
 18446	48	42	61	4	5	71	0	38
 18491	48	42	61	4	5	71	0	38
 18536	48	42	61	4	5	72	0	38
 18582	48	42	61	4	5	73	0	38
 18627	48	42	61	4	5	74	0	38
 18718	48	42	61	4	5	75	0	38
 18763	48	42	61	4	5	76	0	38
 18808	48	42	61	4	5	77	0	38
 18854	48	42	61	4	5	78	0	38
 18899	48	42	61	4	5	78	0	38
 18990	48	42	61	4	5	80	0	38
 19035	48	42	61	4	5	81	0	38
 19080	48	42	61	4	5	81	0	38
 19126	48	42	61	4	5	82	0	38
 19171	48	42	61	4	5	83	0	38
 19217	48	42	61	4	5	84	0	38
 19262	48	42	61	4	5	84	0	38
 19307	48	42	61	4	5	85	0	38
 19353	48	42	61	4	5	86	0	38
 19398	48	42	61	4	5	87	0	38
 19443	48	41	61	4	5	87	0	38
 19489	48	42	61	4	5	88	0	38
 19534	48	41	61	4	5	89	0	38
 19579	48	42	61	4	5	90	0	38
 19625	48	42	61	4	5	90	0	38
 19670	48	41	61	4	5	91	0	38
 19715	48	42	61	4	5	92	0	38
 19761	48	42	61	4	5	93	0	38
 19806	48	42	61	4	5	93	0	38
 19851	48	42	61	12	5	94	0	38
 19897	48	42	61	12	5	95	0	38
 19942	48	42	61	12	5	96	0	38
 19988	48	41	61	12	5	96	0	38
 20033	48	42	61	12	5	97	0	38
 20078	48	41	61	12	5	98	0	38
 20125	48	42	61	12	5	99	0	38
 20169	48	42	61	12	5	99	0	38
 20214	48	42	61	12	5	100	0	38
 20260	48	42	61	12	5	101	0	38
 20305	48	42	61	12	5	102	0	38
 20350	48	41	61	12	5	102	0	38
 20397	48	41	62	12	5	103	0	38
 20441	48	42	61	12	5	104	0	38
 20486	48	42	61	12	5	105	0	38
 20532	48	42	61	12	5	105	0	38
 20577	48	42	61	12	5	106	0	38
 20622	48	41	61	12	5	107	0	38
 20668	48	41	61	12	5	108	0	38
 20713	48	42	61	12	5	108	0	38
 20759	48	41	61	12	5	109	0	38
 20804	48	42	61	12	5	110	0	38
 20849	48	42	61	12	5	111	0	38
 20895	48	41	61	12	5	112	0	38
 20940	48	41	61	12	5	112	0	38
 20985	48	41	61	12	5	113	0	38
 21031	48	42	61	12	5	114	0	38
 21076	48	41	61	12	5	115	0	38
 21122	48	42	60	12	5	115	0	38
 21167	48	41	61	12	5	116	0	38
 21212	48	42	61	12	5	117	0	38
 21257	48	41	61	12	5	118	0	38
 21303	48	41	61	12	5	118	0	38
 21348	48	41	61	12	5	119	0	38
 21394	48	42	61	12	5	120	0	38
 21439	48	41	61	12	5	121	0	38
 21484	48	41	61	12	5	121	0	38
 21533	48	42	61	12	5	122	0	38
 21575	48	42	61	12	5	123	0	38
 21620	48	41	61	4	6	64	0	38
 21666	48	41	61	4	6	64	0	38
 21711	48	41	61	4	6	65	0	38
 21756	48	41	61	4	6	66	0	38
 21802	48	41	61	4	6	67	0	38
 21847	48	41	60	4	6	67	0	38
 21892	48	42	61	4	6	68	0	38
 21938	47	41	61	4	6	69	0	38
 21983	48	41	61	4	6	70	0	38
 22028	48	42	61	4	6	70	0	38
 22074	47	41	61	4	6	71	0	38
 22119	47	41	60	4	6	72	0	38
 22164	47	41	60	4	6	73	0	38
 22210	47	41	61	4	6	73	0	38
 22256	47	41	60	4	6	74	0	38
 22301	47	42	61	4	6	75	0	38
 22347	47	41	61	4	6	76	0	38
 22391	47	41	61	4	6	76	0	38
 22437	47	41	61	4	6	77	0	38
 22482	47	41	61	4	6	78	0	38
 22527	47	41	61	4	6	79	0	38
 22573	47	41	61	4	6	79	0	38
 22618	47	41	61	4	6	80	0	38
 22663	46	41	61	4	6	81	0	38
 22709	47	41	61	4	6	82	0	38
 22754	47	41	61	4	6	83	0	38
 22799	47	41	61	4	6	83	0	38
 22845	47	41	61	4	6	84	0	38
 22890	46	41	61	4	6	85	0	38
 22935	46	41	61	4	6	86	0	38
 22981	47	41	61	4	6	86	0	38
 23031	46	41	61	4	6	87	0	38
 23072	47	41	61	4	6	88	0	38
 23117	46	41	61	4	6	89	0	38
 23162	46	41	61	4	6	89	0	38
 23208	46	41	61	4	6	90	0	38
 23253	46	41	61	4	6	91	0	38
 23299	46	41	61	4	6	92	0	38
 23389	46	41	62	4	6	93	0	38
 23434	46	41	61	12	6	94	0	38
 23480	46	41	61	12	6	95	0	38
 23525	46	41	61	12	6	95	0	38
 23570	47	41	61	12	6	96	0	38
 23616	46	41	61	12	6	97	0	38
 23661	46	41	61	12	6	98	0	38
 23706	46	41	61	12	6	98	0	38
 23752	46	41	61	12	6	99	0	38
 23797	46	41	61	12	6	100	0	38
 23888	46	41	61	12	6	101	0	38
 23933	46	41	61	12	6	102	0	38
 23979	46	41	61	12	6	103	0	38
 24024	46	41	61	12	6	104	0	38
 24069	46	41	61	12	6	104	0	38
 24115	46	41	61	12	6	105	0	38
 24164	46	41	61	12	6	106	0	38
 24205	46	41	61	12	6	107	0	38
 24341	46	41	61	8	6	109	0	38
 24387	48	41	61	8	6	110	0	38
 24432	52	41	61	8	6	110	0	38
 24478	55	41	61	8	6	111	0	38
 24523	58	41	61	8	6	112	0	38
 24568	59	41	61	12	6	113	0	38
 24614	60	41	61	12	6	113	0	38
 24659	57	41	61	12	6	114	0	38
 24704	54	41	61	12	6	115	0	38
 24795	50	41	61	12	6	117	0	38
 24840	50	41	61	12	6	117	0	38
 24886	49	41	61	12	6	118	0	38
 24931	49	41	61	12	6	119	0	38
 24976	49	41	61	12	6	120	0	38
 25022	48	41	61	12	6	120	0	38
 25067	48	41	61	12	6	121	0	38
 25112	48	41	61	12	6	122	0	38
 25203	48	41	61	12	6	123	0	38
 25248	48	41	61	4	7	64	0	38
 25294	48	41	61	4	7	65	0	38
 25339	48	41	62	4	7	66	0	38
 25384	48	41	61	4	7	66	0	38
 25430	47	41	61	4	7	67	0	38
 25475	47	41	61	4	7	68	0	38
 25520	47	41	61	4	7	69	0	38
 25566	47	41	61	4	7	69	0	38
 25611	47	41	60	4	7	70	0	38
 25657	47	41	60	4	7	71	0	38
 25702	47	41	61	4	7	72	0	38
 25747	47	41	61	4	7	72	0	38
 25793	46	41	61	4	7	73	0	38
 25838	47	41	61	4	7	74	0	38
 25883	47	41	61	4	7	75	0	38
 25929	47	41	61	4	7	75	0	38
 25974	47	41	61	4	7	76	0	38
 26019	47	41	61	4	7	77	0	38
 26068	47	41	61	4	7	78	0	38
 26111	47	41	61	4	7	78	0	38
 26155	47	41	61	4	7	79	0	38
 26201	47	41	61	4	7	80	0	38
 26246	47	41	61	4	7	81	0	38
 26291	47	41	61	4	7	81	0	38
 26337	47	41	61	4	7	82	0	38
 26382	48	41	61	4	7	83	0	38
 26428	48	41	61	4	7	84	0	38
 26473	47	41	61	4	7	84	0	38
 26518	48	41	61	4	7	85	0	38
 26564	48	41	61	4	7	86	0	38
 26609	48	41	61	4	7	87	0	38
 26654	48	41	61	4	7	87	0	38
 26700	48	41	61	4	7	88	0	38
 26745	48	41	61	4	7	89	0	38
 26794	48	41	61	4	7	90	0	38
 26836	48	41	60	4	7	91	0	38
 26881	48	41	61	4	7	91	0	38
 26926	48	41	60	4	7	92	0	38
 26972	48	41	60	4	7	93	0	38
 27017	48	41	61	12	7	94	0	38
 27062	48	41	61	12	7	94	0	38
 27108	48	41	61	12	7	95	0	38
 27153	48	41	61	12	7	96	0	38
 27199	48	41	61	12	7	97	0	38
 27244	48	41	61	12	7	97	0	38
 27289	48	41	61	12	7	98	0	38
 27335	48	41	61	12	7	99	0	38
 27380	48	41	61	12	7	100	0	38
 27425	48	41	61	12	7	100	0	38
 27471	48	41	61	12	7	101	0	38
 27516	48	41	61	12	7	102	0	38
 27561	48	41	61	12	7	103	0	38
 27607	49	41	61	12	7	103	0	38
 27652	49	41	61	12	7	104	0	38
 27697	49	41	61	12	7	105	0	38
 27743	49	42	60	12	7	106	0	38
 27788	49	41	61	12	7	106	0	38
 27833	49	41	61	12	7	107	0	38
 27879	49	41	61	12	7	108	0	38
 27924	49	42	61	12	7	109	0	38
 27970	49	41	61	12	7	109	0	38
 28015	49	41	61	12	7	110	0	38
 28060	49	41	61	12	7	111	0	38
 28106	49	41	61	12	7	112	0	38
 28151	49	41	61	12	7	112	0	38
 28196	49	41	61	12	7	113	0	38
 28242	49	41	61	12	7	114	0	38
 28332	49	41	61	12	7	115	0	38
 28378	49	41	61	12	7	116	0	38
 28423	49	41	61	12	7	117	0	38
 28468	49	41	61	12	7	118	0	38
 28514	49	41	61	12	7	118	0	38
 28559	49	41	61	12	7	119	0	38
 28605	49	41	61	12	7	120	0	38
 28650	49	41	61	12	7	121	0	38
 28695	48	41	60	12	7	121	0	38
 28741	49	41	60	12	7	122	0	38
 28786	49	41	61	12	7	123	0	38
 28831	49	41	60	4	8	64	0	38
 28922	49	41	61	4	8	65	0	38
 28967	49	41	60	4	8	66	0	38
 29013	48	41	60	4	8	67	0	38
 29058	49	41	60	4	8	68	0	38
 29103	49	41	60	4	8	68	0	38
 29149	49	41	61	4	8	69	0	38
 29194	49	41	60	4	8	70	0	38
 29239	48	41	61	4	8	71	0	38
 29285	48	41	61	4	8	71	0	38
 29330	48	41	61	4	8	72	0	38
 29375	48	41	60	4	8	73	0	38
 29421	48	41	61	4	8	74	0	38
 29466	48	41	61	4	8	74	0	38
 29512	48	42	60	4	8	75	0	38
 29557	48	41	61	4	8	76	0	38
 29602	48	41	61	4	8	77	0	38
 29648	48	41	61	4	8	77	0	38
 29693	48	41	61	4	8	78	0	38
 29738	48	41	61	4	8	79	0	38
 29784	48	41	61	4	8	80	0	38
 29829	48	41	61	4	8	80	0	38
 29874	48	41	61	4	8	81	0	38
 29920	48	42	61	4	8	82	0	38
 29965	48	41	61	4	8	83	0	38
 30010	48	41	61	4	8	83	0	38
 30056	48	41	61	4	8	84	0	38
 30101	48	41	60	4	8	85	0	38
 30146	48	41	60	4	8	86	0	38
 30192	48	41	61	4	8	86	0	38
 30237	48	42	61	4	8	87	0	38
 30282	48	41	61	4	8	88	0	38
 30328	48	41	61	4	8	89	0	38
 30373	48	41	61	4	8	89	0	38
 30419	48	41	61	4	8	90	0	38
 30464	48	42	61	4	8	91	0	38
 30509	48	41	61	4	8	92	0	38
 30555	48	42	61	4	8	92	0	38
 30600	49	41	61	4	8	93	0	38
 30645	49	42	61	12	8	94	0	38
 30691	49	41	61	12	8	95	0	38
 30736	49	41	61	12	8	96	0	38
 30782	49	41	61	12	8	96	0	38
 30827	48	41	61	12	8	97	0	38
 30872	49	41	61	12	8	98	0	38
 30917	49	41	61	12	8	99	0	38
 30963	49	42	61	12	8	99	0	38
 31008	48	42	61	12	8	100	0	38
 31053	48	41	61	12	8	101	0	38
 31099	49	41	62	12	8	102	0	38
 31144	49	41	61	12	8	102	0	38
 31190	49	42	61	12	8	103	0	38
 31235	49	41	61	12	8	104	0	38
 31280	49	42	61	12	8	105	0	38
 31371	48	42	60	12	8	106	0	38
 31416	48	42	61	12	8	107	0	38
 31462	48	41	60	12	8	108	0	38
 31507	49	41	61	12	8	108	0	38
 31552	48	41	61	12	8	109	0	38
 31598	49	41	61	12	8	110	0	38
 31643	48	41	61	12	8	111	0	38
 31689	48	41	61	12	8	112	0	38
 31734	48	41	61	12	8	112	0	38
 31779	48	42	61	12	8	113	0	38
 31824	48	41	61	12	8	114	0	38
 31870	48	42	61	12	8	115	0	38
 31915	48	41	61	12	8	115	0	38
 31961	48	41	61	12	8	116	0	38
 32006	48	41	61	12	8	117	0	38
 32051	48	42	61	12	8	118	0	38
 32097	48	42	61	12	8	118	0	38
 32142	48	42	61	12	8	119	0	38
 32187	48	41	61	12	8	120	0	38
 32233	48	42	61	12	8	121	0	38
 32278	48	42	61	12	8	121	0	38
 32323	48	42	61	12	8	122	0	38
 32369	48	41	61	12	8	123	0	38
 32414	48	42	61	4	9	64	0	38
 32459	48	41	61	4	9	64	0	38
 32505	48	42	61	4	9	65	0	38
 32550	48	41	61	4	9	66	0	38
 32595	48	41	61	4	9	67	0	38
 32641	48	41	61	4	9	67	0	38
 32686	48	41	61	4	9	68	0	38
 32732	48	41	61	4	9	69	0	38
 32777	48	42	61	4	9	70	0	38
 32822	48	41	61	4	9	70	0	38
 32868	48	41	61	4	9	71	0	38
 32913	48	41	61	4	9	72	0	38
 32958	48	42	61	4	9	73	0	38
 33004	48	42	61	4	9	73	0	38
 33049	48	42	61	4	9	74	0	38
 33094	48	41	61	4	9	75	0	38
 33140	48	41	61	4	9	76	0	38
 33185	48	42	61	4	9	76	0	38
 33230	48	42	61	4	9	77	0	38
 33321	48	41	61	4	9	79	0	38
 33366	48	42	61	4	9	79	0	38
 33457	48	41	61	4	9	81	0	38
 33507	48	42	61	4	9	82	0	38
 33548	48	42	61	4	9	83	0	38
 33593	48	42	61	4	9	83	0	38
 33639	48	42	61	4	9	84	0	38
 33684	48	41	61	4	9	85	0	38
 33729	48	42	61	4	9	86	0	38
 33775	48	41	61	4	9	86	0	38
 33820	48	42	61	4	9	87	0	38
 33865	48	42	61	4	9	88	0	38
 33911	48	41	61	4	9	89	0	38
 33956	48	41	61	4	9	89	0	38
 34001	48	42	61	4	9	90	0	38
 34047	48	42	61	4	9	91	0	38
 34092	48	41	61	4	9	92	0	38
 34137	48	42	61	4	9	92	0	38
 34183	48	41	61	4	9	93	0	38
 34228	48	41	61	12	9	94	0	38
 34274	48	41	61	12	9	95	0	38
 34319	48	42	61	12	9	95	0	38
 34364	48	41	61	12	9	96	0	38
 34410	48	41	61	12	9	97	0	38
 34455	48	41	61	12	9	98	0	38
 34500	48	41	61	12	9	98	0	38
 34546	48	41	61	12	9	99	0	38
 34591	48	41	61	12	9	100	0	38
 34639	48	41	61	12	9	101	0	38
 34682	48	41	61	12	9	101	0	38
 34730	48	41	61	12	9	102	0	38
 34772	48	42	61	12	9	103	0	38
 34818	48	41	61	12	9	104	0	38
 34863	48	41	61	12	9	104	0	38
 34908	48	41	61	12	9	105	0	38
 34954	48	42	61	12	9	106	0	38
 35009	48	41	61	12	9	107	0	38
 35045	48	41	61	12	9	107	0	38
 35090	48	41	61	12	9	108	0	38
 35135	48	41	61	12	9	109	0	38
 35226	48	42	61	12	9	110	0	38
 35271	48	41	61	12	9	111	0	38
 35317	48	41	61	12	9	112	0	38
 35362	48	42	61	12	9	113	0	38
 35407	48	41	61	12	9	113	0	38
 35453	48	41	61	12	9	114	0	38
 35498	48	41	61	12	9	115	0	38
 35589	48	41	61	12	9	117	0	38
 35634	48	41	61	12	9	117	0	38
 35679	48	41	61	12	9	118	0	38
 35725	48	41	61	12	9	119	0	38
 35771	48	41	61	12	9	120	0	38
 35816	48	41	61	12	9	120	0	38
 35861	48	41	61	12	9	121	0	38
 35906	48	41	61	12	9	122	0	38
 35952	48	41	61	12	9	123	0	38
 35997	48	41	61	12	9	123	0	38
 36042	48	41	61	4	10	64	0	38
 36088	48	41	61	4	10	65	0	38
 36133	48	41	61	4	10	66	0	38
 36178	48	41	62	4	10	66	0	38
 36224	48	41	61	4	10	67	0	38
 36269	48	41	61	4	10	68	0	38
 36314	48	41	61	4	10	69	0	38
 36360	48	41	61	4	10	69	0	38
 36405	48	41	61	4	10	70	0	38
 36450	48	41	61	4	10	71	0	38
 36496	48	41	61	4	10	72	0	38
 36541	48	41	61	4	10	72	0	38
 36586	48	41	61	4	10	73	0	38
 36632	48	41	62	4	10	74	0	38
 36678	48	41	61	4	10	75	0	38
 36723	48	41	61	4	10	75	0	38
 36768	48	41	61	4	10	76	0	38
 36813	48	41	61	4	10	77	0	38
 36859	48	41	61	4	10	78	0	38
 36904	48	41	62	4	10	78	0	38
 36949	48	41	61	4	10	79	0	38
 36995	48	41	62	4	10	80	0	38
 37040	48	41	61	4	10	81	0	38
 37085	48	41	61	4	10	81	0	38
 37131	48	41	61	4	10	82	0	38
 37176	48	41	61	4	10	83	0	38
 37222	48	41	61	4	10	84	0	38
 37267	48	41	61	4	10	84	0	38
 37312	48	41	61	4	10	85	0	38
 37357	48	41	61	4	10	86	0	38
 37448	48	41	61	4	10	87	0	38
 37493	48	41	61	4	10	88	0	38
 37584	48	41	61	4	10	90	0	38
 37630	48	41	61	4	10	91	0	38
 37675	48	41	61	4	10	91	0	38
 37720	48	41	61	4	10	92	0	38
 37766	48	41	61	4	10	93	0	38
 37811	48	41	61	12	10	94	0	38
 37856	48	42	62	12	10	94	0	38
 37902	48	41	61	12	10	95	0	38
 37948	48	41	61	12	10	96	0	38
 37992	48	41	61	12	10	97	0	38
 38038	48	41	62	12	10	97	0	38
 38083	48	41	61	12	10	98	0	38
 38128	47	41	61	12	10	99	0	38
 38174	48	41	61	12	10	100	0	38
 38220	47	41	61	12	10	100	0	38
 38264	48	41	61	12	10	101	0	38
 38310	48	41	61	12	10	102	0	38
 38401	47	41	61	12	10	103	0	38
 38446	48	41	61	12	10	104	0	38
 38491	48	41	61	12	10	105	0	38
 38537	48	41	61	12	10	106	0	38
 38582	48	41	61	12	10	106	0	38
 38627	48	41	61	12	10	107	0	38
 38673	48	41	61	12	10	108	0	38
 38718	48	41	61	12	10	109	0	38
 38763	48	41	61	12	10	109	0	38
 38809	47	41	61	12	10	110	0	38
 38854	48	41	61	12	10	111	0	38
 38899	47	41	61	12	10	112	0	38
 38945	48	41	61	12	10	112	0	38
 39035	47	41	61	12	10	114	0	38
 39081	48	41	61	12	10	115	0	38
 39126	47	41	62	12	10	115	0	38
 39171	48	41	61	12	10	116	0	38
 39217	47	41	61	12	10	117	0	38
 39262	47	41	62	12	10	118	0	38
 39308	47	41	61	12	10	118	0	38
 39353	47	41	61	12	10	119	0	38
 39398	47	41	61	12	10	120	0	38
 39489	47	41	61	12	10	121	0	38
 39534	48	41	61	12	10	122	0	38
 39580	48	41	62	12	10	123	0	38
 39625	47	41	61	36	11	64	0	38
 39670	47	41	61	36	11	65	0	38
 39716	47	41	61	36	11	65	0	38
 39761	47	41	61	36	11	66	0	38
 39852	47	41	61	36	11	68	0	38
 39897	47	41	62	36	11	68	0	38
 39942	47	41	61	36	11	69	0	38
 39988	47	41	61	36	11	70	0	38
 40033	47	41	61	36	11	71	0	38
 40078	47	41	61	36	11	71	0	38
 40124	47	41	61	36	11	72	0	38
 40169	47	41	61	36	11	73	0	38
 40219	47	41	61	36	11	74	0	38
 40260	47	41	61	36	11	74	0	38
 40305	47	41	61	36	11	75	0	38
 40351	47	41	61	36	11	76	0	38
 40396	47	41	61	36	11	77	0	38
 40443	47	41	62	36	11	77	0	38
 40487	47	41	61	36	11	78	0	38
 40532	47	41	62	36	11	79	0	38
 40577	47	41	61	36	11	80	0	38
 40623	47	41	61	36	11	80	0	38
 40668	47	41	62	36	11	81	0	38
 40713	47	41	61	36	11	82	0	38
 40759	47	41	61	36	11	83	0	38
 40804	47	41	61	36	11	83	0	38
 40849	47	41	62	36	11	84	0	38
 40895	47	41	61	36	11	85	0	38
 40940	47	41	62	36	11	86	0	38
 40986	47	41	61	36	11	86	0	38
 41031	47	41	61	36	11	87	0	38
 41076	47	41	62	36	11	88	0	38
 41122	47	41	62	36	11	89	0	38
 41168	47	41	62	36	11	89	0	38
 41212	47	41	62	36	11	90	0	38
 41273	47	41	62	36	11	91	0	38
 41303	47	41	62	36	11	92	0	38
 41349	47	41	62	36	11	92	0	38
 41394	47	41	62	36	11	93	0	38
 41439	47	41	61	44	11	94	0	38
 41484	47	41	62	44	11	95	0	38
 41530	47	41	62	44	11	96	0	38
 41575	47	41	62	44	11	96	0	38
 41620	47	41	62	44	11	97	0	38
 41666	47	41	62	44	11	98	0	38
 41711	47	41	62	44	11	99	0	38
 41757	47	41	62	44	11	99	0	38
 41847	47	41	62	44	11	101	0	38
 41938	47	41	62	44	11	102	0	38
 41983	47	41	62	40	11	103	0	38
 42029	47	41	62	40	11	104	0	38
 42078	47	41	62	40	11	105	0	38
 42119	48	41	62	40	11	105	0	38
 42165	51	41	62	40	11	106	0	38
 42210	56	41	62	40	11	107	0	38
 42255	59	41	62	40	11	108	0	38
 42301	61	41	62	40	11	108	0	38
 42346	62	41	62	44	11	109	0	38
 42391	60	41	62	44	11	110	0	38
 42482	53	41	62	44	11	111	0	38
 42527	52	41	62	44	11	112	0	38
 42573	51	41	62	44	11	113	0	38
 42621	50	41	62	44	11	114	0	38
 42664	50	41	62	44	11	114	0	38
 42710	49	41	62	44	11	115	0	38
 42754	50	41	62	44	11	116	0	38
 42800	49	41	62	44	11	117	0	38
 42848	49	41	62	44	11	117	0	38
 42890	49	41	62	44	11	118	0	38
 42936	49	41	62	44	11	119	0	38
 42981	49	41	62	44	11	120	0	38
 43026	49	41	62	44	11	120	0	38
 43076	49	41	62	44	11	121	0	38
 43117	49	41	62	44	11	122	0	38
 43162	49	41	62	44	11	123	0	38
 43209	49	41	62	44	11	123	0	38
 43253	49	41	63	36	12	64	0	38
 43298	49	41	62	36	12	65	0	38
 43344	48	41	62	36	12	66	0	38
 43389	48	41	62	36	12	66	0	38
 43435	48	41	62	36	12	67	0	38
 43525	48	41	62	36	12	69	0	38
 43571	48	41	62	36	12	70	0	38
 43616	48	41	62	36	12	70	0	38
 43661	48	41	62	36	12	71	0	38
 43707	48	41	62	36	12	72	0	38
 43752	48	41	62	36	12	73	0	38
 43797	48	41	62	36	12	73	0	38
 43843	48	42	62	36	12	74	0	38
 43888	48	41	62	36	12	75	0	38
 43933	48	42	62	36	12	76	0	38
 43979	48	41	62	36	12	76	0	38
 44024	48	41	62	36	12	77	0	38
 44069	48	41	62	36	12	78	0	38
 44115	48	42	62	36	12	79	0	38
 44160	48	41	62	36	12	79	0	38
 44206	49	41	62	36	12	80	0	38
 44251	49	41	62	36	12	81	0	38
 44296	49	41	62	36	12	82	0	38
 44342	49	41	63	36	12	82	0	38
 44387	49	42	62	36	12	83	0	38
 44432	49	41	62	36	12	84	0	38
 44478	49	42	62	36	12	85	0	38
 44523	49	42	63	36	12	85	0	38
 44568	49	41	62	36	12	86	0	38
 44614	49	42	62	36	12	87	0	38
 44660	49	42	62	36	12	88	0	38
 44705	49	42	62	36	12	88	0	38
 44750	49	42	62	36	12	89	0	38
 44795	50	42	62	36	12	90	0	38
 44840	50	42	62	36	12	91	0	38
 44886	50	42	62	36	12	91	0	38
 44931	50	42	62	36	12	92	0	38
 44976	50	42	63	36	12	93	0	38
 45022	49	42	62	44	12	94	0	38
 45067	50	42	62	44	12	94	0	38
 45113	50	42	62	44	12	95	0	38
 45158	50	42	62	44	12	96	0	38
 45203	50	42	62	44	12	97	0	38
 45249	50	42	63	44	12	97	0	38
 45294	50	42	62	44	12	98	0	38
 45339	50	42	63	44	12	99	0	38
 45385	50	42	62	44	12	100	0	38
 45430	50	42	62	44	12	100	0	38
 45475	50	42	62	44	12	101	0	38
 45521	50	42	63	44	12	102	0	38
 45566	50	42	62	44	12	103	0	38
 45611	50	42	63	44	12	104	0	38
 45657	50	42	63	44	12	104	0	38
 45702	50	42	63	44	12	105	0	38
 45747	50	42	63	44	12	106	0	38
 45793	50	42	63	44	12	107	0	38
 45838	50	42	62	44	12	107	0	38
 45884	50	42	63	44	12	108	0	38
 45929	50	42	63	44	12	109	0	38
 45974	50	42	63	44	12	110	0	38
 46020	50	42	63	44	12	110	0	38
 46065	49	42	63	44	12	111	0	38
 46110	50	42	63	44	12	112	0	38
 46156	50	42	63	44	12	113	0	38
 46201	50	42	63	44	12	113	0	38
 46246	49	42	63	44	12	114	0	38
 46292	50	42	63	44	12	115	0	38
 46337	49	42	63	44	12	116	0	38
 46428	49	42	63	44	12	117	0	38
 46473	49	42	63	44	12	118	0	38
 46518	49	42	63	44	12	119	0	38
 46564	49	42	63	44	12	119	0	38
 46609	49	42	63	44	12	120	0	38
 46654	49	42	63	44	12	121	0	38
 46700	49	42	63	44	12	122	0	38
 46745	49	42	63	44	12	122	0	38
 46791	49	42	63	44	12	123	0	38
 46836	49	42	63	36	13	64	0	38
 46881	49	42	63	36	13	65	0	38
 46927	49	42	63	36	13	65	0	38
 46972	49	42	63	36	13	66	0	38
 47017	49	42	63	36	13	67	0	38
 47063	49	42	63	36	13	68	0	38
 47108	49	42	63	36	13	68	0	38
 47153	49	42	63	36	13	69	0	38
 47199	49	42	63	36	13	70	0	38
 47244	49	42	63	36	13	71	0	38
 47289	49	42	63	36	13	71	0	38
 47335	49	42	63	36	13	72	0	38
 47381	49	42	63	36	13	73	0	38
 47425	49	42	63	36	13	74	0	38
 47471	49	42	63	36	13	74	0	38
 47516	49	42	63	36	13	75	0	38
 47562	49	42	63	36	13	76	0	38
 47607	49	42	63	36	13	77	0	38
 47652	49	42	63	36	13	78	0	38
 47698	49	42	63	36	13	78	0	38
 47747	49	42	63	36	13	79	0	38
 47789	49	42	63	36	13	80	0	38
 47834	49	42	63	36	13	81	0	38
 47879	49	42	63	36	13	81	0	38
 47924	49	42	63	36	13	82	0	38
 47970	49	42	63	36	13	83	0	38
 48015	49	42	63	36	13	84	0	38
 48060	49	42	63	36	13	84	0	38
 48106	49	42	63	36	13	85	0	38
 48151	49	42	63	36	13	86	0	38
 48197	49	42	63	36	13	87	0	38
 48242	49	42	63	36	13	87	0	38
 48287	49	42	63	36	13	88	0	38
 48332	49	42	63	36	13	89	0	38
 48378	49	42	63	36	13	90	0	38
 48423	49	42	63	36	13	90	0	38
 48469	49	42	63	36	13	91	0	38
 48514	49	42	63	36	13	92	0	38
 48559	49	42	63	36	13	93	0	38
 48605	49	42	63	36	13	93	0	38
 48650	49	42	63	44	13	94	0	38
 48695	49	42	63	44	13	95	0	38
 48741	49	42	63	44	13	96	0	38
 48790	49	42	63	44	13	96	0	38
 48831	49	42	63	44	13	97	0	38
 48877	49	42	63	44	13	98	0	38
 48922	49	42	63	44	13	99	0	38
 48969	49	42	64	44	13	99	0	38
 49013	49	42	63	44	13	100	0	38
 49058	49	42	63	44	13	101	0	38
 49103	49	42	63	44	13	102	0	38
 49149	49	42	63	44	13	102	0	38
 49194	49	42	63	44	13	103	0	38
 49285	49	42	63	44	13	105	0	38
 49330	49	42	63	44	13	105	0	38
 49376	49	42	63	44	13	106	0	38
 49421	49	42	63	44	13	107	0	38
 49466	49	42	63	44	13	108	0	38
 49512	49	42	63	44	13	108	0	38
 49557	49	42	64	44	13	109	0	38
 49602	49	42	63	44	13	110	0	38
 49648	49	42	63	44	13	111	0	38
 49693	49	42	64	44	13	112	0	38
 49738	49	42	63	44	13	112	0	38
 49784	49	42	64	44	13	113	0	38
 49829	49	42	64	44	13	114	0	38
 49874	49	42	64	44	13	115	0	38
 49920	49	42	64	44	13	115	0	38
 49969	49	42	64	44	13	116	0	38
 50011	49	42	64	44	13	117	0	38
 50056	49	42	64	44	13	118	0	38
 50147	49	42	64	44	13	119	0	38
 50192	49	42	64	44	13	120	0	38
 50237	49	42	64	44	13	121	0	38
 50283	49	42	64	44	13	121	0	38
 50328	49	42	64	44	13	122	0	38
 50373	49	42	64	44	13	123	0	38
 50419	49	42	64	36	14	64	0	38
 50464	49	42	64	36	14	64	0	38
 50509	49	42	64	36	14	65	0	38
 50555	49	42	64	36	14	66	0	38
 50600	49	42	64	36	14	67	0	38
 50645	49	42	64	36	14	67	0	38
 50691	49	42	64	36	14	68	0	38
 50736	49	42	64	36	14	69	0	38
 50781	49	42	64	36	14	70	0	38
 50827	49	42	64	36	14	70	0	38
 50872	49	42	64	36	14	71	0	38
 50921	49	42	64	36	14	72	0	38
 50963	49	42	64	36	14	73	0	38
 51013	49	42	64	36	14	73	0	38
 51054	49	42	64	36	14	74	0	38
 51099	49	42	64	36	14	75	0	38
 51144	49	42	64	36	14	76	0	38
 51190	49	42	64	36	14	76	0	38
 51235	49	42	64	36	14	77	0	38
 51280	49	42	64	36	14	78	0	38
 51329	49	42	64	36	14	79	0	38
 51371	49	42	64	36	14	79	0	38
 51416	49	42	64	36	14	80	0	38
 51462	49	42	64	36	14	81	0	38
 51507	49	42	64	36	14	82	0	38
 51598	48	42	64	36	14	83	0	38
 51643	49	42	64	36	14	84	0	38
 51688	49	42	64	36	14	85	0	38
 51734	49	42	64	36	14	86	0	38
 51779	49	42	64	36	14	86	0	38
 51825	49	42	64	36	14	87	0	38
 51870	49	42	64	36	14	88	0	38
 51915	49	42	64	36	14	89	0	38
 51961	49	42	64	36	14	89	0	38
 52006	49	42	64	36	14	90	0	38
 52051	49	42	64	36	14	91	0	38
 52097	49	42	65	36	14	92	0	38
 52142	49	42	64	36	14	92	0	38
 52187	49	42	64	36	14	93	0	38
 52233	49	42	64	44	14	94	0	38
 52278	49	42	64	44	14	95	0	38
 52323	49	42	65	44	14	95	0	38
 52369	49	42	64	44	14	96	0	38
 52414	49	42	64	44	14	97	0	38
 52463	49	42	64	44	14	98	0	38
 52505	49	42	64	44	14	98	0	38
 52550	49	42	64	44	14	99	0	38
 52596	49	42	64	44	14	100	0	38
 52641	49	42	64	44	14	101	0	38
 52686	49	42	64	44	14	101	0	38
 52732	48	42	65	44	14	102	0	38
 52822	49	42	64	44	14	104	0	38
 52868	49	42	64	44	14	104	0	38
 52913	49	42	64	44	14	105	0	38
 52958	49	42	64	44	14	106	0	38
 53004	48	42	64	44	14	107	0	38
 53049	49	42	65	44	14	107	0	38
 53094	49	42	64	44	14	108	0	38
 53140	49	42	64	44	14	109	0	38
 53185	48	42	65	44	14	110	0	38
 53230	48	42	64	44	14	110	0	38
 53276	48	42	65	44	14	111	0	38
 53321	48	42	65	44	14	112	0	38
 53367	48	42	64	44	14	113	0	38
 53412	48	42	64	44	14	113	0	38
 53457	48	42	64	44	14	114	0	38
 53503	48	42	64	44	14	115	0	38
 53548	48	42	65	44	14	116	0	38
 53594	48	42	64	44	14	117	0	38
 53639	48	42	65	44	14	117	0	38
 53684	48	42	64	44	14	118	0	38
 53729	49	42	65	44	14	119	0	38
 53775	48	42	64	44	14	120	0	38
 53820	48	42	64	44	14	120	0	38
 53865	48	42	65	44	14	121	0	38
 53911	48	42	64	44	14	122	0	38
 53956	48	42	65	44	14	123	0	38
 54002	48	42	65	44	14	123	0	38
 54047	48	42	65	36	15	64	0	38
 54092	48	42	65	36	15	65	0	38
 54138	49	42	65	36	15	66	0	38
 54183	48	42	65	36	15	66	0	38
 54228	48	42	65	36	15	67	0	38
 54274	48	42	65	36	15	68	0	38
 54319	48	42	65	36	15	69	0	38
 54364	48	42	65	36	15	69	0	38
 54410	48	42	65	36	15	70	0	38
 54459	48	42	65	36	15	71	0	38
 54500	48	42	65	36	15	72	0	38
 54549	48	42	65	36	15	72	0	38
 54591	48	42	65	36	15	73	0	38
 54636	48	42	65	36	15	74	0	38
 54685	48	42	65	36	15	75	0	38
 54727	48	42	65	36	15	75	0	38
 54773	48	42	65	36	15	76	0	38
 54818	48	42	65	36	15	77	0	38
 54863	48	42	65	36	15	78	0	38
 54909	48	42	65	36	15	78	0	38
 54954	48	42	65	36	15	79	0	38
 54999	48	42	65	36	15	80	0	38
 55045	48	42	65	36	15	81	0	38
 55090	48	42	65	36	15	81	0	38
 55135	48	42	65	36	15	82	0	38
 55181	48	42	65	36	15	83	0	38
 55230	48	42	65	36	15	84	0	38
 55271	48	42	65	36	15	84	0	38
 55317	48	42	65	36	15	85	0	38
 55362	48	42	65	36	15	86	0	38
 55407	48	42	65	36	15	87	0	38
 55453	48	42	65	36	15	87	0	38
 55498	48	42	65	36	15	88	0	38
 55544	48	42	65	36	15	89	0	38
 55589	48	42	65	36	15	90	0	38
 55634	48	42	65	36	15	91	0	38
 55680	48	42	65	36	15	91	0	38
 55725	48	42	65	36	15	92	0	38
 55770	48	42	65	36	15	93	0	38
 55816	48	42	65	44	15	94	0	38
 55861	48	42	65	44	15	94	0	38
 55906	48	42	65	44	15	95	0	38
 55952	48	42	65	44	15	96	0	38
 55997	48	42	65	44	15	97	0	38
 56042	48	42	65	44	15	97	0	38
 56088	48	42	65	44	15	98	0	38
 56133	48	42	65	44	15	99	0	38
 56179	48	42	65	44	15	100	0	38
 56224	48	42	65	44	15	100	0	38
 56269	48	42	65	44	15	101	0	38
 56360	48	42	66	44	15	103	0	38
 56451	48	42	66	44	15	104	0	38
 56496	48	42	65	44	15	105	0	38
 56541	48	42	66	44	15	106	0	38
 56588	48	42	65	44	15	106	0	38
 56632	48	42	65	44	15	107	0	38
 56677	48	42	66	44	15	108	0	38
 56723	48	42	66	44	15	109	0	38
 56768	48	42	66	44	15	109	0	38
 56813	48	42	66	44	15	110	0	38
 56815	48	42	66	44	15	110	0	38
 56859	48	42	66	44	15	111	0	38
 56904	48	42	66	44	15	112	0	38
 56949	48	42	67	44	15	112	0	38
 56995	48	42	66	44	15	113	0	38
 57044	48	42	66	44	15	114	0	38
 57131	48	42	65	44	15	115	0	38
 57176	48	42	66	44	15	116	0	38
 57221	48	42	66	44	15	117	0	38
 57312	48	42	66	44	15	118	0	38
 57357	48	42	66	44	15	119	0	38
 57403	48	42	66	44	15	120	0	38
 57448	48	42	66	44	15	121	0	38
 57494	48	42	66	44	15	121	0	38
 57539	48	42	66	44	15	122	0	38
 57585	48	42	66	44	15	123	0	38
 57675	48	42	66	36	16	65	0	38
 57720	48	42	66	36	16	65	0	38
 57766	48	42	66	36	16	66	0	38
 57856	48	42	66	36	16	68	0	38
 57902	48	42	66	36	16	68	0	38
 57947	48	41	66	36	16	69	0	38
 57992	48	42	66	36	16	70	0	38
 57993	48	42	66	36	16	70	0	38
 58041	48	42	66	36	16	71	0	38
 58083	48	42	66	36	16	71	0	38
 58083	48	42	66	36	16	71	0	38
 58132	48	42	66	36	16	72	0	38
 58177	47	42	66	36	16	73	0	38
 58219	48	42	66	36	16	74	0	38
 58264	48	42	66	36	16	74	0	38
 58310	48	42	66	36	16	75	0	38
 58355	48	42	66	36	16	76	0	39
 58401	48	42	66	36	16	77	0	38
 58449	48	42	66	36	16	77	0	39
 58491	48	42	66	36	16	78	0	38
 58582	48	42	66	36	16	80	0	39
 58627	48	42	66	36	16	80	0	39
 58673	48	42	66	36	16	81	0	39
 58718	48	42	66	36	16	82	0	39
 58763	48	42	66	36	16	83	0	39
 58809	48	42	66	36	16	83	0	39
 58854	47	42	66	36	16	84	0	39
 58899	48	42	66	36	16	85	0	39
 58945	48	42	66	36	16	86	0	39
 58990	48	42	66	36	16	86	0	39
 59035	48	42	66	36	16	87	0	39
 59081	48	42	66	36	16	88	0	39
 59126	48	42	66	36	16	89	0	39
 59171	48	42	66	36	16	89	0	39
 59221	48	42	66	36	16	90	0	39
 59262	48	42	66	36	16	91	0	39
 59312	48	42	66	36	16	92	0	39
 59353	48	42	66	36	16	92	0	39
 59398	48	42	66	36	16	93	0	39
 59444	47	42	66	44	16	94	0	39
 59489	48	42	66	44	16	95	0	39
 59534	48	42	66	44	16	96	0	39
 59580	48	42	66	44	16	96	0	39
 59625	47	42	66	44	16	97	0	39
 59670	48	42	66	44	16	98	0	39
 59716	48	42	66	44	16	99	0	39
 59761	48	42	66	44	16	99	0	39
 59806	47	42	66	40	16	100	0	39
 59852	47	42	66	40	16	101	0	39
 59897	49	42	66	40	16	102	0	39
 59988	56	42	66	40	16	103	0	39
 60033	59	42	66	40	16	104	0	39
 60079	61	42	66	40	16	105	0	39
 60124	63	42	66	44	16	105	0	39
 60169	59	42	66	44	16	106	0	39
 60215	56	42	66	44	16	107	0	39
 60260	53	42	66	44	16	108	0	39
 60305	52	42	66	44	16	108	0	39
 60351	51	42	66	44	16	109	0	39
 60396	51	42	66	44	16	110	0	39
 60441	50	42	66	44	16	111	0	39
 60487	50	42	66	44	16	111	0	39
 60532	50	42	66	44	16	112	0	39
 60577	50	42	66	44	16	113	0	39
 60668	50	42	66	44	16	114	0	39
 60717	50	42	66	44	16	115	0	39
 60759	50	42	66	44	16	116	0	39
 60854	50	42	66	44	16	117	0	39
 60895	49	42	66	44	16	118	0	39
 60940	49	42	66	44	16	119	0	39
 60985	49	42	66	44	16	120	0	39
 61031	49	42	66	44	16	120	0	39
 61076	49	42	66	44	16	121	0	39
 61122	49	42	66	44	16	122	0	39
 61167	49	42	66	44	16	123	0	39
 61212	49	42	66	44	16	123	0	39
 61258	49	42	66	36	17	64	0	39
 61303	49	42	66	36	17	65	0	39
 61348	49	42	66	36	17	66	0	39
 61394	48	42	66	36	17	66	0	39
 61439	48	42	66	36	17	67	0	39
 61484	48	42	66	36	17	68	0	39
 61530	48	42	66	36	17	69	0	39
 61575	49	42	66	36	17	70	0	39
 61620	49	42	66	36	17	70	0	39
 61666	48	42	66	36	17	71	0	39
 61712	49	42	66	36	17	72	0	39
 61756	49	42	66	36	17	73	0	39
 61802	49	42	66	36	17	73	0	39
 61847	49	42	66	36	17	74	0	39
 61893	49	42	67	36	17	75	0	39
 61938	49	42	66	36	17	76	0	39
 61983	49	42	66	36	17	76	0	39
 62029	49	42	66	36	17	77	0	39
 62074	49	42	66	36	17	78	0	39
 62119	49	42	66	36	17	79	0	39
 62165	49	42	66	36	17	79	0	39
 62210	49	42	66	36	17	80	0	39
 62301	49	42	66	36	17	82	0	39
 62346	50	42	66	36	17	82	0	39
 62391	50	42	66	36	17	83	0	39
 62437	50	42	66	36	17	84	0	39
 62482	50	42	67	36	17	85	0	39
 62527	50	42	66	36	17	85	0	39
 62573	50	42	66	36	17	86	0	39
 62618	50	42	66	36	17	87	0	39
 62664	50	42	66	36	17	88	0	39
 62709	50	42	66	36	17	88	0	39
 62754	50	42	67	36	17	89	0	39
 62800	50	42	66	36	17	90	0	39
 62845	50	42	66	36	17	91	0	39
 62890	50	42	66	36	17	91	0	39
 62936	50	42	66	36	17	92	0	39
 62981	50	42	66	36	17	93	0	39
 63026	50	42	66	44	17	94	0	39
 63072	50	42	66	44	17	94	0	39
 63162	50	42	66	44	17	96	0	39
 63208	50	42	66	44	17	97	0	39
 63253	50	42	66	44	17	97	0	39
 63299	50	42	66	44	17	98	0	39
 63344	50	42	66	44	17	99	0	39
 63389	50	42	66	44	17	100	0	39
 63435	50	42	66	44	17	100	0	39
 63480	50	42	66	44	17	101	0	39
 63525	50	42	66	44	17	102	0	39
 63571	50	42	66	44	17	103	0	39
 63616	50	43	66	44	17	104	0	39
 63661	50	42	66	44	17	104	0	39
 63707	50	42	66	44	17	105	0	39
 63752	50	42	66	44	17	106	0	39
 63797	50	43	66	44	17	107	0	39
 63843	50	42	66	44	17	107	0	39
 63889	50	42	66	44	17	108	0	39
 63933	50	42	66	44	17	109	0	39
 63979	50	42	66	44	17	110	0	39
 64069	50	42	66	44	17	111	0	39
 64115	50	43	66	44	17	112	0	39
 64160	50	42	66	44	17	113	0	39
 64205	50	43	66	44	17	113	0	39
 64251	50	43	66	44	17	114	0	39
 64296	50	42	66	44	17	115	0	39
 64352	50	43	66	44	17	116	0	39
 64478	49	43	66	44	17	118	0	39
 64523	50	42	66	44	17	119	0	39
 64568	50	43	66	44	17	119	0	39
 64614	50	43	66	44	17	120	0	39
 64659	50	42	66	44	17	121	0	39
 64704	50	43	66	44	17	122	0	39
 64750	50	42	66	44	17	122	0	39
 64795	50	43	66	44	17	123	0	39
 64841	49	42	66	36	18	64	0	39
 64931	50	42	66	36	18	65	0	39
 64976	49	43	66	36	18	66	0	39
 65022	50	43	66	36	18	67	0	39
 65113	50	43	66	36	18	68	0	39
 65158	49	42	66	36	18	69	0	39
 65203	50	42	66	36	18	70	0	39
 65249	50	43	66	36	18	71	0	39
 65294	49	43	66	36	18	71	0	39
 65339	50	43	66	36	18	72	0	39
 65385	50	43	66	36	18	73	0	39
 65430	49	43	66	36	18	74	0	39
 65475	49	43	66	36	18	74	0	39
 65521	50	42	66	36	18	75	0	39
 65566	49	43	66	36	18	76	0	39
 65611	50	43	66	36	18	77	0	39
 65657	50	43	66	36	18	78	0	39
 65702	50	43	66	36	18	78	0	39
 65747	50	42	66	36	18	79	0	39
 65793	50	43	65	36	18	80	0	39
 65838	49	42	66	36	18	81	0	39
 65884	50	43	66	36	18	81	0	39
 65929	50	43	66	36	18	82	0	39
 65974	49	42	66	36	18	83	0	39
 66020	49	42	65	36	18	84	0	39
 66065	50	42	66	36	18	84	0	39
 66110	50	42	66	36	18	85	0	39
 66156	49	43	66	36	18	86	0	39
 66201	49	42	66	36	18	87	0	39
 66246	49	43	66	36	18	87	0	39
 66292	49	43	65	36	18	88	0	39
 66337	49	43	66	36	18	89	0	39
 66382	49	43	65	36	18	90	0	39
 66428	50	42	66	36	18	90	0	39
 66473	50	42	65	36	18	91	0	39
 66518	49	42	66	36	18	92	0	39
 66564	50	42	65	36	18	93	0	39
 66654	49	42	66	44	18	94	0	39
 66700	50	42	65	44	18	95	0	39
 66745	49	42	66	44	18	96	0	39
 66790	49	42	66	44	18	97	0	39
 66836	49	42	65	44	18	97	0	39
 66881	49	43	65	44	18	98	0	39
 66927	49	42	65	44	18	99	0	39
 66972	49	43	65	44	18	100	0	39
 67017	50	42	66	44	18	100	0	39
 67063	49	42	65	44	18	101	0	39
 67108	49	42	65	44	18	102	0	39
 67153	49	43	65	44	18	103	0	39
 67199	49	42	65	44	18	103	0	39
 67289	49	43	66	44	18	105	0	39
 67336	49	42	65	44	18	106	0	39
 67380	49	42	65	44	18	106	0	39
 67425	49	43	66	44	18	107	0	39
 67471	49	42	65	44	18	108	0	39
 67516	49	42	65	44	18	109	0	39
 67561	49	43	65	44	18	109	0	39
 67607	49	42	65	44	18	110	0	39
 67652	49	42	65	44	18	111	0	39
 67697	49	42	66	44	18	112	0	39
 67743	49	43	65	44	18	112	0	39
 67788	49	43	65	44	18	113	0	39
 67834	49	42	65	44	18	114	0	39
 67879	49	42	65	44	18	115	0	39
 67924	49	42	65	44	18	115	0	39
 67970	49	42	65	44	18	116	0	39
 68060	49	43	65	44	18	118	0	39
 68106	49	42	65	44	18	118	0	39
 68151	49	42	65	44	18	119	0	39
 68197	49	42	65	44	18	120	0	39
 68243	49	42	65	44	18	121	0	39
 68287	49	42	65	44	18	121	0	39
 68332	49	42	65	44	18	122	0	39
 68378	49	42	65	44	18	123	0	39
 68423	49	42	65	4	19	64	0	39
 68469	49	43	65	4	19	65	0	39
 68514	49	43	65	4	19	65	0	39
 68605	49	43	65	4	19	67	0	39
 68650	49	42	65	4	19	68	0	39
 68695	49	42	65	4	19	68	0	39
 68741	49	42	65	4	19	69	0	39
 68786	49	42	65	4	19	70	0	39
 68831	49	42	65	4	19	71	0	39
 68877	49	42	65	4	19	71	0	39
 68922	49	42	65	4	19	72	0	39
 68971	49	42	65	4	19	73	0	39
 69013	49	42	65	4	19	74	0	39
 69058	49	42	65	4	19	74	0	39
 69103	49	42	65	4	19	75	0	39
 69149	49	42	65	4	19	76	0	39
 69194	49	42	65	4	19	77	0	39
 69244	49	42	65	4	19	77	0	39
 69285	49	42	65	4	19	78	0	39
 69330	49	42	65	4	19	79	0	39
 69376	49	42	65	4	19	80	0	39
 69421	49	42	65	4	19	80	0	39
 69466	49	42	65	4	19	81	0	39
 69512	49	42	65	4	19	82	0	39
 69558	49	42	65	4	19	83	0	39
 69602	49	42	65	4	19	83	0	39
 69648	49	42	65	4	19	84	0	39
 69693	49	42	65	4	19	85	0	39
 69739	49	42	65	4	19	86	0	39
 69784	49	42	65	4	19	86	0	39
 69829	49	43	65	4	19	87	0	39
 69875	49	42	65	4	19	88	0	39
 69920	49	42	65	4	19	89	0	39
 69965	49	42	65	4	19	89	0	39
 70011	49	42	65	4	19	90	0	39
 70056	49	42	65	4	19	91	0	39
 70101	49	42	65	4	19	92	0	39
 70147	49	42	65	4	19	92	0	39
 70192	49	42	65	4	19	93	0	39
 70237	49	42	65	12	19	94	0	39
 70283	49	42	64	12	19	95	0	39
 70328	49	42	65	12	19	96	0	39
 70373	49	42	65	12	19	96	0	39
 70419	49	42	65	12	19	97	0	39
 70464	49	42	65	12	19	98	0	39
 70510	49	42	65	12	19	99	0	39
 70555	49	42	65	12	19	99	0	39
 70600	49	42	65	12	19	100	0	39
 70646	49	42	65	12	19	101	0	39
 70691	49	42	65	12	19	102	0	39
 70736	49	42	64	12	19	102	0	39
 70782	49	42	64	12	19	103	0	39
 70827	49	42	64	12	19	104	0	39
 70872	49	42	64	12	19	105	0	39
 70918	49	42	65	12	19	105	0	39
 70963	49	42	64	12	19	106	0	39
 71008	49	42	64	12	19	107	0	39
 71054	49	42	64	12	19	108	0	39
 71099	49	42	65	12	19	108	0	39
 71144	49	42	64	12	19	109	0	39
 71190	49	42	65	12	19	110	0	39
 71236	49	42	64	12	19	111	0	39
 71281	49	42	64	12	19	111	0	39
 71326	49	42	64	12	19	112	0	39
 71372	49	42	65	12	19	113	0	39
 71417	49	42	64	12	19	114	0	39
 71462	49	42	64	12	19	114	0	39
 71508	49	42	65	12	19	115	0	39
 71598	48	42	64	12	19	117	0	39
 71644	49	42	65	12	19	117	0	39
 71689	49	42	64	12	19	118	0	39
 71735	48	42	64	12	19	119	0	39
 71780	49	42	64	12	19	120	0	39
 71826	49	42	64	12	19	120	0	39
 71870	49	42	64	12	19	121	0	39
 71915	48	42	64	12	19	122	0	39
 71961	49	42	64	12	19	123	0	39
 72006	49	42	64	12	19	123	0	39
 72052	48	42	64	4	20	64	0	39
 72097	48	42	64	4	20	65	0	39
 72142	49	42	64	4	20	66	0	39
 72188	49	42	64	4	20	66	0	39
 72233	48	42	64	4	20	67	0	39
 72278	48	42	64	4	20	68	0	39
 72324	48	42	64	4	20	69	0	39
 72369	49	42	64	4	20	70	0	39
 72414	48	42	64	4	20	70	0	39
 72505	48	42	64	4	20	72	0	39
 72596	48	42	64	4	20	73	0	39
 72641	48	42	64	4	20	74	0	39
 72732	48	42	64	4	20	76	0	38
 72778	48	42	64	4	20	76	0	39
 72823	48	42	64	4	20	77	0	39
 72868	48	42	64	4	20	78	0	39
 72914	48	42	64	4	20	79	0	39
 72959	48	42	64	4	20	79	0	39
 73004	48	42	64	4	20	80	0	39
 73095	48	42	64	4	20	82	0	39
 73140	48	42	64	4	20	82	0	39
 73185	48	42	64	4	20	83	0	39
 73231	48	42	64	4	20	84	0	39
 73276	48	42	64	4	20	85	0	39
 73322	48	42	64	4	20	85	0	39
 73367	48	42	64	4	20	86	0	39
 73412	48	42	64	4	20	87	0	39
 73457	48	42	64	4	20	88	0	39
 73503	48	42	64	4	20	88	0	38
 73551	48	42	64	4	20	89	0	39
 73594	48	42	64	4	20	90	0	39
 73684	48	42	64	4	20	91	0	38
 73730	48	42	64	4	20	92	0	39
 73775	48	42	64	4	20	93	0	38
 73820	48	42	64	12	20	94	0	38
 73866	48	42	63	12	20	94	0	38
 73911	48	42	64	12	20	95	0	38
 74002	48	42	63	12	20	97	0	38
 74047	48	42	64	12	20	97	0	38
 74093	48	42	64	12	20	98	0	38
 74138	48	42	64	12	20	99	0	38
 74183	48	42	64	12	20	100	0	38
 74229	48	42	64	12	20	100	0	38
 74274	48	42	64	12	20	101	0	38
 74319	48	42	64	12	20	102	0	38
 74364	48	42	63	12	20	103	0	38
 74414	48	42	64	12	20	104	0	38
 74455	48	42	64	12	20	104	0	38
 74546	48	42	63	12	20	106	0	38
 74591	48	42	64	12	20	107	0	38
 74637	48	42	64	12	20	107	0	38
 74727	48	42	64	12	20	109	0	38
 74773	48	42	63	12	20	110	0	38
 74818	47	42	64	12	20	110	0	38
 74863	48	42	64	12	20	111	0	38
 74909	48	42	64	12	20	112	0	38
 74909	48	42	64	12	20	112	0	38
 74954	48	42	63	12	20	113	0	38
 74999	48	42	63	12	20	113	0	38
 75045	48	42	63	12	20	114	0	38
 75090	48	42	63	12	20	115	0	38
 75136	48	42	63	12	20	116	0	38
 75181	48	42	64	12	20	116	0	38
 75226	48	42	63	12	20	117	0	38
 75272	48	42	63	12	20	118	0	38
 75317	48	42	63	12	20	119	0	38
 75330	48	42	63	12	20	119	0	38
 75362	48	42	63	12	20	119	0	38
 75453	48	42	63	12	20	121	0	38
 75498	48	42	63	12	20	122	0	38
 75544	48	42	63	12	20	122	0	38
 75589	48	42	63	12	20	123	0	38
 75634	48	42	63	4	21	64	0	38
 75680	48	42	63	4	21	65	0	38
 75725	48	42	63	4	21	65	0	38
 75771	48	42	63	4	21	66	0	38
 75816	48	42	63	4	21	67	0	38
 75861	48	42	63	4	21	68	0	38
 75907	48	42	63	4	21	68	0	38
 75952	48	42	63	4	21	69	0	38
 75998	48	42	63	4	21	70	0	38
 76043	48	42	63	4	21	71	0	38
 76088	48	41	63	4	21	71	0	38
 76133	48	42	63	4	21	72	0	38
 76179	47	42	63	4	21	73	0	38
 76224	47	42	63	4	21	74	0	38
 76269	47	42	63	4	21	74	0	38
 76315	47	42	63	4	21	75	0	38
 76360	47	42	63	4	21	76	0	38
 76405	47	42	63	4	21	77	0	38
 76451	47	41	63	4	21	78	0	38
 76496	47	42	63	4	21	78	0	38
 76541	47	42	63	4	21	79	0	38
 76587	47	41	63	4	21	80	0	38
 76632	47	42	63	4	21	81	0	38
 76723	47	42	63	4	21	82	0	38
 76813	47	42	63	4	21	84	0	38
 76859	47	42	63	4	21	84	0	38
 76904	47	42	63	4	21	85	0	38
 76949	47	42	63	4	21	86	0	38
 76995	47	42	63	4	21	87	0	38
 77040	47	42	63	4	21	87	0	38
 77086	47	42	63	4	21	88	0	38
 77131	47	42	63	4	21	89	0	38
 77176	47	42	63	4	21	90	0	38
 77225	47	42	63	4	21	90	0	38
 77267	47	42	63	4	21	91	0	38
 77312	47	42	63	4	21	92	0	38
 77358	46	42	63	4	21	93	0	38
 77404	47	42	62	4	21	93	0	38
 77448	47	42	62	12	21	94	0	38
 77494	47	42	63	12	21	95	0	38
 77539	46	42	62	12	21	96	0	38
 77584	47	41	62	12	21	96	0	38
 77630	46	42	62	8	21	97	0	38
 77675	46	42	62	8	21	98	0	38
 77720	47	42	63	8	21	99	0	38
 77811	53	42	63	8	21	100	0	38
 77902	58	42	62	8	21	102	0	38
 77947	60	42	62	12	21	102	0	38
 77992	59	41	63	12	21	103	0	38
 78038	55	42	62	12	21	104	0	38
 78083	53	42	62	12	21	105	0	38
 78128	51	42	62	12	21	105	0	38
 78174	50	41	62	12	21	106	0	38
 78219	49	41	62	12	21	107	0	38
 78265	49	41	63	12	21	108	0	38
 78310	49	41	63	12	21	108	0	38
 78355	49	41	62	12	21	109	0	38
 78401	49	41	62	12	21	110	0	38
 78446	48	41	62	12	21	111	0	38
 78491	48	41	62	12	21	112	0	38
 78537	48	41	62	12	21	112	0	38
 78582	48	41	62	12	21	113	0	38
 78627	48	41	62	12	21	114	0	38
 78673	48	41	62	12	21	115	0	38
 78718	48	41	63	12	21	115	0	38
 78763	48	41	62	12	21	116	0	38
 78809	47	41	62	12	21	117	0	38
 78854	47	41	62	12	21	118	0	38
 78899	47	41	62	12	21	118	0	38
 78945	47	41	62	12	21	119	0	38
 78991	47	41	62	12	21	120	0	38
 79036	47	41	62	12	21	121	0	38
 79081	47	41	62	12	21	121	0	38
 79126	47	41	62	12	21	122	0	38
 79217	47	41	62	4	22	64	0	38
 79262	47	41	62	4	22	64	0	38
 79308	47	41	62	4	22	65	0	38
 79353	47	41	62	4	22	66	0	38
 79398	47	41	62	4	22	67	0	38
 79444	47	41	62	4	22	67	0	38
 79489	47	41	62	4	22	68	0	38
 79534	47	41	62	4	22	69	0	38
 79580	47	41	62	4	22	70	0	38
 79670	48	41	62	4	22	71	0	38
 79716	48	41	62	4	22	72	0	38
 79761	48	41	62	4	22	73	0	38
 79806	48	41	62	4	22	73	0	38
 79852	48	41	62	4	22	74	0	38
 79897	48	41	62	4	22	75	0	38
 79942	48	41	62	4	22	76	0	38
 79989	48	41	62	4	22	76	0	38
 80033	48	41	62	4	22	77	0	38
 80078	48	41	62	4	22	78	0	38
 80124	48	41	62	4	22	79	0	38
 80169	48	41	62	4	22	79	0	38
 80215	48	41	62	4	22	80	0	38
 80260	48	41	62	4	22	81	0	38
 80305	48	41	62	4	22	82	0	38
 80350	48	42	62	4	22	83	0	38
 80396	48	41	62	4	22	83	0	38
 80441	48	41	62	4	22	84	0	38
 80487	48	41	62	4	22	85	0	38
 80532	48	42	62	4	22	86	0	38
 80577	48	41	62	4	22	86	0	38
 80623	48	41	62	4	22	87	0	38
 80668	48	41	62	4	22	88	0	38
 80713	48	41	62	4	22	89	0	38
 80759	48	42	62	4	22	89	0	38
 80804	48	42	62	4	22	90	0	38
 80849	48	42	62	4	22	91	0	38
 80895	48	41	62	4	22	92	0	38
 80940	48	42	63	4	22	92	0	38
 80985	48	42	62	4	22	93	0	38
 81031	48	41	62	12	22	94	0	38
 81076	48	42	62	12	22	95	0	38
 81121	48	41	62	12	22	95	0	38
 81167	48	41	62	12	22	96	0	38
 81212	48	42	61	12	22	97	0	38
 81258	48	42	62	12	22	98	0	38
 81303	48	41	62	12	22	98	0	38
 81348	48	42	61	12	22	99	0	38
 81394	48	41	62	12	22	100	0	38
