HomeCentral
 Falkenstrasse 20
 8630 Rueti
 Datum: 18.07.14 00:00
 
 Startzeit: 2014-07-18 00:00:13 +0100
 104	36	36	72	4	0	65	0	48
 149	36	36	73	4	0	66	0	48
 194	36	36	73	4	0	66	0	48
 240	36	36	73	4	0	67	0	48
 285	36	36	73	4	0	68	0	48
 330	36	36	74	4	0	69	0	48
 376	36	36	73	4	0	70	0	48
 421	36	36	73	4	0	70	0	48
 466	36	36	73	4	0	71	0	48
 512	36	36	73	4	0	72	0	48
 557	36	36	73	4	0	73	0	48
 602	36	36	73	4	0	73	0	48
 648	36	36	73	4	0	74	0	48
 693	36	36	73	4	0	75	0	48
 738	36	36	73	4	0	76	0	48
 784	36	36	73	4	0	76	0	48
 829	36	36	73	4	0	77	0	47
 875	36	36	73	4	0	78	0	47
 920	36	36	73	4	0	79	0	47
 965	36	36	74	4	0	79	0	48
 1011	36	36	73	4	0	80	0	48
 1056	36	36	73	4	0	81	0	47
 1101	36	36	73	4	0	82	0	48
 1147	36	36	73	4	0	82	0	48
 1192	36	36	73	4	0	83	0	47
 1237	36	36	73	4	0	84	0	48
 1283	36	36	73	4	0	85	0	47
 1328	36	36	73	4	0	85	0	47
 1373	36	36	73	4	0	86	0	47
 1419	36	36	73	4	0	87	0	47
 1464	36	36	73	4	0	88	0	47
 1509	36	36	73	4	0	88	0	47
 1555	36	36	73	4	0	89	0	47
 1600	36	36	73	4	0	90	0	47
 1645	36	36	73	4	0	91	0	47
 1691	36	36	73	4	0	91	0	47
 1736	36	36	72	4	0	92	0	47
 1782	36	36	73	4	0	93	0	47
 1827	36	36	73	12	0	94	0	48
 1872	36	36	73	12	0	94	0	47
 1918	36	36	72	12	0	95	0	47
 1963	36	36	72	12	0	96	0	47
 2008	36	36	73	12	0	97	0	47
 2054	36	36	72	12	0	98	0	47
 2099	36	36	73	12	0	98	0	47
 2144	36	36	72	12	0	99	0	47
 2190	36	36	72	12	0	100	0	47
 2235	36	36	72	12	0	101	0	47
 2280	36	36	72	12	0	101	0	47
 2326	36	36	72	12	0	102	0	47
 2371	36	36	73	12	0	103	0	47
 2416	36	36	72	12	0	104	0	47
 2462	36	36	73	12	0	104	0	47
 2507	36	36	73	12	0	105	0	47
 2552	36	36	72	12	0	106	0	47
 2598	36	36	73	12	0	107	0	47
 2643	36	36	73	12	0	107	0	47
 2689	36	36	72	12	0	108	0	47
 2734	36	36	72	12	0	109	0	47
 2779	36	36	72	12	0	110	0	47
 2825	36	36	72	12	0	110	0	47
 2870	36	36	72	12	0	111	0	47
 2915	36	36	72	12	0	112	0	47
 2961	36	36	72	12	0	113	0	47
 3006	36	36	72	12	0	113	0	47
 3051	36	36	72	12	0	114	0	47
 3097	36	36	73	12	0	115	0	47
 3142	36	36	72	12	0	116	0	47
 3187	36	36	72	12	0	117	0	47
 3233	36	36	72	12	0	117	0	47
 3278	36	36	72	12	0	118	0	47
 3323	36	36	72	12	0	119	0	47
 3369	36	36	72	12	0	120	0	47
 3414	36	36	72	12	0	120	0	47
 3459	36	36	72	12	0	121	0	47
 3505	36	36	72	12	0	122	0	47
 3550	36	36	72	12	0	123	0	47
 3596	36	36	72	12	0	123	0	47
 3641	36	36	72	4	1	64	0	47
 3686	36	36	72	4	1	65	0	47
 3732	36	36	72	4	1	66	0	47
 3777	36	36	72	4	1	66	0	47
 3822	36	36	72	4	1	67	0	47
 3868	36	36	72	4	1	68	0	47
 3913	36	36	72	4	1	69	0	47
 3958	36	36	72	4	1	69	0	47
 4004	36	36	72	4	1	70	0	47
 4049	36	36	72	4	1	71	0	47
 4094	36	35	72	4	1	72	0	47
 4140	36	36	71	4	1	72	0	47
 4185	36	36	71	4	1	73	0	47
 4230	36	36	71	4	1	74	0	47
 4276	36	36	72	4	1	75	0	47
 4321	36	36	72	4	1	75	0	47
 4366	36	36	72	4	1	76	0	47
 4412	36	36	72	4	1	77	0	47
 4457	36	36	72	4	1	78	0	47
 4503	36	36	72	4	1	78	0	47
 4548	36	36	72	4	1	79	0	47
 4593	36	36	72	4	1	80	0	47
 4639	36	36	72	4	1	81	0	47
 4684	36	36	71	4	1	81	0	47
 4729	36	36	71	4	1	82	0	47
 4775	36	36	71	4	1	83	0	47
 4820	36	36	71	4	1	84	0	47
 4865	36	36	71	4	1	84	0	47
 4911	36	36	71	4	1	85	0	47
 4956	36	36	71	4	1	86	0	47
 5001	36	36	71	4	1	87	0	47
 5047	36	36	71	4	1	87	0	47
 5092	36	36	71	4	1	88	0	47
 5137	36	36	71	4	1	89	0	47
 5183	36	36	71	4	1	90	0	47
 5228	36	36	71	4	1	91	0	47
 5273	36	36	71	4	1	91	0	47
 5319	36	36	71	4	1	92	0	47
 5364	36	36	72	4	1	93	0	47
 5409	36	36	71	12	1	94	0	47
 5455	36	36	71	12	1	94	0	47
 5500	36	36	72	12	1	95	0	47
 5546	36	36	72	12	1	96	0	47
 5591	36	36	72	12	1	97	0	47
 5636	36	36	72	12	1	97	0	47
 5682	36	36	72	12	1	98	0	47
 5727	36	36	71	12	1	99	0	47
 5772	36	36	71	12	1	100	0	47
 5818	36	36	71	12	1	100	0	47
 5863	36	36	71	12	1	101	0	47
 5908	36	36	71	12	1	102	0	47
 5954	36	36	71	12	1	103	0	47
 5999	36	36	71	12	1	103	0	47
 6044	36	36	71	12	1	104	0	47
 6090	36	36	71	12	1	105	0	47
 6135	36	36	71	12	1	106	0	47
 6180	36	36	71	12	1	106	0	47
 6226	36	36	71	12	1	107	0	47
 6271	36	36	71	12	1	108	0	47
 6316	36	36	71	12	1	109	0	47
 6362	36	36	71	12	1	109	0	47
 6407	36	36	71	12	1	110	0	47
 6453	36	36	71	12	1	111	0	47
 6498	36	36	71	12	1	112	0	47
 6543	36	36	71	12	1	112	0	47
 6589	36	36	71	12	1	113	0	47
 6634	36	36	71	12	1	114	0	47
 6679	36	36	71	12	1	115	0	47
 6725	36	36	71	12	1	115	0	47
 6770	36	36	70	12	1	116	0	47
 6815	36	36	71	12	1	117	0	47
 6861	36	36	70	12	1	118	0	47
 6906	36	36	70	12	1	118	0	47
 6951	36	36	70	12	1	119	0	47
 6997	36	36	70	12	1	120	0	47
 7042	36	36	70	12	1	121	0	47
 7087	36	36	70	12	1	121	0	47
 7133	36	36	70	12	1	122	0	47
 7178	36	36	70	12	1	123	0	47
 7223	36	36	71	4	2	64	0	47
 7269	36	36	70	4	2	65	0	47
 7314	36	36	71	4	2	65	0	47
 7360	36	36	71	4	2	66	0	47
 7405	36	36	70	4	2	67	0	47
 7450	36	36	70	4	2	68	0	47
 7496	36	36	70	4	2	68	0	47
 7541	36	36	71	4	2	69	0	47
 7586	36	36	70	4	2	70	0	47
 7632	36	36	70	4	2	71	0	47
 7677	36	36	70	4	2	71	0	47
 7723	36	36	70	4	2	72	0	47
 7768	36	36	70	4	2	73	0	47
 7813	36	36	71	4	2	74	0	47
 7858	36	36	70	4	2	74	0	47
 7904	36	36	70	4	2	75	0	47
 7949	36	36	70	4	2	76	0	47
 7994	36	36	70	4	2	77	0	47
 8040	36	36	70	4	2	77	0	47
 8085	36	36	70	4	2	78	0	47
 8130	36	36	70	4	2	79	0	47
 8176	36	36	70	4	2	80	0	47
 8221	36	36	70	4	2	80	0	47
 8267	36	36	70	4	2	81	0	47
 8312	36	36	70	4	2	82	0	47
 8357	36	36	70	4	2	83	0	47
 8403	36	36	70	4	2	83	0	47
 8448	36	36	70	4	2	84	0	47
 8493	36	36	70	4	2	85	0	47
 8539	36	36	70	4	2	86	0	47
 8584	36	36	70	4	2	86	0	47
 8629	36	36	70	4	2	87	0	47
 8675	36	36	70	4	2	88	0	47
 8720	36	36	70	4	2	89	0	47
 8765	36	36	70	4	2	89	0	47
 8811	36	36	71	4	2	90	0	47
 8856	36	36	70	4	2	91	0	47
 8901	36	36	70	4	2	92	0	47
 8947	36	36	70	4	2	92	0	47
 8992	36	36	70	4	2	93	0	47
 9037	36	36	70	12	2	94	0	47
 9083	36	36	70	12	2	95	0	47
 9128	36	36	70	12	2	96	0	47
 9174	36	36	70	12	2	96	0	47
 9219	36	35	70	12	2	97	0	47
 9264	36	36	70	12	2	98	0	47
 9310	36	36	70	12	2	99	0	47
 9355	36	36	70	12	2	99	0	47
 9400	36	36	70	12	2	100	0	47
 9446	36	36	70	12	2	101	0	47
 9491	36	36	70	12	2	102	0	47
 9536	36	36	70	12	2	102	0	47
 9582	36	36	70	12	2	103	0	47
 9627	36	36	70	12	2	104	0	47
 9672	36	36	69	12	2	105	0	47
 9718	36	36	70	12	2	105	0	47
 9763	36	36	69	12	2	106	0	47
 9808	36	36	69	12	2	107	0	47
 9854	36	36	69	12	2	108	0	47
 9899	36	36	69	12	2	108	0	47
 9944	36	36	70	12	2	109	0	47
 9990	36	36	69	12	2	110	0	47
 10035	36	36	69	12	2	111	0	47
 10081	36	36	69	12	2	111	0	47
 10126	36	36	69	12	2	112	0	47
 10171	36	36	69	12	2	113	0	47
 10217	36	36	69	12	2	114	0	47
 10262	36	36	69	12	2	114	0	47
 10307	36	36	69	12	2	115	0	47
 10353	36	36	69	12	2	116	0	47
 10398	36	36	69	12	2	117	0	47
 10443	36	36	69	12	2	117	0	47
 10489	36	36	69	12	2	118	0	47
 10534	36	36	69	12	2	119	0	47
 10579	36	36	69	12	2	120	0	47
 10625	36	36	69	12	2	120	0	47
 10670	36	36	69	12	2	121	0	47
 10715	36	36	69	12	2	122	0	47
 10761	36	36	69	12	2	123	0	47
 10806	36	36	70	12	2	123	0	47
 10851	36	36	69	4	3	64	0	47
 10897	36	36	69	4	3	65	0	47
 10942	36	36	69	4	3	66	0	47
 10987	36	36	69	4	3	66	0	47
 11033	36	36	69	4	3	67	0	47
 11078	36	36	69	4	3	68	0	47
 11124	36	36	69	4	3	69	0	47
 11169	36	36	69	4	3	70	0	47
 11214	36	36	69	4	3	70	0	47
 11260	36	36	69	4	3	71	0	47
 11305	36	36	69	4	3	72	0	47
 11350	36	36	70	4	3	73	0	47
 11396	36	36	69	4	3	73	0	47
 11441	36	35	69	4	3	74	0	47
 11486	36	36	69	4	3	75	0	47
 11532	36	36	69	4	3	76	0	47
 11577	36	36	69	4	3	76	0	47
 11622	36	36	69	4	3	77	0	47
 11668	36	36	69	4	3	78	0	47
 11713	36	36	69	4	3	79	0	47
 11758	36	36	70	4	3	79	0	47
 11804	36	36	69	4	3	80	0	47
 11849	36	35	69	4	3	81	0	47
 11894	36	36	69	4	3	82	0	47
 11940	36	36	69	4	3	82	0	47
 11985	36	36	69	4	3	83	0	47
 12031	36	36	69	4	3	84	0	47
 12076	36	36	69	4	3	85	0	47
 12121	36	36	69	4	3	85	0	47
 12167	36	36	69	4	3	86	0	47
 12212	36	36	69	4	3	87	0	47
 12257	36	36	69	4	3	88	0	47
 12303	36	36	69	4	3	88	0	47
 12348	36	36	69	4	3	89	0	47
 12393	36	36	69	4	3	90	0	47
 12439	36	36	68	4	3	91	0	47
 12484	36	36	69	4	3	91	0	47
 12529	36	36	69	4	3	92	0	47
 12575	36	36	69	4	3	93	0	47
 12620	36	36	69	12	3	94	0	47
 12665	36	36	69	12	3	94	0	47
 12711	36	36	69	12	3	95	0	47
 12756	36	36	69	12	3	96	0	47
 12801	36	36	69	12	3	97	0	47
 12847	36	36	69	12	3	97	0	47
 12892	36	36	69	12	3	98	0	47
 12938	36	36	69	12	3	99	0	47
 12983	36	36	69	12	3	100	0	47
 13028	36	36	69	12	3	100	0	47
 13074	36	36	69	12	3	101	0	47
 13119	36	36	69	12	3	102	0	47
 13164	36	36	69	12	3	103	0	47
 13210	36	36	69	12	3	104	0	47
 13255	36	36	69	12	3	104	0	47
 13300	36	36	69	12	3	105	0	47
 13346	36	36	69	12	3	106	0	47
 13391	36	36	69	12	3	107	0	47
 13436	36	36	69	12	3	107	0	47
 13482	36	36	69	12	3	108	0	47
 13527	36	36	69	12	3	109	0	47
 13572	36	36	69	12	3	110	0	47
 13618	36	36	69	12	3	110	0	47
 13663	36	36	69	12	3	111	0	47
 13708	36	36	69	12	3	112	0	47
 13754	36	36	69	12	3	113	0	47
 13799	36	36	69	12	3	113	0	47
 13845	36	36	69	12	3	114	0	47
 13890	36	36	69	12	3	115	0	47
 13935	36	36	69	12	3	116	0	47
 13981	36	36	69	12	3	116	0	47
 14026	36	36	69	12	3	117	0	47
 14071	36	36	69	12	3	118	0	47
 14117	36	36	68	12	3	119	0	47
 14162	36	36	68	12	3	119	0	47
 14207	36	36	68	12	3	120	0	47
 14253	36	36	69	12	3	121	0	47
 14298	36	36	68	12	3	122	0	47
 14343	36	36	68	12	3	122	0	47
 14389	36	36	69	12	3	123	0	47
 14434	36	36	68	4	4	64	0	47
 14479	36	36	68	4	4	65	0	47
 14525	36	36	68	4	4	65	0	47
 14570	36	36	68	4	4	66	0	47
 14615	36	36	68	4	4	67	0	47
 14661	35	36	68	4	4	68	0	47
 14706	36	36	68	4	4	68	0	47
 14752	36	36	69	4	4	69	0	47
 14797	36	36	68	4	4	70	0	47
 14842	36	36	68	4	4	71	0	47
 14888	36	36	68	4	4	71	0	47
 14933	36	36	68	4	4	72	0	47
 14978	36	36	68	4	4	73	0	47
 15024	36	36	68	4	4	74	0	47
 15069	35	36	68	4	4	74	0	47
 15114	36	36	68	4	4	75	0	47
 15160	36	36	68	4	4	76	0	47
 15205	36	36	68	4	4	77	0	47
 15250	35	36	68	4	4	78	0	47
 15296	35	36	68	4	4	78	0	47
 15341	36	36	68	4	4	79	0	47
 15386	36	36	68	4	4	80	0	47
 15432	36	35	68	4	4	81	0	47
 15477	36	36	68	4	4	81	0	47
 15523	36	36	68	4	4	82	0	47
 15568	36	36	68	4	4	83	0	47
 15613	36	36	68	4	4	84	0	47
 15659	36	36	68	4	4	84	0	47
 15704	36	36	68	4	4	85	0	47
 15749	36	36	68	4	4	86	0	47
 15795	36	36	68	4	4	87	0	47
 15840	36	36	68	4	4	87	0	47
 15885	36	36	67	4	4	88	0	47
 15931	36	36	68	4	4	89	0	47
 15976	36	36	68	4	4	90	0	47
 16021	36	36	68	4	4	90	0	47
 16067	36	36	68	4	4	91	0	47
 16112	36	36	68	4	4	92	0	47
 16157	36	35	68	4	4	93	0	47
 16203	36	36	68	4	4	93	0	47
 16248	36	36	68	12	4	94	0	47
 16293	36	36	68	12	4	95	0	47
 16339	36	36	68	12	4	96	0	47
 16384	36	35	68	12	4	96	0	47
 16429	36	36	68	12	4	97	0	47
 16475	36	36	68	12	4	98	0	47
 16520	35	36	68	12	4	99	0	47
 16566	36	36	68	12	4	99	0	47
 16611	36	36	68	12	4	100	0	47
 16656	36	36	68	12	4	101	0	47
 16702	36	36	68	12	4	102	0	47
 16747	35	36	68	12	4	102	0	47
 16792	36	36	68	12	4	103	0	47
 16838	36	36	68	12	4	104	0	47
 16883	36	36	68	12	4	105	0	47
 16928	35	36	68	12	4	105	0	47
 16974	36	36	68	12	4	106	0	47
 17019	36	36	68	12	4	107	0	47
 17064	36	36	68	12	4	108	0	47
 17110	36	36	68	12	4	108	0	47
 17155	36	36	68	12	4	109	0	47
 17200	36	36	68	12	4	110	0	47
 17246	36	36	68	12	4	111	0	47
 17291	36	36	68	12	4	112	0	47
 17336	36	36	68	12	4	112	0	47
 17382	35	36	68	12	4	113	0	47
 17427	35	35	68	12	4	114	0	47
 17472	36	36	68	12	4	115	0	47
 17518	36	36	68	12	4	115	0	47
 17563	36	36	68	12	4	116	0	47
 17609	36	36	68	12	4	117	0	47
 17654	36	36	68	12	4	118	0	47
 17699	36	35	68	12	4	118	0	47
 17745	36	36	68	12	4	119	0	47
 17790	36	35	68	12	4	120	0	47
 17836	36	36	68	12	4	121	0	47
 17881	36	36	68	12	4	121	0	47
 17926	36	36	68	12	4	122	0	47
 17971	36	35	68	12	4	123	0	47
 18017	36	36	68	4	5	64	0	47
 18062	36	36	68	4	5	64	0	47
 18107	36	36	68	4	5	65	0	47
 18153	36	36	68	4	5	66	0	47
 18198	36	36	68	4	5	67	0	47
 18243	36	36	68	4	5	67	0	47
 18289	36	36	68	4	5	68	0	47
 18334	36	36	68	4	5	69	0	47
 18379	36	35	68	4	5	70	0	47
 18425	35	36	67	4	5	70	0	47
 18470	35	35	67	4	5	71	0	47
 18516	36	36	67	4	5	72	0	47
 18561	35	36	67	4	5	73	0	47
 18606	35	35	67	4	5	73	0	46
 18652	35	36	68	4	5	74	0	47
 18697	35	36	67	4	5	75	0	47
 18742	35	35	67	4	5	76	0	47
 18788	36	36	67	4	5	76	0	47
 18833	35	36	67	4	5	77	0	47
 18878	35	35	67	4	5	78	0	46
 18924	36	35	67	4	5	79	0	47
 18969	35	35	67	4	5	79	0	47
 19014	36	36	67	4	5	80	0	47
 19060	35	36	69	4	5	81	0	47
 19105	35	35	67	4	5	82	0	46
 19150	35	35	67	4	5	83	0	47
 19196	35	36	67	4	5	83	0	47
 19241	35	36	67	4	5	84	0	46
 19286	36	35	67	4	5	85	0	46
 19332	36	36	67	4	5	86	0	46
 19377	35	35	67	4	5	86	0	46
 19423	35	36	67	4	5	87	0	46
 19468	35	35	67	4	5	88	0	47
 19513	36	35	67	4	5	89	0	46
 19559	36	35	68	4	5	89	0	46
 19604	36	35	67	4	5	90	0	46
 19649	35	35	68	4	5	91	0	46
 19695	35	36	67	4	5	92	0	46
 19740	35	35	68	4	5	92	0	46
 19785	35	35	68	4	5	93	0	46
 19831	35	36	68	12	5	94	0	46
 19876	35	36	67	12	5	95	0	46
 19921	36	36	67	12	5	95	0	46
 19967	35	36	67	12	5	96	0	46
 20012	35	35	67	12	5	97	0	46
 20057	35	36	67	12	5	98	0	46
 20103	35	36	67	12	5	98	0	46
 20148	35	36	67	12	5	99	0	46
 20193	35	35	67	12	5	100	0	46
 20239	35	35	67	12	5	101	0	46
 20284	35	36	67	12	5	101	0	46
 20330	35	35	67	12	5	102	0	46
 20375	36	36	67	12	5	103	0	46
 20420	36	36	67	12	5	104	0	46
 20466	35	35	67	12	5	104	0	46
 20511	35	36	67	12	5	105	0	46
 20556	35	35	67	12	5	106	0	46
 20602	35	36	67	12	5	107	0	46
 20647	35	35	68	12	5	107	0	46
 20692	35	36	67	12	5	108	0	46
 20738	36	35	68	12	5	109	0	46
 20783	35	35	67	12	5	110	0	46
 20828	35	35	67	12	5	110	0	46
 20874	36	36	67	12	5	111	0	46
 20919	35	35	67	12	5	112	0	46
 20964	35	35	67	12	5	113	0	46
 21010	36	35	67	12	5	113	0	46
 21055	36	35	67	12	5	114	0	46
 21100	35	35	67	12	5	115	0	46
 21146	35	35	67	12	5	116	0	46
 21191	35	36	67	12	5	117	0	46
 21237	35	36	68	12	5	117	0	46
 21282	35	36	67	12	5	118	0	46
 21327	35	35	67	12	5	119	0	46
 21373	35	36	67	12	5	120	0	46
 21418	36	35	67	12	5	120	0	46
 21463	35	35	67	12	5	121	0	46
 21509	35	35	67	12	5	122	0	46
 21554	35	35	67	12	5	123	0	46
 21599	35	35	67	12	5	123	0	46
 21645	35	35	67	4	6	64	0	46
 21690	35	36	67	4	6	65	0	46
 21735	35	35	67	4	6	66	0	46
 21781	35	35	67	4	6	66	0	46
 21826	35	35	67	4	6	67	0	46
 21871	35	35	67	4	6	68	0	46
 21917	35	35	66	4	6	69	0	46
 21962	35	35	67	4	6	69	0	46
 22007	35	35	66	4	6	70	0	46
 22053	35	36	66	4	6	71	0	46
 22098	35	35	67	4	6	72	0	46
 22144	35	35	66	4	6	72	0	46
 22189	35	35	67	4	6	73	0	46
 22234	35	35	67	4	6	74	0	46
 22280	35	35	66	4	6	75	0	46
 22325	35	35	67	4	6	75	0	46
 22370	35	35	66	4	6	76	0	46
 22416	35	35	67	4	6	77	0	46
 22461	35	35	67	4	6	78	0	46
 22506	35	35	66	4	6	78	0	46
 22552	35	35	66	4	6	79	0	46
 22597	35	35	67	4	6	80	0	46
 22642	35	35	66	4	6	81	0	46
 22688	35	35	67	4	6	81	0	46
 22733	36	35	66	4	6	82	0	46
 22778	35	35	66	4	6	83	0	46
 22824	35	35	67	4	6	84	0	46
 22869	35	35	67	4	6	84	0	46
 22914	36	35	67	4	6	85	0	46
 22960	35	35	67	4	6	86	0	46
 23005	35	35	67	4	6	87	0	46
 23050	35	35	66	4	6	87	0	46
 23096	35	35	67	4	6	88	0	46
 23141	35	35	66	4	6	89	0	46
 23187	35	35	66	4	6	90	0	46
 23232	35	35	67	4	6	91	0	46
 23277	35	35	66	4	6	91	0	46
 23323	35	35	66	4	6	92	0	46
 23368	35	35	66	4	6	93	0	46
 23413	35	36	66	12	6	94	0	46
 23459	35	35	66	12	6	94	0	46
 23504	35	35	66	12	6	95	0	46
 23549	35	35	66	12	6	96	0	46
 23595	35	35	66	12	6	97	0	46
 23640	35	35	66	12	6	97	0	46
 23685	36	35	67	12	6	98	0	46
 23731	35	35	66	12	6	99	0	46
 23776	35	35	67	12	6	100	0	46
 23825	35	35	67	12	6	100	0	46
 23867	35	35	67	12	6	101	0	46
 23912	35	35	67	12	6	102	0	46
 23958	35	35	67	12	6	103	0	46
 24003	35	35	66	12	6	103	0	46
 24048	35	35	67	12	6	104	0	46
 24094	35	35	66	12	6	105	0	46
 24139	35	35	66	12	6	106	0	46
 24184	35	35	67	12	6	106	0	46
 24230	35	35	66	12	6	107	0	46
 24275	35	36	67	12	6	108	0	46
 24320	35	35	66	12	6	109	0	46
 24366	35	35	66	12	6	109	0	46
 24411	35	35	67	12	6	110	0	46
 24456	35	35	66	12	6	111	0	46
 24502	35	35	66	12	6	112	0	46
 24547	35	35	66	12	6	112	0	46
 24592	35	35	66	12	6	113	0	46
 24638	35	35	67	12	6	114	0	46
 24683	35	35	67	12	6	115	0	46
 24728	35	36	67	12	6	115	0	46
 24774	35	35	66	12	6	116	0	46
 24819	35	35	66	12	6	117	0	46
 24864	35	35	66	12	6	118	0	46
 24910	35	35	66	12	6	118	0	46
 24955	35	35	67	12	6	119	0	46
 25001	35	35	66	12	6	120	0	46
 25046	35	35	66	12	6	121	0	46
 25091	35	35	66	12	6	121	0	46
 25137	35	35	66	12	6	122	0	46
 25182	35	35	66	12	6	123	0	46
 25227	35	35	66	36	7	64	0	46
 25273	35	35	66	36	7	65	0	46
 25318	35	35	66	36	7	65	0	46
 25363	35	35	66	36	7	66	0	46
 25409	35	35	66	36	7	67	0	46
 25454	35	35	66	36	7	68	0	46
 25499	35	35	66	36	7	68	0	46
 25545	35	35	66	36	7	69	0	46
 25590	35	35	66	36	7	70	0	46
 25635	35	35	66	36	7	71	0	46
 25681	35	35	67	36	7	71	0	46
 25726	35	35	67	36	7	72	0	46
 25771	35	35	67	36	7	73	0	46
 25817	35	35	67	36	7	74	0	46
 25862	35	35	67	36	7	74	0	46
 25908	35	35	67	36	7	75	0	46
 25953	35	35	67	36	7	76	0	46
 25998	35	35	67	36	7	77	0	46
 26044	35	35	67	36	7	77	0	46
 26089	35	35	67	36	7	78	0	46
 26134	35	35	67	36	7	79	0	46
 26180	35	35	67	36	7	80	0	46
 26225	35	35	67	36	7	80	0	46
 26270	35	35	68	36	7	81	0	46
 26316	35	35	67	36	7	82	0	46
 26361	35	35	67	36	7	83	0	46
 26406	35	35	67	36	7	83	0	46
 26452	35	35	67	36	7	84	0	46
 26497	35	35	67	36	7	85	0	46
 26542	35	35	67	36	7	86	0	46
 26588	35	35	67	36	7	86	0	46
 26633	35	35	67	36	7	87	0	46
 26678	35	35	67	36	7	88	0	46
 26724	35	35	67	36	7	89	0	46
 26769	35	35	67	36	7	89	0	46
 26815	35	35	67	36	7	90	0	46
 26860	35	35	68	36	7	91	0	46
 26905	35	35	67	36	7	92	0	46
 26951	35	35	68	36	7	92	0	46
 26996	35	35	67	36	7	93	0	46
 27041	35	35	67	44	7	94	0	46
 27087	35	35	67	44	7	95	0	46
 27132	35	35	67	44	7	96	0	46
 27177	35	35	67	44	7	96	0	46
 27223	35	35	67	44	7	97	0	46
 27268	35	35	67	44	7	98	0	46
 27313	35	35	68	44	7	99	0	46
 27359	35	35	67	44	7	99	0	46
 27404	35	35	67	44	7	100	0	46
 27449	35	35	68	44	7	101	0	46
 27495	35	35	67	44	7	102	0	46
 27540	35	35	67	44	7	102	0	46
 27585	35	35	67	44	7	103	0	46
 27631	35	35	67	44	7	104	0	46
 27676	35	35	67	44	7	105	0	46
 27722	35	35	68	44	7	105	0	46
 27767	35	35	67	44	7	106	0	46
 27812	35	35	68	44	7	107	0	46
 27858	35	35	68	44	7	108	0	46
 27903	35	35	68	44	7	108	0	46
 27948	35	35	68	44	7	109	0	46
 27994	36	35	68	44	7	110	0	46
 28039	35	36	68	44	7	111	0	46
 28084	35	35	68	44	7	111	0	46
 28130	35	35	68	44	7	112	0	46
 28175	36	35	68	44	7	113	0	46
 28220	35	35	68	44	7	114	0	46
 28266	35	35	68	44	7	114	0	46
 28311	35	35	68	44	7	115	0	46
 28356	35	35	68	44	7	116	0	46
 28402	35	35	68	44	7	117	0	46
 28447	35	35	68	44	7	117	0	46
 28492	35	35	68	44	7	118	0	46
 28538	35	35	68	44	7	119	0	46
 28583	35	35	68	44	7	120	0	46
 28629	35	35	68	44	7	120	0	46
 28674	35	35	68	44	7	121	0	46
 28719	35	35	68	44	7	122	0	46
 28765	35	35	68	44	7	123	0	46
 28810	35	35	69	44	7	123	0	46
 28855	35	35	68	36	8	64	0	46
 28901	35	35	68	36	8	65	0	46
 28946	35	35	68	36	8	66	0	46
 28991	35	35	68	36	8	66	0	46
 29037	35	35	68	36	8	67	0	46
 29082	35	35	68	36	8	68	0	46
 29127	35	35	68	36	8	69	0	46
 29173	35	35	68	36	8	70	0	46
 29218	35	35	68	36	8	70	0	46
 29263	35	35	69	36	8	71	0	46
 29309	35	35	68	36	8	72	0	46
 29354	35	35	69	36	8	73	0	46
 29399	35	35	69	36	8	73	0	46
 29445	36	35	68	36	8	74	0	46
 29490	35	35	69	36	8	75	0	46
 29536	35	35	69	36	8	76	0	46
 29581	35	35	69	36	8	76	0	46
 29626	35	35	69	36	8	77	0	46
 29672	35	36	69	36	8	78	0	46
 29717	35	35	69	36	8	79	0	46
 29762	35	35	69	36	8	79	0	46
 29808	35	35	69	36	8	80	0	46
 29853	35	35	69	36	8	81	0	46
 29898	35	35	69	36	8	82	0	46
 29944	35	35	69	36	8	82	0	46
 29989	35	35	69	36	8	83	0	46
 30034	35	35	69	36	8	84	0	46
 30080	35	35	69	36	8	85	0	46
 30125	35	35	69	36	8	85	0	46
 30170	35	35	69	36	8	86	0	46
 30216	35	35	69	36	8	87	0	46
 30261	35	35	69	36	8	88	0	46
 30306	35	35	69	36	8	88	0	46
 30352	35	35	69	36	8	89	0	46
 30397	35	35	69	36	8	90	0	46
 30442	35	35	69	36	8	91	0	46
 30488	35	35	69	36	8	91	0	46
 30533	35	35	69	36	8	92	0	46
 30579	35	35	69	36	8	93	0	46
 30624	35	35	69	44	8	94	0	46
 30669	35	35	69	44	8	94	0	46
 30715	35	36	69	44	8	95	0	46
 30760	35	35	69	44	8	96	0	46
 30806	35	35	69	44	8	97	0	46
 30851	35	36	69	44	8	97	0	46
 30896	36	36	69	44	8	98	0	45
 30941	35	36	69	44	8	99	0	45
 30987	35	35	69	44	8	100	0	45
 31032	35	36	69	44	8	100	0	44
 31077	35	35	69	44	8	101	0	44
 31123	35	35	69	44	8	102	0	44
 31168	35	35	69	44	8	103	0	44
 31213	35	36	69	44	8	104	0	44
 31259	35	35	69	44	8	104	0	44
 31304	35	35	69	44	8	105	0	44
 31350	36	35	69	44	8	106	0	44
 31395	35	35	69	44	8	107	0	44
 31440	35	35	70	44	8	107	0	44
 31486	35	36	70	44	8	108	0	44
 31531	35	35	71	44	8	109	0	44
 31576	35	35	70	44	8	110	0	44
 31622	35	36	70	44	8	110	0	44
 31667	35	36	70	44	8	111	0	44
 31712	35	35	70	44	8	112	0	44
 31758	35	36	70	44	8	113	0	44
 31803	35	35	70	44	8	113	0	44
 31848	35	36	70	44	8	114	0	44
 31894	35	36	70	44	8	115	0	44
 31939	35	35	70	44	8	116	0	44
 31984	35	35	71	44	8	116	0	44
 32030	35	35	70	44	8	117	0	44
 32075	35	36	70	44	8	118	0	44
 32120	35	36	70	44	8	119	0	44
 32166	35	35	70	44	8	119	0	44
 32211	35	36	70	44	8	120	0	44
 32256	35	35	70	44	8	121	0	44
 32302	36	35	70	44	8	122	0	44
 32347	36	35	70	44	8	122	0	44
 32393	36	35	70	44	8	123	0	44
 32439	35	35	70	36	9	64	0	44
 32483	35	35	71	36	9	65	0	44
 32529	35	35	70	36	9	65	0	44
 32574	35	35	70	36	9	66	0	44
 32619	35	36	71	36	9	67	0	44
 32665	36	36	71	36	9	68	0	44
 32710	35	36	71	36	9	68	0	44
 32755	35	35	71	36	9	69	0	44
 32801	35	36	71	36	9	70	0	44
 32846	35	36	71	36	9	71	0	44
 32891	36	35	71	36	9	71	0	45
 32937	35	35	71	36	9	72	0	45
 32982	35	35	71	36	9	73	0	45
 33027	35	36	71	36	9	74	0	45
 33073	35	35	71	36	9	74	0	45
 33118	35	35	71	36	9	75	0	45
 33163	35	35	72	36	9	76	0	45
 33209	35	35	72	36	9	77	0	45
 33254	35	35	72	36	9	78	0	45
 33300	36	35	72	36	9	78	0	45
 33345	35	35	72	36	9	79	0	45
 33390	35	35	72	36	9	80	0	45
 33436	36	36	72	36	9	81	0	45
 33481	35	36	72	36	9	81	0	45
 33526	35	36	72	36	9	82	0	45
 33572	35	35	72	36	9	83	0	45
 33617	35	36	72	36	9	84	0	45
 33662	35	36	72	36	9	84	0	45
 33708	35	36	72	36	9	85	0	45
 33753	35	36	72	36	9	86	0	45
 33798	35	35	72	36	9	87	0	45
 33844	36	35	72	36	9	87	0	45
 33889	35	35	72	36	9	88	0	45
 33934	35	36	72	36	9	89	0	45
 33980	35	36	72	36	9	90	0	45
 34025	35	35	73	36	9	90	0	45
 34070	36	36	73	36	9	91	0	45
 34116	35	36	73	36	9	92	0	45
 34161	36	36	73	36	9	93	0	45
 34207	36	36	73	36	9	93	0	45
 34252	36	36	73	44	9	94	0	45
 34297	35	35	73	44	9	95	0	45
 34343	35	36	73	44	9	96	0	45
 34388	35	36	73	44	9	96	0	45
 34433	35	36	74	44	9	97	0	45
 34479	35	36	73	44	9	98	0	45
 34524	36	36	74	44	9	99	0	45
 34569	36	35	73	44	9	99	0	45
 34615	36	35	73	44	9	100	0	45
 34660	35	36	73	44	9	101	0	45
 34705	36	36	74	44	9	102	0	45
 34751	35	35	73	44	9	102	0	45
 34796	35	36	73	44	9	103	0	45
 34841	35	36	74	44	9	104	0	45
 34887	35	36	74	44	9	105	0	45
 34932	35	36	74	44	9	105	0	45
 34977	35	36	74	44	9	106	0	45
 35023	35	36	74	44	9	107	0	45
 35068	36	35	73	44	9	108	0	45
 35114	35	36	74	44	9	108	0	45
 35159	35	36	74	44	9	109	0	45
 35204	35	36	74	44	9	110	0	45
 35250	35	35	74	44	9	111	0	45
 35295	36	35	74	44	9	112	0	45
 35340	35	35	74	44	9	112	0	45
 35386	36	36	74	44	9	113	0	45
 35431	35	35	74	44	9	114	0	45
 35476	35	36	74	44	9	115	0	45
 35522	35	36	74	44	9	115	0	46
 35567	36	35	74	44	9	116	0	46
 35612	36	36	74	44	9	117	0	46
 35658	35	36	74	44	9	118	0	46
 35703	36	36	75	44	9	118	0	46
 35748	35	36	74	44	9	119	0	46
 35794	36	36	75	44	9	120	0	46
 35839	35	36	75	44	9	121	0	46
 35885	36	35	74	44	9	121	0	46
 35930	36	36	75	44	9	122	0	46
 35975	36	36	75	44	9	123	0	46
 36021	36	36	75	36	10	64	0	46
 36066	35	36	75	36	10	64	0	46
 36111	35	36	75	36	10	65	0	46
 36157	36	35	75	36	10	66	0	46
 36202	35	35	75	36	10	67	0	46
 36247	36	36	75	36	10	67	0	46
 36293	35	35	75	36	10	68	0	46
 36338	36	36	75	36	10	69	0	46
 36383	35	36	75	36	10	70	0	46
 36429	35	36	75	36	10	70	0	46
 36474	35	36	75	36	10	71	0	46
 36519	36	35	75	36	10	72	0	46
 36565	36	36	75	36	10	73	0	46
 36610	35	36	75	36	10	73	0	46
 36656	35	36	75	36	10	74	0	46
 36701	36	35	75	36	10	75	0	46
 36746	36	35	76	36	10	76	0	46
 36792	35	35	76	36	10	76	0	46
 36837	36	35	76	36	10	77	0	46
 36882	36	36	76	36	10	78	0	46
 36928	36	35	76	36	10	79	0	46
 36973	36	36	76	36	10	79	0	46
 37018	36	36	76	36	10	80	0	46
 37064	35	36	76	36	10	81	0	46
 37109	35	36	76	36	10	82	0	46
 37154	35	35	76	36	10	83	0	46
 37200	36	36	76	36	10	83	0	46
 37245	36	35	76	36	10	84	0	46
 37290	35	36	76	36	10	85	0	46
 37336	36	36	76	36	10	86	0	46
 37381	35	36	75	36	10	86	0	46
 37426	36	35	76	36	10	87	0	46
 37472	36	35	76	36	10	88	0	46
 37517	36	36	76	36	10	89	0	46
 37563	35	36	76	36	10	89	0	46
 37608	36	35	76	36	10	90	0	46
 37653	36	36	76	36	10	91	0	46
 37699	35	36	76	36	10	92	0	46
 37744	36	36	76	36	10	92	0	46
 37789	36	36	76	36	10	93	0	46
 37835	36	36	76	44	10	94	0	46
 37880	36	36	76	44	10	95	0	46
 37925	36	36	76	44	10	95	0	46
 37971	36	36	77	44	10	96	0	46
 38016	35	36	77	44	10	97	0	46
 38061	36	36	77	44	10	98	0	46
 38107	35	36	77	44	10	98	0	46
 38152	35	36	77	44	10	99	0	46
 38197	36	36	77	44	10	100	0	46
 38243	36	36	77	44	10	101	0	46
 38288	36	36	77	44	10	101	0	47
 38334	36	36	77	44	10	102	0	47
 38379	36	36	77	44	10	103	0	47
 38424	36	36	77	44	10	104	0	47
 38470	36	36	77	44	10	104	0	47
 38515	36	36	77	44	10	105	0	47
 38560	35	36	77	44	10	106	0	47
 38606	36	36	77	44	10	107	0	47
 38651	36	36	77	44	10	107	0	47
 38696	36	36	77	44	10	108	0	47
 38742	36	36	77	44	10	109	0	47
 38787	36	36	78	44	10	110	0	47
 38832	36	36	78	44	10	110	0	47
 38878	36	36	78	44	10	111	0	47
 38923	36	36	78	44	10	112	0	47
 38968	36	36	78	44	10	113	0	47
 39014	36	36	78	44	10	113	0	47
 39059	36	36	78	44	10	114	0	47
 39105	36	36	78	44	10	115	0	47
 39150	36	36	78	44	10	116	0	47
 39195	36	36	78	44	10	117	0	47
 39241	36	36	78	44	10	117	0	47
 39286	36	36	78	44	10	118	0	47
 39331	35	36	78	44	10	119	0	47
 39377	35	36	78	44	10	120	0	47
 39422	36	36	78	44	10	120	0	47
 39467	36	36	78	44	10	121	0	47
 39513	36	35	78	44	10	122	0	47
 39558	36	36	78	44	10	123	0	47
 39603	36	36	78	44	10	123	0	47
 39649	36	36	78	36	11	64	0	47
 39694	36	36	78	36	11	65	0	47
 39739	36	36	79	36	11	66	0	47
 39785	36	36	79	36	11	66	0	47
 39830	36	36	80	36	11	67	0	47
 39875	36	36	79	36	11	68	0	47
 39921	36	36	79	36	11	69	0	47
 39966	36	36	79	36	11	69	0	47
 40012	36	36	79	36	11	70	0	47
 40057	36	36	79	36	11	71	0	47
 40102	36	36	79	36	11	72	0	47
 40148	36	36	80	36	11	72	0	47
 40193	36	36	79	36	11	73	0	47
 40238	36	36	79	36	11	74	0	47
 40284	36	36	79	36	11	75	0	47
 40329	36	36	79	36	11	75	0	47
 40374	36	36	79	36	11	76	0	47
 40420	36	36	79	36	11	77	0	47
 40465	36	36	79	36	11	78	0	47
 40510	36	36	79	36	11	78	0	47
 40556	36	36	79	36	11	79	0	47
 40601	36	36	79	36	11	80	0	47
 40646	36	36	80	36	11	81	0	47
 40692	36	36	80	36	11	81	0	47
 40737	36	36	80	36	11	82	0	47
 40783	36	36	80	36	11	83	0	47
 40828	36	36	80	36	11	84	0	47
 40873	36	36	80	36	11	84	0	47
 40919	36	36	80	36	11	85	0	47
 40964	36	36	81	36	11	86	0	47
 41009	36	36	81	36	11	87	0	47
 41055	36	36	81	36	11	87	0	47
 41100	36	36	81	36	11	88	0	47
 41145	36	36	81	36	11	89	0	47
 41191	36	36	81	36	11	90	0	47
 41236	36	36	81	36	11	91	0	47
 41281	36	36	80	36	11	91	0	47
 41327	36	36	80	36	11	92	0	47
 41372	36	36	81	36	11	93	0	47
 41417	36	36	80	44	11	94	0	47
 41463	36	36	81	44	11	94	0	47
 41508	36	36	80	44	11	95	0	47
 41553	36	36	80	44	11	96	0	47
 41599	36	36	81	44	11	97	0	47
 41644	36	36	81	44	11	97	0	47
 41690	36	36	81	44	11	98	0	47
 41735	36	36	81	44	11	99	0	47
 41780	36	36	81	44	11	100	0	47
 41826	36	36	81	44	11	100	0	47
 41871	36	36	81	44	11	101	0	47
 41916	36	36	81	44	11	102	0	47
 41962	36	36	82	44	11	103	0	47
 42007	36	36	82	44	11	103	0	47
 42052	36	36	82	44	11	104	0	47
 42098	36	36	82	44	11	105	0	47
 42143	36	36	82	44	11	106	0	47
 42188	36	36	81	44	11	106	0	47
 42234	36	36	82	44	11	107	0	47
 42279	36	36	82	44	11	108	0	47
 42324	36	36	82	44	11	109	0	47
 42370	36	36	82	44	11	109	0	47
 42415	36	36	82	44	11	110	0	47
 42460	36	36	82	44	11	111	0	47
 42506	36	36	82	44	11	112	0	48
 42551	36	36	82	44	11	112	0	48
 42597	36	36	82	44	11	113	0	48
 42642	36	36	82	44	11	114	0	48
 42687	36	36	82	44	11	115	0	48
 42733	36	36	82	44	11	115	0	48
 42778	36	36	83	44	11	116	0	48
 42823	36	36	83	44	11	117	0	47
 42869	36	36	83	44	11	118	0	47
 42914	36	36	83	44	11	118	0	47
 42959	36	36	83	44	11	119	0	47
 43005	36	36	83	44	11	120	0	47
 43050	36	36	83	44	11	121	0	47
 43095	36	36	83	44	11	121	0	47
 43141	36	36	83	44	11	122	0	47
 43186	36	36	83	44	11	123	0	47
 43231	36	36	83	36	12	64	0	47
 43277	36	36	83	36	12	65	0	47
 43322	36	36	83	36	12	65	0	47
 43367	36	36	83	36	12	66	0	47
 43413	36	36	83	36	12	67	0	47
 43458	36	36	83	36	12	68	0	47
 43504	36	36	83	36	12	68	0	47
 43549	36	36	83	36	12	69	0	47
 43594	36	36	83	36	12	70	0	47
 43640	36	36	83	36	12	71	0	47
 43685	36	36	83	36	12	71	0	47
 43730	36	36	83	36	12	72	0	47
 43776	36	36	83	36	12	73	0	47
 43821	36	36	83	36	12	74	0	47
 43866	36	36	83	36	12	74	0	47
 43912	36	36	83	36	12	75	0	47
 43957	36	36	83	36	12	76	0	47
 44002	36	36	83	36	12	77	0	47
 44048	36	36	84	36	12	77	0	47
 44093	36	36	84	36	12	78	0	48
 44138	36	36	84	36	12	79	0	48
 44184	36	36	84	36	12	80	0	48
 44229	36	36	84	36	12	80	0	47
 44274	36	36	84	36	12	81	0	48
 44320	36	36	84	36	12	82	0	48
 44365	36	36	84	36	12	83	0	47
 44411	36	36	84	36	12	83	0	48
 44456	36	36	84	36	12	84	0	48
 44501	36	36	84	36	12	85	0	48
 44547	36	36	85	36	12	86	0	48
 44592	36	36	85	36	12	86	0	48
 44637	36	36	85	36	12	87	0	48
 44683	36	36	85	36	12	88	0	48
 44728	36	36	85	36	12	89	0	48
 44773	36	36	85	36	12	89	0	48
 44819	36	36	85	36	12	90	0	48
 44864	36	36	85	36	12	91	0	48
 44909	36	36	85	36	12	92	0	48
 44956	36	36	85	36	12	92	0	48
 45000	36	36	85	36	12	93	0	48
 45045	36	36	86	44	12	94	0	48
 45091	36	36	86	44	12	95	0	48
 45136	36	36	86	44	12	96	0	48
 45181	36	36	86	44	12	96	0	48
 45227	36	36	86	44	12	97	0	48
 45272	36	36	86	44	12	98	0	48
 45318	36	36	86	44	12	99	0	48
 45363	36	36	87	44	12	99	0	48
 45408	36	36	87	44	12	100	0	48
 45454	36	36	87	44	12	101	0	48
 45499	36	36	87	44	12	102	0	48
 45544	36	36	87	44	12	102	0	48
 45590	36	36	87	44	12	103	0	48
 45635	36	36	87	44	12	104	0	48
 45680	36	36	87	44	12	105	0	48
 45726	36	36	87	44	12	105	0	48
 45771	36	36	87	44	12	106	0	48
 45816	36	36	87	44	12	107	0	48
 45862	36	36	87	44	12	108	0	48
 45907	36	36	87	44	12	108	0	48
 45952	36	36	87	44	12	109	0	48
 45998	36	36	87	44	12	110	0	48
 46043	36	36	86	44	12	111	0	48
 46088	36	36	87	44	12	112	0	48
 46134	36	36	87	44	12	112	0	48
 46179	36	36	87	44	12	113	0	48
 46225	36	36	87	44	12	114	0	48
 46270	36	36	87	44	12	115	0	48
 46315	36	36	87	44	12	115	0	48
 46361	36	36	86	44	12	116	0	48
 46406	36	36	86	44	12	117	0	48
 46451	36	36	87	44	12	118	0	48
 46497	36	36	87	44	12	118	0	48
 46542	36	36	87	44	12	119	0	48
 46587	36	36	87	44	12	120	0	48
 46633	36	36	87	44	12	121	0	48
 46678	36	36	88	44	12	121	0	48
 46723	36	36	88	44	12	122	0	48
 46769	36	36	87	44	12	123	0	48
 46814	36	36	87	36	13	64	0	48
 46859	36	36	88	36	13	64	0	48
 46905	36	36	87	36	13	65	0	48
 46950	36	36	87	36	13	66	0	48
 46995	36	36	87	36	13	67	0	48
 47041	36	36	87	36	13	67	0	48
 47086	36	36	87	36	13	68	0	48
 47131	36	36	87	36	13	69	0	48
 47177	36	36	86	36	13	70	0	48
 47222	36	36	87	36	13	70	0	48
 47268	36	36	86	36	13	71	0	48
 47313	36	36	87	36	13	72	0	48
 47358	36	36	87	36	13	73	0	48
 47404	36	36	87	36	13	73	0	48
 47449	36	36	87	36	13	74	0	48
 47494	36	36	88	36	13	75	0	48
 47540	36	36	88	36	13	76	0	48
 47585	36	36	88	36	13	76	0	48
 47630	36	36	88	36	13	77	0	48
 47676	36	36	88	36	13	78	0	48
 47721	36	36	89	36	13	79	0	48
 47766	36	36	89	36	13	79	0	48
 47812	36	36	89	36	13	80	0	48
 47857	36	36	89	36	13	81	0	48
 47902	36	36	89	36	13	82	0	48
 47948	36	36	90	36	13	83	0	48
 47993	36	36	90	36	13	83	0	48
 48038	36	36	90	36	13	84	0	48
 48084	36	36	90	36	13	85	0	48
 48129	36	36	89	36	13	86	0	48
 48175	36	36	89	36	13	86	0	48
 48220	36	36	89	36	13	87	0	48
 48265	36	36	89	36	13	88	0	48
 48311	36	36	89	36	13	89	0	48
 48356	36	36	90	36	13	89	0	48
 48401	36	36	89	36	13	90	0	48
 48447	36	36	90	36	13	91	0	48
 48492	36	36	90	36	13	92	0	48
 48537	36	36	90	36	13	92	0	48
 48583	36	36	90	36	13	93	0	48
 48628	36	36	90	44	13	94	0	48
 48673	36	36	90	44	13	95	0	48
 48719	36	36	90	44	13	95	0	48
 48764	36	36	90	44	13	96	0	48
 48809	36	36	90	44	13	97	0	48
 48855	36	36	90	44	13	98	0	48
 48900	36	36	90	44	13	98	0	48
 48945	36	36	90	44	13	99	0	48
 48991	36	36	90	44	13	100	0	48
 49036	36	36	90	44	13	101	0	48
 49082	36	36	90	44	13	101	0	48
 49127	36	36	90	44	13	102	0	48
 49172	36	36	90	44	13	103	0	49
 49218	36	36	90	44	13	104	0	48
 49263	36	36	90	44	13	104	0	49
 49308	36	36	90	44	13	105	0	49
 49354	36	36	90	44	13	106	0	49
 49399	36	36	90	44	13	107	0	49
 49444	36	36	90	44	13	107	0	49
 49490	36	36	90	44	13	108	0	49
 49535	36	36	90	44	13	109	0	49
 49580	36	36	90	44	13	110	0	49
 49626	36	36	90	44	13	110	0	49
 49671	36	36	90	44	13	111	0	49
 49718	36	36	91	44	13	112	0	49
 49762	36	36	91	44	13	113	0	49
 49807	36	36	92	44	13	113	0	49
 49852	36	36	92	44	13	114	0	49
 49898	36	36	92	44	13	115	0	49
 49943	36	36	92	44	13	116	0	49
 49989	36	36	92	44	13	117	0	49
 50034	36	36	92	44	13	117	0	49
 50079	36	36	92	44	13	118	0	49
 50125	36	36	92	44	13	119	0	49
 50170	36	35	91	44	13	120	0	49
 50215	36	36	92	44	13	120	0	49
 50261	36	36	91	44	13	121	0	49
 50306	36	36	91	44	13	122	0	49
 50351	36	36	91	44	13	123	0	49
 50397	36	36	91	44	13	123	0	49
 50442	36	36	92	36	14	64	0	49
 50487	36	36	92	36	14	65	0	49
 50533	36	36	92	36	14	66	0	49
 50578	36	36	92	36	14	66	0	49
 50623	36	36	92	36	14	67	0	49
 50669	36	36	92	36	14	68	0	49
 50714	36	36	92	36	14	69	0	49
 50760	36	36	92	36	14	69	0	49
 50805	36	36	93	36	14	70	0	49
 50850	36	36	92	36	14	71	0	49
 50896	36	36	92	36	14	72	0	49
 50941	36	36	93	36	14	72	0	49
 50986	36	36	92	36	14	73	0	49
 51032	36	36	93	36	14	74	0	49
 51077	36	36	93	36	14	75	0	49
 51122	36	36	93	36	14	75	0	49
 51168	36	36	92	36	14	76	0	49
 51213	36	36	92	36	14	77	0	49
 51258	36	36	92	36	14	78	0	49
 51304	36	36	92	36	14	78	0	49
 51349	36	36	92	36	14	79	0	49
 51394	36	36	92	36	14	80	0	49
 51440	36	36	92	36	14	81	0	49
 51485	36	36	92	36	14	81	0	49
 51531	36	36	93	36	14	82	0	49
 51576	36	36	93	36	14	83	0	49
 51621	36	36	93	36	14	84	0	49
 51667	36	36	93	36	14	84	0	49
 51712	36	36	93	36	14	85	0	49
 51757	36	36	93	36	14	86	0	49
 51803	36	36	93	36	14	87	0	49
 51848	36	36	93	36	14	87	0	49
 51893	36	36	93	36	14	88	0	49
 51939	36	36	93	36	14	89	0	49
 51984	36	36	92	36	14	90	0	49
 52029	36	36	92	36	14	91	0	49
 52075	36	36	93	36	14	91	0	49
 52120	36	36	92	36	14	92	0	49
 52165	36	36	93	36	14	93	0	49
 52211	36	36	93	44	14	94	0	49
 52256	36	36	93	44	14	94	0	49
 52301	36	36	92	44	14	95	0	49
 52347	36	36	92	44	14	96	0	49
 52392	36	36	92	44	14	97	0	49
 52438	36	36	92	44	14	97	0	50
 52483	36	36	92	44	14	98	0	51
 52528	36	36	92	44	14	99	0	51
 52574	36	36	93	44	14	100	0	52
 52619	36	36	92	44	14	100	0	52
 52664	36	36	92	44	14	101	0	52
 52710	36	36	92	44	14	102	0	52
 52755	36	36	92	44	14	103	0	52
 52800	36	36	92	44	14	103	0	53
 52846	36	36	92	44	14	104	0	53
 52891	36	36	92	44	14	105	0	54
 52937	36	36	92	44	14	106	0	54
 52982	36	36	92	44	14	106	0	54
 53027	36	36	92	44	14	107	0	54
 53072	36	36	92	44	14	108	0	54
 53118	36	36	91	44	14	109	0	55
 53163	36	36	91	44	14	109	0	55
 53209	36	36	91	44	14	110	0	55
 53254	36	36	91	44	14	111	0	55
 53299	36	36	91	44	14	112	0	55
 53345	36	36	91	44	14	112	0	55
 53390	36	36	91	44	14	113	0	55
 53436	36	36	91	44	14	114	0	55
 53481	36	36	91	44	14	115	0	55
 53526	36	36	91	44	14	115	0	55
 53571	36	36	91	44	14	116	0	55
 53617	36	36	91	44	14	117	0	54
 53662	36	36	91	44	14	118	0	54
 53707	36	36	91	44	14	118	0	54
 53753	36	36	91	44	14	119	0	54
 53798	36	36	92	44	14	120	0	54
 53843	36	36	91	44	14	121	0	53
 53889	36	36	91	44	14	121	0	53
 53934	36	36	91	44	14	122	0	53
 53979	36	36	91	44	14	123	0	53
 54025	36	36	91	36	15	64	0	53
 54070	36	36	91	36	15	65	0	53
 54116	36	36	91	36	15	65	0	52
 54161	36	36	90	36	15	66	0	52
 54206	36	36	90	36	15	67	0	52
 54252	36	36	90	36	15	68	0	52
 54297	36	36	90	36	15	68	0	52
 54342	36	36	90	36	15	69	0	52
 54388	36	36	90	36	15	70	0	52
 54433	36	36	91	36	15	71	0	52
 54478	36	36	91	36	15	71	0	52
 54524	36	36	90	36	15	72	0	52
 54569	36	36	90	36	15	73	0	52
 54614	36	36	90	36	15	74	0	52
 54660	36	36	91	36	15	74	0	52
 54705	36	36	90	36	15	75	0	52
 54750	36	36	90	36	15	76	0	52
 54796	36	36	91	36	15	77	0	52
 54841	36	36	90	36	15	77	0	52
 54887	36	36	90	36	15	78	0	52
 54932	36	36	90	36	15	79	0	52
 54977	36	36	90	36	15	80	0	52
 55023	36	36	90	36	15	80	0	52
 55068	36	36	91	36	15	81	0	52
 55115	36	36	90	36	15	82	0	52
 55159	36	36	90	36	15	83	0	52
 55204	36	36	90	36	15	83	0	52
 55249	36	36	91	36	15	84	0	52
 55295	36	36	90	36	15	85	0	52
 55340	36	36	90	36	15	86	0	51
 55385	36	36	90	36	15	86	0	51
 55431	36	36	90	36	15	87	0	51
 55476	36	36	91	36	15	88	0	51
 55521	36	36	90	36	15	89	0	51
 55567	36	36	90	36	15	89	0	51
 55612	36	36	90	36	15	90	0	51
 55658	36	36	90	36	15	91	0	51
 55703	36	36	90	36	15	92	0	51
 55748	36	36	90	36	15	92	0	51
 55794	36	36	90	36	15	93	0	51
 55839	36	36	90	44	15	94	0	51
 55884	36	36	90	44	15	95	0	51
 55930	36	36	90	44	15	96	0	51
 55975	36	36	90	44	15	96	0	51
 56020	36	36	90	44	15	97	0	50
 56066	36	36	90	44	15	98	0	50
 56111	36	36	90	44	15	99	0	50
 56156	36	36	90	44	15	99	0	50
 56202	36	36	90	44	15	100	0	50
 56247	36	36	90	44	15	101	0	50
 56292	36	36	90	44	15	102	0	50
 56338	36	36	90	44	15	102	0	50
 56383	36	36	90	44	15	103	0	50
 56428	36	36	90	44	15	104	0	50
 56474	36	36	90	44	15	105	0	50
 56519	36	36	90	44	15	105	0	50
 56565	36	36	90	44	15	106	0	50
 56610	36	36	89	44	15	107	0	50
 56655	36	36	89	44	15	108	0	50
 56701	36	36	90	44	15	108	0	50
 56746	36	36	90	44	15	109	0	50
 56791	36	36	89	44	15	110	0	50
 56837	36	36	90	44	15	111	0	50
 56882	36	36	90	44	15	111	0	50
 56927	36	36	89	44	15	112	0	50
 56973	36	36	89	44	15	113	0	50
 57018	36	36	90	44	15	114	0	50
 57063	36	36	90	44	15	114	0	50
 57109	36	36	89	44	15	115	0	50
 57154	36	36	90	44	15	116	0	50
 57199	36	36	89	44	15	117	0	50
 57245	36	36	90	44	15	117	0	50
 57290	36	36	90	44	15	118	0	50
 57336	36	36	90	44	15	119	0	50
 57381	36	36	90	44	15	120	0	50
 57426	36	36	89	44	15	120	0	50
 57472	36	36	89	44	15	121	0	50
 57517	36	36	90	44	15	122	0	50
 57562	36	36	89	44	15	123	0	50
 57608	36	36	89	44	15	123	0	50
 57653	36	36	89	36	16	64	0	50
 57698	36	36	89	36	16	65	0	50
 57744	36	36	89	36	16	66	0	50
 57789	36	36	89	36	16	66	0	50
 57834	36	36	89	36	16	67	0	50
 57880	36	36	90	36	16	68	0	50
 57925	36	36	89	36	16	69	0	50
 57970	36	36	89	36	16	70	0	50
 58016	36	36	89	36	16	70	0	50
 58061	36	36	89	36	16	71	0	50
 58106	36	36	89	36	16	72	0	50
 58152	36	36	89	36	16	73	0	50
 58197	36	36	89	36	16	73	0	50
 58243	36	36	89	36	16	74	0	50
 58288	36	36	89	36	16	75	0	50
 58333	36	36	89	36	16	76	0	50
 58379	36	36	89	36	16	76	0	50
 58424	36	36	89	36	16	77	0	50
 58469	36	36	89	36	16	78	0	50
 58515	36	36	89	36	16	79	0	50
 58560	36	36	89	36	16	79	0	50
 58605	36	36	89	36	16	80	0	50
 58651	36	36	89	36	16	81	0	50
 58696	36	36	89	36	16	82	0	50
 58741	36	36	89	36	16	82	0	50
 58787	36	36	89	36	16	83	0	50
 58832	36	36	89	36	16	84	0	50
 58877	36	36	89	36	16	85	0	50
 58923	36	36	89	36	16	85	0	50
 58968	36	36	89	36	16	86	0	50
 59013	36	36	89	36	16	87	0	50
 59059	36	36	89	36	16	88	0	50
 59104	36	36	89	36	16	88	0	50
 59150	36	36	89	36	16	89	0	50
 59195	36	36	89	36	16	90	0	50
 59240	36	36	89	36	16	91	0	50
 59286	36	36	89	36	16	91	0	50
 59331	36	36	89	36	16	92	0	50
 59376	36	36	89	36	16	93	0	51
 59422	36	36	89	44	16	94	0	51
 59467	36	36	89	44	16	94	0	51
 59513	36	36	89	44	16	95	0	51
 59558	36	36	89	44	16	96	0	51
 59603	36	36	89	44	16	97	0	51
 59648	36	36	89	44	16	97	0	50
 59694	36	36	89	44	16	98	0	51
 59739	36	36	89	44	16	99	0	51
 59784	36	36	89	44	16	100	0	51
 59830	36	36	89	44	16	100	0	50
 59875	36	36	89	44	16	101	0	50
 59921	36	36	89	44	16	102	0	51
 59966	36	36	89	44	16	103	0	51
 60011	36	36	88	44	16	104	0	50
 60057	36	36	88	44	16	104	0	51
 60102	36	36	88	44	16	105	0	50
 60147	36	36	89	44	16	106	0	50
 60193	36	36	89	44	16	107	0	50
 60238	36	36	88	44	16	107	0	51
 60283	36	36	89	44	16	108	0	51
 60329	36	36	88	44	16	109	0	51
 60374	36	36	89	44	16	110	0	51
 60419	36	36	89	44	16	110	0	51
 60465	36	36	88	44	16	111	0	51
 60510	36	36	89	44	16	112	0	51
 60555	36	36	89	44	16	113	0	50
 60601	36	36	88	44	16	113	0	51
 60646	36	36	88	44	16	114	0	51
 60691	36	36	88	44	16	115	0	51
 60737	36	36	89	44	16	116	0	51
 60782	36	36	88	44	16	116	0	50
 60828	36	36	89	44	16	117	0	51
 60873	36	36	88	44	16	118	0	51
 60918	36	36	89	44	16	119	0	50
 60964	36	36	88	44	16	119	0	50
 61009	36	36	88	44	16	120	0	50
 61054	36	36	88	44	16	121	0	50
 61100	36	36	88	44	16	122	0	50
 61145	36	36	88	44	16	122	0	50
 61190	36	36	88	44	16	123	0	50
 61236	36	36	88	36	17	64	0	51
 61281	36	36	88	36	17	65	0	51
 61326	36	36	88	36	17	65	0	51
 61372	36	36	88	36	17	66	0	51
 61417	36	36	88	36	17	67	0	51
 61462	36	36	88	36	17	68	0	51
 61508	36	36	88	36	17	68	0	51
 61553	36	36	88	36	17	69	0	51
 61598	36	36	88	36	17	70	0	51
 61644	36	36	88	36	17	71	0	51
 61689	36	36	88	36	17	71	0	51
 61735	36	36	88	36	17	72	0	51
 61780	36	36	88	36	17	73	0	51
 61825	36	36	88	36	17	74	0	51
 61871	36	36	88	36	17	74	0	51
 61916	36	36	88	36	17	75	0	51
 61961	36	36	88	36	17	76	0	51
 62007	36	36	88	36	17	77	0	51
 62052	36	36	88	36	17	78	0	51
 62097	36	36	88	36	17	78	0	51
 62143	36	36	88	36	17	79	0	51
 62188	36	36	88	36	17	80	0	51
 62233	36	36	88	36	17	81	0	51
 62279	36	36	88	36	17	81	0	51
 62324	36	36	88	36	17	82	0	51
 62369	36	36	89	36	17	83	0	50
 62415	36	37	88	36	17	84	0	50
 62460	36	36	88	36	17	84	0	50
 62505	36	37	88	36	17	85	0	50
 62551	36	37	88	36	17	86	0	51
 62596	36	37	88	36	17	87	0	51
 62642	37	37	88	36	17	87	0	51
 62687	37	37	88	36	17	88	0	50
 62732	37	37	88	36	17	89	0	50
 62778	37	37	88	36	17	90	0	50
 62823	37	37	88	36	17	90	0	50
 62868	37	37	88	36	17	91	0	50
 62914	37	37	88	36	17	92	0	51
 62959	38	37	88	36	17	93	0	50
 63004	38	37	88	36	17	93	0	50
 63050	38	37	88	44	17	94	0	51
 63095	38	37	88	44	17	95	0	50
 63140	38	37	88	44	17	96	0	51
 63186	38	37	88	44	17	96	0	51
 63231	38	37	88	44	17	97	0	51
 63276	38	38	87	44	17	98	0	51
 63322	38	38	87	44	17	99	0	51
 63367	38	38	88	44	17	99	0	50
 63413	38	38	87	44	17	100	0	50
 63458	39	38	87	44	17	101	0	50
 63503	39	38	87	44	17	102	0	50
 63549	39	38	87	44	17	102	0	50
 63594	39	38	87	44	17	103	0	50
 63639	39	38	87	44	17	104	0	50
 63685	39	38	87	44	17	105	0	50
 63730	39	38	87	44	17	105	0	50
 63775	39	38	87	44	17	106	0	50
 63821	39	38	87	44	17	107	0	50
 63866	39	38	87	44	17	108	0	50
 63911	39	38	87	44	17	108	0	50
 63957	39	38	87	44	17	109	0	50
 64002	39	38	87	44	17	110	0	50
 64057	39	38	87	44	17	111	0	50
 64102	39	38	87	44	17	112	0	50
 64147	38	38	87	44	17	112	0	51
 64193	39	38	87	44	17	113	0	51
 64238	39	38	87	44	17	114	0	51
 64283	38	38	87	44	17	115	0	51
 64329	38	38	87	44	17	115	0	51
 64374	38	38	87	44	17	116	0	51
 64419	38	38	87	44	17	117	0	51
 64465	38	38	87	44	17	118	0	51
 64510	39	38	87	44	17	118	0	50
 64555	38	38	87	44	17	119	0	51
 64601	38	38	87	44	17	120	0	50
 64646	38	38	86	44	17	121	0	51
 64691	38	38	86	44	17	121	0	51
 64737	38	38	86	44	17	122	0	50
 64782	38	38	87	44	17	123	0	50
 64828	38	38	87	36	18	64	0	51
 64873	38	38	87	36	18	65	0	50
 64918	38	38	87	36	18	65	0	50
 64964	38	38	86	36	18	66	0	50
 65009	38	38	86	36	18	67	0	51
 65054	39	38	87	36	18	68	0	50
 65100	38	38	86	36	18	68	0	50
 65145	38	38	86	36	18	69	0	51
 65190	38	38	86	36	18	70	0	50
 65236	38	38	86	36	18	71	0	50
 65281	39	38	86	36	18	71	0	50
 65326	39	38	86	36	18	72	0	50
 65372	38	38	86	36	18	73	0	50
 65417	38	38	86	36	18	74	0	50
 65462	38	38	86	36	18	74	0	50
 65508	38	38	86	36	18	75	0	50
 65553	38	38	86	36	18	76	0	50
 65598	38	38	86	36	18	77	0	50
 65644	38	38	86	36	18	77	0	51
 65689	38	38	86	36	18	78	0	51
 65735	38	38	86	36	18	79	0	51
 65780	38	38	86	36	18	80	0	51
 65825	38	38	86	36	18	80	0	51
 65871	38	38	86	36	18	81	0	51
 65917	38	38	86	36	18	82	0	51
 65961	38	38	86	36	18	83	0	51
 66007	38	38	86	36	18	83	0	51
 66052	38	38	86	36	18	84	0	51
 66097	38	38	86	36	18	85	0	51
 66143	39	38	86	36	18	86	0	51
 66188	38	38	86	36	18	86	0	51
 66233	38	38	86	36	18	87	0	51
 66279	38	38	86	36	18	88	0	51
 66324	38	38	86	36	18	89	0	51
 66369	38	38	86	36	18	89	0	50
 66415	38	38	86	36	18	90	0	50
 66460	38	38	86	36	18	91	0	50
 66506	38	38	86	36	18	92	0	50
 66551	38	38	86	36	18	92	0	50
 66596	38	38	86	36	18	93	0	50
 66642	38	38	86	44	18	94	0	50
 66687	38	38	86	44	18	95	0	50
 66732	38	38	86	44	18	96	0	50
 66778	38	38	86	44	18	96	0	50
 66823	38	38	86	44	18	97	0	50
 66868	38	38	86	44	18	98	0	50
 66914	38	38	86	44	18	99	0	50
 66959	38	38	86	44	18	99	0	50
 67004	38	38	85	44	18	100	0	50
 67050	38	38	86	44	18	101	0	50
 67095	38	38	86	44	18	102	0	50
 67140	38	38	86	44	18	102	0	50
 67186	38	38	86	44	18	103	0	50
 67231	38	38	85	44	18	104	0	50
 67277	38	38	86	44	18	105	0	50
 67322	38	38	85	44	18	105	0	50
 67367	38	38	85	44	18	106	0	50
 67413	38	38	85	44	18	107	0	50
 67458	38	38	85	44	18	108	0	50
 67503	38	38	85	44	18	108	0	50
 67549	38	38	85	44	18	109	0	50
 67594	38	38	85	44	18	110	0	50
 67639	38	38	85	44	18	111	0	50
 67685	38	38	85	44	18	111	0	50
 67730	38	38	87	44	18	112	0	50
 67775	38	38	85	44	18	113	0	51
 67821	38	38	85	44	18	114	0	51
 67866	38	38	85	44	18	114	0	51
 67911	38	38	85	44	18	115	0	51
 67957	38	38	86	44	18	116	0	51
 68002	38	38	85	44	18	117	0	51
 68047	38	38	85	44	18	117	0	51
 68093	38	38	85	44	18	118	0	51
 68138	38	38	85	44	18	119	0	51
 68184	38	38	85	44	18	120	0	51
 68229	38	38	85	44	18	120	0	51
 68274	38	38	85	44	18	121	0	51
 68320	38	38	85	44	18	122	0	51
 68365	38	38	85	44	18	123	0	50
 68410	38	38	86	44	18	123	0	50
 68456	38	38	85	4	19	64	0	50
 68501	38	38	85	4	19	65	0	50
 68546	38	38	85	4	19	66	0	50
 68592	38	38	85	4	19	66	0	50
 68637	38	38	85	4	19	67	0	50
 68682	38	38	85	4	19	68	0	50
 68728	38	38	85	4	19	69	0	50
 68773	38	38	85	4	19	70	0	51
 68818	38	38	85	4	19	70	0	50
 68864	38	38	85	4	19	71	0	50
 68909	38	38	85	4	19	72	0	50
 68955	38	38	85	4	19	73	0	50
 69000	38	38	85	4	19	73	0	50
 69045	38	38	85	4	19	74	0	50
 69091	38	38	85	4	19	75	0	50
 69136	38	38	85	4	19	76	0	50
 69181	38	38	85	4	19	76	0	50
 69227	38	38	85	4	19	77	0	50
 69272	38	38	85	4	19	78	0	50
 69317	38	38	85	4	19	79	0	50
 69363	38	38	85	4	19	79	0	50
 69408	38	38	84	4	19	80	0	50
 69453	38	38	85	4	19	81	0	50
 69499	38	38	85	4	19	82	0	50
 69544	38	38	84	4	19	82	0	50
 69589	38	38	85	4	19	83	0	50
 69635	38	38	85	4	19	84	0	50
 69680	38	38	84	4	19	85	0	50
 69726	38	38	84	4	19	85	0	50
 69771	38	38	85	4	19	86	0	50
 69816	38	38	84	4	19	87	0	50
 69862	38	38	84	4	19	88	0	50
 69907	38	38	85	4	19	88	0	50
 69952	38	38	84	4	19	89	0	50
 69998	38	38	84	4	19	90	0	50
 70043	38	38	84	4	19	91	0	50
 70088	38	38	84	4	19	91	0	50
 70134	38	38	84	4	19	92	0	50
 70179	38	38	84	4	19	93	0	50
 70224	38	38	84	12	19	94	0	50
 70270	38	38	84	12	19	94	0	50
 70315	38	38	84	12	19	95	0	50
 70360	38	38	84	12	19	96	0	50
 70406	38	38	84	12	19	97	0	50
 70451	38	38	84	12	19	97	0	50
 70496	38	38	84	12	19	98	0	50
 70542	38	38	84	12	19	99	0	50
 70587	38	38	84	12	19	100	0	50
 70633	38	38	84	12	19	100	0	50
 70678	38	38	84	12	19	101	0	50
 70723	38	38	84	12	19	102	0	50
 70769	38	38	84	12	19	103	0	50
 70814	38	38	84	12	19	104	0	50
 70859	38	38	84	12	19	104	0	50
 70905	38	38	84	12	19	105	0	50
 70950	38	38	84	12	19	106	0	50
 70995	38	38	84	12	19	107	0	50
 71041	38	38	84	12	19	107	0	50
 71086	38	38	84	12	19	108	0	50
 71136	38	38	84	12	19	109	0	50
 71177	38	38	85	12	19	110	0	50
 71222	38	38	84	12	19	110	0	50
 71267	38	38	84	12	19	111	0	50
 71313	38	38	84	12	19	112	0	50
 71358	38	38	84	12	19	113	0	50
 71404	38	38	84	12	19	113	0	50
 71449	38	38	84	12	19	114	0	50
 71494	38	38	84	12	19	115	0	50
 71540	38	38	84	12	19	116	0	50
 71585	38	38	84	12	19	116	0	50
 71630	38	38	84	12	19	117	0	50
 71676	38	38	84	12	19	118	0	50
 71721	38	38	83	12	19	119	0	50
 71766	38	38	83	12	19	119	0	50
 71812	38	38	84	12	19	120	0	50
 71857	38	38	83	12	19	121	0	50
 71902	38	38	83	12	19	122	0	50
 71948	38	37	83	12	19	122	0	50
 71993	38	38	83	12	19	123	0	50
 72038	38	38	83	4	20	64	0	50
 72084	38	38	83	4	20	65	0	50
 72129	38	38	83	4	20	65	0	50
 72175	38	38	83	4	20	66	0	50
 72220	38	38	83	4	20	67	0	50
 72265	38	38	83	4	20	68	0	50
 72311	38	38	83	4	20	68	0	50
 72356	38	38	83	4	20	69	0	50
 72401	38	38	84	4	20	70	0	50
 72447	38	38	83	4	20	71	0	50
 72492	38	38	83	4	20	71	0	50
 72537	38	38	83	4	20	72	0	50
 72583	38	38	83	4	20	73	0	50
 72628	38	38	83	4	20	74	0	50
 72673	38	38	83	4	20	74	0	50
 72719	38	37	83	4	20	75	0	50
 72764	38	37	83	4	20	76	0	50
 72809	38	38	83	4	20	77	0	50
 72855	38	38	83	4	20	78	0	50
 72900	38	38	83	4	20	78	0	50
 72945	38	38	83	4	20	79	0	50
 72991	38	38	83	4	20	80	0	50
 73036	38	38	83	4	20	81	0	50
 73082	38	38	83	4	20	81	0	50
 73127	38	38	83	4	20	82	0	50
 73172	38	38	83	4	20	83	0	50
 73218	38	38	83	4	20	84	0	50
 73263	38	38	83	4	20	84	0	50
 73308	38	38	83	4	20	85	0	50
 73354	38	37	82	4	20	86	0	50
 73399	38	38	83	4	20	87	0	50
 73444	38	38	83	4	20	87	0	50
 73490	38	38	82	4	20	88	0	50
 73535	38	37	83	4	20	89	0	50
 73580	38	37	83	4	20	90	0	50
 73626	38	37	83	4	20	90	0	50
 73671	38	38	82	4	20	91	0	50
 73716	38	37	82	4	20	92	0	50
 73762	38	37	82	4	20	93	0	50
 73807	38	37	82	4	20	93	0	50
 73852	38	37	82	12	20	94	0	50
 73898	38	38	82	12	20	95	0	50
 73943	38	37	82	12	20	96	0	50
 73989	38	37	82	12	20	96	0	50
 74034	38	37	82	12	20	97	0	50
 74079	38	37	82	12	20	98	0	50
 74125	38	38	82	12	20	99	0	50
 74170	38	37	82	12	20	99	0	50
 74215	38	38	82	12	20	100	0	50
 74261	38	37	82	12	20	101	0	50
 74306	38	37	82	12	20	102	0	50
 74351	38	37	82	12	20	102	0	50
 74397	38	37	82	12	20	103	0	50
 74442	38	38	82	12	20	104	0	50
 74487	38	37	82	12	20	105	0	50
 74533	38	38	82	12	20	105	0	50
 74578	38	37	82	12	20	106	0	50
 74623	38	38	82	12	20	107	0	50
 74669	38	38	81	12	20	108	0	50
 74714	38	37	81	12	20	108	0	50
 74759	38	37	82	12	20	109	0	50
 74805	38	37	81	12	20	110	0	50
 74850	38	37	81	12	20	111	0	50
 74896	38	37	82	12	20	112	0	50
 74941	38	37	81	12	20	112	0	50
 74986	38	37	81	12	20	113	0	50
 75032	37	38	81	12	20	114	0	50
 75077	38	38	82	12	20	115	0	50
 75122	38	37	81	12	20	115	0	50
 75168	38	37	81	12	20	116	0	50
 75213	38	37	81	12	20	117	0	50
 75258	38	37	81	12	20	118	0	50
 75304	38	37	82	12	20	118	0	50
 75349	38	37	81	12	20	119	0	50
 75394	38	37	81	12	20	120	0	50
 75440	38	37	81	12	20	121	0	50
 75485	38	37	81	12	20	121	0	50
 75530	38	37	81	12	20	122	0	50
 75576	38	37	81	12	20	123	0	50
 75621	38	38	81	4	21	64	0	50
 75666	38	37	81	4	21	64	0	50
 75712	38	37	81	4	21	65	0	50
 75757	38	37	81	4	21	66	0	50
 75802	38	37	81	4	21	67	0	50
 75848	38	37	81	4	21	67	0	50
 75893	38	37	81	4	21	68	0	50
 75939	38	37	81	4	21	69	0	50
 75984	38	37	81	4	21	70	0	50
 76029	38	38	81	4	21	70	0	50
 76075	38	37	81	4	21	71	0	50
 76120	38	37	81	4	21	72	0	50
 76165	38	37	81	4	21	73	0	50
 76211	38	37	81	4	21	73	0	50
 76256	38	37	81	4	21	74	0	50
 76301	38	37	80	4	21	75	0	50
 76347	38	37	80	4	21	76	0	50
 76392	38	37	80	4	21	76	0	50
 76437	38	37	80	4	21	77	0	50
 76483	38	37	80	4	21	78	0	50
 76528	38	37	79	4	21	79	0	50
 76573	38	37	79	4	21	79	0	50
 76619	38	37	79	4	21	80	0	50
 76664	37	37	79	4	21	81	0	50
 76709	38	37	79	4	21	82	0	50
 76759	38	37	79	4	21	83	0	50
 76800	38	37	79	4	21	83	0	50
 76846	38	37	79	4	21	84	0	50
 76891	38	37	80	4	21	85	0	50
 76936	38	37	79	4	21	86	0	50
 76982	38	37	79	4	21	86	0	50
 77027	38	37	79	4	21	87	0	50
 77072	37	37	79	4	21	88	0	50
 77118	38	37	79	4	21	89	0	50
 77163	38	37	79	4	21	89	0	50
 77208	38	37	79	4	21	90	0	50
 77254	38	37	79	4	21	91	0	50
 77299	38	37	79	4	21	92	0	50
 77344	38	37	79	4	21	92	0	50
 77390	37	37	79	4	21	93	0	50
 77435	38	37	79	12	21	94	0	50
 77481	38	37	79	12	21	95	0	50
 77526	38	37	79	12	21	95	0	50
 77571	38	37	79	12	21	96	0	50
 77616	38	37	79	12	21	97	0	50
 77662	38	37	79	12	21	98	0	50
 77707	37	37	79	12	21	98	0	50
 77753	38	37	79	12	21	99	0	50
 77798	38	37	79	12	21	100	0	50
 77843	38	37	79	12	21	101	0	50
 77889	38	37	79	12	21	101	0	50
 77934	38	37	79	12	21	102	0	50
 77979	38	37	79	12	21	103	0	50
 78025	37	37	79	12	21	104	0	50
 78070	37	37	79	12	21	104	0	50
 78115	37	37	79	12	21	105	0	50
 78161	37	37	79	12	21	106	0	50
 78206	38	37	78	12	21	107	0	50
 78251	37	37	78	12	21	107	0	50
 78297	37	37	78	12	21	108	0	50
 78342	37	37	78	12	21	109	0	50
 78387	37	37	79	12	21	110	0	50
 78433	38	37	78	12	21	110	0	50
 78478	37	37	78	12	21	111	0	50
 78527	37	37	78	12	21	112	0	50
 78569	38	37	78	12	21	113	0	50
 78614	37	37	78	12	21	113	0	50
 78660	38	37	78	12	21	114	0	50
 78705	38	37	78	12	21	115	0	50
 78750	38	37	78	12	21	116	0	50
 78796	38	37	78	12	21	117	0	50
 78841	37	37	78	12	21	117	0	50
 78886	37	37	78	12	21	118	0	50
 78932	38	37	78	12	21	119	0	50
 78977	37	37	78	12	21	120	0	50
 79022	37	37	78	12	21	120	0	50
 79068	37	37	78	12	21	121	0	50
 79113	37	37	78	12	21	122	0	50
 79158	38	37	78	12	21	123	0	50
 79204	37	37	79	12	21	123	0	50
 79249	37	37	78	4	22	64	0	50
 79294	38	37	78	4	22	65	0	50
 79340	37	37	78	4	22	66	0	50
 79385	38	37	78	4	22	66	0	50
 79430	37	37	78	4	22	67	0	50
 79476	38	37	78	4	22	68	0	50
 79521	37	37	78	4	22	69	0	50
 79566	37	37	78	4	22	69	0	50
 79612	37	37	78	4	22	70	0	50
 79657	37	37	78	4	22	71	0	50
 79703	37	37	78	4	22	72	0	50
 79748	37	37	78	4	22	72	0	50
 79793	37	37	78	4	22	73	0	50
 79839	37	37	78	4	22	74	0	50
 79884	38	37	78	4	22	75	0	50
 79929	37	37	78	4	22	75	0	50
 79975	37	37	78	4	22	76	0	50
 80020	37	37	78	4	22	77	0	50
 80065	38	37	78	4	22	78	0	50
 80111	37	37	78	4	22	78	0	50
 80156	38	37	78	4	22	79	0	50
 80201	37	37	78	4	22	80	0	50
 80247	37	37	78	4	22	81	0	50
 80292	37	37	78	4	22	81	0	50
 80337	37	37	78	4	22	82	0	50
 80383	37	37	78	4	22	83	0	50
 80428	37	37	78	4	22	84	0	50
 80473	38	37	78	4	22	84	0	50
 80519	37	37	78	4	22	85	0	50
 80564	37	37	78	4	22	86	0	50
 80610	37	37	77	4	22	87	0	50
 80659	38	37	78	4	22	87	0	50
 80700	37	37	77	4	22	88	0	50
 80746	37	37	78	4	22	89	0	50
 80791	37	37	78	4	22	90	0	50
 80836	37	37	77	4	22	91	0	50
 80882	37	37	77	4	22	91	0	50
 80927	37	37	77	4	22	92	0	50
 80972	37	37	77	4	22	93	0	50
 81018	37	37	77	12	22	94	0	50
 81063	37	37	77	12	22	94	0	50
 81108	37	37	77	12	22	95	0	49
 81154	37	37	77	12	22	96	0	50
 81199	37	37	77	12	22	97	0	49
 81244	37	37	77	12	22	97	0	50
 81290	37	37	77	12	22	98	0	50
 81335	37	37	77	12	22	99	0	49
 81380	37	37	77	12	22	100	0	49
 81426	37	37	77	12	22	100	0	50
 81471	37	37	77	12	22	101	0	49
 81517	37	37	77	12	22	102	0	49
 81562	37	37	76	12	22	103	0	49
 81607	37	37	77	12	22	104	0	49
 81653	37	37	76	12	22	104	0	49
 81698	37	37	76	12	22	105	0	49
 81743	37	37	76	12	22	106	0	49
 81789	37	37	77	12	22	107	0	49
 81834	37	37	77	12	22	107	0	50
 81879	37	37	77	12	22	108	0	49
 81925	37	37	76	12	22	109	0	49
 81970	37	37	77	12	22	110	0	49
 82015	37	37	77	12	22	110	0	49
 82061	37	37	77	12	22	111	0	49
 82106	37	37	77	12	22	112	0	49
 82151	37	37	77	12	22	113	0	49
 82197	37	37	77	12	22	113	0	49
 82242	37	37	77	12	22	114	0	49
 82287	37	37	76	12	22	115	0	49
 82333	37	37	78	12	22	116	0	49
 82378	37	37	76	12	22	116	0	49
 82424	37	37	77	12	22	117	0	49
 82469	37	37	76	12	22	118	0	49
 82514	37	37	76	12	22	119	0	49
 82560	37	37	76	12	22	119	0	49
 82605	37	37	76	12	22	120	0	49
 82650	37	37	76	12	22	121	0	49
 82696	37	37	76	12	22	122	0	49
 82741	37	37	76	12	22	122	0	49
 82786	37	37	76	12	22	123	0	49
 82832	37	37	76	4	23	64	0	49
 82877	37	37	76	4	23	65	0	49
 82922	37	37	76	4	23	65	0	49
 82968	37	37	76	4	23	66	0	49
 83013	37	37	76	4	23	67	0	49
 83058	37	37	76	4	23	68	0	49
 83104	37	37	76	4	23	68	0	49
 83149	37	37	76	4	23	69	0	49
 83194	37	37	76	4	23	70	0	49
 83240	37	37	76	4	23	71	0	49
 83289	37	37	76	4	23	71	0	49
 83331	37	37	76	4	23	72	0	49
 83378	37	37	75	4	23	73	0	49
 83421	37	37	76	4	23	74	0	49
 83467	37	37	76	4	23	74	0	49
 83512	37	37	76	4	23	75	0	49
 83557	37	37	75	4	23	76	0	49
 83603	37	37	75	4	23	77	0	49
 83648	37	37	75	4	23	78	0	49
 83693	37	37	75	4	23	78	0	49
 83739	37	37	75	4	23	79	0	49
 83784	37	37	75	4	23	80	0	49
 83829	37	37	75	4	23	81	0	49
 83876	37	37	75	4	23	81	0	49
 83920	37	37	75	4	23	82	0	49
 83965	37	37	75	4	23	83	0	49
 84011	37	37	75	4	23	84	0	49
 84056	37	37	75	4	23	84	0	49
 84101	37	37	75	4	23	85	0	49
 84147	37	37	75	4	23	86	0	49
 84192	37	37	75	4	23	87	0	49
 84238	37	37	75	4	23	87	0	49
 84283	37	37	75	4	23	88	0	49
 84328	37	37	75	4	23	89	0	49
 84374	37	37	75	4	23	90	0	49
 84419	37	37	75	4	23	90	0	49
 84464	37	37	75	4	23	91	0	49
 84510	37	37	75	4	23	92	0	49
 84555	37	37	75	4	23	93	0	49
 84600	37	37	75	4	23	93	0	49
 84646	37	37	75	12	23	94	0	49
 84691	37	37	75	12	23	95	0	49
 84736	37	37	75	12	23	96	0	49
 84782	37	37	75	12	23	96	0	49
 84827	37	37	75	12	23	97	0	49
 84872	37	37	75	12	23	98	0	49
 84918	37	37	75	12	23	99	0	49
 84963	37	37	75	12	23	99	0	49
 85008	37	37	75	12	23	100	0	49
 85054	37	37	75	12	23	101	0	49
 85099	37	37	75	12	23	102	0	49
 85144	37	37	75	12	23	102	0	49
 85190	37	37	75	12	23	103	0	49
 85235	37	37	74	12	23	104	0	49
 85281	37	37	75	12	23	105	0	49
 85326	37	37	75	12	23	105	0	49
 85371	37	37	75	12	23	106	0	49
 85417	37	37	75	12	23	107	0	49
 85462	37	37	74	12	23	108	0	49
 85507	37	37	74	12	23	109	0	49
 85553	37	37	74	12	23	109	0	49
 85598	37	37	74	12	23	110	0	49
 85643	37	37	74	12	23	111	0	49
 85689	37	37	74	12	23	112	0	49
 85734	37	37	74	12	23	112	0	49
 85779	37	37	74	12	23	113	0	49
 85825	37	37	74	12	23	114	0	49
 85870	37	37	74	12	23	115	0	49
 85915	37	37	74	12	23	115	0	49
 85961	37	37	74	12	23	116	0	49
 86006	37	37	74	12	23	117	0	49
 86051	37	37	74	12	23	118	0	49
 86097	37	37	74	12	23	118	0	49
 86142	37	37	74	12	23	119	0	49
 86188	37	37	74	12	23	120	0	49
 86233	37	37	74	12	23	121	0	49
 86278	37	37	74	12	23	121	0	49
 86324	37	37	75	12	23	122	0	49
 86369	37	37	74	12	23	123	0	49
