HomeCentral
 Falkenstrasse 20
 8630 Rueti
 Datum: 05.01.14 00:00
 
 Startzeit: 2014-01-05 00:00:14 +0100
 104	71	69	44	36	0	65	0	33
 150	71	69	44	36	0	66	0	33
 195	71	68	44	36	0	66	0	33
 241	71	68	44	36	0	67	0	33
 286	70	68	44	36	0	68	0	33
 331	70	68	44	36	0	69	0	33
 377	70	67	44	36	0	70	0	33
 422	70	67	44	36	0	70	0	33
 467	69	67	44	36	0	71	0	33
 513	70	67	44	36	0	72	0	33
 558	69	67	44	36	0	73	0	33
 603	69	67	44	36	0	73	0	33
 649	69	66	44	36	0	74	0	33
 694	69	66	44	36	0	75	0	33
 739	69	66	44	36	0	76	0	33
 785	68	66	44	36	0	76	0	33
 830	68	66	44	36	0	77	0	33
 875	68	65	44	36	0	78	0	33
 921	68	65	44	36	0	79	0	33
 966	67	65	44	36	0	79	0	33
 1011	67	64	44	36	0	80	0	33
 1057	67	64	44	36	0	81	0	33
 1102	66	64	44	36	0	82	0	33
 1148	66	64	44	36	0	82	0	33
 1193	66	63	44	36	0	83	0	33
 1238	66	63	44	36	0	84	0	33
 1284	66	63	44	36	0	85	0	33
 1329	65	62	44	36	0	85	0	33
 1374	65	62	44	36	0	86	0	33
 1420	65	62	44	36	0	87	0	33
 1465	65	61	44	36	0	88	0	33
 1510	64	61	44	36	0	88	0	33
 1556	64	61	44	36	0	89	0	33
 1601	64	61	44	36	0	90	0	33
 1646	64	60	44	36	0	91	0	33
 1692	63	60	44	36	0	91	0	33
 1737	63	60	44	36	0	92	0	33
 1782	63	60	44	36	0	93	0	33
 1828	63	59	44	44	0	94	0	33
 1874	62	59	44	44	0	94	0	33
 1918	62	59	44	44	0	95	0	33
 1964	62	59	44	44	0	96	0	33
 2009	62	58	44	44	0	97	0	33
 2055	61	58	44	44	0	98	0	33
 2100	61	58	44	44	0	98	0	33
 2145	61	58	44	44	0	99	0	33
 2191	61	58	44	44	0	100	0	33
 2236	61	57	44	44	0	101	0	33
 2281	60	57	44	44	0	101	0	33
 2327	60	57	44	44	0	102	0	33
 2372	60	56	44	44	0	103	0	33
 2417	60	56	44	44	0	104	0	33
 2463	60	56	44	44	0	104	0	33
 2508	59	56	44	44	0	105	0	33
 2553	59	56	44	44	0	106	0	33
 2599	59	56	43	44	0	107	0	33
 2644	59	56	44	44	0	107	0	33
 2689	59	55	44	44	0	108	0	32
 2735	59	55	44	44	0	109	0	32
 2780	58	55	44	44	0	110	0	32
 2825	59	55	44	44	0	110	0	32
 2871	58	55	43	44	0	111	0	32
 2916	58	55	43	44	0	112	0	32
 2962	58	54	43	44	0	113	0	32
 3007	58	54	44	44	0	113	0	32
 3052	58	54	43	44	0	114	0	32
 3098	58	54	43	44	0	115	0	32
 3143	57	54	43	44	0	116	0	32
 3188	57	54	43	44	0	117	0	32
 3234	57	54	43	44	0	117	0	32
 3279	57	53	43	44	0	118	0	32
 3324	57	53	43	44	0	119	0	32
 3370	57	53	43	44	0	120	0	32
 3415	57	53	43	44	0	120	0	32
 3460	57	53	43	44	0	121	0	32
 3506	57	53	43	44	0	122	0	32
 3551	56	53	44	44	0	123	0	32
 3596	56	53	43	44	0	123	0	32
 3642	56	52	43	4	1	64	0	32
 3687	56	52	43	4	1	65	0	32
 3732	56	52	43	4	1	66	0	32
 3778	56	52	44	4	1	66	0	32
 3823	56	52	43	4	1	67	0	32
 3869	56	52	44	4	1	68	0	32
 3914	56	52	43	4	1	69	0	32
 3960	56	52	43	4	1	69	0	32
 4005	55	52	43	4	1	70	0	32
 4050	55	51	43	4	1	71	0	32
 4095	55	51	43	4	1	72	0	32
 4141	55	51	43	4	1	72	0	32
 4186	55	51	43	4	1	73	0	32
 4231	55	51	43	4	1	74	0	32
 4277	55	51	43	4	1	75	0	32
 4322	55	51	43	4	1	75	0	32
 4367	55	51	43	4	1	76	0	32
 4413	55	51	43	4	1	77	0	32
 4458	55	50	43	4	1	78	0	32
 4503	54	50	43	4	1	78	0	32
 4549	54	50	43	4	1	79	0	32
 4594	54	50	43	4	1	80	0	32
 4640	54	50	43	4	1	81	0	32
 4685	54	50	43	4	1	81	0	32
 4730	54	50	43	4	1	82	0	32
 4775	54	50	43	4	1	83	0	32
 4821	54	49	43	4	1	84	0	32
 4866	54	50	43	4	1	84	0	32
 4912	54	49	43	4	1	85	0	32
 4957	53	49	43	4	1	86	0	32
 5002	53	49	43	4	1	87	0	32
 5048	53	49	43	4	1	87	0	32
 5093	53	49	43	4	1	88	0	32
 5138	53	49	42	4	1	89	0	32
 5184	53	49	43	4	1	90	0	32
 5229	53	49	42	4	1	91	0	32
 5274	53	48	43	4	1	91	0	32
 5320	53	48	42	4	1	92	0	32
 5365	52	48	42	4	1	93	0	32
 5410	52	48	42	12	1	94	0	32
 5456	52	48	42	12	1	94	0	32
 5501	52	48	42	12	1	95	0	32
 5546	52	48	42	12	1	96	0	31
 5592	52	48	42	12	1	97	0	31
 5637	52	48	42	12	1	97	0	31
 5682	52	48	42	12	1	98	0	31
 5728	52	48	42	12	1	99	0	31
 5773	52	47	42	12	1	100	0	32
 5819	51	47	42	12	1	100	0	32
 5864	51	47	42	12	1	101	0	32
 5909	51	47	42	12	1	102	0	31
 5955	51	47	42	12	1	103	0	31
 6000	51	47	42	12	1	103	0	31
 6045	51	47	42	12	1	104	0	31
 6091	51	47	42	12	1	105	0	31
 6136	51	47	42	12	1	106	0	31
 6181	51	47	42	12	1	106	0	31
 6227	51	46	42	12	1	107	0	31
 6272	51	46	42	12	1	108	0	31
 6317	50	46	42	12	1	109	0	31
 6363	50	46	42	12	1	109	0	31
 6408	50	46	42	12	1	110	0	31
 6453	50	46	42	12	1	111	0	31
 6499	50	46	42	12	1	112	0	31
 6544	50	46	42	12	1	112	0	31
 6589	50	46	42	12	1	113	0	31
 6635	50	46	42	12	1	114	0	31
 6680	50	46	42	12	1	115	0	31
 6725	50	46	42	12	1	115	0	31
 6771	50	45	42	12	1	116	0	31
 6816	50	45	42	12	1	117	0	31
 6862	50	45	42	12	1	118	0	31
 6907	50	45	42	12	1	118	0	31
 6952	50	45	42	12	1	119	0	31
 6998	50	45	42	12	1	120	0	31
 7043	49	45	42	12	1	121	0	31
 7088	49	45	42	12	1	121	0	31
 7134	50	45	42	12	1	122	0	31
 7179	50	44	42	12	1	123	0	31
 7224	50	45	42	4	2	64	0	31
 7270	49	45	42	4	2	65	0	31
 7315	49	45	42	4	2	65	0	31
 7360	49	45	42	4	2	66	0	31
 7406	49	44	41	4	2	67	0	31
 7451	49	44	41	4	2	68	0	31
 7496	49	44	42	4	2	68	0	31
 7542	49	44	41	4	2	69	0	31
 7587	49	44	41	4	2	70	0	31
 7633	49	44	41	4	2	71	0	31
 7678	49	44	42	4	2	71	0	31
 7723	49	44	41	4	2	72	0	31
 7769	49	44	42	4	2	73	0	31
 7814	49	44	41	4	2	74	0	31
 7859	49	44	41	4	2	74	0	31
 7905	49	44	41	4	2	75	0	31
 7950	49	44	41	4	2	76	0	31
 7995	48	44	41	4	2	77	0	31
 8041	48	44	41	4	2	77	0	31
 8086	48	44	41	4	2	78	0	31
 8131	48	44	41	4	2	79	0	31
 8177	48	44	41	4	2	80	0	31
 8222	48	43	41	4	2	80	0	31
 8268	48	44	42	4	2	81	0	31
 8313	48	44	41	4	2	82	0	31
 8358	48	43	41	4	2	83	0	30
 8403	48	43	41	4	2	83	0	30
 8449	48	43	41	4	2	84	0	30
 8494	48	43	41	4	2	85	0	30
 8539	48	43	41	4	2	86	0	30
 8585	48	43	41	4	2	86	0	30
 8630	48	43	41	4	2	87	0	30
 8676	48	43	41	4	2	88	0	30
 8721	48	43	41	4	2	89	0	30
 8766	48	43	41	4	2	89	0	30
 8812	48	43	41	4	2	90	0	30
 8857	48	43	41	4	2	91	0	30
 8902	48	43	41	4	2	92	0	30
 8948	47	43	41	4	2	92	0	30
 8993	47	43	41	4	2	93	0	30
 9038	47	43	41	12	2	94	0	30
 9084	48	42	41	12	2	95	0	30
 9129	47	42	41	12	2	96	0	30
 9174	47	42	42	12	2	96	0	30
 9220	47	42	41	12	2	97	0	30
 9265	47	42	41	12	2	98	0	30
 9310	47	42	41	12	2	99	0	30
 9356	47	42	42	12	2	99	0	30
 9401	47	42	41	12	2	100	0	30
 9446	47	42	41	12	2	101	0	30
 9492	47	42	41	12	2	102	0	30
 9537	47	42	41	12	2	102	0	30
 9583	47	42	41	12	2	103	0	30
 9628	47	42	41	12	2	104	0	30
 9673	47	42	41	12	2	105	0	30
 9719	47	42	41	12	2	105	0	30
 9764	47	42	41	12	2	106	0	30
 9809	47	42	41	12	2	107	0	30
 9855	47	41	41	12	2	108	0	30
 9900	47	41	41	12	2	108	0	30
 9945	47	42	41	12	2	109	0	30
 9991	47	41	41	12	2	110	0	30
 10036	47	41	41	12	2	111	0	30
 10081	46	41	41	12	2	111	0	30
 10127	46	41	41	12	2	112	0	30
 10172	46	42	41	12	2	113	0	30
 10217	46	41	41	12	2	114	0	30
 10263	46	41	41	12	2	114	0	30
 10308	46	41	41	12	2	115	0	30
 10353	46	41	41	12	2	116	0	30
 10399	46	41	41	12	2	117	0	30
 10444	46	41	41	12	2	117	0	30
 10490	46	41	41	12	2	118	0	30
 10535	46	41	41	12	2	119	0	30
 10580	46	41	41	12	2	120	0	30
 10626	46	41	41	12	2	120	0	30
 10671	46	41	41	12	2	121	0	30
 10716	46	41	41	12	2	122	0	30
 10762	46	41	41	12	2	123	0	30
 10807	46	41	41	12	2	123	0	30
 10852	46	41	41	4	3	64	0	30
 10898	46	40	41	4	3	65	0	30
 10943	46	40	41	4	3	66	0	30
 10988	46	41	41	4	3	66	0	30
 11034	46	40	41	4	3	67	0	30
 11079	46	40	41	4	3	68	0	30
 11124	46	40	42	4	3	69	0	30
 11170	45	40	41	4	3	70	0	30
 11215	45	40	42	4	3	70	0	30
 11260	45	40	41	4	3	71	0	30
 11306	45	40	42	4	3	72	0	30
 11351	45	40	42	4	3	73	0	30
 11397	45	40	41	4	3	73	0	30
 11442	45	40	41	4	3	74	0	30
 11487	45	40	42	4	3	75	0	30
 11533	45	40	41	4	3	76	0	30
 11578	45	40	41	4	3	76	0	30
 11623	45	40	42	4	3	77	0	30
 11669	45	40	42	4	3	78	0	30
 11714	45	40	42	4	3	79	0	30
 11759	45	40	42	4	3	79	0	30
 11805	45	40	41	4	3	80	0	30
 11850	45	39	42	4	3	81	0	30
 11895	45	39	41	4	3	82	0	30
 11941	45	40	41	4	3	82	0	30
 11986	45	40	41	4	3	83	0	30
 12033	45	40	42	4	3	84	0	30
 12077	45	39	41	4	3	85	0	30
 12122	45	39	41	4	3	85	0	30
 12167	44	39	41	4	3	86	0	30
 12213	44	39	41	4	3	87	0	30
 12258	44	39	41	4	3	88	0	30
 12303	44	39	41	4	3	88	0	30
 12349	44	39	41	4	3	89	0	30
 12394	44	39	41	4	3	90	0	30
 12440	44	39	41	4	3	91	0	30
 12485	44	39	41	4	3	91	0	30
 12530	44	39	42	4	3	92	0	30
 12576	44	39	41	4	3	93	0	30
 12621	44	39	41	12	3	94	0	30
 12666	44	39	42	12	3	94	0	30
 12712	44	39	41	12	3	95	0	30
 12757	44	39	41	12	3	96	0	29
 12802	44	39	42	12	3	97	0	30
 12848	44	39	42	12	3	97	0	30
 12893	44	39	41	12	3	98	0	29
 12938	44	39	42	12	3	99	0	29
 12984	44	39	42	12	3	100	0	29
 13029	44	39	42	12	3	100	0	29
 13074	44	39	42	12	3	101	0	30
 13120	44	39	41	12	3	102	0	30
 13165	44	39	41	12	3	103	0	30
 13210	44	39	41	12	3	104	0	30
 13256	44	39	41	12	3	104	0	30
 13301	44	39	42	12	3	105	0	30
 13347	44	38	42	12	3	106	0	30
 13392	44	38	41	12	3	107	0	30
 13437	44	38	42	12	3	107	0	30
 13483	44	38	41	12	3	108	0	30
 13528	44	38	41	12	3	109	0	29
 13573	43	38	42	12	3	110	0	30
 13619	44	38	41	12	3	110	0	30
 13664	44	38	41	12	3	111	0	29
 13709	43	38	41	12	3	112	0	29
 13755	44	38	42	12	3	113	0	29
 13800	43	38	41	12	3	113	0	29
 13845	43	38	41	12	3	114	0	29
 13891	43	38	41	12	3	115	0	29
 13936	43	38	41	8	3	116	0	29
 13981	44	38	42	8	3	116	0	29
 14027	47	38	42	8	3	117	0	29
 14072	50	38	41	8	3	118	0	29
 14117	52	38	41	8	3	119	0	29
 14163	53	38	41	8	3	119	0	29
 14208	54	38	41	12	3	120	0	29
 14254	54	38	41	12	3	121	0	29
 14299	51	38	41	12	3	122	0	29
 14344	48	38	41	12	3	122	0	29
 14390	47	38	41	12	3	123	0	29
 14435	46	38	41	4	4	64	0	29
 14480	46	38	41	4	4	65	0	29
 14526	45	38	41	4	4	65	0	29
 14571	45	38	41	4	4	66	0	29
 14616	45	38	41	4	4	67	0	29
 14663	45	38	41	4	4	68	0	29
 14707	45	38	41	4	4	68	0	29
 14752	45	38	41	4	4	69	0	29
 14798	45	38	41	4	4	70	0	29
 14843	45	38	41	4	4	71	0	29
 14888	45	38	41	4	4	71	0	29
 14934	45	38	41	4	4	72	0	29
 14979	44	37	41	4	4	73	0	29
 15024	44	37	42	4	4	74	0	29
 15070	45	37	41	4	4	74	0	29
 15115	44	38	41	4	4	75	0	29
 15161	44	37	41	4	4	76	0	29
 15206	44	38	41	4	4	77	0	29
 15251	44	37	41	4	4	78	0	29
 15297	44	37	41	4	4	78	0	29
 15342	44	37	41	4	4	79	0	29
 15387	44	37	41	4	4	80	0	29
 15433	43	37	41	4	4	81	0	29
 15478	44	37	41	4	4	81	0	29
 15523	44	37	41	4	4	82	0	29
 15569	43	37	41	4	4	83	0	29
 15614	43	37	41	4	4	84	0	29
 15659	43	37	41	4	4	84	0	29
 15705	43	37	41	4	4	85	0	29
 15750	43	37	41	4	4	86	0	29
 15795	43	37	41	4	4	87	0	29
 15841	43	37	41	4	4	87	0	29
 15886	43	37	41	4	4	88	0	29
 15931	43	37	41	4	4	89	0	29
 15977	43	37	41	4	4	90	0	29
 16022	43	37	41	4	4	90	0	29
 16068	43	37	41	4	4	91	0	29
 16113	43	37	41	4	4	92	0	29
 16158	43	37	41	4	4	93	0	29
 16204	43	37	41	4	4	93	0	29
 16249	43	37	41	12	4	94	0	29
 16294	43	37	41	12	4	95	0	29
 16340	43	37	41	12	4	96	0	29
 16385	43	37	41	12	4	96	0	29
 16430	43	37	41	12	4	97	0	29
 16476	43	37	41	12	4	98	0	29
 16521	43	37	41	12	4	99	0	29
 16566	43	37	41	12	4	99	0	29
 16612	43	37	41	12	4	100	0	29
 16657	43	37	41	12	4	101	0	29
 16702	43	37	41	12	4	102	0	29
 16748	43	37	41	12	4	102	0	29
 16793	43	37	41	12	4	103	0	29
 16838	43	37	41	12	4	104	0	29
 16884	43	37	41	12	4	105	0	29
 16929	43	37	41	12	4	105	0	29
 16974	44	37	41	12	4	106	0	29
 17020	43	37	41	12	4	107	0	28
 17065	43	37	41	12	4	108	0	28
 17111	43	37	41	12	4	108	0	29
 17156	43	37	41	12	4	109	0	29
 17201	43	37	41	12	4	110	0	28
 17247	43	37	41	12	4	111	0	28
 17292	43	37	41	12	4	112	0	29
 17337	43	37	41	12	4	112	0	29
 17383	43	37	41	12	4	113	0	29
 17428	43	36	41	12	4	114	0	29
 17473	43	37	41	12	4	115	0	29
 17519	43	37	41	12	4	115	0	29
 17564	43	37	40	12	4	116	0	29
 17609	43	36	41	12	4	117	0	29
 17656	43	36	41	12	4	118	0	29
 17700	43	36	40	12	4	118	0	29
 17745	43	36	40	12	4	119	0	29
 17791	43	37	40	12	4	120	0	29
 17836	43	37	40	12	4	121	0	29
 17881	43	36	41	12	4	121	0	29
 17927	43	36	40	12	4	122	0	29
 17972	43	36	40	12	4	123	0	29
 18018	43	36	40	4	5	64	0	29
 18064	43	36	40	4	5	64	0	29
 18108	43	36	40	4	5	65	0	29
 18154	43	36	40	4	5	66	0	29
 18199	43	36	40	4	5	67	0	29
 18244	43	36	40	4	5	67	0	29
 18290	43	36	40	4	5	68	0	29
 18335	43	36	40	4	5	69	0	29
 18380	43	36	40	4	5	70	0	29
 18426	43	36	41	4	5	70	0	29
 18471	43	36	40	4	5	71	0	29
 18516	42	36	40	4	5	72	0	29
 18562	43	36	40	4	5	73	0	29
 18607	42	36	41	4	5	73	0	29
 18652	43	36	41	4	5	74	0	29
 18698	42	36	41	4	5	75	0	29
 18743	42	36	41	4	5	76	0	29
 18788	42	36	41	4	5	76	0	29
 18834	42	36	41	4	5	77	0	29
 18879	42	36	41	4	5	78	0	29
 18925	42	36	41	4	5	79	0	29
 18970	42	36	41	4	5	79	0	29
 19016	42	36	41	4	5	80	0	29
 19061	42	36	41	4	5	81	0	29
 19106	42	36	41	4	5	82	0	29
 19151	42	36	41	4	5	83	0	29
 19197	42	36	41	4	5	83	0	29
 19242	42	36	41	4	5	84	0	29
 19287	42	36	41	4	5	85	0	29
 19333	42	36	41	4	5	86	0	29
 19378	42	36	41	4	5	86	0	29
 19423	42	36	41	4	5	87	0	29
 19469	42	36	41	4	5	88	0	29
 19514	42	35	41	4	5	89	0	29
 19559	42	36	41	4	5	89	0	29
 19605	42	36	41	4	5	90	0	29
 19650	42	36	41	4	5	91	0	29
 19695	42	36	41	4	5	92	0	29
 19741	42	36	41	4	5	92	0	29
 19786	42	35	41	4	5	93	0	29
 19832	42	36	41	12	5	94	0	29
 19877	42	36	41	12	5	95	0	29
 19922	42	35	41	12	5	95	0	29
 19968	42	35	41	12	5	96	0	29
 20013	42	35	41	12	5	97	0	29
 20058	42	35	41	12	5	98	0	29
 20104	42	35	41	12	5	98	0	29
 20149	41	35	41	12	5	99	0	29
 20194	41	35	41	12	5	100	0	29
 20240	42	35	41	12	5	101	0	29
 20285	41	35	41	12	5	101	0	29
 20330	42	35	41	12	5	102	0	29
 20376	42	35	41	12	5	103	0	29
 20421	42	35	41	12	5	104	0	29
 20466	41	35	41	12	5	104	0	29
 20512	41	35	41	12	5	105	0	29
 20557	41	35	42	12	5	106	0	29
 20602	41	35	41	12	5	107	0	28
 20648	41	35	41	12	5	107	0	28
 20693	41	35	41	12	5	108	0	29
 20739	41	35	41	12	5	109	0	29
 20784	41	35	41	12	5	110	0	29
 20829	41	35	41	12	5	110	0	29
 20875	41	35	41	12	5	111	0	29
 20920	41	35	41	12	5	112	0	29
 20965	41	35	41	12	5	113	0	29
 21011	41	35	41	12	5	113	0	29
 21056	41	35	41	12	5	114	0	29
 21101	41	35	41	12	5	115	0	29
 21147	41	35	41	12	5	116	0	28
 21192	41	35	41	12	5	117	0	29
 21237	41	35	41	12	5	117	0	28
 21283	41	35	41	12	5	118	0	29
 21328	41	35	41	12	5	119	0	29
 21373	41	35	41	12	5	120	0	29
 21419	41	35	41	12	5	120	0	29
 21464	41	35	41	12	5	121	0	29
 21509	41	34	41	12	5	122	0	29
 21555	41	35	41	12	5	123	0	28
 21600	41	35	41	12	5	123	0	28
 21646	39	34	41	6	6	64	0	28
 21691	44	34	41	6	6	65	0	29
 21736	63	34	41	6	6	66	0	29
 21782	85	36	41	6	6	66	0	28
 21827	85	40	41	6	6	67	0	28
 21872	74	45	41	6	6	68	0	28
 21918	61	48	41	2	6	69	0	28
 21963	52	48	41	2	6	69	0	28
 22008	48	47	41	2	6	70	0	29
 22054	46	45	41	2	6	71	0	28
 22099	45	45	41	2	6	72	0	28
 22144	45	44	41	2	6	72	0	28
 22190	44	44	41	2	6	73	0	28
 22235	44	44	41	2	6	74	0	29
 22280	44	44	41	2	6	75	0	29
 22326	48	44	41	2	6	75	0	29
 22371	61	45	41	2	6	76	0	29
 22416	83	46	41	2	6	77	0	28
 22462	87	50	41	2	6	78	0	28
 22507	88	54	41	2	6	78	0	28
 22552	85	57	40	2	6	79	0	29
 22598	74	59	41	2	6	80	0	29
 22643	65	59	41	2	6	81	0	29
 22689	63	59	41	2	6	81	0	29
 22734	72	58	41	2	6	82	0	29
 22779	85	58	41	2	6	83	0	29
 22825	87	60	41	2	6	84	0	29
 22870	88	63	41	2	6	84	0	29
 22915	87	65	41	2	6	85	0	29
 22961	80	66	41	2	6	86	0	29
 23006	83	67	41	2	6	87	0	29
 23051	86	68	41	2	6	87	0	29
 23097	87	69	41	2	6	88	0	29
 23142	88	71	41	2	6	89	0	29
 23187	89	72	41	2	6	90	0	29
 23233	89	73	41	2	6	91	0	29
 23278	88	74	41	2	6	91	0	29
 23323	89	74	41	2	6	92	0	29
 23369	88	75	41	2	6	93	0	29
 23414	88	76	41	10	6	94	0	29
 23459	88	76	41	10	6	94	0	29
 23505	85	76	41	10	6	95	0	29
 23550	82	75	41	10	6	96	0	29
 23596	81	74	41	14	6	97	0	29
 23641	78	73	41	14	6	97	0	29
 23686	76	73	41	14	6	98	0	29
 23732	75	72	41	14	6	99	0	29
 23777	73	71	41	14	6	100	0	29
 23822	73	70	41	14	6	100	0	29
 23868	72	70	41	14	6	101	0	30
 23913	72	69	41	14	6	102	0	29
 23958	71	69	41	14	6	103	0	30
 24004	71	69	41	14	6	103	0	30
 24049	71	69	41	14	6	104	0	30
 24094	71	68	41	14	6	105	0	30
 24140	70	68	41	14	6	106	0	30
 24185	70	68	41	14	6	106	0	30
 24230	70	68	41	14	6	107	0	30
 24276	70	67	41	14	6	108	0	30
 24321	70	68	41	14	6	109	0	30
 24366	70	67	41	14	6	109	0	30
 24412	69	67	41	14	6	110	0	30
 24457	69	67	41	14	6	111	0	29
 24503	69	66	41	14	6	112	0	30
 24548	69	66	41	14	6	112	0	30
 24593	69	66	41	14	6	113	0	29
 24639	68	66	41	14	6	114	0	30
 24684	68	66	41	14	6	115	0	29
 24729	68	65	41	14	6	115	0	30
 24775	68	65	41	14	6	116	0	30
 24820	68	65	41	14	6	117	0	30
 24865	67	64	41	14	6	118	0	30
 24911	67	64	41	14	6	118	0	29
 24956	67	64	41	14	6	119	0	30
 25001	67	63	41	14	6	120	0	29
 25047	66	63	41	14	6	121	0	30
 25092	66	63	41	14	6	121	0	30
 25137	66	63	41	14	6	122	0	30
 25183	66	62	41	14	6	123	0	30
 25228	66	62	41	7	7	64	0	30
 25273	68	64	41	7	7	65	0	30
 25319	79	63	41	7	7	65	0	30
 25364	87	64	41	7	7	66	0	30
 25410	90	67	41	7	7	67	0	30
 25455	90	70	41	7	7	68	0	30
 25500	90	72	41	7	7	68	0	30
 25546	91	73	41	7	7	69	0	30
 25591	89	74	41	7	7	70	0	30
 25636	82	74	41	3	7	71	0	30
 25682	77	74	41	3	7	71	0	30
 25727	74	73	41	3	7	72	0	30
 25772	72	73	41	3	7	73	0	30
 25818	72	72	41	3	7	74	0	30
 25863	76	71	41	3	7	74	0	30
 25908	88	71	41	3	7	75	0	30
 25954	88	73	41	3	7	76	0	30
 25999	89	76	41	3	7	77	0	30
 26044	88	78	41	3	7	77	0	30
 26090	88	79	41	7	7	78	0	30
 26135	88	79	41	7	7	79	0	30
 26180	88	79	41	7	7	80	0	30
 26226	88	79	41	7	7	80	0	30
 26271	89	80	41	7	7	81	0	30
 26316	89	80	41	7	7	82	0	30
 26362	89	81	41	7	7	83	0	30
 26407	90	81	41	7	7	83	0	30
 26453	90	82	41	7	7	84	0	30
 26498	90	82	41	7	7	85	0	30
 26543	90	82	41	7	7	86	0	30
 26591	90	83	41	7	7	86	0	30
 26634	88	83	41	3	7	87	0	30
 26679	85	84	41	3	7	88	0	30
 26725	83	84	41	3	7	89	0	30
 26770	82	83	41	3	7	89	0	30
 26815	85	82	41	3	7	90	0	30
 26861	88	81	41	3	7	91	0	30
 26906	88	82	41	3	7	92	0	30
 26951	89	83	41	3	7	92	0	30
 26997	89	84	41	7	7	93	0	30
 27042	90	84	41	15	7	94	0	30
 27087	90	84	41	15	7	95	0	30
 27133	90	84	41	15	7	96	0	30
 27178	90	84	41	15	7	96	0	30
 27224	90	84	41	15	7	97	0	30
 27269	90	84	41	15	7	98	0	30
 27314	90	85	41	15	7	99	0	30
 27360	91	84	41	15	7	99	0	30
 27405	90	85	41	15	7	100	0	30
 27450	90	85	40	15	7	101	0	30
 27496	90	85	41	15	7	102	0	30
 27541	90	85	41	15	7	102	0	30
 27586	90	85	41	15	7	103	0	30
 27632	90	85	40	15	7	104	0	30
 27677	90	85	41	15	7	105	0	30
 27722	89	85	41	15	7	105	0	30
 27768	89	85	41	15	7	106	0	30
 27813	88	85	41	11	7	107	0	30
 27858	85	85	41	11	7	108	0	30
 27904	84	85	41	11	7	108	0	30
 27949	85	84	41	11	7	109	0	30
 27994	89	83	41	11	7	110	0	30
 28040	88	83	41	11	7	111	0	30
 28085	89	84	41	11	7	111	0	30
 28130	89	85	41	15	7	112	0	30
 28176	90	85	41	15	7	113	0	30
 28221	90	85	41	15	7	114	0	30
 28267	91	85	41	15	7	114	0	30
 28313	91	86	41	15	7	115	0	30
 28357	91	85	41	15	7	116	0	30
 28403	91	86	41	15	7	117	0	30
 28448	91	86	41	15	7	117	0	30
 28493	91	86	41	15	7	118	0	30
 28539	91	86	41	15	7	119	0	30
 28584	90	86	41	15	7	120	0	30
 28629	88	86	41	15	7	120	0	30
 28675	87	86	41	15	7	121	0	30
 28720	89	85	41	15	7	122	0	30
 28765	90	85	40	15	7	123	0	30
 28811	90	85	40	15	7	123	0	30
 28856	90	85	41	39	8	64	0	30
 28901	90	85	40	39	8	65	0	30
 28947	90	85	40	39	8	66	0	30
 28992	89	85	40	39	8	66	0	30
 29037	89	84	40	39	8	67	0	30
 29083	89	84	40	39	8	68	0	30
 29128	88	84	41	35	8	69	0	30
 29174	85	83	41	35	8	70	0	30
 29219	81	81	40	35	8	70	0	30
 29264	81	79	40	35	8	71	0	30
 29310	87	77	40	35	8	72	0	30
 29355	88	75	40	35	8	73	0	30
 29400	88	74	40	35	8	73	0	30
 29446	88	73	41	35	8	74	0	30
 29491	89	73	41	35	8	75	0	30
 29536	89	72	41	35	8	76	0	31
 29582	89	73	41	35	8	76	0	31
 29627	90	73	40	39	8	77	0	31
 29672	90	74	41	39	8	78	0	31
 29718	90	75	41	39	8	79	0	31
 29763	89	76	41	39	8	79	0	31
 29808	88	77	41	39	8	80	0	31
 29854	89	78	41	39	8	81	0	31
 29899	90	79	41	39	8	82	0	31
 29944	88	80	41	39	8	82	0	31
 29990	87	80	41	35	8	83	0	31
 30035	83	81	41	35	8	84	0	31
 30081	81	81	41	35	8	85	0	31
 30126	80	80	41	35	8	85	0	31
 30171	83	80	40	35	8	86	0	31
 30217	89	80	41	35	8	87	0	31
 30262	90	80	41	35	8	88	0	31
 30307	89	81	41	35	8	88	0	31
 30353	88	81	41	39	8	89	0	31
 30398	89	82	40	39	8	90	0	32
 30443	89	82	40	39	8	91	0	32
 30489	89	82	40	39	8	91	0	32
 30534	89	82	40	39	8	92	0	32
 30579	89	82	40	39	8	93	0	32
 30625	89	82	40	47	8	94	0	32
 30670	89	83	41	47	8	94	0	32
 30715	89	83	40	47	8	95	0	32
 30761	89	83	40	47	8	96	0	32
 30806	89	83	40	47	8	97	0	32
 30851	89	83	41	47	8	97	0	32
 30897	88	83	40	47	8	98	0	32
 30942	88	83	40	47	8	99	0	32
 30988	88	83	41	47	8	100	0	32
 31033	88	83	41	47	8	100	0	32
 31078	86	83	40	43	8	101	0	32
 31124	83	83	41	43	8	102	0	32
 31169	82	83	40	43	8	103	0	32
 31214	84	82	41	43	8	104	0	32
 31260	89	81	41	43	8	104	0	32
 31305	88	81	41	43	8	105	0	32
 31350	89	82	41	43	8	106	0	32
 31396	89	82	41	47	8	107	0	32
 31441	89	82	41	47	8	107	0	32
 31486	90	83	41	47	8	108	0	32
 31532	90	83	41	47	8	109	0	32
 31577	90	83	41	47	8	110	0	33
 31622	90	83	41	47	8	110	0	33
 31668	90	83	41	47	8	111	0	33
 31713	90	83	41	47	8	112	0	33
 31758	90	83	41	47	8	113	0	33
 31804	90	83	41	47	8	113	0	33
 31849	90	83	41	47	8	114	0	33
 31895	89	84	41	47	8	115	0	33
 31940	89	84	41	47	8	116	0	33
 31985	89	84	41	47	8	116	0	33
 32031	89	84	41	43	8	117	0	33
 32076	85	84	41	43	8	118	0	33
 32121	83	83	41	43	8	119	0	33
 32167	82	83	41	43	8	119	0	33
 32212	85	82	41	43	8	120	0	33
 32257	89	81	41	43	8	121	0	33
 32303	88	82	41	43	8	122	0	33
 32348	89	82	41	43	8	122	0	33
 32393	89	82	41	47	8	123	0	33
 32439	90	83	41	39	9	64	0	33
 32484	90	83	41	39	9	65	0	33
 32529	90	83	41	39	9	65	0	33
 32575	90	83	41	39	9	66	0	33
 32620	90	83	41	39	9	67	0	33
 32666	90	83	41	39	9	68	0	33
 32711	90	84	41	39	9	68	0	33
 32756	90	84	41	39	9	69	0	33
 32802	90	84	41	39	9	70	0	33
 32847	90	84	41	39	9	71	0	33
 32892	90	84	41	39	9	71	0	33
 32938	90	84	41	39	9	72	0	33
 32983	89	84	41	39	9	73	0	33
 33028	89	84	41	39	9	74	0	33
 33074	87	84	41	35	9	74	0	33
 33119	84	84	41	35	9	75	0	33
 33164	83	84	41	35	9	76	0	33
 33210	85	83	41	35	9	77	0	33
 33255	89	82	41	35	9	78	0	33
 33300	88	82	41	35	9	78	0	33
 33346	89	83	41	35	9	79	0	33
 33391	89	83	41	39	9	80	0	33
 33437	90	83	41	39	9	81	0	33
 33482	90	83	41	39	9	81	0	33
 33527	90	83	41	39	9	82	0	33
 33573	90	83	41	39	9	83	0	33
 33618	90	83	41	39	9	84	0	33
 33663	90	83	41	39	9	84	0	33
 33709	90	84	41	39	9	85	0	33
 33754	90	84	41	39	9	86	0	33
 33799	90	84	41	39	9	87	0	33
 33845	89	84	41	39	9	87	0	34
 33890	89	84	41	39	9	88	0	34
 33935	89	84	41	39	9	89	0	34
 33981	89	84	41	39	9	90	0	34
 34026	88	84	41	39	9	90	0	34
 34071	88	84	41	39	9	91	0	34
 34117	87	84	41	35	9	92	0	34
 34162	84	84	41	35	9	93	0	34
 34208	83	83	41	35	9	93	0	34
 34253	83	83	41	43	9	94	0	34
 34298	89	82	41	43	9	95	0	34
 34344	88	82	41	43	9	96	0	34
 34389	88	82	41	43	9	96	0	34
 34434	89	83	41	43	9	97	0	34
 34480	90	83	41	47	9	98	0	34
 34525	90	83	41	47	9	99	0	34
 34570	90	83	41	47	9	99	0	34
 34616	90	84	41	47	9	100	0	34
 34661	90	84	41	47	9	101	0	34
 34706	90	84	41	47	9	102	0	34
 34752	90	84	41	47	9	102	0	34
 34797	91	84	41	47	9	103	0	34
 34842	90	84	41	47	9	104	0	34
 34888	90	84	41	47	9	105	0	34
 34933	90	85	41	47	9	105	0	34
 34978	90	85	41	47	9	106	0	34
 35024	90	85	41	47	9	107	0	34
 35069	90	85	41	47	9	108	0	34
 35115	90	85	41	47	9	108	0	34
 35160	89	85	41	43	9	109	0	34
 35205	86	85	41	43	9	110	0	34
 35251	84	85	41	43	9	111	0	34
 35296	84	85	41	43	9	112	0	34
 35341	88	84	41	43	9	112	0	34
 35387	88	83	41	43	9	113	0	34
 35432	88	83	41	43	9	114	0	34
 35477	89	84	41	47	9	115	0	34
 35523	89	84	41	47	9	115	0	34
 35568	89	84	41	47	9	116	0	34
 35613	89	84	41	47	9	117	0	34
 35659	89	84	41	47	9	118	0	34
 35704	89	84	41	47	9	118	0	34
 35749	89	84	41	47	9	119	0	34
 35795	89	84	41	47	9	120	0	34
 35840	89	84	41	47	9	121	0	34
 35886	89	84	41	47	9	121	0	34
 35931	89	85	41	47	9	122	0	34
 35976	89	85	41	47	9	123	0	34
 36022	89	84	41	39	10	64	0	34
 36067	89	85	41	39	10	64	0	34
 36112	89	85	41	39	10	65	0	34
 36158	88	85	41	39	10	66	0	34
 36203	88	85	41	39	10	67	0	34
 36248	88	85	41	39	10	67	0	34
 36294	88	84	41	39	10	68	0	34
 36339	88	85	41	39	10	69	0	34
 36384	86	84	41	35	10	70	0	34
 36430	84	84	41	35	10	70	0	34
 36475	83	84	41	35	10	71	0	34
 36520	86	83	41	35	10	72	0	34
 36566	88	82	41	35	10	73	0	34
 36611	88	83	41	35	10	73	0	34
 36657	89	83	41	35	10	74	0	34
 36702	89	83	41	39	10	75	0	34
 36747	89	83	41	39	10	76	0	34
 36793	89	83	41	39	10	76	0	34
 36838	90	84	41	39	10	77	0	34
 36883	90	84	41	39	10	78	0	34
 36929	90	84	41	39	10	79	0	34
 36974	90	84	41	39	10	79	0	34
 37019	90	84	41	39	10	80	0	34
 37065	90	84	41	39	10	81	0	34
 37110	89	84	41	39	10	82	0	34
 37155	89	84	40	39	10	83	0	34
 37201	89	84	41	39	10	83	0	34
 37246	89	84	40	39	10	84	0	34
 37291	89	84	40	39	10	85	0	34
 37337	89	84	40	39	10	86	0	34
 37382	88	84	40	39	10	86	0	34
 37428	88	84	41	39	10	87	0	34
 37473	88	84	41	35	10	88	0	35
 37518	85	84	41	35	10	89	0	35
 37564	83	83	41	35	10	89	0	35
 37609	83	82	41	35	10	90	0	35
 37654	87	82	41	35	10	91	0	34
 37700	88	81	41	35	10	92	0	34
 37745	88	81	41	35	10	92	0	35
 37790	88	82	41	35	10	93	0	35
 37836	89	82	41	47	10	94	0	35
 37881	89	82	41	47	10	95	0	35
 37926	90	83	41	47	10	96	0	34
 37972	89	83	41	47	10	96	0	35
 38017	90	83	41	47	10	97	0	35
 38062	89	83	41	47	10	98	0	35
 38108	90	83	41	47	10	99	0	35
 38153	90	83	41	47	10	99	0	35
 38198	90	83	41	47	10	100	0	35
 38244	89	83	41	47	10	101	0	35
 38289	89	83	41	47	10	102	0	35
 38335	89	83	41	47	10	102	0	35
 38381	89	83	41	47	10	103	0	35
 38425	89	83	41	47	10	104	0	35
 38471	88	83	41	47	10	105	0	35
 38516	87	83	41	43	10	105	0	35
 38561	84	83	41	43	10	106	0	35
 38607	82	83	41	43	10	107	0	35
 38652	82	82	41	43	10	108	0	35
 38697	87	82	41	43	10	108	0	35
 38743	88	81	41	43	10	109	0	35
 38788	88	82	41	43	10	110	0	35
 38833	89	82	41	43	10	111	0	35
 38879	89	83	41	47	10	111	0	35
 38924	90	83	41	47	10	112	0	35
 38970	90	83	41	47	10	113	0	35
 39015	90	83	41	47	10	114	0	35
 39060	90	84	41	47	10	114	0	35
 39106	90	84	41	47	10	115	0	35
 39151	88	84	41	47	10	116	0	35
 39196	87	84	41	47	10	117	0	35
 39242	87	84	41	47	10	117	0	35
 39287	88	83	41	47	10	118	0	35
 39332	90	83	41	47	10	119	0	35
 39378	90	84	41	47	10	120	0	35
 39423	88	84	41	47	10	120	0	35
 39468	87	84	41	47	10	121	0	35
 39514	87	84	41	47	10	122	0	35
 39559	87	84	41	47	10	123	0	35
 39604	89	84	41	47	10	123	0	35
 39650	90	83	41	39	11	64	0	35
 39695	90	84	41	39	11	65	0	35
 39740	86	84	41	35	11	66	0	35
 39786	85	85	41	35	11	66	0	35
 39831	83	84	41	35	11	67	0	35
 39877	85	83	41	35	11	68	0	35
 39922	88	82	41	35	11	69	0	35
 39967	88	82	41	35	11	70	0	35
 40013	89	83	41	35	11	70	0	35
 40058	89	84	42	39	11	71	0	35
 40103	90	84	41	39	11	72	0	35
 40149	89	85	41	39	11	73	0	35
 40194	87	85	41	39	11	73	0	35
 40239	86	85	41	39	11	74	0	35
 40285	88	84	41	39	11	75	0	35
 40330	89	83	41	39	11	76	0	35
 40375	89	84	41	39	11	76	0	35
 40421	88	85	41	39	11	77	0	35
 40466	88	85	41	39	11	78	0	35
 40511	87	84	41	39	11	79	0	35
 40557	86	84	41	39	11	79	0	35
 40602	88	84	41	39	11	80	0	35
 40647	89	83	41	39	11	81	0	35
 40693	90	84	41	39	11	82	0	35
 40738	88	84	42	39	11	82	0	35
 40784	87	85	41	39	11	83	0	35
 40829	87	84	41	39	11	84	0	35
 40874	86	84	41	39	11	85	0	35
 40920	88	84	41	39	11	85	0	35
 40965	89	83	41	39	11	86	0	35
 41010	89	84	41	39	11	87	0	35
 41056	87	84	41	39	11	88	0	35
 41101	87	85	41	39	11	88	0	35
 41146	86	84	41	39	11	89	0	35
 41192	86	84	41	35	11	90	0	35
 41237	84	84	41	35	11	91	0	35
 41282	82	83	41	35	11	91	0	35
 41328	84	82	41	35	11	92	0	35
 41373	88	82	41	35	11	93	0	35
 41418	87	82	41	43	11	94	0	35
 41464	88	83	41	43	11	94	0	35
 41509	89	84	41	47	11	95	0	35
 41555	89	84	41	47	11	96	0	35
 41600	90	84	41	47	11	97	0	35
 41645	88	85	41	47	11	97	0	35
 41691	87	85	41	47	11	98	0	35
 41736	86	84	41	47	11	99	0	35
 41781	88	84	41	47	11	100	0	35
 41827	89	83	41	47	11	100	0	35
 41873	90	83	41	47	11	101	0	35
 41917	87	84	41	47	11	102	0	35
 41963	87	84	42	47	11	103	0	35
 42008	86	83	41	47	11	104	0	35
 42053	88	83	41	47	11	104	0	35
 42099	89	82	41	47	11	105	0	35
 42144	89	83	41	47	11	106	0	35
 42189	87	83	41	47	11	107	0	35
 42236	87	83	41	47	11	107	0	35
 42280	86	83	41	47	11	108	0	35
 42326	88	82	41	47	11	109	0	35
 42371	89	82	41	47	11	110	0	35
 42416	89	82	41	47	11	110	0	35
 42462	87	83	41	47	11	111	0	35
 42507	86	83	41	47	11	112	0	35
 42552	84	83	41	43	11	113	0	35
 42598	82	82	41	43	11	113	0	35
 42643	81	81	41	43	11	114	0	35
 42688	85	80	41	43	11	115	0	35
 42734	87	80	41	43	11	116	0	35
 42779	87	80	41	43	11	116	0	35
 42824	88	82	41	43	11	117	0	35
 42870	89	82	41	47	11	118	0	35
 42915	87	83	41	47	11	119	0	35
 42960	87	83	41	47	11	119	0	35
 43006	86	83	41	47	11	120	0	35
 43051	88	82	41	47	11	121	0	35
 43097	88	82	41	47	11	122	0	35
 43142	87	82	41	47	11	122	0	35
 43187	87	83	41	47	11	123	0	35
 43233	87	83	41	39	12	64	0	35
 43278	86	83	42	39	12	65	0	35
 43332	86	83	41	39	12	66	0	35
 43378	86	82	41	39	12	66	0	35
 43423	86	83	41	39	12	67	0	35
 43468	86	83	41	39	12	68	0	35
 43514	86	82	41	39	12	69	0	35
 43559	86	82	41	39	12	69	0	35
 43604	85	82	41	39	12	70	0	35
 43650	85	82	42	39	12	71	0	35
 43695	87	82	42	39	12	72	0	35
 43741	87	82	41	39	12	72	0	35
 43786	87	83	41	39	12	73	0	35
 43831	86	83	42	39	12	74	0	35
 43877	86	83	41	39	12	75	0	35
 43922	86	83	41	39	12	75	0	35
 43967	85	82	41	35	12	76	0	35
 44013	83	82	42	35	12	77	0	35
 44058	82	82	42	35	12	78	0	35
 44103	83	81	41	35	12	78	0	35
 44149	87	80	41	35	12	79	0	35
 44194	86	80	41	35	12	80	0	34
 44239	87	82	41	35	12	81	0	34
 44285	88	82	42	39	12	81	0	34
 44330	89	83	42	39	12	82	0	34
 44375	88	83	42	39	12	83	0	34
 44421	86	84	42	39	12	84	0	34
 44466	85	83	41	39	12	84	0	34
 44511	87	83	42	39	12	85	0	34
 44557	88	82	43	39	12	86	0	34
 44602	89	82	42	39	12	87	0	34
 44648	87	83	42	39	12	87	0	34
 44693	86	84	42	39	12	88	0	34
 44738	86	83	42	39	12	89	0	34
 44784	85	83	42	39	12	90	0	34
 44829	87	82	42	39	12	91	0	34
 44874	88	82	42	39	12	91	0	34
 44920	88	83	42	39	12	92	0	34
 44965	86	83	42	39	12	93	0	34
 45010	86	84	42	47	12	94	0	34
 45056	85	83	42	47	12	94	0	34
 45101	85	83	42	47	12	95	0	35
 45146	88	82	42	47	12	96	0	35
 45192	88	82	42	47	12	97	0	35
 45237	88	83	42	47	12	97	0	35
 45282	87	83	42	47	12	98	0	35
 45328	86	84	41	47	12	99	0	35
 45373	85	83	42	47	12	100	0	35
 45419	85	83	42	43	12	100	0	35
 45464	83	83	42	43	12	101	0	35
 45509	82	82	42	43	12	102	0	35
 45555	83	81	41	43	12	103	0	35
 45601	87	81	42	43	12	103	0	35
 45645	86	81	42	43	12	104	0	35
 45691	87	82	42	43	12	105	0	35
 45736	88	83	42	47	12	106	0	35
 45781	89	83	42	47	12	106	0	35
 45827	86	83	42	47	12	107	0	35
 45872	85	83	42	47	12	108	0	35
 45917	86	83	42	47	12	109	0	35
 45963	87	82	42	47	12	109	0	35
 46008	88	82	42	47	12	110	0	35
 46053	88	83	42	47	12	111	0	35
 46099	85	83	42	47	12	112	0	35
 46144	84	83	42	47	12	112	0	35
 46190	86	83	42	47	12	113	0	35
 46235	87	82	42	47	12	114	0	35
 46280	87	82	42	47	12	115	0	35
 46326	87	82	42	47	12	115	0	35
 46371	88	82	42	47	12	116	0	35
 46416	88	82	42	47	12	117	0	35
 46462	88	83	42	47	12	118	0	35
 46507	87	82	42	47	12	118	0	35
 46552	87	83	42	47	12	119	0	35
 46598	87	82	42	47	12	120	0	35
 46643	87	82	42	47	12	121	0	35
 46688	87	82	42	47	12	121	0	35
 46739	86	82	43	47	12	122	0	35
 46779	86	82	43	47	12	123	0	35
 46829	85	82	43	35	13	64	0	35
 46870	82	82	43	35	13	65	0	35
 46915	81	82	44	35	13	65	0	35
 46961	81	80	44	35	13	66	0	35
 47006	85	79	44	35	13	67	0	35
 47051	83	79	44	35	13	68	0	35
 47097	84	80	44	35	13	68	0	35
 47142	84	80	44	39	13	69	0	36
 47187	84	80	44	39	13	70	0	36
 47233	84	80	44	39	13	71	0	36
 47278	84	80	44	39	13	71	0	36
 47323	84	80	44	39	13	72	0	36
 47369	84	80	45	39	13	73	0	36
 47414	84	80	45	39	13	74	0	36
 47459	84	80	45	39	13	74	0	36
 47505	84	80	45	39	13	75	0	36
 47550	81	80	45	39	13	76	0	36
 47596	80	80	46	39	13	77	0	36
 47641	81	80	46	39	13	77	0	36
 47686	82	79	46	39	13	78	0	36
 47732	82	78	46	39	13	79	0	36
 47777	81	79	46	39	13	80	0	36
 47822	79	79	46	39	13	80	0	36
 47868	78	79	47	39	13	81	0	36
 47913	80	78	47	39	13	82	0	36
 47958	81	77	47	39	13	83	0	36
 48004	81	77	47	39	13	83	0	36
 48049	81	78	47	39	13	84	0	36
 48094	79	78	47	39	13	85	0	36
 48140	78	78	47	39	13	86	0	36
 48185	80	78	46	39	13	86	0	36
 48230	81	77	46	39	13	87	0	36
 48276	81	77	46	39	13	88	0	36
 48321	82	77	45	39	13	89	0	36
 48367	82	78	45	39	13	89	0	35
 48412	82	78	45	39	13	90	0	35
 48457	82	78	45	39	13	91	0	35
 48502	82	78	46	39	13	92	0	36
 48548	82	78	46	39	13	92	0	36
 48593	82	78	46	39	13	93	0	36
 48639	80	78	46	43	13	94	0	36
 48684	78	78	46	43	13	95	0	36
 48729	78	78	46	43	13	96	0	35
 48775	82	77	45	43	13	96	0	35
 48820	81	76	45	43	13	97	0	35
 48865	82	77	45	43	13	98	0	35
 48911	83	78	45	43	13	99	0	35
 48956	83	78	45	47	13	99	0	35
 49001	84	79	45	47	13	100	0	35
 49051	84	79	45	47	13	101	0	35
 49092	84	79	45	47	13	102	0	35
 49137	84	79	45	47	13	102	0	35
 49183	84	79	45	47	13	103	0	35
 49228	85	79	45	47	13	104	0	35
 49273	84	80	45	47	13	105	0	35
 49319	85	80	46	47	13	105	0	35
 49364	85	80	46	47	13	106	0	35
 49410	85	80	45	47	13	107	0	35
 49455	85	80	45	47	13	108	0	35
 49500	85	80	45	47	13	108	0	35
 49546	84	80	45	47	13	109	0	35
 49591	84	80	45	47	13	110	0	35
 49636	84	80	45	47	13	111	0	35
 49682	84	80	45	47	13	111	0	35
 49727	84	80	45	47	13	112	0	35
 49772	84	80	45	47	13	113	0	35
 49818	84	80	45	47	13	114	0	35
 49863	84	80	45	47	13	114	0	35
 49908	84	80	45	47	13	115	0	35
 49954	84	80	45	47	13	116	0	35
 50003	83	80	46	43	13	117	0	35
 50044	80	80	45	43	13	117	0	35
 50090	79	80	45	43	13	118	0	35
 50135	83	79	45	43	13	119	0	35
 50181	84	78	45	43	13	120	0	35
 50226	85	79	45	43	13	120	0	35
 50271	85	80	46	43	13	121	0	35
 50317	86	80	45	47	13	122	0	35
 50362	87	81	45	47	13	123	0	35
 50407	85	81	46	47	13	123	0	35
 50453	83	81	45	39	14	64	0	35
 50498	84	81	45	39	14	65	0	35
 50543	86	80	45	39	14	66	0	35
 50589	86	80	45	39	14	66	0	35
 50634	85	80	45	39	14	67	0	35
 50679	84	81	45	39	14	68	0	35
 50725	84	81	45	39	14	69	0	35
 50770	83	81	45	39	14	70	0	35
 50816	86	80	45	39	14	70	0	35
 50861	87	80	45	39	14	71	0	35
 50906	87	80	45	39	14	72	0	35
 50952	85	81	45	39	14	73	0	35
 50997	84	81	44	39	14	73	0	35
 51042	83	81	45	39	14	74	0	35
 51088	86	80	45	39	14	75	0	35
 51133	87	80	44	39	14	76	0	35
 51178	86	80	45	39	14	76	0	35
 51224	84	81	45	39	14	77	0	35
 51269	84	81	45	39	14	78	0	35
 51314	84	80	45	39	14	79	0	35
 51360	85	80	45	35	14	79	0	35
 51405	81	80	45	35	14	80	0	35
 51450	80	80	45	35	14	81	0	35
 51496	81	79	45	35	14	82	0	35
 51541	85	78	45	35	14	82	0	35
 51586	84	78	45	35	14	83	0	35
 51632	86	79	45	35	14	84	0	35
 51677	87	80	45	39	14	85	0	35
 51723	87	80	45	39	14	85	0	35
 51768	86	80	45	39	14	86	0	35
 51813	84	81	45	39	14	87	0	35
 51859	84	81	45	39	14	88	0	35
 51908	86	80	45	39	14	88	0	35
 51949	87	80	45	39	14	89	0	35
 51995	86	80	45	39	14	90	0	35
 52040	85	81	45	39	14	91	0	35
 52085	85	81	45	39	14	91	0	35
 52131	84	81	45	39	14	92	0	35
 52176	84	81	45	39	14	93	0	35
 52221	84	81	45	47	14	94	0	35
 52267	84	81	45	47	14	94	0	35
 52312	87	81	45	47	14	95	0	35
 52357	86	81	44	47	14	96	0	35
 52403	85	82	44	47	14	97	0	35
 52448	85	82	44	47	14	97	0	35
 52494	84	82	44	47	14	98	0	35
 52539	84	81	44	47	14	99	0	35
 52584	84	81	44	47	14	100	0	35
 52630	86	81	44	47	14	100	0	35
 52675	87	81	44	47	14	101	0	35
 52720	86	81	44	47	14	102	0	35
 52766	85	82	44	47	14	103	0	35
 52811	83	82	44	43	14	104	0	35
 52856	81	82	44	43	14	104	0	35
 52902	81	81	44	43	14	105	0	35
 52947	85	80	44	43	14	106	0	35
 52992	85	79	44	43	14	107	0	35
 53038	86	81	45	43	14	107	0	35
 53083	87	81	44	47	14	108	0	35
 53128	87	82	44	47	14	109	0	35
 53174	87	82	44	47	14	110	0	35
 53219	84	83	44	47	14	110	0	35
 53265	85	82	44	47	14	111	0	35
 53310	86	82	44	47	14	112	0	35
 53355	86	82	44	47	14	113	0	35
 53401	87	82	44	47	14	113	0	35
 53446	87	82	44	47	14	114	0	35
 53491	87	82	44	47	14	115	0	35
 53537	87	83	44	47	14	116	0	35
 53582	87	83	44	47	14	116	0	35
 53627	87	83	44	47	14	117	0	35
 53673	87	83	44	47	14	118	0	35
 53718	87	83	44	47	14	119	0	35
 53763	87	83	44	47	14	119	0	34
 53809	87	83	44	47	14	120	0	34
 53854	87	83	44	47	14	121	0	34
 53899	87	83	44	47	14	122	0	34
 53945	87	83	45	47	14	122	0	34
 53990	87	83	44	47	14	123	0	34
 54035	87	83	44	39	15	64	0	34
 54081	86	83	44	39	15	65	0	34
 54126	86	83	44	39	15	65	0	34
 54172	86	83	44	39	15	66	0	34
 54217	84	83	44	35	15	67	0	34
 54262	82	83	44	35	15	68	0	34
 54308	82	82	44	35	15	68	0	34
 54353	85	81	44	35	15	69	0	34
 54398	85	80	44	35	15	70	0	34
 54444	85	81	44	35	15	71	0	34
 54489	86	82	44	39	15	71	0	34
 54534	86	82	44	39	15	72	0	34
 54580	87	82	44	39	15	73	0	34
 54625	87	82	44	39	15	74	0	34
 54670	87	82	44	39	15	74	0	34
 54716	87	82	44	39	15	75	0	34
 54762	87	82	44	39	15	76	0	34
 54806	87	82	44	39	15	77	0	34
 54852	87	82	44	39	15	78	0	34
 54897	87	83	44	39	15	78	0	34
 54943	87	83	44	39	15	79	0	34
 54988	87	83	44	39	15	80	0	34
 55033	87	82	44	39	15	81	0	34
 55079	87	83	44	39	15	81	0	34
 55124	86	83	45	39	15	82	0	34
 55169	86	83	44	39	15	83	0	34
 55215	86	83	44	39	15	84	0	34
 55260	86	83	44	39	15	84	0	34
 55305	86	83	44	39	15	85	0	34
 55351	86	82	44	39	15	86	0	34
 55396	85	82	45	39	15	87	0	34
 55441	85	82	44	39	15	87	0	34
 55487	85	82	44	39	15	88	0	34
 55532	85	82	45	39	15	89	0	34
 55577	85	82	44	39	15	90	0	35
 55623	85	82	44	39	15	90	0	35
 55668	85	82	44	35	15	91	0	35
 55714	82	82	44	35	15	92	0	35
 55759	81	81	44	35	15	93	0	35
 55804	84	80	44	35	15	93	0	35
 55850	85	80	44	43	15	94	0	35
 55895	86	80	44	43	15	95	0	35
 55940	86	81	44	43	15	96	0	35
 55986	87	81	44	47	15	96	0	35
 56031	87	81	44	47	15	97	0	35
 56076	88	82	44	47	15	98	0	35
 56122	88	82	44	47	15	99	0	35
 56167	88	81	44	47	15	99	0	35
 56212	88	82	44	47	15	100	0	35
 56258	88	82	44	47	15	101	0	35
 56303	88	82	44	47	15	102	0	35
 56349	88	82	44	47	15	102	0	35
 56395	88	82	44	47	15	103	0	35
 56439	88	82	44	47	15	104	0	35
 56485	88	82	44	47	15	105	0	35
 56530	87	82	44	47	15	105	0	35
 56575	87	82	44	47	15	106	0	35
 56621	87	82	44	47	15	107	0	35
 56666	87	82	43	47	15	108	0	35
 56711	87	82	43	47	15	108	0	35
 56757	86	82	43	47	15	109	0	35
 56802	86	82	43	47	15	110	0	35
 56847	86	82	43	47	15	111	0	35
 56893	85	82	43	43	15	112	0	35
 56938	82	82	43	43	15	112	0	35
 56983	81	81	43	43	15	113	0	35
 57029	83	80	43	43	15	114	0	35
 57074	86	79	44	43	15	115	0	35
 57119	86	80	43	43	15	115	0	35
 57165	87	81	44	43	15	116	0	35
 57210	88	82	43	47	15	117	0	35
 57255	88	83	43	47	15	118	0	35
 57301	86	83	43	47	15	118	0	35
 57346	85	83	43	47	15	119	0	35
 57392	86	83	43	47	15	120	0	35
 57437	88	82	44	47	15	121	0	35
 57482	88	82	43	47	15	121	0	35
 57528	87	82	43	47	15	122	0	35
 57573	86	83	43	47	15	123	0	35
 57618	85	83	44	39	16	64	0	35
 57664	85	83	43	39	16	64	0	35
 57709	86	82	44	39	16	65	0	35
 57754	88	82	43	39	16	66	0	35
 57800	88	82	43	39	16	67	0	35
 57845	87	83	44	39	16	67	0	35
 57890	86	84	43	39	16	68	0	35
 57936	85	83	43	39	16	69	0	35
 57981	85	83	43	39	16	70	0	35
 58026	88	82	43	39	16	70	0	35
 58072	88	82	44	39	16	71	0	35
 58117	88	83	44	39	16	72	0	35
 58163	86	83	43	39	16	73	0	35
 58208	86	83	43	39	16	73	0	35
 58253	85	83	43	39	16	74	0	35
 58299	86	83	43	39	16	75	0	35
 58344	88	82	43	39	16	76	0	35
 58389	87	82	43	35	16	76	0	35
 58435	84	83	43	35	16	77	0	35
 58480	83	84	43	35	16	78	0	35
 58525	84	82	43	35	16	79	0	35
 58571	88	82	43	35	16	79	0	35
 58616	86	81	43	35	16	80	0	35
 58661	87	82	43	35	16	81	0	35
 58707	88	83	43	39	16	82	0	35
 58752	88	83	43	39	16	83	0	35
 58797	88	83	43	39	16	83	0	35
 58843	89	84	43	39	16	84	0	35
 58888	89	84	43	39	16	85	0	35
 58934	89	84	43	39	16	86	0	35
 58979	89	84	43	39	16	86	0	35
 59024	89	84	43	39	16	87	0	35
 59070	89	84	43	39	16	88	0	35
 59115	89	84	43	39	16	89	0	35
 59160	89	84	43	39	16	89	0	35
 59206	89	84	43	39	16	90	0	35
 59251	89	85	43	39	16	91	0	35
 59296	89	85	43	39	16	92	0	35
 59342	89	85	43	39	16	92	0	35
 59387	89	85	43	39	16	93	0	35
 59432	89	85	43	47	16	94	0	35
 59478	88	85	44	47	16	95	0	35
 59523	88	85	43	47	16	95	0	35
 59568	88	84	43	47	16	96	0	35
 59614	88	84	43	47	16	97	0	34
 59660	88	84	43	47	16	98	0	34
 59705	88	84	43	47	16	98	0	34
 59750	87	84	43	47	16	99	0	34
 59795	85	84	43	43	16	100	0	34
 59841	84	84	43	43	16	101	0	34
 59886	83	83	43	43	16	101	0	34
 59931	88	82	43	43	16	102	0	34
 59977	87	82	43	43	16	103	0	34
 60023	88	83	43	43	16	104	0	34
 60067	89	84	43	47	16	104	0	34
 60113	89	84	43	47	16	105	0	34
 60158	90	84	43	47	16	106	0	34
 60203	90	85	43	47	16	107	0	34
 60249	90	85	43	47	16	107	0	34
 60294	90	85	43	47	16	108	0	34
 60339	90	85	43	47	16	109	0	34
 60385	88	85	43	47	16	110	0	34
 60430	87	85	43	47	16	110	0	34
 60475	88	85	43	47	16	111	0	34
 60521	90	84	43	47	16	112	0	34
 60566	90	84	43	47	16	113	0	34
 60612	90	84	43	47	16	113	0	34
 60657	88	85	43	47	16	114	0	34
 60702	87	85	43	47	16	115	0	34
 60748	87	85	43	47	16	116	0	34
 60793	90	84	43	47	16	117	0	34
 60838	90	84	43	47	16	117	0	34
 60884	91	84	42	47	16	118	0	34
 60929	89	85	42	47	16	119	0	34
 60974	88	85	42	47	16	120	0	34
 61020	88	85	42	47	16	120	0	34
 61065	90	84	42	47	16	121	0	34
 61115	90	84	42	43	16	122	0	34
 61156	87	85	42	43	16	123	0	34
 61201	85	85	42	43	16	123	0	34
 61246	84	84	42	35	17	64	0	34
 61292	88	83	42	35	17	65	0	34
 61337	89	83	43	35	17	66	0	34
 61383	89	83	42	35	17	66	0	34
 61428	90	84	42	35	17	67	0	34
 61473	91	85	42	39	17	68	0	34
 61519	92	85	42	39	17	69	0	34
 61564	92	86	42	39	17	69	0	34
 61609	93	86	42	39	17	70	0	34
 61655	91	86	42	39	17	71	0	34
 61700	89	86	42	39	17	72	0	34
 61745	89	86	42	39	17	72	0	34
 61791	91	84	42	39	17	73	0	34
 61836	91	83	42	39	17	74	0	34
 61881	90	81	42	39	17	75	0	34
 61927	92	79	42	39	17	75	0	34
 61972	91	78	42	39	17	76	0	34
 62017	90	77	42	39	17	77	0	34
 62063	92	77	42	39	17	78	0	34
 62108	91	77	42	39	17	78	0	34
 62154	87	77	42	35	17	79	0	34
 62199	80	77	42	35	17	80	0	34
 62244	77	76	42	35	17	81	0	34
 62290	74	74	42	35	17	81	0	34
 62335	73	72	42	35	17	82	0	34
 62380	80	71	42	35	17	83	0	34
 62426	89	70	42	35	17	84	0	34
 62471	92	72	42	35	17	84	0	34
 62516	90	75	42	35	17	85	0	34
 62562	91	78	42	35	17	86	0	34
 62607	92	79	42	35	17	87	0	34
 62652	92	79	42	39	17	87	0	35
 62698	93	80	42	39	17	88	0	35
 62743	93	80	42	39	17	89	0	35
 62788	93	81	42	39	17	90	0	35
 62834	93	81	42	39	17	91	0	35
 62879	93	82	42	39	17	91	0	35
 62924	91	82	42	39	17	92	0	35
 62970	92	83	42	39	17	93	0	35
 63015	92	83	42	47	17	94	0	35
 63061	91	83	42	47	17	94	0	35
 63106	92	84	41	43	17	95	0	35
 63151	88	84	41	43	17	96	0	35
 63197	85	85	42	43	17	97	0	35
 63242	84	84	41	43	17	97	0	35
 63287	84	83	41	43	17	98	0	35
 63333	92	82	41	43	17	99	0	35
 63378	91	82	41	43	17	100	0	35
 63423	92	83	41	43	17	100	0	35
 63469	93	85	41	47	17	101	0	35
 63514	94	86	41	47	17	102	0	35
 63559	92	86	41	47	17	103	0	35
 63605	91	87	41	47	17	103	0	35
 63650	91	87	41	47	17	104	0	35
 63695	93	86	41	47	17	105	0	35
 63741	91	86	41	47	17	106	0	35
 63786	91	86	41	47	17	106	0	35
 63832	91	86	41	47	17	107	0	35
 63877	91	86	42	47	17	108	0	35
 63922	91	86	41	47	17	109	0	35
 63968	94	86	41	47	17	109	0	35
 64013	91	86	41	47	17	110	0	35
 64058	91	86	41	47	17	111	0	35
 64104	91	87	41	47	17	112	0	35
 64149	93	87	41	47	17	112	0	35
 64194	92	87	41	47	17	113	0	35
 64240	91	87	41	47	17	114	0	35
 64285	89	87	41	43	17	115	0	35
 64330	86	87	41	43	17	115	0	35
 64376	86	86	41	43	17	116	0	35
 64421	88	85	41	43	17	117	0	35
 64466	93	85	41	43	17	118	0	35
 64512	92	85	41	43	17	118	0	35
 64557	93	86	41	43	17	119	0	35
 64603	93	87	41	47	17	120	0	35
 64648	94	87	41	47	17	121	0	35
 64693	94	87	41	47	17	121	0	35
 64739	95	88	42	47	17	122	0	35
 64784	95	88	41	47	17	123	0	35
 64829	95	88	41	7	18	64	0	35
 64875	95	88	41	7	18	65	0	36
 64920	95	88	41	7	18	65	0	36
 64965	95	88	41	7	18	66	0	36
 65011	95	88	41	7	18	67	0	36
 65056	94	89	41	7	18	68	0	36
 65101	94	89	40	7	18	68	0	36
 65147	94	89	40	7	18	69	0	36
 65192	94	89	40	7	18	70	0	36
 65237	94	89	40	7	18	71	0	36
 65283	93	89	40	7	18	71	0	36
 65328	92	89	40	3	18	72	0	36
 65374	89	89	40	3	18	73	0	36
 65419	88	89	40	3	18	74	0	36
 65464	87	88	40	3	18	74	0	36
 65510	92	87	40	3	18	75	0	36
 65555	92	86	40	3	18	76	0	36
 65600	93	87	40	3	18	77	0	36
 65646	93	88	40	7	18	77	0	36
 65691	94	88	40	7	18	78	0	36
 65736	94	88	40	7	18	79	0	36
 65782	94	88	40	7	18	80	0	36
 65827	94	88	40	7	18	80	0	36
 65872	94	88	40	7	18	81	0	36
 65921	95	89	40	7	18	82	0	36
 65963	94	89	39	7	18	83	0	36
 66008	94	89	39	7	18	83	0	36
 66054	94	89	40	7	18	84	0	36
 66099	94	89	40	7	18	85	0	36
 66144	94	89	40	7	18	86	0	36
 66190	94	89	40	7	18	86	0	36
 66235	94	89	40	7	18	87	0	36
 66281	94	89	40	7	18	88	0	36
 66326	93	89	40	7	18	89	0	36
 66371	93	89	40	7	18	89	0	36
 66417	93	89	40	7	18	90	0	36
 66462	92	89	40	3	18	91	0	36
 66507	90	89	40	3	18	92	0	36
 66553	88	89	40	3	18	92	0	36
 66598	87	88	40	3	18	93	0	36
 66643	91	87	40	11	18	94	0	36
 66689	93	86	40	11	18	95	0	36
 66734	94	81	40	11	18	96	0	37
 66779	94	79	40	11	18	96	0	37
 66828	94	79	40	11	18	97	0	37
 66870	95	80	40	15	18	98	0	36
 66915	95	81	40	15	18	99	0	36
 66961	95	82	40	15	18	99	0	36
 67006	94	83	40	15	18	100	0	36
 67052	94	84	40	15	18	101	0	36
 67097	94	86	40	15	18	102	0	37
 67142	94	86	40	15	18	102	0	37
 67188	94	87	40	15	18	103	0	37
 67233	94	87	40	15	18	104	0	37
 67278	93	88	40	11	18	105	0	37
 67324	90	88	40	11	18	105	0	37
 67369	87	88	40	11	18	106	0	37
 67414	86	87	40	11	18	107	0	37
 67460	88	86	40	11	18	108	0	37
 67505	94	85	40	11	18	108	0	37
 67550	93	85	40	11	18	109	0	37
 67596	94	86	39	11	18	110	0	37
 67641	95	87	40	15	18	111	0	37
 67686	96	88	39	15	18	111	0	37
 67732	96	88	40	15	18	112	0	37
 67777	96	88	39	15	18	113	0	37
 67823	95	88	39	15	18	114	0	37
 67868	93	89	39	15	18	114	0	37
 67913	93	89	39	15	18	115	0	37
 67959	95	88	39	15	18	116	0	37
 68004	93	88	39	15	18	117	0	37
 68049	93	88	40	15	18	117	0	37
 68095	95	88	40	15	18	118	0	37
 68140	94	87	39	15	18	119	0	37
 68185	94	87	39	15	18	120	0	37
 68231	96	88	39	15	18	120	0	37
 68276	96	88	39	15	18	121	0	37
 68321	92	88	39	11	18	122	0	37
 68367	88	88	39	11	18	123	0	37
 68412	87	88	40	11	18	123	0	37
 68457	86	86	39	3	19	64	0	37
 68503	89	85	40	3	19	65	0	37
 68548	93	84	39	3	19	66	0	37
 68593	95	85	39	3	19	66	0	37
 68639	94	86	39	3	19	67	0	37
 68684	94	87	40	7	19	68	0	37
 68730	94	87	39	7	19	69	0	37
 68775	94	87	39	7	19	70	0	37
 68820	94	87	39	7	19	70	0	37
 68866	94	87	40	7	19	71	0	37
 68915	94	87	40	7	19	72	0	37
 68956	94	87	40	7	19	73	0	37
 69002	94	87	40	7	19	73	0	37
 69047	94	87	40	7	19	74	0	37
 69092	93	87	40	7	19	75	0	37
 69138	93	87	40	7	19	76	0	37
 69183	93	87	39	7	19	76	0	37
 69228	92	87	40	7	19	77	0	37
 69274	95	87	39	7	19	78	0	37
 69319	93	87	39	7	19	79	0	37
 69364	90	88	39	3	19	79	0	37
 69411	87	88	39	3	19	80	0	37
 69455	86	87	39	3	19	81	0	37
 69501	87	86	39	3	19	82	0	37
 69546	94	85	39	3	19	82	0	37
 69591	93	85	39	3	19	83	0	37
 69637	93	86	39	3	19	84	0	37
 69682	95	87	39	7	19	85	0	37
 69727	95	87	39	7	19	85	0	37
 69773	96	88	39	7	19	86	0	37
 69818	96	88	39	7	19	87	0	37
 69863	96	88	39	7	19	88	0	37
 69909	95	89	39	7	19	88	0	37
 69954	93	89	39	7	19	89	0	37
 69999	93	89	39	7	19	90	0	37
 70045	95	88	39	7	19	91	0	37
 70090	96	88	39	7	19	91	0	37
 70135	95	88	39	7	19	92	0	37
 70181	93	89	39	7	19	93	0	37
 70226	93	89	39	15	19	94	0	37
 70272	95	89	39	15	19	94	0	37
 70317	96	88	39	15	19	95	0	37
 70362	94	88	39	11	19	96	0	38
 70408	90	89	39	11	19	97	0	38
 70453	88	89	39	11	19	97	0	38
 70498	87	88	39	11	19	98	0	38
 70544	90	87	39	11	19	99	0	38
 70589	94	86	39	11	19	100	0	38
 70634	93	86	39	11	19	100	0	38
 70680	94	87	39	11	19	101	0	38
 70725	95	87	39	15	19	102	0	37
 70770	95	88	39	15	19	103	0	38
 70816	96	89	39	15	19	104	0	38
 70861	96	89	39	15	19	104	0	38
 70906	96	89	39	15	19	105	0	38
 70952	96	89	39	15	19	106	0	38
 70997	96	89	39	15	19	107	0	38
 71043	96	89	39	15	19	107	0	38
 71088	96	90	39	15	19	108	0	38
 71133	96	90	39	15	19	109	0	38
 71179	96	90	39	15	19	110	0	38
 71224	95	90	39	15	19	110	0	38
 71269	95	90	39	15	19	111	0	38
 71315	95	90	39	15	19	112	0	38
 71360	95	90	39	15	19	113	0	38
 71405	93	90	39	11	19	113	0	38
 71451	90	90	39	11	19	114	0	38
 71496	88	90	39	11	19	115	0	38
 71541	89	89	39	11	19	116	0	38
 71587	94	88	39	11	19	116	0	38
 71632	94	88	39	11	19	117	0	38
 71677	95	88	39	11	19	118	0	38
 71723	96	89	39	15	19	119	0	38
 71768	96	90	39	15	19	119	0	38
 71813	97	90	39	15	19	120	0	38
 71859	97	90	39	15	19	121	0	38
 71904	96	91	39	15	19	122	0	38
 71950	94	91	39	15	19	122	0	38
 71995	94	91	39	15	19	123	0	38
 72040	94	90	39	7	20	64	0	38
 72086	96	90	39	7	20	65	0	38
 72131	97	90	39	7	20	65	0	38
 72176	97	90	39	7	20	66	0	38
 72222	95	91	39	7	20	67	0	38
 72267	94	91	39	7	20	68	0	38
 72312	93	91	39	7	20	68	0	38
 72358	95	91	39	7	20	69	0	38
 72403	96	90	39	7	20	70	0	38
 72448	96	90	39	7	20	71	0	38
 72494	97	91	39	7	20	71	0	38
 72539	96	91	39	7	20	72	0	38
 72584	94	91	39	3	20	73	0	38
 72630	91	91	39	3	20	74	0	38
 72675	90	91	39	3	20	74	0	38
 72721	90	90	39	3	20	75	0	38
 72766	95	88	39	3	20	76	0	38
 72811	94	88	39	3	20	77	0	38
 72857	95	89	39	3	20	78	0	38
 72902	96	89	38	7	20	78	0	38
 72947	96	90	38	7	20	79	0	38
 72993	97	90	39	7	20	80	0	38
 73038	97	91	38	7	20	81	0	38
 73083	97	91	39	7	20	81	0	38
 73129	97	91	38	7	20	82	0	38
 73174	97	91	38	7	20	83	0	38
 73219	97	91	38	7	20	84	0	38
 73265	97	91	38	7	20	84	0	38
 73310	97	91	38	7	20	85	0	38
 73355	97	91	38	7	20	86	0	38
 73401	97	92	38	7	20	87	0	38
 73446	96	91	38	7	20	87	0	38
 73492	96	91	38	7	20	88	0	38
 73537	96	91	38	7	20	89	0	38
 73582	95	91	38	7	20	90	0	38
 73628	95	91	38	7	20	90	0	38
 73673	95	91	38	7	20	91	0	38
 73718	93	91	38	3	20	92	0	38
 73764	90	90	38	3	20	93	0	38
 73810	89	90	38	3	20	93	0	38
 73854	90	88	38	11	20	94	0	38
 73900	95	87	38	11	20	95	0	38
 73945	94	87	38	11	20	96	0	38
 73990	95	88	38	11	20	97	0	38
 74036	96	89	38	15	20	97	0	38
 74081	97	89	38	15	20	98	0	38
 74126	97	89	38	15	20	99	0	38
 74172	97	90	38	15	20	100	0	38
 74217	97	90	38	15	20	100	0	38
 74263	97	90	38	15	20	101	0	38
 74308	98	90	38	15	20	102	0	38
 74353	97	90	38	15	20	103	0	38
 74399	97	90	38	15	20	103	0	38
 74444	97	90	38	15	20	104	0	38
 74489	97	90	38	15	20	105	0	38
 74535	96	90	38	15	20	106	0	38
 74580	96	91	38	15	20	106	0	38
 74625	96	90	38	15	20	107	0	38
 74671	95	90	38	15	20	108	0	38
 74716	93	90	38	11	20	109	0	38
 74761	90	90	38	11	20	109	0	38
 74807	89	90	37	11	20	110	0	38
 74852	89	89	38	11	20	111	0	38
 74897	94	88	38	11	20	112	0	38
 74943	95	87	38	11	20	112	0	38
 74988	95	88	38	11	20	113	0	38
 75033	96	89	38	11	20	114	0	38
 75079	97	90	38	15	20	115	0	38
 75124	98	90	38	15	20	115	0	38
 75170	98	91	38	15	20	116	0	38
 75215	96	91	38	15	20	117	0	38
 75260	95	91	38	15	20	118	0	38
 75306	94	91	38	15	20	118	0	38
 75351	97	90	38	15	20	119	0	38
 75397	95	90	38	15	20	120	0	38
 75442	95	90	38	15	20	121	0	38
 75491	95	90	38	15	20	121	0	38
 75532	95	90	38	15	20	122	0	38
 75578	96	90	38	15	20	123	0	38
 75626	95	90	38	7	21	64	0	38
 75668	94	90	38	7	21	65	0	38
 75714	96	90	38	7	21	65	0	38
 75759	97	90	38	7	21	66	0	38
 75804	97	90	38	7	21	67	0	38
 75850	96	91	38	3	21	68	0	38
 75895	92	91	37	3	21	68	0	39
 75941	90	91	38	3	21	69	0	39
 75986	89	90	38	3	21	70	0	39
 76031	91	89	38	3	21	71	0	39
 76077	96	88	38	3	21	71	0	39
 76122	95	88	39	3	21	72	0	39
 76167	96	89	38	3	21	73	0	39
 76213	97	90	38	7	21	74	0	39
 76258	98	91	38	7	21	74	0	39
 76303	98	91	38	7	21	75	0	39
 76349	97	92	38	7	21	76	0	39
 76394	95	92	38	7	21	77	0	39
 76439	95	92	38	7	21	77	0	39
 76485	95	91	37	7	21	78	0	39
 76530	97	90	37	7	21	79	0	40
 76575	98	90	37	7	21	80	0	39
 76621	96	91	37	7	21	80	0	40
 76666	95	92	37	7	21	81	0	40
 76711	95	92	37	7	21	82	0	40
 76757	95	91	37	7	21	83	0	40
 76802	97	91	37	7	21	83	0	40
 76848	98	91	38	7	21	84	0	40
 76893	97	91	38	7	21	85	0	39
 76938	95	92	37	7	21	86	0	39
 76984	95	92	37	7	21	86	0	39
 77029	94	92	37	3	21	87	0	40
 77074	91	91	37	3	21	88	0	40
 77120	89	91	37	3	21	89	0	40
 77165	90	90	37	3	21	89	0	40
 77210	96	89	37	3	21	90	0	40
 77256	95	88	37	3	21	91	0	40
 77301	96	89	37	3	21	92	0	40
 77346	96	90	37	7	21	92	0	40
 77392	97	91	37	7	21	93	0	40
 77437	98	91	37	15	21	94	0	40
 77483	97	92	37	15	21	95	0	40
 77528	96	92	38	15	21	96	0	40
 77573	95	92	38	15	21	96	0	40
 77619	95	91	38	15	21	97	0	40
 77664	97	91	38	15	21	98	0	40
 77709	98	91	37	15	21	99	0	40
 77755	97	91	38	15	21	99	0	40
 77800	95	92	38	15	21	100	0	40
 77845	95	92	38	15	21	101	0	40
 77891	94	92	38	15	21	102	0	40
 77936	97	91	38	15	21	102	0	40
 77981	98	91	38	15	21	103	0	40
 78027	97	92	37	15	21	104	0	40
 78072	96	92	38	15	21	105	0	40
 78117	95	92	38	15	21	105	0	40
 78163	94	92	38	15	21	106	0	40
 78208	97	92	37	15	21	107	0	40
 78254	94	91	37	11	21	108	0	40
 78299	92	92	37	11	21	108	0	40
 78344	90	92	37	11	21	109	0	40
 78390	91	91	38	11	21	110	0	40
 78435	96	90	37	11	21	111	0	40
 78480	95	89	37	11	21	111	0	40
 78526	96	90	38	11	21	112	0	40
 78571	96	91	37	15	21	113	0	40
 78616	97	91	37	15	21	114	0	40
 78662	98	91	37	15	21	114	0	40
 78707	98	92	37	15	21	115	0	41
 78752	98	92	37	15	21	116	0	41
 78798	98	92	37	15	21	117	0	41
 78843	96	93	37	15	21	117	0	40
 78888	95	93	37	15	21	118	0	41
 78934	95	92	37	15	21	119	0	41
 78979	97	92	37	15	21	120	0	41
 79024	98	91	37	15	21	120	0	41
 79070	98	91	37	15	21	121	0	41
 79115	98	92	37	15	21	122	0	41
 79160	98	92	37	15	21	123	0	41
 79206	98	92	37	15	21	123	0	41
 79251	98	92	37	7	22	64	0	41
 79297	97	92	37	7	22	65	0	41
 79342	97	92	37	7	22	66	0	41
 79387	96	92	37	3	22	66	0	41
 79433	93	92	37	3	22	67	0	41
 79478	90	91	36	3	22	68	0	41
 79523	89	91	36	3	22	69	0	41
 79569	92	89	37	3	22	70	0	40
 79614	96	88	37	3	22	70	0	40
 79659	95	89	37	3	22	71	0	40
 79705	96	90	37	3	22	72	0	41
 79750	97	90	37	7	22	73	0	41
 79795	98	91	37	7	22	73	0	41
 79841	98	91	37	7	22	74	0	41
 79886	98	91	36	7	22	75	0	41
 79931	98	92	36	7	22	76	0	41
 79977	97	92	36	7	22	76	0	41
 80022	96	92	36	7	22	77	0	41
 80068	95	92	37	7	22	78	0	41
 80113	96	92	37	7	22	79	0	41
 80158	98	91	37	7	22	79	0	41
 80204	98	91	36	7	22	80	0	41
 80249	97	92	36	7	22	81	0	41
 80294	96	93	36	7	22	82	0	41
 80340	95	93	36	7	22	82	0	41
 80385	95	92	36	7	22	83	0	41
 80430	98	92	36	7	22	84	0	41
 80476	98	92	36	7	22	85	0	41
 80521	98	92	37	7	22	85	0	41
 80566	96	93	37	3	22	86	0	41
 80612	93	93	37	3	22	87	0	41
 80657	91	93	37	3	22	88	0	41
 80702	91	92	37	3	22	88	0	41
 80748	96	91	37	3	22	89	0	41
 80793	96	90	37	3	22	90	0	41
 80838	96	90	37	3	22	91	0	41
 80884	97	91	38	7	22	91	0	41
 80929	98	92	37	7	22	92	0	41
 80974	98	92	37	7	22	93	0	41
 81020	98	92	38	15	22	94	0	41
 81065	97	93	38	15	22	94	0	41
 81111	95	93	38	15	22	95	0	41
 81156	95	92	38	15	22	96	0	41
 81201	94	92	38	15	22	97	0	41
 81247	97	91	38	15	22	97	0	41
 81292	97	91	38	15	22	98	0	41
 81337	97	91	37	15	22	99	0	41
 81383	95	92	37	15	22	100	0	40
 81428	95	92	37	15	22	100	0	41
 81473	94	92	38	15	22	101	0	40
 81519	93	91	38	15	22	102	0	41
 81564	96	91	38	15	22	103	0	41
 81609	96	91	37	15	22	104	0	41
 81655	96	91	38	15	22	104	0	40
 81700	96	91	38	15	22	105	0	40
 81745	94	92	38	15	22	106	0	40
 81791	94	92	38	15	22	107	0	41
 81836	93	91	37	15	22	107	0	41
 81881	91	91	38	11	22	108	0	41
 81927	89	90	37	11	22	109	0	41
 81972	89	90	37	11	22	110	0	41
 82017	93	88	38	11	22	110	0	41
 82063	94	88	37	11	22	111	0	41
 82108	94	88	37	11	22	112	0	40
 82154	95	89	38	11	22	113	0	41
 82199	96	90	37	15	22	113	0	41
 82244	96	90	37	15	22	114	0	41
 82290	96	91	37	15	22	115	0	40
 82335	94	91	37	15	22	116	0	41
 82380	93	91	38	15	22	116	0	40
 82426	93	91	37	15	22	117	0	41
 82471	94	90	37	15	22	118	0	41
 82516	96	90	37	15	22	119	0	41
 82562	95	90	37	15	22	119	0	40
 82607	94	90	37	15	22	120	0	41
 82652	93	91	37	15	22	121	0	41
 82698	93	90	37	15	22	122	0	40
 82743	92	90	37	15	22	122	0	41
 82788	94	89	37	15	22	123	0	41
 82834	95	89	37	4	23	64	0	41
 82879	93	90	37	4	23	65	0	41
 82924	90	90	37	4	23	65	0	41
 82970	89	90	38	4	23	66	0	41
 83015	87	89	37	4	23	67	0	41
 83061	86	88	37	4	23	68	0	41
 83106	85	87	37	4	23	68	0	41
 83151	85	86	37	4	23	69	0	41
 83197	84	85	38	4	23	70	0	40
 83242	83	84	37	4	23	71	0	41
 83287	82	84	37	4	23	71	0	40
 83333	82	83	37	4	23	72	0	41
 83378	81	82	38	4	23	73	0	40
 83423	80	81	37	4	23	74	0	40
 83469	80	81	37	4	23	74	0	40
 83514	79	80	37	4	23	75	0	40
 83559	78	79	37	4	23	76	0	41
 83605	77	78	37	4	23	77	0	40
 83650	77	78	37	4	23	78	0	40
 83695	76	77	37	4	23	78	0	41
 83741	75	76	37	4	23	79	0	41
 83786	74	75	37	4	23	80	0	41
 83831	74	75	36	4	23	81	0	41
 83877	73	74	37	4	23	81	0	40
 83922	72	74	36	4	23	82	0	40
 83968	72	73	36	4	23	83	0	40
 84013	71	72	36	4	23	84	0	40
 84058	71	72	36	4	23	84	0	40
 84104	70	71	36	4	23	85	0	40
 84149	70	70	36	4	23	86	0	40
 84194	69	70	36	4	23	87	0	40
 84240	69	70	36	4	23	87	0	40
 84285	68	69	36	4	23	88	0	40
 84330	68	68	36	4	23	89	0	40
 84376	67	68	36	4	23	90	0	40
 84421	67	68	37	4	23	90	0	40
 84466	66	67	37	4	23	91	0	40
 84512	66	67	37	4	23	92	0	41
 84557	66	66	37	4	23	93	0	41
 84602	65	66	37	4	23	93	0	41
 84648	65	65	37	12	23	94	0	41
 84693	64	65	37	12	23	95	0	41
 84738	64	64	37	12	23	96	0	40
 84784	63	64	37	12	23	96	0	40
 84829	63	64	37	12	23	97	0	40
 84875	63	63	37	12	23	98	0	40
 84920	62	63	37	12	23	99	0	40
 84965	62	63	37	12	23	99	0	40
 85011	62	62	36	12	23	100	0	40
 85056	62	62	36	12	23	101	0	40
 85101	61	62	36	12	23	102	0	40
 85147	61	62	36	12	23	102	0	40
 85192	61	61	37	12	23	103	0	40
 85237	60	61	36	12	23	104	0	40
 85283	60	61	36	12	23	105	0	40
 85328	60	61	36	12	23	105	0	40
 85373	60	61	36	12	23	106	0	40
 85419	60	60	36	12	23	107	0	40
 85464	60	60	37	12	23	108	0	40
 85509	60	60	36	12	23	109	0	40
 85555	59	60	37	12	23	109	0	40
 85600	59	59	36	12	23	110	0	40
 85645	59	59	37	12	23	111	0	39
 85691	59	59	37	12	23	112	0	39
 85736	59	59	37	12	23	112	0	39
 85782	58	59	37	12	23	113	0	39
 85827	58	59	37	12	23	114	0	39
 85872	58	58	37	12	23	115	0	39
 85918	58	58	37	12	23	115	0	39
 85963	58	58	37	12	23	116	0	39
 86008	57	58	37	12	23	117	0	39
 86054	57	58	37	12	23	118	0	39
 86099	57	58	37	12	23	118	0	39
 86144	57	57	37	12	23	119	0	39
 86190	57	57	37	12	23	120	0	39
 86235	57	57	37	12	23	121	0	39
 86280	56	57	37	12	23	121	0	39
 86326	56	57	37	12	23	122	0	39
 86371	56	56	37	8	23	123	0	39
