HomeCentral
 Falkenstrasse 20
 8630 Rueti
 Datum: 07.02.14 00:00
 
 Startzeit: 2014-02-07 00:00:41 +0100
 132	44	36	46	4	0	65	0	33
 177	44	36	45	4	0	66	0	33
 223	44	36	46	4	0	67	0	33
 268	43	36	46	4	0	68	0	33
 313	44	36	46	4	0	68	0	33
 359	44	36	46	4	0	69	0	33
 404	44	36	46	4	0	70	0	33
 449	44	36	46	4	0	71	0	33
 495	43	36	45	4	0	71	0	33
 540	43	36	46	4	0	72	0	33
 585	44	36	46	4	0	73	0	33
 631	43	36	46	4	0	74	0	33
 676	43	36	46	4	0	75	0	33
 721	43	36	46	4	0	75	0	33
 767	43	36	46	4	0	76	0	33
 812	43	36	46	4	0	77	0	33
 858	43	36	46	4	0	78	0	33
 903	43	36	46	4	0	78	0	33
 948	43	36	46	4	0	79	0	33
 994	43	36	46	4	0	80	0	33
 1039	43	36	46	4	0	81	0	33
 1084	43	36	46	4	0	81	0	33
 1130	43	36	46	4	0	82	0	33
 1175	43	36	46	4	0	83	0	33
 1220	43	36	46	4	0	84	0	33
 1266	43	36	46	4	0	84	0	33
 1311	43	36	46	4	0	85	0	33
 1356	43	36	46	4	0	86	0	33
 1402	43	36	46	4	0	87	0	33
 1447	43	36	46	4	0	87	0	33
 1492	43	36	46	4	0	88	0	33
 1538	43	36	46	4	0	89	0	33
 1583	43	36	46	4	0	90	0	33
 1628	43	36	46	4	0	90	0	33
 1674	43	36	47	4	0	91	0	33
 1719	43	36	46	4	0	92	0	33
 1765	43	35	46	4	0	93	0	33
 1810	43	35	46	4	0	93	0	33
 1855	43	35	46	12	0	94	0	33
 1901	43	35	46	12	0	95	0	33
 1946	43	35	46	12	0	96	0	33
 1991	42	35	47	12	0	97	0	33
 2037	43	35	47	12	0	97	0	33
 2082	42	35	47	12	0	98	0	33
 2127	43	36	47	12	0	99	0	33
 2173	42	35	47	12	0	100	0	33
 2218	42	35	47	12	0	100	0	33
 2263	42	35	47	12	0	101	0	33
 2309	42	35	47	12	0	102	0	33
 2354	42	35	47	12	0	103	0	33
 2399	42	35	47	12	0	103	0	33
 2445	42	35	47	12	0	104	0	33
 2490	42	35	47	12	0	105	0	33
 2535	42	35	47	12	0	106	0	33
 2581	42	35	47	12	0	106	0	33
 2626	42	35	47	12	0	107	0	33
 2671	42	35	47	12	0	108	0	33
 2717	42	35	47	12	0	109	0	33
 2762	42	35	47	12	0	109	0	33
 2808	42	35	47	12	0	110	0	33
 2853	42	35	47	12	0	111	0	33
 2898	42	35	47	12	0	112	0	33
 2944	42	35	47	12	0	112	0	33
 2989	42	35	47	12	0	113	0	33
 3034	42	35	47	12	0	114	0	33
 3080	42	35	47	12	0	115	0	33
 3125	42	35	47	12	0	115	0	33
 3170	42	35	47	12	0	116	0	33
 3216	42	35	47	12	0	117	0	33
 3261	42	35	47	12	0	118	0	33
 3306	42	35	47	12	0	118	0	33
 3352	42	35	47	12	0	119	0	33
 3397	42	35	47	12	0	120	0	33
 3442	42	35	47	12	0	121	0	33
 3488	42	35	47	12	0	121	0	33
 3533	42	35	47	12	0	122	0	33
 3578	42	35	47	12	0	123	0	33
 3624	42	35	47	4	1	64	0	33
 3669	42	35	47	4	1	65	0	33
 3715	42	35	47	4	1	65	0	33
 3760	41	35	47	4	1	66	0	33
 3805	41	35	47	4	1	67	0	33
 3851	42	35	47	4	1	68	0	33
 3896	41	35	48	4	1	68	0	33
 3941	41	35	48	4	1	69	0	33
 3987	41	35	48	4	1	70	0	33
 4033	41	35	48	4	1	71	0	33
 4077	41	35	48	4	1	71	0	33
 4123	41	35	47	4	1	72	0	33
 4168	41	35	48	4	1	73	0	33
 4213	41	35	48	4	1	74	0	32
 4259	41	35	48	4	1	74	0	33
 4304	41	35	48	4	1	75	0	33
 4349	41	34	48	4	1	76	0	33
 4395	41	35	47	4	1	77	0	33
 4440	41	34	48	4	1	77	0	32
 4485	41	35	47	4	1	78	0	32
 4531	41	34	48	4	1	79	0	33
 4576	41	35	47	4	1	80	0	32
 4622	41	34	47	4	1	80	0	33
 4667	41	34	47	4	1	81	0	32
 4712	41	34	48	4	1	82	0	32
 4758	41	34	48	4	1	83	0	32
 4803	41	34	47	4	1	83	0	32
 4848	41	34	48	4	1	84	0	32
 4894	41	34	48	4	1	85	0	32
 4939	41	34	48	4	1	86	0	32
 4984	41	34	48	4	1	86	0	32
 5030	41	34	47	4	1	87	0	32
 5075	41	34	47	4	1	88	0	32
 5120	41	34	47	4	1	89	0	32
 5166	41	34	47	4	1	89	0	32
 5211	41	34	47	4	1	90	0	32
 5256	41	34	47	4	1	91	0	32
 5302	41	34	47	4	1	92	0	32
 5347	41	34	47	4	1	92	0	32
 5392	41	34	47	4	1	93	0	32
 5438	41	34	47	12	1	94	0	32
 5483	41	34	47	12	1	95	0	32
 5529	41	34	47	12	1	96	0	32
 5574	40	34	48	12	1	96	0	32
 5619	41	34	47	12	1	97	0	32
 5665	41	34	47	12	1	98	0	32
 5710	41	34	47	12	1	99	0	32
 5755	41	34	47	12	1	99	0	32
 5801	40	34	47	12	1	100	0	32
 5846	41	34	47	12	1	101	0	32
 5891	40	34	47	12	1	102	0	32
 5937	40	34	47	12	1	102	0	32
 5982	41	34	47	12	1	103	0	32
 6027	40	34	47	12	1	104	0	32
 6073	40	34	47	12	1	105	0	32
 6118	40	34	47	12	1	105	0	32
 6163	40	34	47	12	1	106	0	32
 6209	40	34	47	12	1	107	0	32
 6254	40	34	48	12	1	108	0	32
 6299	40	34	47	12	1	108	0	32
 6345	40	34	47	8	1	109	0	32
 6390	40	34	47	8	1	110	0	32
 6436	42	34	47	8	1	111	0	32
 6481	46	34	47	8	1	111	0	32
 6526	48	34	47	8	1	112	0	32
 6572	50	34	47	8	1	113	0	32
 6617	52	34	47	8	1	114	0	32
 6662	53	34	47	12	1	114	0	32
 6708	51	34	47	12	1	115	0	32
 6753	48	34	47	12	1	116	0	32
 6798	45	34	47	12	1	117	0	32
 6844	44	34	47	12	1	117	0	32
 6889	43	34	47	12	1	118	0	32
 6934	43	34	47	12	1	119	0	32
 6980	43	34	46	12	1	120	0	32
 7025	42	34	47	12	1	120	0	32
 7070	42	34	46	12	1	121	0	32
 7116	42	33	46	12	1	122	0	32
 7161	42	34	46	12	1	123	0	32
 7206	42	33	46	12	1	123	0	32
 7252	42	34	46	4	2	64	0	32
 7297	42	34	46	4	2	65	0	32
 7343	42	33	46	4	2	66	0	32
 7388	41	33	46	4	2	66	0	32
 7433	41	33	46	4	2	67	0	32
 7479	41	34	46	4	2	68	0	32
 7524	41	33	46	4	2	69	0	32
 7569	41	33	46	4	2	70	0	32
 7615	41	33	46	4	2	70	0	32
 7660	41	34	46	4	2	71	0	32
 7705	41	33	46	4	2	72	0	32
 7751	41	33	46	4	2	73	0	32
 7796	41	33	46	4	2	73	0	32
 7841	41	33	45	4	2	74	0	32
 7887	41	34	45	4	2	75	0	32
 7932	41	34	46	4	2	76	0	32
 7977	41	33	45	4	2	76	0	32
 8023	41	33	45	4	2	77	0	32
 8068	41	34	45	4	2	78	0	32
 8113	41	34	45	4	2	79	0	32
 8159	41	34	45	4	2	79	0	32
 8204	41	34	45	4	2	80	0	32
 8249	41	34	45	4	2	81	0	32
 8295	41	33	45	4	2	82	0	32
 8340	41	33	45	4	2	82	0	32
 8386	41	34	45	4	2	83	0	32
 8431	41	33	46	4	2	84	0	32
 8476	41	33	45	4	2	85	0	32
 8522	41	34	45	4	2	85	0	32
 8567	41	34	45	4	2	86	0	32
 8612	41	33	46	4	2	87	0	32
 8658	41	34	45	4	2	88	0	32
 8703	41	33	45	4	2	88	0	32
 8748	41	33	44	4	2	89	0	32
 8794	41	34	44	4	2	90	0	32
 8839	41	34	44	4	2	91	0	32
 8884	41	34	45	4	2	91	0	32
 8930	41	33	44	4	2	92	0	32
 8975	42	33	44	4	2	93	0	32
 9020	42	33	44	12	2	94	0	32
 9066	42	34	44	12	2	94	0	32
 9111	42	34	44	12	2	95	0	32
 9157	42	33	44	12	2	96	0	32
 9202	42	33	44	12	2	97	0	32
 9247	42	33	45	12	2	97	0	32
 9293	42	34	44	12	2	98	0	32
 9338	42	34	44	12	2	99	0	32
 9383	42	34	44	12	2	100	0	32
 9429	42	33	44	12	2	100	0	32
 9474	42	33	44	12	2	101	0	32
 9519	42	33	44	12	2	102	0	32
 9565	42	34	44	12	2	103	0	32
 9610	42	33	43	12	2	104	0	32
 9655	42	34	44	12	2	104	0	32
 9701	42	34	44	12	2	105	0	32
 9746	41	33	44	12	2	106	0	31
 9791	42	33	44	12	2	107	0	31
 9837	42	33	44	12	2	107	0	32
 9882	41	33	44	12	2	108	0	31
 9927	41	33	44	12	2	109	0	31
 9973	41	33	44	12	2	110	0	31
 10018	41	33	44	12	2	110	0	31
 10064	41	33	44	12	2	111	0	31
 10109	41	34	44	12	2	112	0	31
 10154	41	34	44	12	2	113	0	31
 10200	41	33	44	12	2	113	0	31
 10245	41	33	44	12	2	114	0	31
 10290	41	33	44	12	2	115	0	31
 10336	41	33	44	12	2	116	0	31
 10381	41	33	43	12	2	116	0	31
 10426	41	33	44	12	2	117	0	31
 10472	41	33	43	12	2	118	0	31
 10517	41	33	43	12	2	119	0	31
 10562	41	33	43	12	2	119	0	31
 10608	41	33	43	12	2	120	0	31
 10653	41	33	43	12	2	121	0	31
 10698	41	33	43	12	2	122	0	31
 10744	41	33	43	12	2	122	0	31
 10789	41	33	43	12	2	123	0	31
 10834	41	33	43	4	3	64	0	31
 10880	41	33	43	4	3	65	0	31
 10925	41	33	43	4	3	65	0	31
 10971	41	33	43	4	3	66	0	31
 11016	41	33	42	4	3	67	0	31
 11061	41	33	43	4	3	68	0	31
 11107	40	33	43	4	3	68	0	31
 11152	41	33	43	4	3	69	0	31
 11197	41	33	43	4	3	70	0	31
 11243	41	33	42	4	3	71	0	31
 11288	41	33	43	4	3	71	0	31
 11333	41	33	43	4	3	72	0	31
 11379	41	33	43	4	3	73	0	31
 11424	40	33	43	4	3	74	0	31
 11469	40	33	43	4	3	74	0	31
 11515	41	33	42	4	3	75	0	31
 11560	40	33	42	4	3	76	0	31
 11605	40	33	42	4	3	77	0	31
 11651	40	33	42	4	3	78	0	31
 11696	40	33	42	4	3	78	0	31
 11741	40	33	42	4	3	79	0	31
 11787	41	33	42	4	3	80	0	31
 11832	40	33	43	4	3	81	0	31
 11878	40	33	42	4	3	81	0	31
 11923	40	33	42	4	3	82	0	31
 11968	40	33	42	4	3	83	0	31
 12014	40	33	42	4	3	84	0	31
 12059	40	33	42	4	3	84	0	31
 12104	40	33	42	4	3	85	0	31
 12150	40	33	42	4	3	86	0	31
 12195	40	33	42	4	3	87	0	31
 12240	40	33	42	4	3	87	0	31
 12286	40	33	42	4	3	88	0	31
 12331	40	33	42	4	3	89	0	31
 12376	40	33	42	4	3	90	0	31
 12422	40	33	42	4	3	90	0	31
 12467	40	33	42	4	3	91	0	31
 12512	40	33	41	4	3	92	0	31
 12558	40	33	41	4	3	93	0	31
 12603	40	33	42	4	3	93	0	31
 12648	40	33	42	12	3	94	0	31
 12694	40	33	42	12	3	95	0	31
 12739	40	33	42	12	3	96	0	31
 12785	40	33	42	12	3	96	0	31
 12830	40	33	42	12	3	97	0	31
 12875	40	33	42	12	3	98	0	31
 12921	40	33	42	12	3	99	0	31
 12966	40	33	42	12	3	99	0	31
 13011	40	33	42	12	3	100	0	31
 13057	40	33	42	12	3	101	0	31
 13102	40	33	42	12	3	102	0	31
 13147	40	33	42	12	3	102	0	31
 13193	40	33	42	12	3	103	0	31
 13238	40	33	42	12	3	104	0	31
 13283	40	32	42	12	3	105	0	31
 13329	40	33	42	12	3	105	0	31
 13374	40	33	42	12	3	106	0	31
 13419	40	33	42	12	3	107	0	31
 13465	40	33	42	12	3	108	0	31
 13510	40	32	42	12	3	108	0	31
 13555	40	33	42	12	3	109	0	31
 13601	40	32	42	12	3	110	0	31
 13646	40	33	42	12	3	111	0	31
 13691	40	33	42	12	3	112	0	31
 13737	40	33	42	12	3	112	0	31
 13782	40	33	42	12	3	113	0	31
 13828	40	32	42	12	3	114	0	31
 13873	40	33	42	12	3	115	0	31
 13918	40	32	42	12	3	115	0	31
 13964	40	32	42	12	3	116	0	31
 14009	40	32	42	12	3	117	0	31
 14054	40	33	42	12	3	118	0	31
 14100	40	32	42	12	3	118	0	31
 14145	40	32	42	12	3	119	0	31
 14190	39	32	42	12	3	120	0	31
 14236	40	33	42	12	3	121	0	31
 14281	40	32	42	12	3	121	0	31
 14326	40	32	42	12	3	122	0	31
 14372	40	32	42	12	3	123	0	31
 14418	40	32	42	4	4	64	0	31
 14462	40	32	41	4	4	64	0	31
 14508	40	32	41	4	4	65	0	31
 14553	40	32	41	4	4	66	0	31
 14599	39	32	41	4	4	67	0	31
 14644	40	32	41	4	4	67	0	31
 14689	40	32	41	4	4	68	0	31
 14735	39	32	41	4	4	69	0	31
 14781	40	32	41	4	4	70	0	31
 14825	39	32	41	4	4	70	0	31
 14871	39	32	41	4	4	71	0	31
 14916	39	32	41	4	4	72	0	30
 14961	40	32	41	4	4	73	0	30
 15007	39	32	41	4	4	73	0	30
 15052	39	32	41	4	4	74	0	30
 15098	39	32	41	4	4	75	0	31
 15143	39	32	41	4	4	76	0	31
 15188	39	32	41	4	4	76	0	30
 15234	39	32	42	4	4	77	0	30
 15279	39	32	41	4	4	78	0	30
 15324	39	32	42	4	4	79	0	30
 15370	39	32	42	4	4	79	0	30
 15415	39	32	42	4	4	80	0	30
 15460	39	32	42	4	4	81	0	30
 15506	39	32	42	4	4	82	0	30
 15551	39	32	42	4	4	83	0	30
 15596	39	32	42	4	4	83	0	30
 15642	39	32	42	4	4	84	0	30
 15687	39	32	41	4	4	85	0	30
 15732	39	32	41	4	4	86	0	30
 15778	34	32	41	4	4	86	0	30
 15823	33	32	41	4	4	87	0	30
 15868	33	32	41	4	4	88	0	30
 15914	33	32	41	4	4	89	0	30
 15959	32	32	42	4	4	89	0	30
 16004	32	32	41	4	4	90	0	30
 16050	32	32	41	4	4	91	0	30
 16095	32	32	41	4	4	92	0	30
 16141	32	32	41	4	4	92	0	30
 16186	32	32	41	4	4	93	0	30
 16231	32	31	42	12	4	94	0	30
 16277	32	32	41	12	4	95	0	30
 16322	32	32	41	12	4	95	0	30
 16367	32	32	41	12	4	96	0	30
 16413	32	31	41	12	4	97	0	30
 16458	32	32	41	12	4	98	0	30
 16503	32	32	41	12	4	98	0	30
 16549	32	32	41	12	4	99	0	30
 16594	32	32	41	12	4	100	0	30
 16639	32	32	41	12	4	101	0	30
 16685	32	32	41	12	4	101	0	30
 16730	32	32	41	12	4	102	0	30
 16775	32	32	41	12	4	103	0	30
 16821	32	32	41	12	4	104	0	30
 16866	32	32	41	12	4	104	0	30
 16911	32	32	41	12	4	105	0	30
 16957	32	32	41	12	4	106	0	30
 17002	32	32	40	12	4	107	0	30
 17048	32	32	41	12	4	107	0	30
 17093	32	32	40	12	4	108	0	30
 17138	33	32	41	12	4	109	0	30
 17184	32	32	41	12	4	110	0	30
 17229	32	32	41	12	4	110	0	30
 17274	32	32	41	12	4	111	0	30
 17320	32	32	41	12	4	112	0	30
 17365	32	32	41	12	4	113	0	30
 17410	32	32	41	12	4	113	0	30
 17456	32	32	41	12	4	114	0	30
 17501	32	32	41	12	4	115	0	30
 17546	32	32	41	12	4	116	0	30
 17592	32	32	41	12	4	117	0	30
 17637	32	32	41	12	4	117	0	30
 17682	32	32	40	12	4	118	0	30
 17728	32	32	41	12	4	119	0	30
 17773	32	32	40	12	4	120	0	30
 17818	32	32	41	12	4	120	0	30
 17864	32	32	41	12	4	121	0	30
 17909	32	32	41	12	4	122	0	30
 17955	32	32	41	12	4	123	0	30
 18000	32	32	41	12	4	123	0	30
 18045	32	32	41	4	5	64	0	30
 18091	32	32	40	4	5	65	0	30
 18136	32	32	41	4	5	66	0	30
 18181	32	32	40	4	5	66	0	30
 18227	32	32	41	4	5	67	0	30
 18272	32	32	40	4	5	68	0	30
 18317	32	32	40	4	5	69	0	30
 18363	32	32	41	4	5	69	0	30
 18408	32	32	40	4	5	70	0	30
 18453	32	32	41	4	5	71	0	30
 18499	32	32	41	4	5	72	0	30
 18544	32	32	41	4	5	72	0	30
 18589	32	32	41	4	5	73	0	30
 18635	32	32	41	4	5	74	0	30
 18680	32	32	41	4	5	75	0	30
 18725	32	32	40	4	5	75	0	30
 18771	32	32	41	4	5	76	0	30
 18816	32	32	40	4	5	77	0	30
 18862	32	32	40	4	5	78	0	30
 18907	32	32	40	4	5	78	0	30
 18952	32	32	40	4	5	79	0	30
 18998	32	32	41	4	5	80	0	30
 19043	32	32	41	4	5	81	0	30
 19088	32	32	40	4	5	81	0	30
 19134	32	32	40	4	5	82	0	30
 19179	32	32	40	4	5	83	0	30
 19224	32	32	40	4	5	84	0	30
 19270	32	32	40	4	5	84	0	30
 19315	32	32	40	4	5	85	0	30
 19360	32	32	40	4	5	86	0	30
 19406	32	32	40	4	5	87	0	30
 19451	32	32	40	4	5	87	0	30
 19496	32	32	40	4	5	88	0	30
 19542	32	32	40	4	5	89	0	30
 19587	32	32	40	4	5	90	0	30
 19632	32	32	40	4	5	91	0	30
 19678	32	32	40	4	5	91	0	30
 19723	32	32	40	4	5	92	0	30
 19769	32	32	40	4	5	93	0	30
 19814	32	32	40	12	5	94	0	30
 19859	32	32	40	12	5	94	0	30
 19905	32	32	40	12	5	95	0	30
 19950	32	32	40	12	5	96	0	30
 19995	32	32	40	12	5	97	0	30
 20041	32	32	40	12	5	97	0	29
 20086	32	32	40	12	5	98	0	29
 20131	32	32	40	12	5	99	0	29
 20177	32	32	40	12	5	100	0	29
 20222	32	32	40	12	5	100	0	29
 20267	32	32	40	12	5	101	0	29
 20313	32	32	40	12	5	102	0	29
 20358	32	32	40	12	5	103	0	29
 20403	32	32	40	8	5	103	0	29
 20449	32	32	40	8	5	104	0	29
 20494	32	32	40	8	5	105	0	29
 20539	32	32	40	8	5	106	0	29
 20585	32	32	40	8	5	106	0	29
 20630	33	32	40	8	5	107	0	29
 20675	33	32	41	12	5	108	0	29
 20722	33	32	40	12	5	109	0	29
 20766	33	32	40	12	5	109	0	29
 20812	33	32	40	12	5	110	0	29
 20857	33	32	40	12	5	111	0	29
 20903	33	32	40	12	5	112	0	29
 20948	33	32	40	12	5	112	0	29
 20993	33	32	40	12	5	113	0	29
 21038	33	32	40	12	5	114	0	29
 21084	33	32	40	12	5	115	0	29
 21129	33	32	40	12	5	115	0	29
 21174	32	32	40	12	5	116	0	29
 21220	33	32	40	12	5	117	0	29
 21265	33	32	40	12	5	118	0	29
 21310	33	32	40	12	5	118	0	29
 21356	33	32	40	12	5	119	0	29
 21401	33	32	40	12	5	120	0	29
 21446	33	32	40	12	5	121	0	29
 21492	33	32	40	12	5	121	0	29
 21537	33	32	40	12	5	122	0	29
 21582	33	32	40	12	5	123	0	29
 21628	33	32	40	4	6	64	0	29
 21673	33	32	39	4	6	65	0	29
 21719	33	32	40	4	6	65	0	29
 21764	33	32	40	4	6	66	0	29
 21809	33	32	40	4	6	67	0	29
 21855	33	32	40	4	6	68	0	29
 21900	33	32	40	4	6	68	0	29
 21945	33	32	40	4	6	69	0	29
 21991	32	32	40	4	6	70	0	29
 22036	33	32	40	4	6	71	0	29
 22081	33	32	39	4	6	71	0	29
 22127	33	32	39	4	6	72	0	29
 22172	33	32	39	4	6	73	0	29
 22217	33	32	40	4	6	74	0	29
 22263	33	32	39	4	6	74	0	29
 22308	33	32	39	4	6	75	0	29
 22353	33	32	39	4	6	76	0	29
 22399	33	32	39	4	6	77	0	29
 22444	32	32	39	4	6	77	0	29
 22490	33	32	39	4	6	78	0	29
 22535	33	32	39	4	6	79	0	29
 22580	33	32	39	4	6	80	0	29
 22626	33	32	39	4	6	80	0	29
 22671	33	32	39	4	6	81	0	29
 22716	32	32	39	4	6	82	0	29
 22762	32	32	39	4	6	83	0	29
 22807	32	32	39	4	6	83	0	29
 22853	32	32	40	4	6	84	0	29
 22898	32	32	39	4	6	85	0	29
 22943	32	32	39	4	6	86	0	29
 22988	32	32	40	4	6	86	0	29
 23034	32	32	39	4	6	87	0	29
 23079	32	32	39	4	6	88	0	29
 23124	32	32	39	4	6	89	0	29
 23170	32	32	39	4	6	89	0	29
 23215	32	32	39	4	6	90	0	29
 23260	32	32	39	4	6	91	0	29
 23306	32	32	39	4	6	92	0	29
 23351	32	32	39	4	6	92	0	29
 23396	32	32	39	4	6	93	0	29
 23442	32	32	39	12	6	94	0	29
 23487	32	32	39	12	6	95	0	29
 23533	32	32	39	12	6	96	0	29
 23578	32	32	40	12	6	96	0	29
 23623	32	32	39	12	6	97	0	29
 23669	32	32	39	12	6	98	0	29
 23714	32	32	39	12	6	99	0	29
 23759	32	31	39	12	6	99	0	29
 23805	32	32	39	12	6	100	0	29
 23850	32	32	39	12	6	101	0	29
 23895	32	32	39	12	6	102	0	29
 23941	32	32	39	12	6	102	0	29
 23986	32	32	39	12	6	103	0	29
 24031	32	32	41	12	6	104	0	29
 24077	32	32	40	12	6	105	0	29
 24122	32	32	40	12	6	105	0	29
 24167	32	32	40	12	6	106	0	29
 24213	32	31	41	12	6	107	0	29
 24258	32	32	41	12	6	108	0	29
 24303	32	32	41	12	6	108	0	29
 24349	32	31	41	12	6	109	0	29
 24394	32	32	41	12	6	110	0	29
 24440	32	32	41	12	6	111	0	29
 24485	32	31	41	12	6	111	0	29
 24530	32	32	42	12	6	112	0	29
 24576	32	32	41	12	6	113	0	29
 24621	32	32	42	12	6	114	0	29
 24666	32	32	42	12	6	114	0	29
 24712	32	32	42	12	6	115	0	29
 24757	32	31	42	12	6	116	0	29
 24803	32	31	42	12	6	117	0	29
 24848	32	31	42	12	6	117	0	29
 24893	32	32	43	12	6	118	0	29
 24940	32	31	42	12	6	119	0	29
 24984	32	31	42	12	6	120	0	29
 25029	32	31	42	12	6	120	0	29
 25074	33	32	42	12	6	121	0	29
 25120	34	32	42	12	6	122	0	29
 25165	34	31	42	12	6	123	0	29
 25210	36	31	42	12	6	123	0	29
 25256	36	32	42	39	7	64	0	29
 25301	45	31	42	39	7	65	0	29
 25347	68	32	43	39	7	66	0	29
 25392	79	34	42	39	7	66	0	29
 25437	82	37	43	39	7	67	0	29
 25483	70	41	43	39	7	68	0	29
 25528	57	43	43	35	7	69	0	29
 25573	48	43	43	35	7	70	0	29
 25619	44	42	43	35	7	70	0	29
 25664	43	42	43	35	7	71	0	29
 25709	44	43	43	35	7	72	0	29
 25755	45	44	43	35	7	73	0	29
 25800	45	45	43	35	7	73	0	29
 25845	45	45	43	35	7	74	0	29
 25891	45	45	43	35	7	75	0	29
 25936	47	45	43	35	7	76	0	29
 25981	58	45	43	35	7	76	0	29
 26027	77	46	43	35	7	77	0	29
 26072	82	48	43	35	7	78	0	29
 26117	83	51	43	35	7	79	0	29
 26163	83	54	43	35	7	79	0	29
 26208	76	55	43	35	7	80	0	29
 26253	65	56	43	35	7	81	0	29
 26299	60	56	43	35	7	82	0	30
 26344	63	57	43	35	7	82	0	30
 26390	75	58	44	35	7	83	0	30
 26435	81	60	43	35	7	84	0	30
 26480	82	62	43	35	7	85	0	30
 26526	84	65	43	35	7	85	0	30
 26571	83	66	43	35	7	86	0	30
 26616	83	67	43	35	7	87	0	30
 26662	84	68	43	35	7	88	0	30
 26707	84	69	43	35	7	88	0	30
 26752	84	70	43	35	7	89	0	30
 26798	82	71	43	35	7	90	0	30
 26843	84	73	43	35	7	91	0	30
 26888	82	74	43	35	7	91	0	30
 26934	82	75	43	35	7	92	0	30
 26979	83	75	43	35	7	93	0	30
 27025	84	76	43	47	7	94	0	30
 27070	84	76	43	47	7	94	0	30
 27115	85	77	43	47	7	95	0	30
 27160	85	77	43	47	7	96	0	30
 27206	85	78	43	47	7	97	0	30
 27251	83	78	43	47	7	97	0	30
 27297	82	78	43	47	7	98	0	30
 27342	82	78	43	47	7	99	0	30
 27387	81	78	43	47	7	100	0	30
 27433	81	78	43	47	7	100	0	31
 27478	81	78	43	47	7	101	0	31
 27523	81	78	43	47	7	102	0	31
 27569	81	78	43	47	7	103	0	31
 27614	84	78	43	47	7	104	0	31
 27659	85	78	43	47	7	104	0	31
 27705	84	78	43	47	7	105	0	31
 27750	82	79	44	47	7	106	0	31
 27795	81	79	44	43	7	107	0	31
 27841	79	79	43	43	7	107	0	31
 27886	78	78	43	43	7	108	0	31
 27931	80	78	43	43	7	109	0	31
 27977	84	78	44	43	7	110	0	31
 28022	82	78	44	43	7	110	0	31
 28067	82	78	44	43	7	111	0	31
 28113	83	78	44	47	7	112	0	31
 28158	83	78	43	47	7	113	0	31
 28204	83	78	43	47	7	113	0	31
 28249	83	79	43	47	7	114	0	31
 28294	83	79	44	47	7	115	0	31
 28340	83	79	44	47	7	116	0	31
 28385	83	79	43	47	7	116	0	31
 28430	83	79	44	47	7	117	0	31
 28476	83	79	44	47	7	118	0	31
 28521	83	79	44	47	7	119	0	31
 28566	83	79	44	47	7	119	0	31
 28612	83	79	44	47	7	120	0	31
 28657	83	79	44	47	7	121	0	31
 28702	83	79	44	47	7	122	0	31
 28748	83	79	44	47	7	122	0	32
 28793	83	79	44	47	7	123	0	32
 28838	82	78	44	39	8	64	0	32
 28884	82	78	44	39	8	65	0	32
 28929	81	78	44	39	8	65	0	32
 28974	81	78	44	39	8	66	0	32
 29020	81	78	44	39	8	67	0	32
 29067	81	78	44	39	8	68	0	32
 29111	80	77	44	35	8	68	0	32
 29156	77	77	44	35	8	69	0	32
 29201	77	77	44	35	8	70	0	32
 29247	81	77	44	35	8	71	0	32
 29292	81	76	44	35	8	71	0	32
 29337	81	76	44	35	8	72	0	32
 29383	82	76	44	35	8	73	0	32
 29429	81	76	44	39	8	74	0	32
 29473	82	76	44	39	8	74	0	32
 29519	82	76	44	39	8	75	0	32
 29564	82	76	44	39	8	76	0	32
 29609	82	77	44	39	8	77	0	32
 29655	82	76	44	39	8	78	0	32
 29700	82	77	44	39	8	78	0	32
 29745	82	76	44	39	8	79	0	32
 29791	82	77	45	39	8	80	0	32
 29836	82	76	44	39	8	81	0	32
 29881	82	77	44	39	8	81	0	32
 29927	82	77	44	39	8	82	0	32
 29972	81	77	44	39	8	83	0	32
 30018	81	77	44	39	8	84	0	32
 30063	81	77	44	39	8	84	0	32
 30108	81	77	44	39	8	85	0	32
 30154	81	77	44	39	8	86	0	32
 30199	81	77	45	39	8	87	0	32
 30244	81	77	44	39	8	87	0	32
 30290	80	77	44	35	8	88	0	32
 30335	77	77	44	35	8	89	0	32
 30380	76	77	45	35	8	90	0	32
 30426	79	76	44	35	8	90	0	32
 30471	81	76	44	35	8	91	0	32
 30516	81	76	44	35	8	92	0	32
 30562	82	76	44	35	8	93	0	32
 30607	82	76	44	39	8	93	0	32
 30652	82	76	44	47	8	94	0	32
 30698	82	76	44	47	8	95	0	33
 30743	82	77	44	47	8	96	0	32
 30788	82	77	44	47	8	96	0	33
 30834	82	77	44	47	8	97	0	33
 30879	83	77	44	47	8	98	0	33
 30924	83	77	45	47	8	99	0	33
 30970	83	77	44	47	8	99	0	33
 31015	83	78	45	47	8	100	0	33
 31061	83	78	45	47	8	101	0	33
 31106	83	78	45	47	8	102	0	33
 31151	83	78	45	47	8	102	0	33
 31197	83	78	45	47	8	103	0	33
 31242	83	78	45	47	8	104	0	33
 31287	83	78	45	47	8	105	0	33
 31333	83	78	45	47	8	105	0	33
 31378	83	78	45	47	8	106	0	33
 31423	81	78	45	43	8	107	0	33
 31469	79	78	45	43	8	108	0	33
 31514	78	78	45	43	8	108	0	33
 31559	79	78	45	43	8	109	0	33
 31605	82	77	45	43	8	110	0	33
 31650	82	77	45	43	8	111	0	33
 31695	80	77	45	43	8	112	0	33
 31741	80	77	45	47	8	112	0	33
 31786	80	77	45	47	8	113	0	33
 31831	80	77	45	47	8	114	0	33
 31877	79	77	45	47	8	115	0	33
 31922	79	77	45	47	8	115	0	33
 31968	79	77	45	47	8	116	0	33
 32013	79	77	45	47	8	117	0	33
 32058	79	77	45	47	8	118	0	33
 32104	79	77	45	47	8	118	0	33
 32149	79	76	45	47	8	119	0	33
 32194	79	76	45	47	8	120	0	33
 32240	79	76	45	47	8	121	0	33
 32285	78	76	45	47	8	121	0	33
 32330	79	76	45	47	8	122	0	33
 32376	81	76	45	47	8	123	0	33
 32422	82	76	45	36	9	64	0	33
 32466	82	76	45	36	9	64	0	33
 32512	80	75	46	36	9	65	0	33
 32557	78	75	45	36	9	66	0	33
 32602	77	75	45	36	9	67	0	33
 32648	76	74	45	36	9	67	0	33
 32693	75	73	45	36	9	68	0	34
 32738	75	73	45	36	9	69	0	34
 32784	74	73	45	36	9	70	0	34
 32829	74	73	45	36	9	70	0	34
 32875	73	72	45	36	9	71	0	34
 32920	73	72	45	36	9	72	0	34
 32965	73	72	45	36	9	73	0	34
 33011	73	72	45	36	9	73	0	34
 33056	73	72	45	36	9	74	0	34
 33101	72	72	45	36	9	75	0	34
 33147	72	71	45	36	9	76	0	34
 33192	72	71	45	36	9	76	0	34
 33237	72	71	45	36	9	77	0	34
 33283	72	71	45	36	9	78	0	34
 33328	72	71	45	36	9	79	0	34
 33373	71	70	45	36	9	79	0	34
 33419	71	70	45	36	9	80	0	34
 33464	71	70	45	36	9	81	0	34
 33509	71	70	45	36	9	82	0	34
 33555	71	69	45	36	9	83	0	34
 33600	71	69	45	36	9	83	0	34
 33645	70	69	45	36	9	84	0	34
 33691	70	68	45	36	9	85	0	34
 33736	70	68	45	36	9	86	0	34
 33782	69	68	45	36	9	86	0	34
 33827	69	67	45	36	9	87	0	34
 33872	69	68	45	36	9	88	0	34
 33918	69	67	45	36	9	89	0	34
 33963	69	67	45	36	9	89	0	34
 34008	68	67	45	36	9	90	0	34
 34054	68	67	45	36	9	91	0	34
 34099	68	67	45	36	9	92	0	34
 34144	68	66	45	36	9	92	0	34
 34190	68	66	45	36	9	93	0	34
 34235	67	66	45	44	9	94	0	34
 34280	67	66	45	44	9	95	0	34
 34326	67	66	45	44	9	95	0	34
 34371	67	65	46	44	9	96	0	34
 34416	67	65	45	44	9	97	0	34
 34462	67	65	45	44	9	98	0	34
 34507	67	65	45	44	9	98	0	34
 34553	66	65	45	44	9	99	0	34
 34598	66	65	45	44	9	100	0	34
 34643	66	64	46	44	9	101	0	34
 34689	66	64	45	44	9	101	0	34
 34734	66	64	46	44	9	102	0	34
 34779	65	64	45	44	9	103	0	34
 34825	65	64	45	44	9	104	0	34
 34870	65	63	45	44	9	104	0	34
 34915	65	63	45	44	9	105	0	34
 34961	64	62	45	44	9	106	0	34
 35006	64	62	45	44	9	107	0	34
 35051	64	62	45	44	9	107	0	34
 35097	64	62	45	44	9	108	0	34
 35142	63	61	45	44	9	109	0	34
 35187	63	61	45	44	9	110	0	34
 35233	63	61	45	44	9	110	0	34
 35278	63	60	45	44	9	111	0	34
 35324	62	60	45	44	9	112	0	34
 35369	62	60	45	44	9	113	0	34
 35414	62	60	45	44	9	113	0	34
 35460	62	59	45	44	9	114	0	34
 35505	62	59	45	44	9	115	0	34
 35550	61	59	45	44	9	116	0	34
 35596	61	59	45	44	9	117	0	34
 35641	61	58	45	44	9	117	0	34
 35686	60	58	45	44	9	118	0	34
 35732	60	58	45	44	9	119	0	34
 35777	60	58	45	44	9	120	0	34
 35822	60	57	45	44	9	120	0	34
 35868	59	57	45	44	9	121	0	34
 35914	59	57	45	44	9	122	0	34
 35958	59	57	45	44	9	123	0	34
 36004	59	56	45	44	9	123	0	34
 36049	58	56	45	39	10	64	0	34
 36095	61	55	45	39	10	65	0	34
 36140	71	54	45	39	10	66	0	34
 36185	72	55	46	39	10	66	0	34
 36231	71	57	46	35	10	67	0	34
 36276	66	59	46	35	10	68	0	34
 36322	62	60	46	35	10	69	0	34
 36367	60	59	46	35	10	69	0	34
 36412	59	59	46	35	10	70	0	34
 36457	61	58	46	35	10	71	0	34
 36503	70	58	46	35	10	72	0	34
 36548	72	58	46	35	10	72	0	34
 36593	71	60	46	35	10	73	0	34
 36639	71	61	46	35	10	74	0	34
 36684	72	62	46	39	10	75	0	34
 36729	72	63	46	39	10	75	0	34
 36775	73	63	46	39	10	76	0	34
 36820	73	64	46	39	10	77	0	34
 36865	74	64	46	39	10	78	0	34
 36911	74	65	46	39	10	78	0	34
 36956	75	66	46	39	10	79	0	34
 37002	75	66	46	39	10	80	0	34
 37047	75	67	46	39	10	81	0	34
 37092	76	67	46	39	10	81	0	34
 37138	76	68	46	39	10	82	0	34
 37183	76	68	46	35	10	83	0	34
 37228	72	69	46	35	10	84	0	34
 37274	70	69	46	35	10	84	0	34
 37319	69	69	46	35	10	85	0	34
 37364	72	69	46	35	10	86	0	34
 37410	76	68	46	35	10	87	0	34
 37455	76	69	46	35	10	87	0	34
 37500	77	70	46	35	10	88	0	34
 37546	77	70	46	39	10	89	0	34
 37592	77	70	46	39	10	90	0	34
 37637	78	71	46	39	10	91	0	34
 37682	78	71	46	39	10	91	0	34
 37727	79	71	46	39	10	92	0	34
 37773	79	72	46	39	10	93	0	34
 37818	80	72	46	47	10	94	0	34
 37863	80	73	46	47	10	94	0	34
 37909	80	73	46	47	10	95	0	34
 37954	80	73	46	47	10	96	0	34
 37999	80	74	46	47	10	97	0	34
 38045	80	74	46	47	10	97	0	34
 38090	81	75	46	47	10	98	0	34
 38135	78	76	46	47	10	99	0	34
 38181	78	76	46	47	10	100	0	34
 38226	77	76	46	47	10	100	0	34
 38271	78	76	46	43	10	101	0	34
 38317	76	76	46	43	10	102	0	34
 38362	76	76	46	43	10	103	0	34
 38408	80	76	46	43	10	104	0	34
 38453	81	76	46	43	10	104	0	34
 38498	80	76	46	43	10	105	0	34
 38544	80	77	46	43	10	106	0	34
 38589	80	76	46	47	10	107	0	34
 38634	80	76	46	47	10	107	0	34
 38680	80	77	46	47	10	108	0	34
 38725	80	77	46	47	10	109	0	34
 38770	80	77	46	47	10	110	0	34
 38816	80	77	46	47	10	110	0	34
 38861	80	77	46	47	10	111	0	34
 38906	80	77	46	47	10	112	0	34
 38952	80	77	46	47	10	113	0	34
 38997	80	77	46	47	10	113	0	34
 39042	80	77	46	47	10	114	0	34
 39088	80	77	46	47	10	115	0	34
 39133	80	77	46	47	10	116	0	34
 39178	80	77	46	47	10	116	0	35
 39224	80	78	46	47	10	117	0	34
 39269	80	78	46	47	10	118	0	35
 39315	80	77	46	47	10	119	0	34
 39360	80	77	46	47	10	119	0	35
 39405	80	78	46	47	10	120	0	34
 39451	80	78	46	47	10	121	0	34
 39496	80	77	46	47	10	122	0	35
 39541	80	78	46	47	10	122	0	35
 39587	80	78	46	47	10	123	0	35
 39632	80	78	46	39	11	64	0	35
 39677	80	78	46	39	11	65	0	35
 39723	80	77	46	39	11	65	0	35
 39768	79	77	46	39	11	66	0	35
 39813	79	77	46	39	11	67	0	35
 39859	79	77	46	39	11	68	0	35
 39904	79	77	46	39	11	68	0	35
 39949	79	76	46	39	11	69	0	35
 39995	79	76	46	35	11	70	0	35
 40040	76	75	46	35	11	71	0	35
 40086	77	74	46	35	11	71	0	35
 40131	81	73	46	35	11	72	0	35
 40176	79	73	46	35	11	73	0	35
 40222	80	73	46	35	11	74	0	35
 40267	80	73	46	35	11	74	0	35
 40312	81	73	46	39	11	75	0	35
 40358	81	73	46	39	11	76	0	35
 40403	81	74	46	39	11	77	0	35
 40448	82	74	46	39	11	78	0	35
 40494	82	75	46	39	11	78	0	35
 40539	82	75	46	39	11	79	0	35
 40584	80	76	46	39	11	80	0	35
 40630	80	77	46	39	11	81	0	35
 40675	79	76	46	39	11	81	0	35
 40720	79	77	46	39	11	82	0	35
 40766	79	76	46	39	11	83	0	35
 40811	79	77	46	39	11	84	0	35
 40856	79	76	46	39	11	84	0	35
 40902	79	76	46	39	11	85	0	35
 40947	79	77	46	39	11	86	0	35
 40993	79	76	46	39	11	87	0	35
 41038	79	76	46	39	11	87	0	35
 41083	81	76	46	39	11	88	0	35
 41129	82	76	46	39	11	89	0	35
 41174	82	76	46	39	11	90	0	35
 41219	83	77	46	39	11	90	0	35
 41265	81	77	46	39	11	91	0	35
 41310	79	78	46	35	11	92	0	35
 41355	77	78	46	35	11	93	0	35
 41401	77	77	46	35	11	93	0	35
 41446	80	77	46	43	11	94	0	35
 41491	82	77	46	43	11	95	0	35
 41537	81	76	46	43	11	96	0	35
 41582	81	77	46	43	11	96	0	35
 41627	81	77	46	47	11	97	0	35
 41673	82	77	46	47	11	98	0	35
 41718	81	77	46	47	11	99	0	35
 41764	82	77	46	47	11	99	0	35
 41809	82	78	46	47	11	100	0	35
 41854	82	78	46	47	11	101	0	35
 41900	82	78	46	47	11	102	0	35
 41945	82	78	46	47	11	102	0	35
 41990	82	78	46	47	11	103	0	35
 42036	82	78	46	47	11	104	0	35
 42081	82	78	46	47	11	105	0	35
 42126	82	79	46	47	11	105	0	35
 42172	82	79	46	47	11	106	0	35
 42217	82	79	46	47	11	107	0	35
 42262	82	79	46	47	11	108	0	35
 42308	82	79	46	47	11	108	0	35
 42354	82	79	46	47	11	109	0	35
 42398	82	79	46	47	11	110	0	35
 42444	82	79	46	47	11	111	0	35
 42489	82	79	46	47	11	112	0	35
 42535	82	79	46	47	11	112	0	35
 42580	82	79	46	47	11	113	0	35
 42625	82	79	46	47	11	114	0	35
 42671	82	79	46	47	11	115	0	35
 42716	82	79	46	47	11	115	0	35
 42761	80	79	46	43	11	116	0	35
 42807	79	79	46	43	11	117	0	35
 42852	79	79	46	43	11	118	0	35
 42897	82	78	46	43	11	118	0	35
 42943	84	78	46	43	11	119	0	35
 42988	82	78	46	43	11	120	0	35
 43033	81	79	46	43	11	121	0	35
 43079	81	79	46	47	11	121	0	35
 43124	81	79	46	47	11	122	0	35
 43169	81	79	46	47	11	123	0	35
 43215	81	79	46	39	12	64	0	35
 43260	81	78	46	39	12	64	0	35
 43306	81	79	46	39	12	65	0	35
 43351	81	78	46	39	12	66	0	35
 43396	81	78	46	39	12	67	0	35
 43442	80	78	46	39	12	67	0	35
 43487	81	78	46	39	12	68	0	35
 43532	81	78	46	39	12	69	0	35
 43578	81	78	46	39	12	70	0	35
 43623	80	78	46	39	12	70	0	35
 43668	80	78	46	39	12	71	0	35
 43714	80	78	46	39	12	72	0	35
 43759	80	78	46	39	12	73	0	35
 43804	81	78	46	39	12	73	0	35
 43850	83	78	46	39	12	74	0	35
 43895	84	78	46	39	12	75	0	35
 43940	84	78	46	39	12	76	0	35
 43986	82	78	46	39	12	76	0	35
 44031	81	79	46	39	12	77	0	35
 44076	80	78	46	39	12	78	0	35
 44122	80	78	46	39	12	79	0	35
 44167	83	78	46	39	12	79	0	35
 44213	83	78	47	39	12	80	0	35
 44258	84	78	46	39	12	81	0	35
 44303	83	79	46	35	12	82	0	35
 44349	80	79	46	35	12	83	0	35
 44394	79	79	46	35	12	83	0	35
 44439	78	79	46	35	12	84	0	35
 44485	82	78	46	35	12	85	0	35
 44530	83	78	46	35	12	86	0	35
 44575	82	78	46	35	12	86	0	35
 44621	82	79	46	39	12	87	0	35
 44666	82	79	46	39	12	88	0	35
 44712	82	79	45	39	12	89	0	35
 44757	82	79	46	39	12	89	0	35
 44802	82	79	46	39	12	90	0	35
 44847	82	79	46	39	12	91	0	35
 44893	83	79	46	39	12	92	0	35
 44938	82	79	46	39	12	92	0	35
 44984	83	79	45	39	12	93	0	35
 45029	83	79	45	47	12	94	0	35
 45074	82	79	46	47	12	95	0	35
 45120	82	79	45	47	12	95	0	35
 45165	82	79	45	47	12	96	0	35
 45210	82	79	46	47	12	97	0	35
 45256	82	79	46	47	12	98	0	35
 45301	82	79	46	47	12	98	0	35
 45346	82	79	46	47	12	99	0	35
 45392	82	79	45	47	12	100	0	35
 45437	81	78	45	47	12	101	0	35
 45482	81	79	46	47	12	101	0	35
 45528	81	78	46	47	12	102	0	35
 45573	81	78	46	47	12	103	0	35
 45618	81	78	46	47	12	104	0	35
 45664	81	78	45	47	12	104	0	35
 45709	81	78	46	47	12	105	0	35
 45764	81	78	46	47	12	106	0	35
 45800	81	78	46	43	12	107	0	35
 45845	78	78	46	43	12	107	0	35
 45891	78	78	46	43	12	108	0	35
 45936	82	77	46	43	12	109	0	35
 45981	82	77	46	43	12	110	0	35
 46027	82	77	46	43	12	110	0	35
 46072	82	77	46	43	12	111	0	35
 46117	82	78	46	47	12	112	0	35
 46163	83	78	46	47	12	113	0	35
 46208	83	78	46	47	12	113	0	36
 46253	83	78	46	47	12	114	0	36
 46299	83	78	46	47	12	115	0	36
 46344	83	79	46	47	12	116	0	35
 46389	84	79	46	47	12	117	0	35
 46435	84	79	46	47	12	117	0	36
 46480	84	79	46	47	12	118	0	36
 46526	81	80	46	47	12	119	0	36
 46571	83	80	46	47	12	120	0	36
 46616	83	80	46	47	12	120	0	36
 46662	83	80	46	47	12	121	0	36
 46707	83	80	46	47	12	122	0	36
 46752	84	80	46	47	12	123	0	36
 46798	84	80	46	47	12	123	0	36
 46843	84	80	46	39	13	64	0	36
 46888	84	81	46	39	13	65	0	36
 46934	84	81	46	39	13	66	0	36
 46979	84	81	46	39	13	66	0	36
 47024	83	81	46	39	13	67	0	36
 47070	84	81	46	39	13	68	0	36
 47115	84	81	46	39	13	69	0	36
 47160	84	81	46	39	13	69	0	36
 47206	82	81	46	35	13	70	0	36
 47251	81	81	46	35	13	71	0	36
 47297	80	81	46	35	13	72	0	36
 47342	80	80	46	35	13	72	0	36
 47387	82	79	46	35	13	73	0	36
 47433	83	79	46	35	13	74	0	36
 47478	84	79	46	35	13	75	0	36
 47523	81	79	46	39	13	75	0	36
 47569	83	80	46	39	13	76	0	36
 47614	83	80	46	39	13	77	0	36
 47659	84	79	46	39	13	78	0	36
 47705	84	79	46	39	13	78	0	36
 47750	84	80	46	39	13	79	0	36
 47795	84	80	46	39	13	80	0	36
 47841	84	80	46	39	13	81	0	36
 47886	82	80	46	39	13	81	0	36
 47931	82	80	46	39	13	82	0	36
 47977	83	80	46	39	13	83	0	36
 48022	83	80	46	39	13	84	0	36
 48068	83	80	46	39	13	84	0	36
 48113	84	80	46	39	13	85	0	36
 48158	84	80	46	39	13	86	0	36
 48204	84	80	46	39	13	87	0	36
 48249	84	80	46	39	13	87	0	36
 48294	83	80	46	39	13	88	0	36
 48340	83	80	46	39	13	89	0	36
 48385	83	80	46	39	13	90	0	36
 48430	83	80	46	39	13	91	0	36
 48476	83	80	46	39	13	91	0	36
 48521	83	80	46	39	13	92	0	36
 48566	83	80	46	39	13	93	0	36
 48612	83	80	46	47	13	94	0	36
 48657	83	80	46	47	13	94	0	36
 48702	81	80	46	43	13	95	0	36
 48748	80	80	46	43	13	96	0	36
 48793	79	80	46	43	13	97	0	36
 48838	82	80	46	43	13	97	0	36
 48884	84	79	45	43	13	98	0	36
 48929	83	79	46	43	13	99	0	36
 48975	82	79	46	43	13	100	0	36
 49020	82	80	46	47	13	100	0	36
 49065	82	80	45	47	13	101	0	36
 49111	82	80	46	47	13	102	0	36
 49156	81	80	46	47	13	103	0	36
 49201	81	79	46	47	13	103	0	36
 49247	81	79	46	47	13	104	0	36
 49292	81	79	46	47	13	105	0	36
 49337	81	79	46	47	13	106	0	36
 49383	81	79	46	47	13	106	0	36
 49428	81	79	46	47	13	107	0	36
 49473	84	79	46	47	13	108	0	36
 49519	85	79	46	47	13	109	0	36
 49564	84	79	46	47	13	109	0	36
 49609	82	80	46	47	13	110	0	36
 49655	82	80	46	47	13	111	0	36
 49700	81	80	45	47	13	112	0	36
 49746	83	79	46	47	13	112	0	36
 49791	84	79	46	47	13	113	0	36
 49836	84	79	45	47	13	114	0	36
 49882	85	80	46	47	13	115	0	36
 49927	85	80	46	47	13	115	0	36
 49972	83	80	46	47	13	116	0	36
 50018	82	80	46	47	13	117	0	36
 50063	81	80	45	47	13	118	0	36
 50108	82	80	45	47	13	118	0	36
 50154	84	80	45	47	13	119	0	36
 50199	85	79	45	47	13	120	0	36
 50244	83	80	45	43	13	121	0	36
 50290	80	80	45	43	13	121	0	36
 50335	80	80	45	43	13	122	0	36
 50381	82	80	45	43	13	123	0	36
 50426	84	79	45	35	14	64	0	36
 50471	83	79	45	35	14	65	0	36
 50517	83	79	45	35	14	65	0	36
 50562	83	80	45	39	14	66	0	36
 50607	83	80	45	39	14	67	0	36
 50653	83	80	45	39	14	68	0	36
 50698	83	80	45	39	14	68	0	36
 50743	83	80	45	39	14	69	0	36
 50789	83	80	45	39	14	70	0	36
 50834	83	80	45	39	14	71	0	36
 50879	83	80	45	39	14	71	0	36
 50925	83	80	45	39	14	72	0	36
 50970	84	80	45	39	14	73	0	36
 51015	83	80	45	39	14	74	0	36
 51061	84	80	45	39	14	74	0	36
 51106	83	80	45	39	14	75	0	36
 51151	84	80	45	39	14	76	0	36
 51197	83	80	45	39	14	77	0	36
 51242	83	80	45	39	14	77	0	36
 51287	83	80	46	39	14	78	0	36
 51333	83	80	45	39	14	79	0	36
 51378	83	80	45	39	14	80	0	36
 51424	83	80	45	39	14	80	0	36
 51469	83	80	45	39	14	81	0	36
 51514	82	80	45	39	14	82	0	36
 51560	82	80	45	39	14	83	0	36
 51605	82	80	46	39	14	83	0	36
 51650	82	80	45	39	14	84	0	36
 51696	82	79	45	39	14	85	0	36
 51741	82	80	45	35	14	86	0	36
 51786	80	79	45	35	14	86	0	36
 51832	79	79	45	35	14	87	0	36
 51877	81	79	45	35	14	88	0	36
 51922	84	79	45	35	14	89	0	36
 51968	83	78	45	35	14	89	0	36
 52013	84	79	45	35	14	90	0	36
 52058	84	79	45	39	14	91	0	36
 52104	84	79	45	39	14	92	0	36
 52149	85	80	45	39	14	92	0	36
 52195	85	80	46	39	14	93	0	36
 52240	85	80	44	47	14	94	0	36
 52285	85	80	44	47	14	95	0	36
 52331	85	80	44	47	14	96	0	36
 52376	85	80	44	47	14	96	0	36
 52421	85	81	45	47	14	97	0	36
 52467	86	81	45	47	14	98	0	36
 52512	85	81	45	47	14	99	0	36
 52557	85	81	44	47	14	99	0	36
 52603	86	81	44	47	14	100	0	36
 52648	86	81	44	47	14	101	0	36
 52693	85	81	44	47	14	102	0	36
 52739	85	81	44	47	14	102	0	36
 52784	85	82	44	47	14	103	0	36
 52829	86	82	44	47	14	104	0	36
 52875	85	82	44	47	14	105	0	36
 52920	85	82	44	47	14	105	0	36
 52966	85	82	44	47	14	106	0	36
 53011	83	82	44	43	14	107	0	36
 53056	82	82	43	43	14	108	0	36
 53102	81	82	43	43	14	108	0	36
 53147	83	81	43	43	14	109	0	36
 53192	86	81	43	43	14	110	0	36
 53238	85	80	43	43	14	111	0	36
 53283	84	81	43	43	14	111	0	36
 53328	85	81	43	47	14	112	0	36
 53374	85	81	43	47	14	113	0	36
 53419	84	81	43	47	14	114	0	36
 53464	84	81	43	47	14	114	0	36
 53510	84	81	43	47	14	115	0	36
 53555	84	81	43	47	14	116	0	36
 53600	84	81	44	47	14	117	0	36
 53646	84	81	43	47	14	117	0	36
 53691	84	81	43	47	14	118	0	36
 53737	84	81	43	47	14	119	0	36
 53782	84	81	43	47	14	120	0	36
 53827	84	81	43	47	14	120	0	36
 53873	84	81	43	47	14	121	0	36
 53918	84	81	43	47	14	122	0	36
 53963	84	81	43	47	14	123	0	36
 54009	84	81	43	47	14	123	0	36
 54054	84	81	43	39	15	64	0	36
 54099	84	81	43	39	15	65	0	36
 54145	86	81	43	39	15	66	0	36
 54190	87	81	44	39	15	66	0	36
 54235	87	81	43	39	15	67	0	36
 54281	85	81	44	39	15	68	0	36
 54326	85	82	44	39	15	69	0	36
 54371	84	82	44	39	15	70	0	36
 54417	84	81	44	39	15	70	0	36
 54462	83	81	44	35	15	71	0	36
 54507	81	81	44	35	15	72	0	36
 54553	81	81	44	35	15	73	0	36
 54598	85	81	44	35	15	73	0	36
 54644	85	80	44	35	15	74	0	36
 54689	85	80	44	35	15	75	0	36
 54734	86	81	44	35	15	76	0	36
 54780	87	81	44	39	15	76	0	36
 54825	87	81	44	39	15	77	0	36
 54870	87	82	44	39	15	78	0	36
 54916	87	82	44	39	15	79	0	36
 54961	87	82	44	39	15	79	0	36
 55006	87	82	43	39	15	80	0	36
 55052	87	82	43	39	15	81	0	36
 55097	88	82	44	39	15	82	0	36
 55142	88	83	43	39	15	82	0	36
 55188	88	83	43	39	15	83	0	36
 55233	88	83	43	39	15	84	0	36
 55278	88	83	43	39	15	85	0	36
 55324	88	83	43	39	15	85	0	36
 55369	88	83	43	39	15	86	0	36
 55415	88	83	43	39	15	87	0	36
 55460	87	84	44	39	15	88	0	36
 55505	88	84	44	39	15	88	0	36
 55551	88	84	44	39	15	89	0	36
 55596	87	84	44	39	15	90	0	36
 55641	85	84	44	35	15	91	0	36
 55687	84	84	44	35	15	91	0	36
 55732	83	84	43	35	15	92	0	36
 55777	85	83	44	35	15	93	0	36
 55823	87	83	43	43	15	94	0	36
 55868	86	83	44	43	15	94	0	36
 55913	86	83	43	43	15	95	0	36
 55959	86	83	43	47	15	96	0	36
 56004	86	83	44	47	15	97	0	36
 56049	86	83	44	47	15	97	0	36
 56095	86	83	44	47	15	98	0	36
 56140	86	83	44	47	15	99	0	36
 56186	86	82	44	47	15	100	0	36
 56231	85	83	44	47	15	100	0	36
 56276	85	83	44	47	15	101	0	36
 56322	85	83	43	47	15	102	0	36
 56367	85	83	44	47	15	103	0	36
 56412	85	83	43	47	15	104	0	36
 56458	85	82	44	47	15	104	0	36
 56503	85	82	44	47	15	105	0	36
 56548	85	82	44	47	15	106	0	36
 56594	85	82	44	47	15	107	0	36
 56639	85	82	44	47	15	107	0	36
 56684	85	82	44	47	15	108	0	36
 56730	85	82	44	47	15	109	0	36
 56775	87	82	44	47	15	110	0	36
 56820	88	82	44	47	15	110	0	36
 56866	87	82	44	47	15	111	0	36
 56911	86	82	44	47	15	112	0	36
 56957	85	83	44	47	15	113	0	36
 57002	85	82	44	47	15	113	0	36
 57047	84	82	44	47	15	114	0	36
 57093	84	82	44	47	15	115	0	36
 57138	84	82	44	43	15	116	0	36
 57183	82	82	44	43	15	116	0	36
 57229	82	82	44	43	15	117	0	36
 57274	86	81	44	43	15	118	0	36
 57320	86	81	44	43	15	119	0	36
 57365	86	81	44	43	15	119	0	36
 57410	87	82	44	43	15	120	0	36
 57455	87	82	44	47	15	121	0	36
 57501	87	82	44	47	15	122	0	36
 57546	87	82	44	47	15	122	0	36
 57591	87	82	44	47	15	123	0	36
 57637	87	82	44	39	16	64	0	36
 57682	87	82	44	39	16	65	0	36
 57727	87	82	44	39	16	65	0	36
 57773	87	83	44	39	16	66	0	36
 57818	87	83	43	39	16	67	0	36
 57864	87	83	43	39	16	68	0	36
 57909	87	83	43	39	16	68	0	36
 57954	87	83	43	39	16	69	0	36
 58000	87	83	43	39	16	70	0	36
 58045	87	83	43	39	16	71	0	37
 58090	87	83	43	39	16	71	0	37
 58136	87	83	43	39	16	72	0	37
 58181	87	83	43	39	16	73	0	37
 58226	87	84	43	39	16	74	0	37
 58272	87	84	43	39	16	74	0	37
 58317	87	84	43	39	16	75	0	37
 58362	87	83	43	39	16	76	0	37
 58408	84	83	43	35	16	77	0	37
 58453	83	83	44	35	16	78	0	37
 58498	82	83	43	35	16	78	0	37
 58544	85	83	44	35	16	79	0	37
 58589	87	82	44	35	16	80	0	37
 58635	87	82	44	35	16	81	0	37
 58680	85	82	43	35	16	81	0	37
 58725	84	83	44	39	16	82	0	37
 58771	84	82	44	39	16	83	0	37
 58816	84	82	44	39	16	84	0	37
 58861	84	82	44	39	16	84	0	37
 58910	84	82	44	39	16	85	0	37
 58952	84	81	44	39	16	86	0	37
 58997	86	81	44	39	16	87	0	37
 59043	87	81	44	39	16	87	0	37
 59088	86	82	44	39	16	88	0	37
 59133	85	82	44	39	16	89	0	37
 59179	84	82	44	39	16	90	0	37
 59224	84	82	44	39	16	90	0	37
 59269	85	82	44	39	16	91	0	37
 59315	87	81	44	39	16	92	0	37
 59360	87	81	44	39	16	93	0	37
 59406	87	82	44	39	16	93	0	37
 59451	87	82	44	47	16	94	0	37
 59496	84	83	44	47	16	95	0	37
 59542	84	82	44	47	16	96	0	37
 59587	83	82	44	47	16	96	0	37
 59632	85	82	44	47	16	97	0	37
 59678	86	82	44	47	16	98	0	37
 59723	86	82	44	47	16	99	0	36
 59768	87	82	44	47	16	99	0	37
 59814	87	82	44	47	16	100	0	37
 59859	87	82	44	47	16	101	0	37
 59904	85	82	44	43	16	102	0	36
 59950	83	83	44	43	16	102	0	37
 59995	82	83	44	43	16	103	0	37
 60040	83	82	44	43	16	104	0	36
 60086	86	81	44	43	16	105	0	37
 60131	85	81	44	43	16	105	0	37
 60177	85	82	44	43	16	106	0	37
 60222	86	82	44	47	16	107	0	36
 60267	86	82	44	47	16	108	0	36
 60313	86	82	44	47	16	108	0	36
 60358	85	82	44	47	16	109	0	36
 60403	85	82	44	47	16	110	0	36
 60449	85	82	44	47	16	111	0	37
 60494	85	82	44	47	16	112	0	37
 60539	85	82	44	47	16	112	0	37
 60585	85	82	44	47	16	113	0	37
 60630	85	82	44	47	16	114	0	36
 60675	86	82	44	47	16	115	0	37
 60721	85	82	44	47	16	115	0	36
 60766	85	82	44	47	16	116	0	36
 60811	85	82	44	47	16	117	0	37
 60857	85	82	44	47	16	118	0	36
 60902	85	82	44	47	16	118	0	37
 60948	85	82	44	47	16	119	0	36
 60993	85	82	44	47	16	120	0	36
 61038	85	82	44	47	16	121	0	37
 61084	85	82	44	47	16	121	0	36
 61129	85	82	44	47	16	122	0	37
 61174	85	82	44	47	16	123	0	36
 61220	85	82	44	39	17	64	0	37
 61265	85	82	44	39	17	64	0	36
 61310	84	82	44	39	17	65	0	36
 61356	84	82	44	39	17	66	0	37
 61401	84	82	44	39	17	67	0	36
 61446	84	82	44	35	17	67	0	37
 61492	82	82	44	35	17	68	0	37
 61537	81	82	44	35	17	69	0	36
 61582	84	82	44	35	17	70	0	36
 61628	87	81	44	35	17	70	0	36
 61673	86	81	44	35	17	71	0	36
 61718	86	81	44	35	17	72	0	37
 61764	86	82	44	39	17	73	0	36
 61809	86	82	44	39	17	73	0	36
 61855	86	82	43	39	17	74	0	37
 61900	86	82	44	39	17	75	0	36
 61950	86	82	43	39	17	76	0	36
 61991	87	83	44	39	17	76	0	36
 62036	87	83	44	39	17	77	0	36
 62081	87	83	43	39	17	78	0	37
 62127	87	83	43	39	17	79	0	36
 62172	87	83	43	39	17	79	0	36
 62217	87	83	43	39	17	80	0	37
 62263	87	83	43	39	17	81	0	36
 62308	87	83	44	39	17	82	0	37
 62353	87	83	43	39	17	83	0	37
 62399	87	84	43	39	17	83	0	37
 62444	87	83	43	39	17	84	0	37
 62489	87	83	43	39	17	85	0	37
 62535	87	84	43	39	17	86	0	37
 62580	87	83	43	39	17	86	0	36
 62626	86	83	43	39	17	87	0	36
 62671	86	84	45	39	17	88	0	37
 62717	86	83	43	39	17	89	0	37
 62762	86	83	43	39	17	89	0	36
 62807	86	84	43	39	17	90	0	37
 62852	84	83	44	35	17	91	0	37
 62898	83	83	43	35	17	92	0	37
 62943	82	83	43	35	17	92	0	36
 62988	86	83	44	35	17	93	0	37
 63034	87	82	43	43	17	94	0	36
 63079	86	82	44	43	17	95	0	36
 63124	86	83	44	47	17	95	0	36
 63170	87	83	44	47	17	96	0	37
 63215	86	83	43	47	17	97	0	37
 63260	86	83	44	47	17	98	0	36
 63306	86	83	43	47	17	98	0	37
 63351	86	83	44	47	17	99	0	37
 63397	86	83	44	47	17	100	0	37
 63442	86	83	44	47	17	101	0	37
 63487	86	83	44	47	17	101	0	37
 63533	86	83	43	47	17	102	0	37
 63578	86	83	44	47	17	103	0	37
 63623	86	83	43	47	17	104	0	37
 63669	86	83	43	47	17	104	0	37
 63714	86	83	43	47	17	105	0	37
 63759	86	83	43	47	17	106	0	37
 63805	86	83	43	47	17	107	0	37
 63850	86	83	43	47	17	107	0	37
 63895	86	83	43	47	17	108	0	37
 63941	86	83	43	47	17	109	0	37
 63986	86	83	43	47	17	110	0	37
 64031	86	83	43	47	17	110	0	37
 64077	85	83	43	47	17	111	0	37
 64122	85	83	43	47	17	112	0	37
 64168	85	83	43	47	17	113	0	37
 64213	85	83	43	47	17	113	0	37
 64258	85	83	43	47	17	114	0	37
 64304	85	82	43	47	17	115	0	37
 64349	85	82	43	43	17	116	0	37
 64394	83	82	43	43	17	117	0	37
 64440	82	82	43	43	17	117	0	37
 64485	85	82	43	43	17	118	0	37
 64530	86	81	43	43	17	119	0	37
 64576	86	81	43	43	17	120	0	37
 64621	87	82	43	43	17	120	0	37
 64666	87	82	43	47	17	121	0	37
 64712	87	82	43	47	17	122	0	37
 64757	87	82	43	47	17	123	0	37
 64802	87	82	43	47	17	123	0	37
 64848	87	82	43	39	18	64	0	37
 64893	88	82	43	39	18	65	0	37
 64938	88	82	43	39	18	66	0	37
 64984	87	83	43	39	18	66	0	37
 65029	87	83	43	39	18	67	0	37
 65075	88	83	43	39	18	68	0	37
 65120	88	83	43	39	18	69	0	37
 65165	88	83	43	39	18	69	0	37
 65211	88	83	43	39	18	70	0	37
 65256	87	83	43	39	18	71	0	37
 65301	87	83	43	39	18	72	0	37
 65350	87	83	43	39	18	72	0	37
 65392	87	83	43	39	18	73	0	37
 65437	87	83	43	39	18	74	0	37
 65483	87	83	43	39	18	75	0	37
 65483	87	83	43	39	18	75	0	37
 65528	87	83	43	39	18	75	0	37
 65573	87	83	43	39	18	76	0	37
 65619	85	83	43	35	18	77	0	37
 65664	83	83	43	35	18	78	0	37
 65709	83	83	43	35	18	78	0	37
 65755	86	82	43	35	18	79	0	37
 65800	88	82	43	35	18	80	0	37
 65846	87	82	43	35	18	81	0	37
 65891	87	83	43	35	18	81	0	37
 65936	88	83	43	39	18	82	0	37
 65982	88	84	43	39	18	83	0	37
 66027	88	83	43	39	18	84	0	37
 66072	88	84	43	39	18	84	0	37
 66118	88	84	43	39	18	85	0	37
 66163	88	84	43	39	18	86	0	37
 66208	88	84	43	39	18	87	0	37
 66254	88	84	43	39	18	87	0	37
 66299	88	84	43	39	18	88	0	37
 66344	88	84	43	39	18	89	0	37
 66390	89	84	44	39	18	90	0	37
 66435	89	85	43	39	18	91	0	37
 66480	88	85	43	39	18	91	0	37
 66526	89	85	43	39	18	92	0	37
 66571	88	85	43	39	18	93	0	37
 66617	88	85	43	47	18	94	0	37
 66662	88	85	43	47	18	94	0	37
 66707	88	85	43	47	18	95	0	37
 66753	88	85	43	47	18	96	0	37
 66798	88	85	43	47	18	97	0	37
 66843	88	85	43	47	18	97	0	37
 66889	88	85	43	47	18	98	0	37
 66934	87	85	43	47	18	99	0	37
 66979	86	85	43	43	18	100	0	37
 67025	84	85	43	43	18	100	0	37
 67070	84	85	43	43	18	101	0	37
 67115	87	84	43	43	18	102	0	37
 67161	89	83	43	43	18	103	0	37
 67206	87	83	43	43	18	103	0	37
 67251	87	84	43	43	18	104	0	37
 67297	87	84	42	47	18	105	0	37
 67342	87	84	42	47	18	106	0	37
 67387	87	84	43	47	18	106	0	37
 67433	87	84	42	47	18	107	0	37
 67478	87	84	42	47	18	108	0	37
 67524	87	84	42	47	18	109	0	37
 67569	87	84	42	47	18	109	0	37
 67614	87	84	42	47	18	110	0	37
 67660	87	84	42	47	18	111	0	37
 67705	87	84	43	47	18	112	0	37
 67750	87	84	43	47	18	112	0	37
 67796	87	84	43	47	18	113	0	37
 67841	87	84	43	47	18	114	0	37
 67886	87	84	43	47	18	115	0	37
 67932	87	84	43	47	18	115	0	37
 67977	87	84	42	47	18	116	0	37
 68022	87	84	43	47	18	117	0	37
 68068	86	84	43	47	18	118	0	37
 68113	87	84	43	47	18	118	0	37
 68158	86	84	43	47	18	119	0	37
 68204	86	83	43	47	18	120	0	37
 68249	86	84	43	47	18	121	0	37
 68295	86	83	43	47	18	121	0	37
 68340	86	83	43	47	18	122	0	37
 68385	86	83	43	47	18	123	0	37
 68431	89	83	43	7	19	64	0	37
 68476	89	83	43	7	19	65	0	37
 68521	89	84	43	3	19	65	0	37
 68567	86	84	43	3	19	66	0	37
 68612	84	84	43	3	19	67	0	37
 68657	83	84	43	3	19	68	0	37
 68703	86	83	43	3	19	68	0	37
 68748	87	83	43	3	19	69	0	37
 68793	87	83	43	3	19	70	0	37
 68839	87	83	43	3	19	71	0	37
 68884	88	83	43	7	19	71	0	37
 68929	88	84	42	7	19	72	0	37
 68975	88	84	42	7	19	73	0	37
 69020	88	84	42	7	19	74	0	37
 69102	88	84	43	7	19	75	0	37
 69147	89	84	43	7	19	76	0	37
 69193	89	84	43	7	19	76	0	37
 69239	89	84	43	7	19	77	0	37
 69283	89	85	43	7	19	78	0	37
 69329	89	85	43	7	19	79	0	37
 69374	89	85	43	7	19	79	0	37
 69419	89	85	43	7	19	80	0	37
 69465	89	85	43	7	19	81	0	37
 69510	88	85	43	7	19	82	0	37
 69555	88	85	43	7	19	83	0	37
 69601	88	85	43	7	19	83	0	37
 69646	88	85	42	7	19	84	0	37
 69691	88	85	42	7	19	85	0	37
 69737	88	85	42	7	19	86	0	37
 69782	88	84	42	7	19	86	0	37
 69828	87	84	42	7	19	87	0	37
 69873	87	85	42	7	19	88	0	37
 69918	87	84	42	7	19	89	0	37
 69964	87	84	42	3	19	89	0	37
 70009	84	84	42	3	19	90	0	37
 70054	83	84	42	3	19	91	0	37
 70100	85	83	42	3	19	92	0	37
 70145	88	83	43	3	19	92	0	37
 70190	87	83	42	3	19	93	0	37
 70236	88	83	43	11	19	94	0	37
 70281	88	84	42	15	19	95	0	37
 70326	88	84	42	15	19	96	0	37
 70372	89	84	42	15	19	96	0	37
 70417	89	84	42	15	19	97	0	37
 70462	89	84	42	15	19	98	0	37
 70508	89	84	43	15	19	99	0	37
 70553	89	84	42	15	19	99	0	37
 70598	89	84	42	15	19	100	0	37
 70644	89	84	42	15	19	101	0	37
 70689	89	84	42	15	19	102	0	37
 70735	88	84	42	15	19	102	0	37
 70780	88	84	42	15	19	103	0	37
 70825	88	84	42	15	19	104	0	37
 70871	88	83	43	15	19	105	0	37
 70916	88	83	43	15	19	105	0	37
 70961	87	83	43	15	19	106	0	37
 71007	87	83	42	15	19	107	0	37
 71052	87	83	42	15	19	108	0	37
 71097	86	82	43	15	19	108	0	37
 71143	86	82	43	15	19	109	0	37
 71188	86	82	42	15	19	110	0	37
 71233	86	82	43	15	19	111	0	37
 71279	88	82	43	15	19	111	0	37
 71324	86	82	43	15	19	112	0	37
 71369	86	82	43	15	19	113	0	37
 71415	86	82	43	15	19	114	0	37
 71460	85	82	43	11	19	114	0	37
 71505	82	81	43	11	19	115	0	37
 71551	81	81	43	11	19	116	0	37
 71596	84	80	43	11	19	117	0	37
 71642	87	79	43	11	19	117	0	37
 71687	87	80	43	11	19	118	0	37
 71732	88	81	42	11	19	119	0	37
 71778	89	82	43	15	19	120	0	37
 71823	89	82	43	15	19	120	0	37
 71868	87	83	43	15	19	121	0	37
 71914	86	83	43	15	19	122	0	37
 71959	86	82	43	15	19	123	0	37
 72004	88	82	43	15	19	123	0	37
 72050	86	81	43	4	20	64	0	37
 72095	85	80	43	4	20	65	0	37
 72141	83	80	43	4	20	66	0	37
 72186	82	79	43	4	20	66	0	37
 72231	81	79	42	4	20	67	0	37
 72276	80	78	43	4	20	68	0	37
 72322	80	78	43	4	20	69	0	37
 72367	79	78	43	4	20	70	0	37
 72412	79	77	43	4	20	70	0	37
 72458	78	77	43	4	20	71	0	37
 72503	78	77	43	4	20	72	0	37
 72549	78	77	43	4	20	73	0	37
 72594	78	76	43	4	20	73	0	37
 72639	77	76	43	4	20	74	0	37
 72685	77	76	43	4	20	75	0	37
 72730	77	76	43	4	20	76	0	37
 72775	77	75	43	4	20	76	0	37
 72821	77	76	43	4	20	77	0	37
 72866	76	75	43	4	20	78	0	37
 72911	76	75	42	4	20	79	0	37
 72957	76	75	42	4	20	79	0	37
 73002	76	74	42	4	20	80	0	37
 73047	76	75	42	4	20	81	0	37
 73093	76	74	42	4	20	82	0	37
 73138	75	74	42	4	20	82	0	37
 73183	75	74	42	4	20	83	0	37
 73229	75	73	42	4	20	84	0	36
 73274	75	73	42	4	20	85	0	36
 73319	75	73	42	4	20	85	0	36
 73365	74	72	42	4	20	86	0	36
 73410	74	72	42	4	20	87	0	36
 73456	74	72	42	4	20	88	0	36
 73501	73	71	42	4	20	88	0	36
 73546	73	71	42	4	20	89	0	36
 73592	73	71	42	4	20	90	0	36
 73637	73	70	42	4	20	91	0	36
 73682	73	70	42	4	20	91	0	36
 73728	72	70	42	4	20	92	0	36
 73774	72	69	42	4	20	93	0	36
 73818	72	69	42	12	20	94	0	36
 73864	71	69	42	12	20	94	0	36
 73909	71	69	42	12	20	95	0	36
 73954	71	68	42	12	20	96	0	36
 74000	71	68	42	12	20	97	0	36
 74045	70	68	42	12	20	97	0	36
 74090	70	67	42	12	20	98	0	36
 74136	70	67	42	12	20	99	0	36
 74181	69	67	42	12	20	100	0	36
 74226	69	66	42	12	20	100	0	36
 74272	69	66	43	12	20	101	0	36
 74317	69	66	42	12	20	102	0	36
 74363	69	66	42	12	20	103	0	36
 74408	68	65	42	12	20	104	0	36
 74453	68	65	42	12	20	104	0	36
 74499	67	65	42	12	20	105	0	36
 74544	67	65	42	12	20	106	0	36
 74589	67	64	42	12	20	107	0	36
 74635	67	64	42	12	20	107	0	36
 74680	66	64	42	12	20	108	0	36
 74725	66	63	42	12	20	109	0	36
 74771	66	63	42	12	20	110	0	36
 74816	66	63	42	12	20	110	0	36
 74861	65	63	42	12	20	111	0	36
 74907	65	62	42	12	20	112	0	36
 74952	65	62	42	12	20	113	0	36
 74997	65	62	42	12	20	113	0	36
 75043	64	62	42	12	20	114	0	36
 75088	64	61	42	12	20	115	0	36
 75133	64	61	42	12	20	116	0	36
 75179	64	60	42	12	20	116	0	36
 75224	63	60	42	12	20	117	0	36
 75270	63	60	42	12	20	118	0	36
 75315	63	60	42	12	20	119	0	36
 75360	62	59	42	12	20	119	0	36
 75406	62	59	42	12	20	120	0	36
 75451	62	59	42	12	20	121	0	36
 75496	62	58	42	12	20	122	0	36
 75542	61	58	42	12	20	122	0	36
 75587	61	58	42	12	20	123	0	36
 75632	61	58	42	4	21	64	0	36
 75682	61	57	42	4	21	65	0	36
 75723	60	57	42	4	21	65	0	36
 75768	60	57	42	4	21	66	0	36
 75814	60	57	42	4	21	67	0	36
 75859	60	56	43	4	21	68	0	36
 75904	60	56	42	4	21	68	0	36
 75950	59	56	42	4	21	69	0	36
 75995	59	56	42	4	21	70	0	35
 76040	59	56	42	4	21	71	0	35
 76086	59	56	42	4	21	71	0	35
 76131	59	55	42	4	21	72	0	35
 76177	59	55	42	4	21	73	0	35
 76222	58	55	42	4	21	74	0	35
 76267	58	55	42	4	21	74	0	35
 76313	58	55	42	4	21	75	0	35
 76358	58	54	42	4	21	76	0	35
 76403	58	54	42	4	21	77	0	35
 76449	57	54	43	4	21	78	0	35
 76494	57	54	42	4	21	78	0	35
 76539	57	53	42	4	21	79	0	35
 76585	57	53	42	4	21	80	0	35
 76630	57	53	42	4	21	81	0	35
 76675	57	53	42	4	21	81	0	35
 76721	57	53	42	4	21	82	0	35
 76766	57	52	42	4	21	83	0	35
 76811	56	52	42	4	21	84	0	35
 76857	56	52	42	4	21	84	0	35
 76902	56	52	42	4	21	85	0	35
 76947	56	52	42	4	21	86	0	35
 76993	56	52	42	4	21	87	0	35
 77038	56	52	42	4	21	87	0	35
 77084	56	51	42	4	21	88	0	35
 77129	55	51	42	4	21	89	0	35
 77174	55	51	42	4	21	90	0	35
 77220	55	51	42	4	21	90	0	35
 77265	55	51	42	4	21	91	0	35
 77310	55	51	42	4	21	92	0	35
 77356	55	51	42	4	21	93	0	35
 77401	55	50	42	4	21	93	0	35
 77446	54	50	42	12	21	94	0	35
 77492	54	50	42	12	21	95	0	35
 77537	54	50	42	12	21	96	0	35
 77582	54	50	42	12	21	96	0	35
 77628	54	50	42	12	21	97	0	35
 77673	54	49	42	12	21	98	0	35
 77718	54	49	42	12	21	99	0	35
 77764	54	49	42	12	21	99	0	35
 77809	53	49	42	12	21	100	0	35
 77854	53	49	42	12	21	101	0	35
 77900	53	49	42	12	21	102	0	35
 77945	53	49	42	12	21	102	0	35
 77990	53	48	42	12	21	103	0	35
 78036	53	48	42	12	21	104	0	35
 78081	52	48	42	12	21	105	0	35
 78127	53	48	42	12	21	105	0	35
 78172	53	48	42	12	21	106	0	35
 78217	52	48	42	12	21	107	0	35
 78263	52	48	42	12	21	108	0	35
 78308	52	48	42	12	21	108	0	35
 78353	53	47	42	12	21	109	0	35
 78399	52	47	42	12	21	110	0	35
 78444	52	47	42	12	21	111	0	35
 78489	52	47	42	12	21	112	0	35
 78535	52	47	42	12	21	112	0	35
 78580	52	47	42	12	21	113	0	35
 78625	51	46	42	12	21	114	0	35
 78671	51	47	42	12	21	115	0	35
 78716	51	46	42	12	21	115	0	35
 78761	51	46	42	12	21	116	0	34
 78807	51	46	42	12	21	117	0	34
 78852	51	46	42	12	21	118	0	34
 78897	51	46	42	12	21	118	0	34
 78943	51	46	42	12	21	119	0	34
 78988	51	46	42	12	21	120	0	34
 79034	51	46	42	12	21	121	0	34
 79079	50	45	42	12	21	121	0	34
 79124	50	45	42	12	21	122	0	34
 79170	51	45	42	12	21	123	0	34
 79215	50	45	42	4	22	64	0	34
 79260	50	45	42	4	22	64	0	34
 79306	50	45	42	4	22	65	0	34
 79351	50	45	42	4	22	66	0	34
 79396	50	45	42	4	22	67	0	34
 79442	50	44	42	4	22	67	0	34
 79487	50	45	42	4	22	68	0	34
 79532	50	44	42	4	22	69	0	34
 79578	50	44	42	4	22	70	0	34
 79623	50	44	42	4	22	70	0	34
 79668	49	44	42	4	22	71	0	34
 79714	49	44	42	4	22	72	0	34
 79759	50	44	42	4	22	73	0	34
 79804	49	44	42	4	22	73	0	34
 79850	49	44	42	4	22	74	0	34
 79895	49	44	42	4	22	75	0	34
 79941	49	44	42	4	22	76	0	34
 79986	49	44	42	4	22	76	0	34
 80031	49	44	42	4	22	77	0	34
 80077	49	43	42	4	22	78	0	34
 80122	49	43	42	4	22	79	0	34
 80167	49	43	42	4	22	79	0	34
 80213	49	43	42	4	22	80	0	34
 80258	49	43	42	4	22	81	0	34
 80303	49	43	42	4	22	82	0	34
 80349	48	43	42	4	22	83	0	34
 80394	48	43	42	4	22	83	0	34
 80439	48	43	42	4	22	84	0	34
 80485	48	43	42	4	22	85	0	34
 80530	48	43	42	4	22	86	0	34
 80575	48	43	42	4	22	86	0	34
 80621	48	43	42	4	22	87	0	34
 80666	48	42	42	4	22	88	0	34
 80711	48	42	42	4	22	89	0	34
 80757	48	42	41	4	22	89	0	34
 80802	48	42	42	4	22	90	0	34
 80848	48	42	42	4	22	91	0	34
 80893	48	42	42	4	22	92	0	34
 80938	48	42	42	4	22	92	0	34
 80984	48	42	42	4	22	93	0	34
 81029	48	42	42	12	22	94	0	34
 81074	47	42	42	12	22	95	0	34
 81120	47	42	42	12	22	95	0	34
 81165	47	42	42	12	22	96	0	34
 81210	47	42	41	12	22	97	0	34
 81256	47	42	42	12	22	98	0	34
 81301	47	41	41	12	22	98	0	34
 81346	47	41	41	12	22	99	0	34
 81392	47	41	42	12	22	100	0	34
 81437	47	41	43	12	22	101	0	34
 81482	47	41	41	12	22	101	0	34
 81528	47	41	42	12	22	102	0	34
 81573	47	41	42	12	22	103	0	34
 81618	47	41	42	12	22	104	0	34
 81664	47	41	41	12	22	104	0	33
 81709	47	41	41	12	22	105	0	33
 81755	47	41	41	12	22	106	0	33
 81800	46	41	41	12	22	107	0	33
 81845	46	41	42	12	22	107	0	33
 81891	47	41	41	12	22	108	0	33
 81936	46	41	41	12	22	109	0	33
 81981	46	41	41	12	22	110	0	33
 82027	46	41	42	12	22	110	0	33
 82072	46	40	41	12	22	111	0	33
 82117	46	40	43	12	22	112	0	33
 82163	46	40	41	12	22	113	0	33
 82208	46	40	41	12	22	113	0	33
 82253	46	40	41	12	22	114	0	33
 82299	46	40	42	12	22	115	0	33
 82344	46	40	41	12	22	116	0	33
 82389	46	40	42	12	22	117	0	33
 82435	46	40	41	12	22	117	0	33
 82480	46	40	41	12	22	118	0	33
 82525	46	40	41	12	22	119	0	33
 82571	46	40	41	12	22	120	0	33
 82616	46	40	41	12	22	120	0	33
 82662	46	40	41	12	22	121	0	33
 82707	46	40	41	12	22	122	0	33
 82752	45	40	41	12	22	123	0	33
 82798	45	40	42	12	22	123	0	33
 82843	45	40	41	4	23	64	0	33
 82888	45	40	41	4	23	65	0	33
 82934	45	40	42	4	23	66	0	33
 82979	45	40	41	4	23	66	0	33
 83024	45	39	42	4	23	67	0	33
 83070	45	39	41	0	23	68	0	33
 83115	45	39	41	0	23	69	0	33
 83160	47	39	42	0	23	69	0	33
 83206	50	39	41	0	23	70	0	33
 83251	53	39	41	0	23	71	0	33
 83296	55	39	41	0	23	72	0	33
 83342	56	39	41	0	23	72	0	33
 83387	57	39	42	4	23	73	0	33
 83433	55	39	42	4	23	74	0	33
 83478	52	39	41	4	23	75	0	33
 83523	50	39	41	4	23	75	0	33
 83568	49	39	42	4	23	76	0	33
 83614	48	39	42	4	23	77	0	33
 83659	47	39	41	4	23	78	0	33
 83705	47	39	41	4	23	78	0	33
 83750	47	39	41	4	23	79	0	33
 83795	47	39	41	4	23	80	0	33
 83841	47	39	41	4	23	81	0	33
 83886	46	39	41	4	23	81	0	33
 83931	46	39	41	4	23	82	0	33
 83977	46	39	41	4	23	83	0	33
 84022	46	39	41	4	23	84	0	33
 84067	46	39	41	4	23	84	0	33
 84113	46	39	41	4	23	85	0	33
 84158	46	38	41	4	23	86	0	33
 84203	46	39	41	4	23	87	0	33
 84249	46	38	41	4	23	87	0	33
 84294	45	38	41	4	23	88	0	33
 84339	45	38	41	4	23	89	0	33
 84385	45	38	41	4	23	90	0	33
 84430	45	38	41	4	23	91	0	33
 84475	45	38	41	4	23	91	0	33
 84521	45	38	41	4	23	92	0	33
 84566	45	38	41	4	23	93	0	33
 84612	45	38	41	12	23	94	0	33
 84657	44	38	41	12	23	94	0	33
 84702	44	38	41	12	23	95	0	33
 84748	45	38	41	12	23	96	0	33
 84793	44	38	41	12	23	97	0	33
 84838	44	38	41	12	23	97	0	33
 84884	45	38	41	12	23	98	0	33
 84929	44	38	41	12	23	99	0	33
 84974	45	38	41	12	23	100	0	33
 85020	45	38	41	12	23	100	0	33
 85065	45	38	41	12	23	101	0	33
 85110	45	38	41	12	23	102	0	33
 85156	45	38	41	12	23	103	0	32
 85201	45	38	41	12	23	103	0	32
 85246	45	38	41	12	23	104	0	32
 85292	45	38	41	12	23	105	0	32
 85337	45	38	41	12	23	106	0	32
 85382	45	38	41	12	23	106	0	32
 85428	45	38	41	12	23	107	0	32
 85473	45	38	41	12	23	108	0	32
 85519	45	38	41	12	23	109	0	32
 85564	45	38	41	12	23	109	0	32
 85609	45	38	41	12	23	110	0	32
 85655	45	38	41	12	23	111	0	32
 85700	45	38	41	12	23	112	0	32
 85745	45	38	41	12	23	112	0	32
 85791	45	38	41	12	23	113	0	32
 85836	45	38	41	12	23	114	0	32
 85881	45	38	41	12	23	115	0	32
 85927	41	38	41	12	23	115	0	32
 85972	39	38	41	12	23	116	0	32
 86017	39	38	41	12	23	117	0	32
 86063	38	38	41	12	23	118	0	32
 86108	38	38	41	12	23	118	0	32
 86153	38	38	41	12	23	119	0	32
 86199	38	38	41	12	23	120	0	32
 86244	38	38	41	12	23	121	0	32
 86289	38	37	41	12	23	122	0	32
 86335	38	37	41	12	23	122	0	32
 86380	38	37	41	12	23	123	0	32
