HomeCentral
 Falkenstrasse 20
 8630 Rueti
 Datum: 14.04.14 00:00
 
 Startzeit: 2014-04-14 00:00:20 +0100
 111	30	30	56	4	0	65	0	40
 157	30	30	56	4	0	66	0	40
 202	30	30	56	4	0	67	0	40
 247	30	30	56	4	0	67	0	40
 293	30	30	56	4	0	68	0	39
 338	30	30	56	4	0	69	0	39
 383	30	30	56	4	0	70	0	39
 429	30	30	55	4	0	70	0	39
 474	30	30	56	4	0	71	0	39
 519	30	30	56	4	0	72	0	39
 565	30	30	55	4	0	73	0	39
 610	30	30	55	4	0	73	0	39
 655	30	30	55	4	0	74	0	39
 701	30	30	55	4	0	75	0	39
 746	30	30	56	4	0	76	0	39
 791	30	30	55	4	0	76	0	39
 837	30	30	55	4	0	77	0	39
 882	30	30	55	4	0	78	0	39
 928	30	30	55	4	0	79	0	39
 973	30	30	55	4	0	79	0	39
 1018	30	30	55	4	0	80	0	39
 1064	30	30	55	4	0	81	0	39
 1109	30	30	55	4	0	82	0	39
 1154	30	30	55	4	0	83	0	39
 1200	30	29	55	4	0	83	0	39
 1245	30	30	55	4	0	84	0	39
 1290	30	30	55	4	0	85	0	39
 1336	30	30	55	4	0	86	0	39
 1381	30	30	55	4	0	86	0	39
 1426	30	30	55	4	0	87	0	39
 1472	30	30	55	4	0	88	0	39
 1517	30	30	55	4	0	89	0	39
 1562	30	30	55	4	0	89	0	39
 1608	30	30	55	4	0	90	0	39
 1653	30	30	55	4	0	91	0	39
 1698	30	30	55	4	0	92	0	39
 1744	30	30	55	4	0	92	0	39
 1789	30	30	56	4	0	93	0	39
 1834	30	30	55	12	0	94	0	39
 1880	30	30	55	12	0	95	0	39
 1925	30	30	55	12	0	95	0	39
 1971	30	30	55	12	0	96	0	39
 2016	30	30	55	12	0	97	0	39
 2061	30	30	55	12	0	98	0	39
 2107	30	30	55	12	0	98	0	39
 2152	30	30	55	12	0	99	0	39
 2197	30	30	55	12	0	100	0	39
 2243	30	30	55	12	0	101	0	39
 2288	30	30	55	12	0	101	0	39
 2333	30	30	55	12	0	102	0	39
 2379	30	30	55	12	0	103	0	39
 2424	30	30	55	12	0	104	0	39
 2469	30	30	55	12	0	104	0	39
 2515	30	30	55	12	0	105	0	39
 2560	30	30	55	12	0	106	0	39
 2605	30	30	55	12	0	107	0	39
 2651	29	30	56	12	0	107	0	39
 2696	30	30	55	12	0	108	0	39
 2741	30	30	55	12	0	109	0	39
 2787	30	30	55	12	0	110	0	39
 2832	30	30	55	12	0	110	0	39
 2877	30	30	55	12	0	111	0	39
 2923	30	30	55	12	0	112	0	39
 2968	30	29	55	12	0	113	0	39
 3014	30	30	55	12	0	113	0	39
 3059	30	30	55	12	0	114	0	39
 3104	30	30	55	12	0	115	0	39
 3150	30	30	55	12	0	116	0	39
 3195	30	30	54	12	0	117	0	39
 3241	30	30	54	12	0	117	0	39
 3286	30	30	54	12	0	118	0	39
 3331	30	30	54	12	0	119	0	39
 3376	30	30	54	12	0	120	0	39
 3422	30	30	54	12	0	120	0	39
 3467	30	29	54	12	0	121	0	39
 3512	30	30	54	12	0	122	0	39
 3558	30	29	54	12	0	123	0	39
 3603	30	30	54	12	0	123	0	39
 3648	30	30	55	4	1	64	0	39
 3694	30	30	55	4	1	65	0	39
 3739	30	30	55	4	1	66	0	39
 3785	30	30	54	4	1	66	0	39
 3830	30	30	55	4	1	67	0	39
 3875	30	30	54	4	1	68	0	39
 3921	30	30	54	4	1	69	0	39
 3966	30	30	55	4	1	69	0	39
 4011	30	29	55	4	1	70	0	39
 4057	30	30	55	4	1	71	0	39
 4102	30	30	55	4	1	72	0	39
 4147	30	30	55	4	1	72	0	39
 4193	30	30	55	4	1	73	0	39
 4238	30	30	55	4	1	74	0	39
 4283	30	30	55	4	1	75	0	39
 4329	30	29	55	4	1	75	0	39
 4374	30	29	55	4	1	76	0	39
 4419	30	29	55	4	1	77	0	39
 4465	30	30	55	4	1	78	0	39
 4511	30	30	55	4	1	78	0	39
 4555	30	30	55	4	1	79	0	39
 4601	30	29	55	4	1	80	0	39
 4646	30	30	55	4	1	81	0	39
 4691	30	30	55	4	1	81	0	39
 4737	30	30	55	4	1	82	0	39
 4782	30	30	54	4	1	83	0	39
 4828	30	29	55	4	1	84	0	39
 4873	30	29	54	4	1	84	0	39
 4918	30	29	54	4	1	85	0	39
 4964	30	30	54	4	1	86	0	39
 5009	30	29	54	4	1	87	0	39
 5054	30	30	54	4	1	87	0	39
 5100	30	30	54	4	1	88	0	39
 5145	30	29	54	4	1	89	0	39
 5190	30	30	54	4	1	90	0	39
 5236	30	29	54	4	1	91	0	39
 5281	30	30	54	4	1	91	0	39
 5326	30	29	54	4	1	92	0	39
 5372	30	30	54	4	1	93	0	39
 5417	30	29	53	12	1	94	0	39
 5462	30	30	53	12	1	94	0	39
 5508	30	30	53	12	1	95	0	39
 5553	30	29	53	12	1	96	0	39
 5598	30	30	54	12	1	97	0	39
 5644	30	30	54	12	1	97	0	39
 5689	30	30	54	12	1	98	0	39
 5735	30	29	54	12	1	99	0	39
 5780	30	29	54	12	1	100	0	39
 5825	30	30	54	12	1	100	0	39
 5871	30	29	54	12	1	101	0	39
 5916	30	30	53	12	1	102	0	39
 5961	30	29	53	12	1	103	0	39
 6007	30	30	53	12	1	103	0	39
 6052	30	29	53	12	1	104	0	39
 6097	30	29	53	12	1	105	0	39
 6143	30	30	53	12	1	106	0	39
 6188	30	30	53	12	1	106	0	39
 6233	30	30	53	12	1	107	0	39
 6279	30	29	53	12	1	108	0	39
 6324	30	30	53	12	1	109	0	39
 6369	30	29	53	12	1	109	0	39
 6415	29	29	53	12	1	110	0	39
 6460	30	29	53	12	1	111	0	39
 6505	29	29	53	12	1	112	0	39
 6551	30	30	54	12	1	112	0	39
 6596	30	30	53	12	1	113	0	39
 6642	30	30	53	12	1	114	0	39
 6687	30	29	53	12	1	115	0	39
 6732	30	29	53	12	1	115	0	39
 6778	30	29	53	12	1	116	0	39
 6823	30	30	53	12	1	117	0	39
 6868	30	29	53	12	1	118	0	39
 6914	30	29	54	12	1	118	0	39
 6959	30	29	53	12	1	119	0	39
 7004	29	29	53	12	1	120	0	39
 7050	30	29	53	12	1	121	0	39
 7095	30	30	54	12	1	121	0	39
 7140	30	29	54	12	1	122	0	39
 7186	29	29	53	12	1	123	0	39
 7231	30	29	53	4	2	64	0	39
 7276	29	29	54	4	2	65	0	39
 7322	30	30	54	4	2	65	0	39
 7367	30	29	53	4	2	66	0	39
 7412	29	29	54	4	2	67	0	39
 7458	30	30	54	4	2	68	0	39
 7503	30	29	53	4	2	68	0	39
 7549	29	29	53	4	2	69	0	39
 7594	30	29	54	4	2	70	0	39
 7639	30	29	53	4	2	71	0	38
 7685	30	30	53	4	2	71	0	39
 7730	29	29	53	4	2	72	0	39
 7775	30	29	54	4	2	73	0	38
 7821	30	29	54	4	2	74	0	39
 7866	30	29	54	4	2	74	0	38
 7911	29	29	53	4	2	75	0	39
 7957	29	29	53	4	2	76	0	38
 8002	30	29	53	4	2	77	0	38
 8047	30	29	53	4	2	77	0	38
 8093	29	29	53	4	2	78	0	38
 8138	29	29	53	4	2	79	0	38
 8183	30	29	53	4	2	80	0	38
 8229	30	29	53	4	2	80	0	38
 8274	29	29	53	4	2	81	0	38
 8319	29	29	53	4	2	82	0	38
 8365	29	29	53	4	2	83	0	38
 8412	30	29	53	4	2	83	0	38
 8456	30	29	53	4	2	84	0	38
 8501	29	29	53	4	2	85	0	38
 8546	29	29	53	4	2	86	0	38
 8592	29	29	53	4	2	86	0	38
 8637	29	29	53	4	2	87	0	38
 8682	29	29	53	4	2	88	0	38
 8728	29	29	53	4	2	89	0	38
 8773	29	29	53	4	2	89	0	38
 8818	29	29	53	4	2	90	0	38
 8864	29	29	53	4	2	91	0	38
 8909	29	29	53	4	2	92	0	38
 8954	29	29	53	4	2	92	0	38
 9000	30	29	53	4	2	93	0	38
 9045	29	29	53	12	2	94	0	38
 9090	29	29	53	12	2	95	0	38
 9136	29	29	53	12	2	96	0	38
 9181	29	29	53	12	2	96	0	38
 9226	29	29	53	12	2	97	0	38
 9272	29	29	53	12	2	98	0	38
 9317	29	29	53	12	2	99	0	38
 9363	29	29	53	12	2	99	0	38
 9408	29	29	53	12	2	100	0	38
 9453	29	29	52	12	2	101	0	38
 9499	29	29	52	12	2	102	0	38
 9544	29	29	52	12	2	102	0	38
 9589	29	29	52	12	2	103	0	38
 9635	29	29	53	12	2	104	0	38
 9680	29	29	52	12	2	105	0	38
 9725	29	29	52	12	2	105	0	38
 9771	29	29	51	12	2	106	0	38
 9816	29	29	52	12	2	107	0	38
 9861	29	29	52	12	2	108	0	38
 9907	29	29	52	12	2	108	0	38
 9952	29	29	52	12	2	109	0	38
 9997	29	30	52	12	2	110	0	38
 10043	29	29	52	12	2	111	0	38
 10088	29	29	52	12	2	112	0	38
 10133	29	29	52	12	2	112	0	38
 10179	29	29	52	12	2	113	0	38
 10224	29	29	52	12	2	114	0	38
 10270	29	29	52	12	2	115	0	38
 10315	29	29	52	12	2	115	0	38
 10360	29	29	52	12	2	116	0	38
 10406	29	29	52	12	2	117	0	38
 10451	29	29	52	12	2	118	0	38
 10496	29	29	52	12	2	118	0	38
 10542	29	29	52	12	2	119	0	38
 10587	29	29	52	12	2	120	0	38
 10632	29	29	52	12	2	121	0	38
 10678	29	29	52	12	2	121	0	38
 10723	29	29	52	12	2	122	0	38
 10768	29	29	52	12	2	123	0	38
 10814	29	29	53	36	3	64	0	38
 10859	29	29	52	36	3	64	0	38
 10904	29	29	52	36	3	65	0	38
 10950	29	29	52	36	3	66	0	38
 10995	29	29	52	36	3	67	0	38
 11040	29	29	52	36	3	67	0	38
 11086	29	29	52	36	3	68	0	38
 11131	29	29	52	36	3	69	0	38
 11177	29	29	52	36	3	70	0	38
 11222	30	29	53	36	3	70	0	38
 11267	29	29	52	36	3	71	0	38
 11313	29	29	52	36	3	72	0	38
 11358	29	29	52	36	3	73	0	38
 11403	29	29	52	36	3	73	0	38
 11449	29	29	52	36	3	74	0	38
 11494	29	29	52	36	3	75	0	38
 11539	29	29	53	36	3	76	0	38
 11585	29	29	52	36	3	76	0	38
 11630	29	29	52	36	3	77	0	38
 11675	29	29	52	36	3	78	0	38
 11721	29	29	52	36	3	79	0	38
 11766	29	29	52	36	3	79	0	38
 11811	29	29	52	36	3	80	0	38
 11857	29	29	52	36	3	81	0	38
 11902	29	29	52	36	3	82	0	38
 11947	29	29	52	36	3	83	0	38
 11993	29	29	52	36	3	83	0	38
 12038	29	29	52	36	3	84	0	38
 12084	29	29	52	36	3	85	0	38
 12129	29	29	52	36	3	86	0	38
 12174	29	29	53	36	3	86	0	38
 12220	29	29	52	36	3	87	0	38
 12265	29	29	52	36	3	88	0	38
 12310	29	29	52	36	3	89	0	38
 12356	29	29	52	36	3	89	0	38
 12401	29	29	52	36	3	90	0	38
 12446	29	29	52	36	3	91	0	38
 12492	29	29	52	36	3	92	0	38
 12537	29	28	52	36	3	92	0	38
 12582	29	29	52	36	3	93	0	38
 12628	29	29	52	44	3	94	0	38
 12673	29	29	52	44	3	95	0	38
 12718	29	29	52	44	3	95	0	38
 12765	29	29	52	44	3	96	0	38
 12809	29	29	52	44	3	97	0	38
 12854	29	29	52	44	3	98	0	38
 12900	29	29	52	44	3	98	0	38
 12945	29	29	52	44	3	99	0	38
 12991	29	29	51	44	3	100	0	38
 13036	29	29	51	44	3	101	0	38
 13081	29	29	51	44	3	101	0	38
 13127	29	29	51	44	3	102	0	38
 13172	29	29	51	44	3	103	0	38
 13217	29	29	51	44	3	104	0	38
 13263	29	29	51	44	3	104	0	38
 13308	29	29	51	44	3	105	0	38
 13353	29	29	51	44	3	106	0	38
 13399	29	29	51	44	3	107	0	38
 13444	29	29	51	44	3	107	0	38
 13489	29	29	51	44	3	108	0	38
 13535	29	29	51	44	3	109	0	38
 13580	29	29	51	44	3	110	0	38
 13625	29	29	51	44	3	110	0	38
 13671	29	29	51	44	3	111	0	38
 13716	29	29	51	44	3	112	0	38
 13761	29	29	51	44	3	113	0	38
 13807	29	29	51	44	3	113	0	38
 13852	29	29	51	44	3	114	0	38
 13898	29	29	51	44	3	115	0	38
 13943	29	29	51	44	3	116	0	38
 13988	29	29	51	44	3	117	0	38
 14034	29	29	52	44	3	117	0	38
 14079	29	29	51	44	3	118	0	38
 14124	29	29	51	44	3	119	0	38
 14170	29	29	51	44	3	120	0	38
 14215	29	29	51	44	3	120	0	38
 14260	29	29	51	44	3	121	0	38
 14306	29	29	51	44	3	122	0	38
 14351	29	29	51	44	3	123	0	38
 14396	29	29	51	44	3	123	0	38
 14442	29	29	51	36	4	64	0	38
 14487	29	29	51	36	4	65	0	38
 14532	29	29	51	36	4	66	0	38
 14578	29	29	51	36	4	66	0	38
 14623	29	29	51	36	4	67	0	38
 14668	29	29	51	36	4	68	0	38
 14714	29	29	51	36	4	69	0	38
 14759	29	29	51	36	4	69	0	38
 14805	29	29	51	36	4	70	0	38
 14850	29	29	51	36	4	71	0	38
 14895	29	29	51	36	4	72	0	38
 14941	29	29	51	36	4	72	0	38
 14986	29	29	51	36	4	73	0	38
 15031	29	28	52	36	4	74	0	38
 15077	29	29	52	36	4	75	0	38
 15122	29	29	51	36	4	75	0	38
 15167	29	29	51	36	4	76	0	38
 15213	29	29	52	36	4	77	0	38
 15258	29	29	51	36	4	78	0	38
 15303	29	29	51	36	4	78	0	38
 15349	29	29	51	36	4	79	0	38
 15394	29	29	51	36	4	80	0	38
 15439	29	29	52	36	4	81	0	38
 15485	29	29	51	36	4	81	0	38
 15530	29	29	51	36	4	82	0	38
 15575	29	29	51	36	4	83	0	38
 15621	29	29	51	36	4	84	0	38
 15666	29	29	51	36	4	84	0	38
 15712	29	29	51	36	4	85	0	38
 15757	29	29	51	36	4	86	0	38
 15802	29	29	51	36	4	87	0	38
 15848	29	29	51	36	4	87	0	38
 15893	29	29	52	36	4	88	0	38
 15938	29	29	51	36	4	89	0	38
 15984	29	29	51	36	4	90	0	37
 16029	29	29	51	36	4	91	0	38
 16074	29	29	51	36	4	91	0	38
 16120	29	29	51	36	4	92	0	37
 16165	29	29	51	36	4	93	0	38
 16210	29	29	50	44	4	94	0	38
 16256	29	29	50	44	4	94	0	37
 16301	29	29	50	44	4	95	0	37
 16346	29	29	50	44	4	96	0	37
 16392	29	29	50	44	4	97	0	37
 16437	29	29	50	44	4	97	0	37
 16482	29	29	50	44	4	98	0	38
 16528	29	29	50	44	4	99	0	37
 16573	29	29	50	44	4	100	0	37
 16619	29	29	50	44	4	100	0	37
 16664	29	28	50	44	4	101	0	37
 16709	29	29	50	44	4	102	0	37
 16755	29	29	51	44	4	103	0	37
 16800	29	29	50	44	4	103	0	37
 16845	29	29	50	44	4	104	0	37
 16891	29	29	51	44	4	105	0	37
 16936	29	29	50	44	4	106	0	37
 16981	29	29	51	44	4	106	0	37
 17027	29	29	51	44	4	107	0	37
 17072	29	29	51	44	4	108	0	37
 17117	29	29	51	44	4	109	0	37
 17163	29	29	50	44	4	109	0	37
 17208	29	29	50	44	4	110	0	37
 17253	29	29	51	44	4	111	0	37
 17299	29	29	51	44	4	112	0	37
 17344	29	29	51	44	4	112	0	37
 17389	29	29	50	44	4	113	0	37
 17435	29	29	51	44	4	114	0	37
 17481	29	29	51	44	4	115	0	37
 17526	29	29	51	44	4	115	0	37
 17571	29	29	50	44	4	116	0	37
 17616	29	29	51	44	4	117	0	37
 17662	29	29	51	44	4	118	0	37
 17707	29	29	50	44	4	118	0	37
 17752	29	29	50	44	4	119	0	37
 17798	29	29	50	44	4	120	0	37
 17843	29	29	50	44	4	121	0	37
 17888	29	29	50	44	4	121	0	37
 17934	29	29	50	44	4	122	0	37
 17979	29	29	50	44	4	123	0	37
 18024	29	29	50	36	5	64	0	37
 18070	29	29	51	36	5	65	0	37
 18115	29	29	50	36	5	65	0	37
 18160	29	29	50	36	5	66	0	37
 18206	29	28	50	36	5	67	0	37
 18251	29	29	50	36	5	68	0	37
 18296	29	29	50	36	5	68	0	37
 18342	29	29	50	36	5	69	0	37
 18387	29	29	50	36	5	70	0	37
 18432	29	29	50	36	5	71	0	37
 18478	29	28	50	36	5	71	0	37
 18523	29	29	50	36	5	72	0	37
 18569	29	29	50	36	5	73	0	37
 18614	29	29	50	36	5	74	0	37
 18659	29	29	50	36	5	74	0	37
 18705	29	29	50	36	5	75	0	37
 18750	29	29	50	36	5	76	0	37
 18795	29	29	50	36	5	77	0	37
 18841	29	29	50	36	5	77	0	37
 18886	29	29	50	36	5	78	0	37
 18931	29	28	50	36	5	79	0	37
 18977	29	28	50	36	5	80	0	37
 19022	29	28	51	36	5	80	0	37
 19067	29	28	50	36	5	81	0	37
 19113	29	29	50	36	5	82	0	37
 19158	29	29	50	36	5	83	0	37
 19203	29	29	50	36	5	83	0	37
 19249	29	29	50	36	5	84	0	37
 19294	29	29	50	36	5	85	0	37
 19339	29	29	50	36	5	86	0	37
 19385	29	29	50	36	5	86	0	37
 19430	29	29	50	36	5	87	0	37
 19476	29	28	50	36	5	88	0	37
 19521	29	29	50	36	5	89	0	37
 19566	29	28	50	36	5	89	0	37
 19612	29	29	50	36	5	90	0	37
 19657	29	29	50	36	5	91	0	37
 19702	29	29	50	36	5	92	0	37
 19748	29	29	50	36	5	92	0	37
 19793	29	28	50	36	5	93	0	37
 19838	29	28	50	44	5	94	0	37
 19884	29	28	50	44	5	95	0	37
 19929	29	28	50	44	5	96	0	37
 19974	29	28	49	44	5	96	0	37
 20020	29	28	49	44	5	97	0	37
 20065	28	29	49	44	5	98	0	37
 20110	29	28	50	44	5	99	0	37
 20156	29	29	49	44	5	99	0	37
 20201	29	28	49	44	5	100	0	37
 20246	29	29	49	44	5	101	0	37
 20292	29	29	50	44	5	102	0	37
 20337	29	29	50	44	5	102	0	37
 20383	29	29	50	44	5	103	0	37
 20428	28	29	50	44	5	104	0	37
 20473	29	28	50	44	5	105	0	37
 20519	29	28	50	44	5	105	0	37
 20564	29	28	50	44	5	106	0	37
 20609	29	28	50	44	5	107	0	37
 20655	29	28	50	44	5	108	0	37
 20700	29	28	50	44	5	108	0	37
 20745	29	28	50	44	5	109	0	37
 20791	29	28	50	44	5	110	0	37
 20836	29	28	50	44	5	111	0	37
 20881	29	28	50	44	5	111	0	37
 20927	29	28	50	44	5	112	0	37
 20972	29	28	50	44	5	113	0	37
 21017	29	28	50	44	5	114	0	37
 21063	29	28	50	44	5	114	0	37
 21108	29	28	50	44	5	115	0	37
 21153	29	29	50	44	5	116	0	37
 21199	29	28	50	44	5	117	0	37
 21244	29	28	50	44	5	117	0	37
 21290	29	28	50	44	5	118	0	37
 21335	29	28	50	44	5	119	0	37
 21380	29	28	50	44	5	120	0	37
 21426	29	28	50	44	5	120	0	37
 21471	29	28	50	44	5	121	0	37
 21516	28	28	49	44	5	122	0	37
 21562	29	28	49	44	5	123	0	37
 21607	28	28	49	44	5	123	0	37
 21652	29	28	49	7	6	64	0	37
 21698	28	28	49	7	6	65	0	37
 21743	29	28	49	7	6	66	0	37
 21788	28	28	49	7	6	66	0	37
 21834	29	28	49	7	6	67	0	37
 21879	29	28	49	7	6	68	0	37
 21924	29	28	49	7	6	69	0	37
 21970	29	28	49	7	6	70	0	37
 22015	29	29	49	7	6	70	0	37
 22060	28	28	49	7	6	71	0	37
 22106	28	28	49	7	6	72	0	37
 22151	29	28	49	7	6	73	0	37
 22197	29	28	48	7	6	73	0	37
 22242	29	28	48	7	6	74	0	37
 22287	29	28	48	7	6	75	0	37
 22333	29	28	48	7	6	76	0	37
 22378	28	28	48	7	6	76	0	37
 22423	28	28	48	7	6	77	0	37
 22469	29	28	48	7	6	78	0	37
 22514	29	29	48	7	6	79	0	37
 22559	28	28	48	7	6	79	0	37
 22605	28	28	48	7	6	80	0	37
 22650	28	28	48	7	6	81	0	37
 22695	29	28	48	7	6	82	0	37
 22741	29	28	48	7	6	82	0	37
 22786	28	28	47	7	6	83	0	37
 22831	28	28	47	7	6	84	0	37
 22877	29	29	48	7	6	85	0	37
 22922	28	28	48	7	6	85	0	37
 22967	29	29	47	7	6	86	0	37
 23013	28	28	47	7	6	87	0	37
 23058	28	28	47	7	6	88	0	37
 23104	29	28	48	7	6	88	0	37
 23149	28	28	48	7	6	89	0	37
 23194	28	28	48	7	6	90	0	37
 23240	28	28	48	7	6	91	0	37
 23285	28	28	48	7	6	91	0	37
 23330	28	28	49	7	6	92	0	37
 23376	28	28	48	7	6	93	0	37
 23421	28	28	48	15	6	94	0	37
 23466	29	28	49	15	6	94	0	37
 23512	28	28	48	15	6	95	0	37
 23557	28	28	48	15	6	96	0	37
 23602	28	28	48	15	6	97	0	37
 23648	28	28	48	15	6	97	0	37
 23693	28	28	48	15	6	98	0	37
 23738	28	28	48	15	6	99	0	37
 23784	28	28	48	15	6	100	0	37
 23829	28	28	48	15	6	100	0	37
 23874	28	28	48	15	6	101	0	37
 23920	28	28	48	15	6	102	0	37
 23965	28	28	48	15	6	103	0	37
 24011	28	28	48	15	6	104	0	37
 24056	28	28	48	15	6	104	0	37
 24101	28	28	48	15	6	105	0	37
 24147	28	28	48	15	6	106	0	37
 24192	28	28	49	15	6	107	0	37
 24237	28	28	49	15	6	107	0	37
 24283	28	28	48	15	6	108	0	37
 24328	28	28	48	15	6	109	0	37
 24373	28	28	48	15	6	110	0	37
 24419	28	28	49	15	6	110	0	37
 24464	28	28	49	15	6	111	0	37
 24509	28	28	49	15	6	112	0	37
 24555	28	28	49	15	6	113	0	37
 24600	28	28	49	15	6	113	0	37
 24645	28	28	48	15	6	114	0	37
 24691	28	28	48	15	6	115	0	37
 24736	28	28	48	15	6	116	0	37
 24781	28	28	48	15	6	116	0	37
 24827	28	28	48	15	6	117	0	37
 24872	28	28	48	15	6	118	0	37
 24918	28	28	48	15	6	119	0	37
 24963	28	28	48	15	6	119	0	37
 25008	28	28	48	15	6	120	0	37
 25054	28	28	48	15	6	121	0	37
 25099	28	28	48	15	6	122	0	37
 25144	28	28	48	15	6	122	0	36
 25190	28	28	48	15	6	123	0	37
 25235	28	28	49	7	7	64	0	36
 25280	28	28	48	7	7	65	0	37
 25326	28	28	48	7	7	65	0	37
 25371	28	28	48	7	7	66	0	36
 25416	28	28	48	7	7	67	0	37
 25462	28	28	48	7	7	68	0	37
 25507	28	28	48	7	7	68	0	36
 25552	28	28	48	7	7	69	0	36
 25598	28	28	48	7	7	70	0	37
 25643	28	28	49	7	7	71	0	37
 25688	28	28	48	7	7	71	0	37
 25734	28	28	48	7	7	72	0	36
 25779	28	28	48	7	7	73	0	36
 25825	28	28	48	7	7	74	0	36
 25870	28	28	49	7	7	74	0	37
 25915	28	28	49	7	7	75	0	36
 25961	28	28	48	7	7	76	0	36
 26006	28	28	49	7	7	77	0	36
 26051	28	28	49	7	7	78	0	36
 26097	28	28	49	7	7	78	0	36
 26142	28	28	49	7	7	79	0	36
 26187	28	28	49	7	7	80	0	36
 26233	28	28	49	7	7	81	0	36
 26278	28	28	49	7	7	81	0	36
 26323	28	28	49	7	7	82	0	36
 26369	28	28	49	7	7	83	0	36
 26414	28	28	49	7	7	84	0	36
 26459	28	28	49	7	7	84	0	36
 26505	28	28	48	7	7	85	0	36
 26550	28	28	48	7	7	86	0	36
 26595	28	28	49	7	7	87	0	36
 26641	28	28	49	7	7	87	0	36
 26686	28	28	49	7	7	88	0	36
 26732	28	28	49	7	7	89	0	36
 26777	28	28	49	7	7	90	0	36
 26822	28	28	49	7	7	90	0	36
 26868	28	28	49	7	7	91	0	36
 26913	28	28	49	7	7	92	0	36
 26958	28	28	49	7	7	93	0	36
 27004	28	28	48	7	7	93	0	36
 27049	28	28	49	15	7	94	0	36
 27094	28	28	48	15	7	95	0	36
 27140	28	28	48	15	7	96	0	37
 27185	28	28	48	15	7	96	0	37
 27230	28	28	48	15	7	97	0	36
 27276	28	28	48	15	7	98	0	36
 27321	28	28	48	15	7	99	0	36
 27366	28	28	48	15	7	99	0	36
 27412	28	28	48	15	7	100	0	37
 27457	28	28	48	15	7	101	0	37
 27502	28	28	48	15	7	102	0	37
 27548	28	28	48	15	7	102	0	37
 27593	28	28	48	15	7	103	0	37
 27639	28	28	48	15	7	104	0	37
 27684	28	28	49	15	7	105	0	37
 27729	28	28	48	15	7	105	0	37
 27775	28	29	48	15	7	106	0	37
 27820	28	28	49	15	7	107	0	37
 27865	28	28	49	15	7	108	0	37
 27911	28	28	49	15	7	108	0	37
 27956	28	28	49	15	7	109	0	37
 28001	28	28	49	15	7	110	0	37
 28047	28	28	49	15	7	111	0	37
 28092	28	28	49	15	7	112	0	37
 28137	28	28	49	15	7	112	0	37
 28183	28	28	49	15	7	113	0	37
 28228	28	28	49	15	7	114	0	37
 28273	28	28	49	15	7	115	0	37
 28319	28	28	49	15	7	115	0	37
 28364	28	28	49	15	7	116	0	37
 28409	28	28	50	15	7	117	0	37
 28455	28	28	49	15	7	118	0	37
 28500	28	28	49	15	7	118	0	37
 28546	28	28	49	15	7	119	0	37
 28591	28	28	49	15	7	120	0	37
 28636	28	28	48	15	7	121	0	37
 28682	28	28	49	15	7	121	0	37
 28727	28	28	49	15	7	122	0	37
 28772	28	28	49	15	7	123	0	37
 28818	28	28	49	7	8	64	0	33
 28863	28	28	49	7	8	64	0	30
 28908	28	28	49	7	8	65	0	29
 28954	28	28	49	7	8	66	0	30
 28999	28	28	49	7	8	67	0	31
 29044	28	28	48	7	8	67	0	32
 29090	28	28	48	7	8	68	0	33
 29135	28	28	48	7	8	69	0	34
 29180	28	28	48	7	8	70	0	34
 29226	28	28	48	7	8	70	0	35
 29271	28	28	49	7	8	71	0	35
 29316	28	28	49	7	8	72	0	35
 29362	28	28	49	7	8	73	0	35
 29407	28	28	49	7	8	73	0	36
 29453	28	28	49	7	8	74	0	36
 29498	28	28	49	7	8	75	0	36
 29543	28	28	49	7	8	76	0	36
 29589	28	28	49	7	8	76	0	36
 29634	28	28	49	7	8	77	0	36
 29679	28	28	49	7	8	78	0	36
 29725	28	28	49	7	8	79	0	36
 29770	28	28	49	7	8	79	0	36
 29815	28	28	49	7	8	80	0	36
 29861	28	28	49	7	8	81	0	36
 29906	28	28	49	7	8	82	0	36
 29951	28	28	49	7	8	83	0	36
 29997	28	28	50	7	8	83	0	36
 30042	28	28	49	7	8	84	0	36
 30087	28	28	50	7	8	85	0	36
 30133	28	28	50	7	8	86	0	36
 30178	28	28	50	7	8	86	0	36
 30223	28	28	50	7	8	87	0	36
 30269	28	28	50	7	8	88	0	36
 30314	28	28	50	7	8	89	0	36
 30359	28	28	50	7	8	89	0	36
 30405	28	28	50	7	8	90	0	36
 30451	28	28	49	7	8	91	0	36
 30496	28	28	50	7	8	92	0	36
 30541	28	28	50	7	8	92	0	36
 30586	28	28	50	7	8	93	0	36
 30632	28	28	50	15	8	94	0	36
 30677	28	28	50	15	8	95	0	36
 30722	28	28	50	15	8	95	0	36
 30768	28	28	50	15	8	96	0	36
 30813	28	28	50	15	8	97	0	36
 30858	28	28	50	15	8	98	0	36
 30904	28	28	50	15	8	98	0	36
 30949	28	28	50	15	8	99	0	36
 30994	28	28	50	15	8	100	0	37
 31040	28	28	50	15	8	101	0	36
 31085	28	28	50	15	8	101	0	37
 31130	28	28	50	15	8	102	0	37
 31176	28	28	50	15	8	103	0	37
 31221	28	28	50	15	8	104	0	37
 31266	28	28	50	15	8	104	0	37
 31312	28	28	50	15	8	105	0	37
 31357	28	28	50	15	8	106	0	37
 31403	28	28	50	15	8	107	0	37
 31448	28	28	50	15	8	107	0	37
 31493	28	28	50	15	8	108	0	37
 31539	28	29	50	15	8	109	0	37
 31584	28	28	50	15	8	110	0	37
 31629	28	28	50	15	8	110	0	37
 31675	28	28	50	15	8	111	0	37
 31720	28	28	50	15	8	112	0	37
 31765	28	28	51	15	8	113	0	37
 31811	28	28	50	15	8	113	0	37
 31856	28	28	50	15	8	114	0	37
 31901	28	28	50	15	8	115	0	37
 31947	28	28	51	15	8	116	0	37
 31992	28	28	51	15	8	117	0	37
 32037	28	28	51	15	8	117	0	37
 32083	28	28	50	15	8	118	0	37
 32128	28	28	50	15	8	119	0	37
 32174	28	28	51	15	8	120	0	37
 32219	28	28	51	15	8	120	0	37
 32264	28	28	51	15	8	121	0	37
 32310	28	28	50	15	8	122	0	37
 32355	28	28	51	15	8	123	0	37
 32400	28	28	51	15	8	123	0	37
 32446	28	28	51	4	9	64	0	37
 32491	28	28	51	4	9	65	0	37
 32536	28	28	51	4	9	66	0	37
 32582	28	28	51	4	9	66	0	37
 32627	28	28	51	4	9	67	0	37
 32672	28	28	51	4	9	68	0	37
 32718	28	28	51	4	9	69	0	37
 32763	28	28	51	4	9	69	0	37
 32808	28	28	51	4	9	70	0	37
 32854	28	28	51	4	9	71	0	37
 32899	28	28	51	4	9	72	0	37
 32945	28	28	51	4	9	72	0	37
 32990	28	28	52	4	9	73	0	37
 33035	28	28	51	4	9	74	0	37
 33081	28	28	51	4	9	75	0	37
 33126	28	28	51	4	9	75	0	37
 33171	28	28	51	4	9	76	0	37
 33217	28	28	51	4	9	77	0	37
 33262	28	28	51	4	9	78	0	37
 33307	28	28	51	4	9	78	0	37
 33353	28	28	52	4	9	79	0	37
 33398	28	28	52	4	9	80	0	37
 33443	28	28	51	4	9	81	0	37
 33489	28	28	51	4	9	81	0	37
 33534	28	28	51	4	9	82	0	37
 33579	28	28	51	4	9	83	0	37
 33625	28	28	51	4	9	84	0	37
 33670	28	28	51	4	9	84	0	37
 33716	28	28	51	4	9	85	0	37
 33761	28	28	51	4	9	86	0	37
 33806	28	28	51	4	9	87	0	37
 33852	28	28	51	4	9	87	0	37
 33897	28	28	51	4	9	88	0	37
 33942	28	28	51	4	9	89	0	37
 33988	28	28	51	4	9	90	0	37
 34033	28	28	52	4	9	91	0	37
 34078	28	28	51	4	9	91	0	37
 34124	28	28	51	4	9	92	0	37
 34169	28	28	52	4	9	93	0	37
 34214	28	28	52	12	9	94	0	37
 34260	28	28	51	12	9	94	0	37
 34305	28	28	52	12	9	95	0	37
 34350	28	28	52	12	9	96	0	37
 34396	28	28	52	12	9	97	0	37
 34441	28	28	52	12	9	97	0	37
 34486	28	28	52	12	9	98	0	37
 34532	28	28	52	12	9	99	0	37
 34577	28	28	52	12	9	100	0	37
 34623	28	28	52	12	9	100	0	37
 34668	28	28	52	12	9	101	0	37
 34713	28	28	52	12	9	102	0	37
 34759	28	28	52	12	9	103	0	37
 34804	28	28	52	12	9	103	0	37
 34849	28	28	52	12	9	104	0	37
 34895	28	28	52	12	9	105	0	37
 34940	28	28	52	12	9	106	0	37
 34985	28	28	52	12	9	106	0	37
 35031	28	28	52	12	9	107	0	37
 35076	28	28	52	12	9	108	0	37
 35122	28	28	52	12	9	109	0	37
 35167	28	28	52	12	9	109	0	37
 35212	28	28	52	12	9	110	0	37
 35257	28	28	52	12	9	111	0	37
 35303	28	28	52	12	9	112	0	37
 35348	28	28	52	12	9	112	0	37
 35394	28	28	52	12	9	113	0	37
 35439	28	28	52	12	9	114	0	37
 35484	28	28	52	12	9	115	0	37
 35530	28	28	52	12	9	115	0	37
 35575	28	28	52	12	9	116	0	37
 35620	28	28	52	12	9	117	0	37
 35666	28	28	52	12	9	118	0	37
 35711	28	28	52	12	9	118	0	37
 35756	28	28	52	12	9	119	0	37
 35802	28	28	53	12	9	120	0	37
 35847	28	28	53	12	9	121	0	37
 35892	28	28	53	12	9	121	0	37
 35938	28	28	53	12	9	122	0	37
 35983	28	28	53	12	9	123	0	37
 36028	28	28	53	4	10	64	0	37
 36074	28	28	53	4	10	65	0	37
 36119	28	28	53	4	10	65	0	37
 36164	28	28	53	4	10	66	0	37
 36210	28	28	53	4	10	67	0	37
 36255	28	28	53	4	10	68	0	37
 36301	28	28	53	4	10	68	0	37
 36346	28	28	53	4	10	69	0	37
 36392	28	28	53	4	10	70	0	37
 36437	28	28	53	4	10	71	0	37
 36482	28	28	53	4	10	71	0	37
 36527	28	28	53	4	10	72	0	37
 36573	28	28	53	4	10	73	0	37
 36618	28	28	53	4	10	74	0	37
 36663	28	28	53	4	10	74	0	37
 36709	28	28	53	4	10	75	0	37
 36754	28	28	53	4	10	76	0	37
 36799	28	28	53	4	10	77	0	37
 36845	28	28	53	4	10	77	0	37
 36890	28	28	54	4	10	78	0	37
 36935	28	28	53	4	10	79	0	37
 36981	28	28	53	4	10	80	0	37
 37026	28	28	54	4	10	80	0	37
 37072	28	28	53	4	10	81	0	37
 37117	28	28	54	4	10	82	0	37
 37162	28	28	54	4	10	83	0	37
 37208	28	28	54	4	10	83	0	37
 37253	28	28	54	4	10	84	0	37
 37298	28	28	54	4	10	85	0	37
 37344	28	28	54	4	10	86	0	37
 37389	28	28	54	4	10	86	0	37
 37434	28	28	54	4	10	87	0	37
 37480	28	28	54	4	10	88	0	37
 37525	28	28	54	4	10	89	0	37
 37570	28	28	54	4	10	89	0	37
 37616	28	28	54	4	10	90	0	37
 37661	28	28	54	4	10	91	0	37
 37706	28	28	55	4	10	92	0	37
 37752	28	28	54	4	10	92	0	37
 37797	28	28	54	4	10	93	0	37
 37843	28	28	54	12	10	94	0	37
 37888	28	28	54	12	10	95	0	37
 37933	28	28	54	12	10	96	0	37
 37979	28	28	55	12	10	96	0	37
 38024	28	28	54	12	10	97	0	37
 38069	28	28	54	12	10	98	0	37
 38115	28	28	54	12	10	99	0	37
 38160	28	28	55	12	10	99	0	37
 38205	28	28	54	12	10	100	0	37
 38251	28	28	54	12	10	101	0	37
 38296	28	28	54	12	10	102	0	37
 38341	28	28	55	12	10	102	0	37
 38387	28	28	55	12	10	103	0	37
 38432	28	28	54	12	10	104	0	37
 38477	28	28	54	12	10	105	0	37
 38523	28	28	55	12	10	105	0	37
 38568	28	28	54	12	10	106	0	37
 38614	28	28	55	12	10	107	0	37
 38659	28	28	55	12	10	108	0	37
 38704	28	28	55	12	10	108	0	37
 38750	28	28	55	12	10	109	0	37
 38795	28	28	55	12	10	110	0	37
 38841	28	28	55	12	10	111	0	37
 38886	28	28	55	12	10	111	0	37
 38931	28	28	55	12	10	112	0	37
 38976	28	28	55	12	10	113	0	37
 39022	28	28	55	12	10	114	0	37
 39067	28	28	55	12	10	114	0	37
 39112	28	28	55	12	10	115	0	37
 39158	28	28	55	12	10	116	0	37
 39203	28	28	55	12	10	117	0	38
 39248	28	28	55	12	10	117	0	38
 39294	29	28	56	12	10	118	0	38
 39339	28	28	56	12	10	119	0	37
 39384	28	28	56	12	10	120	0	38
 39430	28	28	56	12	10	120	0	37
 39475	28	28	56	12	10	121	0	38
 39520	28	28	56	12	10	122	0	37
 39566	28	28	56	12	10	123	0	37
 39611	28	28	57	12	10	123	0	38
 39657	28	28	56	4	11	64	0	38
 39702	28	28	57	4	11	65	0	38
 39747	28	28	57	4	11	66	0	38
 39793	28	28	57	4	11	66	0	38
 39838	28	28	57	4	11	67	0	38
 39883	28	28	57	4	11	68	0	38
 39929	28	28	57	4	11	69	0	38
 39974	28	28	57	4	11	70	0	38
 40019	28	28	57	4	11	70	0	38
 40065	28	28	57	4	11	71	0	38
 40110	29	28	57	4	11	72	0	38
 40155	28	28	57	4	11	73	0	38
 40201	28	28	57	4	11	73	0	38
 40246	28	28	57	4	11	74	0	38
 40291	28	28	58	4	11	75	0	38
 40337	28	28	58	4	11	76	0	38
 40382	28	28	58	4	11	76	0	38
 40427	28	28	58	4	11	77	0	38
 40473	28	28	58	4	11	78	0	38
 40518	28	28	58	4	11	79	0	38
 40564	28	28	58	4	11	79	0	38
 40609	28	28	58	4	11	80	0	38
 40654	28	28	58	4	11	81	0	38
 40700	29	28	58	4	11	82	0	38
 40745	28	28	58	4	11	82	0	38
 40791	28	28	58	4	11	83	0	38
 40836	28	28	58	4	11	84	0	38
 40881	28	28	59	4	11	85	0	38
 40926	29	28	59	4	11	85	0	38
 40972	29	28	58	4	11	86	0	38
 41017	28	28	59	4	11	87	0	38
 41062	29	28	58	4	11	88	0	38
 41108	28	28	59	4	11	88	0	38
 41153	29	28	59	4	11	89	0	38
 41198	29	28	59	4	11	90	0	38
 41244	28	28	59	4	11	91	0	38
 41289	29	28	59	4	11	91	0	38
 41334	28	28	59	4	11	92	0	38
 41380	28	28	59	4	11	93	0	38
 41425	28	28	59	12	11	94	0	38
 41471	28	28	59	12	11	94	0	38
 41516	29	28	59	12	11	95	0	38
 41561	29	28	59	12	11	96	0	38
 41607	29	28	59	12	11	97	0	38
 41652	28	28	60	12	11	97	0	38
 41697	29	29	60	12	11	98	0	38
 41743	29	29	60	12	11	99	0	38
 41788	29	28	60	12	11	100	0	38
 41833	29	28	60	12	11	100	0	38
 41879	29	29	60	12	11	101	0	38
 41924	29	29	60	12	11	102	0	38
 41969	29	28	60	12	11	103	0	38
 42015	28	28	60	12	11	104	0	38
 42060	29	28	60	12	11	104	0	38
 42105	29	29	60	12	11	105	0	38
 42151	28	29	60	12	11	106	0	38
 42196	29	28	60	12	11	107	0	38
 42242	28	28	60	12	11	107	0	38
 42287	28	28	60	12	11	108	0	38
 42332	29	29	60	12	11	109	0	38
 42378	28	29	61	12	11	110	0	38
 42423	28	29	61	12	11	110	0	38
 42468	29	29	61	12	11	111	0	38
 42514	29	29	61	12	11	112	0	38
 42559	28	28	61	12	11	113	0	38
 42604	28	29	62	12	11	113	0	38
 42650	29	29	62	12	11	114	0	38
 42695	29	29	62	12	11	115	0	38
 42740	29	29	62	12	11	116	0	38
 42786	29	29	62	12	11	116	0	38
 42831	29	29	62	12	11	117	0	38
 42876	29	29	62	12	11	118	0	38
 42922	29	28	62	12	11	119	0	38
 42967	29	29	62	12	11	119	0	38
 43013	29	29	62	12	11	120	0	38
 43058	29	29	62	12	11	121	0	38
 43103	29	29	62	12	11	122	0	38
 43149	29	28	62	12	11	122	0	38
 43194	28	29	62	12	11	123	0	38
 43239	29	29	62	4	12	64	0	38
 43285	29	29	63	4	12	65	0	38
 43330	29	29	62	4	12	65	0	38
 43375	29	29	63	4	12	66	0	38
 43421	29	29	63	4	12	67	0	38
 43466	29	29	63	4	12	68	0	38
 43511	29	29	63	4	12	68	0	38
 43557	29	29	63	4	12	69	0	38
 43602	29	29	63	4	12	70	0	38
 43647	29	29	63	4	12	71	0	38
 43693	29	29	64	4	12	71	0	38
 43738	29	28	64	4	12	72	0	38
 43783	29	29	64	4	12	73	0	38
 43829	29	29	64	4	12	74	0	38
 43874	29	29	64	4	12	74	0	38
 43920	29	29	64	4	12	75	0	38
 43965	29	29	64	4	12	76	0	38
 44010	29	29	64	4	12	77	0	38
 44056	29	29	64	4	12	78	0	38
 44101	29	29	64	4	12	78	0	38
 44146	29	29	64	4	12	79	0	38
 44192	29	29	64	4	12	80	0	38
 44237	29	29	64	4	12	81	0	38
 44282	29	29	64	4	12	81	0	38
 44328	29	29	64	4	12	82	0	38
 44373	29	29	64	4	12	83	0	38
 44418	29	29	65	4	12	84	0	38
 44464	29	29	65	4	12	84	0	38
 44509	29	29	66	4	12	85	0	38
 44554	29	29	65	4	12	86	0	38
 44600	29	29	65	4	12	87	0	38
 44645	29	28	65	4	12	87	0	38
 44691	29	29	66	4	12	88	0	38
 44736	29	29	65	4	12	89	0	38
 44781	29	29	65	4	12	90	0	38
 44827	29	29	65	4	12	90	0	38
 44872	29	29	65	4	12	91	0	38
 44917	29	29	66	4	12	92	0	38
 44963	29	29	65	4	12	93	0	38
 45008	29	29	65	4	12	93	0	38
 45053	29	29	65	12	12	94	0	38
 45099	29	29	65	12	12	95	0	38
 45144	29	29	66	12	12	96	0	38
 45189	29	29	66	12	12	96	0	38
 45235	29	29	66	12	12	97	0	38
 45280	29	29	66	12	12	98	0	38
 45325	29	29	66	12	12	99	0	38
 45371	29	29	66	12	12	99	0	38
 45416	29	29	66	12	12	100	0	39
 45461	29	29	67	12	12	101	0	39
 45507	29	29	66	12	12	102	0	39
 45552	29	29	66	12	12	102	0	39
 45598	29	29	66	12	12	103	0	39
 45643	29	29	66	12	12	104	0	39
 45688	29	29	66	12	12	105	0	39
 45734	29	29	66	12	12	105	0	39
 45779	29	29	66	12	12	106	0	39
 45824	29	29	66	12	12	107	0	39
 45870	29	29	66	12	12	108	0	39
 45915	29	29	67	12	12	108	0	39
 45960	29	29	67	12	12	109	0	39
 46006	29	29	68	12	12	110	0	39
 46051	29	29	67	12	12	111	0	39
 46096	29	29	67	12	12	112	0	39
 46142	29	29	67	12	12	112	0	39
 46187	29	29	67	12	12	113	0	39
 46232	29	29	68	12	12	114	0	39
 46278	29	29	68	12	12	115	0	39
 46323	29	29	68	12	12	115	0	39
 46369	29	29	67	12	12	116	0	39
 46414	29	29	67	12	12	117	0	39
 46459	29	29	68	12	12	118	0	39
 46505	29	29	68	12	12	118	0	39
 46550	29	29	68	12	12	119	0	39
 46595	29	29	68	12	12	120	0	39
 46641	29	29	68	12	12	121	0	39
 46686	29	29	69	12	12	121	0	39
 46731	29	29	69	12	12	122	0	39
 46777	29	29	68	12	12	123	0	39
 46822	29	29	68	36	13	64	0	39
 46867	29	29	68	36	13	64	0	39
 46913	29	29	68	36	13	65	0	39
 46958	29	29	68	36	13	66	0	39
 47003	29	29	69	36	13	67	0	39
 47049	29	29	69	36	13	67	0	39
 47094	29	29	69	36	13	68	0	39
 47139	29	29	69	36	13	69	0	39
 47185	29	29	69	36	13	70	0	39
 47230	29	29	69	36	13	70	0	39
 47275	29	29	68	36	13	71	0	39
 47321	29	29	69	36	13	72	0	40
 47366	29	29	69	36	13	73	0	39
 47412	29	29	69	36	13	73	0	40
 47457	29	29	69	36	13	74	0	40
 47502	29	29	69	36	13	75	0	40
 47548	29	29	69	36	13	76	0	40
 47593	29	29	69	36	13	76	0	40
 47638	29	29	70	36	13	77	0	40
 47684	29	29	69	36	13	78	0	40
 47729	29	29	69	36	13	79	0	40
 47774	29	29	69	36	13	79	0	40
 47820	29	29	70	36	13	80	0	40
 47865	29	29	70	36	13	81	0	40
 47910	29	29	70	36	13	82	0	40
 47956	29	29	70	36	13	83	0	40
 48001	29	29	70	36	13	83	0	40
 48046	29	29	70	36	13	84	0	40
 48092	29	29	69	36	13	85	0	41
 48137	29	29	69	36	13	86	0	42
 48183	29	30	69	36	13	86	0	43
 48228	29	29	69	36	13	87	0	43
 48273	29	29	69	36	13	88	0	44
 48319	29	29	69	36	13	89	0	44
 48364	29	29	69	36	13	89	0	44
 48409	29	29	68	36	13	90	0	44
 48455	29	29	69	36	13	91	0	44
 48500	29	29	68	36	13	92	0	44
 48545	29	29	68	36	13	92	0	44
 48591	29	29	68	36	13	93	0	44
 48636	29	29	68	44	13	94	0	44
 48681	29	29	68	44	13	95	0	44
 48727	29	29	68	44	13	96	0	45
 48772	29	29	69	44	13	96	0	45
 48817	29	29	68	44	13	97	0	45
 48863	29	29	68	44	13	98	0	45
 48908	29	29	69	44	13	99	0	45
 48953	29	29	69	44	13	99	0	45
 48999	29	29	69	44	13	100	0	45
 49044	29	29	69	44	13	101	0	45
 49090	29	29	69	44	13	102	0	45
 49135	29	29	69	44	13	102	0	45
 49180	29	29	69	44	13	103	0	45
 49226	29	29	70	44	13	104	0	45
 49271	29	29	69	44	13	105	0	45
 49316	29	29	70	44	13	105	0	45
 49362	29	29	69	44	13	106	0	45
 49407	29	29	69	44	13	107	0	45
 49452	29	29	69	44	13	108	0	45
 49498	29	29	69	44	13	108	0	45
 49543	29	29	69	44	13	109	0	45
 49588	29	29	69	44	13	110	0	45
 49634	29	29	70	44	13	111	0	45
 49679	29	29	70	44	13	111	0	45
 49724	29	29	70	44	13	112	0	45
 49770	29	29	70	44	13	113	0	45
 49815	29	29	70	44	13	114	0	45
 49860	29	29	70	44	13	114	0	45
 49906	29	29	70	44	13	115	0	45
 49951	29	29	70	44	13	116	0	45
 49997	29	29	70	44	13	117	0	45
 50042	29	29	70	44	13	117	0	45
 50087	29	29	70	44	13	118	0	45
 50133	29	29	70	44	13	119	0	45
 50178	29	29	70	44	13	120	0	45
 50223	29	29	70	44	13	120	0	45
 50269	29	29	70	44	13	121	0	45
 50314	29	29	70	44	13	122	0	45
 50359	29	29	70	44	13	123	0	45
 50405	29	29	70	44	13	123	0	44
 50450	29	29	70	36	14	64	0	43
 50495	29	29	71	36	14	65	0	44
 50541	30	29	70	36	14	66	0	44
 50586	29	29	70	36	14	66	0	45
 50631	29	29	71	36	14	67	0	45
 50677	29	29	70	36	14	68	0	45
 50722	29	29	70	36	14	69	0	45
 50767	29	29	71	36	14	70	0	45
 50813	29	29	70	36	14	70	0	45
 50858	29	29	70	36	14	71	0	45
 50904	29	29	70	36	14	72	0	46
 50949	29	29	70	36	14	73	0	46
 50994	29	29	70	36	14	73	0	46
 51040	29	29	70	36	14	74	0	46
 51085	29	29	70	36	14	75	0	45
 51130	29	29	70	36	14	76	0	45
 51176	29	29	69	36	14	76	0	44
 51221	29	29	70	36	14	77	0	44
 51266	29	29	70	36	14	78	0	44
 51312	29	29	71	36	14	79	0	43
 51357	29	29	71	36	14	79	0	43
 51402	29	29	71	36	14	80	0	43
 51448	29	29	71	36	14	81	0	42
 51493	29	29	71	36	14	82	0	42
 51538	29	29	71	36	14	82	0	42
 51584	29	29	71	36	14	83	0	42
 51629	29	29	71	36	14	84	0	42
 51674	29	29	72	36	14	85	0	42
 51720	29	29	72	36	14	85	0	41
 51765	29	29	71	36	14	86	0	41
 51811	29	29	71	36	14	87	0	41
 51856	29	29	71	36	14	88	0	41
 51901	29	29	71	36	14	88	0	41
 51947	29	29	71	36	14	89	0	41
 51992	29	29	72	36	14	90	0	41
 52037	29	29	72	36	14	91	0	41
 52083	29	29	72	36	14	91	0	41
 52128	29	29	73	36	14	92	0	41
 52173	29	29	72	36	14	93	0	41
 52219	29	29	72	44	14	94	0	41
 52264	29	29	72	44	14	94	0	41
 52309	29	29	72	44	14	95	0	41
 52356	29	29	72	44	14	96	0	41
 52400	29	29	72	44	14	97	0	41
 52446	29	29	73	44	14	97	0	41
 52491	29	29	72	44	14	98	0	41
 52536	29	29	73	44	14	99	0	41
 52581	29	29	73	44	14	100	0	41
 52627	29	29	73	44	14	100	0	41
 52672	29	29	73	44	14	101	0	41
 52718	29	30	73	44	14	102	0	41
 52763	29	29	73	44	14	103	0	41
 52808	29	29	73	44	14	104	0	41
 52854	29	29	73	44	14	104	0	41
 52899	29	29	73	44	14	105	0	41
 52944	29	29	73	44	14	106	0	41
 52990	29	29	73	44	14	107	0	41
 53035	29	29	73	44	14	107	0	41
 53080	29	29	73	44	14	108	0	41
 53126	29	29	72	44	14	109	0	41
 53171	29	29	72	44	14	110	0	41
 53216	29	29	72	44	14	110	0	41
 53262	29	29	72	44	14	111	0	41
 53307	29	29	72	44	14	112	0	41
 53352	29	29	72	44	14	113	0	41
 53398	29	29	72	44	14	113	0	41
 53443	29	29	72	44	14	114	0	41
 53488	29	29	72	44	14	115	0	41
 53534	29	29	72	44	14	116	0	41
 53579	29	29	72	44	14	116	0	41
 53625	29	29	72	44	14	117	0	41
 53670	29	29	72	44	14	118	0	41
 53715	29	29	71	44	14	119	0	42
 53761	29	29	71	44	14	119	0	43
 53806	29	29	71	44	14	120	0	44
 53851	29	29	71	44	14	121	0	45
 53897	29	29	71	44	14	122	0	46
 53942	29	29	71	44	14	122	0	46
 53987	29	29	71	44	14	123	0	46
 54033	29	29	72	20	15	64	0	47
 54078	29	29	71	20	15	65	0	47
 54123	29	29	71	20	15	65	0	47
 54169	29	29	71	20	15	66	0	47
 54214	29	29	71	20	15	67	0	47
 54259	29	29	71	20	15	68	0	47
 54305	29	29	71	20	15	68	0	47
 54350	29	29	71	20	15	69	0	47
 54395	29	29	71	20	15	70	0	47
 54441	29	29	71	20	15	71	0	47
 54486	29	29	71	20	15	71	0	47
 54532	29	29	71	20	15	72	0	47
 54577	29	29	71	20	15	73	0	47
 54622	29	29	71	20	15	74	0	47
 54668	29	29	71	20	15	74	0	45
 54713	29	29	71	20	15	75	0	43
 54758	29	29	70	20	15	76	0	45
 54804	29	29	70	20	15	77	0	46
 54849	29	29	70	20	15	78	0	47
 54894	29	29	70	20	15	78	0	47
 54940	29	29	70	20	15	79	0	47
 54985	29	29	70	20	15	80	0	47
 55030	29	29	70	20	15	81	0	47
 55076	29	29	70	20	15	81	0	48
 55121	29	29	70	20	15	82	0	47
 55166	29	29	71	20	15	83	0	47
 55212	29	29	70	20	15	84	0	47
 55257	29	29	70	20	15	84	0	47
 55303	29	29	70	20	15	85	0	47
 55348	29	29	69	20	15	86	0	48
 55394	29	29	69	20	15	87	0	48
 55439	29	29	69	20	15	87	0	47
 55484	29	29	69	20	15	88	0	47
 55529	29	29	69	20	15	89	0	46
 55575	29	29	70	20	15	90	0	45
 55620	29	29	70	20	15	90	0	45
 55665	29	29	70	20	15	91	0	44
 55711	29	29	70	20	15	92	0	44
 55756	29	29	70	20	15	93	0	43
 55801	29	29	70	20	15	93	0	43
 55847	29	29	69	28	15	94	0	43
 55892	29	29	70	28	15	95	0	43
 55937	29	29	69	28	15	96	0	43
 55983	29	29	69	28	15	96	0	43
 56028	29	29	69	28	15	97	0	43
 56073	29	29	70	28	15	98	0	43
 56119	29	29	69	28	15	99	0	43
 56164	29	29	69	28	15	99	0	42
 56210	29	29	69	28	15	100	0	42
 56255	29	29	69	28	15	101	0	42
 56300	29	29	69	28	15	102	0	42
 56346	29	29	69	28	15	102	0	42
 56391	29	29	69	28	15	103	0	42
 56436	29	29	69	28	15	104	0	42
 56482	29	29	69	28	15	105	0	42
 56527	29	29	69	28	15	105	0	42
 56572	29	29	69	28	15	106	0	42
 56618	29	29	69	28	15	107	0	42
 56663	29	29	69	28	15	108	0	42
 56708	29	29	69	28	15	108	0	42
 56754	29	29	70	28	15	109	0	42
 56799	29	29	69	28	15	110	0	42
 56844	29	29	69	28	15	111	0	42
 56890	29	29	69	28	15	112	0	42
 56935	29	29	69	28	15	112	0	42
 56981	29	29	69	28	15	113	0	42
 57026	29	29	69	28	15	114	0	42
 57071	29	29	69	28	15	115	0	42
 57117	29	29	69	28	15	115	0	42
 57162	29	29	68	28	15	116	0	42
 57207	29	29	68	28	15	117	0	42
 57253	29	29	68	28	15	118	0	42
 57298	29	29	68	28	15	118	0	41
 57343	29	29	68	28	15	119	0	42
 57389	29	29	68	28	15	120	0	41
 57434	29	29	68	28	15	121	0	41
 57479	29	29	68	28	15	121	0	41
 57525	29	29	68	28	15	122	0	41
 57570	30	29	68	28	15	123	0	41
 57615	29	29	67	4	16	64	0	41
 57661	29	29	68	4	16	64	0	41
 57706	29	29	67	4	16	65	0	41
 57752	29	29	67	4	16	66	0	41
 57797	29	29	68	4	16	67	0	41
 57842	29	29	67	4	16	67	0	41
 57888	29	29	68	4	16	68	0	41
 57933	29	29	67	4	16	69	0	41
 57978	29	29	67	4	16	70	0	41
 58024	29	29	67	4	16	70	0	41
 58069	29	29	67	4	16	71	0	41
 58114	29	29	67	4	16	72	0	41
 58160	29	29	67	4	16	73	0	41
 58205	29	29	67	4	16	73	0	41
 58250	29	29	67	4	16	74	0	41
 58296	29	29	67	4	16	75	0	41
 58341	29	29	67	4	16	76	0	41
 58386	29	29	67	4	16	76	0	41
 58432	29	29	67	4	16	77	0	41
 58477	29	29	67	4	16	78	0	41
 58522	29	29	66	4	16	79	0	41
 58568	29	29	67	4	16	79	0	41
 58613	30	29	67	4	16	80	0	41
 58659	29	29	67	4	16	81	0	41
 58704	29	29	67	4	16	82	0	41
 58749	29	29	67	4	16	83	0	41
 58795	29	29	66	4	16	83	0	41
 58840	29	29	67	4	16	84	0	41
 58885	29	29	67	4	16	85	0	41
 58931	29	29	67	4	16	86	0	41
 58976	29	29	66	4	16	86	0	41
 59021	29	29	66	4	16	87	0	41
 59067	29	29	66	4	16	88	0	41
 59112	29	29	66	4	16	89	0	41
 59157	29	29	66	4	16	89	0	41
 59203	29	29	66	4	16	90	0	41
 59248	29	29	66	4	16	91	0	41
 59293	29	29	66	4	16	92	0	41
 59339	29	29	66	4	16	92	0	41
 59384	29	29	66	4	16	93	0	41
 59430	29	29	66	12	16	94	0	41
 59475	29	30	66	12	16	95	0	41
 59520	29	29	66	12	16	95	0	41
 59566	29	29	66	12	16	96	0	40
 59611	29	29	66	12	16	97	0	40
 59656	29	29	65	12	16	98	0	40
 59702	29	29	65	12	16	98	0	40
 59747	29	29	65	12	16	99	0	40
 59792	29	29	65	12	16	100	0	40
 59838	29	29	65	12	16	101	0	40
 59883	29	29	65	12	16	101	0	40
 59928	29	29	65	12	16	102	0	40
 59974	29	29	65	12	16	103	0	40
 60019	29	29	65	12	16	104	0	40
 60064	29	29	65	12	16	104	0	40
 60110	29	29	65	12	16	105	0	40
 60155	29	29	65	12	16	106	0	40
 60201	29	29	65	12	16	107	0	40
 60246	29	29	65	12	16	107	0	40
 60291	29	29	65	12	16	108	0	40
 60337	30	29	65	12	16	109	0	40
 60382	29	29	65	12	16	110	0	39
 60427	29	29	65	12	16	110	0	39
 60473	30	29	64	12	16	111	0	39
 60518	29	29	65	12	16	112	0	39
 60563	29	29	64	12	16	113	0	39
 60609	29	29	65	12	16	113	0	39
 60654	29	29	65	12	16	114	0	39
 60699	29	29	65	12	16	115	0	39
 60745	29	29	64	12	16	116	0	39
 60790	29	29	64	12	16	117	0	39
 60835	29	29	64	12	16	117	0	39
 60881	29	29	64	12	16	118	0	39
 60926	29	29	64	12	16	119	0	39
 60971	29	29	64	12	16	120	0	39
 61017	29	29	64	12	16	120	0	39
 61062	29	29	64	12	16	121	0	39
 61108	29	29	64	12	16	122	0	39
 61153	29	29	64	12	16	123	0	39
 61198	30	29	64	12	16	123	0	39
 61244	29	29	64	4	17	64	0	39
 61289	29	29	64	4	17	65	0	39
 61334	29	29	64	4	17	66	0	39
 61380	29	29	64	4	17	66	0	39
 61425	29	29	64	4	17	67	0	39
 61470	29	29	64	4	17	68	0	39
 61516	29	29	64	4	17	69	0	39
 61561	29	29	63	4	17	69	0	39
 61606	29	29	64	4	17	70	0	39
 61652	29	29	64	4	17	71	0	38
 61697	30	29	64	4	17	72	0	38
 61742	29	29	63	4	17	72	0	39
 61788	29	29	64	4	17	73	0	39
 61833	29	29	64	4	17	74	0	39
 61879	29	29	63	4	17	75	0	39
 61924	29	29	63	4	17	75	0	39
 61969	29	29	63	4	17	76	0	39
 62015	29	29	64	4	17	77	0	39
 62060	29	29	63	4	17	78	0	39
 62105	29	29	64	4	17	78	0	39
 62151	29	29	64	4	17	79	0	39
 62196	30	29	64	4	17	80	0	39
 62241	29	29	64	4	17	81	0	39
 62287	29	29	64	4	17	81	0	39
 62332	29	29	64	4	17	82	0	39
 62377	29	29	64	4	17	83	0	39
 62423	29	29	64	4	17	84	0	39
 62468	29	29	64	4	17	84	0	39
 62513	29	29	64	4	17	85	0	39
 62559	29	29	64	4	17	86	0	39
 62604	29	29	64	4	17	87	0	39
 62650	29	29	64	4	17	87	0	39
 62695	29	29	64	4	17	88	0	39
 62740	29	29	64	4	17	89	0	39
 62787	29	29	63	4	17	90	0	39
 62831	29	29	63	4	17	91	0	39
 62876	29	29	63	4	17	91	0	39
 62922	29	29	63	4	17	92	0	39
 62967	29	29	63	4	17	93	0	39
 63012	29	29	63	12	17	94	0	39
 63058	29	29	63	12	17	94	0	39
 63103	30	29	64	12	17	95	0	39
 63149	29	29	63	12	17	96	0	39
 63194	29	29	63	12	17	97	0	39
 63239	29	29	64	12	17	97	0	39
 63284	29	29	63	12	17	98	0	39
 63330	29	29	64	12	17	99	0	39
 63375	29	29	64	12	17	100	0	39
 63420	29	29	63	12	17	100	0	39
 63466	29	29	64	12	17	101	0	39
 63511	29	29	63	12	17	102	0	39
 63557	29	29	63	12	17	103	0	39
 63602	29	29	63	12	17	103	0	39
 63647	29	29	63	12	17	104	0	39
 63693	29	29	63	12	17	105	0	39
 63738	29	29	63	12	17	106	0	39
 63783	29	29	63	12	17	106	0	39
 63829	29	29	63	12	17	107	0	39
 63874	29	29	63	12	17	108	0	39
 63919	29	29	63	12	17	109	0	39
 63965	29	29	63	12	17	109	0	39
 64010	30	29	63	12	17	110	0	39
 64056	29	29	63	12	17	111	0	39
 64101	30	29	63	12	17	112	0	39
 64146	29	29	63	12	17	112	0	39
 64191	29	29	63	12	17	113	0	39
 64237	29	29	63	12	17	114	0	39
 64282	30	29	63	12	17	115	0	39
 64328	29	29	63	12	17	115	0	39
 64373	29	29	63	12	17	116	0	39
 64418	29	29	63	12	17	117	0	39
 64464	29	29	63	12	17	118	0	39
 64509	30	29	63	12	17	118	0	39
 64554	29	29	63	12	17	119	0	39
 64600	29	29	63	12	17	120	0	39
 64645	29	29	62	12	17	121	0	39
 64692	29	29	63	12	17	121	0	39
 64736	29	29	63	12	17	122	0	39
 64781	29	29	63	12	17	123	0	39
 64826	29	29	63	4	18	64	0	39
 64872	29	29	63	4	18	65	0	39
 64917	29	29	63	4	18	65	0	39
 64962	29	29	63	4	18	66	0	39
 65008	29	29	63	4	18	67	0	39
 65053	29	29	63	4	18	68	0	39
 65098	29	29	63	4	18	68	0	39
 65144	29	29	63	4	18	69	0	39
 65189	29	29	63	4	18	70	0	39
 65235	29	29	63	4	18	71	0	38
 65280	29	29	63	4	18	71	0	38
 65325	29	29	62	4	18	72	0	38
 65371	29	29	63	4	18	73	0	38
 65416	29	29	62	4	18	74	0	38
 65461	29	29	62	4	18	74	0	38
 65507	29	29	62	4	18	75	0	38
 65552	29	29	62	4	18	76	0	38
 65597	29	29	62	4	18	77	0	38
 65643	29	29	62	4	18	77	0	38
 65688	29	29	62	4	18	78	0	38
 65733	29	29	62	4	18	79	0	38
 65779	29	29	62	4	18	80	0	38
 65824	29	29	62	4	18	80	0	38
 65869	29	30	62	4	18	81	0	38
 65915	29	29	62	4	18	82	0	38
 65960	29	29	62	4	18	83	0	38
 66006	29	29	62	4	18	83	0	38
 66051	29	29	62	4	18	84	0	38
 66096	29	29	62	4	18	85	0	38
 66142	29	29	62	4	18	86	0	38
 66188	29	29	62	4	18	86	0	38
 66232	29	29	62	4	18	87	0	38
 66278	29	29	62	4	18	88	0	38
 66323	29	29	62	4	18	89	0	38
 66368	29	29	62	4	18	89	0	38
 66414	29	29	62	4	18	90	0	38
 66459	29	29	62	4	18	91	0	38
 66504	29	29	62	4	18	92	0	38
 66550	29	29	62	4	18	92	0	38
 66595	29	29	62	4	18	93	0	38
 66640	29	29	62	12	18	94	0	38
 66686	30	29	61	12	18	95	0	38
 66731	29	29	62	12	18	96	0	38
 66777	29	29	61	12	18	96	0	37
 66822	29	29	61	12	18	97	0	38
 66867	29	29	62	12	18	98	0	38
 66913	29	29	61	12	18	99	0	38
 66958	29	29	61	12	18	99	0	38
 67003	29	29	62	12	18	100	0	37
 67049	29	29	61	12	18	101	0	37
 67094	29	29	61	12	18	102	0	37
 67139	29	29	61	12	18	102	0	37
 67185	29	29	61	12	18	103	0	37
 67230	29	29	61	12	18	104	0	37
 67275	29	29	61	12	18	105	0	37
 67321	29	29	61	12	18	105	0	37
 67366	29	29	61	12	18	106	0	37
 67411	29	29	61	12	18	107	0	37
 67457	29	29	61	12	18	108	0	37
 67502	29	29	61	12	18	108	0	37
 67547	29	29	61	12	18	109	0	37
 67593	29	29	61	12	18	110	0	37
 67638	29	29	61	12	18	111	0	37
 67684	29	29	61	12	18	111	0	37
 67729	29	29	61	12	18	112	0	37
 67774	29	29	61	12	18	113	0	37
 67820	29	29	61	12	18	114	0	37
 67865	29	29	61	12	18	114	0	37
 67910	29	29	61	12	18	115	0	37
 67956	29	29	61	12	18	116	0	37
 68001	29	29	61	12	18	117	0	37
 68046	29	29	61	12	18	117	0	37
 68092	29	29	61	12	18	118	0	37
 68137	29	29	61	12	18	119	0	37
 68182	29	29	61	12	18	120	0	37
 68228	29	29	61	12	18	120	0	37
 68273	29	29	61	12	18	121	0	36
 68318	29	29	61	12	18	122	0	36
 68364	29	29	61	12	18	123	0	37
 68409	29	29	61	12	18	123	0	36
 68455	29	29	61	39	19	64	0	36
 68500	29	29	61	39	19	65	0	36
 68545	29	29	61	39	19	66	0	36
 68591	29	29	61	39	19	66	0	36
 68636	29	29	61	39	19	67	0	36
 68681	29	29	61	39	19	68	0	36
 68727	29	29	60	39	19	69	0	36
 68772	29	29	61	39	19	70	0	36
 68817	29	29	61	39	19	70	0	36
 68863	29	29	60	39	19	71	0	36
 68908	29	29	60	39	19	72	0	36
 68953	29	29	61	39	19	73	0	36
 68999	29	29	60	39	19	73	0	36
 69044	29	29	61	39	19	74	0	36
 69089	29	29	60	39	19	75	0	36
 69135	29	29	61	39	19	76	0	36
 69180	29	29	60	39	19	76	0	36
 69226	29	29	60	39	19	77	0	36
 69271	29	29	60	39	19	78	0	36
 69316	29	29	60	39	19	79	0	36
 69362	29	29	60	39	19	79	0	36
 69407	29	29	60	39	19	80	0	36
 69452	29	29	60	39	19	81	0	36
 69498	29	29	60	39	19	82	0	36
 69543	29	29	60	39	19	82	0	36
 69588	29	29	60	39	19	83	0	36
 69634	29	29	60	39	19	84	0	36
 69679	29	29	60	39	19	85	0	36
 69724	29	29	60	39	19	85	0	36
 69770	29	29	60	39	19	86	0	36
 69815	29	29	60	39	19	87	0	36
 69860	29	29	60	39	19	88	0	37
 69906	29	29	60	39	19	88	0	37
 69951	29	29	60	39	19	89	0	37
 69996	29	29	60	39	19	90	0	37
 70042	29	29	59	39	19	91	0	37
 70087	29	29	59	39	19	91	0	37
 70133	29	29	59	39	19	92	0	37
 70178	29	29	59	39	19	93	0	37
 70223	29	29	59	47	19	94	0	37
 70269	29	29	59	47	19	94	0	37
 70314	29	29	59	47	19	95	0	38
 70359	29	29	59	47	19	96	0	38
 70405	29	29	59	47	19	97	0	38
 70450	29	29	59	47	19	97	0	38
 70495	29	29	59	47	19	98	0	38
 70541	29	29	59	47	19	99	0	38
 70586	29	29	59	47	19	100	0	38
 70631	29	29	59	47	19	100	0	38
 70677	29	29	59	47	19	101	0	38
 70722	29	29	59	47	19	102	0	38
 70767	29	29	59	47	19	103	0	38
 70813	29	29	59	47	19	104	0	38
 70858	29	29	58	47	19	104	0	38
 70904	29	29	59	47	19	105	0	38
 70949	29	29	59	47	19	106	0	38
 70994	29	29	59	47	19	107	0	38
 71040	29	29	59	47	19	107	0	38
 71085	29	29	59	47	19	108	0	38
 71130	29	29	59	47	19	109	0	38
 71176	29	29	59	47	19	110	0	38
 71221	29	29	59	47	19	110	0	38
 71266	29	29	58	47	19	111	0	38
 71312	29	29	58	47	19	112	0	38
 71357	29	29	58	47	19	113	0	38
 71402	29	29	58	47	19	113	0	38
 71448	29	29	58	47	19	114	0	38
 71493	29	29	58	47	19	115	0	38
 71538	29	29	58	47	19	116	0	38
 71584	29	29	58	47	19	116	0	38
 71629	29	29	58	47	19	117	0	38
 71675	29	29	58	47	19	118	0	38
 71720	29	29	58	47	19	119	0	38
 71765	29	29	58	47	19	119	0	38
 71811	29	29	58	47	19	120	0	38
 71856	29	29	58	47	19	121	0	38
 71901	29	29	58	47	19	122	0	38
 71947	29	29	58	47	19	122	0	38
 71992	29	29	58	47	19	123	0	38
 72037	29	29	58	39	20	64	0	38
 72083	30	29	58	39	20	65	0	38
 72128	29	29	58	39	20	65	0	38
 72173	29	29	58	39	20	66	0	38
 72219	29	29	58	39	20	67	0	38
 72264	29	29	58	39	20	68	0	38
 72309	29	29	58	39	20	68	0	38
 72355	29	29	58	39	20	69	0	38
 72400	29	29	58	39	20	70	0	38
 72446	29	29	58	39	20	71	0	38
 72491	29	29	58	39	20	71	0	38
 72536	29	29	58	39	20	72	0	38
 72582	29	29	59	39	20	73	0	38
 72627	29	29	58	39	20	74	0	38
 72672	29	29	58	39	20	74	0	38
 72718	29	29	58	39	20	75	0	38
 72763	29	29	58	39	20	76	0	38
 72808	29	29	58	39	20	77	0	38
 72854	29	29	58	39	20	78	0	38
 72899	29	29	58	39	20	78	0	38
 72944	29	29	58	39	20	79	0	38
 72990	29	29	58	39	20	80	0	38
 73035	29	30	58	39	20	81	0	38
 73080	29	29	57	39	20	81	0	38
 73126	29	29	57	39	20	82	0	38
 73171	29	29	57	39	20	83	0	38
 73217	29	29	57	39	20	84	0	38
 73262	29	29	58	39	20	84	0	38
 73308	29	29	57	39	20	85	0	38
 73353	29	29	57	39	20	86	0	38
 73398	29	29	57	39	20	87	0	38
 73443	29	29	58	39	20	87	0	38
 73489	29	29	57	39	20	88	0	38
 73534	29	29	57	39	20	89	0	38
 73579	29	29	57	39	20	90	0	38
 73625	29	29	57	39	20	90	0	38
 73670	29	29	57	39	20	91	0	38
 73715	29	29	57	39	20	92	0	38
 73761	29	29	57	39	20	93	0	38
 73806	29	29	57	39	20	93	0	38
 73851	29	29	57	47	20	94	0	38
 73897	29	29	57	47	20	95	0	38
 73942	29	29	57	47	20	96	0	38
 73987	29	29	57	47	20	96	0	38
 74033	29	29	57	47	20	97	0	38
 74078	29	29	57	47	20	98	0	38
 74124	29	29	57	47	20	99	0	38
 74169	29	29	57	47	20	99	0	38
 74214	29	29	57	47	20	100	0	38
 74260	29	29	57	47	20	101	0	38
 74305	29	29	57	47	20	102	0	38
 74350	29	29	57	47	20	102	0	38
 74397	29	29	57	47	20	103	0	38
 74441	29	29	57	47	20	104	0	38
 74486	29	29	57	47	20	105	0	38
 74532	29	29	57	47	20	105	0	38
 74577	29	29	57	47	20	106	0	38
 74622	29	29	57	47	20	107	0	38
 74668	29	29	57	47	20	108	0	38
 74713	29	29	57	47	20	108	0	38
 74758	29	29	57	47	20	109	0	38
 74804	29	29	57	47	20	110	0	38
 74849	29	29	57	47	20	111	0	38
 74895	29	29	57	47	20	112	0	38
 74940	29	29	57	47	20	112	0	38
 74985	29	29	57	47	20	113	0	38
 75031	29	29	57	47	20	114	0	38
 75076	29	29	57	47	20	115	0	38
 75121	29	29	57	47	20	115	0	38
 75167	29	29	56	47	20	116	0	38
 75212	29	29	57	47	20	117	0	38
 75257	29	29	56	47	20	118	0	38
 75303	29	29	56	47	20	118	0	38
 75348	29	29	57	47	20	119	0	38
 75393	29	29	56	47	20	120	0	38
 75439	29	29	56	47	20	121	0	38
 75484	29	29	56	47	20	121	0	38
 75529	29	29	56	47	20	122	0	38
 75575	29	29	56	47	20	123	0	38
 75620	29	29	56	39	21	64	0	38
 75666	29	29	56	39	21	64	0	38
 75711	29	29	57	39	21	65	0	38
 75756	29	29	56	39	21	66	0	38
 75802	29	29	57	39	21	67	0	38
 75847	29	29	56	39	21	67	0	38
 75892	29	29	57	39	21	68	0	38
 75938	29	29	56	39	21	69	0	38
 75983	29	29	56	39	21	70	0	38
 76028	29	29	56	39	21	70	0	38
 76074	29	29	56	39	21	71	0	38
 76119	29	29	56	39	21	72	0	38
 76164	29	29	56	39	21	73	0	38
 76210	29	29	56	39	21	73	0	38
 76255	29	29	56	39	21	74	0	38
 76300	29	29	56	39	21	75	0	38
 76346	29	29	56	39	21	76	0	38
 76391	29	29	56	39	21	76	0	38
 76436	29	29	56	39	21	77	0	38
 76482	29	29	56	39	21	78	0	38
 76527	29	29	56	39	21	79	0	38
 76572	29	29	56	39	21	79	0	38
 76618	29	29	56	39	21	80	0	38
 76663	29	29	56	39	21	81	0	38
 76709	29	29	56	39	21	82	0	38
 76754	29	28	56	39	21	83	0	38
 76799	29	29	56	39	21	83	0	37
 76845	29	29	56	39	21	84	0	38
 76890	29	29	56	39	21	85	0	37
 76935	29	29	56	39	21	86	0	37
 76981	29	29	56	39	21	86	0	37
 77026	29	29	56	39	21	87	0	37
 77071	29	29	56	39	21	88	0	37
 77118	29	29	56	39	21	89	0	37
 77162	29	29	56	39	21	89	0	37
 77207	29	29	56	39	21	90	0	37
 77253	29	29	56	39	21	91	0	37
 77298	29	29	56	39	21	92	0	37
 77343	29	29	56	39	21	92	0	37
 77389	29	29	56	39	21	93	0	37
 77434	29	29	56	47	21	94	0	37
 77480	29	29	56	47	21	95	0	37
 77525	29	29	56	47	21	95	0	37
 77570	29	29	56	47	21	96	0	37
 77616	29	29	55	47	21	97	0	37
 77661	29	29	55	47	21	98	0	37
 77706	29	29	56	47	21	98	0	37
 77752	29	29	55	47	21	99	0	37
 77797	29	29	55	47	21	100	0	37
 77842	29	29	56	47	21	101	0	37
 77888	29	29	55	47	21	101	0	37
 77933	29	29	55	47	21	102	0	37
 77978	29	29	55	47	21	103	0	37
 78024	29	29	55	47	21	104	0	37
 78069	29	28	55	47	21	104	0	37
 78114	29	29	55	47	21	105	0	37
 78160	29	29	56	47	21	106	0	37
 78205	29	29	55	47	21	107	0	37
 78251	29	28	55	47	21	107	0	37
 78296	29	29	55	47	21	108	0	37
 78341	29	29	55	47	21	109	0	37
 78387	29	29	55	47	21	110	0	37
 78432	29	29	55	47	21	110	0	37
 78477	29	29	55	47	21	111	0	37
 78523	29	29	55	47	21	112	0	37
 78568	29	29	55	47	21	113	0	37
 78613	29	29	55	47	21	113	0	37
 78659	29	29	55	47	21	114	0	37
 78704	29	29	55	47	21	115	0	37
 78749	29	29	55	47	21	116	0	37
 78795	29	29	55	47	21	117	0	37
 78840	29	29	55	47	21	117	0	37
 78885	29	29	55	47	21	118	0	37
 78931	29	29	55	47	21	119	0	37
 78976	29	29	55	47	21	120	0	37
 79022	29	29	55	47	21	120	0	37
 79067	29	28	55	47	21	121	0	37
 79112	29	29	55	47	21	122	0	37
 79158	29	29	56	47	21	123	0	37
 79203	29	28	55	47	21	123	0	37
 79248	29	29	55	39	22	64	0	37
 79294	29	29	55	39	22	65	0	37
 79339	29	28	55	39	22	66	0	37
 79384	29	29	55	39	22	66	0	37
 79430	29	29	55	39	22	67	0	37
 79475	29	29	55	39	22	68	0	37
 79520	29	29	55	39	22	69	0	37
 79566	29	29	56	39	22	69	0	37
 79611	29	29	55	39	22	70	0	37
 79656	29	29	54	39	22	71	0	37
 79702	29	29	55	39	22	72	0	37
 79747	29	29	55	39	22	72	0	37
 79793	29	29	55	39	22	73	0	37
 79838	29	29	55	39	22	74	0	37
 79883	29	29	55	39	22	75	0	37
 79929	29	29	54	39	22	75	0	37
 79974	29	28	55	39	22	76	0	37
 80019	29	29	55	39	22	77	0	37
 80065	29	29	55	39	22	78	0	37
 80110	29	29	55	39	22	78	0	37
 80155	29	29	55	39	22	79	0	37
 80201	29	29	55	39	22	80	0	37
 80246	29	29	55	39	22	81	0	37
 80291	29	28	55	39	22	81	0	37
 80337	29	28	54	39	22	82	0	37
 80382	29	29	55	39	22	83	0	37
 80427	29	28	54	39	22	84	0	37
 80473	29	28	54	39	22	84	0	37
 80518	29	28	54	39	22	85	0	37
 80563	29	29	54	39	22	86	0	37
 80609	29	28	54	39	22	87	0	37
 80654	29	28	54	39	22	87	0	37
 80700	29	29	54	39	22	88	0	37
 80745	29	28	54	39	22	89	0	37
 80790	29	29	54	39	22	90	0	37
 80836	29	28	54	39	22	91	0	37
 80881	29	28	54	39	22	91	0	37
 80926	29	28	55	39	22	92	0	37
 80972	29	29	54	39	22	93	0	37
 81017	29	28	54	47	22	94	0	37
 81062	29	28	54	47	22	94	0	37
 81108	29	29	54	47	22	95	0	37
 81153	29	28	55	47	22	96	0	37
 81198	29	29	54	47	22	97	0	37
 81244	29	28	54	47	22	97	0	37
 81289	29	28	54	47	22	98	0	37
 81334	29	29	54	47	22	99	0	37
 81380	29	28	54	47	22	100	0	37
 81425	29	28	54	47	22	100	0	37
 81471	29	28	54	47	22	101	0	37
 81516	29	29	54	47	22	102	0	37
 81561	28	28	54	47	22	103	0	37
 81607	29	28	54	47	22	103	0	37
 81652	29	28	54	47	22	104	0	37
 81697	29	28	54	47	22	105	0	37
 81743	28	28	54	47	22	106	0	37
 81788	29	28	54	47	22	106	0	37
 81833	29	28	54	47	22	107	0	37
 81879	29	28	54	47	22	108	0	37
 81924	29	28	54	47	22	109	0	37
 81969	29	28	54	47	22	109	0	37
 82015	29	28	54	47	22	110	0	37
 82060	29	28	54	47	22	111	0	37
 82105	29	28	54	47	22	112	0	37
 82151	29	28	54	47	22	112	0	37
 82196	29	29	55	47	22	113	0	37
 82241	28	28	54	47	22	114	0	37
 82288	29	28	54	47	22	115	0	37
 82332	28	29	54	47	22	115	0	37
 82378	28	28	54	47	22	116	0	37
 82423	28	28	54	47	22	117	0	37
 82468	29	28	54	47	22	118	0	37
 82514	29	28	54	47	22	118	0	37
 82559	29	28	54	47	22	119	0	37
 82604	28	28	54	47	22	120	0	38
 82650	29	28	54	47	22	121	0	37
 82695	29	28	54	47	22	121	0	37
 82741	29	28	54	47	22	122	0	37
 82786	29	28	54	47	22	123	0	37
 82831	29	28	54	36	23	64	0	37
 82876	29	28	54	36	23	65	0	37
 82922	28	28	54	36	23	65	0	37
 82967	29	28	54	36	23	66	0	37
 83012	29	28	54	36	23	67	0	37
 83058	29	28	54	36	23	68	0	37
 83103	29	28	54	36	23	68	0	37
 83148	29	28	54	36	23	69	0	37
 83194	28	28	54	36	23	70	0	37
 83239	28	28	54	36	23	71	0	37
 83284	29	28	54	36	23	71	0	37
 83330	28	28	54	36	23	72	0	37
 83375	29	28	54	36	23	73	0	37
 83421	29	28	54	36	23	74	0	37
 83466	29	28	54	36	23	74	0	37
 83511	28	28	54	36	23	75	0	37
 83557	28	28	54	36	23	76	0	37
 83602	29	28	54	36	23	77	0	37
 83647	28	28	54	36	23	77	0	37
 83693	28	28	54	36	23	78	0	37
 83738	28	28	54	36	23	79	0	37
 83783	28	28	54	36	23	80	0	37
 83829	29	28	54	36	23	80	0	37
 83874	28	28	54	36	23	81	0	37
 83919	28	28	54	36	23	82	0	37
 83966	28	28	54	36	23	83	0	37
 84010	28	28	54	36	23	83	0	37
 84055	28	28	54	36	23	84	0	37
 84101	29	28	54	36	23	85	0	37
 84146	28	28	54	36	23	86	0	37
 84192	28	28	54	36	23	86	0	37
 84237	28	28	54	36	23	87	0	37
 84282	29	28	54	36	23	88	0	37
 84328	28	28	54	36	23	89	0	37
 84373	29	28	54	36	23	89	0	37
 84418	29	28	54	36	23	90	0	37
 84464	28	28	54	36	23	91	0	37
 84509	29	28	54	36	23	92	0	37
 84554	28	28	54	36	23	92	0	37
 84600	28	28	54	36	23	93	0	37
 84645	28	28	54	44	23	94	0	37
 84690	28	28	54	44	23	95	0	37
 84736	28	28	55	44	23	96	0	37
 84781	29	28	54	44	23	96	0	37
 84826	28	28	54	44	23	97	0	37
 84872	28	28	54	44	23	98	0	37
 84917	28	28	54	44	23	99	0	37
 84962	28	28	54	44	23	99	0	37
 85008	29	28	54	44	23	100	0	37
 85053	28	28	54	44	23	101	0	37
 85099	28	28	54	44	23	102	0	37
 85144	28	28	54	44	23	102	0	37
 85189	28	28	54	44	23	103	0	37
 85235	29	28	54	44	23	104	0	37
 85280	28	28	54	44	23	105	0	37
 85325	28	28	54	44	23	105	0	37
 85371	28	28	54	44	23	106	0	37
 85416	29	28	54	44	23	107	0	37
 85461	28	28	53	44	23	108	0	37
 85507	28	28	54	44	23	108	0	37
 85552	28	28	54	44	23	109	0	37
 85597	28	28	54	44	23	110	0	37
 85643	28	28	54	44	23	111	0	37
 85688	28	28	54	44	23	111	0	37
 85733	28	28	54	44	23	112	0	37
 85779	28	28	54	44	23	113	0	37
 85824	28	28	54	44	23	114	0	37
 85869	28	28	54	44	23	114	0	37
 85915	28	28	54	44	23	115	0	37
 85960	28	28	54	44	23	116	0	38
 86006	28	28	54	44	23	117	0	38
 86051	28	28	54	44	23	117	0	38
 86096	28	28	54	44	23	118	0	38
 86142	28	28	54	44	23	119	0	37
 86187	28	28	54	44	23	120	0	38
 86232	28	28	54	44	23	120	0	37
 86278	28	28	54	44	23	121	0	37
 86323	28	28	54	44	23	122	0	37
 86368	28	28	54	44	23	123	0	37
