HomeCentral
 Falkenstrasse 20
 8630 Rueti
 Datum: 25.06.14 00:00
 
 Startzeit: 2014-06-25 00:00:24 +0100
 115	36	36	66	4	0	65	0	44
 160	36	36	66	4	0	66	0	44
 206	36	36	66	4	0	67	0	44
 251	36	36	65	4	0	68	0	44
 296	36	36	65	4	0	68	0	44
 342	36	36	65	4	0	69	0	44
 387	36	36	66	4	0	70	0	44
 432	36	36	66	4	0	71	0	44
 478	36	36	65	4	0	71	0	44
 523	36	36	65	4	0	72	0	44
 568	36	36	65	4	0	73	0	44
 614	36	36	66	4	0	74	0	44
 659	36	36	66	4	0	74	0	44
 704	36	36	65	4	0	75	0	44
 750	36	36	65	4	0	76	0	44
 795	36	36	65	4	0	77	0	44
 840	36	36	65	4	0	77	0	44
 886	36	36	65	4	0	78	0	44
 931	36	36	65	4	0	79	0	44
 976	36	36	65	4	0	80	0	44
 1022	36	36	65	4	0	80	0	44
 1067	36	36	65	4	0	81	0	44
 1113	36	36	65	4	0	82	0	44
 1158	36	36	65	4	0	83	0	44
 1203	36	36	65	4	0	83	0	44
 1249	36	36	65	4	0	84	0	44
 1294	36	36	65	4	0	85	0	44
 1339	36	36	65	4	0	86	0	44
 1385	36	36	65	4	0	86	0	44
 1430	36	36	65	4	0	87	0	44
 1475	36	36	65	4	0	88	0	44
 1521	36	36	65	4	0	89	0	44
 1566	36	36	65	4	0	89	0	44
 1611	36	36	65	4	0	90	0	44
 1657	36	36	65	4	0	91	0	44
 1702	36	36	65	4	0	92	0	44
 1747	36	36	65	4	0	92	0	44
 1793	36	36	65	4	0	93	0	44
 1838	36	36	65	12	0	94	0	44
 1883	36	36	65	12	0	95	0	44
 1929	36	36	65	12	0	96	0	44
 1974	36	36	65	12	0	96	0	44
 2020	36	36	65	12	0	97	0	44
 2065	36	36	65	12	0	98	0	44
 2110	36	36	65	12	0	99	0	44
 2156	36	36	65	12	0	99	0	44
 2201	36	36	65	12	0	100	0	44
 2246	36	36	65	12	0	101	0	44
 2292	36	36	65	12	0	102	0	44
 2337	36	36	65	12	0	102	0	44
 2382	36	36	65	12	0	103	0	44
 2428	36	36	64	12	0	104	0	44
 2473	36	36	65	12	0	105	0	44
 2518	36	36	64	12	0	105	0	44
 2564	36	36	64	12	0	106	0	44
 2609	36	36	65	12	0	107	0	44
 2654	36	36	64	12	0	108	0	44
 2700	36	36	65	12	0	108	0	44
 2745	36	36	65	12	0	109	0	44
 2790	36	36	65	12	0	110	0	44
 2836	36	36	65	12	0	111	0	44
 2881	36	36	65	12	0	111	0	44
 2927	36	36	65	12	0	112	0	44
 2972	36	36	64	12	0	113	0	44
 3017	36	36	64	12	0	114	0	44
 3063	36	36	64	12	0	114	0	44
 3108	36	36	64	12	0	115	0	44
 3153	36	36	64	12	0	116	0	44
 3199	36	36	64	12	0	117	0	44
 3244	36	36	64	12	0	117	0	44
 3289	36	36	64	12	0	118	0	44
 3335	36	36	64	12	0	119	0	44
 3380	36	36	64	12	0	120	0	44
 3425	36	36	64	12	0	120	0	44
 3471	36	36	64	12	0	121	0	44
 3516	36	36	64	12	0	122	0	44
 3561	36	36	64	12	0	123	0	44
 3607	36	36	64	12	0	123	0	44
 3652	36	36	64	4	1	64	0	44
 3697	36	36	64	4	1	65	0	44
 3743	36	36	64	4	1	66	0	44
 3788	36	36	64	4	1	66	0	44
 3834	36	36	64	4	1	67	0	44
 3879	36	36	64	4	1	68	0	44
 3924	36	36	64	4	1	69	0	44
 3970	36	36	64	4	1	70	0	44
 4015	36	36	64	4	1	70	0	44
 4060	36	36	64	4	1	71	0	44
 4106	36	36	64	4	1	72	0	44
 4151	36	36	64	4	1	73	0	44
 4196	36	36	64	4	1	73	0	44
 4242	36	36	64	4	1	74	0	44
 4287	36	36	64	4	1	75	0	44
 4332	36	36	64	4	1	76	0	44
 4378	36	36	64	4	1	76	0	44
 4423	36	36	64	4	1	77	0	44
 4468	36	36	64	4	1	78	0	44
 4514	36	36	64	4	1	79	0	44
 4559	36	36	64	4	1	79	0	44
 4605	36	36	64	4	1	80	0	44
 4650	36	36	64	4	1	81	0	44
 4695	36	36	64	4	1	82	0	44
 4740	36	36	64	4	1	82	0	44
 4786	36	36	64	4	1	83	0	44
 4831	36	36	64	4	1	84	0	44
 4877	36	36	65	4	1	85	0	44
 4922	36	36	64	4	1	85	0	44
 4967	35	36	64	4	1	86	0	44
 5013	36	36	64	4	1	87	0	44
 5058	36	36	64	4	1	88	0	44
 5103	36	36	64	4	1	88	0	44
 5149	36	36	64	4	1	89	0	44
 5194	36	36	64	4	1	90	0	44
 5239	36	36	64	4	1	91	0	44
 5285	36	36	64	4	1	91	0	44
 5330	36	36	64	4	1	92	0	44
 5375	36	36	64	4	1	93	0	44
 5421	36	36	64	12	1	94	0	44
 5466	36	36	64	12	1	94	0	44
 5511	36	36	64	12	1	95	0	44
 5557	36	36	64	12	1	96	0	44
 5602	36	36	64	12	1	97	0	44
 5647	36	36	64	12	1	97	0	44
 5693	36	36	64	12	1	98	0	44
 5738	36	36	64	12	1	99	0	44
 5784	36	36	64	12	1	100	0	44
 5829	36	36	64	12	1	100	0	44
 5874	36	36	64	12	1	101	0	44
 5920	36	36	64	12	1	102	0	44
 5965	36	36	63	12	1	103	0	44
 6010	36	36	64	12	1	104	0	44
 6056	36	36	64	12	1	104	0	44
 6101	36	36	64	12	1	105	0	44
 6146	36	36	64	12	1	106	0	44
 6192	36	36	63	12	1	107	0	44
 6237	36	36	63	12	1	107	0	44
 6282	36	36	63	12	1	108	0	44
 6328	36	36	63	12	1	109	0	44
 6373	36	36	62	12	1	110	0	44
 6418	36	36	62	12	1	110	0	44
 6464	36	36	63	12	1	111	0	44
 6509	36	36	63	12	1	112	0	44
 6554	36	36	63	12	1	113	0	44
 6600	36	36	63	12	1	113	0	44
 6645	36	36	63	12	1	114	0	44
 6691	36	36	63	12	1	115	0	44
 6736	36	36	63	12	1	116	0	44
 6781	36	36	63	12	1	116	0	44
 6827	36	36	63	12	1	117	0	44
 6872	36	36	63	12	1	118	0	44
 6917	36	36	63	12	1	119	0	44
 6963	36	36	63	12	1	119	0	44
 7008	36	36	63	12	1	120	0	44
 7053	36	36	63	12	1	121	0	44
 7099	36	36	63	12	1	122	0	44
 7144	36	36	63	12	1	122	0	44
 7189	36	36	63	12	1	123	0	44
 7235	36	36	63	4	2	64	0	44
 7280	36	36	63	4	2	65	0	44
 7325	36	36	63	4	2	65	0	44
 7371	36	36	64	4	2	66	0	44
 7416	36	36	63	4	2	67	0	44
 7461	36	36	63	4	2	68	0	44
 7507	36	36	63	4	2	68	0	44
 7552	36	36	63	4	2	69	0	44
 7598	36	36	63	4	2	70	0	44
 7643	36	36	63	4	2	71	0	44
 7688	36	36	63	4	2	71	0	44
 7734	36	36	63	4	2	72	0	44
 7779	36	36	63	4	2	73	0	44
 7824	36	36	63	4	2	74	0	44
 7870	36	36	63	4	2	74	0	44
 7915	36	36	63	4	2	75	0	44
 7960	36	36	63	4	2	76	0	44
 8006	36	35	63	4	2	77	0	44
 8051	36	36	63	4	2	78	0	44
 8096	36	36	63	4	2	78	0	44
 8142	36	36	63	4	2	79	0	44
 8187	35	36	63	4	2	80	0	44
 8232	36	36	63	4	2	81	0	44
 8278	36	36	63	4	2	81	0	44
 8323	36	36	63	4	2	82	0	44
 8368	36	36	63	4	2	83	0	44
 8414	36	36	63	4	2	84	0	44
 8459	36	36	63	4	2	84	0	44
 8505	36	36	63	4	2	85	0	44
 8550	36	36	63	4	2	86	0	44
 8595	36	36	63	4	2	87	0	44
 8641	36	36	63	4	2	87	0	44
 8686	36	36	63	4	2	88	0	44
 8731	36	36	63	4	2	89	0	44
 8777	36	36	63	4	2	90	0	44
 8822	36	36	63	4	2	90	0	44
 8867	36	36	63	4	2	91	0	44
 8913	36	36	63	4	2	92	0	44
 8958	36	36	63	4	2	93	0	44
 9003	36	36	63	4	2	93	0	44
 9049	36	36	63	12	2	94	0	44
 9094	36	36	63	12	2	95	0	44
 9139	35	36	63	12	2	96	0	44
 9185	36	36	63	12	2	96	0	44
 9230	36	36	63	12	2	97	0	44
 9275	36	36	63	12	2	98	0	44
 9321	36	36	63	12	2	99	0	44
 9366	36	36	63	12	2	99	0	44
 9412	36	36	63	12	2	100	0	44
 9457	36	36	63	12	2	101	0	44
 9502	36	36	63	12	2	102	0	44
 9548	36	36	63	12	2	102	0	44
 9593	36	36	63	12	2	103	0	44
 9638	36	36	63	12	2	104	0	44
 9684	36	36	63	12	2	105	0	44
 9729	36	36	63	12	2	105	0	44
 9774	36	35	63	12	2	106	0	44
 9820	36	36	63	12	2	107	0	44
 9865	36	36	63	12	2	108	0	44
 9910	36	36	63	12	2	108	0	44
 9956	36	36	63	12	2	109	0	44
 10001	36	36	63	12	2	110	0	44
 10046	35	36	63	12	2	111	0	44
 10092	36	36	64	12	2	112	0	44
 10137	36	36	63	12	2	112	0	44
 10182	36	36	63	12	2	113	0	44
 10228	36	36	63	12	2	114	0	44
 10273	36	36	63	12	2	115	0	44
 10319	35	36	63	12	2	115	0	44
 10364	36	36	63	12	2	116	0	44
 10409	35	36	63	12	2	117	0	44
 10455	36	36	63	12	2	118	0	44
 10500	36	36	63	12	2	118	0	44
 10545	36	35	63	12	2	119	0	44
 10591	36	36	63	12	2	120	0	44
 10636	36	36	63	12	2	121	0	44
 10681	36	36	64	12	2	121	0	44
 10727	36	36	64	12	2	122	0	44
 10772	36	36	64	12	2	123	0	44
 10817	35	36	63	4	3	64	0	44
 10863	36	35	64	4	3	64	0	44
 10908	36	36	63	4	3	65	0	44
 10953	36	36	63	4	3	66	0	44
 10999	36	35	63	4	3	67	0	44
 11044	36	36	63	4	3	67	0	43
 11089	35	36	63	4	3	68	0	44
 11135	36	35	63	4	3	69	0	44
 11180	36	36	63	4	3	70	0	44
 11226	36	36	63	4	3	70	0	44
 11271	36	36	63	4	3	71	0	44
 11316	36	35	63	4	3	72	0	44
 11362	36	36	63	4	3	73	0	44
 11407	36	36	63	4	3	73	0	44
 11452	35	36	63	4	3	74	0	44
 11498	35	35	63	4	3	75	0	44
 11543	36	36	63	4	3	76	0	44
 11588	35	35	63	4	3	76	0	44
 11634	35	36	63	4	3	77	0	44
 11679	35	36	63	4	3	78	0	44
 11724	36	36	63	4	3	79	0	44
 11770	36	36	63	4	3	79	0	44
 11815	35	35	63	4	3	80	0	44
 11860	36	36	63	4	3	81	0	44
 11906	36	36	63	4	3	82	0	44
 11951	35	36	63	4	3	83	0	44
 11996	36	35	63	4	3	83	0	44
 12042	36	36	63	4	3	84	0	44
 12087	36	36	63	4	3	85	0	44
 12133	36	36	63	4	3	86	0	44
 12178	36	36	62	4	3	86	0	43
 12223	36	36	63	4	3	87	0	44
 12269	35	35	63	4	3	88	0	44
 12314	36	36	62	4	3	89	0	44
 12359	36	35	62	4	3	89	0	44
 12405	36	36	63	4	3	90	0	44
 12450	35	36	62	4	3	91	0	43
 12495	36	35	62	4	3	92	0	43
 12541	35	36	62	4	3	92	0	43
 12586	36	35	62	4	3	93	0	43
 12631	36	36	62	12	3	94	0	43
 12677	35	35	63	12	3	95	0	44
 12722	36	36	62	12	3	95	0	43
 12767	36	35	62	12	3	96	0	44
 12813	35	35	62	12	3	97	0	44
 12858	36	35	62	12	3	98	0	43
 12903	35	36	63	12	3	98	0	44
 12949	36	35	62	12	3	99	0	44
 12994	35	36	62	12	3	100	0	43
 13039	35	35	62	12	3	101	0	43
 13085	35	36	62	12	3	101	0	43
 13130	35	36	63	12	3	102	0	44
 13176	36	36	63	12	3	103	0	43
 13221	36	36	63	12	3	104	0	43
 13266	35	35	63	12	3	104	0	43
 13312	35	35	63	12	3	105	0	43
 13357	35	36	63	12	3	106	0	43
 13402	36	36	63	12	3	107	0	43
 13448	36	36	62	12	3	107	0	43
 13493	35	35	62	12	3	108	0	43
 13538	36	36	62	12	3	109	0	43
 13584	36	36	62	12	3	110	0	43
 13629	35	36	62	12	3	110	0	43
 13674	36	36	62	12	3	111	0	43
 13720	36	35	62	12	3	112	0	43
 13765	36	35	62	12	3	113	0	43
 13810	35	35	62	12	3	113	0	43
 13856	36	35	62	12	3	114	0	43
 13901	35	35	62	12	3	115	0	43
 13946	35	36	62	12	3	116	0	43
 13992	35	35	62	12	3	117	0	43
 14037	36	35	62	12	3	117	0	43
 14083	35	36	62	12	3	118	0	43
 14128	35	36	62	12	3	119	0	43
 14173	35	35	62	12	3	120	0	43
 14219	35	36	62	12	3	120	0	43
 14264	35	35	62	12	3	121	0	43
 14309	35	35	62	12	3	122	0	43
 14355	35	36	62	12	3	123	0	43
 14401	35	35	62	12	3	123	0	43
 14445	35	35	62	4	4	64	0	43
 14491	35	35	62	4	4	65	0	43
 14536	35	36	62	4	4	66	0	43
 14581	35	36	62	4	4	66	0	43
 14627	35	35	62	4	4	67	0	43
 14672	35	35	62	4	4	68	0	43
 14717	35	35	62	4	4	69	0	43
 14763	35	36	62	4	4	69	0	43
 14808	35	35	62	4	4	70	0	43
 14853	35	36	62	4	4	71	0	43
 14899	35	35	62	4	4	72	0	43
 14944	36	35	62	4	4	72	0	43
 14990	36	35	62	4	4	73	0	43
 15035	35	35	62	4	4	74	0	43
 15080	35	35	62	4	4	75	0	43
 15126	35	35	62	4	4	75	0	43
 15171	35	35	62	4	4	76	0	43
 15216	35	35	62	4	4	77	0	43
 15262	35	35	62	4	4	78	0	43
 15307	35	35	62	4	4	78	0	43
 15352	35	36	62	4	4	79	0	43
 15398	35	35	62	4	4	80	0	43
 15443	35	35	62	4	4	81	0	43
 15488	35	35	62	4	4	81	0	43
 15534	36	35	62	4	4	82	0	43
 15579	35	35	62	4	4	83	0	43
 15625	35	35	62	4	4	84	0	43
 15670	35	35	62	4	4	84	0	43
 15715	35	36	62	4	4	85	0	43
 15760	35	35	62	4	4	86	0	43
 15806	35	36	62	4	4	87	0	43
 15851	35	35	62	4	4	87	0	43
 15897	35	35	62	4	4	88	0	43
 15942	35	35	62	4	4	89	0	43
 15987	35	35	62	4	4	90	0	43
 16033	35	35	62	4	4	91	0	43
 16078	35	35	62	4	4	91	0	43
 16123	35	35	62	4	4	92	0	43
 16169	35	35	62	4	4	93	0	43
 16214	35	35	62	12	4	94	0	43
 16259	35	35	62	12	4	94	0	43
 16305	35	35	62	12	4	95	0	43
 16350	35	35	62	12	4	96	0	43
 16395	35	35	62	12	4	97	0	43
 16441	35	36	62	12	4	97	0	43
 16486	35	35	62	12	4	98	0	43
 16531	35	35	62	12	4	99	0	43
 16577	35	35	62	12	4	100	0	43
 16622	35	35	62	12	4	100	0	43
 16667	35	35	62	12	4	101	0	43
 16713	35	35	61	12	4	102	0	43
 16758	35	35	61	12	4	103	0	43
 16804	35	35	61	12	4	103	0	43
 16849	35	35	61	12	4	104	0	43
 16894	35	35	61	12	4	105	0	43
 16940	35	35	61	12	4	106	0	43
 16985	35	35	61	12	4	106	0	43
 17030	35	35	62	12	4	107	0	43
 17076	35	35	61	12	4	108	0	43
 17121	35	35	61	12	4	109	0	43
 17166	35	35	61	12	4	109	0	43
 17212	35	35	62	12	4	110	0	43
 17257	35	35	62	12	4	111	0	43
 17302	35	35	61	12	4	112	0	43
 17348	35	35	62	12	4	112	0	43
 17393	35	35	62	12	4	113	0	43
 17438	35	35	62	12	4	114	0	43
 17484	35	35	62	12	4	115	0	43
 17529	35	35	61	12	4	115	0	43
 17574	35	35	61	12	4	116	0	43
 17620	35	35	61	12	4	117	0	43
 17665	35	35	62	12	4	118	0	43
 17711	35	35	62	12	4	118	0	43
 17756	35	35	61	12	4	119	0	43
 17801	35	35	62	12	4	120	0	43
 17847	35	35	62	12	4	121	0	43
 17892	35	35	62	12	4	121	0	43
 17937	35	35	61	12	4	122	0	43
 17983	35	35	62	12	4	123	0	43
 18028	35	35	62	4	5	64	0	43
 18073	35	35	61	4	5	65	0	43
 18119	35	35	61	4	5	65	0	43
 18164	35	35	61	4	5	66	0	43
 18209	35	35	61	4	5	67	0	43
 18255	35	35	61	4	5	68	0	43
 18300	35	35	61	4	5	68	0	43
 18345	35	35	61	4	5	69	0	43
 18391	35	35	61	4	5	70	0	43
 18436	35	35	61	4	5	71	0	43
 18481	35	35	61	4	5	71	0	43
 18527	35	35	61	4	5	72	0	43
 18572	35	35	61	4	5	73	0	43
 18618	35	35	61	4	5	74	0	43
 18663	35	35	61	4	5	74	0	43
 18708	35	35	61	4	5	75	0	43
 18754	35	35	61	4	5	76	0	43
 18799	35	35	61	4	5	77	0	43
 18844	35	35	61	4	5	77	0	43
 18890	35	35	61	4	5	78	0	43
 18935	35	35	61	4	5	79	0	43
 18980	35	35	61	4	5	80	0	43
 19026	35	35	61	4	5	80	0	43
 19071	35	35	61	4	5	81	0	43
 19116	35	35	61	4	5	82	0	43
 19162	35	35	61	4	5	83	0	43
 19207	35	35	61	4	5	83	0	43
 19252	35	35	61	4	5	84	0	43
 19298	35	35	61	4	5	85	0	43
 19343	35	35	61	4	5	86	0	43
 19388	35	35	61	4	5	86	0	43
 19434	35	35	61	4	5	87	0	43
 19479	35	35	61	4	5	88	0	43
 19525	35	35	61	4	5	89	0	43
 19570	35	35	61	4	5	89	0	43
 19615	35	35	61	4	5	90	0	43
 19661	35	35	61	4	5	91	0	43
 19706	35	35	61	4	5	92	0	43
 19751	35	35	61	4	5	92	0	43
 19797	35	35	61	4	5	93	0	43
 19842	35	35	61	12	5	94	0	43
 19887	35	35	61	12	5	95	0	43
 19933	35	35	61	12	5	96	0	43
 19978	35	35	61	12	5	96	0	43
 20023	35	35	61	12	5	97	0	43
 20069	35	35	61	12	5	98	0	43
 20114	35	35	60	12	5	99	0	43
 20161	35	35	61	12	5	99	0	43
 20205	35	35	60	12	5	100	0	43
 20250	35	35	60	12	5	101	0	43
 20295	35	35	60	12	5	102	0	43
 20341	35	35	61	12	5	102	0	43
 20386	35	35	61	12	5	103	0	43
 20432	35	35	61	12	5	104	0	43
 20477	35	35	60	12	5	105	0	43
 20522	35	35	61	12	5	105	0	43
 20568	35	35	61	12	5	106	0	43
 20613	35	35	61	12	5	107	0	43
 20658	35	35	61	12	5	108	0	43
 20704	35	35	60	12	5	108	0	43
 20749	35	35	60	12	5	109	0	43
 20794	35	35	60	12	5	110	0	43
 20840	35	35	61	12	5	111	0	43
 20885	35	35	61	12	5	111	0	43
 20930	35	35	61	12	5	112	0	43
 20976	35	35	61	12	5	113	0	43
 21021	35	35	61	12	5	114	0	43
 21066	35	35	61	12	5	114	0	43
 21112	35	35	61	12	5	115	0	43
 21157	35	35	61	12	5	116	0	43
 21202	35	35	61	12	5	117	0	43
 21248	35	35	60	12	5	117	0	43
 21293	35	35	61	12	5	118	0	43
 21338	35	35	60	12	5	119	0	43
 21384	35	35	61	12	5	120	0	43
 21429	35	35	61	12	5	120	0	43
 21475	35	35	61	12	5	121	0	43
 21520	35	35	60	12	5	122	0	43
 21565	35	35	60	12	5	123	0	43
 21611	35	35	60	12	5	123	0	43
 21656	35	35	60	4	6	64	0	43
 21701	35	35	60	4	6	65	0	43
 21747	35	35	61	4	6	66	0	43
 21792	35	35	60	4	6	66	0	43
 21837	35	35	60	4	6	67	0	43
 21883	35	35	60	4	6	68	0	43
 21928	35	35	61	4	6	69	0	43
 21973	35	35	60	4	6	70	0	43
 22019	35	35	60	4	6	70	0	43
 22064	35	35	60	4	6	71	0	43
 22109	35	35	60	4	6	72	0	43
 22155	35	35	61	4	6	73	0	43
 22200	35	35	60	4	6	73	0	43
 22245	35	35	60	4	6	74	0	43
 22291	35	35	60	4	6	75	0	43
 22336	35	35	60	4	6	76	0	43
 22382	35	35	60	4	6	76	0	43
 22427	35	35	60	4	6	77	0	43
 22472	35	35	61	4	6	78	0	43
 22518	35	35	60	4	6	79	0	43
 22563	35	35	60	4	6	79	0	43
 22608	35	35	60	4	6	80	0	43
 22654	35	35	61	4	6	81	0	43
 22699	35	35	60	4	6	82	0	43
 22744	35	35	60	4	6	82	0	43
 22790	35	35	60	4	6	83	0	43
 22835	35	35	60	4	6	84	0	43
 22880	35	35	60	4	6	85	0	43
 22926	35	35	60	4	6	85	0	43
 22971	35	35	60	4	6	86	0	43
 23017	35	35	60	4	6	87	0	43
 23062	35	35	60	4	6	88	0	43
 23107	35	35	60	4	6	88	0	43
 23152	35	35	60	4	6	89	0	43
 23198	35	35	60	4	6	90	0	43
 23243	35	35	60	4	6	91	0	43
 23289	35	35	60	4	6	91	0	43
 23334	35	35	61	4	6	92	0	43
 23379	35	35	60	4	6	93	0	43
 23425	35	35	60	12	6	94	0	43
 23470	35	35	60	12	6	94	0	43
 23515	35	35	60	12	6	95	0	43
 23561	35	35	60	12	6	96	0	43
 23606	35	35	60	12	6	97	0	43
 23652	35	35	59	12	6	97	0	43
 23697	35	35	59	12	6	98	0	43
 23742	35	35	59	12	6	99	0	43
 23787	35	35	60	12	6	100	0	43
 23833	35	35	60	12	6	100	0	43
 23878	35	35	59	12	6	101	0	43
 23923	35	35	60	12	6	102	0	43
 23969	35	35	60	12	6	103	0	43
 24014	35	35	60	12	6	104	0	43
 24059	35	35	60	12	6	104	0	43
 24105	35	35	60	12	6	105	0	43
 24150	35	35	60	12	6	106	0	43
 24196	35	35	60	12	6	107	0	43
 24241	35	35	60	12	6	107	0	43
 24286	35	35	60	12	6	108	0	43
 24332	35	35	60	12	6	109	0	43
 24377	35	35	60	12	6	110	0	43
 24422	35	35	60	12	6	110	0	43
 24468	35	35	60	12	6	111	0	43
 24513	35	35	60	12	6	112	0	43
 24558	35	35	60	12	6	113	0	43
 24604	35	35	60	12	6	113	0	43
 24649	35	35	60	12	6	114	0	43
 24694	35	35	60	12	6	115	0	43
 24740	35	35	59	12	6	116	0	43
 24785	35	35	60	12	6	116	0	43
 24830	35	35	60	12	6	117	0	43
 24876	35	35	59	12	6	118	0	43
 24921	35	35	60	12	6	119	0	43
 24966	35	35	60	12	6	119	0	43
 25012	35	35	60	12	6	120	0	43
 25057	35	35	59	12	6	121	0	43
 25103	35	35	60	12	6	122	0	43
 25148	35	35	60	12	6	122	0	43
 25193	35	35	60	12	6	123	0	43
 25239	35	35	60	4	7	64	0	43
 25284	35	35	60	4	7	65	0	43
 25329	35	35	60	4	7	65	0	43
 25375	35	35	60	4	7	66	0	43
 25420	35	35	60	4	7	67	0	43
 25465	35	35	60	4	7	68	0	43
 25511	35	35	60	4	7	68	0	43
 25556	35	35	60	4	7	69	0	43
 25601	35	35	60	4	7	70	0	43
 25647	35	35	60	4	7	71	0	43
 25692	35	35	60	4	7	71	0	43
 25737	35	35	60	4	7	72	0	43
 25783	35	35	60	4	7	73	0	43
 25828	35	35	60	4	7	74	0	43
 25873	35	35	61	4	7	74	0	43
 25919	35	35	60	4	7	75	0	43
 25964	35	35	61	4	7	76	0	43
 26010	35	35	60	4	7	77	0	43
 26055	35	35	61	4	7	78	0	43
 26100	35	35	60	4	7	78	0	43
 26146	35	35	61	4	7	79	0	43
 26191	35	35	61	4	7	80	0	43
 26236	35	35	60	4	7	81	0	43
 26282	35	35	61	4	7	81	0	43
 26327	35	35	61	4	7	82	0	43
 26372	35	35	60	4	7	83	0	43
 26418	35	35	61	4	7	84	0	43
 26463	35	35	60	4	7	84	0	43
 26508	35	35	60	4	7	85	0	43
 26554	35	35	60	4	7	86	0	43
 26599	35	35	60	4	7	87	0	43
 26644	35	35	60	4	7	87	0	43
 26690	35	35	61	4	7	88	0	43
 26735	35	35	60	4	7	89	0	43
 26780	35	35	60	4	7	90	0	43
 26826	35	35	60	4	7	90	0	43
 26871	35	35	60	4	7	91	0	43
 26917	35	35	61	4	7	92	0	43
 26962	35	35	61	4	7	93	0	43
 27007	35	35	61	4	7	93	0	43
 27053	35	35	61	12	7	94	0	43
 27098	35	35	61	12	7	95	0	43
 27143	35	35	61	12	7	96	0	43
 27189	35	35	61	12	7	96	0	43
 27234	35	35	61	12	7	97	0	43
 27279	35	35	61	12	7	98	0	43
 27325	35	35	61	12	7	99	0	43
 27370	35	35	61	12	7	99	0	43
 27415	35	35	61	12	7	100	0	43
 27461	35	35	61	12	7	101	0	43
 27506	35	35	61	12	7	102	0	43
 27551	35	35	61	12	7	102	0	43
 27597	35	35	61	12	7	103	0	43
 27642	35	35	61	12	7	104	0	43
 27687	35	35	61	12	7	105	0	43
 27733	35	35	61	12	7	105	0	43
 27778	34	35	61	12	7	106	0	43
 27824	35	35	61	12	7	107	0	43
 27869	35	35	61	12	7	108	0	43
 27914	35	35	61	12	7	108	0	43
 27960	35	35	61	12	7	109	0	43
 28005	35	35	61	12	7	110	0	43
 28050	35	35	61	12	7	111	0	43
 28096	35	35	61	12	7	112	0	43
 28141	35	34	61	12	7	112	0	43
 28186	35	35	61	12	7	113	0	43
 28232	35	35	61	12	7	114	0	43
 28277	35	35	61	12	7	115	0	43
 28322	35	35	61	12	7	115	0	43
 28368	35	35	61	12	7	116	0	43
 28413	35	35	61	12	7	117	0	43
 28458	35	35	61	12	7	118	0	43
 28504	35	35	61	12	7	118	0	43
 28549	35	35	61	12	7	119	0	43
 28594	35	35	61	12	7	120	0	43
 28640	35	35	61	12	7	121	0	43
 28685	35	35	61	12	7	121	0	43
 28731	35	35	61	12	7	122	0	43
 28776	35	35	61	12	7	123	0	43
 28821	35	35	61	4	8	64	0	43
 28867	35	35	61	4	8	64	0	43
 28912	35	35	61	4	8	65	0	43
 28957	35	35	61	4	8	66	0	43
 29003	35	35	61	4	8	67	0	43
 29048	35	35	61	4	8	67	0	43
 29093	35	35	61	4	8	68	0	43
 29139	35	35	61	4	8	69	0	43
 29184	35	35	61	4	8	70	0	43
 29229	35	35	61	4	8	70	0	43
 29275	35	35	61	4	8	71	0	43
 29320	35	35	61	4	8	72	0	43
 29365	35	35	62	4	8	73	0	43
 29411	35	35	61	4	8	73	0	43
 29456	35	35	62	4	8	74	0	43
 29501	35	35	62	4	8	75	0	43
 29547	35	35	62	4	8	76	0	43
 29592	35	35	62	4	8	76	0	43
 29640	35	35	62	4	8	77	0	43
 29683	35	35	62	4	8	78	0	43
 29728	35	35	62	4	8	79	0	43
 29774	35	35	62	4	8	79	0	43
 29819	35	35	62	4	8	80	0	43
 29864	35	35	62	4	8	81	0	43
 29910	35	35	62	4	8	82	0	43
 29955	35	35	62	4	8	83	0	43
 30001	35	35	62	4	8	83	0	43
 30046	35	35	62	4	8	84	0	43
 30091	35	35	62	4	8	85	0	43
 30136	35	35	62	4	8	86	0	43
 30182	35	35	62	4	8	86	0	43
 30227	35	35	62	4	8	87	0	43
 30272	35	35	62	4	8	88	0	43
 30318	35	35	62	4	8	89	0	43
 30363	35	35	62	4	8	89	0	43
 30408	35	35	62	4	8	90	0	43
 30454	35	35	62	4	8	91	0	43
 30499	35	35	62	4	8	92	0	43
 30545	35	35	62	4	8	92	0	43
 30590	35	35	62	4	8	93	0	44
 30635	35	35	62	12	8	94	0	43
 30681	35	35	62	12	8	95	0	44
 30726	35	35	62	12	8	95	0	43
 30771	35	35	62	12	8	96	0	43
 30817	35	35	62	12	8	97	0	44
 30862	35	35	62	12	8	98	0	43
 30907	35	35	62	12	8	98	0	44
 30953	35	35	62	12	8	99	0	44
 30998	35	35	62	12	8	100	0	44
 31043	35	35	62	12	8	101	0	43
 31089	35	35	62	12	8	101	0	44
 31134	35	35	63	12	8	102	0	44
 31179	35	35	63	12	8	103	0	44
 31225	35	35	62	12	8	104	0	44
 31270	35	35	63	12	8	104	0	44
 31315	35	35	63	12	8	105	0	44
 31361	35	35	63	12	8	106	0	44
 31406	35	35	63	12	8	107	0	44
 31451	35	35	63	12	8	107	0	44
 31497	35	35	63	12	8	108	0	44
 31542	35	35	63	12	8	109	0	44
 31588	35	35	63	12	8	110	0	44
 31633	35	35	63	12	8	110	0	44
 31678	35	35	63	12	8	111	0	44
 31724	35	35	63	12	8	112	0	44
 31769	35	35	63	12	8	113	0	44
 31814	35	35	63	12	8	113	0	44
 31860	35	35	63	12	8	114	0	44
 31905	35	35	63	12	8	115	0	44
 31950	35	35	63	12	8	116	0	44
 31996	35	35	63	12	8	117	0	44
 32041	35	35	63	12	8	117	0	44
 32086	35	35	63	12	8	118	0	44
 32132	35	35	63	12	8	119	0	44
 32177	35	35	63	12	8	120	0	44
 32222	35	35	63	12	8	120	0	44
 32268	35	35	63	12	8	121	0	44
 32313	35	35	63	12	8	122	0	44
 32358	35	35	63	12	8	123	0	44
 32405	35	35	63	12	8	123	0	44
 32449	35	35	63	4	9	64	0	43
 32495	35	35	63	4	9	65	0	42
 32540	35	35	63	4	9	66	0	42
 32585	35	35	63	4	9	66	0	41
 32631	35	35	63	4	9	67	0	40
 32676	35	35	63	4	9	68	0	40
 32721	35	35	63	4	9	69	0	40
 32767	35	35	63	4	9	69	0	40
 32812	35	35	64	4	9	70	0	40
 32857	35	35	64	4	9	71	0	40
 32903	35	35	63	4	9	72	0	40
 32948	35	35	63	4	9	72	0	40
 32993	35	35	63	4	9	73	0	40
 33039	35	35	63	4	9	74	0	40
 33085	35	35	63	4	9	75	0	40
 33129	35	35	63	4	9	75	0	40
 33175	35	35	63	4	9	76	0	40
 33220	35	35	63	4	9	77	0	40
 33265	35	35	63	4	9	78	0	40
 33311	35	35	63	4	9	78	0	39
 33356	35	35	63	4	9	79	0	40
 33402	35	35	63	4	9	80	0	40
 33447	35	35	63	4	9	81	0	40
 33494	35	35	63	4	9	81	0	40
 33538	35	35	63	4	9	82	0	40
 33583	35	35	63	4	9	83	0	40
 33628	35	35	64	4	9	84	0	40
 33674	35	35	63	4	9	84	0	40
 33719	35	35	63	4	9	85	0	40
 33764	35	35	64	4	9	86	0	40
 33810	35	35	64	4	9	87	0	40
 33855	35	35	64	4	9	87	0	40
 33900	35	35	64	4	9	88	0	40
 33946	35	35	64	4	9	89	0	40
 33991	35	35	64	4	9	90	0	40
 34036	35	35	64	4	9	91	0	40
 34082	35	35	64	4	9	91	0	40
 34127	35	35	64	4	9	92	0	40
 34172	35	35	64	4	9	93	0	40
 34218	35	35	64	12	9	94	0	40
 34263	35	35	64	12	9	94	0	40
 34309	35	35	64	12	9	95	0	40
 34354	35	35	64	12	9	96	0	40
 34399	35	35	64	12	9	97	0	40
 34445	35	35	64	12	9	97	0	40
 34490	35	35	65	12	9	98	0	40
 34535	35	35	64	12	9	99	0	40
 34581	35	35	65	12	9	100	0	40
 34626	35	35	64	12	9	100	0	40
 34671	35	35	64	12	9	101	0	40
 34717	35	36	65	12	9	102	0	40
 34762	35	35	65	12	9	103	0	40
 34807	35	35	65	12	9	104	0	40
 34853	35	35	65	12	9	104	0	40
 34898	35	35	65	12	9	105	0	40
 34943	35	35	65	12	9	106	0	40
 34989	35	35	65	12	9	107	0	40
 35034	35	35	65	12	9	107	0	40
 35079	35	35	65	12	9	108	0	40
 35125	35	35	65	12	9	109	0	40
 35170	35	35	65	12	9	110	0	40
 35216	35	35	65	12	9	110	0	40
 35261	35	35	65	12	9	111	0	40
 35306	35	35	65	12	9	112	0	40
 35352	35	35	65	12	9	113	0	40
 35397	35	35	65	12	9	113	0	40
 35442	35	35	65	12	9	114	0	40
 35488	35	35	65	12	9	115	0	40
 35533	35	35	65	12	9	116	0	40
 35578	35	35	65	12	9	116	0	40
 35624	35	35	65	12	9	117	0	40
 35669	35	35	64	12	9	118	0	40
 35714	35	35	64	12	9	119	0	40
 35760	35	35	65	12	9	119	0	40
 35805	35	35	64	12	9	120	0	40
 35850	35	35	64	12	9	121	0	40
 35896	35	35	64	12	9	122	0	40
 35941	35	35	65	12	9	122	0	40
 35987	35	35	65	12	9	123	0	40
 36032	35	35	65	4	10	64	0	40
 36077	35	35	65	4	10	65	0	40
 36123	35	35	65	4	10	65	0	40
 36168	35	35	65	4	10	66	0	40
 36213	35	35	65	4	10	67	0	40
 36259	35	35	65	4	10	68	0	40
 36304	35	35	65	4	10	68	0	40
 36349	35	35	65	4	10	69	0	40
 36395	35	35	65	4	10	70	0	40
 36440	35	35	65	4	10	71	0	40
 36485	35	35	65	4	10	71	0	40
 36531	35	35	65	4	10	72	0	40
 36576	35	35	65	4	10	73	0	40
 36621	35	35	65	4	10	74	0	40
 36667	35	35	65	4	10	74	0	40
 36712	35	35	65	4	10	75	0	41
 36758	35	35	65	4	10	76	0	41
 36803	35	35	65	4	10	77	0	40
 36848	35	35	65	4	10	78	0	40
 36894	35	35	65	4	10	78	0	41
 36939	35	35	65	4	10	79	0	41
 36984	35	35	65	4	10	80	0	41
 37030	35	35	65	4	10	81	0	41
 37075	35	35	65	4	10	81	0	40
 37120	35	35	65	4	10	82	0	40
 37166	35	35	66	4	10	83	0	40
 37211	35	35	65	4	10	84	0	40
 37256	35	35	66	4	10	84	0	40
 37302	35	35	65	4	10	85	0	40
 37347	35	35	65	4	10	86	0	40
 37392	35	35	65	4	10	87	0	40
 37438	35	35	65	4	10	87	0	40
 37483	35	35	65	4	10	88	0	40
 37529	35	35	66	4	10	89	0	40
 37574	35	35	65	4	10	90	0	40
 37619	35	35	65	4	10	90	0	40
 37665	35	35	65	4	10	91	0	40
 37710	35	35	65	4	10	92	0	40
 37755	35	35	65	4	10	93	0	40
 37801	35	35	65	4	10	93	0	40
 37846	35	35	65	12	10	94	0	40
 37891	35	35	65	12	10	95	0	40
 37937	35	35	65	12	10	96	0	40
 37982	35	35	65	12	10	96	0	40
 38027	35	35	65	12	10	97	0	40
 38073	35	35	65	12	10	98	0	40
 38118	35	35	66	12	10	99	0	40
 38163	35	35	65	12	10	99	0	40
 38209	35	35	65	12	10	100	0	40
 38254	35	35	65	12	10	101	0	40
 38299	35	35	65	12	10	102	0	40
 38345	35	35	65	12	10	102	0	40
 38390	35	35	65	12	10	103	0	40
 38436	35	35	65	12	10	104	0	40
 38481	35	35	65	12	10	105	0	40
 38526	35	35	65	12	10	105	0	40
 38572	35	35	65	12	10	106	0	40
 38617	35	35	65	12	10	107	0	40
 38662	35	35	65	12	10	108	0	39
 38708	35	35	65	12	10	108	0	39
 38753	35	35	65	12	10	109	0	39
 38798	35	35	65	12	10	110	0	40
 38844	35	35	65	12	10	111	0	40
 38889	35	35	65	12	10	112	0	40
 38934	35	35	65	12	10	112	0	40
 38980	35	35	65	12	10	113	0	40
 39025	35	35	65	12	10	114	0	39
 39070	35	35	65	12	10	115	0	39
 39116	35	35	65	12	10	115	0	40
 39161	35	35	65	12	10	116	0	40
 39207	35	35	65	12	10	117	0	40
 39252	35	35	65	12	10	118	0	39
 39297	35	35	65	12	10	118	0	40
 39343	35	35	65	12	10	119	0	40
 39388	35	35	65	12	10	120	0	40
 39433	35	35	65	12	10	121	0	40
 39479	35	35	65	12	10	121	0	40
 39524	35	35	65	12	10	122	0	40
 39569	35	35	65	12	10	123	0	40
 39615	35	35	65	36	11	64	0	40
 39660	35	35	65	36	11	64	0	40
 39705	35	35	65	36	11	65	0	40
 39751	35	35	65	36	11	66	0	40
 39796	35	35	65	36	11	67	0	40
 39841	35	35	65	36	11	67	0	40
 39887	35	35	65	36	11	68	0	40
 39932	35	35	65	36	11	69	0	40
 39978	35	35	66	36	11	70	0	40
 40023	35	35	65	36	11	70	0	40
 40068	35	35	66	36	11	71	0	40
 40114	35	35	65	36	11	72	0	40
 40159	35	35	65	36	11	73	0	40
 40204	35	35	65	36	11	73	0	40
 40250	35	35	66	36	11	74	0	40
 40295	35	35	65	36	11	75	0	40
 40340	35	35	66	36	11	76	0	40
 40386	35	35	66	36	11	76	0	40
 40431	35	35	65	36	11	77	0	40
 40478	35	35	66	36	11	78	0	40
 40522	35	35	65	36	11	79	0	40
 40567	35	35	66	36	11	79	0	40
 40612	35	35	66	36	11	80	0	40
 40658	35	35	65	36	11	81	0	41
 40703	35	35	66	36	11	82	0	41
 40748	35	35	66	36	11	83	0	41
 40794	35	35	66	36	11	83	0	41
 40839	35	35	66	36	11	84	0	41
 40885	35	35	66	36	11	85	0	41
 40930	35	35	66	36	11	86	0	42
 40975	35	35	66	36	11	86	0	42
 41021	36	35	66	36	11	87	0	42
 41066	35	35	66	36	11	88	0	42
 41111	35	35	66	36	11	89	0	42
 41157	35	35	66	36	11	89	0	42
 41202	35	35	66	36	11	90	0	42
 41247	35	35	66	36	11	91	0	42
 41293	35	35	66	36	11	92	0	42
 41338	35	35	66	36	11	92	0	42
 41383	35	35	66	36	11	93	0	42
 41429	35	35	66	44	11	94	0	42
 41474	35	35	66	44	11	95	0	42
 41519	35	35	66	44	11	95	0	42
 41565	35	35	66	44	11	96	0	42
 41610	35	35	66	44	11	97	0	42
 41656	35	35	66	44	11	98	0	42
 41701	35	35	66	44	11	98	0	42
 41746	35	35	66	44	11	99	0	42
 41792	35	35	66	44	11	100	0	42
 41837	35	35	66	44	11	101	0	42
 41882	35	35	66	44	11	101	0	42
 41928	35	35	67	44	11	102	0	42
 41973	35	35	67	44	11	103	0	42
 42018	35	35	67	44	11	104	0	42
 42064	35	35	67	44	11	104	0	42
 42109	35	35	66	44	11	105	0	42
 42154	35	35	67	44	11	106	0	42
 42200	35	35	66	44	11	107	0	42
 42245	36	35	67	44	11	107	0	42
 42290	35	35	67	44	11	108	0	42
 42336	35	35	67	44	11	109	0	42
 42381	35	35	67	44	11	110	0	42
 42427	35	35	67	44	11	110	0	42
 42472	35	35	67	44	11	111	0	42
 42517	35	35	67	44	11	112	0	42
 42563	35	35	67	44	11	113	0	42
 42608	35	35	67	44	11	113	0	43
 42653	35	35	67	44	11	114	0	42
 42699	35	36	67	44	11	115	0	42
 42744	35	35	67	44	11	116	0	43
 42789	36	35	67	44	11	117	0	43
 42835	35	35	67	44	11	117	0	43
 42880	35	35	67	44	11	118	0	43
 42925	35	35	67	44	11	119	0	43
 42971	35	35	67	44	11	120	0	43
 43016	35	35	67	44	11	120	0	43
 43061	35	35	67	44	11	121	0	43
 43107	35	35	67	44	11	122	0	43
 43152	35	35	67	44	11	123	0	43
 43198	35	36	68	44	11	123	0	43
 43243	35	35	68	36	12	64	0	43
 43288	35	35	68	36	12	65	0	43
 43334	35	35	68	36	12	66	0	43
 43379	35	35	68	36	12	66	0	43
 43424	35	36	68	36	12	67	0	43
 43470	35	35	68	36	12	68	0	43
 43515	35	35	68	36	12	69	0	43
 43560	35	36	68	36	12	69	0	43
 43606	35	35	68	36	12	70	0	43
 43651	35	35	69	36	12	71	0	43
 43696	35	35	69	36	12	72	0	43
 43742	35	36	69	36	12	72	0	43
 43787	36	36	69	36	12	73	0	43
 43832	36	36	69	36	12	74	0	43
 43878	36	35	69	36	12	75	0	43
 43923	35	35	69	36	12	75	0	43
 43968	35	35	69	36	12	76	0	43
 44014	35	36	69	36	12	77	0	43
 44059	35	35	69	36	12	78	0	43
 44105	35	36	70	36	12	78	0	43
 44150	36	35	70	36	12	79	0	43
 44195	36	35	70	36	12	80	0	43
 44241	36	36	70	36	12	81	0	43
 44286	36	36	70	36	12	81	0	43
 44331	36	36	70	36	12	82	0	43
 44377	36	35	70	36	12	83	0	43
 44422	36	35	70	36	12	84	0	43
 44467	35	35	70	36	12	84	0	43
 44513	36	36	70	36	12	85	0	43
 44558	35	35	70	36	12	86	0	43
 44603	36	36	70	36	12	87	0	43
 44649	36	35	70	36	12	87	0	43
 44694	35	36	71	36	12	88	0	43
 44739	35	35	71	36	12	89	0	43
 44785	36	35	71	36	12	90	0	43
 44830	36	36	70	36	12	91	0	43
 44876	36	36	70	36	12	91	0	43
 44921	36	36	70	36	12	92	0	43
 44966	36	36	70	36	12	93	0	43
 45012	36	36	70	44	12	94	0	43
 45057	36	36	71	44	12	94	0	43
 45102	36	36	71	44	12	95	0	43
 45148	36	36	71	44	12	96	0	43
 45193	36	36	71	44	12	97	0	43
 45238	36	36	71	44	12	97	0	43
 45284	36	35	71	44	12	98	0	43
 45329	36	36	72	44	12	99	0	43
 45374	36	36	71	44	12	100	0	43
 45420	36	36	72	44	12	100	0	43
 45465	36	36	71	44	12	101	0	43
 45510	36	36	71	44	12	102	0	43
 45556	36	36	71	44	12	103	0	43
 45601	35	36	71	44	12	103	0	43
 45647	36	36	72	44	12	104	0	43
 45692	36	36	72	44	12	105	0	43
 45737	36	36	72	44	12	106	0	43
 45783	36	36	72	44	12	106	0	43
 45828	36	36	72	44	12	107	0	43
 45873	36	36	72	44	12	108	0	43
 45919	36	36	72	44	12	109	0	43
 45964	36	36	72	44	12	109	0	43
 46009	36	36	72	44	12	110	0	43
 46055	36	36	72	44	12	111	0	43
 46100	36	36	72	44	12	112	0	43
 46145	36	36	72	44	12	112	0	43
 46191	36	36	72	44	12	113	0	43
 46236	36	36	72	44	12	114	0	43
 46281	36	36	72	44	12	115	0	43
 46327	36	36	72	44	12	115	0	43
 46372	36	36	72	44	12	116	0	43
 46418	36	36	73	44	12	117	0	43
 46463	36	36	73	44	12	118	0	43
 46508	36	36	73	44	12	118	0	43
 46554	36	36	72	44	12	119	0	43
 46599	35	36	72	44	12	120	0	43
 46644	36	36	73	44	12	121	0	43
 46690	36	36	72	44	12	121	0	43
 46735	36	36	72	44	12	122	0	43
 46780	36	36	72	44	12	123	0	43
 46826	36	36	72	36	13	64	0	43
 46871	36	36	73	36	13	65	0	43
 46916	36	36	72	36	13	65	0	43
 46962	36	36	72	36	13	66	0	43
 47007	36	36	72	36	13	67	0	43
 47052	36	36	72	36	13	68	0	43
 47098	36	36	72	36	13	68	0	43
 47143	36	36	72	36	13	69	0	43
 47189	36	36	72	36	13	70	0	43
 47234	36	36	72	36	13	71	0	43
 47279	36	36	72	36	13	71	0	43
 47325	35	36	72	36	13	72	0	43
 47370	36	36	72	36	13	73	0	43
 47415	36	36	72	36	13	74	0	43
 47461	36	36	73	36	13	74	0	43
 47506	36	36	72	36	13	75	0	43
 47551	36	36	72	36	13	76	0	43
 47597	36	36	72	36	13	77	0	43
 47642	36	36	71	36	13	77	0	43
 47687	36	36	71	36	13	78	0	43
 47733	36	36	71	36	13	79	0	43
 47778	36	36	71	36	13	80	0	43
 47823	36	36	71	36	13	80	0	43
 47869	36	36	71	36	13	81	0	43
 47914	36	36	71	36	13	82	0	43
 47959	36	36	71	36	13	83	0	43
 48005	36	36	71	36	13	83	0	43
 48050	36	36	71	36	13	84	0	43
 48095	36	36	71	36	13	85	0	43
 48141	36	36	71	36	13	86	0	43
 48186	36	36	71	36	13	86	0	43
 48232	36	36	71	36	13	87	0	43
 48277	36	36	71	36	13	88	0	43
 48322	36	36	71	36	13	89	0	43
 48368	36	36	71	36	13	89	0	43
 48413	36	36	71	36	13	90	0	43
 48458	35	36	71	36	13	91	0	43
 48504	36	36	71	36	13	92	0	43
 48549	36	36	71	36	13	92	0	43
 48594	36	36	71	36	13	93	0	43
 48640	36	36	71	44	13	94	0	43
 48685	36	36	71	44	13	95	0	43
 48730	36	36	71	44	13	96	0	43
 48776	36	36	71	44	13	96	0	43
 48821	36	36	71	44	13	97	0	43
 48866	36	36	71	44	13	98	0	43
 48912	36	36	71	44	13	99	0	43
 48957	36	36	71	44	13	99	0	43
 49002	36	36	71	44	13	100	0	43
 49048	36	36	71	44	13	101	0	43
 49093	36	36	71	44	13	102	0	44
 49139	36	36	71	44	13	102	0	43
 49184	36	36	71	44	13	103	0	43
 49229	36	36	71	44	13	104	0	44
 49275	36	36	72	44	13	105	0	44
 49320	36	36	72	44	13	105	0	44
 49365	36	36	72	44	13	106	0	44
 49411	36	36	72	44	13	107	0	44
 49456	36	36	72	44	13	108	0	44
 49501	36	36	72	44	13	108	0	44
 49547	36	36	72	44	13	109	0	44
 49592	36	36	72	44	13	110	0	44
 49637	36	36	72	44	13	111	0	44
 49683	36	36	72	44	13	111	0	44
 49728	36	36	72	44	13	112	0	44
 49774	36	36	72	44	13	113	0	44
 49819	36	36	73	44	13	114	0	44
 49864	36	36	72	44	13	114	0	44
 49909	36	36	72	44	13	115	0	44
 49955	36	36	72	44	13	116	0	44
 50000	36	36	72	44	13	117	0	44
 50046	36	36	72	44	13	117	0	44
 50091	36	36	72	44	13	118	0	44
 50136	36	36	72	44	13	119	0	44
 50182	36	36	72	44	13	120	0	44
 50227	36	36	72	44	13	120	0	44
 50272	36	36	72	44	13	121	0	44
 50318	36	36	72	44	13	122	0	44
 50363	36	36	72	44	13	123	0	44
 50408	36	36	72	44	13	123	0	44
 50454	36	36	72	36	14	64	0	44
 50499	36	35	72	36	14	65	0	44
 50544	36	36	72	36	14	66	0	44
 50590	36	36	72	36	14	66	0	44
 50635	36	36	72	36	14	67	0	44
 50680	36	36	72	36	14	68	0	44
 50726	36	36	72	36	14	69	0	44
 50771	36	36	72	36	14	70	0	44
 50816	36	36	72	36	14	70	0	44
 50862	36	36	72	36	14	71	0	44
 50907	36	36	72	36	14	72	0	44
 50953	36	36	72	36	14	73	0	44
 50998	36	36	72	36	14	73	0	44
 51043	36	36	72	36	14	74	0	44
 51089	36	36	72	36	14	75	0	44
 51134	36	36	72	36	14	76	0	44
 51179	36	36	72	36	14	76	0	44
 51225	36	36	72	36	14	77	0	44
 51270	36	36	72	36	14	78	0	44
 51315	36	36	71	36	14	79	0	44
 51361	36	36	72	36	14	79	0	44
 51406	36	36	71	36	14	80	0	44
 51451	36	36	71	36	14	81	0	44
 51497	36	36	71	36	14	82	0	44
 51542	36	36	72	36	14	82	0	44
 51587	36	36	71	36	14	83	0	44
 51633	36	36	71	36	14	84	0	44
 51678	36	36	71	36	14	85	0	44
 51723	36	36	71	36	14	85	0	44
 51769	36	36	71	36	14	86	0	44
 51814	36	36	70	36	14	87	0	44
 51859	36	36	70	36	14	88	0	44
 51905	36	36	70	36	14	88	0	44
 51950	36	36	71	36	14	89	0	44
 52023	36	36	71	36	14	90	0	44
 52066	36	36	71	36	14	91	0	44
 52112	36	36	70	36	14	92	0	44
 52157	36	36	70	36	14	93	0	44
 52202	36	36	69	36	14	93	0	44
 52248	36	36	69	44	14	94	0	43
 52293	36	36	69	44	14	95	0	44
 52339	36	36	69	44	14	96	0	44
 52384	36	36	69	44	14	96	0	43
 52429	36	36	69	44	14	97	0	44
 52475	36	36	70	44	14	98	0	43
 52522	36	36	69	44	14	99	0	44
 52565	36	36	69	44	14	99	0	43
 52611	36	36	68	44	14	100	0	43
 52656	36	36	68	44	14	101	0	43
 52701	36	36	68	44	14	102	0	43
 52747	36	36	68	44	14	102	0	43
 52792	36	36	68	44	14	103	0	43
 52837	36	36	68	44	14	104	0	43
 52883	36	36	68	44	14	105	0	44
 52928	36	36	68	44	14	105	0	44
 52973	36	36	68	44	14	106	0	43
 53019	36	36	68	44	14	107	0	43
 53064	36	36	68	44	14	108	0	43
 53109	36	36	68	44	14	108	0	43
 53155	36	36	68	44	14	109	0	43
 53200	36	36	69	44	14	110	0	44
 53245	36	36	68	44	14	111	0	43
 53291	36	36	68	44	14	111	0	43
 53336	36	36	68	44	14	112	0	43
 53382	36	36	69	44	14	113	0	43
 53427	36	36	68	44	14	114	0	43
 53472	36	36	69	44	14	114	0	43
 53518	36	36	69	44	14	115	0	43
 53563	36	36	69	44	14	116	0	43
 53608	36	36	69	44	14	117	0	43
 53654	36	36	69	44	14	118	0	44
 53699	36	36	69	44	14	118	0	43
 53744	36	36	69	44	14	119	0	43
 53790	36	36	69	44	14	120	0	44
 53835	36	36	69	44	14	121	0	44
 53880	36	36	69	44	14	121	0	44
 53926	36	36	69	44	14	122	0	44
 53971	36	36	69	44	14	123	0	44
 54016	36	36	69	36	15	64	0	44
 54062	36	36	69	36	15	64	0	44
 54107	36	36	69	36	15	65	0	44
 54153	36	36	69	36	15	66	0	44
 54198	36	36	69	36	15	67	0	44
 54243	36	36	69	36	15	67	0	44
 54289	36	36	69	36	15	68	0	44
 54334	36	36	69	36	15	69	0	44
 54379	36	36	70	36	15	70	0	44
 54425	36	36	70	36	15	70	0	44
 54470	36	36	70	36	15	71	0	44
 54515	36	36	69	36	15	72	0	44
 54561	36	36	69	36	15	73	0	44
 54606	36	36	69	36	15	73	0	44
 54651	36	36	69	36	15	74	0	44
 54697	36	36	69	36	15	75	0	44
 54742	36	36	69	36	15	76	0	44
 54787	36	36	69	36	15	76	0	44
 54833	36	36	69	36	15	77	0	44
 54878	36	36	68	36	15	78	0	44
 54923	36	36	69	36	15	79	0	44
 54969	36	36	69	36	15	79	0	44
 55014	36	36	69	36	15	80	0	44
 55060	36	36	69	36	15	81	0	44
 55105	36	36	69	36	15	82	0	44
 55150	36	36	69	36	15	82	0	44
 55196	36	36	69	36	15	83	0	44
 55241	36	36	69	36	15	84	0	44
 55286	36	36	69	36	15	85	0	44
 55332	36	36	69	36	15	85	0	44
 55377	36	36	69	36	15	86	0	44
 55422	36	36	69	36	15	87	0	44
 55468	36	36	69	36	15	88	0	44
 55513	36	36	69	36	15	89	0	44
 55558	36	36	69	36	15	89	0	44
 55604	36	36	69	36	15	90	0	44
 55649	36	36	69	36	15	91	0	44
 55694	36	36	69	36	15	92	0	44
 55740	36	36	69	36	15	92	0	44
 55785	36	36	69	36	15	93	0	44
 55830	36	36	69	44	15	94	0	44
 55876	36	36	69	44	15	95	0	44
 55921	36	36	69	44	15	95	0	44
 55966	36	36	69	44	15	96	0	44
 56012	36	36	69	44	15	97	0	44
 56057	35	36	69	44	15	98	0	44
 56103	36	36	69	44	15	98	0	44
 56148	36	36	69	44	15	99	0	44
 56193	36	36	69	44	15	100	0	44
 56239	36	36	69	44	15	101	0	44
 56284	36	36	69	44	15	101	0	44
 56329	36	36	69	44	15	102	0	44
 56375	36	36	69	44	15	103	0	44
 56420	36	36	70	44	15	104	0	44
 56465	36	36	69	44	15	104	0	44
 56511	36	36	69	44	15	105	0	44
 56556	36	36	69	44	15	106	0	44
 56601	36	36	69	44	15	107	0	44
 56647	36	36	70	44	15	107	0	44
 56692	36	36	69	44	15	108	0	44
 56737	36	36	70	44	15	109	0	44
 56783	36	36	70	44	15	110	0	44
 56828	36	36	70	44	15	110	0	44
 56873	36	36	70	44	15	111	0	44
 56919	36	36	70	44	15	112	0	44
 56964	36	36	70	44	15	113	0	44
 57010	36	36	69	44	15	113	0	44
 57055	36	36	69	44	15	114	0	44
 57100	36	36	70	44	15	115	0	44
 57146	36	36	70	44	15	116	0	44
 57191	36	36	69	44	15	117	0	44
 57237	36	36	69	44	15	117	0	44
 57282	36	36	69	44	15	118	0	44
 57327	36	36	69	44	15	119	0	44
 57372	36	36	70	44	15	120	0	44
 57418	36	36	69	44	15	120	0	44
 57463	36	36	69	44	15	121	0	44
 57508	36	36	69	44	15	122	0	44
 57554	36	36	69	44	15	123	0	44
 57599	36	36	69	44	15	123	0	44
 57644	36	36	69	36	16	64	0	44
 57690	36	36	69	36	16	65	0	44
 57735	36	36	69	36	16	66	0	44
 57781	36	36	69	36	16	66	0	44
 57826	36	36	69	36	16	67	0	44
 57871	36	36	69	36	16	68	0	44
 57917	36	36	69	36	16	69	0	44
 57962	36	36	69	36	16	69	0	44
 58007	36	36	69	36	16	70	0	44
 58053	36	36	70	36	16	71	0	44
 58098	36	36	70	36	16	72	0	44
 58143	36	36	69	36	16	72	0	44
 58189	36	36	69	36	16	73	0	44
 58234	36	36	69	36	16	74	0	44
 58279	36	36	69	36	16	75	0	44
 58325	36	36	69	36	16	75	0	44
 58370	36	36	69	36	16	76	0	44
 58415	36	36	69	36	16	77	0	44
 58461	36	36	69	36	16	78	0	44
 58506	36	36	69	36	16	78	0	44
 58551	36	36	69	36	16	79	0	44
 58597	36	36	69	36	16	80	0	44
 58642	36	36	69	36	16	81	0	44
 58687	36	36	69	36	16	81	0	44
 58733	36	36	69	36	16	82	0	44
 58778	36	36	69	36	16	83	0	44
 58824	36	36	69	36	16	84	0	44
 58869	36	36	69	36	16	84	0	44
 58914	36	36	69	36	16	85	0	44
 58960	36	36	69	36	16	86	0	44
 59005	36	36	69	36	16	87	0	44
 59050	36	36	68	36	16	87	0	44
 59096	36	36	68	36	16	88	0	44
 59141	36	36	68	36	16	89	0	44
 59186	36	36	68	36	16	90	0	44
 59232	36	36	68	36	16	91	0	44
 59277	36	36	68	36	16	91	0	44
 59322	36	36	68	36	16	92	0	44
 59368	36	36	68	36	16	93	0	44
 59413	36	35	68	44	16	94	0	44
 59458	36	36	68	44	16	94	0	44
 59504	36	36	68	44	16	95	0	44
 59549	36	36	68	44	16	96	0	44
 59594	36	36	68	44	16	97	0	44
 59641	36	36	68	44	16	97	0	44
 59685	36	36	68	44	16	98	0	44
 59731	36	36	68	44	16	99	0	44
 59776	36	35	68	44	16	100	0	44
 59821	36	36	68	44	16	100	0	44
 59867	36	36	68	44	16	101	0	44
 59912	36	36	68	44	16	102	0	44
 59957	36	36	68	44	16	103	0	44
 60003	36	36	68	44	16	103	0	44
 60048	36	36	69	44	16	104	0	44
 60094	36	36	68	44	16	105	0	44
 60139	36	36	68	44	16	106	0	44
 60185	36	36	68	44	16	106	0	44
 60229	36	36	68	44	16	107	0	44
 60275	36	36	68	44	16	108	0	44
 60320	36	36	69	44	16	109	0	44
 60365	36	36	68	44	16	109	0	44
 60411	36	36	68	44	16	110	0	44
 60456	36	36	68	44	16	111	0	44
 60502	36	36	68	44	16	112	0	44
 60547	36	36	68	44	16	112	0	44
 60592	36	36	68	44	16	113	0	44
 60638	36	36	68	44	16	114	0	44
 60683	36	36	68	44	16	115	0	44
 60728	36	36	68	44	16	115	0	44
 60774	36	36	68	44	16	116	0	44
 60819	36	36	68	44	16	117	0	44
 60864	36	36	68	44	16	118	0	44
 60910	36	36	68	44	16	118	0	44
 60955	36	36	68	44	16	119	0	44
 61000	36	36	68	44	16	120	0	44
 61046	36	36	68	44	16	121	0	44
 61091	36	36	68	44	16	121	0	44
 61136	36	36	68	44	16	122	0	44
 61182	36	36	68	44	16	123	0	44
 61227	36	36	68	36	17	64	0	44
 61272	36	36	68	36	17	65	0	44
 61318	36	36	68	36	17	65	0	44
 61363	36	36	68	36	17	66	0	44
 61409	36	36	68	36	17	67	0	44
 61454	36	36	68	36	17	68	0	44
 61499	36	36	68	36	17	68	0	44
 61545	36	36	68	36	17	69	0	44
 61590	36	36	68	36	17	70	0	44
 61635	36	36	68	36	17	71	0	44
 61681	36	36	68	36	17	71	0	44
 61726	36	36	68	36	17	72	0	44
 61771	36	36	68	36	17	73	0	44
 61817	36	36	68	36	17	74	0	44
 61862	36	36	68	36	17	74	0	44
 61907	36	36	68	36	17	75	0	44
 61953	36	36	68	36	17	76	0	44
 61998	36	36	68	36	17	77	0	44
 62043	36	36	68	36	17	77	0	45
 62089	36	36	68	36	17	78	0	45
 62134	36	36	68	36	17	79	0	45
 62180	36	36	68	36	17	80	0	45
 62225	36	36	68	36	17	80	0	45
 62270	36	36	68	36	17	81	0	44
 62316	36	36	68	36	17	82	0	45
 62361	36	36	68	36	17	83	0	44
 62406	36	36	68	36	17	83	0	44
 62452	36	36	68	36	17	84	0	44
 62497	36	36	68	36	17	85	0	44
 62542	36	36	68	36	17	86	0	45
 62588	36	36	68	36	17	86	0	44
 62633	36	36	68	36	17	87	0	44
 62678	36	36	68	36	17	88	0	44
 62724	36	36	68	36	17	89	0	45
 62769	36	36	68	36	17	89	0	44
 62815	36	36	68	36	17	90	0	44
 62860	36	36	68	36	17	91	0	45
 62905	36	36	68	36	17	92	0	45
 62951	36	36	68	36	17	92	0	45
 62996	36	36	68	36	17	93	0	45
 63041	36	36	68	44	17	94	0	45
 63087	36	36	68	44	17	95	0	45
 63132	36	36	68	44	17	96	0	45
 63177	36	36	68	44	17	96	0	45
 63223	36	36	68	44	17	97	0	45
 63268	36	36	68	44	17	98	0	45
 63313	35	36	68	44	17	99	0	45
 63359	36	36	68	44	17	99	0	45
 63404	36	36	68	44	17	100	0	45
 63449	36	36	68	44	17	101	0	45
 63495	36	36	68	44	17	102	0	45
 63540	36	36	68	44	17	102	0	45
 63585	36	36	68	44	17	103	0	45
 63631	36	36	68	44	17	104	0	45
 63676	36	36	68	44	17	105	0	45
 63722	36	36	68	44	17	105	0	45
 63767	36	36	68	44	17	106	0	45
 63812	36	36	68	44	17	107	0	45
 63858	36	36	68	44	17	108	0	45
 63903	36	36	68	44	17	108	0	45
 63948	36	36	68	44	17	109	0	45
 63994	36	36	68	44	17	110	0	45
 64039	36	36	68	44	17	111	0	45
 64085	36	36	68	44	17	111	0	45
 64130	35	36	68	44	17	112	0	45
 64175	36	36	68	44	17	113	0	45
 64220	36	36	68	44	17	114	0	45
 64266	36	36	68	44	17	114	0	45
 64311	36	36	68	44	17	115	0	45
 64356	36	36	68	44	17	116	0	45
 64402	36	36	68	44	17	117	0	45
 64447	36	36	68	44	17	117	0	45
 64493	36	36	68	44	17	118	0	45
 64538	36	36	68	44	17	119	0	45
 64583	36	36	68	44	17	120	0	45
 64629	36	36	68	44	17	120	0	45
 64674	36	36	68	44	17	121	0	45
 64719	36	36	68	44	17	122	0	45
 64765	36	36	68	44	17	123	0	45
 64810	36	36	68	44	17	123	0	45
 64855	36	36	68	36	18	64	0	45
 64901	36	36	68	36	18	65	0	45
 64946	36	36	68	36	18	66	0	45
 64991	36	36	68	36	18	66	0	45
 65037	36	36	68	36	18	67	0	45
 65082	36	36	68	36	18	68	0	45
 65127	36	36	68	36	18	69	0	45
 65173	36	36	68	36	18	70	0	45
 65218	36	36	68	36	18	70	0	45
 65264	36	36	67	36	18	71	0	45
 65309	36	36	68	36	18	72	0	45
 65354	36	36	68	36	18	73	0	45
 65400	36	36	68	36	18	73	0	45
 65445	36	36	68	36	18	74	0	45
 65490	36	36	67	36	18	75	0	45
 65536	36	36	67	36	18	76	0	45
 65626	36	36	68	36	18	77	0	45
 65672	36	36	68	36	18	78	0	45
 65717	36	36	67	36	18	79	0	45
 65762	36	36	67	36	18	79	0	45
 65808	36	36	67	36	18	80	0	45
 65853	36	36	68	36	18	81	0	45
 65898	36	36	67	36	18	82	0	45
 65944	36	36	67	36	18	82	0	45
 65989	36	36	68	36	18	83	0	45
 66034	36	36	68	36	18	84	0	45
 66080	36	36	68	36	18	85	0	44
 66125	36	36	67	36	18	85	0	45
 66171	36	36	67	36	18	86	0	45
 66216	36	36	68	36	18	87	0	45
 66261	36	36	68	36	18	88	0	45
 66307	36	36	68	36	18	88	0	45
 66352	36	36	67	36	18	89	0	45
 66397	36	36	67	36	18	90	0	45
 66443	36	36	67	36	18	91	0	45
 66488	36	36	67	36	18	91	0	45
 66533	36	36	67	36	18	92	0	45
 66579	36	36	68	36	18	93	0	44
 66624	36	36	67	44	18	94	0	45
 66669	36	36	67	44	18	94	0	44
 66715	36	36	67	44	18	95	0	44
 66760	36	36	67	44	18	96	0	44
 66805	36	36	67	44	18	97	0	44
 66855	36	36	67	44	18	97	0	44
 66896	36	36	67	44	18	98	0	44
 66941	36	36	67	44	18	99	0	44
 66987	36	36	67	44	18	100	0	44
 67032	36	36	67	44	18	100	0	44
 67078	36	36	67	44	18	101	0	44
 67123	36	36	68	44	18	102	0	44
 67168	36	36	67	44	18	103	0	44
 67214	36	36	67	44	18	104	0	44
 67259	36	36	67	44	18	104	0	45
 67304	36	36	67	44	18	105	0	45
 67350	36	36	67	44	18	106	0	44
 67395	36	36	67	44	18	107	0	44
 67440	36	36	67	44	18	107	0	44
 67486	36	36	67	44	18	108	0	44
 67531	36	36	68	44	18	109	0	44
 67577	36	36	67	44	18	110	0	44
 67622	36	36	67	44	18	110	0	44
 67667	36	36	67	44	18	111	0	44
 67712	36	36	67	44	18	112	0	45
 67758	36	36	67	44	18	113	0	44
 67803	36	36	67	44	18	113	0	44
 67849	36	36	67	44	18	114	0	44
 67894	36	36	67	44	18	115	0	44
 67939	36	36	67	44	18	116	0	44
 67985	35	36	68	44	18	116	0	44
 68030	36	36	67	44	18	117	0	44
 68075	36	36	67	44	18	118	0	45
 68121	36	36	67	44	18	119	0	45
 68166	36	36	67	44	18	119	0	44
 68211	36	36	67	44	18	120	0	45
 68257	36	36	67	44	18	121	0	44
 68302	36	36	67	44	18	122	0	44
 68347	36	36	67	44	18	122	0	44
 68393	36	36	67	44	18	123	0	45
 68438	37	37	67	4	19	64	0	45
 68483	36	36	67	4	19	65	0	45
 68529	36	36	67	4	19	65	0	45
 68574	36	36	67	4	19	66	0	45
 68619	36	36	67	4	19	67	0	45
 68669	36	36	67	4	19	68	0	45
 68710	36	36	68	4	19	68	0	45
 68756	36	36	67	4	19	69	0	45
 68801	36	36	67	4	19	70	0	45
 68846	36	36	67	4	19	71	0	45
 68937	36	36	67	4	19	72	0	45
 68982	36	36	68	4	19	73	0	45
 69028	36	36	67	4	19	74	0	45
 69073	36	36	68	4	19	74	0	45
 69118	36	36	67	4	19	75	0	45
 69164	36	36	67	4	19	76	0	45
 69209	36	36	68	4	19	77	0	45
 69254	36	36	67	4	19	78	0	45
 69300	36	36	68	4	19	78	0	45
 69345	36	36	68	4	19	79	0	45
 69390	36	36	67	4	19	80	0	44
 69436	36	36	68	4	19	81	0	44
 69481	36	36	67	4	19	81	0	45
 69526	36	36	67	4	19	82	0	44
 69572	36	36	67	4	19	83	0	44
 69617	36	36	67	4	19	84	0	44
 69663	36	36	67	4	19	84	0	44
 69708	36	36	67	4	19	85	0	44
 69753	36	36	67	4	19	86	0	44
 69799	36	36	67	4	19	87	0	44
 69844	36	36	67	4	19	87	0	44
 69889	36	36	67	4	19	88	0	44
 69935	36	36	67	4	19	89	0	44
 69980	36	36	67	4	19	90	0	44
 70025	36	36	67	4	19	90	0	44
 70071	36	36	67	4	19	91	0	44
 70116	36	36	67	4	19	92	0	44
 70161	36	36	67	4	19	93	0	44
 70207	36	36	67	4	19	93	0	44
 70252	36	36	67	12	19	94	0	44
 70297	36	36	67	12	19	95	0	44
 70343	36	36	67	12	19	96	0	44
 70388	36	36	67	12	19	96	0	44
 70434	36	36	67	12	19	97	0	44
 70479	36	36	67	12	19	98	0	44
 70524	36	36	67	12	19	99	0	44
 70570	36	36	67	12	19	99	0	44
 70615	36	36	67	12	19	100	0	44
 70660	36	36	67	12	19	101	0	44
 70706	36	36	67	12	19	102	0	44
 70751	36	36	67	12	19	102	0	44
 70796	36	36	67	12	19	103	0	44
 70842	36	36	67	12	19	104	0	44
 70887	36	36	67	12	19	105	0	44
 70932	36	36	67	12	19	105	0	45
 70978	36	36	67	12	19	106	0	45
 71023	36	36	67	12	19	107	0	44
 71068	36	36	67	12	19	108	0	44
 71114	36	36	67	12	19	108	0	44
 71159	36	36	66	12	19	109	0	44
 71204	36	36	66	12	19	110	0	44
 71250	36	36	66	12	19	111	0	44
 71295	36	36	67	12	19	112	0	44
 71344	36	36	67	12	19	112	0	44
 71386	36	36	67	12	19	113	0	44
 71431	36	36	67	12	19	114	0	44
 71480	36	36	66	12	19	115	0	44
 71522	36	36	66	12	19	115	0	44
 71567	36	36	66	12	19	116	0	44
 71613	36	36	66	12	19	117	0	44
 71658	36	36	66	12	19	118	0	44
 71703	36	36	66	12	19	118	0	44
 71749	36	36	66	12	19	119	0	44
 71794	36	36	66	12	19	120	0	44
 71839	36	36	66	12	19	121	0	44
 71885	36	36	66	12	19	121	0	44
 71930	36	36	66	12	19	122	0	44
 71975	36	36	66	12	19	123	0	44
 72021	36	36	66	4	20	64	0	44
 72066	36	36	66	4	20	64	0	44
 72111	36	36	66	4	20	65	0	44
 72157	36	36	66	4	20	66	0	44
 72203	36	36	66	4	20	67	0	44
 72248	36	36	66	4	20	67	0	44
 72293	36	36	66	4	20	68	0	44
 72338	36	36	67	4	20	69	0	44
 72384	36	36	66	4	20	70	0	44
 72429	36	36	66	4	20	70	0	44
 72474	36	36	66	4	20	71	0	44
 72520	36	36	66	4	20	72	0	44
 72565	36	36	66	4	20	73	0	44
 72610	36	36	66	4	20	73	0	44
 72656	36	36	66	4	20	74	0	44
 72656	36	36	66	4	20	74	0	44
 72701	36	36	66	4	20	75	0	44
 72746	36	36	66	4	20	76	0	44
 72792	36	36	66	4	20	76	0	44
 72837	36	36	66	4	20	77	0	44
 72882	36	36	66	4	20	78	0	44
 72928	36	36	66	4	20	79	0	44
 72973	36	36	66	4	20	79	0	44
 73018	36	36	66	4	20	80	0	44
 73064	36	36	66	4	20	81	0	44
 73109	36	36	66	4	20	82	0	44
 73155	36	36	66	4	20	83	0	44
 73200	36	36	66	4	20	83	0	44
 73245	36	36	66	4	20	84	0	44
 73291	36	36	67	4	20	85	0	44
 73336	36	36	66	4	20	86	0	44
 73381	36	36	66	4	20	86	0	44
 73427	36	36	66	4	20	87	0	44
 73472	36	36	66	4	20	88	0	44
 73517	36	36	66	4	20	89	0	44
 73563	36	36	66	4	20	89	0	44
 73608	36	36	66	4	20	90	0	44
 73653	36	36	66	4	20	91	0	44
 73699	36	36	65	4	20	92	0	44
 73744	36	36	65	4	20	92	0	44
 73789	36	36	66	4	20	93	0	44
 73835	36	36	66	12	20	94	0	44
 73880	36	36	66	12	20	95	0	44
 73925	36	36	66	12	20	95	0	44
 73971	36	36	66	12	20	96	0	44
 74016	36	36	66	12	20	97	0	44
 74062	36	36	66	12	20	98	0	44
 74107	36	36	66	12	20	98	0	44
 74152	36	36	66	12	20	99	0	44
 74198	36	36	66	12	20	100	0	44
 74243	36	36	66	12	20	101	0	44
 74288	36	36	66	12	20	101	0	44
 74334	36	36	66	12	20	102	0	44
 74379	36	36	66	12	20	103	0	44
 74424	36	36	66	12	20	104	0	44
 74470	36	36	66	12	20	104	0	44
 74515	36	36	66	12	20	105	0	44
 74560	36	36	66	12	20	106	0	44
 74606	36	36	66	12	20	107	0	44
 74651	36	36	66	12	20	107	0	44
 74698	36	36	66	12	20	108	0	44
 74742	36	36	66	12	20	109	0	44
 74787	36	36	66	12	20	110	0	44
 74837	36	36	66	12	20	110	0	44
 74878	36	36	65	12	20	111	0	44
 74923	36	36	66	12	20	112	0	44
 74969	36	36	66	12	20	113	0	44
 75014	36	36	66	12	20	113	0	44
 75059	36	36	65	12	20	114	0	44
 75105	36	36	66	12	20	115	0	44
 75150	36	36	65	12	20	116	0	44
 75195	36	36	66	12	20	117	0	44
 75241	36	36	65	12	20	117	0	44
 75286	36	36	65	12	20	118	0	44
 75331	36	36	65	12	20	119	0	44
 75377	36	36	66	12	20	120	0	44
 75422	36	36	65	12	20	120	0	44
 75467	36	36	65	12	20	121	0	44
 75513	36	36	66	12	20	122	0	44
 75558	36	36	65	12	20	123	0	44
 75603	36	36	65	12	20	123	0	44
 75649	36	36	65	4	21	64	0	44
 75694	36	36	65	4	21	65	0	44
 75739	36	36	65	4	21	66	0	44
 75785	36	36	65	4	21	66	0	44
 75830	36	36	65	4	21	67	0	44
 75875	36	36	65	4	21	68	0	44
 75921	36	36	65	4	21	69	0	44
 75966	36	36	65	4	21	69	0	44
 76057	36	36	65	4	21	71	0	44
 76102	36	36	65	4	21	72	0	44
 76148	36	36	65	4	21	72	0	44
 76193	36	36	65	4	21	73	0	44
 76238	36	36	65	4	21	74	0	44
 76284	36	36	65	4	21	75	0	44
 76329	36	36	65	4	21	75	0	44
 76374	36	36	65	4	21	76	0	44
 76420	36	36	65	4	21	77	0	44
 76465	36	36	65	4	21	78	0	44
 76510	36	36	65	4	21	78	0	44
 76556	36	36	66	4	21	79	0	44
 76601	36	36	65	4	21	80	0	44
 76646	36	36	65	4	21	81	0	44
 76692	36	36	65	4	21	81	0	44
 76737	36	36	66	4	21	82	0	44
 76782	36	36	65	4	21	83	0	44
 76830	36	36	65	4	21	84	0	44
 76918	36	36	65	4	21	85	0	44
 76964	36	36	65	4	21	86	0	44
 77009	36	36	65	4	21	87	0	44
 77055	36	36	65	4	21	87	0	44
 77100	36	36	65	4	21	88	0	44
 77149	36	36	65	4	21	89	0	44
 77191	36	36	65	4	21	90	0	44
 77236	36	36	65	4	21	91	0	44
 77281	36	36	65	4	21	91	0	44
 77327	36	36	65	4	21	92	0	44
 77372	36	36	65	4	21	93	0	44
 77421	36	36	65	12	21	94	0	44
 77464	36	36	65	12	21	94	0	44
 77508	36	36	65	12	21	95	0	44
 77553	36	36	65	12	21	96	0	44
 77602	36	36	65	12	21	97	0	44
 77644	36	36	65	12	21	97	0	44
 77689	36	36	65	12	21	98	0	44
 77735	36	36	65	12	21	99	0	44
 77780	36	36	65	12	21	100	0	44
 77825	36	36	65	12	21	100	0	44
 77871	36	36	65	12	21	101	0	44
 77916	36	36	65	12	21	102	0	44
 77962	36	36	65	12	21	103	0	44
 78007	36	36	65	12	21	103	0	44
 78052	36	36	65	12	21	104	0	44
 78098	36	36	65	12	21	105	0	44
 78143	36	36	65	12	21	106	0	44
 78188	36	36	65	12	21	106	0	44
 78234	36	36	65	12	21	107	0	44
 78279	36	36	65	12	21	108	0	44
 78324	36	36	65	12	21	109	0	44
 78370	36	36	65	12	21	109	0	44
 78415	36	36	65	12	21	110	0	44
 78460	36	36	65	12	21	111	0	44
 78506	36	36	65	12	21	112	0	44
 78551	36	36	65	12	21	112	0	44
 78596	36	36	65	12	21	113	0	44
 78642	36	36	65	12	21	114	0	44
 78687	36	36	65	12	21	115	0	44
 78732	36	36	65	12	21	115	0	44
 78778	36	36	65	12	21	116	0	44
 78823	36	36	65	12	21	117	0	44
 78869	36	36	64	12	21	118	0	44
 78914	35	36	64	12	21	118	0	44
 78959	36	36	64	12	21	119	0	44
 79005	36	36	64	12	21	120	0	44
 79050	36	36	64	12	21	121	0	44
 79095	36	36	65	12	21	121	0	44
 79141	36	36	65	12	21	122	0	44
 79186	36	36	64	12	21	123	0	44
 79231	36	36	65	4	22	64	0	44
 79277	36	36	64	4	22	65	0	44
 79322	36	36	64	4	22	65	0	44
 79367	36	36	64	4	22	66	0	44
 79413	36	36	64	4	22	67	0	44
 79458	36	36	64	4	22	68	0	44
 79503	36	36	64	4	22	68	0	44
 79549	36	36	64	4	22	69	0	44
 79594	36	36	64	4	22	70	0	44
 79639	36	36	65	4	22	71	0	44
 79685	36	36	64	4	22	71	0	44
 79730	36	36	64	4	22	72	0	44
 79775	36	36	64	4	22	73	0	44
 79821	36	36	64	4	22	74	0	44
 79866	36	36	64	4	22	74	0	44
 79912	36	36	64	4	22	75	0	44
 79957	36	36	65	4	22	76	0	44
 80002	36	36	65	4	22	77	0	44
 80048	36	36	64	4	22	77	0	44
 80093	36	36	65	4	22	78	0	44
 80138	36	36	64	4	22	79	0	44
 80184	36	36	64	4	22	80	0	44
 80229	36	36	64	4	22	80	0	44
 80274	36	36	64	4	22	81	0	44
 80320	36	36	64	4	22	82	0	44
 80365	36	36	64	4	22	83	0	44
 80410	36	36	64	4	22	83	0	44
 80456	36	36	64	4	22	84	0	44
 80501	36	36	65	4	22	85	0	44
 80546	36	36	64	4	22	86	0	44
 80592	36	36	64	4	22	86	0	44
 80638	36	36	64	4	22	87	0	44
 80682	36	36	65	4	22	88	0	44
 80728	36	36	64	4	22	89	0	44
 80773	36	36	65	4	22	89	0	44
 80819	36	36	65	4	22	90	0	44
 80864	36	36	64	4	22	91	0	44
 80910	36	36	64	4	22	92	0	44
 80955	36	36	64	4	22	92	0	44
 81000	36	36	65	4	22	93	0	44
 81045	36	36	64	12	22	94	0	44
 81091	36	36	65	12	22	95	0	44
 81136	36	36	65	12	22	96	0	44
 81181	36	36	65	12	22	96	0	44
 81227	36	36	65	12	22	97	0	44
 81272	36	35	65	12	22	98	0	44
 81317	36	36	65	12	22	99	0	44
 81363	36	36	64	12	22	99	0	44
 81408	36	36	65	12	22	100	0	44
 81454	36	36	65	12	22	101	0	44
 81499	36	36	65	12	22	102	0	44
 81544	36	36	65	12	22	102	0	44
 81590	36	36	64	12	22	103	0	44
 81635	36	36	64	12	22	104	0	44
 81680	36	36	65	12	22	105	0	44
 81726	36	36	64	12	22	105	0	44
 81771	36	36	65	12	22	106	0	44
 81816	36	36	65	12	22	107	0	44
 81862	36	36	64	12	22	108	0	44
 81907	36	36	65	12	22	108	0	44
 81952	36	36	65	12	22	109	0	44
 81998	36	36	65	12	22	110	0	44
 82043	36	35	65	12	22	111	0	44
 82088	36	36	65	12	22	112	0	44
 82134	36	36	65	12	22	112	0	44
 82179	36	36	65	12	22	113	0	44
 82224	36	36	65	12	22	114	0	44
 82270	36	36	65	12	22	115	0	44
 82315	36	36	65	12	22	115	0	44
 82361	36	36	64	12	22	116	0	44
 82406	36	36	65	12	22	117	0	44
 82451	36	36	65	12	22	118	0	44
 82497	36	36	64	12	22	118	0	44
 82542	36	36	64	12	22	119	0	44
 82587	36	36	64	12	22	120	0	44
 82633	36	36	65	12	22	121	0	44
 82678	36	36	64	12	22	121	0	44
 82723	36	36	64	12	22	122	0	44
 82769	36	36	64	12	22	123	0	44
 82814	36	36	64	4	23	64	0	44
 82859	36	36	64	4	23	64	0	44
 82905	36	36	64	4	23	65	0	44
 82950	36	36	64	4	23	66	0	44
 82995	36	36	64	4	23	67	0	44
 83041	36	36	64	4	23	67	0	44
 83086	36	36	64	4	23	68	0	44
 83131	36	36	64	4	23	69	0	44
 83177	36	36	64	4	23	70	0	44
 83222	36	36	64	4	23	70	0	44
 83268	36	36	64	4	23	71	0	44
 83313	36	36	64	4	23	72	0	44
 83358	36	36	64	4	23	73	0	44
 83404	36	36	65	4	23	73	0	44
 83449	36	36	64	4	23	74	0	44
 83494	36	36	64	4	23	75	0	44
 83540	36	36	64	4	23	76	0	44
 83585	36	35	64	4	23	76	0	44
 83630	36	36	64	4	23	77	0	44
 83676	36	36	64	4	23	78	0	44
 83721	36	36	64	4	23	79	0	44
 83766	36	36	64	4	23	79	0	44
 83812	36	36	64	4	23	80	0	44
 83857	36	35	64	4	23	81	0	44
 83902	36	36	64	4	23	82	0	44
 83948	36	36	64	4	23	83	0	44
 83993	36	36	64	4	23	83	0	44
 84039	36	36	64	4	23	84	0	44
 84084	36	36	64	4	23	85	0	44
 84129	36	36	64	4	23	86	0	44
 84175	36	36	64	4	23	86	0	44
 84220	36	35	64	4	23	87	0	44
 84265	36	36	64	4	23	88	0	44
 84311	36	36	64	4	23	89	0	44
 84356	36	36	64	4	23	89	0	44
 84401	36	35	63	4	23	90	0	44
 84447	36	35	63	4	23	91	0	44
 84492	36	36	63	4	23	92	0	44
 84537	36	36	63	4	23	92	0	44
 84583	36	35	63	4	23	93	0	44
 84629	36	36	63	12	23	94	0	44
 84673	36	36	63	12	23	95	0	44
 84719	36	35	63	12	23	95	0	44
 84764	36	36	63	12	23	96	0	44
 84809	35	36	63	12	23	97	0	44
 84855	36	36	63	12	23	98	0	44
 84900	36	36	63	12	23	98	0	44
 84946	36	36	63	12	23	99	0	44
 84991	36	36	63	12	23	100	0	44
 85036	36	36	63	12	23	101	0	44
 85082	36	36	63	12	23	101	0	44
 85127	35	35	63	12	23	102	0	44
 85172	36	35	63	12	23	103	0	44
 85218	36	35	63	12	23	104	0	44
 85263	35	35	63	12	23	104	0	44
 85308	36	36	63	12	23	105	0	44
 85354	36	36	63	12	23	106	0	44
 85399	36	35	63	12	23	107	0	44
 85444	36	35	63	12	23	107	0	44
 85490	36	35	63	12	23	108	0	44
 85535	36	35	63	12	23	109	0	44
 85580	36	36	63	12	23	110	0	44
 85626	36	36	63	12	23	110	0	44
 85671	36	36	63	12	23	111	0	44
 85716	35	36	63	12	23	112	0	44
 85762	35	36	63	12	23	113	0	44
 85807	35	35	63	12	23	113	0	44
 85853	36	36	63	12	23	114	0	44
 85898	36	35	63	12	23	115	0	44
 85943	36	36	63	12	23	116	0	44
 85989	36	36	63	12	23	117	0	44
 86034	36	35	63	12	23	117	0	44
 86079	36	35	62	12	23	118	0	44
 86125	36	36	62	12	23	119	0	44
 86170	35	36	63	12	23	120	0	44
 86215	36	35	63	12	23	120	0	44
 86261	36	35	63	12	23	121	0	44
 86306	36	36	63	12	23	122	0	44
 86351	35	35	63	12	23	123	0	44
 86397	35	35	63	12	23	123	0	44
