HomeCentral
 Falkenstrasse 20
 8630 Rueti
 Datum: 27.03.14 00:00
 
 Startzeit: 2014-03-27 00:00:24 +0100
 115	88	87	39	4	0	65	0	37
 160	87	87	39	4	0	66	0	37
 206	85	87	39	4	0	67	0	37
 251	84	85	40	4	0	68	0	37
 296	83	84	39	4	0	68	0	37
 342	82	83	39	4	0	69	0	37
 387	81	83	39	4	0	70	0	37
 432	81	82	39	4	0	71	0	37
 478	80	81	39	4	0	71	0	37
 523	80	81	39	4	0	72	0	37
 568	79	81	39	4	0	73	0	37
 614	79	80	40	4	0	74	0	37
 659	79	80	40	4	0	74	0	37
 704	78	79	40	4	0	75	0	37
 750	78	79	40	4	0	76	0	37
 795	77	78	39	4	0	77	0	37
 840	77	78	40	4	0	77	0	37
 886	77	77	39	4	0	78	0	37
 931	76	77	39	4	0	79	0	37
 977	76	77	39	4	0	80	0	37
 1022	75	76	39	4	0	80	0	37
 1067	75	76	39	4	0	81	0	37
 1113	74	75	39	4	0	82	0	37
 1158	74	75	39	4	0	83	0	37
 1203	74	74	39	4	0	83	0	37
 1249	73	74	40	4	0	84	0	37
 1294	73	74	39	4	0	85	0	37
 1339	72	73	39	4	0	86	0	37
 1385	72	73	39	4	0	86	0	37
 1430	72	73	39	4	0	87	0	37
 1475	71	72	39	4	0	88	0	37
 1521	71	72	39	4	0	89	0	37
 1566	71	72	39	4	0	89	0	37
 1611	70	71	39	4	0	90	0	37
 1657	70	71	39	4	0	91	0	37
 1702	69	70	39	4	0	92	0	37
 1747	69	70	39	4	0	92	0	37
 1793	69	70	39	4	0	93	0	37
 1838	68	69	39	12	0	94	0	37
 1884	68	69	39	12	0	95	0	37
 1929	68	69	39	12	0	96	0	37
 1974	67	68	39	12	0	96	0	37
 2020	67	68	39	12	0	97	0	37
 2065	67	67	39	12	0	98	0	37
 2110	66	67	39	12	0	99	0	37
 2156	66	67	39	12	0	99	0	37
 2201	66	66	39	12	0	100	0	37
 2246	65	66	39	12	0	101	0	37
 2292	65	66	39	12	0	102	0	37
 2337	65	65	39	12	0	102	0	37
 2382	65	65	39	12	0	103	0	36
 2428	64	65	39	12	0	104	0	36
 2473	64	64	39	12	0	105	0	36
 2518	64	64	39	12	0	105	0	36
 2564	63	64	39	12	0	106	0	36
 2609	63	64	39	12	0	107	0	36
 2654	63	63	39	12	0	108	0	36
 2700	63	63	39	12	0	108	0	36
 2745	63	63	39	12	0	109	0	36
 2791	62	63	39	12	0	110	0	36
 2836	62	62	39	12	0	111	0	36
 2881	62	62	39	12	0	111	0	37
 2927	62	62	39	12	0	112	0	37
 2972	62	62	39	12	0	113	0	36
 3017	61	62	39	12	0	114	0	36
 3063	61	62	39	12	0	114	0	36
 3108	60	61	39	12	0	115	0	36
 3153	61	61	39	12	0	116	0	36
 3199	60	61	39	12	0	117	0	36
 3244	60	61	39	12	0	117	0	36
 3289	60	60	39	12	0	118	0	36
 3335	60	60	39	12	0	119	0	36
 3380	60	60	39	12	0	120	0	36
 3425	59	60	39	12	0	120	0	36
 3471	59	60	39	12	0	121	0	36
 3516	59	59	39	12	0	122	0	36
 3561	59	59	39	12	0	123	0	36
 3607	58	59	39	12	0	123	0	36
 3652	58	59	39	4	1	64	0	36
 3698	58	59	39	4	1	65	0	36
 3743	58	58	39	4	1	66	0	36
 3788	58	58	39	4	1	66	0	36
 3834	58	58	39	4	1	67	0	36
 3879	58	58	39	4	1	68	0	36
 3924	57	58	39	4	1	69	0	36
 3970	57	57	39	4	1	70	0	36
 4016	57	57	39	4	1	70	0	36
 4060	57	57	38	4	1	71	0	36
 4106	57	57	38	4	1	72	0	36
 4151	57	57	38	4	1	73	0	36
 4196	56	57	38	4	1	73	0	36
 4242	56	56	38	4	1	74	0	36
 4287	56	56	38	4	1	75	0	36
 4332	56	56	38	4	1	76	0	36
 4378	55	56	38	4	1	76	0	36
 4423	55	56	38	4	1	77	0	36
 4468	55	55	38	4	1	78	0	36
 4514	54	55	38	4	1	79	0	36
 4559	54	54	38	4	1	79	0	36
 4605	54	54	38	4	1	80	0	36
 4650	53	54	38	4	1	81	0	36
 4695	53	53	37	4	1	82	0	36
 4741	53	53	37	4	1	82	0	36
 4786	53	53	37	4	1	83	0	36
 4831	52	52	37	4	1	84	0	36
 4877	52	52	37	4	1	85	0	36
 4922	52	52	37	4	1	85	0	36
 4967	52	52	38	4	1	86	0	36
 5013	52	52	37	4	1	87	0	36
 5058	51	51	38	4	1	88	0	36
 5103	51	51	37	4	1	88	0	36
 5149	51	51	37	4	1	89	0	36
 5194	51	51	37	4	1	90	0	35
 5239	50	51	37	4	1	91	0	35
 5285	50	50	38	4	1	91	0	35
 5330	50	50	38	4	1	92	0	35
 5375	50	50	38	4	1	93	0	35
 5421	50	50	38	12	1	94	0	35
 5466	50	50	38	12	1	94	0	35
 5511	50	50	38	12	1	95	0	35
 5557	49	49	38	12	1	96	0	35
 5602	49	49	38	12	1	97	0	35
 5648	49	49	38	12	1	97	0	35
 5693	49	49	38	12	1	98	0	35
 5738	49	49	38	12	1	99	0	35
 5784	49	49	38	12	1	100	0	35
 5829	49	49	38	12	1	100	0	35
 5874	49	49	38	12	1	101	0	35
 5920	49	49	38	12	1	102	0	35
 5965	49	49	38	12	1	103	0	35
 6010	49	49	37	12	1	104	0	35
 6056	48	48	38	12	1	104	0	35
 6101	48	49	38	12	1	105	0	35
 6146	48	48	38	12	1	106	0	35
 6192	48	48	38	12	1	107	0	35
 6237	48	48	38	12	1	107	0	35
 6282	48	48	38	12	1	108	0	35
 6328	48	48	38	12	1	109	0	35
 6373	48	48	38	12	1	110	0	35
 6418	48	48	38	12	1	110	0	35
 6464	48	48	38	12	1	111	0	35
 6509	48	48	38	12	1	112	0	35
 6555	48	48	38	12	1	113	0	35
 6600	47	48	38	12	1	113	0	35
 6645	47	47	38	12	1	114	0	35
 6691	47	47	37	12	1	115	0	35
 6736	47	47	38	12	1	116	0	35
 6781	47	47	37	12	1	116	0	35
 6827	47	47	38	12	1	117	0	35
 6872	47	47	38	12	1	118	0	35
 6917	47	47	37	12	1	119	0	35
 6963	47	47	37	12	1	119	0	35
 7008	47	47	38	12	1	120	0	35
 7053	47	47	38	12	1	121	0	35
 7099	46	46	38	12	1	122	0	35
 7144	46	46	37	12	1	122	0	35
 7189	47	46	38	12	1	123	0	35
 7235	46	46	38	4	2	64	0	35
 7280	46	46	38	4	2	65	0	35
 7325	46	46	37	4	2	65	0	35
 7371	46	46	37	4	2	66	0	35
 7416	46	46	37	4	2	67	0	35
 7462	46	46	37	4	2	68	0	35
 7507	46	46	37	4	2	68	0	35
 7552	46	46	36	4	2	69	0	35
 7598	46	46	36	4	2	70	0	35
 7643	46	45	37	4	2	71	0	35
 7688	45	45	37	4	2	71	0	35
 7734	45	45	37	4	2	72	0	35
 7779	45	45	37	4	2	73	0	35
 7824	45	45	37	4	2	74	0	34
 7870	45	45	37	4	2	74	0	34
 7915	45	45	37	4	2	75	0	34
 7960	45	45	37	4	2	76	0	34
 8006	45	45	37	4	2	77	0	34
 8051	45	45	37	4	2	78	0	34
 8096	45	45	38	4	2	78	0	34
 8142	45	45	38	4	2	79	0	34
 8187	44	45	37	4	2	80	0	34
 8232	44	45	37	4	2	81	0	34
 8278	44	44	37	4	2	81	0	34
 8323	44	44	37	4	2	82	0	34
 8369	44	44	37	4	2	83	0	34
 8414	44	44	37	4	2	84	0	34
 8459	44	44	37	4	2	84	0	34
 8505	44	44	37	4	2	85	0	34
 8550	44	44	37	4	2	86	0	34
 8595	44	44	37	4	2	87	0	34
 8641	44	44	37	4	2	87	0	34
 8686	44	44	37	4	2	88	0	34
 8731	44	43	37	4	2	89	0	34
 8777	44	44	37	4	2	90	0	34
 8822	43	43	37	4	2	90	0	34
 8867	43	44	37	4	2	91	0	34
 8913	43	43	37	4	2	92	0	34
 8958	43	43	37	4	2	93	0	34
 9003	43	43	37	4	2	93	0	34
 9049	43	43	37	12	2	94	0	34
 9094	43	43	37	12	2	95	0	34
 9139	43	43	37	12	2	96	0	34
 9185	43	43	37	12	2	96	0	34
 9230	43	43	37	12	2	97	0	34
 9276	43	43	37	12	2	98	0	34
 9321	43	43	37	12	2	99	0	34
 9366	43	43	37	12	2	99	0	34
 9412	43	43	37	12	2	100	0	34
 9457	43	42	37	12	2	101	0	34
 9502	43	42	38	12	2	102	0	34
 9548	43	42	38	12	2	102	0	34
 9593	42	42	37	12	2	103	0	34
 9638	42	42	37	12	2	104	0	34
 9684	42	42	37	12	2	105	0	34
 9729	42	42	37	8	2	105	0	34
 9774	43	42	37	8	2	106	0	34
 9820	43	42	37	8	2	107	0	34
 9865	43	42	37	8	2	108	0	34
 9910	43	42	37	8	2	108	0	34
 9956	43	42	37	8	2	109	0	34
 10001	42	42	37	12	2	110	0	34
 10046	43	42	37	12	2	111	0	34
 10092	42	42	37	12	2	112	0	34
 10137	42	42	37	12	2	112	0	34
 10183	42	42	37	12	2	113	0	34
 10228	42	42	37	12	2	114	0	34
 10273	42	42	37	12	2	115	0	34
 10319	42	42	37	12	2	115	0	34
 10364	42	42	37	12	2	116	0	34
 10409	42	42	37	12	2	117	0	34
 10455	42	42	37	12	2	118	0	34
 10500	42	42	37	12	2	118	0	34
 10545	42	41	37	12	2	119	0	34
 10591	42	41	37	12	2	120	0	34
 10636	42	42	37	12	2	121	0	34
 10681	42	41	37	12	2	121	0	34
 10727	42	41	37	12	2	122	0	34
 10772	42	41	37	12	2	123	0	34
 10818	42	41	37	4	3	64	0	33
 10863	41	41	37	4	3	64	0	33
 10908	41	41	37	4	3	65	0	33
 10953	41	41	37	4	3	66	0	33
 10999	41	41	37	4	3	67	0	33
 11044	41	41	37	4	3	67	0	33
 11090	41	41	37	4	3	68	0	33
 11136	41	41	37	4	3	69	0	33
 11180	41	41	37	4	3	70	0	33
 11226	41	41	37	4	3	70	0	33
 11271	41	41	37	4	3	71	0	33
 11316	41	41	37	4	3	72	0	33
 11362	41	41	37	4	3	73	0	33
 11407	41	40	37	4	3	73	0	33
 11452	41	41	37	4	3	74	0	33
 11498	41	41	37	4	3	75	0	33
 11543	41	40	37	4	3	76	0	33
 11588	41	40	37	4	3	76	0	33
 11634	41	40	38	4	3	77	0	33
 11679	41	40	37	4	3	78	0	33
 11724	41	40	36	4	3	79	0	33
 11770	41	40	37	4	3	79	0	33
 11815	41	40	37	4	3	80	0	33
 11860	41	40	36	4	3	81	0	33
 11906	40	40	37	4	3	82	0	33
 11951	40	40	36	4	3	83	0	33
 11997	40	40	37	4	3	83	0	33
 12042	40	40	36	4	3	84	0	33
 12087	40	40	37	4	3	85	0	33
 12133	40	40	37	4	3	86	0	33
 12178	40	40	37	4	3	86	0	33
 12223	40	40	37	4	3	87	0	33
 12269	40	40	37	4	3	88	0	33
 12314	40	40	36	4	3	89	0	33
 12359	40	40	36	4	3	89	0	33
 12405	40	40	36	4	3	90	0	33
 12450	40	40	36	4	3	91	0	33
 12495	40	40	36	4	3	92	0	33
 12541	40	39	36	4	3	92	0	33
 12586	40	39	37	4	3	93	0	33
 12631	40	39	37	12	3	94	0	33
 12677	40	39	37	12	3	95	0	33
 12722	40	39	37	12	3	95	0	33
 12767	40	39	37	12	3	96	0	33
 12813	40	39	37	12	3	97	0	33
 12858	40	39	37	12	3	98	0	33
 12903	39	39	37	12	3	98	0	33
 12949	40	39	37	12	3	99	0	33
 12994	39	39	37	12	3	100	0	33
 13040	40	39	37	12	3	101	0	33
 13085	39	39	37	12	3	101	0	33
 13130	39	39	37	12	3	102	0	33
 13176	39	39	36	12	3	103	0	33
 13221	39	39	36	12	3	104	0	33
 13266	39	39	37	12	3	104	0	33
 13312	39	39	36	12	3	105	0	33
 13357	39	39	37	12	3	106	0	33
 13402	39	39	36	12	3	107	0	33
 13448	39	39	36	12	3	107	0	33
 13493	39	39	36	12	3	108	0	33
 13538	39	39	36	12	3	109	0	33
 13584	39	39	36	12	3	110	0	33
 13629	39	39	37	12	3	110	0	33
 13674	39	39	36	12	3	111	0	33
 13720	39	38	36	12	3	112	0	33
 13765	39	38	37	12	3	113	0	33
 13810	39	38	37	12	3	113	0	33
 13856	39	38	37	12	3	114	0	33
 13901	38	38	37	12	3	115	0	33
 13947	38	38	36	12	3	116	0	33
 13992	38	38	36	12	3	117	0	33
 14037	38	38	36	12	3	117	0	33
 14083	38	38	36	12	3	118	0	33
 14128	38	38	36	12	3	119	0	32
 14173	38	38	36	12	3	120	0	33
 14219	38	38	36	12	3	120	0	33
 14264	38	38	36	12	3	121	0	33
 14309	38	38	36	12	3	122	0	33
 14355	38	38	36	12	3	123	0	32
 14400	38	37	36	12	3	123	0	32
 14446	38	37	36	4	4	64	0	32
 14491	38	37	36	4	4	65	0	32
 14536	38	37	36	4	4	66	0	32
 14581	38	37	36	4	4	66	0	32
 14627	38	37	36	4	4	67	0	32
 14672	38	37	36	4	4	68	0	32
 14717	37	37	36	4	4	69	0	32
 14763	38	37	36	4	4	69	0	32
 14808	37	37	36	4	4	70	0	32
 14854	38	37	36	4	4	71	0	32
 14899	38	37	36	4	4	72	0	32
 14944	38	37	36	4	4	72	0	32
 14990	38	37	36	4	4	73	0	32
 15035	37	37	36	4	4	74	0	32
 15080	37	37	36	4	4	75	0	32
 15126	37	37	36	4	4	75	0	32
 15171	37	37	36	4	4	76	0	32
 15216	37	37	36	4	4	77	0	32
 15262	37	37	36	4	4	78	0	32
 15307	37	37	36	4	4	78	0	32
 15352	37	37	36	4	4	79	0	32
 15398	37	37	36	4	4	80	0	32
 15443	37	37	36	4	4	81	0	32
 15488	37	37	36	4	4	81	0	32
 15534	37	37	36	4	4	82	0	32
 15579	37	37	36	4	4	83	0	32
 15624	37	37	36	4	4	84	0	32
 15670	37	37	36	4	4	84	0	32
 15715	37	36	36	4	4	85	0	32
 15761	37	37	36	4	4	86	0	32
 15806	37	37	36	4	4	87	0	32
 15851	37	37	36	4	4	87	0	32
 15897	37	36	36	4	4	88	0	32
 15942	37	37	36	4	4	89	0	32
 15987	37	36	36	4	4	90	0	32
 16033	37	36	36	4	4	91	0	32
 16078	37	36	36	4	4	91	0	32
 16123	37	36	36	4	4	92	0	32
 16169	37	36	36	4	4	93	0	32
 16214	37	36	36	12	4	94	0	32
 16259	37	36	36	12	4	94	0	32
 16305	37	36	36	12	4	95	0	32
 16350	37	36	36	12	4	96	0	32
 16395	37	36	36	12	4	97	0	32
 16441	37	36	36	12	4	97	0	32
 16486	36	36	36	12	4	98	0	32
 16531	37	36	36	12	4	99	0	32
 16577	37	36	36	12	4	100	0	32
 16622	37	36	37	12	4	100	0	32
 16668	36	36	36	12	4	101	0	32
 16713	36	36	36	12	4	102	0	32
 16758	37	36	36	12	4	103	0	32
 16804	36	36	36	12	4	103	0	32
 16849	36	36	36	12	4	104	0	32
 16894	36	36	36	12	4	105	0	32
 16940	36	36	36	12	4	106	0	32
 16985	36	36	36	12	4	106	0	32
 17030	36	36	36	12	4	107	0	32
 17076	36	36	36	12	4	108	0	32
 17121	36	36	36	12	4	109	0	32
 17166	36	36	36	12	4	109	0	32
 17212	36	36	36	12	4	110	0	32
 17257	36	36	36	12	4	111	0	32
 17302	36	36	36	12	4	112	0	32
 17348	36	36	36	12	4	112	0	32
 17393	36	35	36	12	4	113	0	32
 17438	36	36	36	12	4	114	0	32
 17484	36	36	36	12	4	115	0	32
 17529	36	36	36	12	4	115	0	32
 17575	36	35	36	12	4	116	0	32
 17620	36	35	36	12	4	117	0	32
 17665	36	35	36	12	4	118	0	32
 17711	36	35	36	12	4	118	0	32
 17756	36	35	36	12	4	119	0	32
 17801	36	36	35	12	4	120	0	32
 17847	36	35	36	12	4	121	0	32
 17892	36	35	35	12	4	121	0	32
 17937	36	35	36	12	4	122	0	32
 17983	36	35	36	12	4	123	0	32
 18028	36	35	36	4	5	64	0	32
 18073	36	35	36	4	5	65	0	32
 18119	36	35	36	4	5	65	0	32
 18165	36	35	36	4	5	66	0	32
 18209	36	35	36	4	5	67	0	32
 18255	36	35	35	4	5	68	0	32
 18300	35	35	35	4	5	68	0	32
 18345	35	35	35	4	5	69	0	32
 18391	35	35	36	4	5	70	0	32
 18436	35	35	36	4	5	71	0	32
 18482	35	35	36	4	5	71	0	32
 18527	35	35	36	4	5	72	0	32
 18572	35	35	36	4	5	73	0	32
 18618	35	35	35	4	5	74	0	32
 18663	35	35	36	4	5	74	0	32
 18708	35	35	35	4	5	75	0	32
 18754	35	35	35	4	5	76	0	32
 18799	35	35	35	4	5	77	0	32
 18844	35	35	35	4	5	77	0	32
 18890	35	35	35	4	5	78	0	31
 18935	35	35	35	4	5	79	0	31
 18980	35	35	35	4	5	80	0	31
 19026	35	35	35	4	5	80	0	31
 19071	35	35	35	4	5	81	0	31
 19116	35	35	35	4	5	82	0	31
 19162	35	35	35	4	5	83	0	31
 19207	35	35	35	4	5	83	0	31
 19252	35	35	35	4	5	84	0	31
 19298	35	35	35	4	5	85	0	31
 19343	35	34	35	4	5	86	0	31
 19388	35	35	35	4	5	86	0	31
 19434	35	34	35	4	5	87	0	31
 19479	35	35	35	4	5	88	0	31
 19525	35	35	35	4	5	89	0	31
 19570	35	34	35	4	5	89	0	31
 19615	35	35	35	4	5	90	0	31
 19661	35	35	35	4	5	91	0	31
 19706	35	34	35	4	5	92	0	31
 19751	35	34	35	4	5	92	0	31
 19797	35	34	35	4	5	93	0	31
 19842	35	34	35	12	5	94	0	31
 19887	35	34	35	12	5	95	0	31
 19933	35	34	35	12	5	96	0	31
 19978	35	34	35	12	5	96	0	31
 20023	35	34	35	12	5	97	0	31
 20069	35	34	35	12	5	98	0	31
 20114	35	34	36	12	5	99	0	31
 20159	35	34	35	12	5	99	0	31
 20205	35	34	35	12	5	100	0	31
 20251	35	34	35	12	5	101	0	31
 20295	35	34	35	12	5	102	0	31
 20341	35	34	35	12	5	102	0	31
 20386	34	34	35	12	5	103	0	31
 20432	35	34	34	12	5	104	0	31
 20477	35	34	35	12	5	105	0	31
 20522	34	34	35	12	5	105	0	31
 20568	34	34	35	12	5	106	0	31
 20613	35	34	35	12	5	107	0	31
 20658	34	34	35	12	5	108	0	31
 20704	34	34	35	12	5	108	0	31
 20749	34	34	35	12	5	109	0	31
 20794	34	34	35	12	5	110	0	31
 20840	35	34	35	12	5	111	0	31
 20885	34	34	35	12	5	111	0	31
 20930	34	34	35	12	5	112	0	31
 20976	34	34	35	12	5	113	0	31
 21021	34	34	35	12	5	114	0	31
 21066	34	34	35	12	5	114	0	31
 21112	34	34	35	12	5	115	0	31
 21157	34	34	35	12	5	116	0	31
 21202	34	34	35	12	5	117	0	31
 21248	34	34	35	12	5	117	0	31
 21293	34	34	35	12	5	118	0	31
 21339	34	34	35	12	5	119	0	31
 21384	34	34	35	12	5	120	0	31
 21429	34	34	35	12	5	120	0	31
 21475	34	34	35	12	5	121	0	31
 21520	34	34	35	12	5	122	0	31
 21565	34	34	35	12	5	123	0	31
 21611	34	34	35	12	5	123	0	31
 21656	34	34	35	4	6	64	0	31
 21701	34	34	35	4	6	65	0	31
 21747	34	34	35	4	6	66	0	31
 21792	34	34	35	4	6	66	0	31
 21837	34	34	35	4	6	67	0	31
 21883	34	34	35	4	6	68	0	31
 21928	34	34	35	4	6	69	0	31
 21973	34	33	35	4	6	70	0	31
 22019	34	33	35	4	6	70	0	31
 22064	34	33	35	4	6	71	0	31
 22109	34	33	35	4	6	72	0	31
 22155	33	33	35	4	6	73	0	31
 22200	33	33	35	4	6	73	0	31
 22246	33	33	35	4	6	74	0	31
 22291	33	33	35	4	6	75	0	31
 22336	33	33	35	4	6	76	0	31
 22382	33	33	35	4	6	76	0	31
 22427	33	33	35	4	6	77	0	31
 22472	33	33	35	4	6	78	0	31
 22518	33	33	35	4	6	79	0	31
 22563	33	33	35	4	6	79	0	31
 22608	33	33	35	0	6	80	0	31
 22654	34	33	35	0	6	81	0	31
 22699	33	33	35	0	6	82	0	31
 22744	34	33	35	0	6	82	0	31
 22790	34	33	35	0	6	83	0	31
 22835	34	33	36	0	6	84	0	31
 22880	34	33	35	4	6	85	0	31
 22926	34	33	35	4	6	85	0	31
 22971	33	33	35	4	6	86	0	31
 23016	34	33	35	4	6	87	0	31
 23062	33	33	35	4	6	88	0	31
 23107	33	33	35	4	6	88	0	31
 23152	33	33	36	4	6	89	0	31
 23198	33	33	35	4	6	90	0	31
 23243	33	33	35	4	6	91	0	31
 23289	33	33	35	4	6	91	0	31
 23334	33	33	35	4	6	92	0	31
 23379	33	33	35	4	6	93	0	31
 23425	33	33	35	12	6	94	0	30
 23470	33	33	35	12	6	94	0	30
 23515	33	33	35	12	6	95	0	31
 23561	33	33	35	12	6	96	0	31
 23606	33	33	35	12	6	97	0	31
 23651	33	33	35	12	6	97	0	30
 23697	33	33	35	12	6	98	0	31
 23742	33	33	35	12	6	99	0	31
 23787	33	33	35	12	6	100	0	31
 23833	33	33	35	12	6	100	0	30
 23878	33	33	35	12	6	101	0	30
 23923	33	33	35	12	6	102	0	30
 23969	33	33	35	12	6	103	0	30
 24014	33	33	35	12	6	104	0	30
 24059	33	33	35	12	6	104	0	30
 24106	33	33	35	12	6	105	0	30
 24150	33	33	35	12	6	106	0	30
 24196	33	33	35	12	6	107	0	30
 24241	33	33	36	12	6	107	0	30
 24286	33	33	35	12	6	108	0	30
 24332	36	32	35	12	6	109	0	30
 24377	34	32	35	12	6	110	0	30
 24422	36	32	35	12	6	110	0	31
 24468	34	32	35	12	6	111	0	31
 24513	33	33	35	12	6	112	0	31
 24558	33	33	35	12	6	113	0	31
 24604	33	33	35	12	6	113	0	31
 24649	33	33	35	12	6	114	0	31
 24694	33	33	35	12	6	115	0	31
 24740	33	32	35	12	6	116	0	30
 24818	33	32	35	13	6	117	0	30
 24863	41	32	35	13	6	118	0	30
 24910	63	32	35	13	6	118	0	30
 24954	92	33	35	13	6	119	0	30
 25000	97	35	35	13	6	120	0	30
 25045	98	39	35	13	6	121	0	30
 25090	85	43	35	13	6	121	0	30
 25136	69	46	35	9	6	122	0	30
 25181	56	46	35	9	6	123	0	30
 25226	49	45	35	3	7	64	0	31
 25272	45	43	35	3	7	64	0	31
 25317	42	41	35	3	7	65	0	31
 25362	41	40	35	3	7	66	0	31
 25408	41	40	35	3	7	67	0	31
 25453	41	40	35	3	7	67	0	31
 25498	41	41	35	3	7	68	0	31
 25544	43	42	35	3	7	69	0	31
 25589	53	42	35	3	7	70	0	31
 25634	73	43	35	3	7	71	0	31
 25680	95	44	35	3	7	71	0	31
 25725	96	46	35	3	7	72	0	31
 25770	95	49	35	3	7	73	0	31
 25816	86	53	35	3	7	74	0	31
 25861	72	54	35	3	7	74	0	31
 25906	62	55	35	3	7	75	0	31
 25952	61	54	35	3	7	76	0	31
 25997	71	53	35	3	7	77	0	31
 26043	89	52	36	3	7	77	0	31
 26088	94	53	35	3	7	78	0	31
 26134	96	55	35	3	7	79	0	31
 26179	88	58	35	3	7	80	0	31
 26224	77	61	35	3	7	80	0	31
 26269	80	63	35	3	7	81	0	31
 26315	86	63	35	3	7	82	0	31
 26360	91	63	35	3	7	83	0	31
 26405	92	64	35	3	7	83	0	31
 26451	92	65	35	3	7	84	0	32
 26496	91	67	35	3	7	85	0	32
 26542	91	69	35	3	7	86	0	32
 26587	92	70	35	3	7	86	0	32
 26632	94	72	36	3	7	87	0	32
 26677	93	73	35	3	7	88	0	32
 26723	93	74	36	3	7	89	0	32
 26768	94	75	36	3	7	89	0	32
 26813	95	75	36	3	7	90	0	32
 26859	95	76	36	3	7	91	0	32
 26904	94	77	36	3	7	92	0	32
 26950	95	78	36	3	7	92	0	32
 26995	96	78	36	3	7	93	0	32
 27040	96	79	36	11	7	94	0	32
 27086	94	80	36	11	7	95	0	32
 27131	96	80	36	15	7	96	0	32
 27176	95	81	36	15	7	96	0	32
 27222	94	81	36	15	7	97	0	32
 27267	95	82	36	15	7	98	0	32
 27312	96	82	36	15	7	99	0	32
 27358	94	83	36	15	7	99	0	32
 27403	95	83	36	15	7	100	0	33
 27448	96	84	36	15	7	101	0	33
 27494	94	84	36	15	7	102	0	33
 27539	96	84	36	15	7	102	0	33
 27584	96	85	36	15	7	103	0	33
 27630	92	85	36	11	7	104	0	33
 27675	88	85	36	11	7	105	0	33
 27720	86	85	36	11	7	105	0	33
 27766	84	85	36	11	7	106	0	33
 27811	88	84	36	11	7	107	0	33
 27857	94	83	36	11	7	108	0	33
 27903	95	83	36	11	7	108	0	33
 27947	93	83	36	11	7	109	0	33
 27993	95	84	36	15	7	110	0	33
 28038	94	85	36	15	7	111	0	33
 28083	93	85	36	15	7	111	0	33
 28129	94	85	36	15	7	112	0	33
 28174	94	85	36	15	7	113	0	33
 28219	93	85	36	15	7	114	0	34
 28265	95	85	36	15	7	114	0	34
 28310	93	85	36	15	7	115	0	34
 28355	93	85	36	15	7	116	0	33
 28401	95	85	36	15	7	117	0	33
 28446	93	85	36	15	7	117	0	33
 28491	93	85	35	15	7	118	0	33
 28537	94	86	36	15	7	119	0	34
 28583	92	86	36	15	7	120	0	34
 28627	94	86	36	15	7	120	0	34
 28673	93	86	36	15	7	121	0	34
 28718	90	84	36	11	7	122	0	34
 28764	83	81	36	11	7	123	0	34
 28809	80	80	36	11	7	123	0	34
 28854	83	79	36	3	8	64	0	34
 28900	91	77	36	3	8	65	0	34
 28945	92	76	36	3	8	66	0	34
 28990	93	76	36	3	8	66	0	34
 29036	93	77	36	3	8	67	0	34
 29081	94	77	36	3	8	68	0	34
 29126	93	78	36	7	8	69	0	34
 29172	92	79	36	7	8	70	0	34
 29217	92	79	36	7	8	70	0	34
 29262	93	79	36	7	8	71	0	34
 29308	94	80	36	7	8	72	0	34
 29353	93	80	36	7	8	73	0	34
 29398	92	80	36	7	8	73	0	34
 29444	93	81	36	7	8	74	0	34
 29489	94	81	36	7	8	75	0	34
 29535	92	81	36	7	8	76	0	34
 29580	94	82	36	7	8	76	0	34
 29625	88	82	37	3	8	77	0	34
 29671	84	82	36	3	8	78	0	34
 29716	83	83	36	3	8	79	0	34
 29761	83	83	37	3	8	79	0	35
 29807	88	82	37	3	8	80	0	35
 29852	92	81	37	3	8	81	0	34
 29897	93	81	37	3	8	82	0	34
 29943	91	82	37	3	8	82	0	34
 29988	91	83	38	7	8	83	0	34
 30033	91	84	37	7	8	84	0	34
 30079	91	84	37	7	8	85	0	34
 30124	91	84	37	7	8	85	0	34
 30169	91	84	37	7	8	86	0	34
 30215	91	84	37	7	8	87	0	34
 30260	91	84	37	7	8	88	0	34
 30306	91	84	37	7	8	88	0	35
 30351	91	84	38	7	8	89	0	34
 30396	91	84	37	7	8	90	0	35
 30442	91	84	37	7	8	91	0	34
 30487	90	84	37	7	8	91	0	35
 30532	90	84	37	7	8	92	0	35
 30578	90	84	37	7	8	93	0	35
 30623	90	84	37	15	8	94	0	35
 30668	92	84	37	15	8	94	0	35
 30714	91	84	37	15	8	95	0	35
 30759	91	84	37	11	8	96	0	35
 30804	87	84	37	11	8	97	0	35
 30850	84	84	37	11	8	97	0	35
 30895	84	84	37	11	8	98	0	35
 30940	87	83	37	11	8	99	0	35
 30986	91	82	37	11	8	100	0	35
 31031	92	82	37	11	8	100	0	35
 31076	90	82	37	11	8	101	0	35
 31122	90	83	37	15	8	102	0	35
 31167	90	83	37	15	8	103	0	35
 31213	90	83	37	15	8	104	0	35
 31258	90	83	37	15	8	104	0	35
 31303	89	83	37	15	8	105	0	35
 31349	90	83	37	15	8	106	0	35
 31394	90	83	37	15	8	107	0	35
 31439	89	83	37	15	8	107	0	35
 31485	89	83	37	15	8	108	0	35
 31530	90	83	37	15	8	109	0	35
 31575	90	83	37	15	8	110	0	35
 31621	91	83	37	15	8	110	0	35
 31666	90	83	37	15	8	111	0	35
 31711	90	83	37	15	8	112	0	35
 31757	90	83	38	15	8	113	0	35
 31802	91	83	37	15	8	113	0	35
 31847	89	83	38	15	8	114	0	35
 31893	91	83	38	15	8	115	0	35
 31938	89	83	38	15	8	116	0	35
 31984	88	83	38	11	8	116	0	36
 32029	85	83	38	11	8	117	0	36
 32075	82	82	38	11	8	118	0	35
 32120	83	82	38	11	8	119	0	35
 32165	89	81	38	11	8	119	0	35
 32210	89	80	38	11	8	120	0	35
 32256	89	80	38	11	8	121	0	35
 32301	89	81	38	15	8	122	0	35
 32346	89	81	38	15	8	122	0	35
 32392	89	82	38	15	8	123	0	36
 32437	88	82	38	7	9	64	0	36
 32482	89	82	38	7	9	65	0	35
 32528	89	82	39	7	9	65	0	35
 32573	89	82	38	7	9	66	0	35
 32618	89	82	39	7	9	67	0	35
 32664	88	81	38	7	9	68	0	35
 32709	88	81	39	7	9	68	0	35
 32755	88	81	39	7	9	69	0	35
 32800	88	81	39	7	9	70	0	35
 32845	87	81	39	7	9	71	0	35
 32891	87	81	39	7	9	71	0	35
 32936	87	81	39	7	9	72	0	35
 32981	87	81	39	7	9	73	0	35
 33027	89	81	39	7	9	74	0	36
 33072	88	81	39	7	9	74	0	36
 33117	88	81	39	7	9	75	0	36
 33163	89	81	39	7	9	76	0	36
 33208	86	81	39	3	9	77	0	36
 33253	82	81	39	3	9	78	0	36
 33299	80	80	39	3	9	78	0	36
 33344	81	80	39	3	9	79	0	36
 33389	87	78	39	3	9	80	0	36
 33435	87	78	39	3	9	81	0	36
 33480	87	78	39	3	9	81	0	36
 33525	87	79	40	7	9	82	0	36
 33571	87	79	39	7	9	83	0	36
 33616	87	79	39	7	9	84	0	36
 33662	87	79	39	7	9	84	0	36
 33707	87	79	39	7	9	85	0	36
 33752	87	79	39	7	9	86	0	36
 33798	87	79	40	7	9	87	0	36
 33843	87	79	39	7	9	87	0	36
 33888	86	79	39	7	9	88	0	36
 33934	86	79	40	7	9	89	0	36
 33979	86	79	40	7	9	90	0	36
 34024	86	79	39	7	9	90	0	36
 34070	86	79	40	7	9	91	0	36
 34115	86	79	40	7	9	92	0	36
 34160	85	79	40	7	9	93	0	36
 34206	85	79	40	7	9	93	0	36
 34251	85	79	40	15	9	94	0	36
 34296	85	79	40	15	9	95	0	36
 34342	85	79	40	15	9	96	0	36
 34387	84	79	40	15	9	96	0	36
 34432	83	79	40	11	9	97	0	36
 34478	80	78	40	11	9	98	0	36
 34523	78	78	40	11	9	99	0	36
 34569	79	77	40	11	9	99	0	36
 34614	82	76	40	11	9	100	0	36
 34659	80	75	40	11	9	101	0	36
 34705	80	76	40	11	9	102	0	36
 34750	80	76	40	15	9	102	0	36
 34795	80	76	40	15	9	103	0	36
 34841	80	76	41	15	9	104	0	36
 34886	80	76	41	15	9	105	0	36
 34931	80	76	41	15	9	105	0	36
 34977	79	75	41	15	9	106	0	36
 35022	76	75	41	15	9	107	0	36
 35067	75	75	41	15	9	108	0	36
 35113	76	75	41	15	9	108	0	36
 35158	77	74	41	15	9	109	0	36
 35203	78	73	41	15	9	110	0	36
 35249	77	73	41	15	9	111	0	36
 35294	74	73	41	15	9	112	0	36
 35340	73	73	41	15	9	112	0	36
 35385	72	73	41	15	9	113	0	36
 35430	74	72	41	15	9	114	0	36
 35476	76	72	41	15	9	115	0	36
 35521	73	71	42	15	9	115	0	36
 35566	72	71	41	15	9	116	0	36
 35612	71	72	42	15	9	117	0	36
 35657	71	71	41	15	9	118	0	36
 35702	74	70	43	15	9	118	0	36
 35748	73	70	42	15	9	119	0	36
 35793	70	70	42	15	9	120	0	36
 35838	70	70	43	15	9	121	0	36
 35884	69	70	42	15	9	121	0	36
 35929	72	69	42	15	9	122	0	36
 35974	72	69	43	15	9	123	0	36
 36020	69	68	43	4	10	64	0	36
 36065	68	68	43	4	10	64	0	36
 36111	68	68	43	4	10	65	0	36
 36156	67	67	43	4	10	66	0	36
 36201	67	67	43	4	10	67	0	36
 36247	67	66	43	4	10	67	0	36
 36292	67	66	43	4	10	68	0	36
 36337	68	65	43	4	10	69	0	36
 36383	68	65	43	4	10	70	0	36
 36428	68	65	43	4	10	70	0	37
 36473	68	65	43	4	10	71	0	36
 36519	68	65	44	4	10	72	0	36
 36564	68	64	43	4	10	73	0	37
 36609	68	64	44	4	10	73	0	37
 36655	67	64	44	4	10	74	0	37
 36700	67	63	45	4	10	75	0	37
 36745	67	63	44	4	10	76	0	37
 36791	67	63	44	4	10	76	0	37
 36836	66	62	44	4	10	77	0	37
 36881	66	62	45	4	10	78	0	37
 36927	66	62	45	4	10	79	0	37
 36972	66	62	45	4	10	79	0	37
 37018	65	62	45	4	10	80	0	37
 37063	65	62	45	4	10	81	0	37
 37109	65	62	45	4	10	82	0	36
 37154	65	62	46	4	10	83	0	36
 37200	64	61	46	4	10	83	0	37
 37244	64	61	47	4	10	84	0	37
 37290	64	61	47	4	10	85	0	36
 37335	64	61	47	4	10	86	0	36
 37380	64	61	47	4	10	86	0	36
 37426	64	61	47	4	10	87	0	36
 37471	64	61	48	4	10	88	0	37
 37516	63	61	48	4	10	89	0	36
 37562	63	61	48	4	10	89	0	36
 37607	63	61	49	4	10	90	0	37
 37652	63	61	49	4	10	91	0	37
 37698	63	61	49	4	10	92	0	36
 37743	63	61	49	4	10	92	0	37
 37789	63	60	49	4	10	93	0	36
 37834	63	60	49	12	10	94	0	37
 37879	62	60	49	12	10	95	0	36
 37925	62	60	49	12	10	95	0	36
 37970	62	60	49	12	10	96	0	36
 38015	62	59	49	12	10	97	0	36
 38061	62	59	49	12	10	98	0	36
 38106	62	59	49	12	10	98	0	36
 38151	62	59	49	12	10	99	0	36
 38197	62	59	49	12	10	100	0	36
 38242	61	58	49	12	10	101	0	36
 38288	61	58	49	12	10	101	0	36
 38333	61	58	49	12	10	102	0	36
 38378	61	57	50	12	10	103	0	36
 38423	60	57	50	12	10	104	0	36
 38469	60	57	51	12	10	104	0	36
 38514	60	57	51	12	10	105	0	36
 38559	60	56	51	12	10	106	0	36
 38605	59	56	52	12	10	107	0	36
 38650	59	56	52	12	10	107	0	36
 38696	59	55	52	12	10	108	0	36
 38741	58	55	52	12	10	109	0	36
 38786	58	54	51	12	10	110	0	36
 38832	58	54	51	12	10	110	0	36
 38877	58	54	52	12	10	111	0	36
 38922	57	54	52	12	10	112	0	36
 38968	57	53	52	12	10	113	0	36
 39013	57	53	51	12	10	113	0	36
 39058	57	53	52	12	10	114	0	36
 39104	56	52	52	12	10	115	0	36
 39149	56	52	52	12	10	116	0	36
 39194	56	52	52	12	10	117	0	36
 39240	56	52	52	12	10	117	0	36
 39285	56	52	52	12	10	118	0	36
 39330	56	52	52	12	10	119	0	36
 39376	56	52	51	12	10	120	0	36
 39430	55	52	51	12	10	120	0	36
 39476	55	52	51	12	10	121	0	36
 39521	55	52	52	12	10	122	0	36
 39566	55	51	52	12	10	123	0	36
 39613	55	51	53	12	10	123	0	36
 39657	55	51	53	36	11	64	0	36
 39702	55	51	53	36	11	65	0	36
 39748	55	51	53	36	11	66	0	36
 39793	54	51	53	36	11	66	0	36
 39838	54	50	53	36	11	67	0	36
 39884	54	50	53	36	11	68	0	36
 39929	54	50	53	36	11	69	0	36
 39974	54	50	53	36	11	70	0	36
 40020	54	50	52	36	11	70	0	36
 40065	54	50	53	36	11	71	0	36
 40110	54	50	52	36	11	72	0	36
 40156	53	50	53	36	11	73	0	36
 40201	53	50	53	36	11	73	0	36
 40246	53	49	53	36	11	74	0	36
 40292	53	49	53	36	11	75	0	36
 40337	53	49	52	36	11	76	0	36
 40383	53	49	52	36	11	76	0	36
 40428	53	49	52	36	11	77	0	36
 40473	53	49	53	36	11	78	0	36
 40519	53	49	52	36	11	79	0	36
 40564	53	49	52	36	11	79	0	36
 40609	53	49	52	36	11	80	0	36
 40655	53	48	52	36	11	81	0	36
 40700	53	49	52	36	11	82	0	36
 40745	52	48	52	36	11	82	0	36
 40791	52	48	52	36	11	83	0	36
 40836	52	48	52	36	11	84	0	36
 40881	52	48	52	36	11	85	0	36
 40927	52	48	52	36	11	85	0	36
 40972	52	48	52	36	11	86	0	36
 41017	52	48	52	36	11	87	0	36
 41063	52	48	52	36	11	88	0	36
 41108	52	48	52	36	11	88	0	36
 41153	52	48	52	36	11	89	0	36
 41199	52	47	52	36	11	90	0	36
 41244	52	47	52	36	11	91	0	36
 41290	51	47	52	36	11	91	0	36
 41335	51	47	51	36	11	92	0	36
 41380	51	47	51	36	11	93	0	36
 41426	51	47	51	44	11	94	0	36
 41471	51	47	52	44	11	94	0	36
 41516	51	47	52	44	11	95	0	36
 41562	51	46	52	44	11	96	0	36
 41607	51	46	52	44	11	97	0	36
 41652	51	46	52	44	11	97	0	36
 41698	51	46	52	44	11	98	0	36
 41743	51	46	52	44	11	99	0	36
 41788	51	46	53	44	11	100	0	36
 41834	50	46	53	44	11	100	0	36
 41879	50	46	53	44	11	101	0	36
 41924	50	46	54	44	11	102	0	36
 41970	50	46	54	44	11	103	0	36
 42015	50	46	54	44	11	104	0	36
 42060	50	46	55	44	11	104	0	36
 42106	50	46	55	44	11	105	0	36
 42151	50	46	54	44	11	106	0	36
 42197	50	46	55	44	11	107	0	36
 42242	50	46	55	44	11	107	0	36
 42287	50	46	55	44	11	108	0	36
 42333	50	46	55	44	11	109	0	36
 42378	50	45	55	44	11	110	0	36
 42423	50	46	55	44	11	110	0	36
 42469	50	45	55	44	11	111	0	36
 42514	50	45	55	44	11	112	0	36
 42559	49	45	55	44	11	113	0	36
 42605	49	45	55	44	11	113	0	36
 42650	49	45	55	44	11	114	0	36
 42696	49	45	55	44	11	115	0	36
 42741	49	45	55	44	11	116	0	36
 42786	49	45	55	44	11	116	0	36
 42831	49	45	55	44	11	117	0	36
 42877	49	45	55	44	11	118	0	36
 42922	49	45	55	44	11	119	0	36
 42967	49	44	55	44	11	119	0	36
 43013	49	44	55	44	11	120	0	36
 43058	49	44	55	44	11	121	0	36
 43104	49	44	55	44	11	122	0	36
 43149	49	44	56	44	11	122	0	36
 43194	49	44	56	44	11	123	0	36
 43240	48	44	56	36	12	64	0	36
 43285	48	44	57	36	12	65	0	37
 43330	48	44	57	36	12	65	0	36
 43376	48	44	57	36	12	66	0	36
 43421	48	44	58	36	12	67	0	36
 43466	48	43	58	36	12	68	0	36
 43512	48	43	58	36	12	68	0	36
 43557	48	43	57	36	12	69	0	36
 43602	48	43	57	36	12	70	0	37
 43648	48	43	58	36	12	71	0	36
 43693	48	43	58	32	12	71	0	37
 43738	48	43	58	32	12	72	0	36
 43784	51	43	58	32	12	73	0	37
 43829	54	43	58	32	12	74	0	37
 43874	56	43	58	32	12	74	0	37
 43920	58	43	58	32	12	75	0	37
 43965	58	43	59	36	12	76	0	37
 44011	58	43	59	36	12	77	0	37
 44056	55	43	59	36	12	78	0	37
 44101	53	43	60	36	12	78	0	37
 44147	52	43	60	36	12	79	0	37
 44192	51	43	60	36	12	80	0	37
 44237	50	43	60	36	12	81	0	37
 44283	50	43	60	36	12	81	0	37
 44328	49	43	60	36	12	82	0	37
 44373	49	42	60	36	12	83	0	37
 44419	49	42	60	36	12	84	0	37
 44464	49	42	60	36	12	84	0	37
 44509	49	42	60	36	12	85	0	37
 44555	49	42	60	36	12	86	0	37
 44600	49	42	60	36	12	87	0	38
 44645	48	42	61	36	12	87	0	38
 44691	48	42	61	36	12	88	0	38
 44736	48	42	61	36	12	89	0	38
 44781	48	42	61	36	12	90	0	38
 44827	48	42	61	36	12	90	0	38
 44872	48	42	61	36	12	91	0	38
 44917	48	42	60	36	12	92	0	38
 44963	48	42	60	36	12	93	0	38
 45008	48	42	60	36	12	93	0	38
 45054	48	42	60	44	12	94	0	38
 45099	48	42	60	44	12	95	0	38
 45144	48	42	61	44	12	96	0	38
 45190	48	41	62	44	12	96	0	38
 45235	48	41	61	44	12	97	0	38
 45280	48	42	61	44	12	98	0	38
 45326	47	42	61	44	12	99	0	38
 45371	47	41	62	44	12	99	0	38
 45416	47	41	60	44	12	100	0	38
 45462	47	41	61	44	12	101	0	38
 45507	47	41	61	44	12	102	0	38
 45552	47	41	61	44	12	102	0	38
 45598	47	41	62	44	12	103	0	38
 45643	47	41	63	44	12	104	0	38
 45689	47	41	62	44	12	105	0	38
 45734	47	41	62	44	12	105	0	38
 45779	47	41	62	44	12	106	0	38
 45824	47	41	62	44	12	107	0	38
 45870	47	41	62	44	12	108	0	38
 45915	47	41	62	44	12	108	0	39
 45961	47	41	63	44	12	109	0	39
 46006	47	41	63	44	12	110	0	39
 46051	47	41	63	44	12	111	0	39
 46097	47	41	63	44	12	112	0	39
 46142	47	41	63	44	12	112	0	39
 46187	47	41	64	44	12	113	0	39
 46233	47	40	63	44	12	114	0	39
 46278	47	40	63	44	12	115	0	39
 46323	47	40	64	44	12	115	0	39
 46369	47	40	63	44	12	116	0	39
 46414	47	40	64	44	12	117	0	39
 46459	47	40	64	44	12	118	0	39
 46505	47	40	64	44	12	118	0	39
 46550	47	40	63	44	12	119	0	39
 46595	47	40	63	44	12	120	0	39
 46641	47	40	64	44	12	121	0	39
 46686	47	40	64	44	12	121	0	39
 46732	47	40	64	44	12	122	0	39
 46777	47	40	64	44	12	123	0	39
 46822	47	40	63	36	13	64	0	39
 46868	47	40	63	36	13	64	0	39
 46913	47	40	62	36	13	65	0	39
 46958	47	40	61	36	13	66	0	39
 47004	47	40	61	36	13	67	0	39
 47049	47	40	62	36	13	67	0	39
 47094	47	40	63	36	13	68	0	39
 47140	47	40	63	36	13	69	0	39
 47185	47	40	63	36	13	70	0	39
 47230	47	40	63	36	13	70	0	39
 47276	47	40	63	36	13	71	0	39
 47321	47	40	63	36	13	72	0	39
 47366	47	39	63	36	13	73	0	39
 47421	47	39	63	36	13	74	0	39
 47466	47	40	62	36	13	74	0	40
 47512	47	39	63	36	13	75	0	39
 47557	47	39	63	36	13	76	0	40
 47607	47	39	63	36	13	77	0	40
 47648	46	39	63	36	13	77	0	39
 47694	46	39	62	36	13	78	0	39
 47738	46	39	62	36	13	79	0	39
 47784	46	39	62	36	13	80	0	39
 47829	46	39	62	36	13	80	0	39
 47874	46	39	63	36	13	81	0	38
 47920	46	39	63	36	13	82	0	38
 47965	46	39	63	36	13	83	0	39
 48010	46	39	64	36	13	83	0	39
 48056	46	39	63	36	13	84	0	39
 48101	46	39	63	36	13	85	0	39
 48146	46	39	63	36	13	86	0	38
 48192	46	39	62	36	13	86	0	38
 48237	46	39	63	36	13	87	0	38
 48283	46	39	63	36	13	88	0	38
 48328	46	39	63	36	13	89	0	38
 48373	46	39	63	36	13	89	0	38
 48419	46	39	64	36	13	90	0	38
 48464	46	39	64	36	13	91	0	38
 48509	46	39	64	36	13	92	0	38
 48555	46	39	64	36	13	92	0	38
 48600	46	39	65	36	13	93	0	38
 48645	46	39	65	44	13	94	0	39
 48691	46	39	64	44	13	95	0	39
 48736	46	39	65	44	13	96	0	39
 48781	46	39	64	44	13	96	0	38
 48827	46	39	64	44	13	97	0	39
 48872	46	39	63	44	13	98	0	39
 48917	46	38	62	44	13	99	0	39
 48963	45	38	62	44	13	99	0	39
 49008	45	39	61	44	13	100	0	39
 49054	45	38	61	44	13	101	0	39
 49099	45	38	61	44	13	102	0	39
 49144	45	38	61	44	13	102	0	39
 49190	45	38	61	44	13	103	0	39
 49235	45	38	62	44	13	104	0	38
 49280	45	38	63	44	13	105	0	38
 49326	45	38	64	44	13	105	0	38
 49371	45	38	64	44	13	106	0	38
 49416	45	38	64	44	13	107	0	38
 49462	45	38	64	44	13	108	0	38
 49507	45	38	64	44	13	108	0	38
 49552	45	38	64	44	13	109	0	38
 49598	45	38	65	44	13	110	0	38
 49643	45	38	66	44	13	111	0	38
 49688	45	38	66	44	13	112	0	38
 49734	45	38	66	44	13	112	0	38
 49779	45	38	66	44	13	113	0	38
 49824	45	38	66	44	13	114	0	38
 49870	45	38	67	44	13	115	0	38
 49915	45	38	67	44	13	115	0	38
 49961	45	38	67	44	13	116	0	38
 50006	45	37	66	44	13	117	0	38
 50051	45	37	66	44	13	118	0	38
 50097	45	37	65	44	13	118	0	38
 50142	45	37	65	44	13	119	0	38
 50187	45	37	65	44	13	120	0	38
 50233	45	37	64	44	13	121	0	38
 50278	44	38	64	44	13	121	0	38
 50323	44	37	64	44	13	122	0	38
 50369	44	37	65	44	13	123	0	38
 50414	44	37	65	36	14	64	0	38
 50459	44	37	65	36	14	64	0	38
 50505	44	37	64	36	14	65	0	39
 50550	44	37	64	36	14	66	0	39
 50596	44	37	64	36	14	67	0	39
 50641	44	37	64	36	14	67	0	39
 50686	44	37	64	36	14	68	0	39
 50732	44	37	63	36	14	69	0	39
 50777	44	37	63	36	14	70	0	40
 50822	44	37	63	36	14	70	0	40
 50868	44	37	63	36	14	71	0	40
 50914	44	37	63	36	14	72	0	40
 50958	44	37	63	36	14	73	0	41
 51004	44	37	63	36	14	73	0	41
 51049	44	36	63	36	14	74	0	41
 51094	44	37	63	36	14	75	0	41
 51140	44	36	63	36	14	76	0	41
 51185	44	36	63	36	14	76	0	41
 51230	44	36	63	36	14	77	0	41
 51276	44	36	63	36	14	78	0	41
 51321	44	36	63	36	14	79	0	41
 51367	44	36	63	36	14	79	0	41
 51412	44	36	62	36	14	80	0	41
 51457	43	36	62	36	14	81	0	41
 51502	44	36	62	36	14	82	0	42
 51548	44	36	62	36	14	83	0	42
 51593	44	36	62	36	14	83	0	42
 51639	44	36	62	36	14	84	0	42
 51684	43	36	62	36	14	85	0	42
 51729	43	36	62	36	14	86	0	42
 51775	44	36	62	36	14	86	0	42
 51820	43	36	61	36	14	87	0	42
 51865	43	36	62	36	14	88	0	42
 51911	43	36	62	36	14	89	0	42
 51956	43	36	62	36	14	89	0	42
 52001	43	36	61	36	14	90	0	41
 52047	43	36	61	36	14	91	0	41
 52092	43	36	61	36	14	92	0	41
 52137	43	36	62	36	14	92	0	40
 52183	43	36	61	36	14	93	0	40
 52228	43	36	61	44	14	94	0	40
 52274	43	36	61	44	14	95	0	40
 52319	43	36	61	44	14	95	0	40
 52364	43	36	61	44	14	96	0	40
 52410	43	36	61	44	14	97	0	40
 52455	43	36	60	44	14	98	0	40
 52500	43	36	60	44	14	98	0	40
 52546	43	36	60	44	14	99	0	39
 52591	43	36	60	44	14	100	0	40
 52636	43	36	60	44	14	101	0	39
 52682	43	36	60	44	14	101	0	39
 52727	43	35	60	44	14	102	0	39
 52772	43	36	59	44	14	103	0	39
 52818	43	35	60	44	14	104	0	39
 52863	43	36	60	44	14	104	0	39
 52908	43	36	60	44	14	105	0	39
 52954	43	36	60	44	14	106	0	39
 52999	43	36	60	44	14	107	0	39
 53044	43	36	60	44	14	107	0	39
 53090	43	36	60	44	14	108	0	39
 53135	43	36	60	44	14	109	0	39
 53181	43	36	60	44	14	110	0	39
 53226	43	36	60	44	14	110	0	39
 53271	43	36	60	44	14	111	0	39
 53317	43	36	60	44	14	112	0	39
 53362	43	36	60	44	14	113	0	39
 53407	43	36	60	44	14	113	0	39
 53453	43	36	60	44	14	114	0	39
 53498	43	36	60	44	14	115	0	39
 53543	43	35	60	44	14	116	0	39
 53589	42	35	60	44	14	117	0	39
 53634	42	35	60	44	14	117	0	39
 53679	43	35	60	44	14	118	0	39
 53725	43	35	60	44	14	119	0	39
 53770	43	35	59	44	14	120	0	39
 53815	43	35	59	44	14	120	0	39
 53861	42	35	59	44	14	121	0	39
 53906	42	35	59	44	14	122	0	39
 53951	42	35	60	44	14	123	0	39
 53997	42	35	60	44	14	123	0	39
 54042	42	35	60	36	15	64	0	39
 54088	42	35	60	36	15	65	0	39
 54133	42	35	60	36	15	66	0	39
 54178	42	35	59	36	15	66	0	39
 54224	42	35	59	36	15	67	0	39
 54269	42	35	59	36	15	68	0	39
 54314	42	35	59	36	15	69	0	39
 54360	42	35	59	36	15	69	0	39
 54405	42	35	59	36	15	70	0	39
 54450	42	35	59	36	15	71	0	39
 54496	42	35	59	36	15	72	0	39
 54541	43	35	59	36	15	72	0	39
 54586	42	35	59	36	15	73	0	39
 54632	42	35	59	36	15	74	0	39
 54677	42	35	59	36	15	75	0	39
 54722	42	35	59	36	15	75	0	39
 54768	42	35	59	36	15	76	0	38
 54813	42	35	59	36	15	77	0	38
 54859	42	35	59	36	15	78	0	39
 54904	42	35	59	36	15	78	0	39
 54949	42	35	59	36	15	79	0	38
 54995	42	35	59	36	15	80	0	39
 55040	42	35	59	36	15	81	0	38
 55085	42	35	59	36	15	81	0	38
 55131	42	35	59	36	15	82	0	38
 55176	42	35	58	36	15	83	0	38
 55221	42	35	59	36	15	84	0	38
 55267	42	35	58	36	15	84	0	38
 55312	42	35	58	36	15	85	0	38
 55357	42	35	58	36	15	86	0	38
 55403	42	35	58	36	15	87	0	38
 55448	41	35	58	36	15	87	0	38
 55493	42	35	58	36	15	88	0	38
 55539	42	35	58	36	15	89	0	38
 55584	42	35	58	36	15	90	0	38
 55629	42	35	58	36	15	91	0	38
 55675	42	35	58	36	15	91	0	38
 55720	42	35	58	36	15	92	0	38
 55766	41	35	58	36	15	93	0	38
 55811	42	35	57	44	15	94	0	38
 55856	42	35	58	44	15	94	0	38
 55902	41	34	58	44	15	95	0	38
 55947	42	35	58	44	15	96	0	38
 55992	41	34	58	44	15	97	0	38
 56038	42	35	58	44	15	97	0	38
 56083	41	34	58	44	15	98	0	38
 56128	41	34	58	44	15	99	0	38
 56174	41	34	58	44	15	100	0	38
 56219	41	34	57	44	15	100	0	38
 56264	41	34	58	44	15	101	0	38
 56310	41	34	58	44	15	102	0	38
 56356	41	34	58	44	15	103	0	38
 56400	41	34	58	44	15	103	0	38
 56446	41	34	58	44	15	104	0	38
 56491	41	34	57	44	15	105	0	38
 56537	41	34	57	44	15	106	0	38
 56582	41	34	58	44	15	106	0	38
 56627	41	34	58	44	15	107	0	38
 56673	42	34	58	44	15	108	0	38
 56722	41	34	58	44	15	109	0	38
 56763	41	34	57	44	15	109	0	38
 56809	41	34	58	44	15	110	0	38
 56854	41	34	58	44	15	111	0	38
 56899	41	34	58	44	15	112	0	38
 56945	41	34	58	44	15	112	0	38
 56990	41	34	58	44	15	113	0	38
 57035	41	34	57	44	15	114	0	38
 57081	41	34	58	44	15	115	0	38
 57126	41	34	57	44	15	115	0	38
 57171	41	34	58	44	15	116	0	38
 57217	41	34	58	44	15	117	0	38
 57262	41	34	57	44	15	118	0	38
 57308	41	34	57	44	15	118	0	38
 57398	41	34	58	44	15	120	0	38
 57444	41	34	57	44	15	121	0	38
 57489	41	34	57	44	15	121	0	38
 57534	41	34	57	44	15	122	0	38
 57580	41	34	57	44	15	123	0	38
 57625	41	34	57	36	16	64	0	38
 57670	41	34	57	36	16	65	0	38
 57716	41	34	57	36	16	65	0	38
 57761	41	34	57	36	16	66	0	38
 57806	41	34	57	36	16	67	0	38
 57852	41	34	57	36	16	68	0	38
 57897	41	34	57	36	16	68	0	37
 57942	41	34	57	36	16	69	0	37
 57988	41	34	57	36	16	70	0	37
 58033	41	34	57	36	16	71	0	37
 58078	41	34	58	36	16	71	0	37
 58124	41	34	57	36	16	72	0	37
 58169	41	34	57	36	16	73	0	37
 58215	40	34	57	36	16	74	0	37
 58260	40	34	57	36	16	74	0	37
 58305	41	34	57	36	16	75	0	37
 58351	41	34	57	36	16	76	0	37
 58396	41	34	57	36	16	77	0	37
 58441	40	34	57	36	16	77	0	37
 58487	41	34	57	36	16	78	0	37
 58532	41	34	57	36	16	79	0	37
 58579	41	34	57	32	16	80	0	37
 58623	41	34	57	32	16	80	0	37
 58668	43	34	57	32	16	81	0	37
 58713	47	34	57	32	16	82	0	37
 58759	50	34	57	32	16	83	0	37
 58804	52	34	57	32	16	83	0	37
 58849	53	34	56	36	16	84	0	37
 58895	53	34	57	36	16	85	0	37
 58940	50	33	57	36	16	86	0	37
 58986	47	34	57	36	16	86	0	37
 59031	45	34	56	36	16	87	0	37
 59076	44	34	57	36	16	88	0	37
 59122	44	34	57	36	16	89	0	37
 59167	43	34	57	36	16	89	0	37
 59212	43	34	56	36	16	90	0	37
 59258	43	34	56	36	16	91	0	37
 59303	42	34	56	36	16	92	0	37
 59348	43	34	56	36	16	92	0	37
 59394	42	34	56	36	16	93	0	37
 59439	42	34	56	44	16	94	0	37
 59484	42	34	56	44	16	95	0	37
 59530	42	34	56	44	16	96	0	37
 59575	42	34	56	44	16	96	0	37
 59620	42	34	56	44	16	97	0	37
 59666	42	34	57	44	16	98	0	37
 59712	42	34	56	44	16	99	0	37
 59756	42	34	56	44	16	99	0	37
 59802	42	34	56	44	16	100	0	37
 59847	42	34	56	44	16	101	0	37
 59893	42	34	56	44	16	102	0	37
 59938	42	34	56	44	16	102	0	37
 59983	42	34	56	44	16	103	0	37
 60029	41	34	56	44	16	104	0	37
 60074	41	34	56	44	16	105	0	37
 60119	42	34	56	44	16	105	0	37
 60165	41	34	56	44	16	106	0	37
 60210	41	34	56	44	16	107	0	37
 60255	41	34	56	44	16	108	0	37
 60301	41	34	57	44	16	108	0	37
 60346	41	34	56	44	16	109	0	37
 60391	41	34	56	44	16	110	0	37
 60437	41	34	56	44	16	111	0	37
 60482	41	34	56	44	16	111	0	37
 60527	41	34	56	44	16	112	0	37
 60573	41	34	56	44	16	113	0	37
 60618	41	34	56	44	16	114	0	37
 60664	42	34	56	44	16	114	0	37
 60709	41	34	56	44	16	115	0	37
 60754	42	34	56	44	16	116	0	37
 60800	42	34	56	44	16	117	0	37
 60845	42	34	56	44	16	117	0	37
 60890	42	34	56	44	16	118	0	37
 60936	42	34	56	44	16	119	0	37
 60981	42	34	56	44	16	120	0	37
 61026	42	34	56	44	16	120	0	37
 61072	42	34	56	44	16	121	0	37
 61117	42	34	56	44	16	122	0	37
 61162	42	34	56	44	16	123	0	37
 61208	42	34	56	44	16	123	0	37
 61253	40	34	56	39	17	64	0	37
 61298	48	34	56	39	17	65	0	37
 61344	67	35	56	39	17	66	0	36
 61389	71	35	55	39	17	66	0	36
 61435	72	38	56	39	17	67	0	36
 61480	71	42	56	39	17	68	0	36
 61525	70	44	56	39	17	69	0	36
 61571	65	46	56	35	17	70	0	36
 61616	55	46	56	35	17	70	0	36
 61661	49	46	56	35	17	71	0	36
 61707	47	45	56	35	17	72	0	36
 61752	45	44	56	35	17	73	0	36
 61797	45	43	56	35	17	73	0	36
 61843	55	42	56	35	17	74	0	36
 61888	69	43	56	35	17	75	0	36
 61933	71	44	56	35	17	76	0	36
 61979	72	47	56	35	17	76	0	36
 62024	72	51	56	35	17	77	0	36
 62069	72	53	56	35	17	78	0	36
 62115	72	54	55	35	17	79	0	36
 62160	71	54	56	39	17	79	0	36
 62205	71	55	56	39	17	80	0	36
 62251	70	56	55	39	17	81	0	36
 62296	70	57	56	39	17	82	0	36
 62342	70	57	57	39	17	82	0	37
 62387	72	58	55	39	17	83	0	37
 62432	72	58	55	39	17	84	0	37
 62478	71	59	56	39	17	85	0	37
 62523	70	60	56	39	17	85	0	36
 62568	72	60	55	39	17	86	0	36
 62614	71	61	56	39	17	87	0	36
 62659	70	61	55	35	17	88	0	36
 62704	65	62	55	35	17	88	0	36
 62750	63	62	55	35	17	89	0	36
 62795	65	62	55	35	17	90	0	36
 62840	71	60	55	35	17	91	0	36
 62886	72	60	55	35	17	91	0	36
 62931	71	61	56	35	17	92	0	36
 62976	71	62	55	35	17	93	0	36
 63022	71	62	55	47	17	94	0	36
 63067	71	62	55	47	17	94	0	36
 63113	71	63	55	47	17	95	0	36
 63158	71	63	55	47	17	96	0	36
 63203	72	63	55	47	17	97	0	37
 63249	72	63	55	47	17	97	0	37
 63294	72	64	55	47	17	98	0	37
 63339	72	64	55	47	17	99	0	37
 63385	72	64	55	47	17	100	0	37
 63430	72	64	55	47	17	100	0	37
 63475	72	64	55	47	17	101	0	37
 63521	72	64	55	47	17	102	0	37
 63566	72	64	55	47	17	103	0	37
 63611	72	64	55	47	17	104	0	37
 63657	72	64	55	47	17	104	0	37
 63702	72	65	55	47	17	105	0	37
 63747	72	65	55	47	17	106	0	37
 63793	72	65	55	47	17	107	0	37
 63838	72	65	55	43	17	107	0	37
 63883	69	65	55	43	17	108	0	37
 63929	66	65	55	43	17	109	0	37
 63974	68	65	55	43	17	110	0	37
 64020	72	64	55	43	17	110	0	37
 64065	73	63	55	43	17	111	0	37
 64110	72	63	55	43	17	112	0	37
 64156	72	64	55	43	17	113	0	37
 64201	72	65	55	47	17	113	0	37
 64246	72	64	55	47	17	114	0	37
 64292	72	65	55	47	17	115	0	37
 64337	72	65	55	47	17	116	0	37
 64382	72	65	55	47	17	116	0	37
 64428	72	65	55	47	17	117	0	37
 64473	72	65	55	47	17	118	0	37
 64518	72	65	55	47	17	119	0	37
 64564	72	65	55	47	17	119	0	37
 64609	73	66	55	47	17	120	0	37
 64654	73	66	54	47	17	121	0	37
 64700	73	66	55	47	17	122	0	37
 64745	73	66	54	47	17	122	0	37
 64791	73	66	54	47	17	123	0	37
 64836	73	66	54	39	18	64	0	37
 64881	73	66	54	39	18	65	0	37
 64927	72	66	55	39	18	65	0	37
 64972	72	66	54	39	18	66	0	37
 65017	72	66	54	39	18	67	0	37
 65063	72	66	54	39	18	68	0	37
 65108	72	66	55	39	18	68	0	37
 65153	72	66	55	35	18	69	0	37
 65199	71	66	54	35	18	70	0	37
 65244	68	66	54	35	18	71	0	37
 65289	71	66	54	35	18	71	0	37
 65335	73	65	54	35	18	72	0	37
 65380	73	65	55	35	18	73	0	37
 65426	73	65	55	35	18	74	0	37
 65471	73	65	55	35	18	74	0	37
 65516	73	66	55	39	18	75	0	37
 65562	73	66	54	39	18	76	0	37
 65607	73	66	54	39	18	77	0	37
 65652	73	66	54	39	18	78	0	37
 65698	73	66	54	39	18	78	0	37
 65743	73	66	54	39	18	79	0	37
 65788	73	66	54	39	18	80	0	37
 65834	73	66	54	39	18	81	0	37
 65880	73	66	54	39	18	81	0	37
 65924	73	67	54	39	18	82	0	37
 65970	73	67	54	39	18	83	0	37
 66015	73	67	54	39	18	84	0	37
 66061	73	67	54	39	18	84	0	37
 66106	73	67	54	39	18	85	0	37
 66151	74	67	54	39	18	86	0	37
 66196	74	67	54	39	18	87	0	37
 66242	74	67	54	39	18	87	0	37
 66287	75	67	54	39	18	88	0	37
 66333	74	67	54	39	18	89	0	37
 66378	75	68	54	39	18	90	0	37
 66423	74	68	54	39	18	90	0	37
 66469	76	68	54	39	18	91	0	37
 66514	73	68	54	35	18	92	0	37
 66559	69	68	54	35	18	93	0	37
 66605	68	68	54	35	18	93	0	37
 66650	73	67	54	43	18	94	0	37
 66696	74	66	53	43	18	95	0	37
 66741	75	66	54	43	18	96	0	37
 66786	74	66	54	43	18	96	0	37
 66831	74	67	54	47	18	97	0	37
 66877	74	67	54	47	18	98	0	37
 66922	74	68	54	47	18	99	0	37
 66967	74	68	53	47	18	99	0	37
 67013	74	68	53	47	18	100	0	37
 67058	74	68	53	47	18	101	0	37
 67103	74	68	53	47	18	102	0	37
 67149	74	68	53	47	18	102	0	37
 67194	74	68	53	47	18	103	0	37
 67240	74	68	53	47	18	104	0	37
 67285	76	68	53	47	18	105	0	37
 67330	75	68	53	47	18	105	0	37
 67376	76	68	54	47	18	106	0	37
 67421	75	69	53	47	18	107	0	37
 67466	77	69	54	47	18	108	0	37
 67512	75	69	53	47	18	108	0	37
 67557	77	69	53	47	18	109	0	37
 67602	75	69	53	47	18	110	0	37
 67648	77	69	53	47	18	111	0	37
 67693	75	69	53	47	18	112	0	37
 67738	77	69	53	47	18	112	0	37
 67784	75	69	53	47	18	113	0	37
 67829	76	69	53	43	18	114	0	37
 67874	72	69	53	43	18	115	0	37
 67920	70	69	53	43	18	115	0	37
 67965	73	68	53	43	18	116	0	37
 68011	76	68	53	43	18	117	0	37
 68056	77	67	53	43	18	118	0	37
 68101	76	68	53	43	18	118	0	37
 68147	76	68	52	47	18	119	0	37
 68192	76	69	52	47	18	120	0	37
 68237	76	69	52	47	18	121	0	37
 68283	76	69	53	47	18	121	0	37
 68328	76	69	52	47	18	122	0	37
 68373	76	69	52	47	18	123	0	37
 68419	76	69	52	36	19	64	0	37
 68464	76	69	52	36	19	64	0	37
 68513	75	69	52	36	19	65	0	37
 68555	73	69	53	36	19	66	0	37
 68600	72	68	52	36	19	67	0	37
 68645	71	68	52	36	19	67	0	37
 68691	70	67	52	36	19	68	0	37
 68736	69	66	52	36	19	69	0	37
 68781	68	65	52	36	19	70	0	37
 68827	68	65	52	36	19	70	0	37
 68872	68	65	53	36	19	71	0	37
 68918	67	65	52	36	19	72	0	37
 68963	67	65	52	36	19	73	0	37
 69008	67	64	52	36	19	73	0	37
 69054	67	64	52	36	19	74	0	37
 69099	67	64	52	36	19	75	0	37
 69144	66	64	52	36	19	76	0	37
 69190	66	64	52	36	19	76	0	37
 69235	66	64	52	36	19	77	0	37
 69280	66	64	52	36	19	78	0	37
 69326	66	64	52	36	19	79	0	37
 69371	66	64	52	36	19	79	0	37
 69416	66	64	52	36	19	80	0	37
 69462	66	64	52	36	19	81	0	37
 69507	66	63	52	36	19	82	0	37
 69552	66	64	52	36	19	83	0	37
 69598	66	63	52	36	19	83	0	37
 69643	66	63	52	36	19	84	0	37
 69689	66	63	52	36	19	85	0	37
 69734	65	63	52	36	19	86	0	37
 69779	65	63	52	36	19	86	0	37
 69825	65	62	53	36	19	87	0	37
 69870	65	62	52	36	19	88	0	37
 69915	65	62	52	36	19	89	0	37
 69961	65	62	52	36	19	89	0	37
 70006	65	62	52	36	19	90	0	37
 70051	65	61	52	36	19	91	0	37
 70100	65	61	52	36	19	92	0	37
 70142	64	61	52	36	19	92	0	37
 70187	64	61	52	36	19	93	0	37
 70233	64	61	52	44	19	94	0	37
 70278	64	61	52	44	19	95	0	37
 70323	64	60	52	44	19	95	0	37
 70369	64	60	52	44	19	96	0	37
 70414	63	60	51	44	19	97	0	37
 70459	64	60	51	44	19	98	0	37
 70505	63	60	52	44	19	98	0	37
 70550	63	59	52	44	19	99	0	37
 70596	63	59	51	44	19	100	0	37
 70641	63	59	51	44	19	101	0	37
 70686	63	59	51	44	19	101	0	37
 70732	62	59	51	44	19	102	0	37
 70777	62	59	51	44	19	103	0	37
 70822	62	58	51	44	19	104	0	37
 70868	62	58	51	44	19	104	0	37
 70913	62	58	51	44	19	105	0	37
 70958	61	58	51	44	19	106	0	37
 71004	61	57	51	44	19	107	0	37
 71049	61	57	51	44	19	107	0	37
 71094	61	57	51	44	19	108	0	37
 71140	61	57	51	44	19	109	0	37
 71185	60	57	51	44	19	110	0	37
 71230	60	56	51	44	19	110	0	37
 71276	60	56	51	44	19	111	0	37
 71321	60	56	51	44	19	112	0	37
 71367	60	56	51	44	19	113	0	37
 71412	59	55	51	44	19	113	0	37
 71457	59	55	51	44	19	114	0	37
 71503	59	55	51	44	19	115	0	37
 71548	59	55	51	44	19	116	0	37
 71593	58	55	51	44	19	117	0	37
 71639	58	54	51	44	19	117	0	37
 71684	58	54	51	44	19	118	0	37
 71729	58	54	51	44	19	119	0	37
 71775	57	54	51	44	19	120	0	37
 71820	57	53	51	44	19	120	0	37
 71865	57	53	51	44	19	121	0	37
 71911	57	53	51	44	19	122	0	37
 71956	57	53	51	44	19	123	0	37
 72001	56	53	51	44	19	123	0	37
 72047	56	52	51	36	20	64	0	37
 72092	56	52	51	36	20	65	0	37
 72138	56	52	51	36	20	66	0	37
 72183	56	52	50	36	20	66	0	37
 72228	56	52	50	36	20	67	0	36
 72274	55	51	50	36	20	68	0	37
 72319	55	51	50	36	20	69	0	37
 72364	55	51	50	36	20	69	0	36
 72410	55	51	50	36	20	70	0	36
 72455	55	51	51	36	20	71	0	36
 72500	55	50	51	36	20	72	0	36
 72546	55	51	51	36	20	72	0	36
 72591	54	50	51	36	20	73	0	36
 72636	54	50	51	36	20	74	0	36
 72682	54	50	51	36	20	75	0	36
 72727	54	50	51	36	20	75	0	36
 72772	54	50	51	36	20	76	0	36
 72818	54	50	50	36	20	77	0	36
 72863	54	49	50	36	20	78	0	36
 72908	54	49	50	36	20	78	0	36
 72954	54	49	51	36	20	79	0	36
 72999	53	49	50	36	20	80	0	36
 73045	53	49	50	36	20	81	0	36
 73099	53	49	50	36	20	82	0	36
 73144	53	48	50	36	20	82	0	36
 73190	53	48	50	36	20	83	0	36
 73235	53	48	50	36	20	84	0	36
 73280	53	48	50	36	20	85	0	36
 73326	53	48	50	36	20	85	0	36
 73371	53	48	50	36	20	86	0	36
 73416	53	48	50	36	20	87	0	36
 73462	52	48	50	36	20	88	0	36
 73507	53	48	49	36	20	88	0	36
 73552	52	48	50	36	20	89	0	36
 73598	52	47	50	36	20	90	0	36
 73643	52	47	50	36	20	91	0	36
 73689	52	47	50	36	20	91	0	36
 73734	52	47	50	36	20	92	0	36
 73779	52	47	50	36	20	93	0	36
 73825	52	47	50	44	20	94	0	36
 73870	52	47	50	44	20	94	0	36
 73915	52	47	51	44	20	95	0	36
 73961	52	47	50	44	20	96	0	36
 74006	52	47	50	44	20	97	0	36
 74051	52	47	50	44	20	97	0	36
 74097	51	46	50	44	20	98	0	36
 74142	51	46	49	44	20	99	0	36
 74187	51	46	50	44	20	100	0	36
 74233	51	46	50	44	20	100	0	36
 74278	51	46	50	44	20	101	0	36
 74323	51	46	50	44	20	102	0	36
 74369	51	46	50	44	20	103	0	36
 74414	51	46	50	44	20	104	0	36
 74460	51	46	50	44	20	104	0	36
 74505	51	46	50	44	20	105	0	36
 74550	51	46	50	44	20	106	0	36
 74596	51	45	50	44	20	107	0	36
 74641	51	46	50	44	20	107	0	36
 74686	51	45	50	44	20	108	0	36
 74732	50	45	50	44	20	109	0	36
 74777	50	45	50	44	20	110	0	36
 74822	50	45	50	44	20	110	0	36
 74868	50	45	49	44	20	111	0	36
 74913	50	45	49	44	20	112	0	36
 74958	50	44	49	44	20	113	0	36
 75004	50	45	49	44	20	113	0	36
 75049	50	45	49	44	20	114	0	36
 75094	50	45	49	44	20	115	0	36
 75140	50	44	49	44	20	116	0	36
 75185	50	45	49	44	20	116	0	36
 75230	50	44	49	44	20	117	0	36
 75276	50	44	49	44	20	118	0	36
 75321	49	44	49	44	20	119	0	36
 75367	49	44	49	44	20	119	0	36
 75412	49	44	49	44	20	120	0	36
 75457	49	44	49	44	20	121	0	36
 75503	49	44	49	44	20	122	0	36
 75548	49	44	49	44	20	122	0	36
 75593	49	44	49	44	20	123	0	36
 75639	49	44	50	36	21	64	0	36
 75684	49	44	49	36	21	65	0	36
 75729	49	44	50	36	21	65	0	36
 75775	49	43	49	36	21	66	0	36
 75820	49	43	49	36	21	67	0	36
 75865	49	43	49	36	21	68	0	36
 75911	48	43	50	36	21	68	0	36
 75956	48	43	49	36	21	69	0	36
 76001	48	43	50	36	21	70	0	36
 76047	48	43	50	36	21	71	0	35
 76092	48	43	49	36	21	71	0	36
 76138	48	43	50	36	21	72	0	35
 76183	47	43	49	36	21	73	0	35
 76228	47	43	50	36	21	74	0	35
 76274	47	43	50	36	21	74	0	35
 76319	47	43	49	36	21	75	0	35
 76365	47	43	49	36	21	76	0	35
 76410	47	43	50	36	21	77	0	35
 76455	47	43	49	36	21	78	0	35
 76500	46	43	50	36	21	78	0	35
 76546	47	43	49	36	21	79	0	35
 76591	47	43	49	36	21	80	0	35
 76636	46	43	50	36	21	81	0	35
 76682	46	42	49	36	21	81	0	35
 76727	46	42	49	36	21	82	0	35
 76772	46	43	49	36	21	83	0	35
 76818	46	42	49	36	21	84	0	35
 76863	46	42	49	36	21	84	0	35
 76908	46	42	49	36	21	85	0	35
 76954	46	42	49	36	21	86	0	35
 76999	46	42	49	36	21	87	0	35
 77045	46	42	49	36	21	87	0	35
 77090	46	42	49	36	21	88	0	35
 77135	46	42	49	36	21	89	0	35
 77181	45	41	49	36	21	90	0	35
 77226	45	41	49	36	21	90	0	35
 77271	45	41	49	36	21	91	0	35
 77317	45	41	50	36	21	92	0	35
 77362	45	41	49	36	21	93	0	35
 77408	45	41	49	36	21	93	0	35
 77453	45	41	49	44	21	94	0	35
 77498	44	40	49	44	21	95	0	35
 77543	44	40	49	44	21	96	0	35
 77589	44	40	49	44	21	96	0	35
 77634	44	40	49	44	21	97	0	35
 77679	44	40	49	44	21	98	0	35
 77725	44	39	49	44	21	99	0	35
 77770	43	39	49	44	21	99	0	35
 77815	43	39	49	44	21	100	0	35
 77861	43	39	49	44	21	101	0	35
 77906	43	39	49	44	21	102	0	35
 77952	43	39	49	44	21	102	0	35
 77997	43	39	49	44	21	103	0	35
 78042	43	39	49	44	21	104	0	35
 78088	43	39	49	44	21	105	0	35
 78134	43	39	49	44	21	105	0	35
 78178	43	38	49	44	21	106	0	35
 78224	43	38	49	44	21	107	0	35
 78269	43	38	49	44	21	108	0	35
 78315	43	38	49	44	21	108	0	35
 78360	43	38	49	44	21	109	0	35
 78405	43	38	49	44	21	110	0	35
 78450	43	38	49	44	21	111	0	35
 78496	43	38	49	44	21	112	0	35
 78541	43	38	49	44	21	112	0	35
 78586	43	38	49	44	21	113	0	35
 78632	43	38	49	44	21	114	0	35
 78677	43	38	49	44	21	115	0	35
 78722	43	38	49	44	21	115	0	35
 78768	43	38	48	44	21	116	0	35
 78813	43	38	48	44	21	117	0	35
 78859	43	38	48	44	21	118	0	35
 78904	43	38	48	40	21	118	0	35
 78949	44	38	48	40	21	119	0	35
 78999	46	38	48	40	21	120	0	35
 79040	49	38	48	40	21	121	0	35
 79085	51	38	48	40	21	121	0	35
 79131	53	38	48	40	21	122	0	35
 79176	54	38	48	44	21	123	0	35
 79222	53	38	48	36	22	64	0	35
 79267	50	38	48	36	22	64	0	35
 79312	48	38	48	36	22	65	0	35
 79357	47	38	48	36	22	66	0	35
 79403	46	38	48	36	22	67	0	35
 79448	45	38	48	36	22	67	0	35
 79493	45	38	48	36	22	68	0	35
 79539	45	38	48	36	22	69	0	35
 79584	44	38	48	36	22	70	0	35
 79629	44	38	48	36	22	70	0	35
 79675	44	38	48	36	22	71	0	35
 79720	44	38	48	36	22	72	0	35
 79766	44	38	48	36	22	73	0	35
 79811	44	38	48	36	22	73	0	35
 79856	44	38	49	36	22	74	0	35
 79902	44	37	48	36	22	75	0	35
 79951	43	37	48	36	22	76	0	35
 79992	43	37	48	36	22	76	0	35
 80038	43	37	48	36	22	77	0	35
 80083	43	37	48	36	22	78	0	35
 80129	43	37	48	36	22	79	0	35
 80174	43	37	48	36	22	79	0	35
 80219	43	37	49	36	22	80	0	35
 80264	43	37	48	36	22	81	0	35
 80310	43	37	48	36	22	82	0	35
 80355	43	37	48	36	22	83	0	35
 80400	43	37	48	36	22	83	0	34
 80446	42	37	48	36	22	84	0	35
 80491	42	37	48	36	22	85	0	34
 80536	42	37	48	36	22	86	0	35
 80582	42	37	48	36	22	86	0	35
 80627	42	37	48	36	22	87	0	35
 80672	42	37	48	36	22	88	0	34
 80718	42	36	48	36	22	89	0	34
 80768	42	37	48	36	22	89	0	35
 80809	42	36	48	36	22	90	0	34
 80854	42	36	48	36	22	91	0	34
 80899	42	36	48	36	22	92	0	34
 80945	42	36	48	36	22	92	0	34
 80990	42	36	48	36	22	93	0	34
 81035	42	36	48	44	22	94	0	34
 81081	42	36	48	44	22	95	0	34
 81126	42	36	48	44	22	95	0	34
 81171	42	36	48	44	22	96	0	34
 81217	42	36	48	44	22	97	0	34
 81262	42	36	48	44	22	98	0	34
 81311	42	36	48	44	22	98	0	34
 81353	42	36	48	44	22	99	0	34
 81398	42	36	48	44	22	100	0	34
 81443	42	36	47	44	22	101	0	34
 81489	42	36	47	44	22	101	0	34
 81534	42	36	47	44	22	102	0	34
 81579	43	36	47	44	22	103	0	34
 81625	43	36	47	44	22	104	0	34
 81670	43	36	47	44	22	104	0	34
 81716	42	36	47	44	22	105	0	34
 81761	42	36	47	44	22	106	0	34
 81806	43	36	47	44	22	107	0	34
 81852	43	36	47	44	22	107	0	34
 81897	43	36	47	44	22	108	0	34
 81942	43	36	47	44	22	109	0	34
 81988	43	36	47	44	22	110	0	34
 82033	43	36	47	44	22	110	0	34
 82078	42	36	47	44	22	111	0	34
 82124	43	36	47	44	22	112	0	34
 82169	42	36	47	44	22	113	0	34
 82214	43	36	47	44	22	113	0	34
 82260	42	36	47	44	22	114	0	34
 82305	42	36	47	44	22	115	0	34
 82350	42	36	48	44	22	116	0	34
 82396	42	36	47	44	22	117	0	34
 82441	42	36	47	44	22	117	0	34
 82486	42	36	47	44	22	118	0	34
 82532	42	36	47	44	22	119	0	34
 82577	42	36	47	44	22	120	0	34
 82623	42	36	47	44	22	120	0	34
 82668	42	36	47	44	22	121	0	34
 82713	42	36	47	44	22	122	0	34
 82759	42	36	47	44	22	123	0	34
 82804	42	36	47	44	22	123	0	34
 82849	42	36	47	36	23	64	0	34
 82895	42	36	47	36	23	65	0	34
 82940	42	36	47	36	23	66	0	34
 82985	42	36	47	36	23	66	0	34
 83031	42	36	47	36	23	67	0	34
 83076	42	36	47	36	23	68	0	34
 83121	42	36	47	36	23	69	0	34
 83167	42	36	47	36	23	69	0	34
 83212	42	36	47	36	23	70	0	34
 83257	42	36	47	36	23	71	0	34
 83303	42	35	47	36	23	72	0	34
 83348	42	36	47	36	23	72	0	34
 83393	42	35	47	36	23	73	0	34
 83439	42	35	47	36	23	74	0	34
 83484	42	35	47	36	23	75	0	34
 83530	42	35	47	36	23	75	0	34
 83575	42	35	47	36	23	76	0	34
 83620	42	35	47	36	23	77	0	34
 83666	42	35	47	36	23	78	0	34
 83711	42	35	47	36	23	78	0	34
 83756	42	35	47	36	23	79	0	34
 83802	42	35	47	36	23	80	0	34
 83847	42	35	47	36	23	81	0	34
 83892	42	35	47	36	23	81	0	34
 83938	42	35	47	36	23	82	0	34
 83983	42	35	47	36	23	83	0	34
 84028	42	35	47	36	23	84	0	34
 84074	43	35	47	36	23	84	0	34
 84119	43	35	47	36	23	85	0	34
 84164	43	35	47	36	23	86	0	34
 84210	43	35	47	36	23	87	0	34
 84255	43	35	47	36	23	87	0	34
 84300	43	35	47	36	23	88	0	34
 84346	43	35	47	36	23	89	0	34
 84391	43	35	47	36	23	90	0	34
 84437	43	35	47	36	23	91	0	34
 84482	43	35	46	36	23	91	0	34
 84527	43	35	47	36	23	92	0	34
 84573	43	34	47	36	23	93	0	34
 84618	43	34	47	44	23	94	0	34
 84663	42	35	47	44	23	94	0	34
 84709	42	34	47	44	23	95	0	34
 84754	42	34	47	44	23	96	0	34
 84799	42	34	47	44	23	97	0	34
 84845	42	34	47	44	23	97	0	34
 84890	42	34	47	44	23	98	0	34
 84935	42	34	47	44	23	99	0	34
 84981	42	34	47	44	23	100	0	34
 85026	42	34	46	44	23	100	0	34
 85071	42	34	46	44	23	101	0	34
 85117	42	34	46	44	23	102	0	34
 85162	42	34	46	44	23	103	0	33
 85207	42	34	46	44	23	103	0	34
 85253	42	34	46	44	23	104	0	33
 85298	42	34	46	44	23	105	0	33
 85344	42	34	46	44	23	106	0	33
 85389	42	34	46	44	23	106	0	33
 85434	42	34	46	44	23	107	0	33
 85480	42	34	46	44	23	108	0	33
 85525	42	34	46	44	23	109	0	33
 85570	42	34	46	44	23	109	0	33
 85616	42	35	46	44	23	110	0	33
 85661	42	34	46	44	23	111	0	33
 85706	42	34	46	44	23	112	0	33
 85752	42	34	46	44	23	112	0	33
 85797	42	34	46	44	23	113	0	33
 85842	42	34	46	44	23	114	0	33
 85888	42	34	46	44	23	115	0	33
 85934	42	34	46	44	23	115	0	33
 85978	42	35	46	44	23	116	0	33
 86024	42	35	46	44	23	117	0	33
 86069	42	34	46	44	23	118	0	33
 86114	42	34	46	44	23	118	0	33
 86160	42	34	46	44	23	119	0	33
 86205	42	34	46	44	23	120	0	33
 86251	42	35	46	44	23	121	0	33
 86296	42	35	46	44	23	122	0	33
 86341	42	34	46	44	23	122	0	33
 86387	42	34	46	44	23	123	0	33
