HomeCentral
 Falkenstrasse 20
 8630 Rueti
 Datum: 03.04.14 00:00
 
 Startzeit: 2014-04-03 00:00:35 +0100
 125	46	39	62	4	0	65	0	40
 171	46	39	62	4	0	66	0	40
 216	46	39	62	4	0	67	0	40
 261	46	39	62	4	0	68	0	40
 307	46	39	62	4	0	68	0	40
 352	46	39	62	4	0	69	0	40
 397	46	39	62	4	0	70	0	40
 443	46	39	62	4	0	71	0	40
 488	46	39	62	4	0	71	0	40
 533	46	39	62	4	0	72	0	40
 579	46	39	62	4	0	73	0	40
 624	46	39	62	4	0	74	0	40
 670	47	39	62	4	0	75	0	40
 715	46	39	62	4	0	75	0	40
 760	46	39	62	4	0	76	0	40
 806	47	39	62	4	0	77	0	40
 851	47	39	62	4	0	78	0	40
 896	47	39	62	4	0	78	0	40
 942	47	39	61	4	0	79	0	40
 987	47	39	61	4	0	80	0	40
 1032	47	39	62	4	0	81	0	40
 1078	47	39	62	4	0	81	0	40
 1123	47	39	62	4	0	82	0	40
 1168	47	39	62	4	0	83	0	40
 1214	47	39	62	4	0	84	0	40
 1259	48	39	62	4	0	84	0	40
 1304	47	39	62	4	0	85	0	40
 1350	47	39	62	4	0	86	0	40
 1395	48	39	62	4	0	87	0	40
 1440	47	39	62	4	0	87	0	40
 1486	47	39	62	4	0	88	0	40
 1531	47	39	61	4	0	89	0	40
 1577	48	39	62	4	0	90	0	40
 1622	48	39	61	4	0	90	0	40
 1667	48	39	62	4	0	91	0	40
 1713	48	39	61	4	0	92	0	40
 1758	48	39	62	4	0	93	0	40
 1803	48	39	61	4	0	93	0	40
 1849	48	39	61	12	0	94	0	40
 1894	48	39	61	12	0	95	0	40
 1939	48	39	61	12	0	96	0	40
 1985	48	39	61	12	0	96	0	40
 2030	48	39	62	12	0	97	0	40
 2075	48	39	62	12	0	98	0	40
 2121	48	39	62	12	0	99	0	40
 2166	48	39	61	12	0	99	0	40
 2211	48	39	61	12	0	100	0	40
 2257	47	39	61	12	0	101	0	40
 2302	47	39	61	12	0	102	0	40
 2347	47	39	61	12	0	102	0	40
 2393	48	39	62	12	0	103	0	40
 2438	47	39	62	12	0	104	0	40
 2484	47	39	62	12	0	105	0	40
 2529	47	39	61	12	0	105	0	40
 2574	47	39	62	12	0	106	0	40
 2620	47	39	61	12	0	107	0	40
 2665	47	39	61	12	0	108	0	40
 2710	47	39	62	12	0	108	0	40
 2756	47	39	61	12	0	109	0	40
 2801	47	39	61	12	0	110	0	40
 2846	47	39	61	12	0	111	0	40
 2892	47	39	62	12	0	112	0	40
 2937	47	39	61	12	0	112	0	40
 2982	47	38	61	12	0	113	0	40
 3028	47	39	61	12	0	114	0	40
 3073	47	39	61	12	0	115	0	40
 3118	47	39	61	12	0	115	0	40
 3164	47	39	61	12	0	116	0	40
 3209	47	39	61	12	0	117	0	40
 3254	47	39	62	12	0	118	0	40
 3300	47	39	61	12	0	118	0	40
 3345	47	39	61	12	0	119	0	40
 3391	47	39	61	12	0	120	0	40
 3436	47	39	61	12	0	121	0	40
 3481	47	39	62	12	0	121	0	40
 3527	47	39	61	12	0	122	0	40
 3572	47	39	61	12	0	123	0	40
 3617	47	39	61	4	1	64	0	40
 3663	47	39	61	4	1	64	0	40
 3708	47	39	61	4	1	65	0	40
 3753	47	39	61	4	1	66	0	40
 3799	47	39	61	4	1	67	0	40
 3844	47	39	61	4	1	67	0	40
 3889	47	39	61	4	1	68	0	40
 3935	47	39	61	4	1	69	0	40
 3980	47	39	61	4	1	70	0	40
 4025	47	39	61	4	1	70	0	40
 4071	47	39	61	4	1	71	0	40
 4116	47	39	61	4	1	72	0	40
 4161	47	39	61	4	1	73	0	40
 4207	47	39	61	4	1	73	0	40
 4252	47	39	61	4	1	74	0	40
 4298	47	39	61	4	1	75	0	40
 4343	47	39	61	4	1	76	0	40
 4388	47	39	61	4	1	76	0	40
 4434	46	39	62	4	1	77	0	40
 4479	47	39	61	4	1	78	0	40
 4524	47	39	62	4	1	79	0	40
 4570	47	39	61	4	1	79	0	40
 4615	47	39	61	4	1	80	0	40
 4660	47	39	61	4	1	81	0	40
 4706	47	39	61	4	1	82	0	39
 4751	47	39	61	4	1	83	0	40
 4796	47	39	61	4	1	83	0	40
 4842	47	39	61	4	1	84	0	39
 4887	47	39	61	4	1	85	0	39
 4933	47	39	61	4	1	86	0	40
 4978	46	39	61	4	1	86	0	40
 5023	46	39	62	4	1	87	0	40
 5068	47	39	61	4	1	88	0	40
 5114	47	39	61	4	1	89	0	39
 5159	47	39	61	4	1	89	0	39
 5205	47	39	62	4	1	90	0	40
 5250	46	39	61	4	1	91	0	40
 5295	46	39	61	4	1	92	0	39
 5341	46	39	61	4	1	92	0	39
 5386	47	39	61	4	1	93	0	39
 5431	46	39	61	12	1	94	0	39
 5477	46	39	61	12	1	95	0	39
 5522	46	39	61	12	1	95	0	39
 5567	46	39	61	12	1	96	0	39
 5613	46	39	61	12	1	97	0	39
 5658	46	39	61	12	1	98	0	39
 5703	47	39	61	12	1	98	0	39
 5749	46	39	61	12	1	99	0	39
 5794	46	39	61	12	1	100	0	39
 5839	46	39	61	12	1	101	0	39
 5885	46	39	61	12	1	101	0	39
 5930	46	39	61	12	1	102	0	39
 5975	46	39	61	12	1	103	0	39
 6021	46	39	61	12	1	104	0	39
 6066	46	39	61	12	1	104	0	39
 6112	46	39	61	12	1	105	0	39
 6157	46	39	61	12	1	106	0	39
 6202	46	39	61	12	1	107	0	39
 6248	46	38	61	12	1	107	0	39
 6293	46	39	62	12	1	108	0	39
 6338	46	39	61	12	1	109	0	39
 6384	46	39	61	12	1	110	0	39
 6429	46	39	61	12	1	110	0	39
 6474	46	39	61	12	1	111	0	39
 6520	46	39	61	12	1	112	0	39
 6565	46	39	61	12	1	113	0	39
 6610	46	38	61	12	1	113	0	39
 6656	46	39	61	12	1	114	0	39
 6701	46	39	61	12	1	115	0	39
 6746	46	39	61	12	1	116	0	39
 6792	46	39	61	12	1	117	0	39
 6837	46	38	61	12	1	117	0	39
 6882	46	39	61	12	1	118	0	39
 6928	46	39	61	12	1	119	0	39
 6973	46	38	61	12	1	120	0	39
 7019	46	39	62	12	1	120	0	39
 7064	46	39	61	12	1	121	0	39
 7109	46	39	61	12	1	122	0	39
 7155	46	39	61	12	1	123	0	39
 7200	46	39	61	12	1	123	0	39
 7245	46	38	61	4	2	64	0	39
 7291	46	39	61	4	2	65	0	39
 7336	46	39	61	4	2	66	0	39
 7381	46	39	61	4	2	66	0	39
 7427	46	39	61	4	2	67	0	39
 7472	46	38	61	4	2	68	0	39
 7517	46	39	61	4	2	69	0	39
 7563	46	39	61	4	2	69	0	39
 7608	46	39	61	4	2	70	0	39
 7653	46	38	61	4	2	71	0	39
 7699	46	38	61	4	2	72	0	39
 7744	46	38	61	4	2	72	0	39
 7789	46	39	61	4	2	73	0	39
 7835	46	39	61	4	2	74	0	39
 7880	46	38	61	4	2	75	0	39
 7925	46	39	61	4	2	75	0	39
 7971	46	38	61	4	2	76	0	39
 8016	46	38	61	4	2	77	0	39
 8062	46	39	61	4	2	78	0	39
 8107	45	38	61	4	2	78	0	39
 8152	46	38	61	4	2	79	0	39
 8198	46	39	61	4	2	80	0	39
 8244	46	39	61	4	2	81	0	39
 8288	46	39	61	4	2	81	0	39
 8334	46	38	61	4	2	82	0	39
 8379	46	38	61	4	2	83	0	39
 8424	46	38	60	4	2	84	0	39
 8470	46	38	62	4	2	84	0	39
 8515	46	38	60	4	2	85	0	39
 8560	46	38	61	4	2	86	0	39
 8606	46	39	61	4	2	87	0	39
 8651	45	38	61	4	2	87	0	39
 8696	46	39	60	4	2	88	0	39
 8742	46	38	60	4	2	89	0	39
 8787	46	38	60	4	2	90	0	39
 8832	46	38	60	4	2	91	0	39
 8878	46	38	61	4	2	91	0	39
 8923	46	38	60	4	2	92	0	39
 8969	46	38	61	4	2	93	0	39
 9014	46	38	61	12	2	94	0	39
 9059	45	38	61	12	2	94	0	39
 9105	46	38	60	12	2	95	0	39
 9150	46	38	60	12	2	96	0	39
 9195	45	38	61	12	2	97	0	39
 9241	45	38	60	12	2	97	0	39
 9286	45	38	60	12	2	98	0	39
 9331	45	38	60	12	2	99	0	39
 9377	45	38	60	12	2	100	0	39
 9422	45	38	60	12	2	100	0	39
 9467	45	38	60	12	2	101	0	39
 9513	45	38	60	12	2	102	0	39
 9558	45	38	60	12	2	103	0	39
 9603	45	38	60	12	2	103	0	39
 9649	45	38	60	12	2	104	0	39
 9694	45	38	60	12	2	105	0	39
 9739	45	38	60	12	2	106	0	39
 9785	45	38	61	12	2	106	0	39
 9830	45	38	60	12	2	107	0	39
 9876	45	38	60	12	2	108	0	39
 9921	45	38	60	12	2	109	0	39
 9966	45	38	60	12	2	109	0	39
 10012	45	38	60	12	2	110	0	39
 10057	45	38	60	12	2	111	0	39
 10102	45	38	60	12	2	112	0	39
 10148	45	38	60	12	2	112	0	39
 10193	45	38	60	12	2	113	0	39
 10238	45	38	60	12	2	114	0	39
 10284	45	38	61	12	2	115	0	39
 10329	45	38	61	12	2	115	0	39
 10374	45	38	60	12	2	116	0	39
 10420	45	38	60	12	2	117	0	39
 10465	45	38	60	12	2	118	0	39
 10510	45	38	61	12	2	118	0	39
 10556	45	38	60	12	2	119	0	39
 10601	45	38	61	12	2	120	0	39
 10646	45	38	60	12	2	121	0	39
 10692	45	38	61	12	2	121	0	39
 10737	45	38	60	12	2	122	0	39
 10783	45	38	60	12	2	123	0	39
 10828	45	38	60	4	3	64	0	39
 10873	45	38	60	4	3	65	0	39
 10919	45	38	60	4	3	65	0	39
 10964	45	38	60	4	3	66	0	39
 11009	45	38	60	4	3	67	0	39
 11055	45	38	60	4	3	68	0	39
 11100	45	38	60	4	3	68	0	39
 11145	45	38	60	4	3	69	0	39
 11191	45	38	61	4	3	70	0	39
 11236	45	38	60	4	3	71	0	39
 11281	45	38	61	4	3	71	0	39
 11327	45	38	61	4	3	72	0	39
 11372	45	38	60	4	3	73	0	39
 11417	45	38	60	4	3	74	0	39
 11463	45	38	61	4	3	74	0	39
 11508	45	38	61	4	3	75	0	39
 11553	45	38	60	4	3	76	0	39
 11599	45	38	61	4	3	77	0	39
 11644	45	38	61	4	3	77	0	39
 11690	45	38	60	4	3	78	0	39
 11735	45	38	60	4	3	79	0	39
 11780	45	38	61	4	3	80	0	39
 11826	45	38	60	4	3	80	0	39
 11871	45	38	60	4	3	81	0	39
 11916	45	38	60	4	3	82	0	39
 11962	45	38	60	4	3	83	0	39
 12007	45	38	60	4	3	83	0	39
 12052	45	38	61	4	3	84	0	39
 12098	45	38	60	4	3	85	0	39
 12143	45	38	60	4	3	86	0	39
 12188	45	38	60	4	3	86	0	39
 12234	45	38	60	4	3	87	0	39
 12279	45	38	60	4	3	88	0	39
 12324	45	38	60	4	3	89	0	39
 12370	45	38	60	4	3	89	0	39
 12415	45	38	60	4	3	90	0	39
 12460	45	38	60	4	3	91	0	39
 12506	45	38	60	4	3	92	0	39
 12551	45	38	60	4	3	92	0	39
 12597	45	38	60	4	3	93	0	39
 12642	45	38	60	12	3	94	0	39
 12687	45	38	60	12	3	95	0	39
 12733	45	38	60	12	3	96	0	39
 12778	45	38	60	12	3	96	0	39
 12823	45	38	60	12	3	97	0	39
 12869	45	38	60	12	3	98	0	39
 12914	45	38	60	12	3	99	0	39
 12959	45	38	60	12	3	99	0	39
 13005	45	38	60	12	3	100	0	39
 13050	45	38	60	12	3	101	0	39
 13095	44	38	60	12	3	102	0	39
 13141	45	37	60	12	3	102	0	39
 13186	45	38	60	12	3	103	0	39
 13231	45	38	60	12	3	104	0	39
 13277	45	38	60	12	3	105	0	39
 13322	45	38	60	12	3	105	0	39
 13367	45	38	60	12	3	106	0	39
 13413	44	38	60	12	3	107	0	39
 13458	44	38	60	12	3	108	0	39
 13504	44	38	60	8	3	108	0	39
 13549	45	38	60	8	3	109	0	39
 13594	47	38	60	8	3	110	0	39
 13640	51	38	60	8	3	111	0	39
 13685	54	38	60	8	3	111	0	39
 13730	56	38	60	8	3	112	0	39
 13776	57	38	60	8	3	113	0	39
 13821	58	38	60	12	3	114	0	39
 13866	56	38	60	12	3	114	0	39
 13912	52	38	60	12	3	115	0	39
 13957	50	38	60	12	3	116	0	39
 14002	49	38	60	12	3	117	0	39
 14048	48	38	60	12	3	117	0	39
 14093	47	38	60	12	3	118	0	39
 14138	47	38	60	12	3	119	0	39
 14184	47	38	60	12	3	120	0	39
 14229	47	38	60	12	3	120	0	39
 14274	47	38	60	12	3	121	0	39
 14320	47	38	60	12	3	122	0	39
 14365	46	38	60	12	3	123	0	39
 14410	47	38	60	12	3	123	0	39
 14456	46	38	60	4	4	64	0	39
 14501	46	38	60	4	4	65	0	39
 14547	46	38	60	4	4	66	0	39
 14592	47	38	60	4	4	66	0	39
 14637	46	38	60	4	4	67	0	39
 14683	46	38	60	4	4	68	0	39
 14728	46	38	60	4	4	69	0	39
 14774	46	38	60	4	4	70	0	39
 14819	46	38	60	4	4	70	0	39
 14864	46	38	60	4	4	71	0	39
 14912	46	38	60	4	4	72	0	39
 14955	45	38	60	4	4	73	0	39
 15000	45	38	60	4	4	73	0	39
 15045	45	38	60	4	4	74	0	39
 15091	45	38	60	4	4	75	0	39
 15136	45	38	60	4	4	76	0	39
 15181	45	38	60	4	4	76	0	39
 15227	45	38	60	4	4	77	0	39
 15272	45	38	60	4	4	78	0	39
 15318	45	38	60	4	4	79	0	39
 15363	45	38	60	4	4	79	0	39
 15408	45	38	60	4	4	80	0	39
 15454	45	38	60	4	4	81	0	39
 15499	45	38	60	4	4	82	0	39
 15544	45	38	60	4	4	82	0	39
 15590	45	38	60	4	4	83	0	39
 15635	46	38	60	4	4	84	0	39
 15680	46	38	60	4	4	85	0	39
 15726	46	38	60	4	4	85	0	39
 15771	46	38	60	4	4	86	0	39
 15816	46	38	60	4	4	87	0	39
 15862	46	38	60	4	4	88	0	39
 15907	46	38	60	4	4	88	0	39
 15952	46	38	60	4	4	89	0	39
 15998	46	38	60	4	4	90	0	39
 16043	46	38	60	4	4	91	0	39
 16088	47	38	60	4	4	91	0	39
 16134	46	38	60	4	4	92	0	39
 16179	46	38	60	4	4	93	0	38
 16224	46	38	60	12	4	94	0	39
 16270	47	38	60	12	4	94	0	39
 16315	47	38	59	12	4	95	0	39
 16361	47	38	60	12	4	96	0	39
 16406	47	38	60	12	4	97	0	38
 16451	47	38	60	12	4	97	0	38
 16497	47	38	59	12	4	98	0	38
 16542	47	38	59	12	4	99	0	38
 16587	47	38	59	12	4	100	0	38
 16633	47	38	59	12	4	100	0	39
 16678	47	38	59	12	4	101	0	39
 16723	47	38	59	12	4	102	0	38
 16769	47	38	60	12	4	103	0	39
 16814	47	38	59	12	4	104	0	39
 16859	47	38	60	12	4	104	0	38
 16905	47	38	59	12	4	105	0	38
 16950	47	38	59	12	4	106	0	38
 16995	47	38	59	12	4	107	0	38
 17041	47	38	59	12	4	107	0	38
 17086	47	38	60	12	4	108	0	38
 17131	47	38	59	12	4	109	0	38
 17177	47	38	59	12	4	110	0	39
 17222	47	38	59	12	4	110	0	38
 17268	47	38	59	12	4	111	0	38
 17313	47	38	59	12	4	112	0	38
 17358	47	38	59	12	4	113	0	38
 17404	47	38	59	12	4	113	0	38
 17449	47	38	60	12	4	114	0	38
 17494	47	38	59	12	4	115	0	38
 17540	47	38	59	12	4	116	0	38
 17585	47	38	59	12	4	116	0	38
 17630	47	38	59	12	4	117	0	38
 17676	46	38	59	12	4	118	0	38
 17721	46	38	59	12	4	119	0	38
 17766	47	38	59	12	4	119	0	38
 17812	46	38	60	12	4	120	0	38
 17857	47	38	59	12	4	121	0	38
 17902	47	38	59	12	4	122	0	38
 17948	46	38	59	12	4	122	0	38
 17993	46	38	59	12	4	123	0	38
 18038	46	38	59	4	5	64	0	38
 18084	46	38	59	4	5	65	0	38
 18129	46	38	59	4	5	65	0	38
 18175	46	38	59	4	5	66	0	38
 18220	46	38	59	4	5	67	0	38
 18265	46	38	59	4	5	68	0	38
 18311	46	38	59	4	5	68	0	38
 18356	46	38	59	4	5	69	0	38
 18401	46	38	59	4	5	70	0	38
 18447	46	38	59	4	5	71	0	38
 18492	46	38	59	4	5	71	0	38
 18537	46	38	59	4	5	72	0	38
 18583	46	38	59	4	5	73	0	38
 18628	46	38	59	4	5	74	0	38
 18673	46	38	59	4	5	74	0	38
 18719	46	38	59	4	5	75	0	38
 18764	46	38	59	4	5	76	0	38
 18809	46	38	59	4	5	77	0	38
 18855	46	38	59	4	5	78	0	38
 18900	46	38	59	4	5	78	0	38
 18945	46	38	59	4	5	79	0	38
 18991	46	38	59	4	5	80	0	38
 19036	46	38	59	4	5	81	0	38
 19081	46	38	59	4	5	81	0	38
 19127	46	38	59	4	5	82	0	38
 19172	46	38	60	4	5	83	0	38
 19218	46	38	59	4	5	84	0	38
 19263	46	38	59	4	5	84	0	38
 19308	46	38	59	4	5	85	0	38
 19354	46	38	59	4	5	86	0	38
 19399	46	38	59	4	5	87	0	38
 19444	46	38	59	4	5	87	0	38
 19490	46	38	59	4	5	88	0	38
 19535	46	38	59	4	5	89	0	38
 19626	46	38	59	4	5	90	0	38
 19671	46	38	59	4	5	91	0	38
 19716	46	38	59	4	5	92	0	38
 19762	46	38	59	4	5	93	0	38
 19807	46	38	59	4	5	93	0	38
 19852	46	38	59	12	5	94	0	38
 19898	46	38	59	12	5	95	0	38
 19943	46	38	59	12	5	96	0	38
 19988	46	38	59	12	5	96	0	38
 20034	46	38	59	12	5	97	0	38
 20079	46	38	59	12	5	98	0	38
 20125	46	38	58	12	5	99	0	38
 20170	46	38	59	12	5	99	0	38
 20216	46	38	59	12	5	100	0	38
 20261	46	38	59	12	5	101	0	38
 20306	46	38	58	12	5	102	0	38
 20351	46	38	58	12	5	102	0	38
 20397	46	38	58	12	5	103	0	38
 20442	46	38	58	12	5	104	0	38
 20487	46	38	58	12	5	105	0	38
 20533	46	38	58	12	5	105	0	38
 20578	46	38	58	12	5	106	0	38
 20623	46	38	58	12	5	107	0	38
 20669	46	38	58	12	5	108	0	38
 20714	46	38	58	12	5	108	0	38
 20759	46	38	58	12	5	109	0	38
 20805	46	38	58	12	5	110	0	38
 20850	46	38	58	12	5	111	0	38
 20895	46	38	58	12	5	112	0	38
 20941	46	38	58	12	5	112	0	38
 20986	46	38	58	12	5	113	0	38
 21031	46	38	58	12	5	114	0	38
 21077	46	38	58	12	5	115	0	38
 21122	46	38	58	12	5	115	0	38
 21168	46	38	59	12	5	116	0	38
 21213	46	38	59	12	5	117	0	38
 21258	46	38	59	12	5	118	0	38
 21304	46	38	59	12	5	118	0	38
 21349	46	38	59	12	5	119	0	38
 21394	46	38	59	12	5	120	0	38
 21440	46	38	59	12	5	121	0	38
 21485	46	38	59	12	5	121	0	38
 21530	46	38	59	12	5	122	0	38
 21576	45	38	59	12	5	123	0	38
 21621	46	38	59	4	6	64	0	38
 21666	45	38	59	4	6	64	0	38
 21712	45	38	59	4	6	65	0	38
 21757	46	38	59	4	6	66	0	38
 21802	46	38	59	4	6	67	0	38
 21848	45	38	59	4	6	67	0	38
 21893	45	38	59	4	6	68	0	38
 21938	46	38	59	4	6	69	0	38
 21984	46	38	59	4	6	70	0	38
 22029	45	38	59	4	6	70	0	38
 22075	45	38	59	4	6	71	0	38
 22120	45	38	59	4	6	72	0	38
 22165	45	38	59	4	6	73	0	38
 22211	45	38	59	4	6	73	0	38
 22256	45	38	59	4	6	74	0	38
 22301	45	38	59	4	6	75	0	38
 22347	45	38	59	4	6	76	0	38
 22392	45	38	59	4	6	76	0	38
 22437	45	38	59	4	6	77	0	38
 22483	45	39	59	4	6	78	0	38
 22528	45	38	59	4	6	79	0	38
 22573	45	38	59	4	6	79	0	38
 22619	45	38	59	4	6	80	0	38
 22664	44	38	59	4	6	81	0	38
 22709	45	38	59	4	6	82	0	38
 22755	44	38	59	4	6	83	0	38
 22800	45	38	59	4	6	83	0	38
 22845	45	38	60	4	6	84	0	38
 22891	45	38	59	4	6	85	0	38
 22936	44	38	59	4	6	86	0	38
 22982	45	38	59	4	6	86	0	38
 23027	44	38	59	4	6	87	0	38
 23072	44	38	59	4	6	88	0	38
 23118	44	38	59	4	6	89	0	38
 23163	44	38	59	4	6	89	0	38
 23208	44	38	59	4	6	90	0	38
 23254	44	38	59	4	6	91	0	38
 23299	44	38	59	4	6	92	0	38
 23344	44	38	59	4	6	92	0	38
 23390	44	38	59	4	6	93	0	38
 23435	44	38	59	12	6	94	0	38
 23480	44	38	59	12	6	95	0	38
 23526	45	38	59	12	6	95	0	38
 23571	45	38	59	12	6	96	0	38
 23616	45	38	59	12	6	97	0	38
 23662	45	38	59	12	6	98	0	38
 23707	45	38	59	12	6	98	0	38
 23752	45	38	59	12	6	99	0	38
 23798	45	38	59	12	6	100	0	38
 23843	45	38	59	12	6	101	0	38
 23889	44	38	59	12	6	101	0	38
 23934	44	38	59	12	6	102	0	38
 23979	44	38	59	12	6	103	0	38
 24025	44	38	59	12	6	104	0	38
 24070	44	38	59	12	6	104	0	38
 24115	44	38	59	12	6	105	0	38
 24161	44	38	59	12	6	106	0	38
 24206	45	38	59	12	6	107	0	38
 24251	44	38	59	12	6	107	0	38
 24297	44	38	59	12	6	108	0	38
 24342	44	38	59	12	6	109	0	38
 24387	44	38	59	12	6	110	0	38
 24433	44	38	59	12	6	110	0	38
 24478	44	38	59	12	6	111	0	38
 24523	44	38	59	12	6	112	0	38
 24569	44	38	59	12	6	113	0	38
 24614	44	38	59	12	6	113	0	38
 24659	44	38	59	12	6	114	0	38
 24705	44	38	59	12	6	115	0	38
 24750	44	38	59	12	6	116	0	38
 24796	44	38	59	12	6	117	0	38
 24841	44	38	59	12	6	117	0	38
 24886	44	38	59	12	6	118	0	38
 24932	44	38	59	12	6	119	0	38
 24977	44	38	59	12	6	120	0	38
 25022	44	38	59	12	6	120	0	38
 25068	44	38	59	12	6	121	0	38
 25113	44	38	59	12	6	122	0	38
 25158	44	38	59	12	6	123	0	38
 25204	44	37	59	12	6	123	0	38
 25249	44	38	59	4	7	64	0	38
 25294	44	38	59	4	7	65	0	38
 25340	44	38	59	4	7	66	0	38
 25385	44	38	59	4	7	66	0	38
 25430	44	38	59	4	7	67	0	38
 25476	44	38	59	4	7	68	0	38
 25521	44	38	59	4	7	69	0	38
 25566	44	37	59	4	7	69	0	38
 25612	44	37	59	4	7	70	0	38
 25657	44	38	59	4	7	71	0	38
 25703	44	38	59	4	7	72	0	38
 25748	44	37	59	4	7	72	0	38
 25793	44	38	59	4	7	73	0	38
 25839	44	38	59	4	7	74	0	38
 25884	44	38	59	4	7	75	0	38
 25929	44	38	59	4	7	75	0	38
 25975	44	38	59	4	7	76	0	38
 26020	44	38	59	4	7	77	0	38
 26065	44	38	59	4	7	78	0	38
 26111	44	38	59	4	7	78	0	38
 26156	44	38	59	4	7	79	0	38
 26201	44	38	59	4	7	80	0	38
 26247	44	38	59	4	7	81	0	38
 26292	44	38	59	4	7	81	0	38
 26337	44	38	59	4	7	82	0	38
 26383	44	37	59	4	7	83	0	38
 26428	44	38	58	4	7	84	0	38
 26473	44	38	59	4	7	84	0	38
 26519	44	38	59	4	7	85	0	38
 26564	44	37	59	4	7	86	0	38
 26609	44	37	58	4	7	87	0	38
 26655	44	38	59	4	7	87	0	38
 26700	44	38	59	4	7	88	0	38
 26746	44	37	59	4	7	89	0	38
 26791	44	37	59	4	7	90	0	38
 26836	44	38	59	4	7	91	0	38
 26882	44	37	59	4	7	91	0	38
 26927	44	38	59	4	7	92	0	38
 26972	44	38	59	4	7	93	0	38
 27018	44	38	59	12	7	94	0	38
 27063	44	37	59	12	7	94	0	38
 27108	44	38	59	12	7	95	0	38
 27154	44	37	59	12	7	96	0	38
 27199	44	37	59	12	7	97	0	38
 27244	44	37	59	12	7	97	0	38
 27290	44	37	59	12	7	98	0	38
 27335	44	37	59	12	7	99	0	38
 27380	44	37	59	12	7	100	0	38
 27426	44	37	59	12	7	100	0	38
 27471	44	37	59	12	7	101	0	38
 27516	44	37	59	12	7	102	0	38
 27562	44	37	59	12	7	103	0	38
 27607	44	37	59	12	7	104	0	38
 27653	44	37	59	12	7	104	0	38
 27698	44	37	59	12	7	105	0	39
 27743	44	37	59	12	7	106	0	39
 27789	44	37	59	12	7	107	0	38
 27834	44	37	59	12	7	107	0	38
 27879	44	37	59	12	7	108	0	38
 27925	44	37	59	12	7	109	0	38
 27970	44	37	59	12	7	110	0	39
 28015	44	37	59	12	7	110	0	38
 28061	44	37	59	12	7	111	0	38
 28106	44	37	59	12	7	112	0	38
 28151	44	37	59	12	7	113	0	38
 28197	44	37	59	12	7	113	0	39
 28242	44	37	59	12	7	114	0	39
 28287	44	37	59	12	7	115	0	38
 28333	44	37	59	12	7	116	0	38
 28378	44	37	59	12	7	116	0	39
 28423	44	37	59	12	7	117	0	39
 28469	44	37	59	12	7	118	0	39
 28514	44	37	59	8	7	119	0	39
 28560	44	37	59	8	7	119	0	39
 28605	46	37	59	8	7	120	0	39
 28650	49	37	59	8	7	121	0	38
 28696	53	37	59	8	7	122	0	38
 28741	55	37	59	8	7	122	0	38
 28786	57	37	59	8	7	123	0	38
 28832	58	37	59	4	8	64	0	38
 28877	56	37	59	4	8	65	0	38
 28922	52	37	59	4	8	65	0	38
 28968	50	37	59	4	8	66	0	38
 29013	48	37	59	4	8	67	0	38
 29058	47	37	59	4	8	68	0	38
 29104	47	37	59	4	8	68	0	38
 29149	46	37	59	4	8	69	0	38
 29194	46	37	59	4	8	70	0	38
 29240	46	37	59	4	8	71	0	38
 29285	46	37	59	4	8	71	0	38
 29331	46	37	59	4	8	72	0	38
 29376	46	37	59	4	8	73	0	38
 29421	46	37	59	4	8	74	0	38
 29467	46	37	59	4	8	74	0	38
 29512	46	37	59	4	8	75	0	38
 29557	46	37	59	4	8	76	0	38
 29603	46	37	59	4	8	77	0	38
 29648	45	37	59	4	8	78	0	38
 29693	45	37	59	4	8	78	0	38
 29739	45	37	59	4	8	79	0	38
 29784	45	37	59	4	8	80	0	38
 29829	45	37	59	4	8	81	0	38
 29875	45	37	59	4	8	81	0	38
 29920	45	37	59	4	8	82	0	38
 29965	45	37	59	4	8	83	0	38
 30011	45	37	59	4	8	84	0	39
 30056	45	37	59	4	8	84	0	38
 30101	45	37	59	4	8	85	0	38
 30147	45	37	59	4	8	86	0	38
 30192	45	37	59	4	8	87	0	38
 30238	45	37	59	4	8	87	0	38
 30283	45	37	59	4	8	88	0	38
 30328	45	37	59	4	8	89	0	38
 30374	45	37	59	4	8	90	0	38
 30419	45	37	60	4	8	90	0	39
 30464	45	37	59	4	8	91	0	38
 30510	45	37	59	4	8	92	0	38
 30555	45	37	60	4	8	93	0	38
 30600	45	37	59	4	8	93	0	38
 30646	45	37	60	12	8	94	0	39
 30691	45	38	59	12	8	95	0	38
 30736	45	38	60	12	8	96	0	38
 30782	45	37	60	12	8	96	0	38
 30827	45	37	59	12	8	97	0	38
 30872	45	38	60	12	8	98	0	38
 30918	46	38	59	12	8	99	0	38
 30963	46	38	59	12	8	99	0	38
 31009	46	38	59	12	8	100	0	38
 31054	46	38	60	12	8	101	0	38
 31099	46	38	60	12	8	102	0	39
 31145	46	38	60	12	8	102	0	38
 31190	46	38	60	12	8	103	0	39
 31235	46	38	60	12	8	104	0	39
 31281	46	38	60	12	8	105	0	39
 31326	46	38	60	12	8	105	0	38
 31371	46	38	60	12	8	106	0	38
 31417	46	38	60	12	8	107	0	39
 31462	46	38	60	12	8	108	0	38
 31507	46	38	60	12	8	108	0	38
 31553	47	38	60	12	8	109	0	38
 31598	46	38	60	12	8	110	0	39
 31643	46	38	60	12	8	111	0	39
 31689	46	38	59	12	8	112	0	38
 31734	46	38	60	12	8	112	0	39
 31780	46	38	60	12	8	113	0	39
 31825	46	38	60	12	8	114	0	39
 31870	47	38	60	12	8	115	0	38
 31916	46	38	60	12	8	115	0	38
 31961	47	38	60	12	8	116	0	39
 32006	47	38	60	12	8	117	0	38
 32052	47	38	60	12	8	118	0	39
 32097	47	38	60	12	8	118	0	39
 32142	46	38	60	12	8	119	0	38
 32188	46	38	60	12	8	120	0	39
 32233	47	38	60	12	8	121	0	38
 32278	46	38	60	12	8	121	0	39
 32324	46	38	60	12	8	122	0	39
 32369	47	38	60	12	8	123	0	39
 32414	46	38	60	4	9	64	0	39
 32460	46	38	60	4	9	64	0	39
 32505	46	38	60	4	9	65	0	39
 32550	46	38	60	4	9	66	0	39
 32596	46	38	60	4	9	67	0	38
 32641	46	38	60	4	9	67	0	39
 32687	46	38	60	4	9	68	0	39
 32732	46	38	60	4	9	69	0	39
 32778	46	38	60	4	9	70	0	39
 32823	46	38	60	4	9	70	0	39
 32869	46	38	61	4	9	71	0	38
 32913	46	38	60	4	9	72	0	39
 32959	46	38	60	4	9	73	0	39
 33004	46	38	60	4	9	73	0	39
 33049	46	38	61	4	9	74	0	39
 33095	46	38	61	4	9	75	0	39
 33140	46	38	61	4	9	76	0	39
 33185	46	38	61	4	9	76	0	39
 33231	46	38	61	4	9	77	0	39
 33276	46	38	61	4	9	78	0	39
 33321	46	38	62	4	9	79	0	39
 33367	46	38	61	4	9	79	0	39
 33412	46	38	61	4	9	80	0	39
 33458	46	38	61	4	9	81	0	39
 33503	46	38	61	4	9	82	0	39
 33548	46	38	61	4	9	83	0	39
 33594	46	38	61	4	9	83	0	39
 33639	46	38	61	4	9	84	0	39
 33684	46	38	61	4	9	85	0	39
 33730	46	38	61	4	9	86	0	39
 33775	46	38	61	4	9	86	0	39
 33820	46	38	61	4	9	87	0	39
 33866	46	38	61	4	9	88	0	39
 33911	46	38	61	4	9	89	0	39
 33956	46	38	61	4	9	89	0	39
 34002	46	38	62	4	9	90	0	39
 34047	46	38	62	4	9	91	0	39
 34092	46	38	61	4	9	92	0	39
 34138	46	38	61	4	9	92	0	39
 34183	46	38	62	4	9	93	0	39
 34228	46	38	62	12	9	94	0	39
 34274	46	38	62	12	9	95	0	39
 34319	45	38	62	12	9	95	0	39
 34365	46	38	62	12	9	96	0	39
 34410	46	38	62	12	9	97	0	39
 34455	46	38	62	12	9	98	0	39
 34501	46	38	62	12	9	98	0	39
 34546	46	38	62	12	9	99	0	39
 34591	46	38	62	12	9	100	0	39
 34637	46	38	62	12	9	101	0	39
 34682	45	38	62	12	9	101	0	39
 34727	46	38	62	12	9	102	0	39
 34773	46	38	62	12	9	103	0	39
 34818	46	38	62	12	9	104	0	39
 34863	45	38	62	12	9	104	0	39
 34909	46	38	62	12	9	105	0	39
 34954	46	38	62	12	9	106	0	39
 34999	45	38	63	12	9	107	0	39
 35045	46	38	62	12	9	107	0	39
 35090	46	38	63	12	9	108	0	39
 35136	46	38	63	12	9	109	0	39
 35181	46	38	63	12	9	110	0	39
 35226	46	38	62	12	9	110	0	39
 35272	46	38	63	12	9	111	0	39
 35317	46	38	63	12	9	112	0	39
 35362	46	38	63	12	9	113	0	39
 35408	46	38	63	12	9	113	0	39
 35453	46	38	62	12	9	114	0	39
 35498	46	38	62	12	9	115	0	39
 35544	46	38	62	12	9	116	0	39
 35589	46	38	62	12	9	117	0	39
 35634	46	38	63	12	9	117	0	39
 35680	46	38	62	12	9	118	0	39
 35725	46	38	62	12	9	119	0	39
 35770	45	38	62	12	9	120	0	39
 35816	45	38	62	12	9	120	0	39
 35861	45	38	62	12	9	121	0	39
 35906	46	38	62	12	9	122	0	39
 35952	45	38	62	12	9	123	0	39
 35997	45	38	62	12	9	123	0	39
 36042	46	38	62	4	10	64	0	39
 36088	46	38	62	4	10	65	0	39
 36133	46	38	62	4	10	66	0	39
 36179	46	38	62	4	10	66	0	39
 36224	46	38	62	4	10	67	0	39
 36270	45	38	62	4	10	68	0	39
 36315	46	38	62	4	10	69	0	39
 36360	45	38	62	4	10	69	0	39
 36405	45	38	62	4	10	70	0	39
 36451	46	38	62	4	10	71	0	39
 36496	45	38	62	4	10	72	0	39
 36541	45	38	62	4	10	72	0	39
 36587	45	38	62	4	10	73	0	39
 36632	45	38	62	4	10	74	0	39
 36677	45	38	62	4	10	75	0	39
 36723	45	38	62	4	10	75	0	39
 36768	45	38	62	4	10	76	0	39
 36813	45	38	62	4	10	77	0	39
 36859	45	38	62	4	10	78	0	39
 36904	45	38	62	4	10	78	0	39
 36949	45	38	62	4	10	79	0	39
 36995	45	38	62	4	10	80	0	39
 37040	45	38	62	4	10	81	0	39
 37086	45	38	62	4	10	81	0	39
 37131	45	38	62	4	10	82	0	39
 37176	45	38	62	4	10	83	0	39
 37222	45	38	63	4	10	84	0	39
 37267	45	38	63	4	10	84	0	39
 37312	45	38	63	4	10	85	0	39
 37358	45	38	63	4	10	86	0	39
 37403	45	38	63	4	10	87	0	39
 37448	45	38	63	4	10	87	0	39
 37494	45	38	63	4	10	88	0	39
 37539	45	38	63	4	10	89	0	39
 37584	45	38	63	4	10	90	0	39
 37630	45	38	63	4	10	91	0	39
 37675	45	38	64	4	10	91	0	39
 37720	45	38	63	4	10	92	0	39
 37766	45	38	63	4	10	93	0	39
 37811	45	38	63	12	10	94	0	39
 37856	46	38	63	12	10	94	0	39
 37902	45	38	63	12	10	95	0	39
 37947	45	38	63	12	10	96	0	39
 37993	45	38	63	12	10	97	0	39
 38038	45	38	63	12	10	97	0	39
 38083	45	38	64	12	10	98	0	39
 38129	45	38	63	12	10	99	0	39
 38174	45	38	63	12	10	100	0	39
 38219	45	38	64	12	10	100	0	39
 38265	45	38	64	12	10	101	0	39
 38310	45	38	64	12	10	102	0	39
 38355	45	38	64	12	10	103	0	39
 38401	45	38	63	12	10	103	0	39
 38446	45	38	64	12	10	104	0	39
 38491	45	38	63	12	10	105	0	39
 38537	45	38	63	12	10	106	0	39
 38582	45	38	63	12	10	106	0	39
 38627	45	38	63	12	10	107	0	39
 38673	45	38	63	12	10	108	0	39
 38718	45	38	63	12	10	109	0	39
 38763	45	38	64	12	10	109	0	39
 38809	45	38	64	12	10	110	0	39
 38854	45	38	63	12	10	111	0	39
 38900	45	38	63	12	10	112	0	39
 38945	45	38	64	12	10	112	0	39
 38990	45	38	63	12	10	113	0	39
 39036	45	38	63	12	10	114	0	39
 39081	45	38	64	12	10	115	0	39
 39126	45	38	63	12	10	115	0	39
 39172	45	38	64	12	10	116	0	39
 39217	45	38	64	12	10	117	0	39
 39262	45	38	63	12	10	118	0	39
 39308	45	38	64	12	10	118	0	39
 39353	45	38	63	12	10	119	0	39
 39398	45	38	64	12	10	120	0	39
 39444	45	38	64	12	10	121	0	39
 39489	45	38	63	12	10	121	0	39
 39534	45	38	63	12	10	122	0	39
 39580	45	38	65	12	10	123	0	39
 39625	45	38	64	36	11	64	0	39
 39670	45	38	64	36	11	65	0	39
 39716	45	38	63	36	11	65	0	39
 39761	45	38	63	36	11	66	0	39
 39807	45	38	63	36	11	67	0	39
 39852	45	38	63	36	11	68	0	39
 39897	45	38	64	36	11	68	0	39
 39943	45	38	63	36	11	69	0	39
 39988	45	38	64	36	11	70	0	39
 40033	45	37	63	36	11	71	0	39
 40079	45	38	63	36	11	71	0	39
 40124	45	37	64	36	11	72	0	39
 40169	45	38	63	36	11	73	0	39
 40215	45	38	63	36	11	74	0	39
 40260	45	38	63	36	11	74	0	39
 40305	45	38	63	36	11	75	0	39
 40351	45	38	63	36	11	76	0	39
 40396	45	38	63	36	11	77	0	39
 40441	45	38	63	36	11	77	0	39
 40487	45	38	63	36	11	78	0	39
 40532	45	38	63	36	11	79	0	39
 40577	45	38	63	36	11	80	0	39
 40623	45	38	63	36	11	80	0	39
 40668	45	38	63	36	11	81	0	39
 40714	45	38	63	36	11	82	0	39
 40759	45	38	63	36	11	83	0	39
 40804	45	38	63	36	11	83	0	39
 40850	45	38	63	36	11	84	0	39
 40895	45	38	63	36	11	85	0	39
 40940	44	38	63	36	11	86	0	39
 40986	45	38	63	36	11	86	0	39
 41031	45	38	63	36	11	87	0	39
 41076	45	38	64	36	11	88	0	39
 41122	44	37	63	36	11	89	0	39
 41167	45	38	63	36	11	89	0	39
 41212	45	38	63	36	11	90	0	39
 41258	44	38	63	36	11	91	0	39
 41303	45	38	63	36	11	92	0	39
 41349	45	37	63	36	11	92	0	39
 41394	44	38	63	36	11	93	0	39
 41439	44	38	63	44	11	94	0	39
 41485	44	38	63	44	11	95	0	39
 41530	45	38	63	44	11	96	0	39
 41576	44	38	63	44	11	96	0	39
 41621	45	38	63	44	11	97	0	39
 41666	44	37	63	44	11	98	0	39
 41711	45	38	63	44	11	99	0	39
 41757	45	37	63	44	11	99	0	39
 41802	45	38	63	44	11	100	0	39
 41847	44	38	63	44	11	101	0	39
 41893	45	37	63	44	11	102	0	39
 41938	44	38	63	44	11	102	0	39
 41983	45	38	63	44	11	103	0	39
 42029	44	37	63	44	11	104	0	39
 42074	44	38	63	44	11	105	0	39
 42119	44	37	63	44	11	105	0	39
 42165	44	37	63	44	11	106	0	39
 42210	45	38	63	44	11	107	0	39
 42255	45	37	63	44	11	108	0	39
 42301	44	37	63	44	11	108	0	39
 42346	44	38	63	44	11	109	0	39
 42392	44	37	63	44	11	110	0	39
 42437	44	38	63	44	11	111	0	39
 42482	44	37	63	44	11	111	0	39
 42528	44	37	63	44	11	112	0	39
 42573	44	38	63	44	11	113	0	39
 42618	44	37	63	44	11	114	0	39
 42664	45	37	63	44	11	114	0	39
 42709	44	37	63	44	11	115	0	39
 42754	45	37	63	44	11	116	0	39
 42800	44	37	63	44	11	117	0	39
 42846	44	37	63	44	11	117	0	39
 42890	44	37	63	44	11	118	0	39
 42936	44	37	63	44	11	119	0	39
 42981	44	37	63	44	11	120	0	39
 43026	44	38	63	44	11	120	0	39
 43072	44	38	63	44	11	121	0	39
 43117	44	37	63	44	11	122	0	39
 43163	44	38	63	44	11	123	0	39
 43208	44	37	63	44	11	123	0	39
 43253	44	38	63	36	12	64	0	39
 43299	44	38	64	36	12	65	0	39
 43344	44	37	64	36	12	66	0	39
 43389	44	38	64	36	12	66	0	39
 43444	44	37	64	36	12	67	0	39
 43489	44	37	64	36	12	68	0	39
 43534	44	38	64	36	12	69	0	39
 43580	44	37	64	32	12	70	0	39
 43626	44	38	64	32	12	70	0	39
 43670	46	37	64	32	12	71	0	39
 43716	50	37	64	32	12	72	0	39
 43761	53	37	64	32	12	73	0	39
 43806	55	37	64	32	12	73	0	39
 43852	57	38	64	32	12	74	0	39
 43897	58	38	64	36	12	75	0	39
 43943	56	37	64	36	12	76	0	39
 43988	53	38	64	36	12	76	0	39
 44034	50	38	64	36	12	77	0	39
 44079	49	38	64	36	12	78	0	39
 44124	48	38	64	36	12	79	0	39
 44169	47	38	64	36	12	79	0	39
 44215	47	38	64	36	12	80	0	39
 44260	47	38	64	36	12	81	0	39
 44305	47	38	64	36	12	82	0	39
 44351	47	38	64	36	12	83	0	39
 44396	46	38	64	36	12	83	0	39
 44441	46	38	64	36	12	84	0	39
 44487	46	38	64	36	12	85	0	39
 44532	46	38	64	36	12	86	0	39
 44577	46	38	64	36	12	86	0	39
 44623	46	38	64	36	12	87	0	39
 44668	46	38	65	36	12	88	0	39
 44714	46	38	64	36	12	89	0	39
 44759	46	38	64	36	12	89	0	39
 44804	46	38	64	36	12	90	0	39
 44850	46	38	64	36	12	91	0	39
 44895	46	38	65	36	12	92	0	39
 44940	46	38	64	36	12	92	0	39
 44986	46	38	64	36	12	93	0	39
 45031	45	38	65	44	12	94	0	39
 45076	45	38	65	44	12	95	0	39
 45122	45	38	65	44	12	95	0	39
 45167	45	38	65	44	12	96	0	39
 45212	45	38	65	44	12	97	0	39
 45258	45	38	65	44	12	98	0	39
 45303	45	38	65	44	12	98	0	39
 45348	45	38	65	44	12	99	0	39
 45394	45	38	65	44	12	100	0	39
 45439	45	38	65	44	12	101	0	39
 45485	45	38	65	44	12	101	0	39
 45530	45	38	65	44	12	102	0	39
 45575	45	38	65	44	12	103	0	39
 45624	45	38	65	44	12	104	0	39
 45666	45	38	66	44	12	104	0	39
 45711	45	38	65	44	12	105	0	39
 45757	46	38	65	44	12	106	0	39
 45802	46	38	65	44	12	107	0	39
 45847	46	38	65	44	12	107	0	39
 45893	46	38	65	44	12	108	0	39
 45938	46	38	65	44	12	109	0	39
 45983	46	38	65	44	12	110	0	39
 46029	46	38	65	44	12	110	0	39
 46074	46	38	65	44	12	111	0	39
 46119	46	38	65	44	12	112	0	39
 46165	46	38	65	44	12	113	0	39
 46210	46	38	65	44	12	113	0	39
 46256	46	38	65	44	12	114	0	39
 46301	46	38	65	44	12	115	0	39
 46346	46	38	65	44	12	116	0	39
 46392	46	38	65	44	12	117	0	39
 46437	47	38	65	44	12	117	0	39
 46482	46	38	65	44	12	118	0	39
 46528	47	38	65	44	12	119	0	39
 46573	47	38	65	44	12	120	0	39
 46618	47	38	65	44	12	120	0	39
 46664	46	38	65	44	12	121	0	39
 46709	47	38	65	44	12	122	0	39
 46754	47	38	65	44	12	123	0	39
 46800	47	38	65	44	12	123	0	39
 46845	47	38	66	36	13	64	0	39
 46890	47	38	65	36	13	65	0	39
 46936	47	38	65	36	13	66	0	39
 46981	47	38	66	36	13	66	0	39
 47026	47	38	65	36	13	67	0	39
 47072	47	38	65	36	13	68	0	39
 47117	47	38	65	36	13	69	0	39
 47163	47	38	65	36	13	69	0	39
 47208	47	38	65	36	13	70	0	39
 47253	47	38	65	36	13	71	0	39
 47299	47	38	66	36	13	72	0	39
 47344	47	38	66	36	13	72	0	39
 47389	47	38	66	36	13	73	0	39
 47435	47	38	66	36	13	74	0	39
 47480	47	38	66	36	13	75	0	39
 47525	47	38	66	36	13	75	0	39
 47571	47	38	66	36	13	76	0	39
 47616	47	38	66	36	13	77	0	39
 47661	47	38	66	36	13	78	0	39
 47707	47	38	66	36	13	78	0	39
 47752	47	38	66	36	13	79	0	39
 47797	47	38	66	36	13	80	0	39
 47843	47	38	66	36	13	81	0	39
 47888	47	38	66	36	13	81	0	39
 47934	47	38	66	36	13	82	0	39
 47979	47	38	66	36	13	83	0	39
 48024	47	38	66	36	13	84	0	39
 48070	47	38	66	36	13	84	0	39
 48115	46	38	66	36	13	85	0	39
 48160	46	38	66	36	13	86	0	39
 48206	46	38	66	36	13	87	0	39
 48251	46	38	66	36	13	87	0	39
 48296	46	38	66	36	13	88	0	39
 48342	46	38	66	36	13	89	0	39
 48387	46	38	66	36	13	90	0	39
 48432	46	38	66	36	13	91	0	39
 48478	46	38	66	36	13	91	0	39
 48523	46	38	67	36	13	92	0	39
 48568	46	38	67	36	13	93	0	39
 48614	46	38	67	44	13	94	0	39
 48659	46	38	67	44	13	94	0	39
 48705	46	38	67	44	13	95	0	39
 48750	46	38	67	44	13	96	0	39
 48795	46	38	67	44	13	97	0	39
 48841	46	38	67	44	13	97	0	39
 48886	46	38	67	44	13	98	0	39
 48931	46	38	67	44	13	99	0	39
 48977	46	38	67	44	13	100	0	39
 49022	46	38	68	44	13	100	0	39
 49067	46	38	67	44	13	101	0	39
 49113	46	38	67	44	13	102	0	39
 49158	46	38	67	44	13	103	0	39
 49203	46	38	67	44	13	103	0	39
 49249	46	38	67	44	13	104	0	39
 49294	46	38	67	44	13	105	0	39
 49339	46	38	67	44	13	106	0	39
 49385	46	38	67	44	13	106	0	39
 49430	46	38	67	44	13	107	0	39
 49475	46	38	67	44	13	108	0	39
 49521	46	38	67	44	13	109	0	39
 49566	46	38	68	44	13	109	0	39
 49612	46	38	68	44	13	110	0	39
 49657	46	38	68	44	13	111	0	39
 49702	46	39	68	44	13	112	0	39
 49748	46	38	68	44	13	112	0	39
 49793	46	38	67	44	13	113	0	39
 49838	46	38	68	44	13	114	0	39
 49884	46	39	68	44	13	115	0	39
 49929	46	38	68	44	13	115	0	39
 49974	46	38	68	44	13	116	0	39
 50020	46	38	67	44	13	117	0	39
 50065	46	38	68	44	13	118	0	39
 50110	46	38	68	44	13	118	0	39
 50156	46	38	67	44	13	119	0	39
 50201	46	38	68	44	13	120	0	39
 50246	46	38	68	44	13	121	0	39
 50292	46	38	68	44	13	121	0	39
 50337	46	38	68	44	13	122	0	39
 50383	46	38	68	44	13	123	0	39
 50428	46	38	68	36	14	64	0	39
 50473	46	38	68	36	14	65	0	39
 50519	46	38	68	36	14	65	0	39
 50564	46	38	68	36	14	66	0	39
 50609	46	38	68	36	14	67	0	39
 50655	46	38	68	36	14	68	0	39
 50700	46	38	68	36	14	68	0	39
 50745	46	38	68	36	14	69	0	39
 50791	46	38	68	36	14	70	0	39
 50836	46	38	68	36	14	71	0	39
 50881	46	38	68	36	14	71	0	39
 50927	46	38	68	36	14	72	0	39
 50972	46	38	68	36	14	73	0	39
 51017	46	38	68	36	14	74	0	39
 51063	46	38	68	36	14	74	0	39
 51108	46	38	68	36	14	75	0	39
 51153	46	38	68	36	14	76	0	39
 51199	46	38	68	36	14	77	0	39
 51244	46	38	68	36	14	77	0	39
 51290	46	38	68	36	14	78	0	39
 51335	46	38	68	36	14	79	0	39
 51380	46	38	68	36	14	80	0	39
 51426	46	38	68	36	14	80	0	39
 51471	46	38	68	36	14	81	0	39
 51516	46	38	68	36	14	82	0	39
 51562	46	38	68	36	14	83	0	39
 51607	46	38	68	36	14	83	0	39
 51652	46	38	68	36	14	84	0	39
 51698	46	38	68	36	14	85	0	39
 51743	46	38	68	36	14	86	0	39
 51789	46	38	68	36	14	86	0	39
 51834	46	38	68	36	14	87	0	39
 51880	46	38	68	36	14	88	0	39
 51928	46	38	68	36	14	89	0	39
 51970	46	38	68	36	14	89	0	39
 52015	46	38	68	36	14	90	0	39
 52061	46	38	68	36	14	91	0	39
 52106	46	38	68	36	14	92	0	39
 52151	46	38	68	36	14	92	0	39
 52197	46	38	68	36	14	93	0	39
 52242	46	38	68	44	14	94	0	39
 52287	46	39	68	44	14	95	0	39
 52333	46	38	68	44	14	96	0	39
 52378	46	38	68	44	14	96	0	39
 52423	46	38	68	44	14	97	0	39
 52469	46	38	68	44	14	98	0	39
 52514	46	38	68	44	14	99	0	39
 52559	46	38	68	44	14	99	0	39
 52605	46	38	68	44	14	100	0	39
 52650	46	38	68	44	14	101	0	39
 52695	46	38	68	44	14	102	0	39
 52741	46	38	68	44	14	102	0	39
 52786	46	38	68	44	14	103	0	39
 52832	46	38	68	44	14	104	0	39
 52877	46	38	68	44	14	105	0	39
 52922	46	38	68	44	14	105	0	39
 52968	46	38	68	44	14	106	0	39
 53013	46	38	69	44	14	107	0	39
 53058	46	38	68	44	14	108	0	39
 53104	46	38	68	44	14	108	0	39
 53149	45	38	68	44	14	109	0	39
 53199	46	38	68	44	14	110	0	39
 53240	46	38	68	44	14	111	0	39
 53285	46	38	68	44	14	111	0	39
 53330	46	38	68	44	14	112	0	39
 53376	46	38	68	44	14	113	0	39
 53421	46	38	68	44	14	114	0	39
 53466	46	38	68	44	14	114	0	39
 53512	46	38	68	44	14	115	0	39
 53557	45	38	68	44	14	116	0	39
 53602	46	38	68	44	14	117	0	39
 53648	46	38	68	44	14	117	0	39
 53693	45	38	68	44	14	118	0	39
 53739	45	38	68	44	14	119	0	39
 53784	46	38	68	44	14	120	0	39
 53829	45	38	68	44	14	120	0	39
 53875	46	38	68	44	14	121	0	39
 53920	46	38	68	44	14	122	0	39
 53965	46	38	68	44	14	123	0	39
 54011	46	38	68	44	14	123	0	39
 54056	46	38	68	36	15	64	0	39
 54101	45	38	68	36	15	65	0	39
 54147	46	38	68	36	15	66	0	39
 54192	46	38	68	36	15	66	0	39
 54237	46	38	68	36	15	67	0	39
 54283	45	38	68	36	15	68	0	39
 54328	46	38	68	36	15	69	0	39
 54373	45	38	68	36	15	70	0	39
 54419	46	38	68	36	15	70	0	39
 54464	46	38	68	36	15	71	0	39
 54509	45	38	68	36	15	72	0	39
 54555	45	38	68	36	15	73	0	39
 54600	45	38	68	36	15	73	0	39
 54646	45	38	68	36	15	74	0	39
 54691	46	38	68	36	15	75	0	39
 54736	45	38	68	36	15	76	0	39
 54782	45	38	69	36	15	76	0	39
 54827	45	38	68	36	15	77	0	39
 54872	45	38	68	36	15	78	0	39
 54918	45	38	68	36	15	79	0	39
 54963	45	38	68	36	15	79	0	39
 55008	46	38	68	36	15	80	0	39
 55054	45	38	68	36	15	81	0	39
 55099	46	38	68	36	15	82	0	39
 55144	45	38	68	36	15	82	0	39
 55190	45	38	68	36	15	83	0	39
 55235	45	38	68	36	15	84	0	39
 55280	46	38	68	36	15	85	0	39
 55326	45	38	68	36	15	85	0	39
 55371	45	38	68	36	15	86	0	39
 55417	45	38	68	36	15	87	0	39
 55462	45	38	68	36	15	88	0	39
 55507	45	38	68	36	15	88	0	39
 55553	45	38	68	36	15	89	0	39
 55598	45	38	68	36	15	90	0	39
 55643	45	38	68	36	15	91	0	39
 55689	45	38	68	36	15	91	0	39
 55734	45	38	68	36	15	92	0	39
 55779	45	38	68	36	15	93	0	39
 55825	45	38	68	44	15	94	0	39
 55870	45	38	68	44	15	94	0	39
 55915	45	38	68	44	15	95	0	39
 55961	45	38	68	44	15	96	0	39
 56006	45	38	68	44	15	97	0	39
 56051	45	38	68	44	15	97	0	39
 56097	45	38	68	44	15	98	0	39
 56142	46	38	68	44	15	99	0	39
 56188	45	38	68	44	15	100	0	39
 56233	45	38	68	44	15	100	0	39
 56278	45	38	68	44	15	101	0	39
 56324	45	38	68	44	15	102	0	39
 56369	45	38	68	44	15	103	0	39
 56414	45	38	68	44	15	104	0	39
 56460	45	38	68	44	15	104	0	39
 56505	45	38	68	44	15	105	0	39
 56550	45	38	67	44	15	106	0	39
 56596	45	38	68	44	15	107	0	39
 56641	45	38	68	44	15	107	0	39
 56686	45	38	68	44	15	108	0	39
 56732	45	38	68	44	15	109	0	39
 56777	45	38	68	44	15	110	0	39
 56822	45	38	68	44	15	110	0	39
 56868	45	38	68	44	15	111	0	39
 56913	45	38	68	44	15	112	0	39
 56958	45	38	68	44	15	113	0	39
 57004	45	38	68	44	15	113	0	39
 57049	45	38	68	44	15	114	0	39
 57095	45	38	68	44	15	115	0	39
 57140	45	38	68	44	15	116	0	39
 57185	45	38	69	44	15	116	0	39
 57231	45	38	68	44	15	117	0	39
 57276	45	38	68	44	15	118	0	39
 57321	45	38	68	44	15	119	0	39
 57367	45	38	68	44	15	119	0	39
 57412	45	38	68	44	15	120	0	39
 57457	45	38	68	44	15	121	0	39
 57503	45	38	68	44	15	122	0	39
 57548	45	38	68	44	15	122	0	39
 57593	45	38	68	44	15	123	0	39
 57639	45	38	68	36	16	64	0	39
 57684	45	38	68	36	16	65	0	39
 57729	45	38	68	36	16	65	0	39
 57775	45	38	68	36	16	66	0	39
 57820	45	38	67	36	16	67	0	39
 57866	45	38	68	36	16	68	0	39
 57911	45	38	68	36	16	68	0	39
 57956	45	38	68	36	16	69	0	39
 58002	45	38	68	36	16	70	0	39
 58047	45	38	68	36	16	71	0	39
 58092	45	38	67	36	16	71	0	39
 58138	45	38	68	36	16	72	0	39
 58183	45	38	68	36	16	73	0	39
 58228	45	38	68	36	16	74	0	39
 58274	45	38	68	36	16	74	0	39
 58319	45	38	68	36	16	75	0	39
 58364	45	38	68	36	16	76	0	39
 58410	45	38	67	36	16	77	0	39
 58455	45	38	67	36	16	78	0	39
 58500	45	38	68	36	16	78	0	39
 58546	45	38	67	36	16	79	0	39
 58591	45	38	67	36	16	80	0	39
 58637	45	38	68	36	16	81	0	39
 58682	45	38	67	36	16	81	0	39
 58727	45	38	68	36	16	82	0	39
 58773	45	38	68	36	16	83	0	39
 58818	45	38	67	36	16	84	0	39
 58863	45	38	68	32	16	84	0	39
 58909	45	38	68	32	16	85	0	39
 58954	48	38	68	32	16	86	0	39
 58999	52	38	68	32	16	87	0	39
 59045	55	38	68	32	16	87	0	39
 59090	57	38	68	32	16	88	0	39
 59135	58	38	67	36	16	89	0	39
 59181	58	38	68	36	16	90	0	39
 59226	55	38	67	36	16	90	0	39
 59271	52	38	68	36	16	91	0	39
 59317	50	38	67	36	16	92	0	39
 59362	49	38	68	36	16	93	0	39
 59407	48	38	67	36	16	93	0	39
 59453	48	38	67	44	16	94	0	39
 59498	47	38	69	44	16	95	0	39
 59544	47	38	68	44	16	96	0	39
 59589	47	38	67	44	16	96	0	39
 59634	47	38	67	44	16	97	0	39
 59680	47	38	67	44	16	98	0	39
 59725	47	38	68	44	16	99	0	39
 59770	47	38	67	44	16	99	0	39
 59816	47	38	67	44	16	100	0	39
 59861	47	38	67	44	16	101	0	39
 59906	47	38	67	44	16	102	0	39
 59952	47	38	67	44	16	102	0	39
 59997	47	38	67	44	16	103	0	39
 60042	46	38	67	44	16	104	0	39
 60088	46	38	67	44	16	105	0	39
 60133	46	38	67	44	16	105	0	39
 60178	46	38	67	44	16	106	0	39
 60224	46	38	67	44	16	107	0	39
 60269	46	38	67	44	16	108	0	39
 60315	46	38	67	44	16	108	0	39
 60360	46	38	67	44	16	109	0	39
 60405	46	38	67	44	16	110	0	39
 60451	46	38	67	44	16	111	0	39
 60496	46	38	67	44	16	112	0	39
 60541	46	38	67	44	16	112	0	39
 60587	46	38	67	44	16	113	0	39
 60632	46	38	67	44	16	114	0	39
 60677	46	38	67	44	16	115	0	39
 60723	46	38	67	44	16	115	0	39
 60768	45	38	67	44	16	116	0	39
 60813	46	38	67	44	16	117	0	39
 60859	46	38	67	44	16	118	0	39
 60904	46	39	67	44	16	118	0	39
 60949	46	38	67	44	16	119	0	39
 60995	46	38	67	44	16	120	0	39
 61040	46	39	67	44	16	121	0	39
 61086	46	39	67	44	16	121	0	39
 61131	46	38	67	44	16	122	0	39
 61176	46	39	67	44	16	123	0	39
 61222	46	38	67	36	17	64	0	39
 61267	46	39	67	36	17	64	0	39
 61312	46	38	67	36	17	65	0	39
 61358	47	38	67	36	17	66	0	39
 61403	47	38	67	36	17	67	0	39
 61448	47	39	67	36	17	67	0	39
 61494	47	38	67	36	17	68	0	39
 61539	47	39	67	36	17	69	0	39
 61584	47	38	67	36	17	70	0	39
 61630	47	39	66	36	17	70	0	39
 61675	47	39	67	36	17	71	0	39
 61720	47	39	67	36	17	72	0	39
 61766	47	39	67	36	17	73	0	39
 61811	47	39	67	36	17	73	0	39
 61856	47	39	67	36	17	74	0	39
 61902	47	39	67	36	17	75	0	39
 61947	47	39	67	36	17	76	0	39
 61993	47	39	67	36	17	76	0	39
 62038	47	39	66	36	17	77	0	39
 62083	47	39	66	36	17	78	0	39
 62129	47	39	66	36	17	79	0	39
 62174	47	39	66	36	17	79	0	39
 62219	47	39	67	36	17	80	0	39
 62265	47	39	66	36	17	81	0	39
 62310	47	39	66	36	17	82	0	39
 62355	47	39	67	36	17	83	0	39
 62401	47	39	67	36	17	83	0	39
 62446	47	39	67	36	17	84	0	39
 62491	48	39	66	36	17	85	0	39
 62537	47	39	67	36	17	86	0	39
 62582	47	39	67	36	17	86	0	39
 62628	47	39	67	36	17	87	0	39
 62673	47	39	67	36	17	88	0	39
 62718	47	39	67	36	17	89	0	39
 62764	47	39	67	36	17	89	0	39
 62809	47	39	67	36	17	90	0	39
 62854	47	39	67	36	17	91	0	39
 62900	47	39	67	36	17	92	0	39
 62945	47	39	67	36	17	92	0	39
 62990	47	39	66	36	17	93	0	39
 63036	47	39	67	44	17	94	0	39
 63081	47	38	67	44	17	95	0	39
 63126	47	39	67	44	17	96	0	39
 63172	47	39	67	44	17	96	0	39
 63218	47	39	66	44	17	97	0	39
 63262	47	38	67	44	17	98	0	39
 63308	47	39	67	44	17	99	0	39
 63353	47	39	67	44	17	99	0	39
 63398	47	39	67	44	17	100	0	39
 63444	47	39	67	44	17	101	0	39
 63489	47	39	66	44	17	102	0	39
 63535	47	39	66	44	17	102	0	39
 63580	47	39	67	44	17	103	0	39
 63625	47	39	67	44	17	104	0	39
 63671	47	39	66	44	17	105	0	39
 63716	47	39	67	44	17	105	0	39
 63761	47	39	66	44	17	106	0	39
 63807	47	39	66	44	17	107	0	39
 63852	46	39	66	44	17	108	0	39
 63897	47	39	66	44	17	108	0	39
 63943	47	39	66	44	17	109	0	39
 63988	46	39	66	44	17	110	0	39
 64033	46	39	66	44	17	111	0	39
 64079	47	39	66	44	17	111	0	39
 64124	46	39	66	44	17	112	0	39
 64169	46	39	66	44	17	113	0	39
 64215	47	39	66	44	17	114	0	39
 64260	47	39	66	44	17	114	0	39
 64305	46	39	66	44	17	115	0	39
 64351	46	39	66	44	17	116	0	39
 64396	46	39	66	44	17	117	0	39
 64442	46	39	66	44	17	117	0	39
 64487	46	39	66	44	17	118	0	39
 64532	46	39	66	44	17	119	0	39
 64578	47	39	66	44	17	120	0	39
 64623	46	39	66	44	17	120	0	39
 64668	47	39	66	44	17	121	0	39
 64714	46	39	66	44	17	122	0	39
 64759	46	39	66	44	17	123	0	39
 64804	46	39	65	44	17	123	0	39
 64850	46	39	66	36	18	64	0	39
 64895	46	39	65	36	18	65	0	39
 64940	46	39	66	36	18	66	0	39
 64986	46	39	65	36	18	66	0	39
 65031	46	39	66	36	18	67	0	39
 65076	46	39	65	36	18	68	0	39
 65122	46	39	65	36	18	69	0	39
 65167	46	39	65	36	18	70	0	39
 65213	46	39	65	36	18	70	0	39
 65258	46	39	65	36	18	71	0	39
 65303	46	39	66	36	18	72	0	39
 65349	46	39	65	36	18	73	0	39
 65394	46	39	65	36	18	73	0	39
 65439	46	39	65	36	18	74	0	39
 65485	46	39	65	36	18	75	0	39
 65530	46	39	66	36	18	76	0	39
 65575	47	39	66	36	18	76	0	39
 65621	47	39	65	36	18	77	0	39
 65666	46	39	66	36	18	78	0	39
 65711	46	39	65	36	18	79	0	39
 65757	46	39	66	36	18	79	0	39
 65802	46	39	66	36	18	80	0	39
 65847	46	39	66	36	18	81	0	39
 65893	46	39	66	36	18	82	0	39
 65938	46	39	66	36	18	82	0	39
 65983	46	39	66	36	18	83	0	39
 66029	46	39	66	36	18	84	0	39
 66074	46	39	66	36	18	85	0	39
 66120	46	39	66	36	18	85	0	39
 66165	46	39	66	36	18	86	0	39
 66210	46	39	65	36	18	87	0	39
 66256	46	39	65	36	18	88	0	39
 66301	46	39	65	36	18	88	0	39
 66346	46	39	65	36	18	89	0	39
 66392	46	39	65	36	18	90	0	39
 66437	46	39	64	36	18	91	0	39
 66482	46	39	64	36	18	91	0	39
 66528	46	39	66	36	18	92	0	39
 66573	46	39	65	36	18	93	0	39
 66618	46	39	65	44	18	94	0	39
 66664	46	39	65	44	18	94	0	39
 66709	46	39	65	44	18	95	0	39
 66754	46	39	65	44	18	96	0	39
 66800	46	39	65	44	18	97	0	39
 66845	46	39	65	44	18	97	0	39
 66890	46	39	65	44	18	98	0	39
 66936	46	39	65	44	18	99	0	39
 66981	46	39	65	44	18	100	0	39
 67027	46	38	65	44	18	100	0	39
 67072	46	39	65	44	18	101	0	39
 67117	46	39	65	44	18	102	0	39
 67163	46	39	65	44	18	103	0	39
 67208	46	39	65	44	18	104	0	39
 67253	46	38	65	44	18	104	0	39
 67299	46	39	65	44	18	105	0	39
 67344	46	39	65	44	18	106	0	39
 67389	46	38	65	44	18	107	0	39
 67435	46	38	65	44	18	107	0	39
 67480	46	38	65	44	18	108	0	39
 67525	46	39	65	44	18	109	0	39
 67571	46	39	65	44	18	110	0	39
 67616	46	38	65	44	18	110	0	39
 67661	46	39	65	44	18	111	0	39
 67707	46	39	65	44	18	112	0	39
 67752	46	39	65	44	18	113	0	39
 67797	46	38	65	44	18	113	0	39
 67843	46	38	65	44	18	114	0	39
 67888	46	38	65	44	18	115	0	39
 67933	46	39	65	44	18	116	0	39
 67979	46	39	65	44	18	116	0	39
 68024	46	38	65	44	18	117	0	39
 68070	46	38	65	44	18	118	0	39
 68115	46	39	64	44	18	119	0	39
 68160	46	39	65	44	18	119	0	39
 68206	46	38	64	44	18	120	0	39
 68251	46	38	64	44	18	121	0	39
 68296	46	38	65	44	18	122	0	39
 68342	46	39	64	44	18	122	0	39
 68387	46	38	64	44	18	123	0	39
 68432	46	39	64	36	19	64	0	39
 68478	46	39	64	36	19	65	0	39
 68523	46	38	65	36	19	65	0	39
 68568	46	38	64	36	19	66	0	39
 68614	46	38	64	36	19	67	0	39
 68659	46	39	64	36	19	68	0	39
 68704	46	39	64	36	19	68	0	39
 68750	46	38	64	36	19	69	0	39
 68795	46	39	64	36	19	70	0	39
 68841	46	39	64	36	19	71	0	39
 68886	46	38	64	36	19	71	0	39
 68931	46	38	64	36	19	72	0	39
 68977	46	38	64	36	19	73	0	39
 69022	46	38	64	36	19	74	0	39
 69067	46	38	64	36	19	74	0	39
 69113	46	38	64	36	19	75	0	39
 69158	46	38	64	36	19	76	0	39
 69203	45	38	64	36	19	77	0	39
 69249	46	39	64	36	19	78	0	39
 69294	46	39	64	36	19	78	0	39
 69339	46	39	64	36	19	79	0	39
 69385	45	38	64	36	19	80	0	39
 69430	46	38	64	36	19	81	0	39
 69476	46	38	64	36	19	81	0	39
 69521	46	38	64	36	19	82	0	39
 69566	46	38	64	36	19	83	0	39
 69612	45	38	64	36	19	84	0	39
 69657	46	38	64	36	19	84	0	39
 69702	45	38	64	36	19	85	0	39
 69748	46	38	64	36	19	86	0	39
 69793	45	38	64	36	19	87	0	39
 69838	45	38	64	36	19	87	0	39
 69884	45	38	64	36	19	88	0	39
 69929	45	38	64	36	19	89	0	39
 69974	45	38	64	36	19	90	0	39
 70020	45	38	64	36	19	90	0	39
 70065	45	38	64	36	19	91	0	39
 70110	46	38	63	36	19	92	0	39
 70156	45	38	63	36	19	93	0	39
 70201	46	38	63	36	19	93	0	39
 70246	45	38	63	44	19	94	0	39
 70292	46	38	64	44	19	95	0	39
 70337	45	38	63	44	19	96	0	39
 70382	45	38	63	44	19	96	0	39
 70428	45	38	63	44	19	97	0	39
 70474	45	38	63	44	19	98	0	39
 70519	45	38	63	44	19	99	0	39
 70564	45	38	63	44	19	99	0	39
 70609	45	38	63	44	19	100	0	39
 70655	46	38	63	44	19	101	0	39
 70700	45	38	63	44	19	102	0	39
 70745	45	38	63	44	19	102	0	39
 70791	45	38	63	44	19	103	0	39
 70836	45	38	63	44	19	104	0	39
 70881	45	38	63	44	19	105	0	39
 70927	45	38	63	44	19	105	0	39
 70972	45	38	63	44	19	106	0	39
 71017	45	38	63	44	19	107	0	39
 71063	45	38	63	44	19	108	0	39
 71108	45	38	63	44	19	108	0	39
 71153	45	38	63	44	19	109	0	39
 71199	45	38	63	44	19	110	0	39
 71244	45	38	63	44	19	111	0	39
 71289	45	38	63	44	19	112	0	38
 71335	45	38	63	44	19	112	0	39
 71380	45	38	63	44	19	113	0	39
 71426	45	38	63	44	19	114	0	38
 71471	45	38	63	44	19	115	0	38
 71516	45	38	63	44	19	115	0	39
 71562	45	38	63	44	19	116	0	38
 71607	45	38	63	44	19	117	0	39
 71656	45	38	63	44	19	118	0	39
 71698	45	38	62	44	19	118	0	38
 71743	45	38	63	44	19	119	0	38
 71788	45	38	63	44	19	120	0	38
 71834	45	38	63	44	19	121	0	38
 71879	45	38	63	44	19	121	0	38
 71924	45	38	63	44	19	122	0	38
 71970	45	38	63	44	19	123	0	38
 72017	45	38	62	36	20	64	0	38
 72060	45	38	64	36	20	64	0	38
 72106	45	38	63	36	20	65	0	38
 72151	45	38	63	36	20	66	0	38
 72196	45	38	63	36	20	67	0	38
 72242	45	38	63	36	20	67	0	38
 72287	45	38	63	36	20	68	0	38
 72333	45	38	62	36	20	69	0	38
 72378	45	38	63	36	20	70	0	38
 72423	45	38	62	36	20	70	0	38
 72469	45	38	62	36	20	71	0	38
 72514	45	38	62	36	20	72	0	38
 72559	45	38	62	36	20	73	0	38
 72605	45	38	62	36	20	73	0	38
 72650	45	38	62	36	20	74	0	38
 72695	45	38	62	36	20	75	0	38
 72741	45	38	62	36	20	76	0	38
 72786	45	38	62	36	20	76	0	38
 72831	45	38	62	36	20	77	0	38
 72877	45	38	62	36	20	78	0	38
 72922	45	38	62	36	20	79	0	38
 72967	45	38	62	36	20	79	0	38
 73013	45	38	62	36	20	80	0	38
 73058	45	38	62	36	20	81	0	38
 73103	45	38	62	36	20	82	0	38
 73149	45	38	62	36	20	83	0	38
 73194	45	38	62	36	20	83	0	38
 73240	45	38	62	36	20	84	0	38
 73285	45	38	62	36	20	85	0	38
 73330	45	38	62	36	20	86	0	38
 73376	45	38	62	36	20	86	0	38
 73421	45	38	62	36	20	87	0	38
 73466	45	38	62	36	20	88	0	38
 73512	44	38	62	36	20	89	0	38
 73557	45	38	62	36	20	89	0	38
 73606	45	38	62	36	20	90	0	38
 73648	44	38	62	36	20	91	0	38
 73693	44	38	62	36	20	92	0	38
 73738	44	38	62	36	20	92	0	38
 73784	45	38	62	36	20	93	0	38
 73829	45	38	62	44	20	94	0	38
 73874	45	38	62	44	20	95	0	38
 73920	44	38	62	44	20	95	0	38
 73965	45	38	62	44	20	96	0	38
 74010	44	38	62	44	20	97	0	38
 74056	45	38	62	44	20	98	0	38
 74101	45	38	62	44	20	98	0	38
 74147	44	38	62	40	20	99	0	38
 74192	44	38	61	40	20	100	0	38
 74237	46	38	61	40	20	101	0	38
 74283	49	38	61	40	20	101	0	38
 74328	53	38	61	40	20	102	0	38
 74373	55	38	61	40	20	103	0	38
 74419	57	38	61	40	20	104	0	38
 74464	58	38	61	44	20	104	0	38
 74509	57	38	61	44	20	105	0	38
 74555	53	38	61	44	20	106	0	38
 74600	50	38	61	44	20	107	0	38
 74645	49	38	61	44	20	107	0	38
 74691	48	38	61	44	20	108	0	38
 74736	47	38	61	44	20	109	0	38
 74781	47	38	61	44	20	110	0	38
 74827	47	38	61	44	20	110	0	38
 74872	47	38	61	44	20	111	0	38
 74917	46	38	61	44	20	112	0	38
 74963	46	38	61	44	20	113	0	38
 75008	47	38	61	44	20	113	0	38
 75054	47	38	61	44	20	114	0	38
 75099	46	38	61	44	20	115	0	38
 75144	46	38	61	44	20	116	0	38
 75190	46	38	61	44	20	117	0	38
 75235	47	38	61	44	20	117	0	38
 75280	47	38	61	44	20	118	0	38
 75326	46	38	61	44	20	119	0	38
 75371	46	38	61	44	20	120	0	38
 75416	46	38	61	44	20	120	0	38
 75462	46	38	61	44	20	121	0	38
 75507	46	38	61	44	20	122	0	38
 75552	46	38	61	44	20	123	0	38
 75598	46	38	61	44	20	123	0	38
 75643	46	38	61	36	21	64	0	38
 75688	46	38	61	36	21	65	0	38
 75734	46	38	61	36	21	66	0	38
 75779	45	38	61	36	21	66	0	38
 75824	45	38	61	36	21	67	0	38
 75870	45	38	61	36	21	68	0	38
 75915	45	38	61	36	21	69	0	38
 75961	45	38	61	36	21	69	0	38
 76006	45	38	61	36	21	70	0	38
 76051	45	38	61	36	21	71	0	38
 76097	45	38	61	36	21	72	0	38
 76142	45	38	61	36	21	72	0	38
 76187	45	38	61	36	21	73	0	38
 76233	45	38	61	36	21	74	0	38
 76278	45	38	60	36	21	75	0	38
 76323	45	38	60	36	21	75	0	38
 76369	45	38	60	36	21	76	0	38
 76414	45	38	60	36	21	77	0	38
 76460	45	38	60	36	21	78	0	38
 76505	45	38	60	36	21	78	0	38
 76550	45	38	60	36	21	79	0	38
 76595	45	38	60	36	21	80	0	38
 76641	45	38	60	36	21	81	0	38
 76686	45	38	60	36	21	81	0	38
 76731	45	38	60	36	21	82	0	38
 76777	45	38	60	36	21	83	0	38
 76822	45	38	60	36	21	84	0	38
 76868	45	38	60	36	21	84	0	38
 76913	45	38	60	36	21	85	0	38
 76958	45	38	60	36	21	86	0	38
 77004	46	38	61	36	21	87	0	38
 77049	46	39	60	36	21	87	0	38
 77095	46	38	60	36	21	88	0	38
 77140	46	38	60	36	21	89	0	38
 77185	46	39	60	36	21	90	0	38
 77230	46	39	60	36	21	91	0	38
 77276	46	39	60	36	21	91	0	38
 77321	46	38	60	36	21	92	0	38
 77366	46	39	60	36	21	93	0	38
 77412	46	39	60	44	21	94	0	38
 77457	46	38	60	44	21	94	0	38
 77502	46	39	60	44	21	95	0	38
 77548	46	38	60	44	21	96	0	38
 77593	46	38	60	44	21	97	0	38
 77638	46	38	60	44	21	97	0	38
 77684	46	38	60	44	21	98	0	38
 77729	46	39	60	44	21	99	0	38
 77774	46	39	60	44	21	100	0	38
 77820	46	39	60	44	21	100	0	38
 77865	46	38	60	44	21	101	0	38
 77911	46	39	59	44	21	102	0	38
 77956	46	39	60	44	21	103	0	38
 78001	46	39	59	44	21	103	0	38
 78047	46	38	59	44	21	104	0	38
 78092	46	38	60	44	21	105	0	38
 78137	46	39	60	44	21	106	0	38
 78183	46	38	59	44	21	106	0	38
 78228	46	38	60	44	21	107	0	38
 78273	45	38	59	44	21	108	0	38
 78319	46	38	59	44	21	109	0	38
 78364	46	38	59	44	21	109	0	38
 78409	46	38	60	44	21	110	0	38
 78455	46	38	59	44	21	111	0	38
 78500	45	38	59	44	21	112	0	38
 78545	45	38	59	44	21	112	0	38
 78591	45	39	59	44	21	113	0	38
 78636	45	38	59	44	21	114	0	38
 78681	45	38	60	44	21	115	0	38
 78727	45	38	59	44	21	115	0	38
 78772	46	38	60	44	21	116	0	38
 78818	45	38	59	44	21	117	0	38
 78863	45	38	59	44	21	118	0	38
 78908	45	38	59	44	21	118	0	38
 78954	45	38	59	44	21	119	0	38
 78999	45	38	59	44	21	120	0	38
 79044	45	38	59	44	21	121	0	38
 79090	45	38	59	44	21	121	0	38
 79135	45	38	59	44	21	122	0	38
 79180	45	38	59	44	21	123	0	38
 79226	45	38	59	36	22	64	0	38
 79271	45	38	59	36	22	65	0	38
 79316	45	38	59	36	22	65	0	38
 79362	45	38	59	36	22	66	0	38
 79407	45	38	60	36	22	67	0	38
 79452	45	38	59	36	22	68	0	38
 79498	45	38	59	36	22	68	0	38
 79543	45	38	59	36	22	69	0	38
 79588	45	38	59	36	22	70	0	38
 79634	45	38	59	36	22	71	0	38
 79679	45	38	59	36	22	71	0	38
 79725	45	38	59	36	22	72	0	38
 79771	45	38	59	36	22	73	0	38
 79815	45	38	59	36	22	74	0	38
 79861	45	38	59	36	22	74	0	38
 79906	45	38	59	36	22	75	0	38
 79951	45	38	59	36	22	76	0	38
 79997	45	38	59	36	22	77	0	38
 80042	45	38	60	36	22	77	0	38
 80087	45	38	59	36	22	78	0	38
 80133	45	38	59	36	22	79	0	38
 80178	45	38	59	36	22	80	0	38
 80223	45	38	59	36	22	80	0	38
 80269	45	38	58	36	22	81	0	38
 80314	45	38	58	36	22	82	0	38
 80359	45	38	58	36	22	83	0	38
 80405	45	38	58	36	22	83	0	38
 80450	45	38	59	36	22	84	0	38
 80495	45	38	58	36	22	85	0	38
 80541	45	38	58	36	22	86	0	38
 80586	45	38	58	36	22	86	0	38
 80631	45	39	58	36	22	87	0	38
 80677	45	38	59	36	22	88	0	38
 80726	46	38	58	36	22	89	0	38
 80768	45	38	58	36	22	89	0	38
 80813	45	38	58	36	22	90	0	38
 80858	45	38	58	36	22	91	0	38
 80904	45	38	58	36	22	92	0	38
 80949	46	38	58	36	22	92	0	38
 80994	45	38	58	36	22	93	0	38
 81040	45	38	58	44	22	94	0	38
 81085	45	38	58	44	22	95	0	38
 81130	45	38	59	44	22	96	0	38
 81176	45	38	58	44	22	96	0	38
 81221	45	38	58	44	22	97	0	38
 81266	45	38	58	44	22	98	0	38
 81312	45	38	58	44	22	99	0	38
 81357	45	38	58	44	22	99	0	38
 81402	45	38	58	44	22	100	0	38
 81448	45	38	58	44	22	101	0	38
 81493	45	38	58	44	22	102	0	38
 81538	45	38	58	44	22	102	0	38
 81584	45	38	58	44	22	103	0	38
 81629	45	38	58	44	22	104	0	38
 81675	45	38	58	44	22	105	0	38
 81720	45	38	58	44	22	105	0	38
 81765	45	38	57	44	22	106	0	38
 81811	44	38	57	44	22	107	0	38
 81856	45	38	57	44	22	108	0	38
 81901	45	38	57	44	22	108	0	38
 81947	44	38	58	44	22	109	0	38
 81992	45	38	58	44	22	110	0	38
 82037	45	38	58	44	22	111	0	38
 82083	44	38	58	44	22	111	0	38
 82128	45	38	57	44	22	112	0	38
 82173	44	38	57	44	22	113	0	38
 82219	45	38	57	44	22	114	0	38
 82264	44	38	58	44	22	114	0	38
 82309	45	38	57	44	22	115	0	38
 82355	44	38	58	44	22	116	0	38
 82400	44	38	58	44	22	117	0	38
 82445	44	38	58	44	22	117	0	38
 82491	45	38	58	44	22	118	0	38
 82536	45	38	58	44	22	119	0	38
 82582	45	38	57	44	22	120	0	38
 82627	45	38	58	44	22	120	0	38
 82672	45	38	57	44	22	121	0	38
 82718	45	38	58	44	22	122	0	38
 82763	45	38	58	44	22	123	0	38
 82808	44	38	58	44	22	123	0	38
 82854	44	38	58	36	23	64	0	38
 82899	45	38	57	36	23	65	0	38
 82944	44	38	57	36	23	66	0	38
 82990	45	38	57	36	23	66	0	38
 83035	45	38	57	36	23	67	0	38
 83080	44	38	58	36	23	68	0	38
 83126	44	38	57	36	23	69	0	38
 83171	44	38	57	36	23	70	0	38
 83216	44	38	58	36	23	70	0	38
 83262	44	38	57	36	23	71	0	38
 83307	45	38	57	36	23	72	0	38
 83352	45	38	58	36	23	73	0	38
 83398	45	38	57	36	23	73	0	38
 83443	45	38	57	36	23	74	0	38
 83492	45	38	57	36	23	75	0	38
 83534	45	38	57	36	23	76	0	38
 83579	45	38	58	36	23	76	0	38
 83625	45	38	57	36	23	77	0	38
 83670	45	37	57	36	23	78	0	38
 83717	45	38	57	36	23	79	0	38
 83761	45	38	57	36	23	79	0	38
 83806	45	38	58	36	23	80	0	38
 83851	45	38	58	36	23	81	0	38
 83897	45	38	58	36	23	82	0	38
 83942	45	37	57	36	23	82	0	38
 83987	45	38	57	36	23	83	0	38
 84033	45	38	57	36	23	84	0	38
 84078	45	37	58	36	23	85	0	38
 84123	45	37	57	36	23	85	0	38
 84169	45	38	57	36	23	86	0	38
 84214	45	37	57	36	23	87	0	38
 84260	45	37	57	36	23	88	0	38
 84305	45	37	57	36	23	88	0	38
 84350	45	37	57	36	23	89	0	38
 84396	45	37	58	36	23	90	0	38
 84441	45	37	57	36	23	91	0	38
 84486	45	37	57	36	23	91	0	37
 84532	45	37	57	36	23	92	0	38
 84577	45	37	58	36	23	93	0	38
 84622	45	37	57	44	23	94	0	38
 84668	45	37	58	44	23	94	0	38
 84713	45	37	57	44	23	95	0	38
 84758	45	37	57	44	23	96	0	38
 84804	45	37	57	44	23	97	0	38
 84849	45	37	57	44	23	97	0	38
 84894	45	37	57	44	23	98	0	38
 84940	45	37	57	44	23	99	0	37
 84985	45	37	57	44	23	100	0	38
 85030	45	37	57	44	23	100	0	38
 85076	45	37	57	44	23	101	0	38
 85121	45	37	57	44	23	102	0	37
 85167	45	37	57	44	23	103	0	38
 85212	45	37	57	44	23	104	0	37
 85257	45	37	57	44	23	104	0	37
 85303	45	37	57	44	23	105	0	37
 85348	45	37	57	44	23	106	0	38
 85393	45	37	57	44	23	107	0	38
 85439	44	37	57	44	23	107	0	38
 85484	44	37	57	44	23	108	0	37
 85529	44	37	57	44	23	109	0	38
 85575	44	37	57	44	23	110	0	37
 85620	44	37	57	44	23	110	0	37
 85665	44	37	57	44	23	111	0	37
 85711	44	37	57	44	23	112	0	37
 85756	44	37	57	44	23	113	0	37
 85801	44	37	58	44	23	113	0	37
 85847	44	37	57	44	23	114	0	37
 85892	44	37	57	44	23	115	0	37
 85937	44	37	57	44	23	116	0	37
 85983	44	37	57	44	23	116	0	37
 86028	44	37	57	44	23	117	0	37
 86074	44	37	57	44	23	118	0	37
 86119	44	37	57	44	23	119	0	37
 86164	44	37	57	44	23	119	0	37
 86210	44	37	57	44	23	120	0	37
 86255	44	37	57	44	23	121	0	37
 86300	44	37	57	44	23	122	0	37
 86346	44	37	57	44	23	122	0	37
 86391	44	37	57	44	23	123	0	37
