HomeCentral
 Falkenstrasse 20
 8630 Rueti
 Datum: 04.02.14 00:00
 
 Startzeit: 2014-02-04 00:00:27 +0100
 117	63	64	37	4	0	65	0	39
 163	63	64	37	4	0	66	0	39
 208	63	63	37	4	0	67	0	39
 253	62	63	38	4	0	68	0	39
 299	62	63	37	4	0	68	0	39
 344	62	63	37	4	0	69	0	39
 389	62	62	37	4	0	70	0	39
 435	62	62	37	4	0	71	0	39
 480	61	62	37	4	0	71	0	39
 526	61	62	37	4	0	72	0	39
 571	61	61	37	4	0	73	0	39
 616	61	61	37	4	0	74	0	39
 662	61	61	37	4	0	74	0	39
 707	60	61	37	4	0	75	0	39
 752	60	61	37	4	0	76	0	39
 798	60	61	37	4	0	77	0	39
 843	60	60	37	4	0	77	0	39
 889	60	60	37	4	0	78	0	39
 934	60	60	37	4	0	79	0	39
 979	59	60	37	4	0	80	0	39
 1024	59	60	38	4	0	80	0	39
 1070	59	59	37	4	0	81	0	39
 1115	59	59	37	4	0	82	0	39
 1160	59	59	37	4	0	83	0	39
 1206	58	59	37	4	0	83	0	39
 1251	58	59	37	4	0	84	0	39
 1296	58	58	37	4	0	85	0	39
 1342	58	58	37	4	0	86	0	39
 1387	58	58	37	4	0	86	0	39
 1433	58	58	37	4	0	87	0	39
 1478	57	58	37	4	0	88	0	39
 1523	57	57	37	4	0	89	0	39
 1569	57	57	37	4	0	89	0	39
 1614	57	57	37	4	0	90	0	39
 1659	57	57	37	4	0	91	0	39
 1705	57	57	38	4	0	92	0	39
 1750	56	57	38	4	0	92	0	39
 1795	56	57	37	4	0	93	0	39
 1841	56	56	38	12	0	94	0	39
 1886	56	56	37	12	0	95	0	39
 1931	56	56	37	12	0	96	0	39
 1977	55	56	37	12	0	96	0	39
 2022	55	56	37	12	0	97	0	39
 2067	55	55	38	12	0	98	0	39
 2113	55	55	38	12	0	99	0	39
 2158	55	55	38	12	0	99	0	39
 2203	55	55	38	12	0	100	0	39
 2250	55	55	37	12	0	101	0	39
 2294	54	55	38	12	0	102	0	39
 2340	54	54	38	12	0	102	0	39
 2385	54	55	38	12	0	103	0	39
 2430	54	54	38	12	0	104	0	39
 2476	54	54	38	12	0	105	0	39
 2521	54	54	38	12	0	105	0	39
 2566	54	54	38	12	0	106	0	39
 2612	53	54	38	12	0	107	0	39
 2657	53	54	38	12	0	108	0	39
 2702	53	53	37	12	0	108	0	39
 2748	53	53	38	12	0	109	0	38
 2793	53	53	38	12	0	110	0	38
 2838	53	53	37	12	0	111	0	38
 2884	53	53	37	12	0	111	0	38
 2929	52	53	37	12	0	112	0	38
 2974	52	53	37	12	0	113	0	38
 3020	52	52	37	12	0	114	0	38
 3065	52	52	38	12	0	114	0	38
 3110	52	52	38	12	0	115	0	38
 3156	52	52	37	12	0	116	0	38
 3201	51	52	37	12	0	117	0	38
 3247	51	51	38	12	0	117	0	38
 3292	51	51	38	12	0	118	0	38
 3337	51	51	38	12	0	119	0	38
 3383	51	51	37	12	0	120	0	38
 3428	51	51	37	12	0	120	0	38
 3473	51	51	38	12	0	121	0	38
 3519	51	51	38	12	0	122	0	38
 3564	50	51	37	12	0	123	0	38
 3609	50	50	37	12	0	123	0	38
 3655	50	50	37	4	1	64	0	38
 3700	50	50	37	4	1	65	0	38
 3745	50	50	37	4	1	66	0	38
 3791	50	50	37	4	1	66	0	38
 3836	50	50	37	4	1	67	0	38
 3881	49	50	37	4	1	68	0	38
 3927	50	50	37	4	1	69	0	38
 3972	49	49	37	4	1	70	0	38
 4017	49	49	37	4	1	70	0	38
 4063	49	49	37	4	1	71	0	38
 4108	49	49	37	4	1	72	0	38
 4154	49	49	37	4	1	73	0	38
 4199	49	49	37	4	1	73	0	38
 4244	49	49	37	4	1	74	0	38
 4290	49	49	37	4	1	75	0	38
 4335	49	49	37	4	1	76	0	38
 4380	48	48	37	4	1	76	0	38
 4426	48	48	37	4	1	77	0	37
 4471	48	48	37	4	1	78	0	37
 4516	48	48	37	4	1	79	0	37
 4562	48	48	37	4	1	79	0	37
 4607	48	48	37	4	1	80	0	37
 4652	48	48	37	4	1	81	0	37
 4698	48	48	37	4	1	82	0	37
 4743	48	48	37	4	1	82	0	37
 4788	48	48	37	4	1	83	0	37
 4834	47	47	37	4	1	84	0	37
 4879	47	47	37	4	1	85	0	37
 4924	47	47	37	4	1	85	0	37
 4970	47	47	37	4	1	86	0	37
 5015	47	47	37	4	1	87	0	37
 5061	47	47	37	4	1	88	0	37
 5106	47	47	37	4	1	88	0	37
 5151	47	47	37	4	1	89	0	37
 5197	47	46	37	4	1	90	0	37
 5242	46	46	37	4	1	91	0	37
 5287	46	46	37	4	1	91	0	37
 5333	46	46	37	4	1	92	0	37
 5378	46	46	37	4	1	93	0	37
 5423	46	46	37	12	1	94	0	37
 5469	46	46	37	12	1	94	0	37
 5514	45	46	37	12	1	95	0	37
 5559	45	46	37	12	1	96	0	37
 5605	45	45	37	12	1	97	0	37
 5650	45	45	37	12	1	97	0	37
 5695	45	45	37	12	1	98	0	37
 5741	45	45	37	12	1	99	0	37
 5786	45	45	37	12	1	100	0	37
 5831	45	45	37	12	1	100	0	37
 5877	45	45	37	12	1	101	0	37
 5922	45	45	37	12	1	102	0	37
 5968	45	45	37	12	1	103	0	37
 6013	45	45	37	12	1	104	0	37
 6058	45	45	37	12	1	104	0	37
 6104	45	45	37	12	1	105	0	37
 6149	44	44	37	12	1	106	0	36
 6194	44	44	37	12	1	107	0	36
 6240	44	44	37	12	1	107	0	36
 6285	44	44	37	12	1	108	0	36
 6330	44	44	37	12	1	109	0	36
 6376	44	44	37	12	1	110	0	36
 6421	44	44	38	12	1	110	0	36
 6466	44	44	37	12	1	111	0	36
 6512	44	44	37	12	1	112	0	36
 6557	44	44	37	12	1	113	0	36
 6602	44	44	37	12	1	113	0	36
 6648	44	44	37	12	1	114	0	36
 6693	44	43	37	12	1	115	0	36
 6738	44	43	37	12	1	116	0	36
 6784	43	43	37	12	1	116	0	36
 6829	44	43	37	12	1	117	0	36
 6875	43	43	37	12	1	118	0	36
 6920	43	43	37	12	1	119	0	36
 6965	43	43	37	12	1	119	0	36
 7011	43	43	37	12	1	120	0	36
 7056	43	43	37	12	1	121	0	36
 7101	43	43	37	12	1	122	0	36
 7147	43	43	37	12	1	122	0	36
 7192	43	43	37	12	1	123	0	36
 7237	43	43	37	4	2	64	0	36
 7283	43	42	37	4	2	65	0	36
 7328	43	42	37	4	2	65	0	36
 7373	42	42	38	4	2	66	0	36
 7419	42	42	37	4	2	67	0	36
 7464	42	42	37	4	2	68	0	36
 7509	42	42	37	4	2	68	0	36
 7555	42	42	38	4	2	69	0	36
 7600	42	42	38	4	2	70	0	36
 7645	42	42	38	4	2	71	0	36
 7691	42	42	38	4	2	71	0	36
 7736	42	42	38	4	2	72	0	36
 7781	42	42	38	4	2	73	0	36
 7827	42	42	38	4	2	74	0	36
 7872	42	42	38	4	2	74	0	36
 7918	42	41	38	4	2	75	0	36
 7963	42	41	38	4	2	76	0	36
 8008	42	41	38	4	2	77	0	36
 8054	42	41	37	4	2	78	0	36
 8099	42	41	37	4	2	78	0	36
 8144	41	41	37	4	2	79	0	35
 8190	41	41	37	4	2	80	0	35
 8235	41	41	37	4	2	81	0	35
 8280	41	41	37	4	2	81	0	35
 8326	41	41	37	4	2	82	0	35
 8371	41	41	37	4	2	83	0	35
 8416	41	41	37	4	2	84	0	35
 8462	41	41	37	4	2	84	0	35
 8507	41	41	37	4	2	85	0	35
 8552	41	41	37	4	2	86	0	35
 8598	41	41	37	4	2	87	0	35
 8643	41	41	37	4	2	87	0	35
 8688	41	41	37	4	2	88	0	35
 8734	41	41	37	4	2	89	0	35
 8779	41	41	37	4	2	90	0	35
 8825	41	40	37	4	2	90	0	35
 8870	41	40	38	4	2	91	0	35
 8915	40	40	37	4	2	92	0	35
 8961	40	40	37	4	2	93	0	35
 9006	40	40	37	4	2	93	0	35
 9051	40	40	37	12	2	94	0	35
 9097	40	40	37	12	2	95	0	35
 9142	40	40	37	12	2	96	0	35
 9187	40	40	37	12	2	96	0	35
 9233	40	40	38	12	2	97	0	35
 9278	40	40	38	12	2	98	0	35
 9323	40	40	37	12	2	99	0	35
 9369	40	40	38	12	2	99	0	35
 9414	40	40	37	12	2	100	0	35
 9459	40	40	38	12	2	101	0	35
 9505	40	39	38	12	2	102	0	35
 9550	40	39	38	12	2	102	0	35
 9595	39	39	38	12	2	103	0	35
 9641	39	39	38	12	2	104	0	35
 9686	39	39	38	12	2	105	0	35
 9732	39	39	38	12	2	105	0	35
 9777	39	39	38	12	2	106	0	35
 9822	39	39	38	12	2	107	0	35
 9868	39	39	38	12	2	108	0	35
 9913	39	39	38	12	2	108	0	35
 9958	39	39	38	12	2	109	0	35
 10004	38	39	38	12	2	110	0	35
 10049	39	39	38	12	2	111	0	35
 10094	39	39	38	12	2	112	0	35
 10140	39	39	38	12	2	112	0	35
 10185	39	39	38	12	2	113	0	35
 10230	39	38	38	12	2	114	0	35
 10276	39	38	38	12	2	115	0	35
 10321	38	38	38	12	2	115	0	35
 10366	38	38	38	12	2	116	0	35
 10412	38	38	38	12	2	117	0	35
 10457	38	38	38	12	2	118	0	35
 10502	38	38	38	12	2	118	0	35
 10548	38	38	37	12	2	119	0	35
 10593	38	38	38	12	2	120	0	34
 10639	38	38	38	12	2	121	0	35
 10684	38	38	37	12	2	121	0	34
 10729	38	38	38	12	2	122	0	34
 10775	38	38	38	12	2	123	0	34
 10820	38	38	37	4	3	64	0	34
 10865	38	38	38	4	3	64	0	34
 10911	38	38	37	4	3	65	0	34
 10956	38	38	38	0	3	66	0	34
 11001	38	38	38	0	3	67	0	34
 11047	38	37	38	0	3	67	0	34
 11092	38	38	38	0	3	68	0	34
 11137	38	37	38	0	3	69	0	34
 11183	38	38	38	0	3	70	0	34
 11228	38	38	38	4	3	70	0	34
 11273	38	37	38	4	3	71	0	34
 11319	38	38	38	4	3	72	0	34
 11364	38	37	38	4	3	73	0	34
 11409	38	37	38	4	3	73	0	34
 11455	38	37	38	4	3	74	0	34
 11500	38	37	38	4	3	75	0	34
 11546	38	37	38	4	3	76	0	34
 11591	38	37	37	4	3	76	0	34
 11636	38	37	37	4	3	77	0	34
 11682	38	38	37	4	3	78	0	34
 11727	38	37	37	4	3	79	0	34
 11772	38	37	37	4	3	79	0	34
 11818	38	37	37	4	3	80	0	34
 11863	38	37	37	4	3	81	0	34
 11908	37	37	37	4	3	82	0	34
 11954	37	37	37	4	3	83	0	34
 11999	37	37	37	4	3	83	0	34
 12044	37	37	37	4	3	84	0	34
 12090	37	37	37	4	3	85	0	34
 12135	37	37	37	4	3	86	0	34
 12180	37	37	37	4	3	86	0	34
 12226	37	37	37	4	3	87	0	34
 12271	37	37	37	4	3	88	0	34
 12316	37	37	37	4	3	89	0	34
 12362	37	37	37	4	3	89	0	34
 12407	37	37	37	4	3	90	0	34
 12452	37	37	37	4	3	91	0	34
 12498	37	37	37	4	3	92	0	34
 12543	37	37	37	4	3	92	0	34
 12589	37	36	38	4	3	93	0	34
 12634	37	37	37	12	3	94	0	34
 12679	37	36	37	12	3	95	0	34
 12725	37	36	37	12	3	95	0	34
 12770	37	36	38	12	3	96	0	34
 12815	37	36	37	12	3	97	0	34
 12861	37	36	37	12	3	98	0	34
 12906	37	36	38	12	3	98	0	34
 12951	37	36	37	12	3	99	0	34
 12997	37	36	38	12	3	100	0	34
 13042	37	36	37	12	3	101	0	34
 13087	37	36	38	12	3	101	0	34
 13133	37	36	38	12	3	102	0	34
 13178	36	36	38	12	3	103	0	34
 13223	36	36	37	12	3	104	0	34
 13269	36	36	37	12	3	104	0	34
 13314	36	36	38	12	3	105	0	34
 13359	36	36	37	12	3	106	0	34
 13405	36	36	38	12	3	107	0	33
 13450	36	36	38	12	3	107	0	33
 13496	36	36	38	12	3	108	0	33
 13541	36	36	38	12	3	109	0	33
 13586	36	36	38	12	3	110	0	33
 13632	36	36	38	12	3	110	0	33
 13677	36	36	38	12	3	111	0	33
 13722	36	36	38	12	3	112	0	33
 13768	36	36	38	12	3	113	0	33
 13813	36	36	38	12	3	113	0	33
 13858	36	36	38	12	3	114	0	33
 13904	36	36	38	12	3	115	0	33
 13950	36	36	38	12	3	116	0	33
 13994	36	36	38	12	3	117	0	33
 14040	36	36	38	12	3	117	0	33
 14085	36	36	38	12	3	118	0	33
 14130	36	36	38	12	3	119	0	33
 14176	36	36	38	12	3	120	0	33
 14221	36	36	38	12	3	120	0	33
 14266	36	35	38	12	3	121	0	33
 14312	36	36	38	12	3	122	0	33
 14357	36	35	38	12	3	123	0	33
 14403	36	35	38	12	3	123	0	33
 14448	36	35	37	4	4	64	0	33
 14493	36	35	37	4	4	65	0	33
 14539	36	35	38	4	4	66	0	33
 14584	36	35	38	4	4	66	0	33
 14629	36	35	38	4	4	67	0	33
 14675	36	35	37	4	4	68	0	33
 14720	36	35	37	4	4	69	0	33
 14765	36	35	37	4	4	69	0	33
 14811	35	35	37	4	4	70	0	33
 14856	36	35	37	4	4	71	0	33
 14901	35	35	37	4	4	72	0	33
 14947	36	35	37	4	4	72	0	33
 14992	35	35	37	4	4	73	0	33
 15037	36	35	37	4	4	74	0	33
 15083	35	35	37	4	4	75	0	33
 15130	35	35	37	4	4	75	0	33
 15173	35	35	37	4	4	76	0	33
 15219	35	35	37	4	4	77	0	33
 15264	35	35	37	4	4	78	0	33
 15310	35	35	37	4	4	78	0	33
 15355	35	35	37	4	4	79	0	33
 15400	35	35	37	4	4	80	0	33
 15446	35	35	37	4	4	81	0	33
 15491	35	35	37	4	4	81	0	33
 15536	35	35	37	4	4	82	0	33
 15582	35	35	37	4	4	83	0	33
 15627	35	35	37	4	4	84	0	33
 15672	35	35	37	4	4	84	0	33
 15718	35	35	37	4	4	85	0	33
 15763	35	35	37	4	4	86	0	33
 15808	35	35	37	4	4	87	0	33
 15854	35	35	37	4	4	87	0	33
 15899	35	35	37	4	4	88	0	33
 15944	35	35	37	4	4	89	0	33
 15990	35	35	37	4	4	90	0	33
 16035	35	35	37	4	4	91	0	33
 16080	35	35	37	4	4	91	0	33
 16126	35	35	37	4	4	92	0	33
 16171	35	35	38	4	4	93	0	33
 16217	35	35	37	12	4	94	0	33
 16262	35	35	37	12	4	94	0	33
 16307	35	34	37	12	4	95	0	33
 16353	35	35	37	12	4	96	0	33
 16398	35	35	37	12	4	97	0	33
 16443	35	35	37	12	4	97	0	33
 16489	35	34	38	12	4	98	0	33
 16534	35	34	37	12	4	99	0	33
 16579	35	34	37	12	4	100	0	33
 16625	35	34	37	12	4	100	0	33
 16670	35	34	37	12	4	101	0	33
 16715	35	34	38	12	4	102	0	33
 16761	35	34	37	12	4	103	0	33
 16806	35	34	37	12	4	103	0	33
 16851	35	34	37	12	4	104	0	32
 16897	35	34	37	12	4	105	0	32
 16942	35	34	37	12	4	106	0	32
 16987	35	34	37	12	4	106	0	32
 17033	35	34	37	12	4	107	0	32
 17078	35	34	37	12	4	108	0	32
 17124	35	34	37	12	4	109	0	32
 17169	34	35	37	12	4	109	0	32
 17214	34	34	37	12	4	110	0	32
 17260	34	34	37	12	4	111	0	32
 17305	35	34	37	12	4	112	0	32
 17350	34	34	37	12	4	112	0	32
 17396	34	34	37	12	4	113	0	32
 17441	34	34	37	12	4	114	0	32
 17486	34	34	37	12	4	115	0	32
 17532	34	34	37	12	4	115	0	32
 17577	34	34	37	12	4	116	0	32
 17622	34	34	37	12	4	117	0	32
 17668	34	34	37	12	4	118	0	32
 17713	34	34	37	12	4	118	0	32
 17758	34	34	37	12	4	119	0	32
 17804	34	34	37	12	4	120	0	32
 17849	34	34	37	12	4	121	0	32
 17894	34	34	37	12	4	121	0	32
 17940	34	34	37	12	4	122	0	32
 17985	34	34	37	12	4	123	0	32
 18031	34	34	37	4	5	64	0	32
 18076	34	34	37	4	5	65	0	32
 18121	34	34	37	4	5	65	0	32
 18167	34	34	37	4	5	66	0	32
 18212	34	34	37	4	5	67	0	32
 18257	34	34	37	4	5	68	0	32
 18303	34	34	37	4	5	68	0	32
 18348	34	34	37	4	5	69	0	32
 18393	34	34	37	4	5	70	0	32
 18439	34	34	37	4	5	71	0	32
 18484	34	34	38	4	5	71	0	32
 18529	34	34	37	4	5	72	0	32
 18575	34	34	37	4	5	73	0	32
 18620	34	33	37	4	5	74	0	32
 18665	34	34	38	4	5	74	0	32
 18711	34	34	37	4	5	75	0	32
 18756	34	34	37	4	5	76	0	32
 18801	34	33	37	4	5	77	0	32
 18847	34	34	38	4	5	77	0	32
 18892	34	34	37	4	5	78	0	32
 18937	34	33	37	4	5	79	0	32
 18983	34	33	37	4	5	80	0	32
 19028	34	33	38	4	5	80	0	32
 19074	34	34	37	4	5	81	0	32
 19119	34	33	37	4	5	82	0	32
 19164	34	33	37	4	5	83	0	32
 19210	34	33	37	4	5	83	0	32
 19255	34	33	37	4	5	84	0	32
 19300	34	33	37	4	5	85	0	32
 19346	34	33	37	4	5	86	0	32
 19391	34	33	37	4	5	86	0	32
 19436	34	33	37	4	5	87	0	32
 19482	34	33	37	4	5	88	0	32
 19527	34	33	37	4	5	89	0	32
 19572	33	33	37	4	5	89	0	32
 19618	34	33	37	4	5	90	0	32
 19663	34	33	37	4	5	91	0	32
 19708	33	33	37	4	5	92	0	32
 19754	33	33	37	4	5	92	0	32
 19799	34	33	37	4	5	93	0	32
 19844	34	33	37	12	5	94	0	32
 19890	34	33	37	12	5	95	0	32
 19935	33	33	37	12	5	96	0	32
 19981	33	33	37	12	5	96	0	32
 20026	33	33	37	12	5	97	0	32
 20071	33	33	37	12	5	98	0	32
 20117	33	33	37	12	5	99	0	32
 20162	33	33	37	12	5	99	0	32
 20207	33	33	37	12	5	100	0	32
 20253	33	33	37	12	5	101	0	32
 20298	33	33	37	12	5	102	0	32
 20343	33	33	37	12	5	102	0	32
 20389	33	33	38	12	5	103	0	32
 20434	33	33	37	12	5	104	0	31
 20479	33	33	37	12	5	105	0	31
 20525	33	33	37	12	5	105	0	31
 20570	33	33	37	12	5	106	0	31
 20615	33	33	37	12	5	107	0	31
 20661	33	33	36	12	5	108	0	31
 20706	33	33	36	12	5	108	0	31
 20751	33	33	36	12	5	109	0	31
 20797	33	33	36	12	5	110	0	31
 20842	33	33	36	12	5	111	0	31
 20888	33	33	36	12	5	111	0	31
 20933	33	33	36	12	5	112	0	31
 20978	33	33	36	12	5	113	0	31
 21024	33	33	36	12	5	114	0	31
 21069	33	33	36	12	5	114	0	31
 21114	33	33	36	12	5	115	0	31
 21160	33	33	36	12	5	116	0	31
 21205	33	33	36	12	5	117	0	31
 21250	33	33	36	12	5	117	0	31
 21296	33	33	36	12	5	118	0	31
 21341	33	33	36	12	5	119	0	31
 21386	33	33	36	12	5	120	0	31
 21432	33	32	36	12	5	120	0	31
 21477	33	33	36	12	5	121	0	31
 21522	33	33	35	12	5	122	0	31
 21568	33	33	35	12	5	123	0	31
 21613	33	32	36	12	5	123	0	31
 21658	34	32	36	7	6	64	0	31
 21704	44	32	35	7	6	65	0	31
 21749	64	33	36	7	6	66	0	31
 21794	81	34	36	7	6	66	0	31
 21840	71	38	36	7	6	67	0	31
 21885	58	42	36	3	6	68	0	31
 21931	48	43	36	3	6	69	0	31
 21976	44	42	36	3	6	70	0	31
 22021	42	40	36	3	6	70	0	31
 22067	41	40	36	3	6	71	0	31
 22112	41	40	36	3	6	72	0	31
 22157	41	40	36	3	6	73	0	31
 22203	40	40	36	3	6	73	0	31
 22248	40	40	36	3	6	74	0	31
 22293	42	39	36	3	6	75	0	31
 22339	54	40	36	3	6	76	0	31
 22384	75	40	36	3	6	76	0	31
 22429	89	42	36	3	6	77	0	31
 22475	88	46	36	3	6	78	0	31
 22520	76	49	36	3	6	79	0	31
 22565	63	51	36	3	6	79	0	31
 22611	54	50	36	3	6	80	0	31
 22656	50	49	36	3	6	81	0	31
 22701	48	47	36	3	6	82	0	31
 22747	54	46	36	3	6	82	0	31
 22792	70	46	36	3	6	83	0	31
 22838	89	47	36	3	6	84	0	31
 22883	85	49	37	3	6	85	0	31
 22928	73	52	37	3	6	85	0	31
 22974	64	56	37	3	6	86	0	31
 23019	58	56	37	3	6	87	0	31
 23064	56	55	37	3	6	88	0	32
 23110	60	55	37	3	6	88	0	32
 23155	73	55	37	3	6	89	0	32
 23200	89	57	37	3	6	90	0	32
 23246	90	58	37	3	6	91	0	32
 23291	87	61	37	3	6	91	0	32
 23336	77	62	37	3	6	92	0	32
 23382	69	63	37	3	6	93	0	32
 23427	67	63	37	11	6	94	0	32
 23472	75	63	37	11	6	94	0	32
 23518	88	63	37	11	6	95	0	32
 23563	90	64	37	11	6	96	0	32
 23609	91	66	37	11	6	97	0	32
 23654	88	68	37	11	6	98	0	32
 23699	81	70	37	11	6	98	0	32
 23745	83	70	37	11	6	99	0	32
 23790	87	70	36	11	6	100	0	32
 23835	89	70	37	11	6	101	0	32
 23881	90	72	37	11	6	101	0	32
 23928	90	73	37	11	6	102	0	32
 23971	88	74	37	11	6	103	0	32
 24017	91	75	36	11	6	104	0	33
 24062	92	76	36	11	6	104	0	33
 24107	91	76	36	11	6	105	0	33
 24153	91	77	36	11	6	106	0	33
 24198	91	78	36	11	6	107	0	33
 24243	92	78	36	11	6	107	0	33
 24289	92	79	36	11	6	108	0	33
 24334	93	80	36	11	6	109	0	33
 24379	91	80	37	11	6	110	0	33
 24425	93	81	36	11	6	110	0	33
 24470	91	81	36	11	6	111	0	33
 24515	91	82	37	11	6	112	0	33
 24561	90	82	37	11	6	113	0	33
 24606	91	82	37	15	6	113	0	33
 24652	91	83	37	15	6	114	0	33
 24697	91	84	36	15	6	115	0	33
 24742	92	84	37	15	6	116	0	33
 24788	92	84	36	15	6	117	0	33
 24833	92	84	36	15	6	117	0	34
 24878	92	84	36	15	6	118	0	34
 24924	92	85	36	15	6	119	0	34
 24969	91	85	37	15	6	120	0	34
 25014	91	85	36	15	6	120	0	34
 25060	91	85	36	15	6	121	0	34
 25105	91	85	36	15	6	122	0	34
 25150	90	85	36	11	6	123	0	34
 25196	86	85	36	11	6	123	0	34
 25241	84	85	36	35	7	64	0	34
 25286	84	84	36	35	7	65	0	34
 25332	87	84	36	35	7	66	0	34
 25377	91	83	36	35	7	66	0	34
 25422	90	83	36	35	7	67	0	34
 25468	91	84	36	35	7	68	0	34
 25513	91	84	36	39	7	69	0	34
 25558	91	84	36	39	7	69	0	34
 25604	92	84	37	39	7	70	0	34
 25649	92	85	36	39	7	71	0	34
 25695	92	85	36	39	7	72	0	34
 25740	92	85	37	39	7	72	0	34
 25785	92	85	37	39	7	73	0	34
 25831	92	85	37	39	7	74	0	34
 25876	92	85	37	39	7	75	0	35
 25921	92	85	37	39	7	75	0	35
 25967	91	86	37	39	7	76	0	35
 26012	91	86	37	39	7	77	0	35
 26057	91	86	37	39	7	78	0	35
 26103	90	86	37	35	7	78	0	35
 26148	87	87	38	35	7	79	0	35
 26193	85	86	37	35	7	80	0	35
 26239	85	86	37	35	7	81	0	35
 26284	89	85	37	35	7	81	0	35
 26329	91	84	37	35	7	82	0	35
 26375	90	84	37	35	7	83	0	35
 26420	91	85	36	35	7	84	0	35
 26465	92	85	36	39	7	84	0	35
 26511	92	85	36	39	7	85	0	35
 26556	92	86	36	39	7	86	0	35
 26602	92	86	36	39	7	87	0	35
 26647	92	86	36	39	7	87	0	35
 26692	93	86	36	39	7	88	0	35
 26738	92	86	36	39	7	89	0	35
 26784	93	86	36	39	7	90	0	35
 26828	92	87	36	39	7	91	0	35
 26874	92	87	36	39	7	91	0	35
 26919	92	87	36	39	7	92	0	35
 26964	92	87	36	39	7	93	0	36
 27010	92	87	36	47	7	94	0	36
 27055	91	87	36	47	7	94	0	36
 27100	91	87	37	47	7	95	0	36
 27146	90	87	36	43	7	96	0	36
 27191	87	87	37	43	7	97	0	36
 27236	86	87	37	43	7	97	0	36
 27282	86	86	36	43	7	98	0	36
 27327	91	86	36	43	7	99	0	36
 27372	90	85	37	43	7	100	0	36
 27418	90	85	37	43	7	100	0	36
 27463	91	85	36	47	7	101	0	36
 27509	91	85	36	47	7	102	0	36
 27554	92	86	37	47	7	103	0	36
 27599	92	86	36	47	7	103	0	36
 27645	92	86	37	47	7	104	0	36
 27690	92	86	36	47	7	105	0	36
 27735	92	87	36	47	7	106	0	36
 27781	92	87	36	47	7	106	0	36
 27826	92	87	36	47	7	107	0	36
 27871	92	87	36	47	7	108	0	36
 27917	92	87	36	47	7	109	0	36
 27962	92	87	36	47	7	109	0	36
 28007	92	87	36	47	7	110	0	36
 28053	91	87	37	47	7	111	0	36
 28098	91	87	36	47	7	112	0	36
 28143	91	87	36	47	7	112	0	36
 28189	91	87	37	47	7	113	0	36
 28234	89	87	36	43	7	114	0	36
 28279	87	87	36	43	7	115	0	36
 28325	86	87	36	43	7	115	0	36
 28370	86	86	36	43	7	116	0	36
 28416	91	85	36	43	7	117	0	36
 28461	90	85	36	43	7	118	0	36
 28506	90	85	36	43	7	118	0	37
 28552	91	85	36	47	7	119	0	37
 28597	91	85	36	47	7	120	0	37
 28642	92	86	37	47	7	121	0	37
 28688	91	85	36	47	7	121	0	37
 28733	91	84	36	47	7	122	0	37
 28778	91	82	36	47	7	123	0	37
 28824	92	81	36	39	8	64	0	37
 28869	92	81	36	39	8	65	0	37
 28914	91	81	36	39	8	65	0	37
 28960	92	81	36	39	8	66	0	37
 29005	92	81	36	39	8	67	0	37
 29050	93	81	36	39	8	68	0	37
 29096	89	82	36	35	8	68	0	37
 29141	84	82	36	35	8	69	0	37
 29186	82	82	37	35	8	70	0	37
 29232	81	81	37	35	8	71	0	37
 29277	81	81	36	35	8	71	0	37
 29323	86	80	36	35	8	72	0	37
 29368	90	79	37	35	8	73	0	37
 29413	92	79	36	35	8	74	0	37
 29459	90	80	37	35	8	74	0	37
 29504	90	82	36	39	8	75	0	37
 29549	91	82	36	39	8	76	0	37
 29595	91	83	37	39	8	77	0	37
 29640	91	83	36	39	8	77	0	37
 29685	91	83	37	39	8	78	0	37
 29731	91	84	37	39	8	79	0	37
 29776	92	84	36	39	8	80	0	37
 29821	91	84	36	39	8	80	0	37
 29867	91	84	36	39	8	81	0	37
 29912	91	84	37	39	8	82	0	37
 29957	91	84	36	39	8	83	0	37
 30003	90	84	37	39	8	83	0	37
 30048	90	84	37	35	8	84	0	37
 30093	86	84	36	35	8	85	0	37
 30139	84	84	37	35	8	86	0	37
 30184	82	83	36	35	8	86	0	37
 30230	85	82	36	35	8	87	0	37
 30275	91	81	37	35	8	88	0	37
 30320	90	81	37	35	8	89	0	37
 30366	90	82	36	35	8	89	0	37
 30411	91	83	36	39	8	90	0	37
 30456	92	83	36	39	8	91	0	37
 30502	92	83	37	39	8	92	0	37
 30547	92	84	37	39	8	92	0	37
 30592	92	84	36	39	8	93	0	37
 30638	92	84	36	47	8	94	0	38
 30683	93	85	36	47	8	95	0	37
 30728	92	85	36	47	8	96	0	37
 30774	92	85	37	47	8	96	0	38
 30819	92	85	37	47	8	97	0	38
 30864	91	84	36	47	8	98	0	38
 30910	91	85	36	47	8	99	0	38
 30955	91	85	36	47	8	99	0	38
 31001	88	84	36	43	8	100	0	38
 31046	85	84	36	43	8	101	0	38
 31091	83	84	36	43	8	102	0	38
 31137	83	83	36	43	8	102	0	38
 31182	89	82	36	43	8	103	0	38
 31228	89	81	37	43	8	104	0	38
 31273	90	81	36	43	8	105	0	38
 31318	89	82	37	43	8	105	0	38
 31363	89	83	37	47	8	106	0	38
 31409	89	83	37	47	8	107	0	38
 31454	90	83	37	47	8	108	0	38
 31499	89	83	37	47	8	108	0	38
 31545	90	84	37	47	8	109	0	38
 31590	90	84	37	47	8	110	0	38
 31635	90	84	37	47	8	111	0	38
 31681	90	84	37	47	8	111	0	38
 31726	90	84	37	47	8	112	0	38
 31771	90	85	37	47	8	113	0	38
 31817	90	85	37	47	8	114	0	38
 31862	90	84	37	47	8	114	0	38
 31908	89	85	37	47	8	115	0	38
 31953	89	85	37	47	8	116	0	38
 31998	89	85	37	47	8	117	0	38
 32044	89	85	37	47	8	117	0	38
 32089	88	85	37	43	8	118	0	38
 32134	85	84	37	43	8	119	0	38
 32180	84	84	37	43	8	120	0	38
 32225	83	83	37	43	8	120	0	38
 32270	87	82	37	43	8	121	0	38
 32316	88	82	37	43	8	122	0	38
 32361	89	82	37	43	8	123	0	38
 32406	89	83	37	43	8	123	0	38
 32452	90	83	37	39	9	64	0	38
 32497	91	84	37	39	9	65	0	38
 32542	91	84	37	39	9	66	0	38
 32588	91	85	37	39	9	66	0	38
 32633	91	85	37	39	9	67	0	38
 32679	91	84	37	39	9	68	0	38
 32724	90	84	37	39	9	69	0	38
 32769	90	84	37	39	9	70	0	38
 32815	89	83	37	39	9	70	0	38
 32860	89	83	37	39	9	71	0	38
 32905	88	82	37	39	9	72	0	38
 32951	88	82	37	39	9	73	0	38
 32996	88	82	37	39	9	73	0	38
 33041	89	82	37	39	9	74	0	38
 33087	89	82	37	39	9	75	0	38
 33132	87	82	37	35	9	76	0	38
 33177	84	83	37	35	9	76	0	38
 33223	83	83	37	35	9	77	0	38
 33268	82	83	37	35	9	78	0	38
 33313	87	82	37	35	9	79	0	38
 33359	88	82	37	35	9	79	0	38
 33404	88	82	37	35	9	80	0	38
 33450	88	82	37	35	9	81	0	38
 33495	89	82	37	39	9	82	0	38
 33540	89	82	37	39	9	82	0	38
 33586	90	83	37	39	9	83	0	38
 33631	90	83	37	39	9	84	0	38
 33676	90	84	37	39	9	85	0	38
 33722	90	84	37	39	9	85	0	38
 33767	90	84	37	39	9	86	0	38
 33812	90	84	38	39	9	87	0	38
 33858	90	84	37	39	9	88	0	38
 33903	90	84	37	39	9	88	0	38
 33948	90	84	37	39	9	89	0	38
 33994	90	85	37	39	9	90	0	38
 34039	89	85	37	39	9	91	0	38
 34084	89	85	37	39	9	91	0	38
 34130	89	85	37	39	9	92	0	38
 34175	88	85	37	35	9	93	0	38
 34221	85	84	37	43	9	94	0	38
 34266	84	84	37	43	9	94	0	38
 34311	83	83	38	43	9	95	0	38
 34357	88	83	37	43	9	96	0	38
 34402	88	82	37	43	9	97	0	38
 34447	88	82	38	43	9	97	0	38
 34493	89	83	37	43	9	98	0	38
 34538	89	83	37	47	9	99	0	38
 34583	90	83	37	47	9	100	0	38
 34629	90	84	38	47	9	100	0	38
 34674	90	84	38	47	9	101	0	38
 34719	90	84	37	47	9	102	0	38
 34765	90	84	38	47	9	103	0	38
 34810	90	84	37	47	9	104	0	38
 34855	90	85	38	47	9	104	0	38
 34901	90	85	38	47	9	105	0	38
 34946	90	85	37	47	9	106	0	38
 34991	90	85	37	47	9	107	0	38
 35037	90	85	37	47	9	107	0	38
 35082	90	85	38	47	9	108	0	38
 35128	89	85	37	47	9	109	0	38
 35173	89	85	37	47	9	110	0	38
 35218	89	85	38	47	9	110	0	38
 35264	88	85	37	43	9	111	0	38
 35309	85	85	37	43	9	112	0	38
 35354	84	84	38	43	9	113	0	38
 35400	84	84	37	43	9	113	0	38
 35445	88	83	38	43	9	114	0	38
 35490	88	82	38	43	9	115	0	38
 35536	88	83	38	43	9	116	0	38
 35581	88	83	38	47	9	116	0	38
 35626	89	83	38	47	9	117	0	38
 35672	89	83	38	47	9	118	0	38
 35717	89	83	38	47	9	119	0	38
 35762	89	84	38	47	9	119	0	38
 35808	89	84	38	47	9	120	0	38
 35853	90	84	38	47	9	121	0	38
 35899	89	84	38	47	9	122	0	38
 35944	89	84	38	47	9	122	0	38
 35989	89	84	38	47	9	123	0	38
 36035	89	84	38	39	10	64	0	38
 36080	89	84	38	39	10	65	0	38
 36125	89	84	38	39	10	65	0	38
 36171	89	85	38	39	10	66	0	38
 36216	89	84	38	39	10	67	0	38
 36261	88	84	38	39	10	68	0	38
 36307	88	84	38	39	10	68	0	38
 36352	88	84	38	39	10	69	0	38
 36398	87	84	38	35	10	70	0	38
 36443	84	84	38	35	10	71	0	38
 36488	82	83	38	35	10	71	0	38
 36533	84	82	38	35	10	72	0	38
 36579	88	81	38	35	10	73	0	38
 36624	88	81	38	35	10	74	0	38
 36670	88	82	38	35	10	74	0	38
 36715	89	83	38	39	10	75	0	38
 36760	89	83	38	39	10	76	0	38
 36806	90	84	38	39	10	77	0	38
 36851	88	84	38	39	10	78	0	38
 36896	87	84	38	39	10	78	0	38
 36942	86	84	38	39	10	79	0	38
 36987	88	84	38	39	10	80	0	38
 37034	90	83	38	39	10	81	0	38
 37078	88	84	38	39	10	81	0	38
 37123	87	84	38	39	10	82	0	38
 37168	87	85	38	39	10	83	0	38
 37214	87	84	38	39	10	84	0	38
 37259	87	84	38	39	10	84	0	38
 37304	86	84	38	39	10	85	0	38
 37350	87	83	38	39	10	86	0	38
 37395	89	83	38	39	10	87	0	38
 37441	88	84	38	39	10	87	0	38
 37486	87	84	38	39	10	88	0	38
 37531	87	84	38	39	10	89	0	38
 37577	87	84	38	39	10	90	0	38
 37622	86	84	38	39	10	90	0	38
 37667	86	84	38	39	10	91	0	38
 37713	88	84	38	39	10	92	0	38
 37758	89	83	38	39	10	93	0	38
 37803	88	84	38	39	10	93	0	38
 37849	87	84	38	47	10	94	0	38
 37894	86	84	38	43	10	95	0	38
 37940	84	84	38	43	10	96	0	38
 37985	83	83	38	43	10	96	0	38
 38030	85	82	38	43	10	97	0	38
 38075	87	81	38	43	10	98	0	38
 38121	87	82	38	43	10	99	0	38
 38166	88	83	38	43	10	99	0	38
 38212	89	83	38	47	10	100	0	38
 38257	89	84	38	47	10	101	0	38
 38302	89	84	38	47	10	102	0	38
 38348	87	85	38	47	10	102	0	38
 38393	86	85	38	47	10	103	0	38
 38438	87	84	38	47	10	104	0	38
 38484	89	84	38	47	10	105	0	38
 38529	89	84	39	47	10	105	0	38
 38574	88	84	38	47	10	106	0	38
 38620	87	85	38	47	10	107	0	38
 38665	86	85	39	47	10	108	0	38
 38710	86	84	38	47	10	108	0	38
 38756	89	84	38	47	10	109	0	38
 38801	90	83	39	47	10	110	0	38
 38846	88	84	38	47	10	111	0	38
 38892	87	85	39	47	10	112	0	38
 38937	87	85	38	47	10	112	0	38
 38982	86	84	38	47	10	113	0	38
 39028	86	84	39	47	10	114	0	38
 39073	89	84	38	47	10	115	0	38
 39119	89	83	39	47	10	115	0	38
 39164	87	84	38	47	10	116	0	38
 39209	87	85	39	47	10	117	0	38
 39255	86	85	38	47	10	118	0	38
 39300	86	84	39	47	10	118	0	38
 39345	86	84	39	47	10	119	0	38
 39391	89	83	39	47	10	120	0	38
 39436	88	83	39	43	10	121	0	38
 39481	85	84	39	43	10	121	0	38
 39527	83	84	39	43	10	122	0	38
 39572	84	83	39	43	10	123	0	37
 39617	87	82	39	3	11	64	0	37
 39663	86	81	39	3	11	64	0	37
 39708	87	82	39	3	11	65	0	37
 39753	87	83	39	7	11	66	0	37
 39799	88	83	39	7	11	67	0	37
 39844	88	83	39	7	11	67	0	37
 39890	88	83	39	7	11	68	0	37
 39935	88	83	39	7	11	69	0	37
 39980	88	83	39	7	11	70	0	37
 40026	87	82	39	7	11	70	0	37
 40071	87	82	39	7	11	71	0	37
 40116	86	80	39	7	11	72	0	37
 40162	87	79	39	7	11	73	0	37
 40207	88	78	39	7	11	73	0	37
 40252	88	76	39	7	11	74	0	37
 40298	87	77	39	7	11	75	0	37
 40343	87	77	39	7	11	76	0	37
 40388	89	77	39	7	11	76	0	37
 40434	88	78	39	7	11	77	0	37
 40479	86	78	39	3	11	78	0	37
 40524	81	78	39	3	11	79	0	37
 40570	79	79	39	3	11	79	0	37
 40615	78	78	40	3	11	80	0	37
 40661	78	77	39	3	11	81	0	37
 40706	85	77	39	3	11	82	0	37
 40751	86	77	39	3	11	83	0	37
 40797	87	78	39	3	11	83	0	37
 40842	87	79	39	3	11	84	0	37
 40887	87	80	39	7	11	85	0	37
 40933	87	80	39	7	11	86	0	37
 40978	87	81	39	7	11	86	0	37
 41023	87	81	39	7	11	87	0	37
 41069	87	81	39	7	11	88	0	37
 41114	87	81	39	7	11	89	0	38
 41159	87	81	39	7	11	89	0	38
 41205	87	81	39	7	11	90	0	38
 41250	88	82	39	7	11	91	0	38
 41295	87	82	39	7	11	92	0	38
 41341	87	82	39	7	11	92	0	38
 41386	87	82	39	7	11	93	0	38
 41432	87	82	39	15	11	94	0	38
 41477	87	82	39	15	11	95	0	38
 41522	86	82	39	15	11	95	0	38
 41568	86	82	39	11	11	96	0	38
 41613	83	82	39	11	11	97	0	38
 41658	81	82	39	11	11	98	0	38
 41704	81	81	40	11	11	98	0	38
 41749	86	80	39	11	11	99	0	38
 41794	86	79	39	11	11	100	0	38
 41840	86	80	39	11	11	101	0	38
 41885	87	80	39	11	11	101	0	38
 41930	87	80	39	15	11	102	0	38
 41976	87	81	39	15	11	103	0	38
 42021	88	81	39	15	11	104	0	38
 42066	88	82	39	15	11	104	0	38
 42112	88	82	39	15	11	105	0	38
 42157	88	82	39	15	11	106	0	38
 42202	88	82	39	15	11	107	0	38
 42248	88	83	40	15	11	107	0	38
 42293	89	83	40	15	11	108	0	38
 42339	89	83	40	15	11	109	0	38
 42384	88	83	40	15	11	110	0	38
 42429	88	83	39	15	11	110	0	38
 42475	88	83	39	15	11	111	0	38
 42520	88	83	40	15	11	112	0	38
 42565	88	83	39	15	11	113	0	38
 42611	88	83	39	15	11	113	0	38
 42656	87	83	39	11	11	114	0	38
 42701	84	83	40	11	11	115	0	38
 42747	82	83	40	11	11	116	0	38
 42793	82	82	40	11	11	117	0	38
 42837	86	82	40	11	11	117	0	38
 42883	86	81	40	11	11	118	0	38
 42929	86	81	40	11	11	119	0	38
 42973	86	82	40	15	11	120	0	38
 43019	86	82	40	15	11	120	0	38
 43064	87	82	40	15	11	121	0	38
 43110	87	82	40	15	11	122	0	38
 43155	87	82	40	15	11	123	0	38
 43200	87	82	40	15	11	123	0	38
 43246	87	83	40	7	12	64	0	38
 43291	87	83	40	7	12	65	0	38
 43336	87	83	40	7	12	66	0	38
 43382	87	83	40	7	12	66	0	38
 43427	87	83	40	7	12	67	0	38
 43472	87	83	40	7	12	68	0	38
 43518	87	83	40	7	12	69	0	38
 43563	87	83	40	7	12	69	0	38
 43608	86	83	40	7	12	70	0	38
 43654	86	83	40	7	12	71	0	38
 43699	86	83	40	7	12	72	0	38
 43744	86	83	40	7	12	72	0	38
 43790	86	82	40	7	12	73	0	38
 43836	86	82	40	7	12	74	0	38
 43881	86	82	40	7	12	75	0	38
 43926	86	82	40	7	12	75	0	38
 43971	85	82	40	3	12	76	0	38
 44017	82	82	40	3	12	77	0	38
 44062	81	82	40	3	12	78	0	38
 44107	84	81	40	3	12	78	0	38
 44154	85	80	40	3	12	79	0	38
 44198	85	80	40	3	12	80	0	38
 44243	86	81	40	3	12	81	0	38
 44289	87	82	41	7	12	81	0	38
 44334	87	82	40	7	12	82	0	38
 44379	88	83	40	7	12	83	0	38
 44425	86	83	40	7	12	84	0	38
 44470	85	83	40	7	12	84	0	38
 44515	86	83	40	7	12	85	0	38
 44561	86	82	40	7	12	86	0	38
 44606	86	82	41	7	12	87	0	38
 44652	86	83	41	7	12	87	0	38
 44697	87	83	41	7	12	88	0	38
 44742	87	83	41	7	12	89	0	38
 44788	86	83	41	7	12	90	0	38
 44833	87	83	41	7	12	91	0	39
 44878	86	83	40	7	12	91	0	39
 44924	86	83	41	7	12	92	0	39
 44969	86	83	41	7	12	93	0	39
 45014	86	83	41	15	12	94	0	39
 45060	85	83	41	15	12	94	0	39
 45105	83	83	41	15	12	95	0	39
 45150	82	82	41	15	12	96	0	39
 45196	84	81	41	15	12	97	0	38
 45241	85	81	41	15	12	97	0	38
 45286	85	81	41	15	12	98	0	38
 45332	85	81	41	15	12	99	0	38
 45377	85	82	42	15	12	100	0	38
 45423	85	82	42	15	12	100	0	38
 45468	85	82	42	15	12	101	0	38
 45513	85	82	42	15	12	102	0	38
 45559	85	82	41	11	12	103	0	38
 45604	82	82	41	11	12	103	0	38
 45649	81	81	42	11	12	104	0	38
 45695	81	80	41	11	12	105	0	38
 45740	84	79	41	11	12	106	0	38
 45785	84	79	41	11	12	106	0	39
 45831	83	80	42	11	12	107	0	38
 45876	84	81	41	15	12	108	0	38
 45921	84	81	41	15	12	109	0	39
 45967	83	81	41	15	12	109	0	38
 46012	83	81	41	15	12	110	0	38
 46057	83	81	41	15	12	111	0	38
 46103	83	81	42	15	12	112	0	38
 46148	83	80	42	15	12	112	0	38
 46193	83	80	42	15	12	113	0	38
 46239	83	80	42	15	12	114	0	38
 46285	83	80	42	15	12	115	0	38
 46330	83	80	42	15	12	115	0	38
 46375	83	80	42	15	12	116	0	38
 46420	83	80	42	15	12	117	0	38
 46466	83	80	42	15	12	118	0	38
 46514	83	80	42	15	12	118	0	38
 46556	82	80	42	15	12	119	0	38
 46602	82	80	42	15	12	120	0	38
 46647	82	80	42	15	12	121	0	38
 46692	82	80	42	15	12	121	0	38
 46738	82	80	42	15	12	122	0	38
 46783	82	79	42	15	12	123	0	38
 46828	82	79	42	7	13	64	0	38
 46874	83	79	42	7	13	65	0	38
 46919	85	79	42	7	13	65	0	38
 46964	84	80	42	7	13	66	0	38
 47010	83	80	42	7	13	67	0	38
 47055	83	81	42	7	13	68	0	38
 47101	82	80	42	7	13	68	0	38
 47146	82	80	42	7	13	69	0	38
 47191	84	79	42	7	13	70	0	38
 47237	85	79	42	7	13	71	0	38
 47282	85	79	43	7	13	71	0	38
 47327	83	79	42	7	13	72	0	38
 47373	82	79	42	3	13	73	0	38
 47418	79	78	42	3	13	74	0	38
 47463	76	76	42	3	13	74	0	38
 47509	78	74	42	3	13	75	0	38
 47554	82	72	42	3	13	76	0	38
 47599	84	72	42	3	13	77	0	38
 47645	82	72	42	3	13	77	0	38
 47690	82	73	42	3	13	78	0	38
 47735	82	74	42	7	13	79	0	38
 47781	83	74	42	7	13	80	0	38
 47826	83	74	42	7	13	80	0	38
 47872	84	75	42	7	13	81	0	38
 47917	84	75	42	7	13	82	0	38
 47962	84	76	42	7	13	83	0	38
 48008	84	76	42	7	13	83	0	38
 48053	85	76	43	7	13	84	0	38
 48098	83	77	43	7	13	85	0	38
 48144	82	78	43	7	13	86	0	38
 48189	81	78	43	7	13	86	0	38
 48234	82	78	43	7	13	87	0	38
 48280	84	77	43	7	13	88	0	38
 48325	85	77	43	7	13	89	0	38
 48370	84	78	43	3	13	89	0	38
 48416	80	78	43	3	13	90	0	38
 48461	78	78	43	3	13	91	0	38
 48506	78	78	43	3	13	92	0	38
 48552	82	77	43	3	13	92	0	38
 48597	82	76	43	3	13	93	0	38
 48642	82	77	43	11	13	94	0	38
 48688	83	77	43	11	13	95	0	38
 48733	84	78	43	15	13	96	0	39
 48779	84	78	43	15	13	96	0	39
 48824	84	78	42	15	13	97	0	39
 48869	84	78	43	15	13	98	0	39
 48915	84	79	43	15	13	99	0	39
 48960	84	79	43	15	13	99	0	39
 49005	84	79	43	15	13	100	0	39
 49051	84	78	43	15	13	101	0	39
 49096	84	79	44	15	13	102	0	39
 49141	84	79	43	15	13	102	0	39
 49187	84	79	43	15	13	103	0	39
 49232	84	79	43	15	13	104	0	39
 49277	84	79	44	15	13	105	0	39
 49323	84	79	43	15	13	105	0	39
 49368	84	79	43	15	13	106	0	40
 49413	83	79	43	15	13	107	0	40
 49459	83	79	43	15	13	108	0	40
 49504	83	79	43	15	13	108	0	39
 49550	82	79	43	11	13	109	0	39
 49595	79	79	43	11	13	110	0	39
 49640	79	79	43	11	13	111	0	40
 49686	80	78	43	11	13	111	0	40
 49731	83	78	43	11	13	112	0	40
 49776	82	78	43	11	13	113	0	40
 49822	82	78	44	11	13	114	0	40
 49867	83	78	44	15	13	114	0	40
 49912	83	78	43	15	13	115	0	40
 49958	83	78	44	15	13	116	0	40
 50003	83	79	44	15	13	117	0	40
 50048	83	79	44	15	13	117	0	40
 50094	83	79	44	15	13	118	0	40
 50139	83	79	44	15	13	119	0	39
 50184	83	79	44	15	13	120	0	39
 50230	83	79	44	15	13	120	0	39
 50275	83	79	44	15	13	121	0	39
 50320	83	79	43	15	13	122	0	39
 50366	83	79	44	15	13	123	0	39
 50411	83	79	44	15	13	123	0	39
 50457	83	79	44	7	14	64	0	39
 50502	83	79	44	7	14	65	0	39
 50547	83	79	44	7	14	66	0	39
 50593	83	79	44	7	14	66	0	39
 50638	83	79	44	7	14	67	0	39
 50683	82	79	43	7	14	68	0	39
 50729	82	79	44	7	14	69	0	39
 50774	82	79	44	7	14	70	0	39
 50819	82	79	44	7	14	70	0	39
 50865	82	79	43	7	14	71	0	39
 50910	82	79	44	3	14	72	0	39
 50955	80	79	44	3	14	73	0	39
 51001	78	78	44	3	14	73	0	39
 51046	79	78	44	3	14	74	0	39
 51091	83	77	44	3	14	75	0	39
 51137	82	77	44	3	14	76	0	39
 51182	82	78	44	3	14	76	0	39
 51228	83	78	44	7	14	77	0	39
 51273	84	79	44	7	14	78	0	39
 51318	84	79	44	7	14	79	0	39
 51364	84	80	44	7	14	79	0	39
 51409	81	80	44	7	14	80	0	39
 51454	83	80	44	7	14	81	0	39
 51500	83	79	44	7	14	82	0	39
 51545	83	79	44	7	14	82	0	39
 51590	83	79	44	7	14	83	0	39
 51637	83	79	44	7	14	84	0	39
 51681	83	79	44	7	14	85	0	39
 51726	84	80	44	7	14	85	0	39
 51772	84	80	44	7	14	86	0	39
 51817	84	80	44	7	14	87	0	39
 51862	84	80	44	7	14	88	0	39
 51908	84	80	44	7	14	88	0	39
 51953	84	81	44	7	14	89	0	39
 51999	84	81	44	7	14	90	0	39
 52044	82	81	44	7	14	91	0	39
 52089	80	81	44	7	14	91	0	39
 52135	81	80	44	7	14	92	0	39
 52180	83	80	44	7	14	93	0	39
 52225	84	79	44	15	14	94	0	39
 52271	84	80	44	15	14	94	0	39
 52316	81	81	44	15	14	95	0	39
 52361	80	81	44	15	14	96	0	39
 52407	82	80	44	15	14	97	0	39
 52452	83	79	44	15	14	97	0	39
 52497	83	79	44	15	14	98	0	39
 52543	84	80	44	15	14	99	0	39
 52589	84	80	44	15	14	100	0	39
 52633	81	81	44	15	14	100	0	39
 52679	80	81	44	15	14	101	0	39
 52724	81	80	44	11	14	102	0	39
 52769	79	79	44	11	14	103	0	39
 52815	80	79	44	11	14	104	0	39
 52860	83	79	44	11	14	104	0	39
 52906	84	78	44	11	14	105	0	39
 52951	81	79	44	11	14	106	0	39
 52996	81	80	44	15	14	107	0	39
 53042	80	80	44	15	14	107	0	39
 53087	83	79	44	15	14	108	0	39
 53132	83	79	44	15	14	109	0	39
 53178	84	80	44	15	14	110	0	39
 53223	81	80	44	15	14	110	0	39
 53268	80	80	44	15	14	111	0	39
 53314	82	79	44	15	14	112	0	39
 53359	83	79	44	15	14	113	0	39
 53404	84	79	44	15	14	113	0	39
 53450	83	80	44	15	14	114	0	39
 53495	81	81	44	15	14	115	0	39
 53540	80	81	44	15	14	116	0	39
 53586	83	80	44	15	14	116	0	39
 53631	83	79	44	15	14	117	0	39
 53677	84	80	44	15	14	118	0	39
 53722	82	80	44	15	14	119	0	39
 53767	80	81	44	15	14	119	0	39
 53813	81	80	44	15	14	120	0	39
 53858	83	79	44	15	14	121	0	39
 53903	84	79	44	15	14	122	0	39
 53949	83	80	44	15	14	122	0	38
 53994	81	80	44	15	14	123	0	38
 54039	80	80	44	7	15	64	0	38
 54085	82	80	44	7	15	65	0	38
 54130	83	79	44	7	15	65	0	38
 54175	84	79	44	7	15	66	0	38
 54221	83	80	44	7	15	67	0	38
 54266	81	80	44	7	15	68	0	38
 54311	80	81	44	7	15	68	0	38
 54357	82	79	44	7	15	69	0	38
 54402	83	79	44	7	15	70	0	38
 54448	84	79	44	7	15	71	0	38
 54493	84	80	44	7	15	71	0	38
 54538	81	80	44	7	15	72	0	38
 54584	80	81	44	7	15	73	0	38
 54629	82	80	44	7	15	74	0	38
 54674	83	79	44	7	15	74	0	38
 54720	83	79	44	7	15	75	0	38
 54765	84	80	44	7	15	76	0	38
 54810	84	80	44	7	15	77	0	38
 54856	81	80	44	3	15	78	0	38
 54901	80	81	45	3	15	78	0	39
 54946	79	80	45	3	15	79	0	39
 54992	82	79	45	3	15	80	0	39
 55037	83	78	45	3	15	81	0	39
 55082	82	79	45	3	15	81	0	39
 55128	81	80	45	7	15	82	0	39
 55173	80	80	45	7	15	83	0	39
 55219	82	79	45	7	15	84	0	39
 55264	83	79	45	7	15	84	0	39
 55309	84	79	46	7	15	85	0	39
 55355	81	80	45	7	15	86	0	39
 55400	80	80	45	7	15	87	0	39
 55445	80	80	45	7	15	87	0	39
 55491	82	79	45	7	15	88	0	39
 55536	83	79	45	7	15	89	0	39
 55581	83	79	45	7	15	90	0	39
 55627	80	80	45	7	15	90	0	39
 55672	79	80	45	7	15	91	0	39
 55717	80	79	45	7	15	92	0	39
 55763	82	78	45	7	15	93	0	39
 55808	83	78	45	7	15	93	0	39
 55853	81	79	45	15	15	94	0	39
 55899	80	80	45	15	15	95	0	39
 55944	79	79	45	15	15	96	0	39
 55989	81	79	45	15	15	96	0	39
 56035	82	78	45	15	15	97	0	39
 56080	83	78	46	15	15	98	0	39
 56126	81	79	45	15	15	99	0	39
 56171	79	80	45	15	15	99	0	39
 56216	79	79	45	15	15	100	0	39
 56262	81	78	45	15	15	101	0	39
 56307	82	78	45	15	15	102	0	39
 56352	83	78	45	15	15	102	0	39
 56398	80	79	45	15	15	103	0	39
 56443	79	79	45	15	15	104	0	38
 56488	79	79	45	15	15	105	0	38
 56534	81	78	45	15	15	105	0	38
 56579	82	78	45	15	15	106	0	38
 56624	82	78	45	15	15	107	0	38
 56670	79	79	45	15	15	108	0	38
 56715	79	79	45	15	15	108	0	38
 56760	81	78	45	15	15	109	0	38
 56806	81	77	45	15	15	110	0	38
 56851	82	78	45	15	15	111	0	38
 56897	82	78	46	15	15	112	0	38
 56942	82	78	45	15	15	112	0	38
 56987	82	79	45	15	15	113	0	38
 57033	83	79	45	15	15	114	0	38
 57078	82	79	45	15	15	115	0	38
 57123	80	79	45	11	15	115	0	38
 57169	79	79	45	11	15	116	0	38
 57214	78	78	45	11	15	117	0	38
 57259	81	77	45	11	15	118	0	38
 57305	82	77	46	11	15	118	0	38
 57350	80	77	45	11	15	119	0	38
 57395	80	78	45	15	15	120	0	38
 57441	80	78	45	15	15	121	0	38
 57486	79	78	46	15	15	121	0	38
 57531	79	78	45	15	15	122	0	38
 57577	80	78	45	15	15	123	0	38
 57622	82	77	45	7	16	64	0	38
 57671	83	77	45	7	16	64	0	38
 57713	80	78	45	7	16	65	0	38
 57758	81	79	45	7	16	66	0	38
 57804	82	79	45	7	16	67	0	38
 57849	82	78	45	7	16	67	0	38
 57894	82	78	45	7	16	68	0	38
 57940	82	79	45	7	16	69	0	38
 57985	83	79	45	7	16	70	0	38
 58030	83	79	45	7	16	70	0	38
 58076	83	79	45	7	16	71	0	38
 58121	81	80	45	7	16	72	0	38
 58166	80	80	45	7	16	73	0	38
 58212	79	79	45	7	16	73	0	38
 58257	82	78	45	7	16	74	0	38
 58302	82	78	45	7	16	75	0	38
 58348	83	79	45	7	16	76	0	38
 58393	80	79	45	7	16	76	0	38
 58439	79	80	45	7	16	77	0	38
 58484	81	79	45	7	16	78	0	38
 58529	82	78	45	7	16	79	0	38
 58575	82	78	45	7	16	79	0	38
 58620	83	79	45	7	16	80	0	38
 58665	83	79	46	7	16	81	0	38
 58712	81	80	45	7	16	82	0	38
 58756	79	80	45	7	16	83	0	38
 58801	82	79	45	7	16	83	0	38
 58847	82	78	45	7	16	84	0	38
 58892	82	79	45	7	16	85	0	38
 58937	83	79	45	7	16	86	0	38
 58983	83	79	45	7	16	86	0	38
 59028	80	80	45	7	16	87	0	38
 59073	80	80	45	7	16	88	0	38
 59119	81	79	45	7	16	89	0	38
 59164	80	78	45	3	16	89	0	38
 59209	78	78	46	3	16	90	0	38
 59255	80	78	45	3	16	91	0	38
 59300	82	77	45	3	16	92	0	38
 59346	82	78	45	3	16	92	0	38
 59391	82	79	45	3	16	93	0	38
 59436	82	79	45	15	16	94	0	38
 59482	81	79	45	15	16	95	0	38
 59527	81	79	45	15	16	96	0	38
 59572	81	79	45	15	16	96	0	38
 59618	81	79	45	15	16	97	0	38
 59663	81	79	45	15	16	98	0	37
 59708	81	79	45	15	16	99	0	38
 59754	81	79	45	15	16	99	0	37
 59799	81	79	45	15	16	100	0	37
 59844	80	78	45	15	16	101	0	37
 59890	80	78	45	15	16	102	0	37
 59935	80	78	45	15	16	102	0	37
 59981	80	78	45	15	16	103	0	37
 60026	80	78	45	15	16	104	0	37
 60071	80	78	45	15	16	105	0	37
 60117	80	78	45	15	16	105	0	37
 60162	82	78	45	15	16	106	0	37
 60207	84	78	45	15	16	107	0	37
 60253	83	78	45	15	16	108	0	37
 60298	81	80	45	15	16	108	0	37
 60343	80	80	45	15	16	109	0	37
 60389	82	79	45	15	16	110	0	37
 60434	83	79	44	15	16	111	0	37
 60479	84	79	45	15	16	111	0	37
 60525	83	80	44	15	16	112	0	37
 60570	81	80	44	15	16	113	0	37
 60615	83	80	44	15	16	114	0	37
 60661	83	80	44	15	16	114	0	37
 60706	83	80	44	15	16	115	0	37
 60751	83	80	45	15	16	116	0	37
 60797	83	80	44	15	16	117	0	37
 60842	84	80	45	15	16	117	0	37
 60888	84	80	44	15	16	118	0	37
 60933	84	81	44	15	16	119	0	37
 60978	83	81	44	15	16	120	0	37
 61024	83	81	44	15	16	120	0	37
 61069	84	81	44	15	16	121	0	37
 61114	83	81	44	15	16	122	0	37
 61160	81	81	44	11	16	123	0	37
 61205	80	81	44	11	16	123	0	37
 61250	80	80	44	3	17	64	0	37
 61296	84	79	44	3	17	65	0	37
 61341	84	79	44	3	17	66	0	36
 61386	83	80	44	3	17	66	0	37
 61432	83	81	44	7	17	67	0	36
 61477	83	81	44	7	17	68	0	36
 61522	83	81	44	7	17	69	0	36
 61568	83	81	44	7	17	70	0	36
 61616	83	81	44	7	17	70	0	36
 61659	83	81	44	7	17	71	0	36
 61704	83	81	44	7	17	72	0	36
 61749	83	81	44	7	17	73	0	36
 61795	83	81	44	7	17	73	0	36
 61840	83	81	44	7	17	74	0	36
 61885	83	81	44	7	17	75	0	36
 61931	83	81	44	7	17	76	0	36
 61976	83	81	44	7	17	76	0	36
 62021	83	81	44	7	17	77	0	36
 62067	83	81	44	7	17	78	0	36
 62112	83	81	44	7	17	79	0	36
 62157	83	81	44	7	17	79	0	36
 62203	83	81	44	7	17	80	0	36
 62248	83	81	44	7	17	81	0	36
 62293	83	81	44	7	17	82	0	36
 62339	83	80	44	7	17	82	0	36
 62384	83	81	44	7	17	83	0	36
 62429	82	81	44	7	17	84	0	36
 62475	83	80	44	7	17	85	0	36
 62520	82	80	44	7	17	85	0	36
 62566	82	80	44	7	17	86	0	36
 62611	84	80	44	7	17	87	0	36
 62656	85	80	44	7	17	88	0	36
 62702	86	81	44	7	17	88	0	36
 62747	84	82	44	7	17	89	0	36
 62792	83	82	44	7	17	90	0	36
 62838	83	82	44	7	17	91	0	36
 62883	83	81	44	7	17	91	0	36
 62928	85	81	44	7	17	92	0	36
 62974	86	81	44	7	17	93	0	36
 63019	86	81	44	15	17	94	0	36
 63064	84	82	44	15	17	94	0	36
 63110	83	82	44	15	17	95	0	35
 63155	83	82	44	15	17	96	0	35
 63200	84	81	43	11	17	97	0	35
 63246	81	81	43	11	17	97	0	35
 63292	81	81	43	11	17	98	0	35
 63337	84	80	43	11	17	99	0	35
 63382	85	80	43	11	17	100	0	35
 63427	84	80	43	11	17	100	0	35
 63473	85	81	43	11	17	101	0	35
 63518	86	82	44	15	17	102	0	35
 63563	86	82	43	15	17	103	0	35
 63609	87	83	43	15	17	104	0	35
 63654	87	83	43	15	17	104	0	35
 63699	85	83	43	15	17	105	0	35
 63745	83	83	43	15	17	106	0	35
 63790	86	83	43	15	17	107	0	35
 63835	85	82	43	15	17	107	0	35
 63881	86	82	43	15	17	108	0	35
 63926	86	82	43	15	17	109	0	35
 63971	86	83	43	15	17	110	0	35
 64017	87	83	43	15	17	110	0	35
 64062	87	83	43	15	17	111	0	35
 64108	87	84	43	15	17	112	0	35
 64153	87	83	43	15	17	113	0	35
 64199	87	84	43	15	17	113	0	35
 64244	87	84	43	15	17	114	0	35
 64289	87	84	43	15	17	115	0	35
 64334	87	84	43	15	17	116	0	35
 64380	87	84	43	15	17	116	0	35
 64425	87	84	43	15	17	117	0	35
 64470	87	84	43	15	17	118	0	35
 64516	86	84	43	15	17	119	0	35
 64561	87	84	43	15	17	119	0	35
 64606	86	84	43	15	17	120	0	35
 64652	86	84	43	15	17	121	0	35
 64697	86	84	43	15	17	122	0	35
 64742	86	83	43	15	17	122	0	35
 64788	86	83	43	15	17	123	0	35
 64833	85	83	43	7	18	64	0	35
 64878	85	83	43	7	18	65	0	35
 64924	85	83	43	7	18	65	0	35
 64969	85	83	43	7	18	66	0	35
 65015	85	83	43	7	18	67	0	35
 65060	85	82	43	3	18	68	0	35
 65105	82	83	43	3	18	68	0	35
 65151	82	82	43	3	18	69	0	35
 65196	86	81	43	3	18	70	0	35
 65241	86	80	43	3	18	71	0	35
 65287	86	81	43	3	18	71	0	35
 65332	87	82	43	3	18	72	0	35
 65377	87	82	42	7	18	73	0	35
 65423	87	83	42	7	18	74	0	35
 65470	88	83	43	7	18	74	0	35
 65513	88	84	42	7	18	75	0	35
 65559	88	84	42	7	18	76	0	35
 65604	88	84	43	7	18	77	0	35
 65649	85	84	42	7	18	78	0	35
 65695	87	84	43	7	18	78	0	35
 65740	87	84	42	7	18	79	0	35
 65786	87	84	43	7	18	80	0	35
 65831	88	84	42	7	18	81	0	35
 65876	88	84	42	7	18	81	0	35
 65922	88	84	42	7	18	82	0	35
 65967	88	84	43	7	18	83	0	35
 66012	88	85	42	7	18	84	0	35
 66058	88	85	42	7	18	84	0	35
 66103	88	85	42	7	18	85	0	35
 66149	88	85	43	7	18	86	0	35
 66194	88	85	42	7	18	87	0	35
 66239	88	85	42	7	18	87	0	35
 66284	88	85	42	7	18	88	0	35
 66330	88	85	42	7	18	89	0	34
 66375	88	85	42	7	18	90	0	35
 66420	88	85	43	7	18	90	0	34
 66466	88	85	42	7	18	91	0	35
 66511	88	85	42	7	18	92	0	34
 66556	88	85	42	7	18	93	0	34
 66602	87	85	42	7	18	93	0	34
 66647	87	85	42	15	18	94	0	34
 66693	87	85	42	15	18	95	0	34
 66738	87	85	42	15	18	96	0	34
 66783	87	85	42	15	18	96	0	34
 66829	87	85	42	15	18	97	0	34
 66874	87	85	42	11	18	98	0	34
 66919	85	84	42	11	18	99	0	34
 66965	84	84	42	11	18	99	0	34
 67010	85	84	42	11	18	100	0	34
 67055	88	83	42	11	18	101	0	34
 67101	87	83	43	11	18	102	0	34
 67146	88	83	42	11	18	102	0	34
 67191	88	84	42	15	18	103	0	34
 67237	88	84	41	15	18	104	0	34
 67282	89	85	41	15	18	105	0	34
 67327	89	85	41	15	18	105	0	34
 67373	89	85	41	15	18	106	0	34
 67418	89	85	41	15	18	107	0	34
 67464	90	86	41	15	18	108	0	34
 67509	90	86	41	15	18	108	0	34
 67554	87	86	41	15	18	109	0	34
 67600	87	86	41	15	18	110	0	34
 67645	88	86	42	15	18	111	0	34
 67690	88	85	41	15	18	112	0	34
 67736	88	85	41	15	18	112	0	34
 67781	89	85	41	15	18	113	0	34
 67826	89	85	42	15	18	114	0	34
 67872	89	86	42	15	18	115	0	34
 67917	89	86	41	15	18	115	0	34
 67962	89	86	41	15	18	116	0	34
 68008	89	86	41	15	18	117	0	34
 68053	89	86	41	15	18	118	0	34
 68099	89	86	41	15	18	118	0	34
 68144	89	86	41	15	18	119	0	34
 68189	89	86	41	15	18	120	0	34
 68235	88	86	41	15	18	121	0	34
 68280	88	86	40	15	18	121	0	34
 68325	88	86	41	15	18	122	0	34
 68371	88	86	41	15	18	123	0	34
 68416	88	86	41	7	19	64	0	34
 68461	88	86	40	7	19	64	0	34
 68507	88	86	40	7	19	65	0	34
 68552	88	86	40	7	19	66	0	34
 68597	88	86	40	7	19	67	0	34
 68643	87	85	40	7	19	67	0	34
 68688	87	85	40	7	19	68	0	34
 68733	87	85	40	7	19	69	0	34
 68779	87	85	40	3	19	70	0	34
 68824	85	85	41	3	19	70	0	34
 68869	85	85	40	3	19	71	0	34
 68915	89	84	40	3	19	72	0	34
 68960	88	83	41	3	19	73	0	34
 69006	89	84	41	3	19	73	0	34
 69051	90	85	40	7	19	74	0	34
 69096	90	86	41	7	19	75	0	34
 69142	91	86	40	7	19	76	0	34
 69187	88	87	41	7	19	76	0	34
 69232	87	87	41	7	19	77	0	34
 69278	89	86	41	7	19	78	0	34
 69323	90	86	40	7	19	79	0	34
 69368	90	86	41	7	19	79	0	34
 69414	91	86	40	7	19	80	0	34
 69459	88	87	40	7	19	81	0	34
 69504	88	87	40	7	19	82	0	34
 69550	88	86	40	7	19	83	0	34
 69595	90	86	40	7	19	83	0	34
 69640	91	86	39	7	19	84	0	34
 69686	91	86	40	7	19	85	0	34
 69731	89	87	40	7	19	86	0	34
 69776	88	87	40	7	19	86	0	34
 69822	88	87	40	7	19	87	0	34
 69867	90	86	40	7	19	88	0	34
 69913	91	86	40	7	19	89	0	34
 69958	91	87	40	7	19	89	0	34
 70003	89	87	41	7	19	90	0	34
 70049	89	88	40	7	19	91	0	34
 70094	88	87	40	7	19	92	0	34
 70139	90	87	40	7	19	92	0	34
 70185	91	86	40	7	19	93	0	34
 70230	91	86	40	15	19	94	0	34
 70275	90	87	40	15	19	95	0	34
 70321	89	88	40	15	19	95	0	34
 70411	88	87	41	15	19	97	0	34
 70457	90	85	40	15	19	98	0	34
 70502	89	85	40	15	19	98	0	34
 70547	89	85	40	15	19	99	0	34
 70593	89	85	40	11	19	100	0	34
 70638	87	85	40	11	19	101	0	34
 70684	85	85	40	11	19	101	0	34
 70729	85	84	40	11	19	102	0	34
 70774	90	83	40	11	19	103	0	34
 70820	89	83	39	11	19	104	0	34
 70865	90	84	40	11	19	104	0	34
 70910	91	84	40	15	19	105	0	34
 70956	91	85	39	15	19	106	0	34
 71001	92	85	40	15	19	107	0	34
 71046	90	86	40	15	19	107	0	34
 71092	89	86	40	15	19	108	0	34
 71137	89	86	40	15	19	109	0	34
 71182	91	85	40	15	19	110	0	34
 71228	92	85	40	15	19	110	0	34
 71273	90	86	40	15	19	111	0	33
 71318	90	86	40	15	19	112	0	34
 71364	89	86	40	15	19	113	0	33
 71409	89	86	40	15	19	113	0	33
 71454	91	85	40	15	19	114	0	33
 71500	90	85	39	15	19	115	0	33
 71545	89	86	40	15	19	116	0	33
 71591	89	86	40	15	19	117	0	33
 71640	90	85	40	15	19	117	0	33
 71681	92	85	40	15	19	118	0	33
 71727	90	85	40	15	19	119	0	33
 71772	90	86	40	15	19	120	0	33
 71817	89	86	40	15	19	120	0	33
 71863	90	86	40	15	19	121	0	33
 71908	91	85	40	15	19	122	0	33
 71953	90	85	40	15	19	123	0	33
 72008	90	86	40	15	19	123	0	33
 72054	89	86	40	7	20	64	0	33
 72098	89	86	40	3	20	65	0	33
 72144	86	85	40	3	20	66	0	33
 72189	85	85	40	3	20	66	0	33
 72235	86	84	40	3	20	67	0	33
 72280	91	83	40	3	20	68	0	33
 72325	89	83	40	3	20	69	0	33
 72371	91	84	40	3	20	70	0	33
 72416	92	85	39	7	20	70	0	33
 72461	93	85	40	7	20	71	0	33
 72507	91	86	40	7	20	72	0	33
 72552	90	87	40	7	20	73	0	33
 72597	90	87	40	7	20	73	0	33
 72643	91	86	40	7	20	74	0	33
 72688	92	86	40	7	20	75	0	33
 72733	90	86	40	7	20	76	0	33
 72779	90	86	40	7	20	76	0	33
 72824	90	86	39	7	20	77	0	33
 72869	89	86	39	7	20	78	0	33
 72915	89	86	39	7	20	79	0	33
 72960	89	86	40	7	20	79	0	33
 73006	92	86	40	7	20	80	0	33
 73051	90	85	40	7	20	81	0	33
 73096	90	86	40	7	20	82	0	33
 73142	90	86	40	7	20	82	0	33
 73187	89	86	40	7	20	83	0	33
 73232	89	86	40	7	20	84	0	33
 73278	91	85	40	7	20	85	0	33
 73323	90	85	40	7	20	85	0	33
 73368	90	86	40	7	20	86	0	33
 73414	89	86	40	7	20	87	0	33
 73459	89	86	40	7	20	88	0	33
 73504	89	86	39	7	20	88	0	33
 73550	92	86	39	7	20	89	0	33
 73598	90	85	40	7	20	90	0	33
 73640	89	86	39	3	20	91	0	33
 73686	87	86	39	3	20	91	0	33
 73731	85	86	39	3	20	92	0	33
 73777	87	85	39	3	20	93	0	33
 73822	90	83	39	11	20	94	0	33
 73867	90	83	39	11	20	94	0	33
 73913	91	84	39	11	20	95	0	33
 73958	92	85	39	15	20	96	0	33
 74003	92	85	39	15	20	97	0	33
 74049	91	86	39	15	20	97	0	33
 74094	90	87	39	15	20	98	0	33
 74139	90	88	39	15	20	99	0	33
 74185	89	87	39	15	20	100	0	33
 74230	90	87	39	15	20	100	0	33
 74275	92	86	39	15	20	101	0	33
 74321	92	87	39	15	20	102	0	33
 74366	91	87	39	15	20	103	0	33
 74411	90	88	39	15	20	104	0	33
 74457	90	88	39	15	20	104	0	33
 74502	89	87	39	15	20	105	0	33
 74547	90	87	39	15	20	106	0	33
 74593	92	86	39	15	20	107	0	33
 74638	93	87	39	15	20	107	0	33
 74684	92	88	39	15	20	108	0	33
 74729	90	88	39	15	20	109	0	33
 74774	90	88	39	15	20	110	0	33
 74820	89	88	39	15	20	110	0	33
 74865	91	87	39	15	20	111	0	33
 74910	92	87	39	15	20	112	0	33
 74956	93	87	39	15	20	113	0	33
 75001	91	88	38	15	20	113	0	33
 75046	90	88	38	15	20	114	0	33
 75092	90	88	38	15	20	115	0	33
 75137	89	88	38	15	20	116	0	33
 75182	92	87	38	15	20	116	0	33
 75228	92	87	38	15	20	117	0	33
 75273	93	87	38	15	20	118	0	33
 75318	91	88	38	15	20	119	0	33
 75364	90	89	38	11	20	119	0	33
 75409	88	88	38	11	20	120	0	33
 75455	87	88	38	11	20	121	0	33
 75500	88	87	38	11	20	122	0	33
 75545	91	86	38	11	20	122	0	33
 75591	90	85	38	11	20	123	0	33
 75636	92	86	38	3	21	64	0	33
 75681	92	87	38	7	21	65	0	33
 75727	93	87	38	7	21	65	0	33
 75772	93	88	38	7	21	66	0	33
 75817	91	89	38	7	21	67	0	33
 75863	90	89	38	7	21	68	0	33
 75908	90	88	38	7	21	68	0	33
 75953	92	88	38	7	21	69	0	33
 75999	93	87	38	7	21	70	0	33
 76044	93	88	38	7	21	71	0	33
 76089	91	89	38	7	21	71	0	33
 76135	90	89	38	7	21	72	0	32
 76180	90	89	38	7	21	73	0	32
 76226	92	88	38	7	21	74	0	32
 76271	93	88	38	7	21	74	0	32
 76316	92	88	38	7	21	75	0	32
 76362	91	89	38	7	21	76	0	32
 76407	90	89	38	7	21	77	0	32
 76452	90	89	38	7	21	78	0	32
 76498	91	88	38	7	21	78	0	32
 76543	93	88	38	7	21	79	0	32
 76588	93	88	38	7	21	80	0	32
 76635	91	89	38	7	21	81	0	32
 76679	91	89	38	7	21	81	0	32
 76724	91	89	38	7	21	82	0	32
 76770	90	89	38	7	21	83	0	32
 76815	92	88	39	7	21	84	0	32
 76860	93	88	39	7	21	84	0	32
 76906	94	88	39	7	21	85	0	32
 76951	92	89	39	7	21	86	0	32
 76996	91	90	38	7	21	87	0	32
 77042	90	89	38	7	21	87	0	32
 77087	91	89	38	7	21	88	0	32
 77133	93	88	38	7	21	89	0	32
 77178	93	88	38	7	21	90	0	32
 77223	93	88	38	3	21	90	0	32
 77269	90	90	38	3	21	91	0	32
 77314	89	89	38	3	21	92	0	32
 77359	89	89	38	3	21	93	0	32
 77405	92	87	38	3	21	93	0	32
 77450	91	87	38	11	21	94	0	32
 77495	92	88	38	11	21	95	0	32
 77541	93	88	38	15	21	96	0	32
 77586	93	88	37	15	21	96	0	32
 77631	94	89	38	15	21	97	0	32
 77677	94	89	38	15	21	98	0	32
 77722	94	90	38	15	21	99	0	32
 77767	93	90	38	15	21	99	0	32
 77814	91	90	38	15	21	100	0	32
 77858	93	90	38	15	21	101	0	32
 77903	92	89	38	15	21	102	0	32
 77949	93	89	38	15	21	102	0	32
 77994	93	89	38	15	21	103	0	32
 78039	93	90	38	15	21	104	0	32
 78085	93	90	38	15	21	105	0	32
 78130	93	90	37	15	21	105	0	32
 78176	94	90	37	15	21	106	0	32
 78221	93	90	38	15	21	107	0	32
 78266	93	90	37	15	21	108	0	32
 78312	93	90	37	15	21	108	0	32
 78361	93	90	37	15	21	109	0	32
 78402	93	90	37	15	21	110	0	32
 78448	93	90	37	15	21	111	0	32
 78493	93	90	37	15	21	112	0	32
 78538	92	90	37	15	21	112	0	32
 78584	93	90	38	15	21	113	0	32
 78629	93	90	38	15	21	114	0	32
 78674	92	90	38	15	21	115	0	32
 78720	92	90	38	15	21	115	0	31
 78765	92	90	38	15	21	116	0	31
 78810	92	89	38	15	21	117	0	31
 78856	92	89	38	15	21	118	0	31
 78901	91	89	38	15	21	118	0	31
 78946	91	89	37	15	21	119	0	31
 78992	91	89	37	15	21	120	0	31
 79037	91	89	37	15	21	121	0	31
 79083	92	89	37	15	21	121	0	31
 79128	94	89	37	15	21	122	0	31
 79173	93	89	37	11	21	123	0	31
 79219	90	89	37	2	22	64	0	31
 79264	89	90	37	2	22	64	0	31
 79309	89	89	37	2	22	65	0	31
 79355	93	88	37	2	22	66	0	31
 79400	92	87	37	2	22	67	0	31
 79445	93	88	37	2	22	67	0	31
 79491	93	89	37	6	22	68	0	31
 79536	94	89	38	6	22	69	0	31
 79581	94	90	37	6	22	70	0	31
 79627	93	91	37	6	22	70	0	31
 79672	91	92	37	6	22	71	0	31
 79717	91	92	37	6	22	72	0	31
 79763	92	91	37	6	22	73	0	31
 79808	94	90	38	6	22	73	0	31
 79853	94	89	37	6	22	74	0	31
 79899	94	91	37	6	22	75	0	31
 79944	92	91	37	6	22	76	0	31
 79989	91	91	37	6	22	76	0	31
 80035	93	90	37	6	22	77	0	31
 80080	94	89	37	6	22	78	0	31
 80126	94	90	37	6	22	79	0	31
 80171	93	90	37	6	22	79	0	31
 80221	92	91	37	6	22	80	0	31
 80262	91	91	37	6	22	81	0	31
 80307	93	90	37	6	22	82	0	31
 80353	94	89	37	6	22	83	0	31
 80398	95	89	37	6	22	83	0	31
 80443	93	90	37	6	22	84	0	31
 80492	92	91	37	6	22	85	0	31
 80534	92	91	37	6	22	86	0	31
 80579	92	90	37	6	22	86	0	31
 80624	94	90	37	6	22	87	0	31
 80670	94	89	37	6	22	88	0	31
 80715	94	90	37	6	22	89	0	31
 80760	93	91	37	6	22	89	0	31
 80806	92	91	38	6	22	90	0	31
 80851	91	91	37	6	22	91	0	31
 80896	93	90	37	6	22	92	0	31
 80942	94	89	37	6	22	92	0	31
 80987	95	89	37	6	22	93	0	31
 81033	93	90	37	14	22	94	0	31
 81078	91	91	38	14	22	95	0	31
 81123	89	90	37	14	22	95	0	31
 81169	88	89	37	14	22	96	0	31
 81214	86	87	37	14	22	97	0	31
 81259	84	86	37	14	22	98	0	31
 81305	83	84	37	14	22	98	0	31
 81350	81	82	37	14	22	99	0	31
 81395	80	81	37	14	22	100	0	31
 81441	79	79	37	14	22	101	0	31
 81486	77	78	37	14	22	101	0	31
 81531	76	77	37	14	22	102	0	31
 81577	75	76	37	14	22	103	0	31
 81622	74	75	37	14	22	104	0	31
 81667	73	74	37	14	22	104	0	31
 81713	72	73	37	14	22	105	0	31
 81758	71	72	38	14	22	106	0	31
 81803	71	71	37	14	22	107	0	31
 81849	70	70	37	14	22	107	0	31
 81894	69	70	37	14	22	108	0	31
 81940	69	69	37	14	22	109	0	31
 81985	68	69	37	14	22	110	0	31
 82030	68	68	37	14	22	110	0	31
 82076	67	68	37	14	22	111	0	31
 82121	67	67	37	14	22	112	0	31
 82166	67	67	37	14	22	113	0	30
 82212	66	67	36	14	22	113	0	30
 82257	66	67	37	14	22	114	0	30
 82304	66	66	37	14	22	115	0	30
 82348	65	66	37	14	22	116	0	30
 82393	65	65	37	14	22	117	0	30
 82438	65	65	37	14	22	117	0	30
 82484	65	65	37	14	22	118	0	30
 82529	64	65	37	14	22	119	0	30
 82574	64	64	38	14	22	120	0	30
 82620	63	64	37	14	22	120	0	30
 82665	63	64	37	14	22	121	0	30
 82710	63	64	36	14	22	122	0	30
 82756	63	63	36	14	22	123	0	30
 82801	63	63	36	14	22	123	0	30
 82846	62	63	36	6	23	64	0	30
 82892	67	63	36	6	23	65	0	30
 82937	78	63	36	6	23	66	0	30
 82983	92	64	36	6	23	66	0	30
 83028	92	70	36	6	23	67	0	30
 83073	89	79	36	2	23	68	0	30
 83119	87	85	36	2	23	69	0	30
 83164	85	84	37	2	23	69	0	30
 83209	83	83	37	2	23	70	0	30
 83255	81	81	37	2	23	71	0	30
 83300	81	79	37	2	23	72	0	30
 83345	89	78	37	2	23	72	0	30
 83391	94	77	37	2	23	73	0	30
 83436	95	80	37	2	23	74	0	30
 83481	94	84	37	6	23	75	0	30
 83527	93	87	37	6	23	75	0	30
 83572	93	88	37	6	23	76	0	30
 83617	95	87	37	6	23	77	0	30
 83663	93	87	37	6	23	78	0	30
 83708	95	87	37	6	23	78	0	30
 83753	93	87	36	6	23	79	0	30
 83799	95	88	36	6	23	80	0	30
 83844	93	88	36	6	23	81	0	30
 83890	95	88	36	6	23	81	0	30
 83935	94	88	36	6	23	82	0	30
 83980	94	89	36	6	23	83	0	30
 84027	95	88	36	6	23	84	0	30
 84071	94	89	37	6	23	84	0	30
 84116	95	89	36	6	23	85	0	30
 84162	94	89	37	6	23	86	0	30
 84207	95	89	36	6	23	87	0	30
 84252	94	90	36	6	23	87	0	30
 84298	93	90	36	6	23	88	0	30
 84343	95	90	36	6	23	89	0	30
 84388	93	90	36	6	23	90	0	30
 84434	93	91	36	6	23	91	0	30
 84479	93	90	36	6	23	91	0	30
 84524	95	90	36	6	23	92	0	30
 84570	93	90	36	2	23	93	0	30
 84615	91	91	36	10	23	94	0	30
 84660	91	91	36	10	23	94	0	30
 84706	89	90	36	10	23	95	0	30
 84751	88	89	36	10	23	96	0	30
 84797	87	88	36	10	23	97	0	30
 84842	86	87	37	14	23	97	0	30
 84887	85	86	37	14	23	98	0	30
 84933	85	85	36	14	23	99	0	30
 84978	84	85	36	14	23	100	0	30
 85023	83	84	36	14	23	100	0	30
 85069	82	83	36	14	23	101	0	30
 85114	82	83	36	14	23	102	0	30
 85159	81	82	36	14	23	103	0	30
 85205	81	82	36	14	23	103	0	30
 85250	80	81	36	14	23	104	0	30
 85295	80	81	36	14	23	105	0	30
 85342	80	80	36	14	23	106	0	30
 85386	79	80	36	14	23	106	0	30
 85431	79	80	36	14	23	107	0	30
 85477	78	79	36	14	23	108	0	30
 85522	78	79	36	14	23	109	0	30
 85567	78	78	36	14	23	109	0	30
 85613	77	78	36	14	23	110	0	30
 85658	77	77	36	14	23	111	0	30
 85704	76	77	36	14	23	112	0	30
 85749	76	77	36	14	23	112	0	30
 85794	76	76	36	14	23	113	0	30
 85840	75	76	36	14	23	114	0	30
 85888	75	76	36	14	23	115	0	30
 85930	75	75	36	14	23	115	0	30
 85976	74	75	36	14	23	116	0	30
 86021	74	75	36	14	23	117	0	30
 86066	74	74	36	14	23	118	0	30
 86112	73	74	36	14	23	118	0	30
 86157	73	74	36	14	23	119	0	30
 86202	73	73	36	14	23	120	0	30
 86248	72	73	36	14	23	121	0	30
 86293	72	73	36	14	23	122	0	30
 86338	72	72	36	14	23	122	0	30
 86384	71	72	36	14	23	123	0	30
