HomeCentral
 Falkenstrasse 20
 8630 Rueti
 Datum: 05.06.14 00:00
 
 Startzeit: 2014-06-05 00:00:33 +0100
 123	30	30	58	4	0	65	0	38
 169	31	30	58	4	0	66	0	38
 214	31	30	58	4	0	67	0	38
 259	31	30	58	4	0	68	0	38
 305	30	30	58	4	0	68	0	38
 350	30	30	58	4	0	69	0	38
 395	30	30	58	4	0	70	0	38
 441	31	30	58	4	0	71	0	38
 486	30	30	58	4	0	71	0	38
 531	30	30	58	4	0	72	0	38
 667	30	30	58	4	0	74	0	38
 689	31	30	58	4	0	75	0	38
 717	30	30	59	4	0	75	0	38
 758	30	30	58	4	0	76	0	38
 803	30	30	57	4	0	77	0	38
 849	30	30	57	4	0	78	0	38
 894	30	30	57	4	0	78	0	38
 939	31	30	57	4	0	79	0	38
 985	30	30	57	4	0	80	0	38
 1030	31	30	57	4	0	81	0	38
 1075	31	30	58	4	0	81	0	38
 1121	30	30	58	4	0	82	0	38
 1166	30	30	58	4	0	83	0	38
 1212	30	30	58	4	0	84	0	38
 1257	30	30	58	4	0	84	0	38
 1302	30	30	58	4	0	85	0	38
 1348	30	30	58	4	0	86	0	38
 1393	30	30	58	4	0	87	0	38
 1438	30	31	58	4	0	87	0	38
 1484	30	30	58	4	0	88	0	38
 1529	30	30	58	4	0	89	0	38
 1574	31	30	58	4	0	90	0	38
 1620	30	30	58	4	0	90	0	38
 1665	30	30	57	4	0	91	0	38
 1710	30	30	58	4	0	92	0	38
 1756	30	30	58	4	0	93	0	38
 1801	30	30	58	4	0	93	0	38
 1846	30	30	58	12	0	94	0	38
 1892	30	30	59	12	0	95	0	38
 1937	30	30	58	12	0	96	0	38
 1982	30	30	58	12	0	96	0	38
 2028	30	30	58	12	0	97	0	38
 2073	30	30	58	12	0	98	0	38
 2119	30	30	58	12	0	99	0	38
 2164	30	30	58	12	0	99	0	38
 2209	30	30	58	12	0	100	0	38
 2255	30	30	58	12	0	101	0	38
 2300	30	30	58	12	0	102	0	38
 2345	30	30	59	12	0	102	0	38
 2391	30	30	58	12	0	103	0	38
 2436	30	30	58	12	0	104	0	38
 2481	30	30	58	12	0	105	0	38
 2527	30	30	58	12	0	105	0	38
 2572	30	30	58	12	0	106	0	38
 2617	30	30	58	12	0	107	0	38
 2663	30	30	58	12	0	108	0	38
 2708	30	30	58	12	0	108	0	38
 2753	30	30	58	12	0	109	0	38
 2799	30	30	58	12	0	110	0	38
 2844	30	30	58	12	0	111	0	38
 2889	30	30	58	12	0	112	0	38
 2935	30	30	57	12	0	112	0	38
 2980	30	30	58	12	0	113	0	38
 3026	31	30	58	12	0	114	0	38
 3071	30	30	57	12	0	115	0	38
 3116	30	30	58	12	0	115	0	38
 3162	30	30	58	12	0	116	0	38
 3207	30	30	58	12	0	117	0	38
 3252	30	30	57	12	0	118	0	38
 3298	30	30	57	12	0	118	0	38
 3343	30	30	58	12	0	119	0	38
 3388	30	30	58	12	0	120	0	38
 3434	30	30	57	12	0	121	0	38
 3479	30	30	57	12	0	121	0	38
 3524	30	30	57	12	0	122	0	38
 3570	30	30	57	12	0	123	0	38
 3615	30	30	57	4	1	64	0	38
 3660	30	30	57	4	1	64	0	38
 3706	30	30	57	4	1	65	0	38
 3751	30	30	57	4	1	66	0	38
 3796	30	30	57	4	1	67	0	38
 3842	30	30	57	4	1	67	0	38
 3887	30	30	57	4	1	68	0	38
 3933	30	30	57	4	1	69	0	38
 3978	30	30	57	4	1	70	0	38
 4023	30	30	57	4	1	70	0	38
 4069	30	30	57	4	1	71	0	38
 4114	30	30	57	4	1	72	0	38
 4159	30	30	57	4	1	73	0	38
 4205	30	30	57	4	1	73	0	38
 4250	30	30	57	4	1	74	0	38
 4295	30	30	57	4	1	75	0	38
 4341	30	30	58	4	1	76	0	38
 4386	30	30	57	4	1	76	0	38
 4431	30	30	57	4	1	77	0	38
 4477	30	30	57	4	1	78	0	38
 4522	30	30	57	4	1	79	0	38
 4567	30	30	57	4	1	79	0	38
 4613	30	30	57	4	1	80	0	38
 4658	30	30	57	4	1	81	0	38
 4704	30	30	57	4	1	82	0	38
 4749	30	30	57	4	1	83	0	38
 4794	30	30	57	4	1	83	0	38
 4840	30	30	57	4	1	84	0	38
 4885	30	30	57	4	1	85	0	38
 4930	30	30	57	4	1	86	0	38
 4976	30	30	57	4	1	86	0	38
 5021	30	30	57	4	1	87	0	38
 5066	30	30	57	4	1	88	0	38
 5112	30	30	57	4	1	89	0	38
 5157	30	30	57	4	1	89	0	38
 5202	30	30	57	4	1	90	0	38
 5248	30	30	57	4	1	91	0	38
 5293	30	30	57	4	1	92	0	38
 5338	30	30	57	4	1	92	0	38
 5384	30	30	57	4	1	93	0	38
 5429	30	30	57	12	1	94	0	38
 5474	30	30	57	12	1	95	0	38
 5520	30	30	57	12	1	95	0	38
 5565	30	30	58	12	1	96	0	38
 5610	30	30	57	12	1	97	0	38
 5656	30	30	57	12	1	98	0	38
 5701	30	30	57	12	1	98	0	38
 5747	30	30	57	12	1	99	0	38
 5792	30	30	57	12	1	100	0	38
 5837	30	30	57	12	1	101	0	38
 5883	30	30	57	12	1	101	0	38
 5928	30	30	57	12	1	102	0	38
 5973	30	30	57	12	1	103	0	38
 6019	30	30	57	12	1	104	0	38
 6064	30	30	57	12	1	104	0	38
 6109	30	30	57	12	1	105	0	38
 6155	30	30	57	12	1	106	0	38
 6200	30	30	57	12	1	107	0	38
 6245	30	30	57	12	1	107	0	38
 6291	30	30	57	12	1	108	0	38
 6336	30	30	57	12	1	109	0	38
 6383	30	30	57	12	1	110	0	38
 6427	30	30	57	12	1	110	0	38
 6472	30	30	57	12	1	111	0	38
 6517	30	30	57	12	1	112	0	38
 6563	30	30	58	12	1	113	0	38
 6608	30	30	57	12	1	113	0	38
 6654	30	30	57	12	1	114	0	38
 6699	30	30	57	12	1	115	0	38
 6744	30	30	57	12	1	116	0	38
 6790	30	30	57	12	1	117	0	38
 6835	30	30	57	12	1	117	0	38
 6880	30	30	57	12	1	118	0	38
 6926	30	30	57	12	1	119	0	38
 6971	30	30	57	12	1	120	0	38
 7016	30	30	57	12	1	120	0	37
 7062	30	30	57	12	1	121	0	38
 7107	30	30	57	12	1	122	0	38
 7152	30	30	57	12	1	123	0	38
 7198	30	30	57	12	1	123	0	37
 7243	30	30	57	4	2	64	0	37
 7288	30	30	58	4	2	65	0	37
 7334	30	30	57	4	2	66	0	37
 7379	30	30	57	4	2	66	0	37
 7424	30	30	57	4	2	67	0	37
 7470	30	30	57	4	2	68	0	37
 7515	30	30	57	4	2	69	0	37
 7561	30	30	57	4	2	69	0	37
 7606	30	30	57	4	2	70	0	37
 7651	30	30	57	4	2	71	0	37
 7697	30	30	57	4	2	72	0	37
 7742	30	30	57	4	2	72	0	37
 7787	30	30	57	4	2	73	0	37
 7834	30	30	57	4	2	74	0	37
 7878	30	30	57	4	2	75	0	37
 7923	31	30	57	4	2	75	0	37
 7969	30	30	57	4	2	76	0	37
 8014	30	30	57	4	2	77	0	37
 8059	30	30	57	4	2	78	0	37
 8105	30	30	58	4	2	78	0	37
 8150	30	30	57	4	2	79	0	37
 8195	30	30	58	4	2	80	0	37
 8241	30	30	57	4	2	81	0	37
 8286	30	30	57	4	2	81	0	37
 8331	30	30	57	4	2	82	0	37
 8377	30	30	57	4	2	83	0	37
 8422	30	30	57	4	2	84	0	37
 8467	30	30	57	4	2	84	0	37
 8513	30	30	57	4	2	85	0	37
 8558	30	30	57	4	2	86	0	37
 8604	30	30	57	4	2	87	0	37
 8649	30	30	57	4	2	87	0	37
 8694	30	30	57	4	2	88	0	37
 8740	30	30	57	4	2	89	0	37
 8785	30	30	57	4	2	90	0	37
 8830	30	30	57	4	2	91	0	37
 8876	30	30	57	4	2	91	0	37
 8921	30	30	57	4	2	92	0	37
 8966	30	30	57	4	2	93	0	37
 9012	30	30	57	12	2	94	0	37
 9057	30	30	57	12	2	94	0	37
 9102	30	30	58	12	2	95	0	37
 9148	30	30	57	12	2	96	0	37
 9193	30	30	57	12	2	97	0	37
 9238	30	30	57	12	2	97	0	37
 9284	30	30	57	12	2	98	0	37
 9329	30	30	57	12	2	99	0	37
 9375	30	30	57	12	2	100	0	37
 9420	30	30	57	12	2	100	0	37
 9465	30	30	57	12	2	101	0	37
 9511	30	30	57	12	2	102	0	37
 9556	30	30	57	12	2	103	0	37
 9601	30	30	57	12	2	103	0	37
 9647	30	30	58	12	2	104	0	37
 9692	30	30	58	12	2	105	0	37
 9737	30	30	58	12	2	106	0	37
 9783	30	30	58	12	2	106	0	37
 9828	30	30	58	12	2	107	0	37
 9873	30	30	58	12	2	108	0	37
 9919	30	30	58	12	2	109	0	37
 9964	30	30	58	12	2	109	0	37
 10009	30	30	58	12	2	110	0	37
 10055	30	30	58	12	2	111	0	37
 10100	30	30	58	12	2	112	0	37
 10145	30	30	58	12	2	112	0	37
 10191	30	30	57	12	2	113	0	37
 10236	30	30	57	12	2	114	0	37
 10281	30	30	57	12	2	115	0	37
 10327	30	30	57	12	2	115	0	37
 10372	30	30	57	12	2	116	0	37
 10418	30	30	57	12	2	117	0	37
 10463	30	30	57	12	2	118	0	37
 10508	30	30	57	12	2	118	0	37
 10554	30	30	57	12	2	119	0	37
 10599	30	30	57	12	2	120	0	37
 10644	30	30	57	12	2	121	0	37
 10690	30	30	57	12	2	121	0	37
 10735	30	30	57	12	2	122	0	37
 10780	30	30	57	12	2	123	0	37
 10826	30	30	57	4	3	64	0	37
 10871	30	30	57	4	3	65	0	37
 10916	30	30	57	4	3	65	0	37
 10962	30	30	57	4	3	66	0	37
 11007	30	30	57	4	3	67	0	37
 11052	30	30	57	4	3	68	0	37
 11098	30	30	57	4	3	68	0	37
 11143	30	30	57	4	3	69	0	37
 11188	30	30	57	4	3	70	0	37
 11234	30	30	57	4	3	71	0	37
 11280	30	30	57	4	3	71	0	37
 11325	30	30	57	4	3	72	0	37
 11370	30	30	57	4	3	73	0	37
 11415	30	30	57	4	3	74	0	37
 11461	30	30	57	4	3	74	0	37
 11506	31	30	57	4	3	75	0	37
 11551	30	30	57	4	3	76	0	37
 11597	30	30	57	4	3	77	0	37
 11642	30	30	57	4	3	77	0	37
 11687	30	30	57	4	3	78	0	37
 11733	30	30	57	4	3	79	0	37
 11778	30	30	57	4	3	80	0	37
 11823	30	30	57	4	3	80	0	37
 11869	30	30	57	4	3	81	0	37
 11914	30	30	57	4	3	82	0	37
 11959	30	30	57	4	3	83	0	37
 12005	30	30	57	4	3	83	0	37
 12050	30	30	57	4	3	84	0	37
 12095	30	30	57	4	3	85	0	37
 12141	30	30	57	4	3	86	0	37
 12186	30	30	57	4	3	86	0	37
 12232	30	30	57	4	3	87	0	37
 12277	30	30	57	4	3	88	0	37
 12322	30	30	57	4	3	89	0	37
 12368	30	30	57	4	3	89	0	37
 12413	30	30	57	4	3	90	0	37
 12458	30	30	57	4	3	91	0	37
 12504	30	30	57	4	3	92	0	37
 12549	30	30	57	4	3	92	0	37
 12594	30	30	57	4	3	93	0	37
 12640	30	30	58	12	3	94	0	37
 12685	30	30	57	12	3	95	0	37
 12730	30	30	57	12	3	96	0	37
 12776	30	30	57	12	3	96	0	37
 12821	30	30	57	12	3	97	0	37
 12866	30	30	57	12	3	98	0	37
 12912	30	29	57	12	3	99	0	37
 12957	30	30	57	12	3	99	0	37
 13002	30	30	57	12	3	100	0	37
 13048	30	30	56	12	3	101	0	37
 13093	30	30	57	12	3	102	0	37
 13139	30	30	57	12	3	102	0	37
 13184	30	30	57	12	3	103	0	37
 13229	30	30	57	12	3	104	0	37
 13275	30	30	57	12	3	105	0	37
 13320	30	30	57	12	3	105	0	37
 13365	30	30	57	12	3	106	0	37
 13411	30	30	57	12	3	107	0	37
 13456	30	30	57	12	3	108	0	37
 13501	30	30	56	12	3	108	0	37
 13547	30	30	56	12	3	109	0	37
 13593	30	30	56	12	3	110	0	37
 13637	30	30	57	12	3	111	0	37
 13683	30	30	56	12	3	111	0	37
 13728	30	30	56	12	3	112	0	37
 13773	30	30	56	12	3	113	0	37
 13819	30	30	57	12	3	114	0	37
 13864	30	30	56	12	3	114	0	37
 13909	30	30	57	12	3	115	0	37
 13955	30	30	56	12	3	116	0	37
 14000	30	30	56	12	3	117	0	37
 14046	30	30	57	12	3	117	0	37
 14091	30	30	56	12	3	118	0	37
 14136	30	30	56	12	3	119	0	37
 14182	30	30	56	12	3	120	0	37
 14227	30	30	56	12	3	120	0	37
 14272	30	30	57	12	3	121	0	37
 14318	30	30	56	12	3	122	0	37
 14363	30	30	56	12	3	123	0	37
 14408	30	30	56	12	3	123	0	37
 14454	30	30	56	4	4	64	0	37
 14499	30	30	56	4	4	65	0	37
 14544	30	30	56	4	4	66	0	37
 14590	30	30	56	4	4	66	0	37
 14635	30	30	56	4	4	67	0	37
 14680	30	30	56	4	4	68	0	37
 14726	30	30	56	4	4	69	0	37
 14771	30	30	56	4	4	70	0	37
 14816	30	30	56	4	4	70	0	37
 14862	30	30	56	4	4	71	0	37
 14907	30	30	56	4	4	72	0	37
 14953	30	30	56	4	4	73	0	37
 14998	30	30	56	4	4	73	0	37
 15043	30	30	56	4	4	74	0	37
 15089	30	30	56	4	4	75	0	37
 15134	30	30	56	4	4	76	0	37
 15179	30	30	56	4	4	76	0	37
 15225	30	30	56	4	4	77	0	37
 15270	30	30	56	4	4	78	0	37
 15315	30	30	56	4	4	79	0	37
 15361	30	30	57	4	4	79	0	37
 15406	30	30	56	4	4	80	0	37
 15451	30	30	56	4	4	81	0	37
 15497	30	30	57	4	4	82	0	37
 15542	30	30	57	4	4	82	0	37
 15587	30	30	56	4	4	83	0	37
 15633	30	30	56	4	4	84	0	37
 15678	30	30	56	4	4	85	0	37
 15723	30	30	56	4	4	85	0	37
 15769	30	30	56	4	4	86	0	37
 15814	30	30	56	4	4	87	0	37
 15860	30	30	56	4	4	88	0	37
 15905	30	30	56	4	4	88	0	37
 15950	30	30	56	4	4	89	0	37
 15996	30	30	56	4	4	90	0	37
 16041	30	30	56	4	4	91	0	37
 16086	30	30	56	4	4	91	0	37
 16132	30	30	56	4	4	92	0	37
 16177	30	30	56	4	4	93	0	37
 16222	30	30	56	12	4	94	0	37
 16268	30	30	56	12	4	94	0	37
 16313	30	30	56	12	4	95	0	37
 16358	30	30	56	12	4	96	0	37
 16404	30	30	56	12	4	97	0	37
 16449	30	30	56	12	4	97	0	37
 16494	30	30	56	12	4	98	0	37
 16540	30	30	56	12	4	99	0	37
 16585	30	30	56	12	4	100	0	37
 16630	30	30	56	12	4	100	0	37
 16676	30	30	56	12	4	101	0	37
 16721	30	30	56	12	4	102	0	37
 16767	30	30	56	12	4	103	0	37
 16812	30	30	56	12	4	104	0	37
 16857	30	30	56	12	4	104	0	37
 16903	30	30	56	12	4	105	0	37
 16948	30	30	55	12	4	106	0	37
 16996	30	30	55	12	4	107	0	37
 17039	30	30	56	12	4	107	0	37
 17084	30	30	56	12	4	108	0	37
 17129	30	30	56	12	4	109	0	37
 17175	30	30	55	12	4	110	0	37
 17220	30	30	55	12	4	110	0	37
 17265	30	30	55	12	4	111	0	37
 17311	30	30	56	12	4	112	0	37
 17356	30	30	55	12	4	113	0	37
 17401	30	30	55	12	4	113	0	37
 17447	30	30	56	12	4	114	0	37
 17492	30	30	55	12	4	115	0	37
 17537	30	30	56	12	4	116	0	37
 17583	30	30	56	12	4	116	0	37
 17628	30	30	55	12	4	117	0	37
 17674	30	30	56	12	4	118	0	37
 17719	30	30	56	12	4	119	0	37
 17764	30	30	56	12	4	119	0	37
 17810	30	30	56	12	4	120	0	37
 17855	30	30	56	12	4	121	0	37
 17900	30	30	56	12	4	122	0	37
 17946	30	30	56	12	4	122	0	37
 17991	30	30	56	12	4	123	0	37
 18036	30	30	56	4	5	64	0	37
 18082	30	30	56	4	5	65	0	37
 18127	30	30	56	4	5	65	0	37
 18172	30	30	56	4	5	66	0	37
 18218	30	30	56	4	5	67	0	37
 18263	30	30	56	4	5	68	0	37
 18308	30	30	56	4	5	68	0	37
 18354	30	30	56	4	5	69	0	37
 18399	30	30	56	4	5	70	0	37
 18444	30	30	56	4	5	71	0	37
 18490	30	30	56	4	5	71	0	37
 18535	30	30	56	4	5	72	0	37
 18581	30	30	56	4	5	73	0	37
 18626	30	30	56	4	5	74	0	37
 18671	30	30	56	4	5	74	0	37
 18717	30	30	56	4	5	75	0	37
 18762	30	30	56	4	5	76	0	37
 18807	30	30	56	4	5	77	0	37
 18853	30	30	56	4	5	78	0	37
 18898	30	30	56	4	5	78	0	37
 18943	30	30	56	4	5	79	0	37
 18989	30	29	56	4	5	80	0	37
 19034	30	30	56	4	5	81	0	37
 19079	30	30	56	4	5	81	0	37
 19125	30	30	56	4	5	82	0	37
 19170	30	30	56	4	5	83	0	37
 19215	30	30	56	4	5	84	0	37
 19261	30	30	56	4	5	84	0	37
 19306	30	30	56	4	5	85	0	37
 19351	30	30	56	4	5	86	0	37
 19397	30	30	56	4	5	87	0	37
 19442	30	30	56	4	5	87	0	37
 19487	30	30	56	4	5	88	0	37
 19533	30	30	56	4	5	89	0	37
 19578	30	30	56	4	5	90	0	37
 19624	30	30	56	4	5	90	0	37
 19669	30	30	56	4	5	91	0	37
 19714	30	30	57	4	5	92	0	37
 19760	30	30	57	4	5	93	0	37
 19805	30	30	56	4	5	93	0	37
 19850	30	30	57	12	5	94	0	37
 19896	30	30	56	12	5	95	0	37
 19941	30	30	57	12	5	96	0	37
 19986	30	30	57	12	5	96	0	37
 20032	30	30	56	12	5	97	0	37
 20077	30	30	57	12	5	98	0	37
 20122	30	30	56	12	5	99	0	37
 20168	30	30	56	12	5	99	0	37
 20213	30	30	56	12	5	100	0	37
 20258	30	30	57	12	5	101	0	37
 20304	30	30	57	12	5	102	0	37
 20349	30	30	57	12	5	102	0	37
 20394	30	30	56	12	5	103	0	37
 20440	30	30	57	12	5	104	0	37
 20485	30	30	56	12	5	105	0	37
 20531	30	30	57	12	5	105	0	37
 20576	30	30	57	12	5	106	0	37
 20621	30	30	57	12	5	107	0	37
 20667	30	30	56	12	5	108	0	37
 20712	30	30	56	12	5	108	0	37
 20757	30	30	56	12	5	109	0	37
 20803	30	30	56	12	5	110	0	37
 20848	30	30	56	12	5	111	0	37
 20893	30	30	56	12	5	112	0	37
 20939	30	30	56	12	5	112	0	37
 20984	30	30	56	12	5	113	0	37
 21029	30	30	56	12	5	114	0	37
 21075	30	30	56	12	5	115	0	37
 21120	30	30	56	12	5	115	0	37
 21165	30	30	56	12	5	116	0	37
 21211	30	30	56	12	5	117	0	37
 21256	30	30	56	12	5	118	0	37
 21301	30	30	56	12	5	118	0	37
 21347	30	30	57	12	5	119	0	37
 21392	30	30	57	12	5	120	0	37
 21438	30	30	56	12	5	121	0	37
 21483	30	30	56	12	5	121	0	37
 21529	30	30	56	12	5	122	0	37
 21574	30	30	56	12	5	123	0	37
 21619	30	30	56	4	6	64	0	37
 21664	30	30	56	4	6	64	0	37
 21710	30	30	56	4	6	65	0	37
 21755	30	30	56	4	6	66	0	37
 21800	30	30	56	4	6	67	0	37
 21846	30	30	56	4	6	67	0	37
 21891	30	30	56	4	6	68	0	37
 21936	30	30	56	4	6	69	0	37
 21982	30	30	56	4	6	70	0	37
 22027	30	30	56	4	6	70	0	37
 22072	30	30	56	4	6	71	0	37
 22118	30	30	56	4	6	72	0	37
 22163	30	30	56	4	6	73	0	37
 22208	30	30	56	4	6	73	0	37
 22254	30	30	57	4	6	74	0	37
 22299	30	30	56	4	6	75	0	37
 22345	30	30	56	4	6	76	0	37
 22390	30	30	56	4	6	76	0	37
 22435	30	30	56	4	6	77	0	37
 22481	30	30	56	4	6	78	0	37
 22526	30	30	56	4	6	79	0	37
 22572	30	30	56	4	6	79	0	37
 22617	30	30	56	4	6	80	0	37
 22662	30	30	56	4	6	81	0	37
 22708	30	29	56	4	6	82	0	37
 22753	30	30	56	4	6	83	0	37
 22798	30	30	56	4	6	83	0	37
 22844	30	30	56	4	6	84	0	37
 22889	30	30	56	4	6	85	0	37
 22934	30	30	56	4	6	86	0	37
 22979	30	30	56	4	6	86	0	37
 23025	30	30	56	4	6	87	0	37
 23070	30	30	56	4	6	88	0	37
 23115	30	30	56	4	6	89	0	37
 23161	30	30	56	4	6	89	0	37
 23206	30	30	56	4	6	90	0	37
 23252	30	30	56	4	6	91	0	37
 23297	30	30	56	4	6	92	0	37
 23342	30	30	56	4	6	92	0	37
 23388	30	30	56	4	6	93	0	37
 23433	30	30	56	12	6	94	0	37
 23478	30	30	56	12	6	95	0	37
 23524	30	30	56	12	6	95	0	37
 23569	30	30	56	12	6	96	0	37
 23614	30	30	56	12	6	97	0	37
 23660	30	30	56	12	6	98	0	37
 23705	30	30	56	12	6	98	0	37
 23750	30	30	56	12	6	99	0	37
 23796	30	30	56	12	6	100	0	37
 23841	30	30	57	12	6	101	0	37
 23886	29	30	56	12	6	101	0	37
 23932	30	30	56	12	6	102	0	37
 23977	30	30	56	12	6	103	0	37
 24022	30	30	56	12	6	104	0	37
 24068	30	30	56	12	6	104	0	37
 24113	30	29	56	12	6	105	0	37
 24159	30	30	56	12	6	106	0	37
 24204	30	29	56	12	6	107	0	37
 24249	30	29	56	12	6	107	0	37
 24295	30	29	56	12	6	108	0	37
 24340	30	30	56	12	6	109	0	37
 24385	30	29	56	12	6	110	0	37
 24431	30	30	55	12	6	110	0	37
 24476	30	30	56	12	6	111	0	37
 24521	30	30	56	12	6	112	0	37
 24567	30	30	55	12	6	113	0	37
 24612	30	30	56	12	6	113	0	37
 24657	30	30	55	12	6	114	0	37
 24703	30	30	56	12	6	115	0	37
 24748	30	30	55	12	6	116	0	37
 24793	30	29	55	12	6	117	0	37
 24839	30	30	56	12	6	117	0	37
 24884	30	29	56	12	6	118	0	37
 24929	30	29	55	12	6	119	0	37
 24975	30	30	55	12	6	120	0	37
 25020	30	30	56	12	6	120	0	37
 25065	30	29	56	12	6	121	0	37
 25111	30	30	56	12	6	122	0	37
 25156	30	30	56	12	6	123	0	37
 25202	30	30	56	12	6	123	0	37
 25247	30	30	56	4	7	64	0	37
 25292	30	30	56	4	7	65	0	37
 25338	30	30	56	4	7	66	0	37
 25383	30	30	56	4	7	66	0	37
 25428	30	30	56	4	7	67	0	37
 25474	30	30	56	4	7	68	0	37
 25519	30	30	56	4	7	69	0	37
 25564	30	30	56	4	7	69	0	37
 25610	30	30	56	4	7	70	0	37
 25655	30	30	56	4	7	71	0	37
 25700	30	30	56	4	7	72	0	37
 25746	30	30	56	4	7	72	0	37
 25791	30	30	56	4	7	73	0	37
 25837	30	30	56	4	7	74	0	37
 25882	30	30	56	4	7	75	0	37
 25927	30	30	56	4	7	75	0	37
 25972	30	30	56	4	7	76	0	37
 26018	30	30	56	4	7	77	0	37
 26063	30	29	56	4	7	78	0	37
 26109	30	29	56	4	7	78	0	37
 26154	30	30	56	4	7	79	0	37
 26199	30	30	56	4	7	80	0	37
 26245	30	30	56	4	7	81	0	37
 26290	30	30	56	4	7	81	0	37
 26335	30	30	56	4	7	82	0	37
 26381	30	30	56	4	7	83	0	37
 26426	30	30	56	4	7	84	0	37
 26471	30	30	56	4	7	84	0	37
 26517	30	30	56	4	7	85	0	37
 26562	30	30	56	4	7	86	0	37
 26607	30	30	56	4	7	87	0	37
 26653	30	30	56	4	7	87	0	37
 26698	30	30	56	4	7	88	0	37
 26743	30	29	56	4	7	89	0	37
 26789	30	30	56	4	7	90	0	37
 26834	30	29	56	4	7	91	0	37
 26879	30	29	56	4	7	91	0	37
 26925	30	30	56	4	7	92	0	37
 26970	30	30	56	4	7	93	0	37
 27016	30	30	56	12	7	94	0	37
 27061	30	29	56	12	7	94	0	37
 27106	30	30	56	12	7	95	0	37
 27152	30	30	56	12	7	96	0	37
 27197	30	30	56	12	7	97	0	37
 27242	30	30	56	12	7	97	0	37
 27288	30	30	57	12	7	98	0	37
 27333	30	30	56	12	7	99	0	37
 27378	30	30	56	12	7	100	0	37
 27424	30	30	56	12	7	100	0	37
 27469	30	30	57	12	7	101	0	37
 27514	30	30	56	12	7	102	0	37
 27560	30	30	56	12	7	103	0	37
 27605	30	30	56	12	7	103	0	37
 27650	30	30	57	12	7	104	0	37
 27696	30	29	56	12	7	105	0	37
 27741	30	29	56	12	7	106	0	37
 27786	30	29	57	12	7	106	0	37
 27832	30	29	56	12	7	107	0	37
 27877	30	30	57	12	7	108	0	37
 27923	30	30	56	12	7	109	0	37
 27968	30	30	57	12	7	109	0	37
 28013	30	30	57	12	7	110	0	37
 28059	30	30	57	12	7	111	0	37
 28104	30	30	57	12	7	112	0	37
 28149	30	30	57	12	7	112	0	37
 28195	30	30	57	12	7	113	0	37
 28240	30	30	57	12	7	114	0	37
 28285	30	30	57	12	7	115	0	37
 28331	30	30	56	12	7	115	0	37
 28376	30	30	56	12	7	116	0	37
 28421	30	30	56	12	7	117	0	37
 28467	30	30	56	12	7	118	0	37
 28512	30	30	57	12	7	118	0	37
 28557	30	30	56	12	7	119	0	37
 28603	30	30	57	12	7	120	0	37
 28648	30	30	57	12	7	121	0	37
 28694	30	30	57	12	7	121	0	37
 28739	30	30	57	12	7	122	0	37
 28784	30	30	56	12	7	123	0	37
 28830	30	30	57	4	8	64	0	37
 28875	30	30	57	4	8	65	0	37
 28920	30	30	57	4	8	65	0	37
 28966	30	30	57	4	8	66	0	37
 29011	30	30	57	4	8	67	0	37
 29056	30	30	57	4	8	68	0	37
 29102	30	30	56	4	8	68	0	37
 29147	30	30	57	4	8	69	0	37
 29192	30	30	56	4	8	70	0	37
 29238	30	30	57	4	8	71	0	37
 29283	30	30	57	4	8	71	0	37
 29328	30	30	56	4	8	72	0	37
 29374	30	30	57	4	8	73	0	37
 29419	30	30	57	4	8	74	0	37
 29464	30	30	57	4	8	74	0	37
 29510	30	30	57	4	8	75	0	37
 29555	30	30	57	4	8	76	0	37
 29601	30	30	57	4	8	77	0	37
 29646	30	30	57	4	8	77	0	37
 29691	30	30	57	4	8	78	0	37
 29737	30	30	57	4	8	79	0	37
 29782	30	30	57	4	8	80	0	37
 29827	30	29	57	4	8	80	0	37
 29873	30	30	57	4	8	81	0	37
 29918	30	30	57	4	8	82	0	37
 29963	30	30	57	4	8	83	0	37
 30009	30	30	58	4	8	83	0	37
 30054	30	30	57	4	8	84	0	37
 30099	30	30	57	4	8	85	0	37
 30145	30	30	57	4	8	86	0	37
 30190	30	30	57	4	8	86	0	37
 30235	30	30	57	4	8	87	0	37
 30281	30	30	57	4	8	88	0	37
 30326	30	30	57	4	8	89	0	37
 30372	30	30	57	4	8	89	0	37
 30417	30	30	57	4	8	90	0	37
 30462	30	30	57	4	8	91	0	37
 30508	30	30	57	4	8	92	0	37
 30553	30	30	57	4	8	92	0	37
 30598	30	30	57	4	8	93	0	37
 30644	30	30	57	12	8	94	0	37
 30689	30	30	57	12	8	95	0	37
 30734	30	30	57	12	8	96	0	37
 30780	30	30	57	12	8	96	0	37
 30825	30	30	57	12	8	97	0	37
 30870	30	30	57	12	8	98	0	37
 30916	30	30	57	12	8	99	0	37
 30961	30	30	57	12	8	99	0	37
 31006	30	30	57	12	8	100	0	37
 31052	30	30	57	12	8	101	0	37
 31097	30	30	58	12	8	102	0	37
 31142	30	30	57	12	8	102	0	37
 31188	30	30	58	12	8	103	0	37
 31234	30	30	58	12	8	104	0	37
 31279	29	30	58	12	8	105	0	37
 31324	30	30	58	12	8	105	0	37
 31369	30	30	58	12	8	106	0	37
 31415	30	30	58	12	8	107	0	37
 31460	30	30	58	12	8	108	0	37
 31505	30	30	57	12	8	108	0	37
 31551	30	30	58	12	8	109	0	37
 31596	30	30	58	12	8	110	0	37
 31641	30	30	58	12	8	111	0	37
 31687	30	30	58	12	8	111	0	37
 31732	30	30	59	12	8	112	0	37
 31777	30	30	57	12	8	113	0	37
 31823	30	30	58	12	8	114	0	37
 31868	30	30	58	12	8	114	0	37
 31914	30	30	58	12	8	115	0	37
 31959	30	30	58	12	8	116	0	37
 32004	30	30	58	12	8	117	0	37
 32050	30	30	58	12	8	117	0	37
 32095	30	30	58	12	8	118	0	37
 32140	30	30	58	12	8	119	0	37
 32186	30	30	58	12	8	120	0	37
 32231	30	30	58	12	8	120	0	37
 32276	30	30	59	12	8	121	0	37
 32322	30	30	58	12	8	122	0	37
 32367	30	30	59	12	8	123	0	37
 32412	30	30	58	12	8	123	0	37
 32458	30	30	58	4	9	64	0	37
 32503	30	30	58	4	9	65	0	37
 32548	30	30	58	4	9	66	0	37
 32594	30	29	59	4	9	66	0	37
 32639	30	30	59	4	9	67	0	37
 32684	30	30	58	4	9	68	0	37
 32730	30	30	58	4	9	69	0	37
 32775	30	30	59	4	9	70	0	37
 32821	30	30	59	4	9	70	0	37
 32866	30	30	59	4	9	71	0	37
 32911	30	30	59	4	9	72	0	37
 32957	30	30	59	4	9	73	0	37
 33002	30	30	59	4	9	73	0	37
 33047	30	30	59	4	9	74	0	37
 33093	30	30	59	4	9	75	0	37
 33138	30	30	59	4	9	76	0	37
 33183	30	30	59	4	9	76	0	37
 33229	30	30	59	4	9	77	0	37
 33274	30	30	59	4	9	78	0	37
 33319	30	30	59	4	9	79	0	37
 33365	30	30	59	4	9	79	0	37
 33410	30	29	59	4	9	80	0	37
 33455	30	30	59	4	9	81	0	37
 33505	30	30	59	4	9	82	0	37
 33546	30	30	59	4	9	82	0	37
 33591	30	30	59	4	9	83	0	37
 33637	30	30	59	4	9	84	0	37
 33682	30	30	59	4	9	85	0	37
 33728	30	30	59	4	9	85	0	37
 33773	30	30	59	4	9	86	0	37
 33818	30	30	59	4	9	87	0	37
 33865	30	30	59	4	9	88	0	37
 33909	30	30	59	4	9	88	0	37
 33954	30	30	59	4	9	89	0	37
 34000	30	30	59	4	9	90	0	37
 34045	30	30	59	4	9	91	0	37
 34090	30	30	59	4	9	91	0	37
 34136	30	30	59	4	9	92	0	37
 34181	30	30	59	4	9	93	0	38
 34226	30	30	59	12	9	94	0	37
 34272	30	30	59	12	9	94	0	38
 34317	30	30	59	12	9	95	0	37
 34362	30	30	59	12	9	96	0	38
 34408	30	30	59	12	9	97	0	37
 34453	30	30	59	12	9	97	0	37
 34499	30	30	59	12	9	98	0	38
 34545	30	30	59	12	9	99	0	37
 34589	30	30	59	12	9	100	0	38
 34635	30	30	59	12	9	100	0	38
 34680	30	30	59	12	9	101	0	38
 34725	30	30	59	12	9	102	0	38
 34771	30	30	59	12	9	103	0	38
 34816	30	30	59	12	9	104	0	38
 34861	30	30	59	12	9	104	0	38
 34907	30	30	59	12	9	105	0	38
 34952	30	30	59	12	9	106	0	38
 34997	30	30	60	12	9	107	0	38
 35043	30	30	59	12	9	107	0	38
 35088	30	30	59	12	9	108	0	38
 35133	30	30	60	12	9	109	0	38
 35179	30	30	60	12	9	110	0	38
 35224	30	30	60	12	9	110	0	38
 35269	30	30	60	12	9	111	0	38
 35315	30	30	60	12	9	112	0	38
 35360	30	30	61	12	9	113	0	38
 35406	30	30	61	12	9	113	0	38
 35451	30	30	61	12	9	114	0	38
 35496	30	30	61	12	9	115	0	38
 35542	30	30	61	12	9	116	0	38
 35587	30	30	61	12	9	116	0	38
 35632	30	30	61	12	9	117	0	38
 35678	30	30	61	12	9	118	0	38
 35723	30	30	61	12	9	119	0	38
 35768	30	30	61	12	9	119	0	38
 35814	30	30	62	12	9	120	0	38
 35859	30	30	61	12	9	121	0	38
 35904	30	30	61	12	9	122	0	38
 35950	30	30	61	12	9	122	0	38
 35995	30	30	61	12	9	123	0	38
 36040	30	30	61	4	10	64	0	38
 36086	30	30	61	4	10	65	0	38
 36131	30	30	61	4	10	65	0	38
 36177	30	30	61	4	10	66	0	38
 36222	30	30	62	4	10	67	0	38
 36267	30	30	62	4	10	68	0	38
 36313	30	30	61	4	10	68	0	38
 36358	30	30	62	4	10	69	0	38
 36404	30	30	61	4	10	70	0	38
 36449	30	30	62	4	10	71	0	38
 36494	30	30	62	4	10	71	0	38
 36539	30	30	61	4	10	72	0	38
 36585	30	30	61	4	10	73	0	38
 36630	30	29	61	4	10	74	0	38
 36675	30	30	61	4	10	74	0	38
 36721	30	30	61	4	10	75	0	38
 36766	30	30	61	4	10	76	0	38
 36811	30	30	61	4	10	77	0	38
 36857	30	30	62	4	10	78	0	38
 36902	30	30	62	4	10	78	0	38
 36947	30	30	61	4	10	79	0	38
 36993	30	30	62	4	10	80	0	38
 37038	30	30	62	4	10	81	0	38
 37084	30	30	62	4	10	81	0	38
 37129	30	30	62	4	10	82	0	38
 37174	30	30	62	4	10	83	0	38
 37220	30	30	62	4	10	84	0	38
 37265	30	30	62	4	10	84	0	38
 37310	30	30	62	4	10	85	0	38
 37356	30	30	62	4	10	86	0	38
 37401	30	30	61	4	10	87	0	38
 37446	30	30	62	4	10	87	0	38
 37492	30	30	62	4	10	88	0	38
 37537	30	30	62	4	10	89	0	38
 37582	30	30	61	4	10	90	0	38
 37628	30	30	62	4	10	90	0	38
 37673	30	30	62	4	10	91	0	38
 37718	30	30	62	4	10	92	0	38
 37764	30	30	62	4	10	93	0	38
 37809	30	30	62	4	10	93	0	38
 37854	30	30	62	12	10	94	0	38
 37900	30	30	62	12	10	95	0	38
 37946	30	30	62	12	10	96	0	38
 37991	30	30	62	12	10	97	0	38
 38036	30	30	62	12	10	97	0	38
 38081	30	30	62	12	10	98	0	38
 38128	30	30	62	12	10	99	0	38
 38172	30	30	63	12	10	100	0	38
 38217	30	30	63	12	10	100	0	38
 38263	30	30	62	12	10	101	0	38
 38308	30	30	62	12	10	102	0	38
 38353	30	30	62	12	10	103	0	38
 38399	30	30	62	12	10	103	0	38
 38444	30	30	62	12	10	104	0	38
 38489	30	30	62	12	10	105	0	38
 38535	30	30	63	12	10	106	0	38
 38580	30	30	63	12	10	106	0	38
 38625	30	30	63	12	10	107	0	38
 38671	30	30	63	12	10	108	0	38
 38716	30	30	63	12	10	109	0	38
 38761	30	30	63	12	10	109	0	38
 38807	30	30	63	12	10	110	0	38
 38852	30	30	63	12	10	111	0	38
 38898	30	30	64	12	10	112	0	38
 38943	30	30	64	12	10	112	0	38
 38988	30	30	64	12	10	113	0	38
 39034	30	30	64	12	10	114	0	38
 39079	30	30	64	12	10	115	0	38
 39124	30	30	63	12	10	115	0	38
 39170	30	30	64	12	10	116	0	37
 39215	30	30	63	12	10	117	0	37
 39260	30	30	63	12	10	118	0	37
 39306	30	30	64	12	10	118	0	37
 39351	30	30	63	12	10	119	0	37
 39396	30	30	63	12	10	120	0	37
 39442	30	30	63	12	10	121	0	37
 39487	30	30	63	12	10	121	0	37
 39532	30	30	63	12	10	122	0	37
 39578	30	30	63	12	10	123	0	37
 39623	30	30	63	36	11	64	0	37
 39668	30	30	64	36	11	65	0	37
 39714	30	30	63	36	11	65	0	37
 39760	30	30	64	36	11	66	0	37
 39805	30	30	63	36	11	67	0	37
 39850	30	30	64	36	11	68	0	37
 39895	30	30	63	36	11	68	0	37
 39941	30	30	63	36	11	69	0	37
 39986	30	30	63	36	11	70	0	37
 40031	30	30	64	36	11	71	0	37
 40077	30	30	63	36	11	71	0	37
 40122	30	30	63	36	11	72	0	37
 40167	30	30	63	36	11	73	0	36
 40213	30	30	63	36	11	74	0	36
 40258	30	30	63	36	11	74	0	37
 40303	30	30	63	36	11	75	0	37
 40349	30	30	63	36	11	76	0	37
 40394	30	30	63	36	11	77	0	37
 40439	30	30	63	36	11	77	0	37
 40485	30	30	64	36	11	78	0	37
 40530	30	30	64	36	11	79	0	37
 40575	30	30	64	36	11	80	0	37
 40621	30	30	64	36	11	80	0	37
 40666	30	30	64	36	11	81	0	37
 40712	30	30	64	36	11	82	0	37
 40757	30	30	64	36	11	83	0	37
 40802	30	30	64	36	11	83	0	38
 40848	30	30	64	36	11	84	0	38
 40893	30	30	64	36	11	85	0	38
 40938	30	30	64	36	11	86	0	38
 40984	30	30	64	36	11	86	0	38
 41029	30	30	65	36	11	87	0	38
 41075	30	30	64	36	11	88	0	38
 41120	30	30	64	36	11	89	0	38
 41165	30	30	64	36	11	89	0	38
 41210	30	30	64	36	11	90	0	38
 41256	30	30	65	36	11	91	0	38
 41301	30	30	64	36	11	92	0	38
 41346	30	30	64	36	11	92	0	38
 41392	30	30	65	36	11	93	0	38
 41437	30	30	65	44	11	94	0	38
 41482	30	30	65	44	11	95	0	38
 41528	30	30	65	44	11	96	0	38
 41573	30	30	64	44	11	96	0	38
 41619	30	30	64	44	11	97	0	38
 41664	30	30	64	44	11	98	0	38
 41709	30	30	64	44	11	99	0	38
 41755	30	30	64	44	11	99	0	38
 41800	30	30	64	44	11	100	0	38
 41847	30	30	64	44	11	101	0	38
 41891	30	30	64	44	11	102	0	38
 41936	30	30	64	44	11	102	0	38
 41981	30	30	64	44	11	103	0	38
 42027	30	30	64	44	11	104	0	38
 42072	30	30	64	44	11	105	0	38
 42117	30	30	64	44	11	105	0	38
 42163	30	30	64	44	11	106	0	38
 42208	30	30	65	44	11	107	0	38
 42253	30	30	65	44	11	108	0	38
 42299	30	30	65	44	11	108	0	38
 42344	30	30	65	44	11	109	0	38
 42390	30	30	65	44	11	110	0	38
 42435	30	30	65	44	11	111	0	38
 42480	30	30	65	44	11	111	0	38
 42526	30	30	65	44	11	112	0	38
 42571	30	30	65	44	11	113	0	38
 42616	31	30	65	44	11	114	0	38
 42662	30	30	65	44	11	114	0	38
 42707	30	30	65	44	11	115	0	38
 42752	30	30	65	44	11	116	0	38
 42798	30	30	66	44	11	117	0	38
 42843	31	30	66	44	11	117	0	38
 42888	30	30	66	44	11	118	0	38
 42934	30	30	66	44	11	119	0	38
 42979	30	30	66	44	11	120	0	38
 43024	30	30	66	44	11	120	0	38
 43070	30	30	66	44	11	121	0	38
 43115	30	30	66	44	11	122	0	38
 43160	30	30	67	44	11	123	0	38
 43206	30	30	66	44	11	123	0	38
 43251	30	30	66	36	12	64	0	38
 43296	30	30	66	36	12	65	0	38
 43342	30	30	66	36	12	66	0	38
 43388	30	30	66	36	12	66	0	38
 43432	30	30	67	36	12	67	0	38
 43478	30	30	67	36	12	68	0	38
 43524	30	30	66	36	12	69	0	38
 43569	30	30	67	36	12	70	0	38
 43614	30	30	67	36	12	70	0	38
 43659	30	30	67	36	12	71	0	38
 43705	30	30	66	36	12	72	0	38
 43750	30	30	66	36	12	73	0	38
 43795	30	30	67	36	12	73	0	38
 43841	30	30	66	36	12	74	0	38
 43886	30	30	67	36	12	75	0	38
 43931	30	30	66	36	12	76	0	38
 43977	30	30	67	36	12	76	0	38
 44022	30	30	66	36	12	77	0	38
 44067	30	30	67	36	12	78	0	38
 44113	31	30	66	36	12	79	0	38
 44158	30	30	66	36	12	79	0	38
 44203	30	30	66	36	12	80	0	38
 44249	30	30	67	36	12	81	0	38
 44294	30	30	67	36	12	82	0	38
 44339	30	30	67	36	12	82	0	38
 44385	30	30	67	36	12	83	0	38
 44430	30	30	67	36	12	84	0	38
 44476	30	30	67	36	12	85	0	38
 44521	30	30	67	36	12	85	0	38
 44566	30	30	67	36	12	86	0	38
 44612	30	30	67	36	12	87	0	38
 44657	31	30	67	36	12	88	0	38
 44702	30	30	67	36	12	88	0	38
 44748	31	30	68	36	12	89	0	38
 44793	31	30	68	36	12	90	0	38
 44838	31	30	68	36	12	91	0	38
 44884	30	30	68	36	12	91	0	38
 44929	31	30	68	36	12	92	0	39
 44974	30	30	68	36	12	93	0	39
 45020	30	30	68	44	12	94	0	39
 45065	30	30	68	44	12	94	0	39
 45110	30	30	68	44	12	95	0	39
 45156	30	30	68	44	12	96	0	39
 45201	30	30	68	44	12	97	0	39
 45246	30	30	68	44	12	97	0	39
 45292	30	30	68	44	12	98	0	39
 45337	31	30	68	44	12	99	0	39
 45383	30	30	68	44	12	100	0	39
 45428	30	30	68	44	12	100	0	39
 45473	30	30	68	44	12	101	0	39
 45519	30	30	68	44	12	102	0	39
 45564	31	30	68	44	12	103	0	39
 45609	31	30	68	44	12	104	0	39
 45655	30	30	68	44	12	104	0	39
 45700	30	30	68	44	12	105	0	39
 45745	31	30	68	44	12	106	0	39
 45791	30	30	68	44	12	107	0	39
 45836	31	30	68	44	12	107	0	39
 45881	30	30	68	44	12	108	0	39
 45927	31	30	68	44	12	109	0	39
 45973	31	30	68	44	12	110	0	39
 46017	31	30	68	44	12	110	0	39
 46063	30	30	68	44	12	111	0	39
 46108	30	30	68	44	12	112	0	39
 46154	31	30	68	44	12	113	0	39
 46199	31	30	68	44	12	113	0	39
 46244	30	30	68	44	12	114	0	39
 46290	30	30	68	44	12	115	0	39
 46335	31	30	68	44	12	116	0	39
 46380	30	30	69	44	12	116	0	39
 46426	31	30	68	44	12	117	0	39
 46471	31	30	68	44	12	118	0	39
 46516	30	30	68	44	12	119	0	39
 46562	31	30	68	44	12	119	0	39
 46607	31	30	68	44	12	120	0	39
 46652	30	30	68	44	12	121	0	39
 46698	31	30	68	44	12	122	0	39
 46743	31	30	69	44	12	122	0	39
 46788	30	30	68	44	12	123	0	39
 46834	31	30	68	36	13	64	0	39
 46879	31	30	68	36	13	65	0	39
 46924	31	30	68	36	13	65	0	39
 46970	30	30	69	36	13	66	0	39
 47015	30	30	69	36	13	67	0	39
 47060	31	30	69	36	13	68	0	39
 47106	31	30	69	36	13	68	0	39
 47151	31	30	70	36	13	69	0	39
 47197	31	30	69	36	13	70	0	39
 47242	31	30	69	36	13	71	0	39
 47287	31	30	70	36	13	71	0	39
 47333	31	30	69	36	13	72	0	39
 47378	30	30	69	36	13	73	0	39
 47424	31	30	69	36	13	74	0	39
 47469	31	30	69	36	13	74	0	39
 47514	31	30	69	36	13	75	0	39
 47559	31	30	69	36	13	76	0	39
 47605	30	30	69	36	13	77	0	39
 47650	30	30	69	36	13	78	0	39
 47695	31	30	69	36	13	78	0	39
 47741	31	30	69	36	13	79	0	39
 47786	31	30	69	36	13	80	0	39
 47831	31	30	69	36	13	81	0	39
 47877	31	30	68	36	13	81	0	39
 47922	31	30	68	36	13	82	0	39
 47968	31	30	69	36	13	83	0	39
 48013	31	30	69	36	13	84	0	39
 48058	31	30	69	36	13	84	0	39
 48104	31	30	69	36	13	85	0	39
 48149	31	31	69	36	13	86	0	39
 48194	31	30	69	36	13	87	0	39
 48240	31	31	69	36	13	87	0	39
 48285	31	30	69	36	13	88	0	39
 48330	30	30	69	36	13	89	0	39
 48376	31	30	69	36	13	90	0	39
 48421	30	30	69	36	13	90	0	39
 48466	31	30	69	36	13	91	0	39
 48512	31	30	69	36	13	92	0	39
 48557	31	30	70	36	13	93	0	39
 48602	31	30	70	36	13	93	0	39
 48648	31	30	70	44	13	94	0	39
 48693	31	30	70	44	13	95	0	39
 48738	31	30	70	44	13	96	0	39
 48784	31	30	70	44	13	96	0	39
 48829	31	30	70	44	13	97	0	39
 48876	31	30	70	44	13	98	0	39
 48920	31	30	70	44	13	99	0	39
 48965	31	31	70	44	13	99	0	39
 49011	31	30	71	44	13	100	0	39
 49056	31	30	71	44	13	101	0	39
 49101	31	30	72	44	13	102	0	39
 49147	31	30	71	44	13	102	0	39
 49192	30	30	71	44	13	103	0	39
 49237	31	30	71	44	13	104	0	39
 49283	31	31	71	44	13	105	0	39
 49328	31	30	71	44	13	105	0	39
 49373	31	30	71	44	13	106	0	39
 49419	30	30	71	44	13	107	0	39
 49464	31	30	71	44	13	108	0	39
 49509	31	30	71	44	13	108	0	39
 49555	31	30	71	44	13	109	0	39
 49600	31	30	71	44	13	110	0	39
 49645	31	30	71	44	13	111	0	39
 49691	31	30	71	44	13	112	0	39
 49736	31	30	71	44	13	112	0	39
 49782	31	30	71	44	13	113	0	39
 49827	31	30	71	44	13	114	0	39
 49872	31	30	71	44	13	115	0	39
 49918	31	30	71	44	13	115	0	39
 49963	31	30	73	44	13	116	0	40
 50008	31	30	71	44	13	117	0	39
 50054	31	30	71	44	13	118	0	40
 50099	31	31	71	44	13	118	0	40
 50144	31	31	71	44	13	119	0	40
 50190	31	30	71	44	13	120	0	40
 50235	31	31	71	44	13	121	0	39
 50280	31	30	71	44	13	121	0	40
 50326	31	30	71	44	13	122	0	40
 50371	31	30	72	44	13	123	0	40
 50416	31	30	72	36	14	64	0	40
 50462	31	30	72	36	14	64	0	40
 50507	31	30	72	36	14	65	0	40
 50552	31	31	72	36	14	66	0	40
 50598	31	30	72	36	14	67	0	40
 50643	31	31	72	36	14	67	0	40
 50688	31	30	72	36	14	68	0	40
 50734	31	30	72	36	14	69	0	40
 50779	31	31	72	36	14	70	0	40
 50825	30	30	72	36	14	70	0	40
 50870	31	30	72	36	14	71	0	39
 50915	31	30	72	36	14	72	0	40
 50961	31	30	72	36	14	73	0	40
 51006	31	30	72	36	14	73	0	40
 51051	31	30	72	36	14	74	0	40
 51097	31	30	71	36	14	75	0	40
 51142	31	30	71	36	14	76	0	40
 51187	30	30	71	36	14	76	0	40
 51233	31	30	71	36	14	77	0	40
 51278	31	30	71	36	14	78	0	40
 51323	31	30	72	36	14	79	0	40
 51369	31	30	72	36	14	79	0	40
 51414	31	30	72	36	14	80	0	40
 51459	31	30	72	36	14	81	0	40
 51505	31	30	71	36	14	82	0	40
 51550	31	30	72	36	14	83	0	40
 51595	31	30	72	36	14	83	0	40
 51641	31	31	71	36	14	84	0	40
 51686	31	30	71	36	14	85	0	40
 51732	31	30	71	36	14	86	0	40
 51777	31	30	71	36	14	86	0	40
 51822	31	31	71	36	14	87	0	40
 51868	31	31	71	36	14	88	0	40
 51913	31	30	71	36	14	89	0	40
 51959	31	30	71	36	14	89	0	40
 52004	31	30	71	36	14	90	0	40
 52049	31	30	71	36	14	91	0	40
 52094	31	31	71	36	14	92	0	40
 52140	31	30	71	36	14	92	0	40
 52185	31	31	71	36	14	93	0	40
 52230	31	30	71	44	14	94	0	40
 52276	31	30	71	44	14	95	0	40
 52321	31	30	71	44	14	95	0	40
 52366	31	31	71	44	14	96	0	40
 52412	31	31	71	44	14	97	0	40
 52457	31	30	71	44	14	98	0	40
 52502	31	30	71	44	14	98	0	40
 52548	31	30	71	44	14	99	0	40
 52593	31	30	71	44	14	100	0	40
 52639	31	30	71	44	14	101	0	40
 52684	31	30	71	44	14	101	0	40
 52729	31	30	71	44	14	102	0	40
 52775	31	30	71	44	14	103	0	40
 52820	31	30	71	44	14	104	0	40
 52865	31	30	71	44	14	104	0	40
 52911	31	30	72	44	14	105	0	40
 52956	31	30	72	44	14	106	0	40
 53001	31	30	71	44	14	107	0	40
 53047	31	30	71	44	14	107	0	40
 53092	31	31	71	44	14	108	0	40
 53137	31	30	71	44	14	109	0	40
 53183	31	30	71	44	14	110	0	40
 53228	31	30	71	44	14	110	0	40
 53275	31	30	71	44	14	111	0	40
 53319	31	31	71	44	14	112	0	40
 53364	31	30	71	44	14	113	0	40
 53409	31	31	71	44	14	113	0	40
 53455	31	30	71	44	14	114	0	40
 53500	31	30	71	44	14	115	0	40
 53546	31	30	71	44	14	116	0	40
 53591	31	31	71	44	14	117	0	40
 53636	31	30	71	44	14	117	0	40
 53682	31	31	71	44	14	118	0	40
 53727	31	31	71	44	14	119	0	40
 53772	31	30	71	44	14	120	0	40
 53818	31	30	71	44	14	120	0	40
 53863	31	30	70	44	14	121	0	40
 53908	31	31	70	44	14	122	0	40
 53954	31	30	71	44	14	123	0	40
 53999	31	31	70	44	14	123	0	40
 54044	31	30	70	36	15	64	0	40
 54090	31	30	70	36	15	65	0	40
 54135	31	31	71	36	15	66	0	40
 54180	31	30	70	36	15	66	0	40
 54226	31	31	70	36	15	67	0	40
 54271	31	30	70	36	15	68	0	40
 54316	31	30	70	36	15	69	0	40
 54362	31	31	69	36	15	69	0	40
 54407	31	30	70	36	15	70	0	40
 54453	31	30	70	36	15	71	0	40
 54498	31	30	70	36	15	72	0	40
 54543	31	30	70	36	15	72	0	40
 54589	31	30	70	36	15	73	0	40
 54634	31	30	70	36	15	74	0	40
 54679	31	30	70	36	15	75	0	40
 54725	31	30	70	36	15	75	0	40
 54770	31	31	70	36	15	76	0	40
 54815	31	31	70	36	15	77	0	40
 54861	31	30	70	36	15	78	0	40
 54906	31	31	70	36	15	78	0	40
 54951	31	30	70	36	15	79	0	41
 54997	31	30	70	36	15	80	0	41
 55042	31	30	70	36	15	81	0	40
 55087	31	30	71	36	15	81	0	41
 55133	31	30	70	36	15	82	0	41
 55178	31	30	70	36	15	83	0	41
 55224	31	31	70	36	15	84	0	41
 55269	31	30	70	36	15	84	0	41
 55314	31	30	70	36	15	85	0	41
 55360	31	31	70	36	15	86	0	40
 55405	31	31	70	36	15	87	0	41
 55450	31	30	70	36	15	87	0	40
 55496	31	31	70	36	15	88	0	40
 55541	31	31	70	36	15	89	0	41
 55586	31	30	70	36	15	90	0	41
 55632	31	30	70	36	15	91	0	41
 55677	31	30	70	36	15	91	0	40
 55722	31	31	70	36	15	92	0	40
 55768	31	30	71	36	15	93	0	41
 55813	30	31	70	44	15	94	0	41
 55858	31	30	70	44	15	94	0	41
 55904	31	31	70	44	15	95	0	41
 55949	31	30	70	44	15	96	0	41
 55994	31	30	70	44	15	97	0	41
 56040	31	30	70	44	15	97	0	41
 56085	31	31	70	44	15	98	0	41
 56130	31	30	70	44	15	99	0	41
 56176	31	30	70	44	15	100	0	41
 56221	31	31	70	44	15	100	0	41
 56267	31	30	70	44	15	101	0	41
 56312	31	31	70	44	15	102	0	41
 56357	31	30	70	44	15	103	0	41
 56403	31	30	70	44	15	103	0	41
 56448	31	30	70	44	15	104	0	41
 56493	31	31	70	44	15	105	0	41
 56539	31	31	70	44	15	106	0	41
 56584	31	30	70	44	15	106	0	41
 56629	31	30	70	44	15	107	0	41
 56675	31	30	71	44	15	108	0	41
 56720	31	30	70	44	15	109	0	41
 56765	31	31	70	44	15	109	0	41
 56811	31	30	70	44	15	110	0	41
 56856	31	30	71	44	15	111	0	41
 56901	31	30	71	44	15	112	0	41
 56947	31	30	70	44	15	112	0	41
 56992	31	30	70	44	15	113	0	41
 57038	31	30	70	44	15	114	0	41
 57083	31	31	70	44	15	115	0	41
 57128	31	31	70	44	15	115	0	41
 57174	31	30	70	44	15	116	0	41
 57219	31	30	70	44	15	117	0	40
 57264	31	31	70	44	15	118	0	41
 57310	31	30	70	44	15	118	0	41
 57355	31	31	70	44	15	119	0	41
 57400	31	30	70	44	15	120	0	41
 57446	31	31	70	44	15	121	0	41
 57491	31	31	70	44	15	121	0	41
 57536	31	31	70	44	15	122	0	41
 57582	31	30	69	44	15	123	0	41
 57627	31	31	69	36	16	64	0	41
 57672	31	31	69	36	16	65	0	41
 57718	31	31	70	36	16	65	0	41
 57763	31	30	69	36	16	66	0	41
 57808	31	31	69	36	16	67	0	41
 57854	31	31	69	36	16	68	0	41
 57899	31	30	69	36	16	68	0	41
 57945	31	31	69	36	16	69	0	41
 57990	31	31	69	36	16	70	0	41
 58035	31	31	70	36	16	71	0	41
 58081	31	31	69	36	16	71	0	41
 58126	31	30	69	36	16	72	0	41
 58171	31	31	70	36	16	73	0	41
 58217	31	31	69	36	16	74	0	41
 58262	31	30	70	36	16	74	0	41
 58307	31	30	70	36	16	75	0	41
 58353	31	30	70	36	16	76	0	41
 58398	31	31	69	36	16	77	0	41
 58443	31	31	69	36	16	77	0	41
 58489	31	31	69	36	16	78	0	41
 58534	31	30	69	36	16	79	0	41
 58579	31	31	69	36	16	80	0	41
 58625	31	30	69	36	16	80	0	41
 58670	31	30	69	36	16	81	0	41
 58716	31	30	69	36	16	82	0	41
 58761	31	30	69	36	16	83	0	41
 58806	31	31	69	36	16	83	0	41
 58852	31	30	69	36	16	84	0	41
 58897	31	31	69	36	16	85	0	41
 58942	31	30	69	36	16	86	0	41
 58988	31	30	69	36	16	86	0	41
 59033	31	30	69	36	16	87	0	41
 59078	31	31	69	36	16	88	0	41
 59124	31	31	69	36	16	89	0	41
 59169	31	31	70	36	16	89	0	41
 59214	31	31	69	36	16	90	0	41
 59260	31	30	69	36	16	91	0	41
 59305	31	30	69	36	16	92	0	41
 59350	31	31	70	36	16	92	0	41
 59396	31	31	70	36	16	93	0	41
 59441	31	30	70	44	16	94	0	41
 59487	31	31	69	44	16	95	0	41
 59532	31	31	70	44	16	96	0	41
 59577	31	30	70	44	16	96	0	41
 59623	31	30	70	44	16	97	0	41
 59668	31	31	70	44	16	98	0	41
 59713	31	30	70	44	16	99	0	41
 59759	31	30	69	44	16	99	0	41
 59805	31	30	70	44	16	100	0	41
 59849	31	30	70	44	16	101	0	41
 59895	31	30	70	44	16	102	0	41
 59940	31	30	70	44	16	102	0	41
 59985	31	31	70	44	16	103	0	41
 60031	31	30	70	44	16	104	0	41
 60076	31	31	70	44	16	105	0	41
 60121	31	30	69	44	16	105	0	41
 60167	31	30	69	44	16	106	0	41
 60212	31	31	69	44	16	107	0	41
 60257	31	31	69	44	16	108	0	41
 60303	31	31	69	44	16	108	0	41
 60348	31	31	69	44	16	109	0	41
 60394	30	31	70	44	16	110	0	41
 60439	31	31	69	44	16	111	0	41
 60484	31	31	69	44	16	111	0	41
 60530	31	31	69	44	16	112	0	41
 60575	31	31	69	44	16	113	0	41
 60620	31	30	70	44	16	114	0	41
 60666	31	30	70	44	16	114	0	41
 60712	31	30	70	44	16	115	0	41
 60756	31	31	70	44	16	116	0	41
 60802	31	30	71	44	16	117	0	41
 60847	31	31	70	44	16	117	0	41
 60892	31	30	70	44	16	118	0	41
 60938	31	31	70	44	16	119	0	41
 60983	31	30	70	44	16	120	0	41
 61028	31	30	70	44	16	120	0	41
 61074	31	31	70	44	16	121	0	41
 61119	31	31	69	44	16	122	0	41
 61165	31	31	69	44	16	123	0	41
 61210	31	31	69	44	16	123	0	41
 61255	31	30	69	36	17	64	0	41
 61301	31	31	69	36	17	65	0	41
 61346	31	31	69	36	17	66	0	41
 61391	31	30	69	36	17	66	0	41
 61437	31	31	69	36	17	67	0	41
 61482	31	30	69	36	17	68	0	41
 61527	31	31	69	36	17	69	0	41
 61573	31	31	69	36	17	70	0	41
 61618	31	31	69	36	17	70	0	41
 61663	31	30	69	36	17	71	0	41
 61709	31	31	69	36	17	72	0	41
 61754	31	31	69	36	17	73	0	41
 61799	31	31	69	36	17	73	0	41
 61845	31	30	69	36	17	74	0	41
 61890	31	31	69	36	17	75	0	41
 61935	31	30	69	36	17	76	0	41
 61981	31	30	69	36	17	76	0	41
 62026	31	30	69	36	17	77	0	41
 62072	31	31	69	36	17	78	0	41
 62117	31	31	69	36	17	79	0	41
 62162	31	30	69	36	17	79	0	41
 62208	31	31	69	36	17	80	0	41
 62253	31	31	69	36	17	81	0	41
 62298	31	31	69	36	17	82	0	41
 62344	31	31	69	36	17	82	0	41
 62389	31	30	69	36	17	83	0	41
 62434	31	30	69	36	17	84	0	41
 62480	31	31	70	36	17	85	0	41
 62525	31	31	69	36	17	85	0	41
 62570	31	31	69	36	17	86	0	41
 62616	31	31	69	36	17	87	0	41
 62661	31	30	69	36	17	88	0	41
 62706	31	31	69	36	17	88	0	41
 62752	31	31	69	36	17	89	0	41
 62797	31	30	69	36	17	90	0	41
 62843	31	31	69	36	17	91	0	41
 62889	31	31	69	36	17	91	0	41
 62933	31	31	69	36	17	92	0	41
 62979	31	31	69	36	17	93	0	41
 63024	31	30	69	44	17	94	0	41
 63069	31	30	69	44	17	94	0	41
 63115	31	30	69	44	17	95	0	41
 63160	31	31	69	44	17	96	0	41
 63205	31	30	69	44	17	97	0	41
 63251	31	31	69	44	17	97	0	41
 63296	31	31	69	44	17	98	0	41
 63341	31	30	69	44	17	99	0	41
 63387	31	30	69	44	17	100	0	41
 63432	31	30	69	44	17	100	0	41
 63477	31	31	69	44	17	101	0	41
 63523	31	31	69	44	17	102	0	41
 63568	30	31	69	44	17	103	0	41
 63614	31	31	69	44	17	104	0	41
 63659	31	31	69	44	17	104	0	41
 63704	31	31	69	44	17	105	0	41
 63750	31	31	69	44	17	106	0	41
 63795	31	31	69	44	17	107	0	41
 63840	31	31	69	44	17	107	0	41
 63886	31	31	69	44	17	108	0	41
 63931	31	31	69	44	17	109	0	41
 63977	31	31	69	44	17	110	0	41
 64022	31	31	69	44	17	110	0	41
 64067	31	31	69	44	17	111	0	41
 64112	31	31	69	44	17	112	0	41
 64158	31	31	69	44	17	113	0	41
 64203	31	30	69	44	17	113	0	41
 64248	31	31	69	44	17	114	0	41
 64294	31	31	69	44	17	115	0	41
 64339	31	31	69	44	17	116	0	41
 64384	31	30	69	44	17	116	0	41
 64430	31	31	69	44	17	117	0	41
 64475	31	31	69	44	17	118	0	41
 64521	31	31	69	44	17	119	0	41
 64566	31	30	69	44	17	119	0	41
 64611	31	31	69	44	17	120	0	41
 64657	31	30	69	44	17	121	0	41
 64702	31	31	69	44	17	122	0	41
 64747	31	30	69	44	17	122	0	41
 64793	31	30	69	44	17	123	0	41
 64838	31	31	69	36	18	64	0	41
 64883	31	31	69	36	18	65	0	41
 64929	31	31	69	36	18	65	0	41
 64974	31	31	69	36	18	66	0	41
 65019	31	31	69	36	18	67	0	41
 65065	31	31	69	36	18	68	0	41
 65110	31	31	69	36	18	68	0	41
 65155	31	31	69	36	18	69	0	41
 65201	31	31	69	36	18	70	0	41
 65246	31	31	69	36	18	71	0	41
 65292	31	30	69	36	18	71	0	41
 65337	31	31	69	36	18	72	0	41
 65382	31	31	69	36	18	73	0	41
 65428	31	30	69	36	18	74	0	41
 65473	31	31	69	36	18	74	0	41
 65518	31	30	69	36	18	75	0	41
 65564	31	30	69	36	18	76	0	41
 65609	31	30	69	36	18	77	0	41
 65654	31	31	69	36	18	78	0	41
 65700	31	31	69	36	18	78	0	41
 65745	31	31	69	36	18	79	0	41
 65790	31	31	69	36	18	80	0	41
 65836	31	31	69	36	18	81	0	41
 65881	31	31	69	36	18	81	0	41
 65926	31	30	69	36	18	82	0	41
 65972	31	30	69	36	18	83	0	41
 66017	31	31	69	36	18	84	0	41
 66064	31	31	69	36	18	84	0	41
 66108	31	31	69	36	18	85	0	41
 66153	31	31	69	36	18	86	0	41
 66251	31	30	69	36	18	87	0	41
 66325	31	31	69	36	18	89	0	41
 66371	31	31	69	36	18	89	0	41
 66416	31	31	69	36	18	90	0	41
 66461	31	31	69	36	18	91	0	41
 66507	31	31	69	36	18	92	0	41
 66552	31	31	69	36	18	92	0	41
 66597	31	31	69	36	18	93	0	41
 66643	31	31	69	44	18	94	0	41
 66688	31	31	69	44	18	95	0	41
 66733	31	31	69	44	18	96	0	41
 66779	31	31	69	44	18	96	0	41
 66825	31	31	69	44	18	97	0	41
 66870	31	31	69	44	18	98	0	41
 66915	31	30	69	44	18	99	0	41
 66960	31	31	69	44	18	99	0	41
 67006	31	31	69	44	18	100	0	41
 67051	31	30	69	44	18	101	0	41
 67096	31	31	69	44	18	102	0	41
 67142	31	31	69	44	18	102	0	41
 67187	31	30	69	44	18	103	0	41
 67232	31	31	69	44	18	104	0	41
 67278	31	30	69	44	18	105	0	41
 67323	31	31	69	44	18	105	0	41
 67368	31	30	69	44	18	106	0	41
 67414	31	31	69	44	18	107	0	41
 67459	31	31	69	44	18	108	0	41
 67504	31	31	69	44	18	108	0	41
 67550	31	31	69	44	18	109	0	41
 67595	31	31	69	44	18	110	0	41
 67641	31	31	69	44	18	111	0	41
 67686	31	31	69	44	18	111	0	41
 67731	31	30	69	44	18	112	0	40
 67777	31	31	69	44	18	113	0	40
 67822	31	31	69	44	18	114	0	40
 67867	31	31	69	44	18	114	0	40
 67913	31	31	69	44	18	115	0	40
 67958	31	31	69	44	18	116	0	40
 68003	31	31	68	44	18	117	0	40
 68049	31	31	69	44	18	117	0	40
 68094	31	31	69	44	18	118	0	40
 68139	31	31	69	44	18	119	0	40
 68185	31	31	68	44	18	120	0	40
 68230	31	30	69	44	18	120	0	40
 68275	31	31	68	44	18	121	0	40
 68321	31	31	68	44	18	122	0	40
 68366	31	31	68	44	18	123	0	40
 68412	31	31	68	44	18	123	0	40
 68457	31	31	68	36	19	64	0	40
 68502	31	31	69	36	19	65	0	40
 68548	31	31	68	36	19	66	0	40
 68593	31	31	68	36	19	66	0	40
 68638	30	31	68	36	19	67	0	40
 68684	31	31	69	36	19	68	0	40
 68729	31	31	68	36	19	69	0	40
 68774	31	31	68	36	19	70	0	40
 68820	31	31	68	36	19	70	0	40
 68865	31	31	68	36	19	71	0	40
 68910	31	31	68	36	19	72	0	40
 68956	31	31	68	36	19	73	0	40
 69001	31	31	68	36	19	73	0	40
 69046	31	31	68	36	19	74	0	40
 69092	31	31	68	36	19	75	0	40
 69137	31	31	68	36	19	76	0	40
 69183	31	30	68	36	19	76	0	40
 69228	31	31	68	36	19	77	0	40
 69273	31	31	68	36	19	78	0	40
 69319	31	31	68	36	19	79	0	40
 69364	31	31	68	36	19	79	0	40
 69409	31	31	68	36	19	80	0	40
 69455	31	31	68	36	19	81	0	40
 69500	31	31	68	36	19	82	0	40
 69545	31	31	68	36	19	82	0	40
 69591	31	31	68	36	19	83	0	40
 69636	31	31	68	36	19	84	0	40
 69681	31	31	68	36	19	85	0	40
 69727	31	31	68	36	19	85	0	40
 69772	31	31	68	36	19	86	0	40
 69817	31	31	68	36	19	87	0	40
 69863	31	31	68	36	19	88	0	40
 69908	31	31	68	36	19	88	0	40
 69953	31	31	68	36	19	89	0	40
 69999	31	31	68	36	19	90	0	40
 70044	31	31	68	36	19	91	0	40
 70090	31	30	68	36	19	91	0	40
 70135	31	31	68	36	19	92	0	40
 70180	31	31	68	36	19	93	0	40
 70226	31	31	68	44	19	94	0	40
 70271	31	31	68	44	19	94	0	40
 70316	31	30	68	44	19	95	0	40
 70362	31	31	68	44	19	96	0	40
 70407	31	30	68	44	19	97	0	40
 70453	31	30	68	44	19	97	0	40
 70498	31	31	68	44	19	98	0	40
 70543	31	31	68	44	19	99	0	40
 70588	31	31	68	44	19	100	0	40
 70634	31	31	68	44	19	100	0	40
 70679	31	31	68	44	19	101	0	40
 70724	31	31	67	44	19	102	0	40
 70770	31	31	68	44	19	103	0	40
 70815	31	31	68	44	19	104	0	40
 70861	31	31	68	44	19	104	0	40
 70906	31	31	68	44	19	105	0	40
 70951	31	31	68	44	19	106	0	40
 70997	31	31	68	44	19	107	0	40
 71042	31	31	68	44	19	107	0	40
 71089	31	31	68	44	19	108	0	40
 71133	31	31	68	44	19	109	0	40
 71178	31	31	68	44	19	110	0	40
 71223	31	31	68	44	19	110	0	40
 71269	31	31	68	44	19	111	0	40
 71314	31	31	68	44	19	112	0	40
 71359	31	31	67	44	19	113	0	40
 71405	31	31	68	44	19	113	0	40
 71450	31	31	68	44	19	114	0	40
 71495	31	31	68	44	19	115	0	40
 71541	31	31	67	44	19	116	0	40
 71586	31	31	67	44	19	116	0	40
 71632	31	31	67	44	19	117	0	40
 71677	31	31	67	44	19	118	0	40
 71722	31	31	67	44	19	119	0	40
 71768	31	31	67	44	19	119	0	40
 71813	31	31	67	44	19	120	0	40
 71858	31	31	67	44	19	121	0	39
 71904	31	31	67	44	19	122	0	39
 71949	31	31	67	44	19	122	0	39
 71994	31	31	67	44	19	123	0	39
 72040	31	31	67	36	20	64	0	39
 72085	31	31	67	36	20	65	0	39
 72130	31	31	67	36	20	65	0	39
 72176	31	31	67	36	20	66	0	39
 72221	31	31	67	36	20	67	0	39
 72266	31	31	67	36	20	68	0	39
 72312	31	31	67	36	20	68	0	39
 72357	31	31	67	36	20	69	0	39
 72406	31	31	67	36	20	70	0	39
 72448	31	31	67	36	20	71	0	39
 72493	31	31	67	36	20	71	0	39
 72539	31	31	67	36	20	72	0	39
 72584	31	31	67	36	20	73	0	39
 72629	31	31	67	36	20	74	0	39
 72675	31	31	67	36	20	74	0	39
 72720	31	31	67	36	20	75	0	39
 72765	31	31	67	36	20	76	0	39
 72811	31	31	67	36	20	77	0	39
 72856	31	31	67	36	20	78	0	39
 72901	31	31	67	36	20	78	0	40
 72947	31	31	67	36	20	79	0	40
 72992	31	31	67	36	20	80	0	40
 73037	31	31	67	36	20	81	0	40
 73083	31	31	67	36	20	81	0	40
 73128	31	31	67	36	20	82	0	40
 73173	31	31	67	36	20	83	0	40
 73219	31	31	67	36	20	84	0	40
 73264	31	31	67	36	20	84	0	40
 73310	31	31	67	36	20	85	0	40
 73355	31	31	67	36	20	86	0	40
 73400	31	31	67	36	20	87	0	40
 73446	31	31	67	36	20	87	0	40
 73491	31	31	67	36	20	88	0	40
 73536	31	31	67	36	20	89	0	40
 73582	31	31	67	36	20	90	0	40
 73627	31	31	67	36	20	90	0	40
 73672	31	31	67	36	20	91	0	40
 73718	31	31	67	36	20	92	0	40
 73763	31	31	67	36	20	93	0	40
 73808	31	31	67	36	20	93	0	40
 73854	31	31	67	44	20	94	0	40
 73899	31	31	67	44	20	95	0	40
 73944	31	31	67	44	20	96	0	40
 73990	31	31	68	44	20	96	0	40
 74035	31	31	67	44	20	97	0	40
 74081	31	31	66	44	20	98	0	40
 74126	31	31	67	44	20	99	0	40
 74171	31	30	67	44	20	99	0	40
 74217	31	31	67	44	20	100	0	40
 74262	31	31	67	44	20	101	0	40
 74307	31	30	66	44	20	102	0	40
 74353	31	31	66	44	20	102	0	40
 74398	31	31	66	44	20	103	0	40
 74443	31	31	67	44	20	104	0	40
 74489	31	31	67	44	20	105	0	40
 74534	31	31	66	44	20	105	0	40
 74579	31	31	66	44	20	106	0	40
 74625	31	31	66	44	20	107	0	39
 74670	31	31	66	44	20	108	0	39
 74715	31	31	66	44	20	108	0	40
 74761	31	31	66	44	20	109	0	40
 74806	31	31	66	44	20	110	0	40
 74852	31	31	66	44	20	111	0	40
 74897	31	30	66	44	20	112	0	40
 74942	31	31	66	44	20	112	0	40
 74988	31	31	66	44	20	113	0	39
 75033	31	31	66	44	20	114	0	40
 75078	31	31	66	44	20	115	0	39
 75124	31	31	66	44	20	115	0	39
 75169	31	31	66	44	20	116	0	40
 75214	31	31	66	44	20	117	0	40
 75260	31	31	67	44	20	118	0	39
 75305	31	31	66	44	20	118	0	40
 75350	31	31	66	44	20	119	0	40
 75396	31	31	66	44	20	120	0	40
 75441	31	31	66	44	20	121	0	40
 75486	31	31	66	44	20	121	0	40
 75532	31	31	66	44	20	122	0	40
 75577	31	31	66	44	20	123	0	40
 75622	31	31	66	36	21	64	0	39
 75668	31	31	66	36	21	64	0	40
 75713	31	31	66	36	21	65	0	39
 75759	31	31	66	36	21	66	0	39
 75804	31	31	66	36	21	67	0	39
 75849	31	31	66	36	21	67	0	39
 75895	31	31	66	36	21	68	0	39
 75940	31	31	66	36	21	69	0	39
 75985	31	31	66	36	21	70	0	39
 76031	31	31	66	36	21	70	0	39
 76076	31	31	66	36	21	71	0	39
 76121	31	31	66	36	21	72	0	39
 76167	31	31	66	36	21	73	0	39
 76214	31	31	66	36	21	73	0	39
 76257	31	31	66	36	21	74	0	39
 76303	31	31	66	36	21	75	0	39
 76348	31	31	66	36	21	76	0	39
 76393	31	31	66	36	21	76	0	39
 76439	31	31	66	36	21	77	0	39
 76484	31	31	66	36	21	78	0	39
 76530	31	31	66	36	21	79	0	39
 76575	31	31	66	36	21	79	0	39
 76620	31	31	66	36	21	80	0	39
 76666	31	31	66	36	21	81	0	39
 76711	31	31	66	36	21	82	0	39
 76756	31	31	66	36	21	83	0	39
 76802	31	31	66	36	21	83	0	39
 76847	31	31	66	36	21	84	0	39
 76892	31	31	66	36	21	85	0	39
 76938	31	31	66	36	21	86	0	39
 76983	31	31	66	36	21	86	0	39
 77028	31	31	66	36	21	87	0	39
 77074	31	31	66	36	21	88	0	39
 77119	31	31	66	36	21	89	0	39
 77164	31	31	66	36	21	89	0	39
 77210	31	31	66	36	21	90	0	39
 77255	31	31	66	36	21	91	0	39
 77301	31	31	65	36	21	92	0	39
 77346	31	31	66	36	21	92	0	39
 77391	31	31	65	36	21	93	0	39
 77437	31	31	66	44	21	94	0	39
 77482	31	31	66	44	21	95	0	39
 77527	31	31	65	44	21	96	0	39
 77573	31	31	65	44	21	96	0	39
 77618	31	31	65	44	21	97	0	39
 77663	31	30	65	44	21	98	0	39
 77709	31	31	65	44	21	99	0	39
 77754	31	31	65	44	21	99	0	39
 77799	31	31	65	44	21	100	0	39
 77845	31	31	66	44	21	101	0	39
 77890	31	31	65	44	21	102	0	39
 77935	31	31	65	44	21	102	0	39
 77981	31	31	65	44	21	103	0	39
 78026	31	31	65	44	21	104	0	39
 78071	31	31	65	44	21	105	0	39
 78117	31	31	65	44	21	105	0	39
 78162	31	31	64	44	21	106	0	39
 78207	31	31	64	44	21	107	0	39
 78253	31	31	64	44	21	108	0	39
 78298	31	31	64	44	21	108	0	39
 78344	31	31	64	44	21	109	0	39
 78389	31	31	64	44	21	110	0	39
 78434	31	31	64	44	21	111	0	39
 78480	31	31	64	44	21	111	0	39
 78525	31	31	64	44	21	112	0	39
 78570	31	31	64	44	21	113	0	39
 78616	31	31	64	44	21	114	0	39
 78661	31	31	64	44	21	114	0	39
 78706	31	31	64	44	21	115	0	39
 78752	31	31	64	44	21	116	0	39
 78797	31	31	65	44	21	117	0	39
 78842	31	31	64	44	21	117	0	39
 78888	31	31	65	44	21	118	0	39
 78933	31	31	65	44	21	119	0	39
 78978	31	31	65	44	21	120	0	39
 79024	31	31	65	44	21	120	0	39
 79069	31	31	65	44	21	121	0	39
 79115	31	31	65	44	21	122	0	39
 79160	31	31	65	44	21	123	0	39
 79205	31	31	65	44	21	123	0	39
 79251	31	31	65	36	22	64	0	39
 79296	31	31	65	36	22	65	0	39
 79341	31	31	65	36	22	66	0	39
 79387	31	31	65	36	22	66	0	39
 79432	31	30	64	36	22	67	0	39
 79477	31	31	65	36	22	68	0	39
 79523	31	31	65	36	22	69	0	39
 79568	31	31	65	36	22	70	0	39
 79613	31	31	64	36	22	70	0	39
 79659	31	30	64	36	22	71	0	39
 79704	31	31	64	36	22	72	0	39
 79750	31	31	64	36	22	73	0	39
 79795	31	31	64	36	22	73	0	39
 79840	31	31	64	36	22	74	0	39
 79885	31	31	64	36	22	75	0	39
 79931	31	31	64	36	22	76	0	39
 79976	31	31	64	36	22	76	0	39
 80021	31	31	64	36	22	77	0	39
 80067	31	31	64	36	22	78	0	39
 80112	31	31	64	36	22	79	0	39
 80158	31	31	64	36	22	79	0	39
 80203	31	31	64	36	22	80	0	39
 80248	31	31	64	36	22	81	0	39
 80294	31	31	64	36	22	82	0	39
 80339	31	31	64	36	22	82	0	39
 80384	31	31	64	36	22	83	0	39
 80430	31	31	64	36	22	84	0	39
 80475	31	31	64	36	22	85	0	39
 80520	31	31	64	36	22	85	0	39
 80566	31	31	64	36	22	86	0	39
 80611	31	31	64	36	22	87	0	39
 80656	31	31	64	36	22	88	0	39
 80702	31	31	64	36	22	88	0	39
 80747	31	31	64	36	22	89	0	39
 80792	31	31	64	36	22	90	0	39
 80838	31	31	64	36	22	91	0	39
 80883	31	31	64	36	22	91	0	39
 80928	31	31	64	36	22	92	0	39
 80974	31	31	64	36	22	93	0	39
 81019	31	31	64	44	22	94	0	39
 81065	31	31	63	44	22	94	0	39
 81110	31	31	64	44	22	95	0	39
 81156	31	31	64	44	22	96	0	39
 81201	31	31	64	44	22	97	0	39
 81246	31	31	64	44	22	97	0	39
 81291	31	31	64	44	22	98	0	39
 81337	31	31	64	44	22	99	0	39
 81382	31	31	64	44	22	100	0	39
 81428	31	31	63	44	22	100	0	39
 81473	31	31	64	44	22	101	0	39
 81518	31	31	63	44	22	102	0	39
 81563	31	31	63	44	22	103	0	39
 81609	31	31	64	44	22	104	0	39
 81654	31	30	63	44	22	104	0	39
 81699	31	30	64	44	22	105	0	39
 81745	31	31	64	44	22	106	0	39
 81790	31	31	64	44	22	107	0	39
 81836	31	31	63	44	22	107	0	39
 81881	31	31	64	44	22	108	0	39
 81926	31	31	63	44	22	109	0	39
 81972	31	30	64	44	22	110	0	39
 82017	31	31	63	44	22	110	0	39
 82062	31	31	63	44	22	111	0	39
 82108	31	31	63	44	22	112	0	39
 82153	31	31	63	44	22	113	0	39
 82198	31	31	63	44	22	113	0	39
 82245	31	31	63	44	22	114	0	39
 82289	31	31	63	44	22	115	0	39
 82334	31	31	63	44	22	116	0	39
 82380	31	31	63	44	22	116	0	39
 82425	31	31	63	44	22	117	0	39
 82470	31	31	64	44	22	118	0	39
 82516	31	31	63	44	22	119	0	39
 82561	31	31	63	44	22	119	0	39
 82606	30	31	63	44	22	120	0	39
 82652	31	31	63	44	22	121	0	39
 82697	31	31	63	44	22	122	0	39
 82742	31	31	63	44	22	122	0	39
 82788	31	31	63	44	22	123	0	39
 82833	31	31	63	36	23	64	0	39
 82879	31	31	63	36	23	65	0	39
 82924	31	31	63	36	23	65	0	39
 82969	31	31	63	36	23	66	0	39
 83015	31	31	63	36	23	67	0	39
 83060	31	31	63	36	23	68	0	39
 83105	31	31	63	36	23	68	0	39
 83151	31	31	63	36	23	69	0	39
 83196	31	31	63	36	23	70	0	39
 83241	31	31	63	36	23	71	0	39
 83287	31	31	63	36	23	71	0	39
 83332	31	31	63	36	23	72	0	39
 83377	31	31	63	36	23	73	0	39
 83423	31	31	63	36	23	74	0	39
 83468	31	31	63	36	23	74	0	39
 83513	31	31	63	36	23	75	0	39
 83559	31	31	63	36	23	76	0	39
 83604	31	31	63	36	23	77	0	39
 83649	31	31	63	36	23	78	0	39
 83695	31	31	63	36	23	78	0	39
 83740	31	31	63	36	23	79	0	39
 83786	31	31	63	36	23	80	0	39
 83831	31	31	63	36	23	81	0	39
 83876	31	31	63	36	23	81	0	39
 83922	31	31	63	36	23	82	0	39
 83967	31	31	63	36	23	83	0	39
 84012	31	31	63	36	23	84	0	39
 84058	31	31	62	36	23	84	0	39
 84103	31	31	63	36	23	85	0	39
 84148	31	31	63	36	23	86	0	39
 84194	31	31	63	36	23	87	0	39
 84239	31	31	63	36	23	87	0	39
 84284	31	31	63	36	23	88	0	39
 84330	31	31	63	36	23	89	0	39
 84375	31	31	63	36	23	90	0	39
 84420	31	31	63	36	23	90	0	39
 84466	31	31	63	36	23	91	0	39
 84511	31	31	63	36	23	92	0	39
 84556	31	31	63	36	23	93	0	39
 84602	31	31	62	36	23	93	0	39
 84647	31	31	63	44	23	94	0	39
 84693	31	31	63	44	23	95	0	39
 84738	31	31	62	44	23	96	0	39
 84783	31	31	62	44	23	96	0	39
 84829	31	31	62	44	23	97	0	39
 84874	31	31	62	44	23	98	0	39
 84919	31	31	62	44	23	99	0	39
 84965	31	31	62	44	23	99	0	39
 85010	31	31	62	44	23	100	0	39
 85055	31	31	62	44	23	101	0	39
 85101	31	31	62	44	23	102	0	39
 85146	31	31	62	44	23	102	0	39
 85191	31	31	62	44	23	103	0	39
 85237	31	31	63	44	23	104	0	39
 85282	31	30	62	44	23	105	0	39
 85327	31	31	62	44	23	105	0	39
 85373	31	31	62	44	23	106	0	39
 85418	31	30	62	44	23	107	0	39
 85463	31	31	62	44	23	108	0	39
 85509	31	30	62	44	23	109	0	39
 85554	31	31	62	44	23	109	0	39
 85600	31	31	62	44	23	110	0	39
 85645	31	31	62	44	23	111	0	39
 85690	31	31	62	44	23	112	0	39
 85736	31	31	62	44	23	112	0	39
 85781	31	30	62	44	23	113	0	39
 85826	31	31	62	44	23	114	0	39
 85872	31	31	61	44	23	115	0	39
 85917	31	30	62	44	23	115	0	39
 85962	31	31	62	44	23	116	0	39
 86008	31	30	62	44	23	117	0	39
 86053	31	31	61	44	23	118	0	39
 86098	31	31	62	44	23	118	0	39
 86144	31	31	61	44	23	119	0	39
 86189	31	30	62	44	23	120	0	39
 86234	31	30	61	44	23	121	0	39
 86280	31	31	61	44	23	121	0	39
 86325	31	30	61	44	23	122	0	39
 86370	31	30	61	44	23	123	0	39
