HomeCentral
 Falkenstrasse 20
 8630 Rueti
 Datum: 30.01.15 00:00
 
 Startzeit: 2015-01-30 00:00:37 +0100
 127	56	56	35	4	0	65	0	34
 173	56	55	35	4	0	66	0	34
 218	55	55	35	4	0	67	0	34
 267	55	55	36	4	0	68	0	34
 309	55	55	35	4	0	68	0	34
 354	55	55	36	0	0	69	0	34
 399	55	54	35	0	0	70	0	34
 445	55	54	35	0	0	71	0	34
 490	55	54	35	0	0	71	0	34
 536	55	54	35	0	0	72	0	34
 581	54	54	36	0	0	73	0	34
 626	54	54	35	4	0	74	0	34
 672	54	53	35	4	0	75	0	34
 717	54	53	35	4	0	75	0	34
 762	54	53	36	4	0	76	0	34
 808	54	53	35	4	0	77	0	34
 853	54	53	35	4	0	78	0	34
 898	53	53	36	4	0	78	0	34
 944	53	53	35	4	0	79	0	34
 989	53	53	35	4	0	80	0	34
 1034	53	52	35	4	0	81	0	34
 1080	53	52	35	4	0	81	0	34
 1125	53	52	35	4	0	82	0	34
 1170	53	52	35	4	0	83	0	34
 1216	53	52	36	4	0	84	0	34
 1261	52	52	35	4	0	84	0	34
 1307	52	52	36	4	0	85	0	34
 1352	52	51	35	4	0	86	0	34
 1397	52	51	35	4	0	87	0	34
 1443	52	51	35	4	0	87	0	34
 1488	52	51	35	4	0	88	0	34
 1533	51	51	35	4	0	89	0	34
 1579	51	51	35	4	0	90	0	34
 1624	51	51	35	4	0	90	0	34
 1669	52	51	35	4	0	91	0	34
 1715	51	50	35	4	0	92	0	34
 1760	51	50	35	4	0	93	0	34
 1805	51	50	35	4	0	93	0	34
 1851	51	50	35	12	0	94	0	34
 1896	50	50	35	12	0	95	0	34
 1941	50	50	35	12	0	96	0	34
 2032	50	50	35	12	0	97	0	34
 2078	50	50	35	12	0	98	0	34
 2123	50	50	35	12	0	99	0	34
 2168	50	49	35	12	0	99	0	34
 2214	50	49	35	12	0	100	0	34
 2259	50	49	35	12	0	101	0	34
 2304	49	49	35	12	0	102	0	34
 2350	49	49	35	12	0	102	0	34
 2395	49	49	35	12	0	103	0	34
 2440	49	49	35	12	0	104	0	34
 2486	49	49	35	12	0	105	0	34
 2531	49	48	35	12	0	105	0	34
 2576	49	48	35	12	0	106	0	34
 2622	49	48	35	12	0	107	0	34
 2667	49	48	35	12	0	108	0	34
 2712	49	48	35	12	0	108	0	34
 2758	48	48	34	12	0	109	0	34
 2803	48	48	35	12	0	110	0	33
 2849	48	48	35	12	0	111	0	34
 2894	48	48	34	12	0	112	0	33
 2939	48	48	35	12	0	112	0	33
 2985	48	47	35	12	0	113	0	34
 3030	48	47	35	12	0	114	0	34
 3075	48	47	35	12	0	115	0	33
 3121	48	47	35	12	0	115	0	33
 3166	47	47	34	12	0	116	0	33
 3211	47	47	35	12	0	117	0	33
 3257	47	47	35	12	0	118	0	33
 3302	47	47	35	12	0	118	0	33
 3347	47	47	35	12	0	119	0	33
 3393	47	47	35	12	0	120	0	33
 3438	47	47	35	12	0	121	0	33
 3483	47	46	35	12	0	121	0	33
 3529	47	46	35	12	0	122	0	33
 3574	47	46	35	12	0	123	0	33
 3665	46	46	35	4	1	64	0	33
 3710	46	46	35	4	1	65	0	33
 3756	46	46	35	4	1	66	0	33
 3801	46	46	35	4	1	67	0	33
 3846	46	46	35	4	1	67	0	33
 3892	46	46	35	4	1	68	0	33
 3937	46	46	35	4	1	69	0	33
 3982	46	45	35	4	1	70	0	33
 4028	46	45	35	4	1	70	0	33
 4074	46	45	35	4	1	71	0	33
 4118	46	45	35	4	1	72	0	33
 4164	46	45	35	4	1	73	0	33
 4209	45	45	35	4	1	73	0	33
 4300	45	45	35	4	1	75	0	33
 4345	45	45	35	4	1	76	0	33
 4390	45	45	35	4	1	76	0	33
 4436	45	44	35	4	1	77	0	33
 4481	45	45	35	4	1	78	0	33
 4526	45	44	35	4	1	79	0	33
 4572	45	44	35	4	1	79	0	33
 4617	45	44	35	4	1	80	0	33
 4666	45	44	35	4	1	81	0	33
 4708	45	44	35	4	1	82	0	33
 4753	45	44	35	4	1	83	0	33
 4799	45	44	35	4	1	83	0	33
 4844	44	44	36	4	1	84	0	33
 4889	44	44	35	4	1	85	0	33
 4980	44	44	35	4	1	86	0	33
 5025	45	44	35	4	1	87	0	33
 5071	44	44	35	4	1	88	0	33
 5116	44	44	36	4	1	89	0	33
 5161	44	44	35	4	1	89	0	33
 5207	44	43	35	4	1	90	0	33
 5253	44	43	35	4	1	91	0	33
 5297	44	43	35	4	1	92	0	33
 5343	44	43	35	4	1	92	0	33
 5388	44	43	35	4	1	93	0	33
 5434	43	43	35	12	1	94	0	33
 5479	43	43	35	12	1	95	0	33
 5524	43	43	35	12	1	95	0	33
 5570	43	43	36	12	1	96	0	33
 5615	43	43	36	12	1	97	0	33
 5660	43	43	35	12	1	98	0	33
 5706	43	43	36	12	1	98	0	33
 5751	43	43	35	12	1	99	0	33
 5796	43	43	35	12	1	100	0	33
 5842	43	43	35	12	1	101	0	33
 5887	43	42	35	12	1	101	0	33
 5932	43	43	35	12	1	102	0	33
 5978	43	42	35	12	1	103	0	33
 6023	43	42	35	12	1	104	0	33
 6068	43	42	35	12	1	104	0	33
 6114	43	42	35	12	1	105	0	33
 6159	43	42	35	12	1	106	0	33
 6205	43	42	35	12	1	107	0	33
 6250	42	42	35	12	1	107	0	33
 6341	42	42	35	12	1	109	0	32
 6386	42	42	35	12	1	110	0	32
 6431	42	42	35	12	1	110	0	32
 6477	42	42	35	12	1	111	0	32
 6522	42	42	35	12	1	112	0	32
 6567	42	42	35	12	1	113	0	32
 6613	42	42	35	12	1	113	0	32
 6658	42	41	35	12	1	114	0	32
 6703	42	41	35	12	1	115	0	32
 6749	42	41	35	12	1	116	0	32
 6794	42	41	35	12	1	117	0	32
 6839	42	41	36	12	1	117	0	32
 6885	42	41	35	12	1	118	0	32
 6930	42	41	35	12	1	119	0	32
 6976	41	41	35	12	1	120	0	32
 7021	41	41	35	12	1	120	0	32
 7066	42	41	35	12	1	121	0	32
 7112	41	41	35	12	1	122	0	32
 7157	41	41	35	12	1	123	0	32
 7202	41	41	35	12	1	123	0	32
 7248	41	41	35	4	2	64	0	32
 7293	41	41	35	4	2	65	0	32
 7338	41	41	36	4	2	66	0	32
 7384	41	41	35	4	2	66	0	32
 7429	41	41	35	4	2	67	0	32
 7474	41	41	35	4	2	68	0	32
 7520	41	41	35	4	2	69	0	32
 7565	41	40	36	4	2	69	0	32
 7610	41	40	36	4	2	70	0	32
 7656	41	40	35	4	2	71	0	32
 7701	41	40	36	4	2	72	0	32
 7747	41	40	35	4	2	72	0	32
 7792	41	40	35	4	2	73	0	32
 7837	41	40	35	4	2	74	0	32
 7883	41	40	35	4	2	75	0	32
 7928	40	40	35	4	2	75	0	32
 7973	41	40	35	4	2	76	0	32
 8019	40	40	35	4	2	77	0	32
 8064	40	40	35	4	2	78	0	32
 8109	40	40	35	4	2	78	0	32
 8155	40	40	36	4	2	79	0	32
 8200	40	40	36	4	2	80	0	32
 8245	40	40	35	4	2	81	0	32
 8291	40	40	35	4	2	81	0	32
 8336	40	40	36	4	2	82	0	32
 8381	40	40	35	4	2	83	0	32
 8427	40	40	35	4	2	84	0	32
 8472	40	39	35	4	2	84	0	32
 8518	40	39	35	4	2	85	0	32
 8563	40	39	35	4	2	86	0	32
 8608	40	39	35	4	2	87	0	32
 8654	40	39	35	4	2	87	0	32
 8699	40	39	35	4	2	88	0	32
 8744	40	39	35	4	2	89	0	32
 8790	40	39	35	4	2	90	0	32
 8835	40	39	35	4	2	91	0	32
 8880	40	39	35	4	2	91	0	32
 8926	40	39	35	4	2	92	0	32
 8971	39	39	35	4	2	93	0	32
 9016	39	39	35	12	2	94	0	32
 9062	39	39	35	12	2	94	0	32
 9107	39	39	35	12	2	95	0	32
 9152	39	39	35	12	2	96	0	32
 9198	39	39	35	12	2	97	0	32
 9243	39	39	35	12	2	97	0	32
 9289	39	39	35	12	2	98	0	32
 9334	39	39	35	12	2	99	0	32
 9379	39	39	35	12	2	100	0	32
 9425	39	38	35	12	2	100	0	32
 9470	39	38	35	12	2	101	0	32
 9515	39	39	35	12	2	102	0	32
 9561	39	39	35	12	2	103	0	32
 9606	39	38	35	12	2	103	0	32
 9651	39	38	35	12	2	104	0	32
 9697	39	38	35	12	2	105	0	32
 9742	39	38	35	12	2	106	0	32
 9787	39	38	35	12	2	106	0	32
 9833	39	38	35	12	2	107	0	32
 9878	39	38	35	12	2	108	0	32
 9923	39	38	35	12	2	109	0	32
 9969	39	38	35	12	2	109	0	32
 10014	39	38	35	12	2	110	0	32
 10060	39	38	35	12	2	111	0	32
 10105	39	38	35	12	2	112	0	32
 10150	39	38	36	12	2	112	0	31
 10196	38	38	35	12	2	113	0	32
 10241	38	38	35	12	2	114	0	32
 10286	38	38	35	12	2	115	0	32
 10332	38	38	35	12	2	115	0	31
 10377	38	38	35	12	2	116	0	31
 10422	38	38	35	12	2	117	0	31
 10468	38	38	35	12	2	118	0	31
 10513	38	38	35	12	2	118	0	31
 10558	38	38	35	12	2	119	0	31
 10604	38	38	35	12	2	120	0	31
 10649	38	38	35	12	2	121	0	31
 10694	38	38	35	12	2	121	0	31
 10740	38	38	35	12	2	122	0	31
 10785	38	38	35	12	2	123	0	31
 10831	38	37	35	4	3	64	0	31
 10876	38	38	35	4	3	65	0	31
 10921	38	38	35	4	3	65	0	31
 10967	38	37	35	4	3	66	0	31
 11012	38	37	35	4	3	67	0	31
 11057	38	37	35	4	3	68	0	31
 11103	38	37	35	4	3	68	0	31
 11148	38	37	35	4	3	69	0	31
 11193	38	37	35	4	3	70	0	31
 11239	38	37	35	4	3	71	0	31
 11284	38	37	35	4	3	71	0	31
 11329	38	37	35	4	3	72	0	31
 11375	38	37	35	4	3	73	0	31
 11420	38	37	35	4	3	74	0	31
 11465	37	37	35	4	3	74	0	31
 11511	37	37	35	4	3	75	0	31
 11556	37	37	35	4	3	76	0	31
 11602	37	37	35	4	3	77	0	31
 11647	37	37	35	4	3	77	0	31
 11692	37	37	35	4	3	78	0	31
 11739	37	37	35	4	3	79	0	31
 11783	37	37	35	4	3	80	0	31
 11828	37	37	35	4	3	80	0	31
 11874	37	37	35	4	3	81	0	31
 11919	37	37	35	4	3	82	0	31
 11964	37	37	35	4	3	83	0	31
 12010	37	36	35	4	3	83	0	31
 12055	37	37	35	4	3	84	0	31
 12100	37	37	35	4	3	85	0	31
 12146	37	36	35	4	3	86	0	31
 12236	37	36	35	4	3	87	0	31
 12282	37	36	35	4	3	88	0	31
 12327	37	36	34	4	3	89	0	31
 12373	37	36	34	4	3	89	0	31
 12418	37	36	34	4	3	90	0	31
 12463	37	36	34	4	3	91	0	31
 12509	37	36	34	4	3	92	0	31
 12554	37	36	35	4	3	92	0	31
 12599	37	36	35	4	3	93	0	31
 12645	37	36	35	12	3	94	0	31
 12690	37	36	34	12	3	95	0	31
 12735	37	36	34	12	3	96	0	31
 12781	36	36	35	12	3	96	0	31
 12826	37	36	35	12	3	97	0	31
 12871	37	36	34	12	3	98	0	31
 12917	37	36	34	12	3	99	0	31
 12962	36	36	34	12	3	99	0	31
 13007	36	36	34	12	3	100	0	31
 13053	36	36	34	12	3	101	0	31
 13098	36	36	34	12	3	102	0	31
 13144	36	36	34	12	3	102	0	31
 13189	36	36	34	12	3	103	0	31
 13234	36	36	34	12	3	104	0	31
 13280	36	36	34	12	3	105	0	31
 13325	36	36	34	12	3	105	0	31
 13370	36	36	34	12	3	106	0	31
 13416	36	36	34	12	3	107	0	31
 13461	36	36	34	12	3	108	0	31
 13506	36	36	34	12	3	108	0	31
 13552	36	36	34	12	3	109	0	31
 13597	36	35	34	12	3	110	0	31
 13642	36	36	34	12	3	111	0	31
 13688	36	36	34	12	3	111	0	31
 13733	36	36	34	12	3	112	0	31
 13778	36	35	34	12	3	113	0	31
 13824	36	35	34	12	3	114	0	31
 13869	36	36	34	12	3	114	0	31
 13915	36	35	34	12	3	115	0	31
 13960	36	35	34	12	3	116	0	31
 14005	36	35	34	12	3	117	0	31
 14051	36	35	34	12	3	117	0	30
 14096	36	35	34	12	3	118	0	31
 14141	36	35	34	12	3	119	0	30
 14187	36	35	34	12	3	120	0	30
 14232	36	35	34	12	3	120	0	31
 14277	36	35	34	12	3	121	0	30
 14323	36	35	34	12	3	122	0	30
 14368	36	35	34	12	3	123	0	31
 14413	36	35	34	12	3	123	0	30
 14459	36	35	34	4	4	64	0	30
 14504	36	35	34	4	4	65	0	30
 14549	36	35	34	4	4	66	0	30
 14595	36	35	34	0	4	66	0	30
 14640	36	35	34	0	4	67	0	30
 14686	36	35	34	0	4	68	0	30
 14731	36	35	34	0	4	69	0	30
 14776	36	35	34	0	4	70	0	30
 14822	36	35	34	0	4	70	0	30
 14867	36	35	34	4	4	71	0	30
 14912	36	35	34	4	4	72	0	30
 14958	36	35	34	4	4	73	0	30
 15003	36	35	34	4	4	73	0	30
 15048	36	35	34	4	4	74	0	30
 15094	36	35	34	4	4	75	0	30
 15139	36	35	34	4	4	76	0	30
 15184	36	35	34	4	4	76	0	30
 15230	36	35	34	4	4	77	0	30
 15275	36	35	35	4	4	78	0	30
 15320	36	35	34	4	4	79	0	30
 15366	36	35	34	4	4	79	0	30
 15411	36	35	34	4	4	80	0	30
 15457	36	35	34	4	4	81	0	30
 15502	36	35	34	4	4	82	0	30
 15547	36	35	34	4	4	82	0	30
 15593	36	35	34	4	4	83	0	30
 15638	36	35	34	4	4	84	0	30
 15683	36	35	34	4	4	85	0	30
 15729	36	35	34	4	4	85	0	30
 15774	36	35	34	4	4	86	0	30
 15819	36	35	34	4	4	87	0	30
 15865	36	35	34	4	4	88	0	30
 15910	36	35	34	4	4	88	0	30
 15955	36	35	34	4	4	89	0	30
 16001	36	35	34	4	4	90	0	30
 16046	35	35	34	4	4	91	0	30
 16091	36	35	34	4	4	91	0	30
 16137	35	35	34	4	4	92	0	30
 16182	36	35	34	4	4	93	0	30
 16228	35	35	34	12	4	94	0	30
 16273	35	35	34	12	4	94	0	30
 16318	35	35	34	12	4	95	0	30
 16364	35	35	34	12	4	96	0	30
 16409	35	35	35	12	4	97	0	30
 16454	35	35	34	12	4	98	0	30
 16500	35	35	34	12	4	98	0	30
 16545	35	35	35	12	4	99	0	30
 16590	35	35	34	12	4	100	0	30
 16636	35	35	34	12	4	101	0	30
 16681	35	35	34	12	4	101	0	30
 16726	35	35	34	12	4	102	0	30
 16772	35	35	34	12	4	103	0	30
 16817	35	35	34	12	4	104	0	30
 16863	35	35	34	12	4	104	0	30
 16908	35	35	34	12	4	105	0	30
 16953	35	35	34	12	4	106	0	30
 16999	35	35	34	12	4	107	0	30
 17044	35	35	34	12	4	107	0	30
 17089	35	34	34	12	4	108	0	30
 17135	35	35	34	12	4	109	0	30
 17225	35	35	34	12	4	110	0	30
 17271	35	34	34	12	4	111	0	30
 17316	35	35	34	12	4	112	0	30
 17361	35	35	34	12	4	113	0	30
 17407	35	35	34	12	4	113	0	30
 17452	35	34	34	12	4	114	0	30
 17497	35	34	34	12	4	115	0	30
 17543	35	34	34	12	4	116	0	30
 17588	35	34	34	12	4	117	0	30
 17633	34	34	34	12	4	117	0	30
 17679	35	34	34	12	4	118	0	30
 17724	35	34	34	12	4	119	0	30
 17770	35	34	34	12	4	120	0	30
 17815	35	34	34	12	4	120	0	30
 17860	35	34	34	12	4	121	0	30
 17906	35	34	34	12	4	122	0	30
 17951	35	34	34	12	4	123	0	30
 17996	35	34	34	12	4	123	0	30
 18042	35	34	34	4	5	64	0	30
 18087	35	34	34	4	5	65	0	30
 18132	35	34	34	4	5	66	0	30
 18178	34	34	34	4	5	66	0	30
 18223	35	34	34	4	5	67	0	30
 18268	35	34	34	4	5	68	0	30
 18314	35	34	34	4	5	69	0	30
 18359	35	34	33	4	5	69	0	30
 18404	34	34	33	4	5	70	0	30
 18450	35	34	33	4	5	71	0	30
 18495	35	34	34	4	5	72	0	30
 18541	35	34	33	4	5	72	0	30
 18586	35	34	33	4	5	73	0	30
 18631	34	34	33	4	5	74	0	29
 18677	35	34	33	4	5	75	0	29
 18722	34	34	33	4	5	75	0	29
 18768	34	34	33	4	5	76	0	30
 18813	34	34	33	4	5	77	0	30
 18858	34	34	33	4	5	78	0	30
 18903	35	34	33	4	5	78	0	29
 18949	34	34	33	4	5	79	0	29
 18994	34	34	33	4	5	80	0	29
 19039	34	34	33	4	5	81	0	29
 19085	34	34	33	4	5	81	0	29
 19130	34	34	34	4	5	82	0	29
 19175	34	34	33	4	5	83	0	29
 19221	34	34	33	4	5	84	0	29
 19266	34	34	33	4	5	84	0	29
 19312	34	34	33	4	5	85	0	29
 19357	34	34	33	4	5	86	0	29
 19402	34	34	34	4	5	87	0	29
 19448	34	34	34	4	5	87	0	29
 19493	34	34	33	4	5	88	0	29
 19538	34	34	33	4	5	89	0	29
 19584	34	34	33	4	5	90	0	29
 19629	34	34	33	4	5	91	0	29
 19674	34	34	33	4	5	91	0	29
 19720	34	34	33	4	5	92	0	29
 19765	34	33	33	4	5	93	0	29
 19810	34	33	33	12	5	94	0	29
 19856	34	34	33	12	5	94	0	29
 19901	34	34	33	12	5	95	0	29
 19946	34	34	33	12	5	96	0	29
 19992	34	33	33	12	5	97	0	29
 20037	34	33	33	12	5	97	0	29
 20083	34	33	33	12	5	98	0	29
 20128	34	34	33	12	5	99	0	29
 20173	34	34	34	12	5	100	0	29
 20219	34	34	33	12	5	100	0	29
 20264	34	33	34	12	5	101	0	29
 20309	34	33	33	12	5	102	0	29
 20355	34	33	33	12	5	103	0	29
 20400	34	33	33	12	5	103	0	29
 20445	34	33	33	12	5	104	0	29
 20491	34	33	33	12	5	105	0	29
 20536	34	33	33	12	5	106	0	29
 20581	34	33	33	12	5	106	0	29
 20627	34	33	33	12	5	107	0	29
 20672	34	33	34	12	5	108	0	29
 20717	34	33	33	12	5	109	0	29
 20763	34	33	33	12	5	109	0	29
 20808	34	33	34	12	5	110	0	29
 20854	34	33	33	12	5	111	0	29
 20899	34	33	33	12	5	112	0	29
 20944	34	33	33	12	5	112	0	29
 20990	34	33	33	12	5	113	0	29
 21035	34	33	33	12	5	114	0	29
 21080	34	33	34	12	5	115	0	29
 21126	34	33	33	12	5	115	0	29
 21171	34	33	33	12	5	116	0	29
 21216	34	33	33	12	5	117	0	29
 21262	34	33	33	12	5	118	0	29
 21308	34	33	33	12	5	118	0	29
 21352	34	33	33	12	5	119	0	29
 21398	34	33	33	12	5	120	0	29
 21443	34	33	33	12	5	121	0	29
 21488	33	33	33	12	5	121	0	29
 21534	34	33	33	12	5	122	0	29
 21579	34	33	33	12	5	123	0	29
 21625	34	33	33	7	6	64	0	29
 21670	37	33	34	7	6	65	0	29
 21715	52	33	33	7	6	65	0	29
 21761	76	34	33	7	6	66	0	29
 21806	98	39	33	7	6	67	0	29
 21851	91	46	33	7	6	68	0	29
 21897	78	53	33	3	6	68	0	29
 21942	66	54	34	3	6	69	0	29
 21987	58	53	33	3	6	70	0	29
 22033	54	52	33	3	6	71	0	29
 22078	51	50	33	3	6	71	0	29
 22123	50	49	33	3	6	72	0	29
 22169	49	48	33	3	6	73	0	29
 22214	49	48	33	3	6	74	0	29
 22259	49	48	33	3	6	74	0	29
 22305	50	48	33	3	6	75	0	29
 22350	58	48	33	3	6	76	0	29
 22396	78	49	33	3	6	77	0	29
 22441	98	51	33	3	6	77	0	29
 22486	101	56	33	3	6	78	0	29
 22532	103	61	33	3	6	79	0	29
 22577	95	63	33	3	6	80	0	29
 22622	83	64	33	3	6	80	0	29
 22668	72	64	33	3	6	81	0	29
 22713	69	64	33	3	6	82	0	29
 22758	74	63	33	3	6	83	0	29
 22804	89	64	33	3	6	83	0	29
 22849	99	66	33	3	6	84	0	29
 22894	98	70	33	3	6	85	0	29
 22940	99	73	33	3	6	86	0	29
 22985	100	67	34	3	6	86	0	29
 23076	94	65	33	3	6	88	0	29
 23121	84	65	33	3	6	89	0	29
 23167	75	65	33	3	6	89	0	29
 23212	75	65	33	3	6	90	0	30
 23257	86	65	33	3	6	91	0	30
 23348	97	68	33	3	6	92	0	30
 23393	91	71	33	3	6	93	0	30
 23439	86	73	33	11	6	94	0	30
 23484	92	74	33	11	6	95	0	30
 23529	96	75	33	11	6	96	0	30
 23575	97	77	32	11	6	96	0	31
 23620	99	79	33	11	6	97	0	31
 23665	100	80	33	11	6	98	0	31
 23711	100	81	33	11	6	99	0	31
 23756	100	82	34	11	6	99	0	31
 23801	99	83	33	11	6	100	0	31
 23847	100	83	33	11	6	101	0	31
 23892	100	84	33	11	6	102	0	31
 23938	101	84	33	11	6	102	0	31
 23983	102	85	33	11	6	103	0	31
 24028	101	86	33	11	6	104	0	32
 24074	101	87	33	11	6	105	0	32
 24119	101	88	33	11	6	105	0	32
 24164	102	88	33	15	6	106	0	32
 24210	103	89	33	15	6	107	0	32
 24255	101	90	33	15	6	108	0	32
 24300	102	90	33	15	6	108	0	32
 24346	101	90	33	15	6	109	0	33
 24391	103	90	33	15	6	110	0	33
 24436	103	91	33	15	6	111	0	33
 24482	102	91	33	15	6	111	0	33
 24527	101	91	33	15	6	112	0	33
 24572	100	91	33	15	6	113	0	33
 24618	99	91	33	11	6	114	0	33
 24663	95	91	33	11	6	114	0	33
 24709	92	91	33	11	6	115	0	33
 24754	91	90	33	11	6	116	0	33
 24799	93	90	33	11	6	117	0	33
 24845	100	89	33	11	6	117	0	33
 24890	100	89	33	11	6	118	0	33
 24935	100	89	33	11	6	119	0	33
 25026	101	90	33	15	6	120	0	33
 25071	101	90	33	15	6	121	0	34
 25117	102	90	33	15	6	122	0	34
 25162	102	91	33	15	6	123	0	34
 25207	101	91	33	15	6	123	0	34
 25253	101	91	33	7	7	64	0	34
 25298	101	91	33	7	7	65	0	34
 25343	100	92	33	7	7	66	0	34
 25389	100	92	33	7	7	66	0	34
 25434	100	92	33	7	7	67	0	34
 25479	102	92	34	7	7	68	0	34
 25525	99	92	33	3	7	69	0	34
 25570	95	92	33	3	7	70	0	34
 25616	93	92	33	3	7	70	0	34
 25661	92	92	33	3	7	71	0	34
 25706	95	91	33	3	7	72	0	34
 25752	101	90	33	3	7	73	0	34
 25797	100	90	33	3	7	73	0	34
 25842	101	91	32	7	7	74	0	34
 25888	102	91	32	7	7	75	0	35
 25933	102	92	33	7	7	76	0	35
 25978	102	92	32	7	7	76	0	35
 26024	102	92	32	7	7	77	0	35
 26069	102	92	32	7	7	78	0	35
 26114	102	92	33	7	7	79	0	35
 26160	102	92	33	7	7	79	0	35
 26205	101	92	32	7	7	80	0	35
 26251	100	92	33	7	7	81	0	35
 26296	100	92	32	7	7	82	0	35
 26341	100	93	32	7	7	82	0	35
 26387	101	92	32	7	7	83	0	35
 26432	102	93	32	7	7	84	0	35
 26477	98	92	32	3	7	85	0	35
 26523	95	93	32	3	7	85	0	35
 26568	93	92	33	3	7	86	0	35
 26613	93	92	32	3	7	87	0	35
 26659	98	91	32	3	7	88	0	35
 26704	101	90	33	3	7	88	0	35
 26749	102	91	33	3	7	89	0	35
 26795	100	91	32	7	7	90	0	35
 26840	102	92	32	7	7	91	0	35
 26885	101	92	32	7	7	91	0	35
 26931	101	92	32	7	7	92	0	36
 26976	101	92	32	7	7	93	0	36
 27021	101	92	33	15	7	94	0	36
 27067	102	93	32	15	7	94	0	36
 27112	101	93	32	15	7	95	0	36
 27158	103	93	33	15	7	96	0	36
 27203	100	93	32	15	7	97	0	36
 27294	103	93	32	15	7	98	0	36
 27339	102	93	32	15	7	99	0	36
 27384	101	94	32	11	7	100	0	36
 27430	97	93	32	11	7	100	0	36
 27475	94	93	32	11	7	101	0	36
 27520	93	93	32	11	7	102	0	36
 27611	101	91	32	11	7	104	0	36
 27656	100	91	32	11	7	104	0	36
 27702	101	91	32	15	7	105	0	36
 27747	102	92	32	15	7	106	0	36
 27792	102	92	32	15	7	107	0	36
 27838	102	93	32	15	7	107	0	36
 27883	102	93	32	15	7	108	0	36
 27929	102	93	32	15	7	109	0	36
 27974	102	93	32	15	7	110	0	36
 28019	102	93	32	15	7	110	0	36
 28065	102	93	32	15	7	111	0	36
 28110	101	93	32	15	7	112	0	36
 28155	101	93	32	15	7	113	0	36
 28201	100	93	32	15	7	113	0	36
 28246	100	93	32	15	7	114	0	37
 28291	102	93	32	15	7	115	0	37
 28337	102	93	32	15	7	116	0	37
 28382	99	93	32	11	7	116	0	37
 28427	95	93	32	11	7	117	0	37
 28473	93	92	32	11	7	118	0	37
 28518	92	91	32	11	7	119	0	37
 28563	95	89	32	11	7	119	0	37
 28609	101	87	32	11	7	120	0	37
 28654	101	86	32	11	7	121	0	37
 28700	101	87	32	15	7	122	0	37
 28745	102	87	32	15	7	122	0	37
 28790	102	88	32	15	7	123	0	37
 28836	103	88	32	7	8	64	0	37
 28881	103	89	32	7	8	65	0	37
 28926	102	89	32	7	8	65	0	37
 28972	102	89	33	7	8	66	0	37
 29017	101	90	32	7	8	67	0	37
 29017	101	90	32	7	8	67	0	37
 29062	100	90	32	7	8	68	0	37
 29108	101	90	32	7	8	68	0	37
 29153	100	90	32	3	8	69	0	37
 29198	96	90	32	3	8	70	0	37
 29244	92	90	32	3	8	71	0	37
 29289	90	89	32	3	8	71	0	37
 29334	90	88	32	3	8	72	0	37
 29380	96	87	32	3	8	73	0	37
 29425	100	86	32	3	8	74	0	37
 29471	101	86	32	3	8	74	0	37
 29516	102	87	32	7	8	75	0	37
 29561	103	89	32	7	8	76	0	37
 29607	102	90	32	7	8	77	0	37
 29652	102	90	32	7	8	78	0	37
 29697	103	90	32	7	8	78	0	37
 29743	102	91	32	7	8	79	0	37
 29788	103	91	32	7	8	80	0	37
 29833	103	91	32	7	8	81	0	37
 29879	102	92	32	7	8	81	0	37
 29924	102	92	32	7	8	82	0	38
 29969	101	92	32	7	8	83	0	38
 30015	97	92	32	3	8	84	0	38
 30060	93	92	32	3	8	84	0	38
 30105	92	91	32	3	8	85	0	38
 30151	92	90	32	3	8	86	0	38
 30196	97	89	32	3	8	87	0	38
 30242	101	88	32	3	8	87	0	38
 30287	101	88	32	3	8	88	0	38
 30333	102	89	32	7	8	89	0	38
 30379	102	90	32	7	8	90	0	38
 30423	103	91	32	7	8	90	0	38
 30468	103	91	32	7	8	91	0	38
 30514	104	91	32	7	8	92	0	38
 30563	103	92	32	7	8	93	0	38
 30604	103	92	32	7	8	93	0	38
 30650	102	92	32	15	8	94	0	38
 30695	102	92	32	15	8	95	0	38
 30740	101	93	32	15	8	96	0	38
 30786	100	93	32	15	8	96	0	38
 30831	100	93	32	15	8	97	0	38
 30876	97	92	32	11	8	98	0	38
 30922	94	92	32	11	8	99	0	38
 30967	92	92	32	11	8	99	0	38
 31013	93	91	32	11	8	100	0	38
 31058	99	90	32	11	8	101	0	38
 31103	101	90	32	11	8	102	0	38
 31149	101	90	32	11	8	102	0	38
 31198	102	91	32	15	8	103	0	38
 31239	103	92	32	15	8	104	0	38
 31285	103	92	32	15	8	105	0	38
 31330	102	93	32	15	8	105	0	38
 31375	101	93	32	15	8	106	0	38
 31421	102	93	32	15	8	107	0	38
 31466	102	93	32	15	8	108	0	38
 31511	101	93	32	15	8	108	0	38
 31557	102	93	32	15	8	109	0	38
 31602	103	94	32	15	8	110	0	38
 31648	103	94	32	15	8	111	0	38
 31693	103	94	32	15	8	112	0	38
 31738	102	95	32	15	8	112	0	37
 31784	102	95	32	11	8	113	0	38
 31829	98	95	32	11	8	114	0	38
 31874	95	94	32	11	8	115	0	38
 31920	94	94	32	11	8	115	0	38
 31965	95	93	32	11	8	116	0	38
 32010	101	92	32	11	8	117	0	38
 32056	101	92	32	11	8	118	0	38
 32101	101	92	32	15	8	118	0	38
 32146	102	93	32	15	8	119	0	38
 32192	102	93	32	15	8	120	0	38
 32237	102	94	32	15	8	121	0	38
 32282	103	94	32	15	8	121	0	38
 32328	102	94	33	15	8	122	0	38
 32373	102	94	32	15	8	123	0	38
 32418	102	94	32	4	9	64	0	38
 32464	100	94	32	4	9	64	0	38
 32509	96	94	32	4	9	65	0	38
 32555	95	94	32	4	9	66	0	38
 32600	93	93	32	4	9	67	0	38
 32645	92	92	32	4	9	67	0	38
 32691	91	91	32	4	9	68	0	38
 32736	90	91	32	4	9	69	0	38
 32781	89	89	32	4	9	70	0	38
 32827	88	88	32	4	9	70	0	38
 32872	87	88	32	4	9	71	0	38
 32917	87	87	32	4	9	72	0	38
 32963	86	86	32	4	9	73	0	38
 33008	86	86	32	4	9	73	0	38
 33053	85	85	32	4	9	74	0	38
 33102	85	85	32	4	9	75	0	38
 33144	84	84	32	4	9	76	0	38
 33189	83	83	32	4	9	76	0	38
 33235	83	82	32	4	9	77	0	37
 33280	82	82	32	4	9	78	0	37
 33326	81	81	32	4	9	79	0	38
 33371	80	80	32	4	9	79	0	38
 33416	79	79	32	4	9	80	0	38
 33462	79	79	32	4	9	81	0	37
 33507	78	78	32	4	9	82	0	38
 33552	77	77	32	4	9	83	0	38
 33598	77	76	32	4	9	83	0	38
 33644	76	76	32	4	9	84	0	37
 33688	76	75	32	4	9	85	0	38
 33734	75	75	32	4	9	86	0	37
 33779	74	74	32	4	9	86	0	37
 33824	74	74	32	4	9	87	0	37
 33870	73	73	32	4	9	88	0	37
 33915	73	73	32	4	9	89	0	37
 33961	72	72	33	4	9	89	0	37
 34006	72	72	32	4	9	90	0	37
 34051	72	71	32	4	9	91	0	37
 34097	71	71	32	4	9	92	0	37
 34142	71	70	32	4	9	92	0	37
 34187	70	70	32	4	9	93	0	37
 34233	70	69	32	12	9	94	0	37
 34278	69	69	32	12	9	95	0	38
 34323	69	69	32	12	9	95	0	38
 34369	68	68	32	12	9	96	0	37
 34414	68	68	32	12	9	97	0	38
 34459	67	67	32	12	9	98	0	38
 34505	67	67	32	12	9	98	0	38
 34550	67	67	32	12	9	99	0	38
 34595	66	66	32	12	9	100	0	38
 34641	66	66	32	12	9	101	0	38
 34686	66	65	32	12	9	101	0	37
 34732	65	65	32	12	9	102	0	37
 34777	65	65	32	12	9	103	0	37
 34822	65	64	32	12	9	104	0	37
 34868	64	64	32	12	9	104	0	37
 34913	64	64	32	12	9	105	0	37
 34958	64	63	32	12	9	106	0	37
 35004	63	63	32	12	9	107	0	37
 35049	63	63	32	12	9	107	0	37
 35094	63	62	32	12	9	108	0	37
 35140	62	62	32	12	9	109	0	37
 35185	62	62	32	12	9	110	0	37
 35230	62	62	32	12	9	110	0	37
 35276	62	62	32	12	9	111	0	37
 35321	61	61	32	12	9	112	0	37
 35367	61	61	32	12	9	113	0	37
 35412	61	61	32	12	9	113	0	37
 35457	61	60	32	12	9	114	0	37
 35503	60	60	32	12	9	115	0	37
 35548	60	60	33	12	9	116	0	37
 35593	60	60	32	12	9	117	0	37
 35639	60	59	32	12	9	117	0	37
 35684	60	59	32	12	9	118	0	37
 35729	59	59	33	12	9	119	0	37
 35775	59	59	33	12	9	120	0	37
 35820	59	59	32	12	9	120	0	37
 35865	59	58	33	12	9	121	0	37
 35911	58	58	33	12	9	122	0	37
 35956	58	58	32	12	9	123	0	37
 36001	58	58	32	12	9	123	0	37
 36047	58	57	32	4	10	64	0	36
 36092	58	57	32	4	10	65	0	37
 36138	57	57	32	4	10	66	0	36
 36183	57	57	32	4	10	66	0	36
 36228	57	57	33	4	10	67	0	36
 36274	57	56	33	4	10	68	0	36
 36319	57	56	33	4	10	69	0	36
 36364	56	56	32	4	10	69	0	36
 36410	56	56	33	4	10	70	0	36
 36455	56	56	33	4	10	71	0	36
 36500	56	56	33	4	10	72	0	36
 36546	55	55	33	4	10	72	0	36
 36591	55	55	32	4	10	73	0	36
 36636	55	55	32	4	10	74	0	36
 36682	55	55	32	4	10	75	0	36
 36727	55	55	32	4	10	75	0	36
 36772	55	54	33	4	10	76	0	36
 36818	55	54	33	4	10	77	0	36
 36863	54	54	32	4	10	78	0	36
 36909	54	54	32	4	10	78	0	36
 36954	54	54	33	4	10	79	0	36
 36999	54	53	33	4	10	80	0	36
 37045	54	53	33	4	10	81	0	36
 37090	54	53	32	4	10	81	0	36
 37135	53	53	33	4	10	82	0	36
 37181	53	53	32	4	10	83	0	36
 37226	53	53	32	4	10	84	0	36
 37271	53	52	32	4	10	84	0	36
 37317	53	52	33	4	10	85	0	36
 37362	52	52	33	4	10	86	0	35
 37407	52	52	32	4	10	87	0	35
 37453	52	52	32	4	10	87	0	35
 37498	52	52	33	4	10	88	0	35
 37543	52	52	32	4	10	89	0	35
 37589	52	51	33	4	10	90	0	35
 37634	52	51	33	4	10	91	0	35
 37680	51	51	32	4	10	91	0	35
 37725	51	51	32	4	10	92	0	35
 37770	51	51	32	4	10	93	0	35
 37816	51	51	33	12	10	94	0	35
 37861	51	50	32	12	10	94	0	35
 37906	51	50	33	12	10	95	0	35
 37952	51	50	32	12	10	96	0	35
 37997	50	50	32	12	10	97	0	35
 38042	50	50	32	12	10	97	0	35
 38133	50	50	32	12	10	99	0	35
 38178	50	49	33	12	10	100	0	35
 38224	50	49	32	12	10	100	0	35
 38269	49	49	33	12	10	101	0	35
 38314	50	49	32	12	10	102	0	35
 38360	49	49	33	12	10	103	0	35
 38405	49	49	33	12	10	103	0	35
 38451	49	48	33	12	10	104	0	35
 38496	49	48	33	12	10	105	0	35
 38541	49	48	33	12	10	106	0	35
 38587	49	48	33	12	10	106	0	35
 38633	48	48	33	12	10	107	0	35
 38677	48	48	33	12	10	108	0	35
 38723	48	48	33	12	10	109	0	35
 38768	48	48	33	12	10	109	0	35
 38813	48	48	33	12	10	110	0	35
 38859	48	48	33	12	10	111	0	35
 38904	48	47	33	12	10	112	0	35
 38949	48	47	33	8	10	112	0	35
 38995	48	47	33	8	10	113	0	34
 39040	48	47	33	8	10	114	0	35
 39085	48	47	33	8	10	115	0	35
 39131	48	47	33	8	10	115	0	34
 39176	48	47	33	8	10	116	0	34
 39222	47	47	33	12	10	117	0	34
 39267	47	47	33	12	10	118	0	34
 39312	47	47	33	12	10	118	0	34
 39358	47	46	33	12	10	119	0	34
 39403	47	46	33	12	10	120	0	34
 39448	47	46	33	12	10	121	0	34
 39494	47	46	33	12	10	121	0	34
 39539	47	46	33	12	10	122	0	34
 39584	46	46	33	12	10	123	0	34
 39631	46	46	33	7	11	64	0	34
 39675	50	46	33	7	11	65	0	34
 39720	65	46	33	7	11	65	0	34
 39766	89	46	33	7	11	66	0	34
 39811	96	48	33	7	11	67	0	34
 39857	100	52	33	7	11	68	0	34
 39902	99	56	33	3	11	68	0	34
 39947	85	58	33	3	11	69	0	35
 39993	74	58	33	3	11	70	0	35
 40038	64	57	33	3	11	71	0	35
 40083	58	55	33	3	11	71	0	35
 40129	56	55	33	3	11	72	0	35
 40174	57	56	33	3	11	73	0	35
 40219	58	57	33	3	11	74	0	35
 40265	58	58	33	3	11	74	0	35
 40310	59	58	33	3	11	75	0	35
 40355	63	58	33	3	11	76	0	35
 40401	77	58	33	3	11	77	0	35
 40446	96	59	33	3	11	77	0	35
 40491	98	62	33	3	11	78	0	35
 40537	99	65	33	3	11	79	0	35
 40582	99	67	33	3	11	80	0	35
 40627	99	68	33	3	11	80	0	35
 40673	92	69	33	3	11	81	0	35
 40718	83	69	33	3	11	82	0	35
 40764	85	70	33	3	11	83	0	35
 40809	91	70	33	3	11	83	0	36
 40854	94	71	33	3	11	84	0	36
 40900	93	74	33	3	11	85	0	36
 40945	96	76	33	3	11	86	0	36
 40990	98	78	33	3	11	86	0	36
 41036	98	79	33	3	11	87	0	36
 41085	98	81	34	3	11	88	0	36
 41126	98	82	33	3	11	89	0	36
 41172	98	83	33	3	11	89	0	36
 41217	99	83	33	3	11	90	0	36
 41262	100	84	33	3	11	91	0	36
 41308	100	84	33	3	11	92	0	36
 41353	99	86	33	3	11	92	0	36
 41398	99	86	33	3	11	93	0	36
 41444	99	86	33	11	11	94	0	36
 41489	100	87	33	15	11	95	0	37
 41535	101	87	33	15	11	96	0	37
 41580	101	88	33	15	11	96	0	37
 41625	100	89	33	15	11	97	0	37
 41671	101	89	33	15	11	98	0	37
 41716	99	89	33	15	11	99	0	37
 41761	101	90	33	15	11	99	0	37
 41807	101	90	33	15	11	100	0	37
 41852	100	90	33	15	11	101	0	37
 41897	100	91	33	15	11	102	0	37
 41943	98	91	33	11	11	102	0	37
 41988	94	91	33	11	11	103	0	37
 42033	92	91	33	11	11	104	0	37
 42079	91	90	33	11	11	105	0	37
 42124	92	89	33	11	11	105	0	37
 42170	99	89	33	11	11	106	0	37
 42215	98	89	33	11	11	107	0	37
 42260	98	89	33	15	11	108	0	37
 42306	99	90	33	15	11	108	0	37
 42351	99	90	33	15	11	109	0	37
 42396	99	90	33	15	11	110	0	37
 42442	100	90	33	15	11	111	0	37
 42487	100	91	33	15	11	111	0	37
 42578	100	91	33	15	11	113	0	37
 42623	99	91	33	15	11	114	0	37
 42668	99	91	33	15	11	114	0	37
 42714	99	91	33	15	11	115	0	37
 42759	98	91	33	15	11	116	0	37
 42804	98	91	33	15	11	117	0	37
 42850	98	91	33	15	11	117	0	37
 42895	97	91	33	15	11	118	0	38
 42941	98	91	33	11	11	119	0	37
 42986	95	91	33	11	11	120	0	37
 43031	92	91	33	11	11	120	0	37
 43077	91	91	33	11	11	121	0	37
 43122	93	90	33	11	11	122	0	38
 43167	99	89	33	11	11	123	0	37
 43213	98	89	33	11	11	123	0	38
 43258	98	90	33	7	12	64	0	38
 43303	99	90	33	7	12	65	0	37
 43349	99	91	33	7	12	66	0	37
 43394	99	91	33	7	12	66	0	38
 43439	99	91	33	7	12	67	0	38
 43485	100	91	33	7	12	68	0	38
 43530	99	91	33	7	12	69	0	38
 43575	100	91	33	7	12	70	0	38
 43621	99	91	33	7	12	70	0	38
 43670	99	92	33	7	12	71	0	37
 43712	99	92	33	7	12	72	0	38
 43757	99	92	33	7	12	73	0	38
 43802	99	92	33	7	12	73	0	38
 43848	98	92	33	7	12	74	0	38
 43893	98	92	33	7	12	75	0	38
 43938	97	92	33	7	12	76	0	38
 43984	96	92	33	3	12	76	0	38
 44029	93	91	33	3	12	77	0	38
 44074	91	91	33	3	12	78	0	38
 44120	92	90	33	3	12	79	0	38
 44165	98	90	33	3	12	79	0	38
 44210	97	89	33	3	12	80	0	38
 44256	98	90	33	3	12	81	0	38
 44301	99	90	33	7	12	82	0	38
 44347	99	90	33	7	12	82	0	38
 44392	99	91	33	7	12	83	0	38
 44437	99	91	33	7	12	84	0	38
 44483	100	91	33	7	12	85	0	38
 44528	99	91	33	7	12	85	0	38
 44573	100	91	33	7	12	86	0	38
 44619	100	91	33	7	12	87	0	38
 44664	99	91	33	7	12	88	0	38
 44709	99	92	33	7	12	88	0	38
 44755	99	92	33	7	12	89	0	38
 44800	99	92	33	7	12	90	0	38
 44845	98	92	33	7	12	91	0	38
 44891	98	92	33	7	12	91	0	38
 44936	98	92	33	7	12	92	0	38
 44982	97	92	34	3	12	93	0	38
 45072	92	91	34	11	12	94	0	38
 45118	91	91	33	11	12	95	0	38
 45163	95	90	33	11	12	96	0	38
 45208	98	89	33	11	12	97	0	38
 45254	98	89	33	11	12	98	0	38
 45299	99	90	33	15	12	98	0	38
 45344	99	90	34	15	12	99	0	38
 45390	100	91	33	15	12	100	0	39
 45435	99	91	33	15	12	101	0	39
 45480	100	91	34	15	12	101	0	39
 45526	100	91	33	15	12	102	0	39
 45571	100	91	33	15	12	103	0	39
 45616	100	91	33	15	12	104	0	39
 45662	99	91	33	15	12	104	0	39
 45707	99	92	33	15	12	105	0	39
 45753	99	92	33	15	12	106	0	39
 45798	99	92	33	15	12	107	0	39
 45843	98	92	33	15	12	107	0	39
 45889	98	92	33	15	12	108	0	39
 45934	98	92	33	15	12	109	0	39
 45979	97	91	34	15	12	110	0	39
 46025	96	92	33	11	12	110	0	39
 46070	93	91	33	11	12	111	0	39
 46115	91	91	33	11	12	112	0	39
 46161	92	90	33	11	12	113	0	39
 46206	98	89	34	11	12	113	0	39
 46255	98	89	34	11	12	114	0	39
 46297	98	90	34	11	12	115	0	39
 46342	98	90	33	15	12	116	0	39
 46387	99	91	34	15	12	117	0	39
 46433	99	91	34	15	12	117	0	39
 46478	99	91	34	15	12	118	0	39
 46524	99	91	34	15	12	119	0	39
 46569	100	91	34	15	12	120	0	39
 46614	100	91	34	15	12	120	0	39
 46660	100	91	34	15	12	121	0	39
 46705	99	91	34	15	12	122	0	39
 46750	99	91	34	15	12	123	0	39
 46796	99	91	34	15	12	123	0	39
 46841	98	91	34	7	13	64	0	39
 46886	98	91	34	7	13	65	0	39
 46932	98	91	34	7	13	66	0	40
 46977	97	91	34	7	13	66	0	39
 47022	98	90	34	7	13	67	0	39
 47113	94	90	34	3	13	69	0	40
 47158	91	90	34	3	13	69	0	40
 47204	90	90	34	3	13	70	0	39
 47249	93	89	34	3	13	71	0	40
 47295	98	88	34	3	13	72	0	40
 47340	98	87	34	3	13	72	0	40
 47385	97	88	34	7	13	73	0	39
 47431	98	88	34	7	13	74	0	39
 47476	97	88	35	7	13	75	0	40
 47523	97	88	34	7	13	75	0	40
 47567	98	88	34	7	13	76	0	40
 47612	97	88	34	7	13	77	0	40
 47657	98	88	34	7	13	78	0	40
 47703	97	88	34	7	13	78	0	40
 47748	97	88	34	7	13	79	0	40
 47793	98	88	35	7	13	80	0	40
 47839	97	88	34	7	13	81	0	39
 47884	98	89	34	7	13	81	0	39
 47930	99	88	35	7	13	82	0	40
 47975	98	88	35	3	13	83	0	40
 48020	93	89	35	3	13	84	0	40
 48066	90	88	35	3	13	84	0	39
 48111	88	88	35	3	13	85	0	40
 48156	89	87	35	3	13	86	0	40
 48202	95	86	35	3	13	87	0	40
 48247	95	86	35	3	13	87	0	40
 48292	97	86	35	3	13	88	0	40
 48338	96	87	35	7	13	89	0	39
 48383	96	88	35	7	13	90	0	39
 48428	96	88	35	7	13	91	0	39
 48474	96	88	34	7	13	91	0	39
 48565	96	88	35	7	13	93	0	39
 48610	96	88	35	15	13	94	0	39
 48655	96	88	35	15	13	94	0	39
 48701	98	88	35	15	13	95	0	39
 48746	96	88	35	15	13	96	0	39
 48791	98	88	34	15	13	97	0	39
 48837	96	88	35	15	13	97	0	39
 48882	98	89	35	15	13	98	0	39
 48927	98	89	34	15	13	99	0	39
 48973	97	89	35	11	13	100	0	39
 49018	93	89	35	11	13	100	0	39
 49063	90	89	35	11	13	101	0	40
 49109	89	88	35	11	13	102	0	40
 49154	90	88	35	11	13	103	0	39
 49199	96	87	35	11	13	103	0	39
 49245	96	87	35	11	13	104	0	40
 49290	96	88	35	11	13	105	0	40
 49336	97	88	35	15	13	106	0	40
 49381	98	88	35	15	13	106	0	40
 49426	98	89	35	15	13	107	0	39
 49472	98	89	35	15	13	108	0	39
 49517	98	90	35	15	13	109	0	39
 49562	98	89	35	15	13	109	0	40
 49611	98	89	35	15	13	110	0	40
 49653	98	89	35	15	13	111	0	40
 49698	98	90	35	15	13	112	0	40
 49744	98	90	35	15	13	112	0	40
 49789	97	90	36	15	13	113	0	40
 49834	97	90	36	15	13	114	0	40
 49880	97	90	35	15	13	115	0	40
 49925	96	90	35	15	13	115	0	40
 49971	96	90	35	15	13	116	0	40
 50016	94	90	35	11	13	117	0	40
 50061	91	90	35	11	13	118	0	40
 50107	90	90	35	11	13	118	0	40
 50152	91	89	35	11	13	119	0	39
 50197	96	88	35	11	13	120	0	40
 50243	96	88	35	11	13	121	0	40
 50288	96	89	35	11	13	121	0	40
 50333	97	89	35	15	13	122	0	39
 50379	97	89	35	15	13	123	0	40
 50424	98	89	35	7	14	64	0	40
 50469	98	89	36	7	14	65	0	40
 50515	98	90	35	7	14	65	0	40
 50560	98	90	35	7	14	66	0	40
 50605	98	90	35	7	14	67	0	40
 50651	98	90	36	7	14	68	0	39
 50697	98	90	35	7	14	68	0	40
 50742	98	90	35	7	14	69	0	40
 50787	97	90	35	7	14	70	0	40
 50832	97	90	35	7	14	71	0	40
 50878	97	90	35	7	14	71	0	40
 50968	96	90	35	7	14	73	0	40
 51014	96	90	35	7	14	74	0	40
 51059	95	90	35	3	14	74	0	40
 51104	92	90	35	3	14	75	0	40
 51150	90	90	35	3	14	76	0	40
 51195	90	89	35	3	14	77	0	40
 51240	94	88	35	3	14	77	0	40
 51286	96	88	35	3	14	78	0	40
 51331	96	88	35	3	14	79	0	40
 51377	96	89	35	7	14	80	0	40
 51422	97	89	35	7	14	80	0	40
 51467	97	89	35	7	14	81	0	40
 51513	97	89	35	7	14	82	0	40
 51558	97	89	35	7	14	83	0	40
 51603	97	89	35	7	14	83	0	40
 51649	98	89	35	7	14	84	0	40
 51694	97	89	35	7	14	85	0	40
 51739	97	89	35	7	14	86	0	40
 51785	97	89	35	7	14	86	0	40
 51830	97	89	35	7	14	87	0	40
 51875	96	89	35	7	14	88	0	40
 51921	96	90	35	7	14	89	0	40
 51966	96	89	35	7	14	89	0	40
 52011	96	89	35	7	14	90	0	40
 52057	95	89	35	7	14	91	0	40
 52102	97	89	35	7	14	92	0	40
 52148	93	89	35	3	14	92	0	40
 52193	91	89	35	3	14	93	0	40
 52238	89	89	35	11	14	94	0	40
 52284	91	88	35	11	14	95	0	40
 52329	97	87	35	11	14	96	0	40
 52420	97	88	35	11	14	97	0	40
 52465	97	88	35	15	14	98	0	40
 52510	98	88	35	15	14	99	0	40
 52556	98	88	35	15	14	99	0	40
 52601	98	88	35	15	14	100	0	40
 52646	98	89	35	15	14	101	0	40
 52692	98	89	35	15	14	102	0	40
 52737	98	89	35	15	14	102	0	40
 52783	98	89	35	15	14	103	0	40
 52828	98	89	35	15	14	104	0	40
 52873	97	89	35	15	14	105	0	40
 52919	97	89	35	15	14	105	0	40
 52964	97	89	35	15	14	106	0	40
 53009	96	89	36	15	14	107	0	40
 53055	97	89	35	15	14	108	0	40
 53100	97	89	35	11	14	108	0	40
 53145	93	89	35	11	14	109	0	40
 53191	90	88	35	11	14	110	0	40
 53236	88	88	35	11	14	111	0	40
 53281	90	87	35	11	14	111	0	40
 53327	97	86	35	11	14	112	0	40
 53372	97	86	35	11	14	113	0	40
 53418	97	87	35	11	14	114	0	40
 53463	98	88	35	15	14	114	0	40
 53508	97	88	35	15	14	115	0	40
 53554	98	88	35	15	14	116	0	40
 53599	99	88	35	15	14	117	0	40
 53644	97	88	35	15	14	117	0	40
 53690	98	88	35	15	14	118	0	40
 53735	98	88	35	15	14	119	0	40
 53780	97	88	35	15	14	120	0	40
 53826	98	88	35	15	14	120	0	40
 53871	97	89	35	15	14	121	0	40
 53916	99	89	35	15	14	122	0	40
 53962	99	89	35	15	14	123	0	40
 54007	98	89	35	11	14	123	0	40
 54057	94	90	35	19	15	64	0	40
 54098	91	90	35	19	15	65	0	40
 54143	89	89	35	19	15	66	0	40
 54189	90	89	35	19	15	66	0	40
 54234	97	88	35	19	15	67	0	40
 54279	96	88	35	19	15	68	0	40
 54325	97	88	35	19	15	69	0	40
 54370	97	89	35	23	15	70	0	40
 54415	98	89	35	23	15	70	0	40
 54461	98	90	35	23	15	71	0	40
 54506	98	90	35	23	15	72	0	40
 54551	99	90	35	23	15	73	0	40
 54597	98	90	35	23	15	73	0	40
 54642	98	90	35	23	15	74	0	40
 54687	98	90	35	23	15	75	0	40
 54733	98	90	35	23	15	76	0	40
 54778	98	90	35	23	15	76	0	40
 54824	98	90	35	23	15	77	0	40
 54869	97	90	35	23	15	78	0	40
 54924	97	90	35	23	15	79	0	40
 54960	97	90	35	23	15	79	0	40
 55005	96	90	35	23	15	80	0	40
 55050	95	90	35	19	15	81	0	40
 55096	92	90	35	19	15	82	0	40
 55141	90	90	35	19	15	82	0	40
 55186	90	89	35	19	15	83	0	40
 55232	95	88	35	19	15	84	0	40
 55277	96	88	35	19	15	85	0	40
 55323	96	88	35	19	15	85	0	40
 55368	96	89	35	23	15	86	0	40
 55413	97	89	35	23	15	87	0	40
 55458	97	89	35	23	15	88	0	41
 55504	98	89	35	23	15	88	0	41
 55549	97	89	35	23	15	89	0	41
 55595	97	89	35	23	15	90	0	41
 55640	98	90	35	23	15	91	0	41
 55685	98	90	35	23	15	91	0	40
 55731	98	90	35	23	15	92	0	40
 55776	98	90	35	23	15	93	0	41
 55821	97	90	35	31	15	94	0	41
 55867	97	90	35	31	15	94	0	41
 55912	97	90	35	31	15	95	0	41
 55957	96	90	35	31	15	96	0	41
 56003	96	90	35	31	15	97	0	41
 56048	96	90	36	31	15	97	0	41
 56093	95	90	36	31	15	98	0	41
 56139	95	90	35	27	15	99	0	41
 56184	92	89	36	27	15	100	0	42
 56230	90	90	36	27	15	100	0	42
 56275	90	89	36	27	15	101	0	42
 56320	94	88	36	27	15	102	0	42
 56366	96	87	36	27	15	103	0	42
 56411	95	87	36	27	15	104	0	42
 56456	96	88	36	31	15	104	0	42
 56502	96	88	36	31	15	105	0	42
 56547	97	89	36	31	15	106	0	42
 56592	97	89	36	31	15	107	0	42
 56638	97	88	36	31	15	107	0	42
 56683	97	89	36	31	15	108	0	42
 56728	97	89	36	31	15	109	0	42
 56774	96	89	36	31	15	110	0	42
 56819	97	89	36	31	15	110	0	42
 56865	96	89	36	31	15	111	0	42
 56910	96	89	36	31	15	112	0	42
 56955	96	89	36	31	15	113	0	42
 57001	95	89	36	31	15	113	0	42
 57046	95	89	36	31	15	114	0	42
 57096	95	89	36	31	15	115	0	42
 57137	94	89	36	31	15	116	0	42
 57182	94	89	36	31	15	116	0	42
 57227	92	88	36	27	15	117	0	42
 57273	89	88	36	27	15	118	0	42
 57318	88	87	36	27	15	119	0	42
 57365	90	86	37	27	15	119	0	42
 57409	94	86	36	27	15	120	0	42
 57454	93	86	36	27	15	121	0	42
 57499	94	86	36	31	15	122	0	42
 57545	94	87	36	31	15	122	0	42
 57590	94	86	36	31	15	123	0	42
 57636	95	87	36	39	16	64	0	42
 57681	95	87	36	39	16	65	0	42
 57726	95	87	36	39	16	65	0	41
 57772	94	87	36	39	16	66	0	42
 57817	94	87	36	39	16	67	0	42
 57862	94	87	36	39	16	68	0	41
 57908	94	87	36	39	16	68	0	42
 57953	94	87	36	39	16	69	0	42
 57998	93	87	36	39	16	70	0	41
 58044	93	87	36	39	16	71	0	42
 58089	96	87	36	39	16	71	0	42
 58134	97	87	36	39	16	72	0	42
 58180	94	87	36	39	16	73	0	42
 58225	94	87	36	39	16	74	0	42
 58271	95	87	36	35	16	74	0	42
 58316	91	87	35	35	16	75	0	42
 58370	88	87	36	35	16	76	0	42
 58416	87	86	35	35	16	77	0	41
 58461	89	85	36	35	16	78	0	41
 58506	95	84	35	35	16	78	0	41
 58552	96	85	36	35	16	79	0	41
 58597	95	86	36	39	16	80	0	41
 58642	95	87	35	39	16	81	0	41
 58688	94	87	36	39	16	81	0	41
 58733	96	86	35	39	16	82	0	41
 58778	97	86	36	39	16	83	0	41
 58824	95	86	35	39	16	84	0	41
 58869	96	86	36	39	16	84	0	41
 58915	97	86	35	39	16	85	0	41
 58960	95	86	35	39	16	86	0	42
 59005	97	87	35	39	16	87	0	42
 59051	97	87	36	39	16	87	0	41
 59096	97	87	35	39	16	88	0	42
 59141	97	87	35	39	16	89	0	41
 59187	98	88	35	39	16	90	0	41
 59232	95	87	35	35	16	91	0	42
 59277	91	88	35	35	16	91	0	41
 59323	88	87	36	35	16	92	0	41
 59368	87	87	36	35	16	93	0	42
 59413	89	85	35	43	16	94	0	42
 59459	96	85	35	43	16	94	0	41
 59504	97	85	35	43	16	95	0	42
 59550	96	86	35	47	16	96	0	41
 59595	96	87	35	47	16	97	0	41
 59640	96	88	35	47	16	97	0	42
 59686	96	88	35	47	16	98	0	41
 59731	96	88	35	47	16	99	0	41
 59776	96	88	35	47	16	100	0	41
 59822	96	88	35	47	16	100	0	41
 59867	96	88	35	47	16	101	0	41
 59912	96	88	35	47	16	102	0	41
 59958	96	88	35	47	16	103	0	41
 60003	96	88	35	47	16	103	0	41
 60048	99	88	35	47	16	104	0	41
 60094	97	88	35	47	16	105	0	41
 60139	99	89	35	47	16	106	0	41
 60184	99	89	35	47	16	106	0	42
 60230	98	89	35	43	16	107	0	41
 60275	94	90	35	43	16	108	0	41
 60321	91	90	35	43	16	109	0	41
 60369	89	89	35	43	16	109	0	41
 60411	90	88	35	43	16	110	0	41
 60457	96	87	35	43	16	111	0	41
 60502	96	87	35	43	16	112	0	41
 60547	97	88	35	43	16	112	0	41
 60593	98	89	35	47	16	113	0	41
 60638	99	89	35	47	16	114	0	41
 60683	99	90	35	47	16	115	0	41
 60729	99	90	35	47	16	115	0	41
 60774	99	90	35	47	16	116	0	41
 60819	99	90	35	47	16	117	0	41
 60865	99	90	35	47	16	118	0	41
 60910	99	90	35	47	16	118	0	41
 60955	99	90	35	47	16	119	0	41
 61001	98	90	35	47	16	120	0	41
 61046	98	90	35	47	16	121	0	41
 61091	97	90	35	47	16	121	0	41
 61137	97	90	35	47	16	122	0	42
 61182	97	90	35	47	16	123	0	42
 61228	97	90	35	39	17	64	0	42
 61273	96	90	35	35	17	65	0	42
 61318	92	90	35	35	17	65	0	41
 61364	90	90	35	35	17	66	0	41
 61409	91	89	35	35	17	67	0	41
 61454	96	88	35	35	17	68	0	41
 61500	97	88	35	35	17	68	0	41
 61545	98	89	35	35	17	69	0	41
 61590	99	90	35	39	17	70	0	41
 61636	99	90	35	39	17	71	0	41
 61681	99	90	35	39	17	71	0	41
 61726	99	90	35	39	17	72	0	41
 61772	100	90	35	39	17	73	0	42
 61862	99	90	35	39	17	74	0	41
 61908	99	90	35	39	17	75	0	41
 61953	99	90	35	39	17	76	0	41
 61999	98	90	35	39	17	77	0	41
 62044	98	90	35	39	17	77	0	41
 62089	98	91	35	39	17	78	0	42
 62135	97	91	35	39	17	79	0	42
 62180	97	90	35	39	17	80	0	42
 62225	99	90	35	39	17	80	0	42
 62271	97	90	35	35	17	81	0	42
 62316	93	90	35	35	17	82	0	41
 62361	91	90	35	35	17	83	0	41
 62407	90	89	35	35	17	83	0	42
 62452	93	89	35	35	17	84	0	41
 62497	98	88	35	35	17	85	0	42
 62543	98	88	35	35	17	86	0	41
 62588	99	89	35	39	17	86	0	41
 62679	100	90	35	39	17	88	0	41
 62724	100	90	35	39	17	89	0	42
 62770	100	90	35	39	17	89	0	42
 62815	100	90	35	39	17	90	0	41
 62860	100	91	35	39	17	91	0	42
 62906	100	91	35	39	17	92	0	41
 62951	100	91	35	39	17	92	0	42
 62996	99	91	35	39	17	93	0	41
 63042	99	91	35	47	17	94	0	42
 63087	99	91	35	47	17	95	0	42
 63132	98	91	35	47	17	96	0	42
 63178	98	91	35	47	17	96	0	42
 63223	97	90	35	47	17	97	0	41
 63268	94	91	35	43	17	98	0	41
 63314	91	90	35	43	17	99	0	42
 63359	90	90	35	43	17	99	0	41
 63405	92	89	35	43	17	100	0	41
 63450	99	88	35	43	17	101	0	41
 63495	98	88	35	43	17	102	0	41
 63541	99	89	35	43	17	102	0	41
 63586	100	90	35	47	17	103	0	42
 63632	100	90	35	47	17	104	0	41
 63635	100	90	35	47	17	104	0	41
 63677	100	91	35	47	17	105	0	42
 63722	100	91	35	47	17	105	0	41
 63767	100	90	35	47	17	106	0	41
 63813	100	91	35	47	17	107	0	41
 63858	100	91	35	47	17	108	0	41
 63903	100	91	35	47	17	108	0	41
 63949	100	91	35	47	17	109	0	41
 63994	99	91	35	47	17	110	0	41
 64039	99	91	35	47	17	111	0	41
 64085	99	91	35	47	17	111	0	41
 64130	98	91	34	47	17	112	0	41
 64176	98	91	35	47	17	113	0	41
 64221	97	91	35	43	17	114	0	41
 64266	94	91	35	43	17	114	0	41
 64312	91	91	35	43	17	115	0	41
 64357	91	90	35	43	17	116	0	41
 64402	94	89	35	43	17	117	0	41
 64448	98	88	35	43	17	117	0	41
 64493	100	88	34	43	17	118	0	41
 64538	98	89	35	47	17	119	0	41
 64584	100	90	35	47	17	120	0	41
 64629	99	90	35	47	17	120	0	41
 64674	99	90	35	47	17	121	0	41
 64720	100	89	35	47	17	122	0	41
 64765	98	89	35	47	17	123	0	41
 64811	100	90	35	47	17	123	0	41
 64856	100	90	34	7	18	64	0	41
 64901	101	90	34	7	18	65	0	41
 64947	100	90	34	7	18	66	0	41
 64992	99	90	35	7	18	66	0	41
 65037	100	90	34	7	18	67	0	41
 65083	100	90	35	7	18	68	0	41
 65128	100	90	34	7	18	69	0	41
 65173	97	90	35	3	18	70	0	41
 65219	93	91	34	3	18	70	0	41
 65264	91	90	35	3	18	71	0	41
 65309	90	89	35	3	18	72	0	41
 65355	93	88	35	3	18	73	0	41
 65404	99	87	35	3	18	73	0	41
 65445	98	88	34	3	18	74	0	41
 65491	100	89	34	7	18	75	0	41
 65536	100	90	35	7	18	76	0	41
 65582	101	91	34	7	18	76	0	41
 65627	101	91	34	7	18	77	0	41
 65672	99	91	34	7	18	78	0	41
 65718	100	91	34	7	18	79	0	41
 65763	100	91	35	7	18	79	0	41
 65808	100	91	34	7	18	80	0	41
 65854	99	91	34	7	18	81	0	41
 65899	100	91	35	7	18	82	0	41
 65944	100	91	34	7	18	82	0	41
 65990	99	91	34	7	18	83	0	41
 66035	101	92	35	7	18	84	0	41
 66126	100	92	34	7	18	85	0	41
 66171	98	92	35	3	18	86	0	41
 66216	94	92	35	3	18	87	0	41
 66262	92	92	35	3	18	88	0	41
 66307	92	91	35	3	18	88	0	41
 66356	96	90	35	3	18	89	0	41
 66398	98	89	35	3	18	90	0	41
 66443	98	90	35	3	18	91	0	41
 66489	100	91	35	7	18	91	0	41
 66534	100	91	35	7	18	92	0	41
 66579	101	91	35	7	18	93	0	41
 66625	101	91	35	15	18	94	0	41
 66715	100	91	35	15	18	95	0	41
 66761	100	91	35	15	18	96	0	41
 66851	100	92	35	15	18	97	0	41
 66897	100	91	35	15	18	98	0	41
 66942	99	92	35	15	18	99	0	41
 66987	99	92	35	15	18	100	0	41
 67033	98	91	35	15	18	100	0	41
 67078	98	91	34	15	18	101	0	41
 67124	100	91	35	15	18	102	0	41
 67169	100	91	34	15	18	103	0	41
 67214	97	91	35	11	18	104	0	41
 67260	93	91	35	11	18	104	0	41
 67305	91	91	35	11	18	105	0	41
 67350	91	89	35	11	18	106	0	41
 67396	97	88	35	11	18	107	0	41
 67441	99	88	35	11	18	107	0	41
 67486	99	89	35	11	18	108	0	41
 67532	100	90	35	15	18	109	0	41
 67622	102	91	35	15	18	110	0	41
 67668	100	91	34	15	18	111	0	41
 67713	99	91	34	15	18	112	0	41
 67758	101	91	34	15	18	113	0	41
 67804	99	91	34	15	18	113	0	41
 67849	100	91	34	15	18	114	0	41
 67895	100	91	34	15	18	115	0	41
 67940	99	91	34	15	18	116	0	41
 67985	101	91	34	15	18	116	0	41
 67998	101	91	34	15	18	117	0	41
 68031	101	91	34	15	18	117	0	41
 68076	101	91	34	15	18	118	0	41
 68121	101	91	34	15	18	119	0	41
 68167	99	92	34	11	18	119	0	41
 68212	95	91	34	11	18	120	0	41
 68257	92	91	34	11	18	121	0	42
 68303	90	90	34	11	18	122	0	42
 68348	92	89	34	11	18	122	0	41
 68393	99	88	34	11	18	123	0	41
 68439	100	88	34	16	19	64	0	41
 68484	95	89	34	20	19	65	0	41
 68529	92	90	34	20	19	65	0	41
 68575	90	90	35	20	19	66	0	41
 68620	89	88	34	20	19	67	0	41
 68666	87	87	34	20	19	68	0	41
 68711	86	87	34	20	19	68	0	41
 68756	85	86	34	20	19	69	0	41
 68802	85	85	34	20	19	70	0	41
 68847	84	84	34	20	19	71	0	41
 68892	84	84	34	20	19	71	0	41
 68938	83	83	34	20	19	72	0	41
 68983	83	83	34	20	19	73	0	41
 69028	82	82	34	20	19	74	0	41
 69074	81	81	34	20	19	74	0	41
 69119	81	81	34	20	19	75	0	41
 69164	80	80	34	20	19	76	0	41
 69210	79	79	35	20	19	77	0	41
 69255	79	79	35	20	19	78	0	41
 69301	78	78	35	20	19	78	0	41
 69346	78	78	34	20	19	79	0	41
 69391	77	77	35	20	19	80	0	41
 69437	77	77	34	20	19	81	0	41
 69482	76	76	34	20	19	81	0	41
 69527	76	76	34	20	19	82	0	41
 69573	75	75	35	20	19	83	0	41
 69619	75	75	35	20	19	84	0	41
 69663	74	74	35	20	19	84	0	41
 69709	74	73	35	20	19	85	0	41
 69754	73	73	35	20	19	86	0	41
 69799	73	73	35	20	19	87	0	41
 69845	73	72	34	20	19	87	0	41
 69890	72	72	34	20	19	88	0	41
 69981	71	71	34	20	19	90	0	41
 70026	71	71	34	20	19	90	0	41
 70072	71	70	34	20	19	91	0	41
 70117	70	70	34	20	19	92	0	41
 70162	69	69	34	20	19	93	0	41
 70208	69	69	34	20	19	93	0	41
 70253	68	68	34	28	19	94	0	41
 70298	68	67	34	28	19	95	0	41
 70344	67	67	35	28	19	96	0	41
 70389	67	66	34	28	19	96	0	41
 70434	66	66	34	28	19	97	0	41
 70480	66	65	34	28	19	98	0	41
 70525	65	65	34	28	19	99	0	41
 70570	65	65	34	28	19	99	0	41
 70616	65	64	34	28	19	100	0	40
 70661	64	64	34	28	19	101	0	40
 70752	64	63	34	28	19	102	0	40
 70797	63	63	34	28	19	103	0	40
 70843	63	63	34	28	19	104	0	40
 70888	63	62	34	28	19	105	0	40
 70933	63	62	34	28	19	105	0	40
 70979	62	62	34	28	19	106	0	40
 71024	62	62	34	28	19	107	0	40
 71069	62	61	34	28	19	108	0	40
 71115	62	61	34	28	19	108	0	40
 71160	61	61	34	28	19	109	0	40
 71205	61	61	34	28	19	110	0	39
 71251	61	61	34	28	19	111	0	39
 71296	61	60	34	28	19	112	0	39
 71341	60	60	34	28	19	112	0	39
 71387	60	60	34	28	19	113	0	39
 71432	60	60	33	28	19	114	0	39
 71478	60	59	34	28	19	115	0	39
 71523	60	59	34	28	19	115	0	39
 71568	60	59	34	28	19	116	0	39
 71614	59	59	34	28	19	117	0	39
 71659	59	59	35	28	19	118	0	39
 71704	59	59	34	28	19	118	0	39
 71750	59	58	34	28	19	119	0	39
 71795	59	58	34	28	19	120	0	39
 71840	58	58	34	28	19	121	0	39
 71886	58	58	34	28	19	121	0	39
 71931	58	58	34	28	19	122	0	39
 71976	58	57	34	28	19	123	0	39
 72022	58	57	34	20	20	64	0	39
 72067	57	57	34	20	20	64	0	39
 72112	57	57	34	20	20	65	0	39
 72158	57	57	34	20	20	66	0	39
 72203	57	56	34	20	20	67	0	39
 72249	57	56	34	20	20	67	0	39
 72294	57	56	34	20	20	68	0	39
 72339	56	56	34	20	20	69	0	39
 72385	56	56	34	20	20	70	0	38
 72430	56	56	33	20	20	70	0	38
 72475	56	55	34	20	20	71	0	38
 72521	56	55	34	20	20	72	0	38
 72566	56	55	34	20	20	73	0	38
 72611	55	55	34	20	20	73	0	38
 72657	55	55	34	20	20	74	0	38
 72747	55	54	34	20	20	76	0	38
 72793	55	54	34	20	20	76	0	38
 72838	55	54	34	20	20	77	0	38
 72883	54	54	34	20	20	78	0	38
 72929	54	54	34	20	20	79	0	38
 72974	54	54	34	20	20	79	0	38
 73019	54	53	33	20	20	80	0	38
 73065	54	53	33	20	20	81	0	38
 73110	54	53	34	20	20	82	0	38
 73156	53	53	34	20	20	83	0	38
 73201	53	53	33	20	20	83	0	38
 73246	53	53	33	20	20	84	0	38
 73292	53	53	34	20	20	85	0	38
 73337	53	53	34	20	20	86	0	38
 73382	53	52	34	20	20	86	0	38
 73428	53	52	34	20	20	87	0	38
 73473	52	52	34	20	20	88	0	38
 73518	52	52	34	20	20	89	0	38
 73564	52	52	34	20	20	89	0	38
 73609	52	52	34	20	20	90	0	38
 73654	52	52	34	20	20	91	0	38
 73700	52	51	34	20	20	92	0	38
 73745	52	51	34	20	20	92	0	37
 73790	52	51	34	20	20	93	0	37
 73836	51	51	34	28	20	94	0	37
 73881	51	51	34	28	20	95	0	37
 73927	51	51	34	28	20	96	0	37
 73972	51	51	34	28	20	96	0	37
 74017	51	50	34	28	20	97	0	37
 74063	51	50	34	28	20	98	0	37
 74108	51	50	34	28	20	99	0	37
 74153	51	50	34	28	20	99	0	37
 74199	50	50	34	28	20	100	0	37
 74244	50	50	34	28	20	101	0	37
 74289	50	50	33	28	20	102	0	37
 74335	50	50	33	28	20	102	0	37
 74380	50	49	33	28	20	103	0	37
 74425	50	49	33	28	20	104	0	37
 74471	50	49	33	28	20	105	0	37
 74516	50	50	33	28	20	105	0	37
 74561	49	49	33	28	20	106	0	37
 74607	49	49	34	28	20	107	0	37
 74652	49	48	33	28	20	108	0	37
 74698	49	49	34	28	20	108	0	37
 74743	49	48	34	28	20	109	0	37
 74788	49	49	34	28	20	110	0	37
 74834	49	48	34	28	20	111	0	37
 74879	49	48	34	28	20	111	0	37
 74924	48	48	34	28	20	112	0	37
 74970	48	48	34	28	20	113	0	37
 75015	48	48	34	28	20	114	0	37
 75060	48	48	34	28	20	114	0	37
 75106	48	48	34	28	20	115	0	37
 75151	48	48	34	28	20	116	0	36
 75196	48	47	34	28	20	117	0	37
 75287	48	47	34	28	20	118	0	36
 75332	47	47	34	28	20	119	0	36
 75378	47	47	34	28	20	120	0	36
 75423	47	47	34	28	20	120	0	36
 75469	47	47	34	28	20	121	0	36
 75514	47	47	34	28	20	122	0	36
 75559	47	47	34	28	20	123	0	36
 75605	47	47	34	28	20	123	0	36
 75650	47	46	34	4	21	64	0	36
 75695	47	46	34	4	21	65	0	36
 75741	47	46	34	4	21	66	0	36
 75786	47	46	34	4	21	66	0	36
 75831	46	46	34	4	21	67	0	36
 75877	46	46	34	4	21	68	0	36
 75922	46	46	34	4	21	69	0	36
 75967	46	46	34	4	21	70	0	36
 76014	46	46	34	4	21	70	0	36
 76058	46	46	34	4	21	71	0	36
 76103	46	45	34	4	21	72	0	36
 76149	45	45	34	4	21	73	0	36
 76194	45	44	34	4	21	73	0	36
 76240	44	44	33	4	21	74	0	36
 76285	44	44	34	4	21	75	0	36
 76330	44	44	33	4	21	76	0	36
 76376	44	44	33	4	21	76	0	36
 76421	44	43	33	4	21	77	0	36
 76466	44	43	33	4	21	78	0	36
 76512	43	43	33	4	21	79	0	36
 76557	44	43	33	4	21	79	0	36
 76603	43	43	33	4	21	80	0	36
 76648	43	43	33	4	21	81	0	36
 76693	43	43	34	4	21	82	0	36
 76738	43	43	33	4	21	82	0	36
 76784	43	43	33	4	21	83	0	36
 76829	43	43	33	4	21	84	0	36
 76874	43	42	33	4	21	85	0	36
 76920	43	42	33	4	21	85	0	35
 76965	43	42	34	4	21	86	0	35
 77011	43	42	34	4	21	87	0	35
 77056	43	42	34	4	21	88	0	35
 77101	43	42	34	4	21	88	0	35
 77147	42	42	34	4	21	89	0	35
 77192	42	42	34	4	21	90	0	35
 77237	42	42	34	4	21	91	0	35
 77283	42	42	34	4	21	91	0	35
 77328	42	42	34	4	21	92	0	35
 77373	42	42	34	4	21	93	0	35
 77419	42	42	34	12	21	94	0	35
 77464	42	42	34	12	21	94	0	35
 77509	42	42	34	12	21	95	0	35
 77555	42	41	34	12	21	96	0	35
 77600	42	42	34	12	21	97	0	35
 77645	42	42	34	12	21	97	0	35
 77691	42	42	34	12	21	98	0	35
 77736	42	41	34	12	21	99	0	35
 77782	42	41	34	12	21	100	0	35
 77827	41	41	34	12	21	100	0	35
 77872	42	41	34	12	21	101	0	35
 77918	41	41	34	12	21	102	0	35
 77963	41	41	34	12	21	103	0	35
 78009	41	41	34	12	21	104	0	35
 78054	41	41	34	12	21	104	0	35
 78099	41	41	34	12	21	105	0	35
 78144	41	41	34	12	21	106	0	35
 78190	41	41	34	12	21	107	0	35
 78235	41	41	33	12	21	107	0	35
 78280	41	41	34	12	21	108	0	35
 78326	41	41	34	12	21	109	0	35
 78371	41	41	34	12	21	110	0	35
 78416	41	40	34	12	21	110	0	35
 78462	41	41	34	12	21	111	0	35
 78507	41	40	34	12	21	112	0	35
 78553	41	40	34	12	21	113	0	35
 78598	41	40	34	12	21	113	0	35
 78689	41	40	34	12	21	115	0	34
 78734	40	40	34	12	21	116	0	34
 78779	41	40	34	12	21	116	0	34
 78825	40	40	34	12	21	117	0	34
 78870	40	40	34	12	21	118	0	34
 78915	40	40	34	12	21	119	0	34
 78961	40	40	34	12	21	119	0	34
 79051	40	40	34	12	21	121	0	34
 79097	40	40	34	12	21	122	0	34
 79142	40	40	34	12	21	122	0	34
 79187	40	40	34	12	21	123	0	34
 79233	40	40	34	4	22	64	0	34
 79278	40	40	34	4	22	65	0	34
 79324	40	40	34	4	22	65	0	34
 79373	40	39	34	4	22	66	0	34
 79418	40	40	34	4	22	67	0	34
 79460	40	39	34	4	22	68	0	34
 79505	39	40	34	4	22	68	0	34
 79550	40	39	34	4	22	69	0	34
 79596	40	39	34	4	22	70	0	34
 79644	39	39	34	4	22	71	0	34
 79686	40	39	33	4	22	71	0	34
 79732	39	39	33	4	22	72	0	34
 79777	40	39	33	4	22	73	0	34
 79822	40	39	33	4	22	74	0	34
 79868	39	39	33	4	22	74	0	34
 79913	39	39	33	4	22	75	0	34
 79958	39	39	33	4	22	76	0	34
 80004	39	39	33	4	22	77	0	34
 80049	39	39	33	4	22	78	0	34
 80095	39	39	33	4	22	78	0	34
 80140	39	39	33	4	22	79	0	34
 80185	39	39	33	4	22	80	0	34
 80231	39	39	33	4	22	81	0	34
 80276	39	39	33	4	22	81	0	34
 80321	39	39	34	4	22	82	0	34
 80367	39	39	33	4	22	83	0	34
 80416	39	38	33	4	22	84	0	34
 80457	39	38	34	4	22	84	0	34
 80503	39	38	33	4	22	85	0	34
 80548	39	38	33	4	22	86	0	34
 80593	39	38	33	4	22	87	0	34
 80639	39	38	33	4	22	87	0	34
 80684	39	38	33	4	22	88	0	34
 80729	39	38	33	4	22	89	0	34
 80775	38	38	33	4	22	90	0	34
 80820	38	38	33	4	22	90	0	34
 80866	38	38	33	4	22	91	0	34
 80911	38	38	34	4	22	92	0	34
 80956	38	38	33	4	22	93	0	34
 81002	38	38	33	4	22	93	0	33
 81047	38	38	33	12	22	94	0	33
 81092	38	38	33	12	22	95	0	33
 81141	38	38	33	12	22	96	0	33
 81183	38	38	33	12	22	96	0	33
 81228	38	38	34	12	22	97	0	33
 81274	38	38	33	12	22	98	0	33
 81319	38	38	34	12	22	99	0	33
 81364	37	38	33	12	22	99	0	33
 81410	38	37	33	12	22	100	0	33
 81455	38	37	34	12	22	101	0	33
 81500	38	38	33	12	22	102	0	33
 81546	38	38	33	12	22	102	0	33
 81591	38	38	33	12	22	103	0	33
 81637	38	37	33	12	22	104	0	33
 81682	38	38	34	12	22	105	0	33
 81727	38	37	33	12	22	105	0	33
 81773	38	37	33	12	22	106	0	33
 81818	38	37	33	12	22	107	0	33
 81863	38	37	33	8	22	108	0	33
 81964	38	37	33	8	22	109	0	33
 81999	38	37	33	8	22	110	0	33
 82045	38	37	33	8	22	111	0	33
 82090	38	37	33	8	22	112	0	33
 82230	38	37	33	12	22	114	0	33
 82317	38	37	33	12	22	115	0	33
 82362	38	37	33	12	22	116	0	33
 82407	38	37	33	12	22	117	0	33
 82453	38	37	33	12	22	118	0	33
 82498	38	37	33	12	22	118	0	33
 82543	37	37	33	12	22	119	0	33
 82589	37	37	33	12	22	120	0	33
 82634	38	37	33	12	22	121	0	33
 82679	37	37	33	12	22	121	0	33
 82725	38	37	33	12	22	122	0	33
 82770	37	37	33	12	22	123	0	33
 82816	37	37	34	4	23	64	0	33
 82861	37	37	33	4	23	64	0	33
 82906	37	37	33	4	23	65	0	33
 82952	37	37	34	4	23	66	0	33
 82997	37	37	33	4	23	67	0	33
 83042	37	37	33	4	23	67	0	33
 83088	37	37	33	4	23	68	0	33
 83133	37	37	33	4	23	69	0	33
 83178	37	37	33	4	23	70	0	33
 83224	37	37	33	4	23	70	0	33
 83269	37	37	33	4	23	71	0	33
 83314	37	37	33	4	23	72	0	33
 83360	37	36	33	4	23	73	0	33
 83405	37	36	33	4	23	73	0	33
 83450	37	37	33	4	23	74	0	33
 83496	37	36	33	4	23	75	0	33
 83541	37	36	33	4	23	76	0	33
 83587	37	36	33	4	23	76	0	32
 83632	37	36	33	4	23	77	0	32
 83677	37	36	33	4	23	78	0	33
 83723	37	36	33	4	23	79	0	32
 83768	37	36	33	4	23	79	0	32
 83813	37	36	33	4	23	80	0	32
 83859	37	36	33	4	23	81	0	32
 83904	37	36	33	4	23	82	0	32
 83949	37	36	33	4	23	83	0	32
 83995	37	36	33	4	23	83	0	32
 84040	37	36	33	4	23	84	0	32
 84085	37	36	33	4	23	85	0	32
 84131	37	36	33	4	23	86	0	32
 84176	37	36	33	4	23	86	0	32
 84222	37	36	33	4	23	87	0	32
 84267	37	36	34	4	23	88	0	32
 84312	36	36	33	4	23	89	0	32
 84358	37	36	33	4	23	89	0	32
 84448	36	36	33	4	23	91	0	32
 84494	36	36	33	4	23	92	0	32
 84539	36	35	33	4	23	92	0	32
 84584	36	36	33	4	23	93	0	32
 84630	36	36	33	12	23	94	0	32
 84675	36	36	33	12	23	95	0	32
 84720	36	36	33	12	23	95	0	32
 84766	36	36	33	12	23	96	0	32
 84811	36	36	33	12	23	97	0	32
 84856	36	36	33	12	23	98	0	32
 84902	36	36	33	12	23	98	0	32
 84947	36	36	33	12	23	99	0	32
 84992	36	36	33	12	23	100	0	32
 85038	36	36	33	12	23	101	0	32
 85083	36	36	33	12	23	101	0	32
 85129	36	36	33	12	23	102	0	32
 85174	36	36	33	12	23	103	0	32
 85219	36	36	33	12	23	104	0	32
 85265	36	36	33	12	23	104	0	32
 85310	36	36	33	12	23	105	0	32
 85355	36	36	33	12	23	106	0	32
 85401	36	35	33	12	23	107	0	32
 85446	36	36	33	12	23	107	0	32
 85491	36	36	33	12	23	108	0	32
 85537	36	36	33	12	23	109	0	32
 85582	36	36	33	12	23	110	0	32
 85627	36	35	33	12	23	110	0	32
 85673	36	35	33	12	23	111	0	32
 85718	36	35	33	12	23	112	0	32
 85763	36	35	33	12	23	113	0	32
 85809	36	35	33	12	23	113	0	32
 85854	36	35	33	12	23	114	0	32
 85900	36	35	33	12	23	115	0	32
 85990	36	35	33	12	23	117	0	32
 86036	36	35	33	12	23	117	0	32
 86126	36	35	33	12	23	119	0	32
 86172	35	35	33	12	23	120	0	32
 86217	36	35	33	12	23	120	0	32
 86262	36	35	33	12	23	121	0	32
 86308	35	35	33	12	23	122	0	32
 86353	36	35	33	12	23	123	0	32
 86398	36	35	33	12	23	123	0	32
