HomeCentral
 Falkenstrasse 20
 8630 Rueti
 Datum: 20.01.15 00:00
 
 Startzeit: 2015-01-20 00:00:34 +0100
 125	49	49	33	4	0	65	0	38
 170	49	49	33	4	0	66	0	38
 215	48	48	33	4	0	67	0	37
 261	48	48	33	4	0	68	0	37
 306	48	48	33	4	0	68	0	37
 352	48	48	33	4	0	69	0	38
 397	48	48	33	4	0	70	0	37
 442	48	48	33	4	0	71	0	37
 491	48	47	33	4	0	71	0	37
 533	48	47	33	4	0	72	0	37
 578	47	47	32	4	0	73	0	37
 624	47	47	33	4	0	74	0	37
 669	47	47	33	4	0	75	0	37
 714	47	47	32	4	0	75	0	37
 808	47	47	33	4	0	77	0	37
 850	47	47	33	4	0	78	0	37
 896	47	46	33	4	0	78	0	37
 941	47	46	33	4	0	79	0	37
 986	46	46	33	4	0	80	0	37
 1032	46	46	33	4	0	81	0	37
 1077	46	46	33	4	0	81	0	37
 1123	46	46	33	4	0	82	0	37
 1168	46	46	33	4	0	83	0	37
 1213	46	46	33	4	0	84	0	37
 1259	46	46	33	4	0	84	0	37
 1304	46	46	33	4	0	85	0	37
 1349	46	45	33	4	0	86	0	37
 1395	45	45	33	4	0	87	0	37
 1440	45	45	33	4	0	87	0	37
 1485	45	45	33	4	0	88	0	37
 1534	45	45	33	4	0	89	0	37
 1576	45	45	33	4	0	90	0	37
 1621	45	45	33	4	0	90	0	37
 1667	45	45	32	4	0	91	0	37
 1712	45	45	33	4	0	92	0	37
 1757	45	44	32	4	0	93	0	37
 1803	45	44	33	4	0	93	0	37
 1848	45	44	33	12	0	94	0	37
 1893	44	44	32	12	0	95	0	37
 1939	44	44	33	12	0	96	0	37
 1984	44	44	32	12	0	96	0	37
 2030	44	44	33	12	0	97	0	37
 2075	44	44	33	12	0	98	0	37
 2121	44	44	33	12	0	99	0	37
 2169	44	44	33	12	0	99	0	37
 2211	44	44	33	12	0	100	0	37
 2260	44	44	33	12	0	101	0	37
 2302	44	43	33	12	0	102	0	37
 2392	43	43	33	12	0	103	0	36
 2438	43	43	33	12	0	104	0	36
 2483	43	43	32	12	0	105	0	36
 2528	43	43	32	12	0	105	0	36
 2619	43	43	32	12	0	107	0	36
 2664	43	43	32	12	0	108	0	36
 2755	43	43	32	12	0	109	0	36
 2800	43	42	32	12	0	110	0	36
 2846	43	42	33	12	0	111	0	36
 2891	43	42	33	12	0	112	0	36
 2937	42	42	33	12	0	112	0	36
 2982	42	42	32	12	0	113	0	36
 3027	42	42	33	12	0	114	0	36
 3073	42	42	33	12	0	115	0	36
 3163	42	42	32	12	0	116	0	36
 3209	42	42	32	12	0	117	0	36
 3254	42	42	32	12	0	118	0	36
 3299	42	42	32	12	0	118	0	36
 3345	42	42	32	12	0	119	0	36
 3390	42	42	32	12	0	120	0	36
 3435	42	41	32	12	0	121	0	36
 3481	42	41	32	12	0	121	0	36
 3526	42	41	32	12	0	122	0	36
 3571	42	41	32	12	0	123	0	36
 3617	41	41	32	6	1	64	0	36
 3662	43	41	32	6	1	64	0	36
 3707	53	41	33	6	1	65	0	36
 3753	72	41	33	6	1	66	0	36
 3798	97	42	33	6	1	67	0	36
 3844	95	45	32	6	1	67	0	36
 3889	80	50	32	6	1	68	0	36
 3934	69	55	32	2	1	69	0	36
 3980	61	56	32	2	1	70	0	36
 4025	56	54	32	2	1	70	0	36
 4070	52	51	32	2	1	71	0	36
 4116	50	49	32	2	1	72	0	36
 4161	49	48	32	2	1	73	0	36
 4206	48	48	32	2	1	73	0	36
 4252	51	48	32	2	1	74	0	36
 4297	64	48	32	2	1	75	0	36
 4342	85	48	32	2	1	76	0	36
 4388	100	49	32	2	1	76	0	35
 4433	102	53	32	2	1	77	0	35
 4478	103	58	32	2	1	78	0	35
 4524	101	63	32	2	1	79	0	35
 4569	102	65	32	2	1	79	0	35
 4615	98	66	32	2	1	80	0	35
 4660	94	67	32	2	1	81	0	35
 4709	95	68	32	2	1	82	0	35
 4751	96	68	32	2	1	83	0	35
 4796	98	68	32	2	1	83	0	35
 4841	99	69	32	2	1	84	0	35
 4887	98	70	32	2	1	85	0	35
 4932	99	72	32	2	1	86	0	35
 4977	100	74	32	2	1	86	0	35
 5023	101	75	32	2	1	87	0	35
 5068	99	77	32	2	1	88	0	35
 5114	100	79	32	2	1	89	0	35
 5159	101	80	32	2	1	89	0	35
 5205	101	81	32	2	1	90	0	35
 5249	100	82	33	2	1	91	0	35
 5296	101	83	32	2	1	92	0	35
 5340	100	84	32	6	1	92	0	35
 5385	100	85	33	6	1	93	0	35
 5431	101	86	32	14	1	94	0	35
 5478	95	86	33	14	1	95	0	35
 5522	89	87	32	14	1	95	0	35
 5567	87	87	32	14	1	96	0	35
 5614	86	86	32	14	1	97	0	35
 5658	84	85	32	14	1	98	0	35
 5703	83	84	32	14	1	98	0	35
 5748	82	83	32	14	1	99	0	35
 5795	81	82	32	14	1	100	0	35
 5839	80	82	32	14	1	101	0	35
 5884	80	81	32	14	1	101	0	35
 5930	79	80	32	14	1	102	0	35
 5975	79	80	32	14	1	103	0	35
 6025	79	79	33	14	1	104	0	35
 6066	78	79	32	14	1	104	0	35
 6111	77	78	33	14	1	105	0	35
 6157	77	78	32	14	1	106	0	35
 6202	76	77	32	14	1	107	0	35
 6247	76	76	33	14	1	107	0	35
 6293	75	76	32	14	1	108	0	35
 6338	74	75	33	14	1	109	0	35
 6383	74	75	32	14	1	110	0	35
 6429	73	74	32	14	1	110	0	35
 6474	73	73	32	14	1	111	0	35
 6519	72	73	32	14	1	112	0	35
 6565	72	73	32	14	1	113	0	35
 6610	72	72	32	14	1	113	0	35
 6655	71	72	32	14	1	114	0	35
 6701	71	71	33	14	1	115	0	35
 6746	70	71	32	14	1	116	0	35
 6791	70	70	32	14	1	117	0	35
 6837	70	70	32	14	1	117	0	35
 6882	69	70	32	14	1	118	0	35
 6928	69	69	32	14	1	119	0	35
 6973	69	69	32	14	1	120	0	35
 7018	68	69	32	14	1	120	0	35
 7064	68	68	32	14	1	121	0	35
 7109	68	68	32	14	1	122	0	35
 7154	67	67	32	14	1	123	0	35
 7200	67	67	32	14	1	123	0	35
 7245	66	67	32	6	2	64	0	35
 7290	71	66	32	6	2	65	0	35
 7336	84	66	32	6	2	66	0	35
 7381	99	66	32	6	2	66	0	35
 7426	99	68	32	6	2	67	0	35
 7472	100	73	32	6	2	68	0	35
 7517	101	77	32	6	2	69	0	35
 7562	96	79	32	2	2	69	0	35
 7608	88	80	32	2	2	70	0	35
 7653	83	80	32	2	2	71	0	35
 7698	79	78	32	2	2	72	0	35
 7744	77	76	32	2	2	72	0	35
 7789	81	74	32	2	2	73	0	35
 7835	93	72	32	2	2	74	0	35
 7880	98	71	32	2	2	75	0	35
 7925	100	73	32	2	2	75	0	35
 7971	101	77	32	6	2	76	0	35
 8016	100	80	32	6	2	77	0	35
 8061	100	82	32	6	2	78	0	35
 8107	102	83	33	6	2	78	0	35
 8152	101	84	32	6	2	79	0	35
 8197	103	85	32	6	2	80	0	35
 8243	102	85	32	6	2	81	0	35
 8288	101	85	32	6	2	81	0	35
 8333	101	85	32	6	2	82	0	35
 8379	100	85	32	6	2	83	0	35
 8424	96	85	32	2	2	84	0	35
 8469	90	86	32	2	2	84	0	35
 8515	86	85	32	2	2	85	0	35
 8560	86	84	32	2	2	86	0	35
 8606	90	83	32	2	2	87	0	35
 8651	99	81	32	2	2	87	0	35
 8696	101	81	32	2	2	88	0	35
 8742	101	83	32	6	2	89	0	35
 8787	102	86	32	6	2	90	0	35
 8832	103	87	32	6	2	91	0	35
 8878	101	89	32	6	2	91	0	35
 8923	101	89	32	6	2	92	0	35
 8968	102	90	32	6	2	93	0	35
 9014	100	90	32	14	2	94	0	35
 9059	99	90	32	14	2	94	0	35
 9104	93	89	32	14	2	95	0	34
 9150	90	89	32	14	2	96	0	35
 9241	86	87	32	14	2	97	0	34
 9286	84	85	32	14	2	98	0	35
 9331	83	84	32	14	2	99	0	34
 9377	82	83	32	14	2	100	0	34
 9422	81	82	32	14	2	100	0	34
 9467	81	81	32	14	2	101	0	34
 9513	80	81	32	14	2	102	0	34
 9558	80	81	32	14	2	103	0	35
 9603	80	80	32	14	2	103	0	35
 9649	79	80	32	14	2	104	0	34
 9694	78	79	32	14	2	105	0	34
 9739	78	78	32	14	2	106	0	34
 9785	77	78	32	14	2	106	0	34
 9830	76	77	32	14	2	107	0	34
 9875	76	76	32	14	2	108	0	34
 9921	75	76	32	14	2	109	0	34
 9966	75	75	32	14	2	109	0	34
 10011	74	75	32	14	2	110	0	34
 10057	74	74	32	14	2	111	0	34
 10102	73	74	32	14	2	112	0	34
 10148	73	73	33	14	2	112	0	34
 10193	72	73	32	14	2	113	0	34
 10238	72	72	32	14	2	114	0	34
 10284	71	72	33	14	2	115	0	34
 10329	71	71	32	14	2	115	0	34
 10374	71	71	32	14	2	116	0	34
 10420	70	71	32	14	2	117	0	34
 10465	70	70	32	14	2	118	0	34
 10510	70	70	32	14	2	118	0	34
 10556	69	69	32	14	2	119	0	34
 10601	69	69	32	14	2	120	0	34
 10646	68	69	32	14	2	121	0	34
 10692	68	68	33	14	2	121	0	34
 10737	67	67	32	14	2	122	0	34
 10782	67	67	32	14	2	123	0	34
 10828	66	66	32	6	3	64	0	34
 10873	68	66	32	6	3	65	0	34
 10919	76	65	32	6	3	65	0	34
 10964	91	65	32	6	3	66	0	34
 11009	100	66	32	6	3	67	0	34
 11055	101	69	32	2	3	68	0	34
 11100	95	74	32	2	3	68	0	34
 11145	87	77	32	2	3	69	0	34
 11191	81	79	32	2	3	70	0	34
 11236	78	77	32	2	3	71	0	34
 11281	75	75	32	2	3	71	0	34
 11327	77	72	33	2	3	72	0	34
 11372	87	70	33	2	3	73	0	34
 11417	98	69	32	2	3	74	0	34
 11463	99	70	32	2	3	74	0	34
 11508	100	74	32	6	3	75	0	34
 11553	99	77	32	6	3	76	0	34
 11599	99	79	32	6	3	77	0	34
 11644	101	80	32	6	3	77	0	34
 11690	102	81	32	6	3	78	0	34
 11735	101	82	32	6	3	79	0	34
 11780	100	82	33	6	3	80	0	34
 11826	101	83	33	6	3	80	0	34
 11871	99	83	33	6	3	81	0	34
 11916	98	82	32	2	3	82	0	34
 11962	91	83	32	2	3	83	0	34
 12007	85	83	32	2	3	83	0	34
 12052	83	82	33	2	3	84	0	34
 12098	84	81	32	2	3	85	0	34
 12143	92	79	32	2	3	86	0	34
 12188	98	78	33	2	3	86	0	34
 12234	99	79	32	2	3	87	0	34
 12279	101	81	32	6	3	88	0	34
 12324	99	84	32	6	3	89	0	34
 12370	99	86	32	6	3	89	0	34
 12415	99	87	32	6	3	90	0	34
 12461	99	87	32	6	3	91	0	34
 12506	99	87	33	6	3	92	0	34
 12551	99	87	32	6	3	92	0	34
 12597	100	86	32	6	3	93	0	34
 12642	101	86	32	14	3	94	0	34
 12687	94	86	32	14	3	95	0	34
 12733	89	87	33	14	3	96	0	34
 12778	87	87	32	14	3	96	0	34
 12823	85	85	32	14	3	97	0	34
 12869	83	83	32	14	3	98	0	34
 12914	81	82	32	14	3	99	0	34
 12959	80	81	32	14	3	99	0	34
 13005	79	80	32	14	3	100	0	34
 13050	79	80	32	14	3	101	0	34
 13095	78	79	32	14	3	102	0	34
 13141	78	78	32	14	3	102	0	34
 13186	78	78	32	14	3	103	0	34
 13232	77	78	32	14	3	104	0	34
 13277	77	77	32	14	3	105	0	34
 13322	76	77	32	14	3	105	0	34
 13368	76	76	32	14	3	106	0	34
 13413	75	75	32	14	3	107	0	34
 13458	74	75	32	14	3	108	0	34
 13504	74	74	32	14	3	108	0	34
 13549	73	74	32	14	3	109	0	34
 13594	73	73	32	14	3	110	0	34
 13640	72	72	32	14	3	111	0	34
 13685	72	72	32	14	3	111	0	34
 13730	71	72	32	14	3	112	0	34
 13776	71	72	32	14	3	113	0	34
 13821	71	71	32	14	3	114	0	34
 13866	70	71	32	14	3	114	0	34
 13912	70	70	32	14	3	115	0	34
 13957	69	70	32	14	3	116	0	34
 14003	69	70	32	14	3	117	0	34
 14048	69	69	32	14	3	117	0	34
 14093	69	69	32	14	3	118	0	34
 14184	68	68	32	14	3	120	0	34
 14229	68	68	32	14	3	120	0	34
 14275	67	67	33	14	3	121	0	34
 14320	67	67	32	14	3	122	0	34
 14365	66	67	32	14	3	123	0	34
 14411	66	66	32	14	3	123	0	34
 14456	66	66	32	6	4	64	0	34
 14501	72	66	33	6	4	65	0	34
 14547	83	65	32	6	4	66	0	34
 14592	98	66	33	6	4	66	0	33
 14637	95	68	33	2	4	67	0	34
 14683	88	72	33	2	4	68	0	34
 14728	82	76	32	2	4	69	0	34
 14774	79	77	32	2	4	70	0	33
 14819	76	76	32	2	4	70	0	33
 14864	79	73	33	2	4	71	0	33
 14910	89	72	32	2	4	72	0	34
 14955	98	71	33	2	4	73	0	33
 15000	99	72	32	2	4	73	0	33
 15046	100	75	32	6	4	74	0	33
 15091	99	78	32	6	4	75	0	33
 15136	100	80	33	6	4	76	0	33
 15182	101	81	33	6	4	76	0	33
 15227	100	82	33	6	4	77	0	33
 15272	100	83	33	6	4	78	0	33
 15318	100	83	33	6	4	79	0	33
 15363	100	83	33	6	4	79	0	33
 15408	100	83	33	6	4	80	0	33
 15454	99	83	33	6	4	81	0	33
 15499	97	84	33	2	4	82	0	33
 15545	91	84	33	2	4	82	0	33
 15590	86	84	33	2	4	83	0	33
 15635	84	83	34	2	4	84	0	33
 15681	85	81	33	2	4	85	0	33
 15726	95	79	33	2	4	85	0	33
 15771	98	78	33	2	4	86	0	33
 15817	99	79	33	2	4	87	0	33
 15862	101	81	33	6	4	88	0	33
 15907	98	83	33	6	4	88	0	33
 15953	101	85	33	6	4	89	0	33
 15998	100	85	33	6	4	90	0	33
 16043	100	85	33	6	4	91	0	33
 16089	101	85	33	6	4	91	0	33
 16134	102	85	33	6	4	92	0	33
 16179	101	85	33	6	4	93	0	33
 16225	101	85	33	14	4	94	0	33
 16270	96	86	33	14	4	94	0	33
 16316	90	86	33	14	4	95	0	33
 16361	86	85	33	14	4	96	0	33
 16406	84	84	33	10	4	97	0	33
 16452	82	82	33	10	4	97	0	33
 16497	80	81	33	10	4	98	0	33
 16542	79	79	33	10	4	99	0	33
 16588	78	79	33	10	4	100	0	33
 16633	78	78	33	14	4	100	0	33
 16678	77	77	33	14	4	101	0	33
 16724	77	77	33	14	4	102	0	33
 16769	76	77	33	14	4	103	0	33
 16814	76	77	33	14	4	104	0	33
 16860	76	76	33	14	4	104	0	33
 16905	75	76	33	14	4	105	0	33
 16950	75	75	33	14	4	106	0	33
 16996	74	75	33	14	4	107	0	33
 17041	74	74	33	14	4	107	0	33
 17087	73	74	33	14	4	108	0	33
 17132	73	73	33	14	4	109	0	33
 17177	72	73	33	14	4	110	0	33
 17223	72	72	33	14	4	110	0	33
 17268	71	72	33	14	4	111	0	33
 17313	71	72	33	14	4	112	0	33
 17359	71	71	33	14	4	113	0	33
 17404	70	71	33	14	4	113	0	33
 17449	70	70	33	14	4	114	0	33
 17495	70	70	33	14	4	115	0	33
 17540	69	70	33	14	4	116	0	33
 17585	69	69	33	14	4	116	0	33
 17631	69	69	33	14	4	117	0	33
 17676	68	69	33	14	4	118	0	33
 17721	68	68	33	14	4	119	0	33
 17767	68	68	33	14	4	119	0	33
 17812	67	67	33	14	4	120	0	33
 17858	67	67	33	14	4	121	0	33
 17903	67	67	33	14	4	122	0	33
 17948	66	67	33	14	4	122	0	33
 17994	66	66	32	14	4	123	0	33
 18039	66	66	33	6	5	64	0	33
 18084	69	66	33	6	5	65	0	33
 18130	83	65	33	6	5	65	0	33
 18175	97	65	33	6	5	66	0	33
 18220	100	67	33	6	5	67	0	33
 18266	101	72	33	6	5	68	0	33
 18311	101	77	33	6	5	68	0	33
 18356	100	79	33	6	5	69	0	33
 18402	101	81	33	6	5	70	0	33
 18447	100	81	33	6	5	71	0	33
 18492	98	81	33	2	5	71	0	33
 18538	91	81	33	2	5	72	0	33
 18583	84	81	33	2	5	73	0	33
 18629	81	80	33	2	5	74	0	33
 18674	79	78	33	2	5	74	0	33
 18719	83	76	33	2	5	75	0	33
 18765	95	74	33	2	5	76	0	33
 18810	97	74	33	2	5	77	0	33
 18855	98	76	33	2	5	78	0	33
 18901	99	79	33	6	5	78	0	33
 18946	99	81	33	6	5	79	0	33
 18991	100	83	33	6	5	80	0	33
 19037	100	84	32	6	5	81	0	33
 19082	99	85	33	6	5	81	0	33
 19127	101	85	33	6	5	82	0	33
 19173	99	85	34	6	5	83	0	33
 19218	101	85	33	6	5	84	0	33
 19263	99	85	33	6	5	84	0	33
 19309	100	85	33	6	5	85	0	33
 19354	99	85	33	6	5	86	0	33
 19400	98	85	33	2	5	87	0	33
 19445	92	86	33	2	5	87	0	33
 19490	87	86	33	2	5	88	0	33
 19536	86	85	33	2	5	89	0	33
 19581	88	84	33	2	5	90	0	33
 19626	96	82	33	2	5	90	0	33
 19672	98	81	33	2	5	91	0	33
 19717	100	82	33	6	5	92	0	33
 19762	101	84	33	6	5	93	0	33
 19808	100	86	33	6	5	93	0	33
 19853	99	87	33	14	5	94	0	33
 19898	92	88	33	14	5	95	0	33
 19944	89	88	33	14	5	96	0	33
 19989	87	87	33	14	5	96	0	33
 20034	84	85	33	14	5	97	0	33
 20080	82	83	33	14	5	98	0	33
 20125	81	81	33	14	5	99	0	33
 20171	79	80	33	14	5	99	0	33
 20216	78	79	33	14	5	100	0	33
 20261	77	78	33	14	5	101	0	33
 20307	77	78	33	14	5	102	0	33
 20352	76	77	33	14	5	102	0	33
 20397	76	77	33	14	5	103	0	33
 20443	75	76	33	14	5	104	0	33
 20488	75	76	33	14	5	105	0	33
 20533	74	75	33	14	5	105	0	33
 20579	74	75	33	14	5	106	0	33
 20624	73	74	33	14	5	107	0	33
 20669	73	73	33	14	5	108	0	33
 20715	72	73	33	14	5	108	0	33
 20760	72	72	33	14	5	109	0	33
 20805	71	72	33	14	5	110	0	33
 20851	70	71	33	14	5	111	0	33
 20896	70	70	33	14	5	112	0	33
 20942	69	70	33	14	5	112	0	33
 20987	69	69	33	14	5	113	0	33
 21032	69	69	33	14	5	114	0	33
 21078	68	68	33	14	5	115	0	33
 21123	68	68	33	14	5	115	0	33
 21168	67	68	33	14	5	116	0	33
 21214	67	67	33	14	5	117	0	33
 21259	66	67	33	14	5	118	0	33
 21304	66	67	33	14	5	118	0	33
 21350	66	66	33	14	5	119	0	33
 21395	66	66	33	14	5	120	0	33
 21440	65	65	33	14	5	121	0	33
 21486	65	65	33	14	5	121	0	33
 21531	65	65	33	14	5	122	0	33
 21576	64	65	33	14	5	123	0	33
 21622	64	64	33	7	6	64	0	32
 21667	65	64	33	7	6	64	0	33
 21713	73	64	33	7	6	65	0	32
 21758	89	64	33	7	6	66	0	32
 21803	97	64	33	7	6	67	0	33
 21849	97	68	33	7	6	67	0	32
 21894	99	73	33	7	6	68	0	32
 21939	98	76	33	3	6	69	0	32
 21985	90	77	33	3	6	70	0	32
 22030	83	78	33	3	6	70	0	32
 22075	79	78	33	3	6	71	0	32
 22121	76	75	33	3	6	72	0	32
 22166	72	70	33	3	6	73	0	32
 22211	79	65	33	3	6	73	0	32
 22257	94	63	33	3	6	74	0	32
 22302	96	62	33	3	6	75	0	32
 22347	96	65	33	3	6	76	0	32
 22393	97	68	33	3	6	76	0	32
 22438	97	71	33	3	6	77	0	32
 22484	98	72	33	7	6	78	0	32
 22529	98	73	33	7	6	79	0	32
 22574	98	74	33	7	6	79	0	32
 22624	99	75	33	7	6	80	0	32
 22665	99	75	33	7	6	81	0	32
 22710	99	76	33	7	6	82	0	32
 22756	98	76	33	7	6	83	0	32
 22801	97	77	33	7	6	83	0	32
 22846	93	78	33	3	6	84	0	32
 22892	85	79	33	3	6	85	0	32
 22937	81	79	33	3	6	86	0	32
 22982	78	78	33	3	6	86	0	32
 23028	79	75	33	3	6	87	0	32
 23073	87	70	33	3	6	88	0	33
 23118	97	67	33	3	6	89	0	33
 23164	97	66	33	3	6	89	0	33
 23255	97	68	33	3	6	91	0	33
 23300	97	69	33	3	6	92	0	33
 23345	97	70	33	3	6	92	0	34
 23391	96	70	33	3	6	93	0	34
 23436	96	71	33	11	6	94	0	34
 23481	96	72	33	11	6	95	0	34
 23527	97	73	33	15	6	96	0	34
 23572	97	74	33	15	6	96	0	34
 23617	99	75	33	15	6	97	0	34
 23663	99	77	33	15	6	98	0	34
 23708	99	78	33	15	6	99	0	34
 23754	99	79	33	15	6	99	0	35
 23799	98	81	33	15	6	100	0	35
 23844	94	81	33	11	6	101	0	35
 23889	88	82	33	11	6	102	0	35
 23935	84	83	33	11	6	102	0	35
 23980	83	83	33	11	6	103	0	35
 24026	84	83	33	11	6	104	0	35
 24071	92	82	33	11	6	105	0	35
 24116	98	82	33	11	6	105	0	35
 24162	100	82	33	11	6	106	0	35
 24207	98	84	33	15	6	107	0	35
 24252	99	85	33	15	6	108	0	35
 24298	99	85	33	15	6	108	0	36
 24343	98	86	33	15	6	109	0	36
 24388	98	86	33	15	6	110	0	36
 24434	98	85	33	15	6	111	0	36
 24479	98	86	33	15	6	111	0	36
 24524	98	86	33	15	6	112	0	36
 24570	100	86	33	15	6	113	0	36
 24615	100	86	33	15	6	114	0	36
 24660	100	86	33	15	6	114	0	36
 24706	98	87	33	11	6	115	0	36
 24751	93	87	34	11	6	116	0	36
 24797	88	87	33	11	6	117	0	36
 24842	87	87	33	11	6	117	0	36
 24887	87	86	33	11	6	118	0	36
 24978	98	85	33	11	6	120	0	36
 25023	100	85	33	11	6	120	0	36
 25069	99	86	33	15	6	121	0	36
 25114	99	87	33	15	6	122	0	37
 25159	100	87	33	15	6	123	0	37
 25205	99	87	33	15	6	123	0	37
 25250	99	87	33	39	7	64	0	37
 25295	100	87	33	39	7	65	0	37
 25341	99	87	33	39	7	66	0	37
 25386	101	87	33	39	7	66	0	37
 25431	101	87	33	39	7	67	0	37
 25477	100	87	33	39	7	68	0	37
 25522	99	87	33	39	7	69	0	37
 25567	98	87	33	39	7	70	0	37
 25613	96	87	33	35	7	70	0	37
 25658	91	87	33	35	7	71	0	37
 25704	88	87	33	35	7	72	0	37
 25749	87	87	33	35	7	73	0	37
 25794	90	86	33	35	7	73	0	37
 25840	98	86	33	35	7	74	0	37
 25885	98	85	33	35	7	75	0	37
 25930	100	86	33	39	7	76	0	37
 26021	100	87	33	39	7	77	0	37
 26066	99	87	33	39	7	78	0	37
 26112	99	88	33	39	7	79	0	37
 26157	100	87	33	39	7	79	0	37
 26202	99	88	33	39	7	80	0	37
 26248	100	87	33	39	7	81	0	37
 26293	100	87	33	39	7	82	0	37
 26338	101	88	33	39	7	82	0	38
 26384	100	88	33	39	7	83	0	38
 26429	100	88	33	39	7	84	0	38
 26475	99	88	33	39	7	85	0	38
 26520	95	88	33	35	7	85	0	38
 26565	90	88	34	35	7	86	0	38
 26611	88	88	33	35	7	87	0	38
 26659	88	88	33	35	7	88	0	38
 26702	92	87	33	35	7	88	0	38
 26747	99	86	33	35	7	89	0	38
 26792	97	86	33	35	7	90	0	38
 26837	98	86	33	39	7	91	0	38
 26883	99	87	34	39	7	91	0	38
 26928	100	88	33	39	7	92	0	38
 26973	100	88	33	39	7	93	0	38
 27064	100	88	33	47	7	94	0	38
 27109	99	88	33	47	7	95	0	38
 27155	99	88	33	47	7	96	0	38
 27200	99	88	33	47	7	97	0	38
 27246	98	88	33	47	7	97	0	38
 27291	97	88	33	47	7	98	0	38
 27336	100	88	33	47	7	99	0	38
 27382	99	87	33	47	7	100	0	38
 27427	98	87	33	47	7	100	0	38
 27472	94	87	33	43	7	101	0	38
 27518	90	88	33	43	7	102	0	38
 27563	88	88	33	43	7	103	0	38
 27608	88	87	33	43	7	104	0	38
 27699	97	86	33	43	7	105	0	38
 27744	100	85	33	43	7	106	0	38
 27790	99	86	33	47	7	107	0	38
 27835	99	87	33	47	7	107	0	38
 27880	100	88	33	47	7	108	0	38
 27926	98	88	33	47	7	109	0	38
 27971	98	88	33	47	7	110	0	38
 28017	100	88	33	47	7	110	0	39
 28062	99	88	33	47	7	111	0	38
 28107	98	88	33	47	7	112	0	39
 28153	100	88	33	47	7	113	0	38
 28198	99	88	33	47	7	113	0	39
 28243	100	88	33	47	7	114	0	38
 28289	100	88	33	47	7	115	0	39
 28334	99	88	33	47	7	116	0	39
 28379	99	88	33	47	7	116	0	39
 28470	87	85	33	43	7	118	0	39
 28515	84	84	33	43	7	119	0	39
 28561	84	82	33	43	7	119	0	39
 28606	92	80	33	43	7	120	0	39
 28651	97	78	33	43	7	121	0	39
 28697	98	78	33	43	7	122	0	38
 28742	99	79	33	43	7	122	0	39
 28788	98	80	33	47	7	123	0	38
 28833	98	81	33	39	8	64	0	39
 28878	98	82	33	39	8	65	0	39
 28924	100	82	33	39	8	65	0	39
 28969	98	82	33	39	8	66	0	39
 29014	100	82	33	39	8	67	0	39
 29060	98	83	33	39	8	68	0	39
 29105	99	83	33	39	8	68	0	39
 29150	99	83	33	39	8	69	0	39
 29196	97	83	33	35	8	70	0	39
 29241	90	83	33	35	8	71	0	39
 29286	85	83	33	35	8	71	0	39
 29332	83	83	33	35	8	72	0	39
 29377	84	82	33	35	8	73	0	39
 29422	91	81	34	35	8	74	0	39
 29468	97	81	33	35	8	74	0	39
 29513	100	81	33	35	8	75	0	39
 29559	99	83	33	39	8	76	0	39
 29604	99	85	33	39	8	77	0	39
 29649	100	86	33	39	8	78	0	39
 29698	100	86	33	39	8	78	0	39
 29740	99	87	33	39	8	79	0	39
 29785	100	87	33	39	8	80	0	39
 29831	99	87	33	39	8	81	0	39
 29921	98	87	33	39	8	82	0	39
 29967	98	87	33	39	8	83	0	39
 30012	98	87	33	39	8	84	0	39
 30057	100	87	33	39	8	84	0	39
 30103	99	87	33	35	8	85	0	39
 30148	95	87	33	35	8	86	0	39
 30193	90	88	33	35	8	87	0	39
 30239	88	88	33	35	8	87	0	39
 30284	88	87	33	35	8	88	0	39
 30334	94	86	33	35	8	89	0	39
 30376	98	85	33	35	8	90	0	39
 30420	98	85	33	35	8	90	0	39
 30466	99	87	33	39	8	91	0	39
 30511	100	88	33	39	8	92	0	39
 30556	101	88	33	39	8	93	0	39
 30602	101	89	33	39	8	93	0	39
 30647	99	89	33	47	8	94	0	39
 30738	99	89	33	47	8	96	0	39
 30783	100	89	33	47	8	96	0	39
 30828	99	88	33	47	8	97	0	39
 30874	100	88	33	47	8	98	0	39
 30964	100	88	33	47	8	99	0	39
 31010	99	89	33	47	8	100	0	39
 31055	99	89	33	47	8	101	0	40
 31101	97	89	33	43	8	102	0	40
 31146	92	89	33	43	8	102	0	40
 31191	89	89	33	43	8	103	0	39
 31237	88	89	33	43	8	104	0	39
 31282	91	88	33	43	8	105	0	40
 31327	98	87	33	43	8	105	0	39
 31373	98	86	33	43	8	106	0	40
 31418	99	87	33	47	8	107	0	40
 31463	100	88	33	47	8	108	0	40
 31509	98	89	33	47	8	108	0	40
 31554	98	89	33	47	8	109	0	40
 31599	100	89	33	47	8	110	0	39
 31645	98	90	33	47	8	111	0	40
 31690	99	89	33	47	8	112	0	40
 31735	100	89	33	47	8	112	0	40
 31781	98	89	33	47	8	113	0	40
 31826	99	89	33	47	8	114	0	40
 31875	99	89	34	47	8	115	0	40
 31917	100	89	33	47	8	115	0	40
 31962	98	89	33	47	8	116	0	40
 32008	100	89	33	47	8	117	0	40
 32053	100	89	33	47	8	118	0	40
 32098	99	89	33	47	8	118	0	40
 32144	97	89	33	43	8	119	0	40
 32189	92	89	33	43	8	120	0	40
 32234	90	89	33	43	8	121	0	40
 32330	92	88	33	43	8	122	0	40
 32370	98	87	33	43	8	123	0	40
 32416	99	86	33	32	9	64	0	40
 32461	99	87	33	36	9	64	0	40
 32506	93	88	33	36	9	65	0	40
 32552	90	89	33	36	9	66	0	40
 32597	89	89	33	36	9	67	0	40
 32643	87	88	33	36	9	67	0	40
 32688	86	86	33	36	9	68	0	40
 32733	85	85	33	36	9	69	0	40
 32824	83	84	33	36	9	70	0	40
 32869	82	83	33	36	9	71	0	40
 32915	82	83	33	36	9	72	0	40
 32960	81	82	33	36	9	73	0	40
 33005	81	82	33	36	9	73	0	40
 33051	80	81	33	36	9	74	0	40
 33096	80	80	33	36	9	75	0	40
 33141	79	80	33	36	9	76	0	40
 33187	78	79	33	36	9	76	0	40
 33232	77	78	33	36	9	77	0	39
 33277	77	78	33	36	9	78	0	39
 33323	76	77	33	36	9	79	0	39
 33368	76	76	33	36	9	79	0	39
 33413	75	76	33	36	9	80	0	39
 33459	75	75	33	36	9	81	0	39
 33504	74	75	33	36	9	82	0	39
 33550	74	74	33	36	9	83	0	39
 33595	73	74	33	36	9	83	0	39
 33640	73	73	33	36	9	84	0	39
 33686	72	73	33	36	9	85	0	39
 33731	72	72	33	36	9	86	0	39
 33776	71	72	33	36	9	86	0	39
 33822	71	71	33	36	9	87	0	39
 33867	70	71	33	36	9	88	0	39
 33912	70	70	33	36	9	89	0	39
 33958	69	70	33	36	9	89	0	39
 34003	69	69	33	36	9	90	0	39
 34048	68	69	33	36	9	91	0	39
 34094	68	68	33	36	9	92	0	39
 34139	67	68	33	36	9	92	0	39
 34185	67	67	33	36	9	93	0	39
 34230	66	67	33	44	9	94	0	39
 34275	66	66	33	44	9	95	0	39
 34321	66	66	33	44	9	95	0	39
 34366	65	65	33	44	9	96	0	39
 34411	65	65	33	44	9	97	0	39
 34457	64	65	34	44	9	98	0	38
 34502	64	64	33	44	9	98	0	38
 34547	64	64	33	44	9	99	0	38
 34593	64	64	33	44	9	100	0	38
 34638	63	63	33	44	9	101	0	38
 34683	63	63	33	44	9	101	0	38
 34729	63	63	33	44	9	102	0	38
 34774	62	63	33	44	9	103	0	38
 34819	62	62	33	44	9	104	0	38
 34865	62	62	34	44	9	104	0	39
 34910	62	62	33	44	9	105	0	39
 34956	61	61	33	44	9	106	0	38
 35001	61	61	33	44	9	107	0	38
 35047	61	61	33	44	9	107	0	38
 35092	61	61	33	44	9	108	0	38
 35137	60	60	33	44	9	109	0	38
 35182	60	60	33	44	9	110	0	38
 35228	60	60	33	44	9	110	0	38
 35273	60	60	33	44	9	111	0	38
 35318	59	60	33	44	9	112	0	38
 35364	59	59	33	44	9	113	0	38
 35409	59	59	33	44	9	113	0	38
 35454	59	59	33	44	9	114	0	38
 35500	59	59	33	44	9	115	0	38
 35545	58	58	33	44	9	116	0	38
 35591	58	58	33	44	9	117	0	38
 35636	58	58	33	44	9	117	0	38
 35681	58	58	33	44	9	118	0	38
 35727	58	58	34	44	9	119	0	38
 35772	58	58	33	44	9	120	0	37
 35863	57	57	33	44	9	121	0	37
 35908	57	57	34	44	9	122	0	37
 35953	57	57	34	44	9	123	0	37
 35999	56	57	33	44	9	123	0	37
 36044	56	56	33	36	10	64	0	37
 36089	56	56	33	36	10	65	0	37
 36135	56	56	33	36	10	66	0	37
 36180	56	56	34	36	10	66	0	37
 36225	55	56	34	36	10	67	0	37
 36271	55	55	34	36	10	68	0	37
 36316	55	55	34	36	10	69	0	38
 36362	55	55	34	36	10	69	0	37
 36407	55	55	33	36	10	70	0	38
 36452	55	54	34	36	10	71	0	38
 36498	54	54	34	36	10	72	0	37
 36543	54	54	34	36	10	72	0	37
 36588	54	54	34	36	10	73	0	37
 36634	54	54	34	36	10	74	0	37
 36724	53	54	34	36	10	75	0	37
 36770	53	54	34	36	10	76	0	37
 36815	53	53	34	36	10	77	0	37
 36860	53	53	34	36	10	78	0	37
 36906	53	53	34	36	10	78	0	37
 36951	53	53	34	36	10	79	0	37
 36997	53	52	34	36	10	80	0	37
 37042	52	52	34	36	10	81	0	37
 37087	52	52	34	36	10	81	0	37
 37133	52	52	34	36	10	82	0	37
 37178	52	52	34	36	10	83	0	37
 37223	52	52	34	36	10	84	0	37
 37269	52	51	34	36	10	84	0	37
 37314	51	51	34	36	10	85	0	37
 37359	51	51	34	36	10	86	0	37
 37405	51	51	34	36	10	87	0	37
 37450	51	51	34	36	10	87	0	37
 37495	51	51	34	36	10	88	0	37
 37541	51	51	34	36	10	89	0	37
 37586	51	51	34	36	10	90	0	37
 37631	50	50	34	36	10	91	0	37
 37677	50	50	34	36	10	91	0	37
 37722	50	50	34	36	10	92	0	37
 37768	50	50	34	36	10	93	0	37
 37813	50	50	34	44	10	94	0	37
 37858	50	50	34	44	10	94	0	36
 37904	50	50	34	44	10	95	0	37
 37949	50	50	34	44	10	96	0	36
 37994	49	49	34	44	10	97	0	36
 38040	49	49	34	44	10	97	0	36
 38085	49	49	34	44	10	98	0	36
 38130	49	49	34	44	10	99	0	36
 38176	49	49	34	44	10	100	0	36
 38221	49	49	34	44	10	100	0	36
 38266	49	49	34	44	10	101	0	36
 38312	49	49	34	44	10	102	0	36
 38357	48	48	34	44	10	103	0	36
 38403	48	48	34	44	10	103	0	36
 38448	48	48	34	44	10	104	0	36
 38493	48	48	34	44	10	105	0	36
 38539	48	48	35	44	10	106	0	36
 38584	48	48	35	44	10	106	0	36
 38629	48	48	34	44	10	107	0	36
 38675	48	47	34	44	10	108	0	36
 38724	47	47	35	44	10	109	0	36
 38765	47	47	35	44	10	109	0	36
 38811	47	47	34	44	10	110	0	36
 38856	47	47	34	44	10	111	0	36
 38901	47	47	35	44	10	112	0	36
 38947	47	47	34	44	10	112	0	36
 38992	47	47	35	44	10	113	0	36
 39038	47	47	35	44	10	114	0	36
 39083	47	47	35	44	10	115	0	36
 39128	47	46	35	44	10	115	0	36
 39174	47	46	35	44	10	116	0	36
 39219	46	46	35	44	10	117	0	36
 39264	46	46	35	44	10	118	0	36
 39310	46	46	35	44	10	118	0	36
 39355	46	46	35	44	10	119	0	36
 39400	46	46	35	44	10	120	0	36
 39446	46	46	35	44	10	121	0	36
 39495	46	46	35	44	10	121	0	36
 39536	46	46	35	44	10	122	0	36
 39582	46	46	35	44	10	123	0	36
 39672	45	45	36	4	11	65	0	36
 39763	45	45	35	4	11	66	0	35
 39808	45	45	35	4	11	67	0	36
 39854	45	45	35	4	11	68	0	35
 39944	45	45	35	4	11	69	0	35
 39990	45	45	35	4	11	70	0	35
 40035	45	44	35	4	11	71	0	35
 40081	45	44	35	4	11	71	0	36
 40126	44	44	35	4	11	72	0	36
 40171	44	44	35	4	11	73	0	36
 40217	44	44	35	4	11	74	0	36
 40262	44	44	35	4	11	74	0	35
 40307	44	44	35	4	11	75	0	35
 40353	44	44	35	4	11	76	0	35
 40398	44	44	35	4	11	77	0	35
 40534	44	44	35	4	11	79	0	35
 40579	44	43	35	4	11	80	0	35
 40625	44	43	35	4	11	80	0	35
 40670	44	43	35	4	11	81	0	35
 40715	43	43	35	4	11	82	0	35
 40761	43	43	35	4	11	83	0	35
 40806	43	43	35	4	11	83	0	35
 40852	43	43	35	4	11	84	0	35
 40897	43	43	35	4	11	85	0	35
 40942	43	43	35	4	11	86	0	35
 40988	43	43	35	4	11	86	0	35
 41078	43	43	35	4	11	88	0	35
 41124	43	43	35	4	11	89	0	35
 41169	43	43	35	4	11	89	0	35
 41214	43	42	35	4	11	90	0	35
 41264	43	42	35	4	11	91	0	35
 41305	43	42	35	4	11	92	0	35
 41350	43	42	36	4	11	92	0	35
 41396	42	42	35	4	11	93	0	35
 41441	42	42	35	12	11	94	0	35
 41486	42	42	36	12	11	95	0	35
 41532	42	42	36	12	11	96	0	35
 41577	42	42	35	12	11	96	0	35
 41623	42	42	36	12	11	97	0	35
 41668	42	42	36	12	11	98	0	35
 41713	42	42	36	12	11	99	0	35
 41759	42	41	35	12	11	99	0	35
 41807	42	42	36	12	11	100	0	35
 41849	42	41	36	12	11	101	0	35
 41895	42	41	36	12	11	102	0	35
 41940	42	41	36	12	11	102	0	35
 41985	42	41	36	12	11	103	0	35
 42031	42	41	36	12	11	104	0	35
 42076	42	41	36	12	11	105	0	35
 42121	41	41	36	12	11	105	0	35
 42167	41	40	36	12	11	106	0	35
 42215	41	41	36	12	11	107	0	35
 42258	41	41	36	12	11	108	0	35
 42303	41	41	36	12	11	108	0	35
 42348	41	41	36	12	11	109	0	34
 42394	41	41	36	12	11	110	0	35
 42439	41	41	36	12	11	111	0	34
 42484	41	41	36	12	11	111	0	34
 42530	41	41	36	12	11	112	0	34
 42575	41	40	36	12	11	113	0	34
 42620	41	40	36	12	11	114	0	34
 42669	41	40	36	12	11	114	0	34
 42711	41	40	36	12	11	115	0	34
 42756	41	40	36	12	11	116	0	34
 42802	40	40	36	12	11	117	0	34
 42847	40	40	36	12	11	117	0	34
 42893	40	40	36	12	11	118	0	34
 42938	40	40	36	12	11	119	0	34
 42983	40	40	36	12	11	120	0	34
 43029	40	40	37	12	11	120	0	34
 43074	40	40	36	12	11	121	0	34
 43119	40	40	36	12	11	122	0	34
 43165	40	40	36	12	11	123	0	34
 43210	40	40	36	12	11	123	0	34
 43255	41	39	36	7	12	64	0	34
 43301	49	40	36	7	12	65	0	34
 43346	66	39	36	7	12	66	0	34
 43391	86	40	36	7	12	66	0	34
 43437	81	41	36	7	12	67	0	34
 43482	67	44	36	3	12	68	0	34
 43527	57	47	36	3	12	69	0	34
 43573	52	48	36	3	12	70	0	34
 43664	47	46	36	3	12	71	0	34
 43709	45	44	36	3	12	72	0	35
 43754	45	44	36	3	12	73	0	35
 43845	53	44	36	3	12	74	0	35
 43890	72	44	36	3	12	75	0	35
 43936	91	45	36	3	12	76	0	35
 43981	93	47	36	3	12	76	0	34
 44026	92	50	36	3	12	77	0	35
 44072	92	54	36	3	12	78	0	35
 44117	91	55	36	3	12	79	0	35
 44162	88	56	36	3	12	79	0	35
 44208	83	57	36	3	12	80	0	35
 44262	81	58	36	3	12	81	0	35
 44299	82	58	36	3	12	82	0	35
 44344	84	58	36	3	12	82	0	35
 44389	85	58	37	3	12	83	0	35
 44435	87	59	36	3	12	84	0	35
 44525	90	62	37	3	12	85	0	35
 44571	89	65	36	3	12	86	0	35
 44616	90	66	36	3	12	87	0	35
 44661	91	68	36	3	12	88	0	36
 44707	92	70	36	3	12	88	0	36
 44752	92	71	36	3	12	89	0	36
 44797	92	72	36	3	12	90	0	36
 44843	92	74	36	3	12	91	0	36
 44888	93	75	36	3	12	91	0	36
 44933	94	76	36	3	12	92	0	36
 44979	92	76	37	3	12	93	0	36
 45024	92	77	36	11	12	94	0	36
 45070	93	77	36	15	12	94	0	36
 45115	93	78	36	15	12	95	0	36
 45160	94	79	36	15	12	96	0	36
 45206	94	79	37	15	12	97	0	36
 45251	94	79	37	15	12	97	0	36
 45345	94	80	36	15	12	99	0	37
 45387	94	81	37	15	12	100	0	37
 45432	94	81	37	15	12	100	0	37
 45478	93	82	37	15	12	101	0	37
 45523	92	82	37	11	12	102	0	37
 45568	87	83	37	11	12	103	0	37
 45614	83	83	37	11	12	104	0	37
 45659	82	83	37	11	12	104	0	37
 45704	85	82	37	11	12	105	0	37
 45750	92	82	37	11	12	106	0	37
 45795	92	81	37	11	12	107	0	37
 45841	92	82	37	15	12	107	0	37
 45886	91	83	37	15	12	108	0	38
 45931	91	83	37	15	12	109	0	38
 45977	91	83	37	15	12	110	0	38
 46022	91	83	37	15	12	110	0	38
 46067	91	83	37	15	12	111	0	38
 46113	90	83	37	15	12	112	0	38
 46158	90	83	37	15	12	113	0	38
 46203	91	83	37	15	12	113	0	38
 46249	92	83	37	15	12	114	0	38
 46294	93	83	37	15	12	115	0	38
 46343	91	82	37	15	12	116	0	38
 46385	91	83	37	15	12	116	0	38
 46430	93	83	37	15	12	117	0	38
 46479	91	83	37	15	12	118	0	38
 46521	93	83	37	15	12	119	0	38
 46566	91	84	37	15	12	119	0	38
 46612	93	84	37	15	12	120	0	38
 46657	90	84	37	11	12	121	0	38
 46702	85	84	37	11	12	122	0	38
 46748	84	84	37	11	12	122	0	38
 46797	85	83	37	11	12	123	0	38
 46838	92	83	37	3	13	64	0	38
 46884	91	82	38	3	13	65	0	38
 46929	92	82	38	3	13	65	0	38
 46974	91	83	37	7	13	66	0	38
 47020	91	83	37	7	13	67	0	38
 47065	92	83	37	7	13	68	0	38
 47110	92	82	38	7	13	68	0	38
 47156	91	82	37	7	13	69	0	38
 47201	92	82	37	7	13	70	0	38
 47247	93	83	37	7	13	71	0	38
 47292	92	83	37	7	13	71	0	38
 47337	91	83	38	7	13	72	0	38
 47383	93	83	38	7	13	73	0	39
 47428	91	83	38	7	13	74	0	38
 47522	93	84	37	7	13	75	0	38
 47564	91	84	37	7	13	76	0	38
 47609	92	84	37	7	13	77	0	39
 47655	91	84	37	7	13	78	0	39
 47700	93	84	37	7	13	78	0	39
 47745	90	84	37	3	13	79	0	39
 47791	86	85	38	3	13	80	0	39
 47836	84	85	37	3	13	81	0	39
 47881	86	84	37	3	13	81	0	39
 47927	92	84	37	3	13	82	0	39
 47972	92	83	37	3	13	83	0	39
 48063	91	84	37	7	13	84	0	39
 48108	91	84	37	7	13	85	0	39
 48153	91	84	37	7	13	86	0	39
 48199	91	84	37	7	13	87	0	39
 48244	93	84	37	7	13	87	0	39
 48290	92	84	37	7	13	88	0	39
 48291	92	84	37	7	13	88	0	39
 48335	93	83	37	7	13	89	0	39
 48383	93	83	37	7	13	90	0	39
 48435	92	84	37	7	13	91	0	39
 48471	92	84	37	7	13	91	0	39
 48516	93	84	38	7	13	92	0	39
 48562	92	84	37	7	13	93	0	39
 48607	92	84	37	7	13	93	0	39
 48652	93	84	37	15	13	94	0	39
 48698	91	84	37	15	13	95	0	39
 48743	93	84	37	15	13	96	0	39
 48788	93	84	37	15	13	96	0	39
 48834	93	84	37	15	13	97	0	39
 48879	89	85	37	11	13	98	0	39
 48925	86	85	37	11	13	99	0	39
 48970	85	85	37	11	13	99	0	39
 49015	86	85	37	11	13	100	0	39
 49061	93	84	37	11	13	101	0	39
 49106	92	83	37	11	13	102	0	39
 49151	93	83	37	15	13	102	0	39
 49197	92	84	37	15	13	103	0	39
 49242	92	85	37	15	13	104	0	39
 49287	92	84	37	15	13	105	0	39
 49333	91	84	37	15	13	105	0	39
 49378	93	84	37	15	13	106	0	39
 49423	93	84	37	15	13	107	0	39
 49472	92	84	37	15	13	108	0	39
 49514	93	84	37	15	13	108	0	39
 49559	94	84	37	15	13	109	0	39
 49605	92	84	37	15	13	110	0	39
 49650	93	84	37	15	13	111	0	39
 49696	93	84	37	15	13	112	0	39
 49741	92	84	37	15	13	112	0	39
 49786	94	84	37	15	13	113	0	39
 49832	92	85	37	15	13	114	0	39
 49877	94	85	37	15	13	115	0	39
 49922	93	85	37	15	13	115	0	39
 49968	94	85	38	15	13	116	0	39
 50013	89	85	37	11	13	117	0	39
 50058	86	85	37	11	13	118	0	39
 50104	85	85	37	11	13	118	0	39
 50149	87	84	37	11	13	119	0	39
 50194	93	83	37	11	13	120	0	39
 50240	93	83	37	11	13	121	0	39
 50285	93	83	37	15	13	121	0	39
 50330	92	84	37	15	13	122	0	39
 50376	92	84	37	15	13	123	0	39
 50421	92	84	37	4	14	64	0	39
 50466	90	84	37	4	14	64	0	39
 50512	85	84	37	4	14	65	0	39
 50561	84	84	37	4	14	66	0	39
 50606	82	83	38	4	14	67	0	39
 50648	81	82	37	4	14	67	0	39
 50693	80	81	37	4	14	68	0	39
 50739	80	80	37	4	14	69	0	39
 50788	79	80	37	4	14	70	0	39
 50834	79	79	37	4	14	70	0	39
 50875	78	79	37	4	14	71	0	39
 50920	77	78	37	4	14	72	0	39
 50965	77	77	37	4	14	73	0	39
 51011	76	77	37	4	14	73	0	39
 51059	75	76	37	4	14	74	0	39
 51101	75	76	37	4	14	75	0	39
 51147	74	75	37	4	14	76	0	39
 51192	74	74	37	4	14	76	0	39
 51283	73	73	37	4	14	78	0	39
 51328	72	73	37	4	14	79	0	39
 51373	72	72	37	4	14	79	0	39
 51419	71	72	37	4	14	80	0	39
 51464	71	71	37	4	14	81	0	39
 51510	70	71	37	4	14	82	0	39
 51604	69	70	37	4	14	83	0	39
 51646	69	69	36	4	14	84	0	39
 51691	68	69	37	4	14	85	0	39
 51736	68	69	37	4	14	86	0	39
 51782	68	68	37	4	14	86	0	39
 51827	67	67	37	4	14	87	0	39
 51872	66	67	37	4	14	88	0	39
 51918	66	67	37	4	14	89	0	39
 51963	66	66	37	4	14	89	0	39
 52008	65	66	37	4	14	90	0	39
 52054	65	66	37	4	14	91	0	39
 52099	65	65	37	4	14	92	0	39
 52144	65	65	37	4	14	92	0	39
 52190	64	64	37	4	14	93	0	39
 52235	64	64	37	12	14	94	0	39
 52281	63	64	37	12	14	95	0	39
 52326	63	64	37	12	14	95	0	39
 52371	63	63	37	12	14	96	0	39
 52417	63	63	37	12	14	97	0	39
 52462	62	62	37	12	14	98	0	39
 52507	62	62	37	12	14	98	0	39
 52553	61	62	37	12	14	99	0	39
 52598	61	62	37	12	14	100	0	39
 52643	61	61	37	12	14	101	0	38
 52689	61	61	37	12	14	101	0	38
 52734	60	61	37	12	14	102	0	38
 52779	60	61	37	12	14	103	0	38
 52825	60	60	37	12	14	104	0	38
 52870	60	60	37	12	14	104	0	38
 52915	60	60	37	12	14	105	0	38
 52961	59	59	38	12	14	106	0	38
 53006	59	59	37	12	14	107	0	38
 53052	59	59	37	12	14	107	0	38
 53097	59	59	37	12	14	108	0	38
 53142	58	58	37	12	14	109	0	38
 53188	58	58	37	12	14	110	0	38
 53233	58	58	37	12	14	110	0	38
 53324	58	58	37	12	14	112	0	38
 53369	57	57	37	12	14	113	0	38
 53415	57	57	37	12	14	113	0	38
 53460	57	57	37	12	14	114	0	38
 53505	57	57	37	12	14	115	0	38
 53550	57	57	37	12	14	116	0	38
 53596	56	56	37	12	14	117	0	38
 53641	56	56	37	12	14	117	0	38
 53686	56	56	37	12	14	118	0	38
 53732	56	56	37	12	14	119	0	38
 53777	56	56	37	12	14	120	0	38
 53823	55	55	37	12	14	120	0	37
 53868	55	55	37	12	14	121	0	37
 53913	55	55	37	12	14	122	0	37
 53959	55	55	37	12	14	123	0	37
 54004	55	55	37	12	14	123	0	37
 54049	54	54	37	7	15	64	0	37
 54095	60	54	37	7	15	65	0	37
 54140	75	54	37	7	15	66	0	37
 54185	91	55	37	7	15	66	0	37
 54231	94	55	37	7	15	67	0	37
 54276	93	58	37	7	15	68	0	37
 54321	86	61	37	7	15	69	0	37
 54367	75	64	37	3	15	69	0	37
 54412	68	64	37	3	15	70	0	37
 54457	64	63	37	3	15	71	0	37
 54503	62	61	37	3	15	72	0	38
 54548	60	59	37	3	15	72	0	38
 54594	58	58	37	3	15	73	0	38
 54639	60	57	37	3	15	74	0	38
 54684	72	58	37	3	15	75	0	38
 54730	89	58	37	3	15	75	0	38
 54775	92	59	37	3	15	76	0	37
 54820	93	62	37	3	15	77	0	37
 54866	94	65	37	3	15	78	0	38
 54911	94	67	37	3	15	78	0	38
 54956	94	69	36	3	15	79	0	38
 55002	94	69	37	3	15	80	0	38
 55047	93	69	36	3	15	81	0	38
 55092	93	70	37	3	15	81	0	38
 55138	93	70	37	7	15	82	0	38
 55183	94	70	36	7	15	83	0	38
 55228	95	71	37	7	15	84	0	38
 55274	95	71	37	7	15	84	0	38
 55319	95	72	37	7	15	85	0	38
 55365	95	73	37	7	15	86	0	38
 55410	94	74	36	7	15	87	0	38
 55455	87	75	36	3	15	87	0	38
 55501	81	76	37	3	15	88	0	38
 55546	78	77	37	3	15	89	0	38
 55591	77	77	36	3	15	90	0	38
 55682	88	77	37	3	15	91	0	38
 55727	94	77	36	3	15	92	0	38
 55773	96	78	36	3	15	93	0	38
 55818	94	79	37	15	15	94	0	38
 55863	94	80	36	15	15	94	0	38
 55909	95	82	36	15	15	95	0	38
 55954	95	82	36	15	15	96	0	38
 56000	95	82	36	15	15	97	0	38
 56045	95	82	36	15	15	97	0	38
 56090	95	82	36	15	15	98	0	39
 56136	95	82	37	15	15	99	0	39
 56181	94	82	36	15	15	100	0	39
 56226	95	82	36	15	15	100	0	39
 56272	96	82	37	15	15	101	0	39
 56317	95	83	36	15	15	102	0	39
 56362	90	83	37	11	15	103	0	39
 56408	86	83	36	11	15	104	0	39
 56453	84	84	37	11	15	104	0	39
 56498	85	83	37	11	15	105	0	39
 56544	91	82	36	11	15	106	0	39
 56634	97	82	37	11	15	107	0	39
 56680	95	84	36	15	15	108	0	39
 56725	95	84	36	15	15	109	0	39
 56770	96	85	36	15	15	110	0	39
 56816	95	85	37	15	15	110	0	39
 56861	95	85	37	15	15	111	0	39
 56906	95	85	36	15	15	112	0	39
 56952	96	85	36	15	15	113	0	39
 56997	94	85	36	15	15	113	0	39
 57043	95	85	36	15	15	114	0	39
 57088	96	86	36	15	15	115	0	39
 57133	95	86	36	15	15	116	0	39
 57179	97	85	36	15	15	116	0	39
 57224	95	86	37	15	15	117	0	39
 57269	96	86	36	15	15	118	0	39
 57315	97	86	36	15	15	119	0	39
 57360	93	86	36	11	15	119	0	39
 57405	89	87	36	11	15	120	0	39
 57451	87	87	36	11	15	121	0	39
 57496	87	87	36	11	15	122	0	39
 57541	92	86	36	11	15	122	0	39
 57587	95	85	36	11	15	123	0	39
 57632	97	85	36	0	16	64	0	39
 57677	93	85	37	4	16	65	0	39
 57723	88	86	36	4	16	65	0	39
 57768	86	86	36	4	16	66	0	39
 57813	85	86	37	4	16	67	0	39
 57859	84	85	36	4	16	68	0	39
 57904	83	84	36	4	16	68	0	39
 57950	82	83	36	4	16	69	0	39
 57995	82	83	36	4	16	70	0	39
 58040	81	82	36	4	16	71	0	39
 58131	80	81	37	4	16	72	0	39
 58180	79	80	36	4	16	73	0	39
 58222	79	80	36	4	16	74	0	39
 58312	78	79	36	4	16	75	0	39
 58358	78	78	36	4	16	76	0	39
 58403	77	78	36	4	16	77	0	39
 58452	77	77	36	4	16	78	0	39
 58494	76	77	36	4	16	78	0	39
 58539	76	76	36	4	16	79	0	39
 58584	75	76	36	4	16	80	0	39
 58630	75	75	36	4	16	81	0	39
 58675	74	75	36	4	16	81	0	39
 58721	74	74	36	4	16	82	0	39
 58766	73	74	36	4	16	83	0	39
 58811	73	74	36	4	16	84	0	39
 58857	72	73	36	4	16	84	0	39
 58902	72	73	36	4	16	85	0	39
 58947	72	72	36	4	16	86	0	39
 58993	71	72	36	4	16	87	0	39
 59038	71	71	36	4	16	87	0	39
 59083	70	71	36	4	16	88	0	39
 59129	70	71	36	4	16	89	0	39
 59174	70	70	36	4	16	90	0	39
 59265	69	69	36	4	16	91	0	39
 59310	69	69	36	4	16	92	0	39
 59355	68	69	36	4	16	93	0	39
 59401	68	68	36	4	16	93	0	39
 59446	68	68	36	12	16	94	0	38
 59492	67	68	36	12	16	95	0	38
 59537	67	67	36	12	16	96	0	38
 59582	67	67	36	12	16	96	0	38
 59628	66	67	36	12	16	97	0	38
 59673	66	66	36	12	16	98	0	38
 59718	66	66	36	12	16	99	0	38
 59764	65	65	36	12	16	99	0	38
 59809	65	65	36	12	16	100	0	38
 59854	65	65	36	12	16	101	0	38
 59900	64	65	36	12	16	102	0	38
 59945	64	64	36	12	16	102	0	38
 59990	64	64	36	12	16	103	0	38
 60036	63	64	36	12	16	104	0	38
 60081	63	63	36	12	16	105	0	38
 60126	63	63	36	12	16	105	0	38
 60221	62	62	36	12	16	107	0	38
 60262	62	62	36	12	16	108	0	38
 60308	61	61	36	12	16	108	0	38
 60353	61	61	36	12	16	109	0	38
 60444	60	61	36	12	16	111	0	38
 60489	60	60	36	12	16	112	0	38
 60535	60	60	36	12	16	112	0	38
 60580	60	60	36	12	16	113	0	38
 60625	59	59	36	12	16	114	0	38
 60671	59	59	36	12	16	115	0	38
 60716	59	59	36	12	16	115	0	38
 60761	58	59	36	12	16	116	0	38
 60807	58	58	36	12	16	117	0	38
 60852	58	58	36	12	16	118	0	38
 60897	58	57	36	12	16	118	0	37
 60943	57	57	36	12	16	119	0	38
 60988	57	57	36	12	16	120	0	37
 61033	57	57	36	12	16	121	0	37
 61034	57	57	36	12	16	121	0	37
 61082	57	57	36	12	16	121	0	37
 61169	56	56	36	12	16	123	0	37
 61215	56	56	36	7	17	64	0	37
 61260	57	56	36	7	17	64	0	37
 61306	67	55	36	7	17	65	0	37
 61351	85	55	36	7	17	66	0	37
 61442	94	57	36	7	17	67	0	37
 61487	96	61	36	7	17	68	0	37
 61532	91	64	37	3	17	69	0	37
 61578	80	66	36	3	17	70	0	37
 61623	72	66	36	3	17	70	0	37
 61668	67	65	36	3	17	71	0	37
 61714	64	64	36	3	17	72	0	37
 61759	62	61	36	3	17	73	0	37
 61804	63	60	36	3	17	73	0	38
 61850	73	59	35	3	17	74	0	37
 61899	91	59	36	3	17	75	0	37
 61940	94	61	36	3	17	76	0	37
 61986	95	63	36	3	17	76	0	37
 62031	95	67	36	3	17	77	0	37
 62076	96	70	35	3	17	78	0	37
 62122	95	71	36	3	17	79	0	37
 62167	94	71	36	3	17	79	0	37
 62258	96	72	36	3	17	81	0	38
 62303	96	72	35	7	17	82	0	38
 62349	96	73	36	7	17	83	0	38
 62394	96	73	36	7	17	83	0	38
 62439	97	74	35	7	17	84	0	38
 62485	96	75	36	7	17	85	0	38
 62530	96	75	36	7	17	86	0	38
 62575	96	76	36	7	17	86	0	38
 62621	95	77	36	3	17	87	0	38
 62666	88	79	36	3	17	88	0	38
 62711	82	80	36	3	17	89	0	38
 62757	80	80	36	3	17	89	0	38
 62802	80	80	36	3	17	90	0	38
 62847	84	79	36	3	17	91	0	38
 62893	95	79	36	3	17	92	0	38
 62938	95	79	36	3	17	92	0	38
 62984	97	80	36	7	17	93	0	38
 63029	98	82	36	15	17	94	0	38
 63074	96	83	35	15	17	95	0	38
 63165	98	84	35	15	17	96	0	38
 63210	96	84	35	15	17	97	0	38
 63256	98	84	35	15	17	98	0	39
 63301	97	84	35	15	17	98	0	38
 63346	98	84	35	15	17	99	0	38
 63392	98	85	35	15	17	100	0	39
 63437	97	85	35	15	17	101	0	39
 63482	97	85	36	15	17	101	0	39
 63528	93	85	35	11	17	102	0	39
 63573	88	85	35	11	17	103	0	39
 63618	86	86	35	11	17	104	0	39
 63664	85	86	35	11	17	104	0	39
 63709	90	85	36	11	17	105	0	39
 63755	97	84	35	11	17	106	0	39
 63800	96	84	36	11	17	107	0	39
 63845	96	85	36	15	17	107	0	39
 63891	98	86	36	15	17	108	0	39
 63936	98	87	36	15	17	109	0	39
 63984	99	87	36	15	17	110	0	39
 64027	99	87	36	15	17	110	0	39
 64072	96	87	36	15	17	111	0	39
 64117	97	87	36	15	17	112	0	39
 64163	98	87	35	15	17	113	0	39
 64208	96	87	36	15	17	113	0	39
 64253	98	87	35	15	17	114	0	39
 64299	97	87	36	15	17	115	0	39
 64344	98	87	36	15	17	116	0	39
 64390	98	87	36	15	17	116	0	39
 64435	98	87	36	15	17	117	0	39
 64526	94	88	36	11	17	119	0	39
 64571	90	88	36	11	17	119	0	39
 64616	89	89	36	11	17	120	0	39
 64662	89	88	35	11	17	121	0	39
 64707	93	87	35	11	17	122	0	39
 64752	96	87	35	11	17	122	0	39
 64798	97	87	35	11	17	123	0	39
 64843	96	87	36	7	18	64	0	39
 64888	95	88	35	7	18	65	0	39
 64934	95	89	35	7	18	66	0	39
 64979	95	88	36	7	18	66	0	39
 65024	97	88	35	7	18	67	0	39
 65070	97	88	36	7	18	68	0	39
 65115	96	88	35	7	18	69	0	39
 65161	97	88	36	7	18	69	0	39
 65206	98	88	36	7	18	70	0	39
 65251	96	88	36	7	18	71	0	39
 65297	98	88	35	7	18	72	0	39
 65342	97	88	35	7	18	72	0	39
 65387	97	88	36	7	18	73	0	39
 65433	98	88	35	7	18	74	0	39
 65478	98	88	35	7	18	75	0	40
 65523	98	88	35	7	18	75	0	40
 65569	98	88	35	7	18	76	0	40
 65614	97	89	36	3	18	77	0	40
 65659	92	89	35	3	18	78	0	39
 65705	89	89	36	3	18	78	0	40
 65750	88	89	36	3	18	79	0	40
 65796	91	88	35	3	18	80	0	40
 65841	97	87	35	3	18	81	0	40
 65886	95	87	36	3	18	81	0	40
 65932	97	87	36	7	18	82	0	40
 65977	96	88	35	7	18	83	0	40
 66022	95	89	35	7	18	84	0	40
 66068	95	88	36	7	18	84	0	40
 66113	97	88	36	7	18	85	0	40
 66158	96	88	36	7	18	86	0	40
 66204	96	88	35	7	18	87	0	40
 66249	98	88	35	7	18	87	0	40
 66294	96	88	36	7	18	88	0	39
 66340	97	88	36	7	18	89	0	40
 66385	98	88	36	7	18	90	0	39
 66430	96	88	35	7	18	90	0	39
 66476	97	88	35	7	18	91	0	39
 66521	97	88	36	7	18	92	0	40
 66567	99	88	36	7	18	93	0	40
 66612	99	88	35	7	18	93	0	40
 66657	98	88	36	15	18	94	0	40
 66703	98	89	36	15	18	95	0	40
 66748	95	89	35	11	18	96	0	40
 66793	91	89	35	11	18	97	0	40
 66839	89	89	35	11	18	97	0	40
 66884	89	88	35	11	18	98	0	40
 66929	94	87	35	11	18	99	0	40
 66975	96	87	36	11	18	100	0	40
 67020	98	86	35	11	18	100	0	40
 67065	96	87	35	15	18	101	0	40
 67111	96	88	35	15	18	102	0	40
 67156	96	88	35	15	18	103	0	40
 67202	95	88	35	15	18	103	0	40
 67247	98	87	35	15	18	104	0	40
 67292	98	87	35	15	18	105	0	40
 67338	96	87	35	15	18	106	0	40
 67383	98	87	35	15	18	106	0	40
 67428	98	87	35	15	18	107	0	40
 67474	96	87	35	15	18	108	0	40
 67519	97	87	35	15	18	109	0	40
 67564	98	87	35	15	18	109	0	40
 67610	99	87	35	15	18	110	0	40
 67655	99	87	35	15	18	111	0	40
 67700	98	87	36	15	18	112	0	40
 67791	94	87	35	11	18	113	0	40
 67836	89	88	35	11	18	114	0	40
 67882	87	87	35	11	18	115	0	40
 67927	88	87	35	11	18	115	0	40
 67973	93	86	35	11	18	116	0	40
 68018	96	85	35	11	18	117	0	40
 68063	98	85	35	11	18	118	0	40
 68109	96	85	35	15	18	118	0	40
 68154	96	86	35	15	18	119	0	40
 68202	96	86	35	15	18	120	0	40
 68245	96	86	35	15	18	121	0	40
 68290	98	86	35	15	18	121	0	40
 68335	97	86	35	15	18	122	0	40
 68381	97	85	35	15	18	123	0	40
 68426	98	85	35	7	19	64	0	40
 68471	97	86	36	7	19	65	0	40
 68520	99	86	35	7	19	65	0	40
 68562	98	86	36	7	19	66	0	40
 68607	98	86	36	7	19	67	0	40
 68653	97	86	35	7	19	68	0	40
 68698	97	86	35	7	19	68	0	40
 68743	94	86	35	3	19	69	0	40
 68789	89	86	35	3	19	70	0	41
 68834	86	85	35	3	19	71	0	41
 68925	89	82	35	3	19	72	0	41
 68970	96	81	35	3	19	73	0	40
 69016	96	80	35	3	19	74	0	40
 69061	98	82	35	7	19	74	0	40
 69106	97	84	35	7	19	75	0	40
 69152	97	85	35	7	19	76	0	40
 69288	98	87	35	7	19	78	0	40
 69333	98	87	35	7	19	79	0	40
 69379	96	87	35	7	19	80	0	40
 69424	98	87	35	7	19	80	0	41
 69469	97	88	35	7	19	81	0	41
 69560	98	88	35	7	19	83	0	40
 69605	97	88	35	7	19	83	0	40
 69651	98	88	35	7	19	84	0	40
 69696	99	89	35	7	19	85	0	40
 69741	97	89	35	7	19	86	0	40
 69787	99	89	35	7	19	86	0	40
 69832	98	89	35	3	19	87	0	40
 69877	93	89	36	3	19	88	0	40
 69923	90	90	35	3	19	89	0	40
 69968	89	89	35	3	19	89	0	40
 70013	91	88	35	3	19	90	0	40
 70059	97	86	36	3	19	91	0	40
 70104	96	85	36	3	19	92	0	40
 70149	97	87	36	7	19	92	0	40
 70195	98	88	36	7	19	93	0	40
 70240	98	88	36	15	19	94	0	40
 70285	98	89	36	15	19	95	0	40
 70331	99	89	36	15	19	96	0	40
 70376	99	89	36	15	19	96	0	40
 70422	99	90	36	15	19	97	0	40
 70467	99	90	36	15	19	98	0	40
 70512	99	90	36	15	19	99	0	40
 70558	99	90	36	15	19	99	0	40
 70603	98	90	36	15	19	100	0	40
 70648	98	90	36	15	19	101	0	40
 70694	98	90	35	15	19	102	0	40
 70739	98	90	35	15	19	102	0	40
 70784	97	90	35	15	19	103	0	40
 70830	97	90	35	15	19	104	0	40
 70875	97	90	35	15	19	105	0	40
 70920	96	90	35	15	19	105	0	40
 70966	96	90	36	15	19	106	0	40
 71011	96	90	35	15	19	107	0	40
 71057	96	89	35	15	19	108	0	40
 71102	98	89	35	11	19	108	0	40
 71147	94	89	35	11	19	109	0	40
 71193	90	89	35	11	19	110	0	40
 71329	97	87	35	11	19	112	0	40
 71374	98	86	35	11	19	113	0	40
 71419	97	87	35	15	19	114	0	39
 71469	98	88	35	15	19	114	0	39
 71510	96	89	35	15	19	115	0	39
 71555	98	89	35	15	19	116	0	39
 71605	97	89	35	15	19	117	0	39
 71646	98	89	35	15	19	117	0	39
 71691	98	89	36	15	19	118	0	39
 71737	96	89	35	15	19	119	0	39
 71782	98	89	35	15	19	120	0	39
 71827	98	89	35	15	19	120	0	39
 71873	97	89	35	15	19	121	0	39
 71918	98	89	35	15	19	122	0	39
 71964	97	89	35	15	19	123	0	39
 72009	97	89	35	15	19	123	0	39
 72054	98	89	35	7	20	64	0	39
 72100	97	89	35	7	20	65	0	39
 72145	98	89	35	7	20	66	0	39
 72190	97	89	35	7	20	66	0	39
 72236	98	89	35	7	20	67	0	39
 72281	97	89	35	7	20	68	0	39
 72326	97	89	35	7	20	69	0	39
 72372	97	89	35	3	20	70	0	39
 72417	93	89	35	3	20	70	0	39
 72462	89	89	35	3	20	71	0	39
 72508	89	88	35	3	20	72	0	39
 72553	93	87	35	3	20	73	0	39
 72598	97	85	35	3	20	73	0	39
 72644	96	85	35	3	20	74	0	39
 72689	97	86	35	7	20	75	0	39
 72735	98	87	35	7	20	76	0	39
 72780	99	88	35	7	20	76	0	38
 72871	98	88	35	7	20	78	0	38
 72916	97	88	35	7	20	79	0	38
 72961	96	88	35	7	20	79	0	38
 73007	98	88	35	7	20	80	0	38
 73052	97	88	35	7	20	81	0	38
 73097	98	88	35	7	20	82	0	38
 73143	98	88	35	7	20	82	0	38
 73188	96	88	35	7	20	83	0	38
 73233	99	88	35	7	20	84	0	38
 73279	96	88	35	7	20	85	0	38
 73325	98	88	35	7	20	85	0	38
 73369	98	88	35	7	20	86	0	38
 73415	98	89	35	7	20	87	0	38
 73460	99	89	35	7	20	88	0	38
 73506	99	89	35	7	20	88	0	38
 73551	97	89	35	3	20	89	0	38
 73596	92	89	35	3	20	90	0	38
 73642	89	89	35	3	20	91	0	38
 73687	89	88	35	3	20	91	0	38
 73732	93	87	36	3	20	92	0	38
 73778	97	85	36	3	20	93	0	38
 73823	99	85	35	11	20	94	0	38
 73868	97	86	35	15	20	94	0	38
 73914	98	88	35	15	20	95	0	38
 73959	98	88	35	15	20	96	0	38
 74004	96	88	35	15	20	97	0	38
 74050	98	88	35	15	20	97	0	38
 74095	98	88	35	15	20	98	0	38
 74140	97	88	35	15	20	99	0	38
 74186	98	88	35	15	20	100	0	38
 74231	97	88	35	15	20	100	0	38
 74277	97	88	35	15	20	101	0	38
 74322	98	88	35	15	20	102	0	38
 74367	96	88	35	15	20	103	0	38
 74422	97	88	35	15	20	104	0	38
 74461	97	88	36	15	20	104	0	38
 74503	97	88	35	15	20	105	0	38
 74549	98	87	35	15	20	106	0	38
 74594	97	88	35	15	20	107	0	38
 74639	96	88	35	15	20	107	0	38
 74685	99	88	35	15	20	108	0	38
 74730	95	87	35	11	20	109	0	38
 74775	91	87	36	11	20	110	0	38
 74821	88	87	35	11	20	110	0	38
 74866	88	86	35	11	20	111	0	38
 74911	93	85	35	11	20	112	0	38
 74958	96	84	35	11	20	113	0	37
 75002	99	84	35	11	20	113	0	37
 75047	97	85	35	15	20	114	0	37
 75093	98	87	36	15	20	115	0	37
 75138	98	87	35	15	20	116	0	37
 75184	97	87	35	15	20	116	0	37
 75229	97	87	35	15	20	117	0	37
 75274	99	87	35	15	20	118	0	37
 75323	97	87	35	15	20	119	0	37
 75365	98	87	35	15	20	119	0	37
 75410	98	87	36	15	20	120	0	37
 75456	97	88	35	15	20	121	0	37
 75501	99	88	35	15	20	122	0	37
 75546	97	88	35	15	20	122	0	37
 75592	98	89	35	15	20	123	0	37
 75637	97	89	35	7	21	64	0	37
 75682	98	89	35	7	21	65	0	37
 75728	97	89	35	7	21	65	0	37
 75773	99	89	35	7	21	66	0	37
 75818	99	89	35	7	21	67	0	37
 75864	96	89	35	3	21	68	0	37
 75913	92	89	35	3	21	68	0	37
 75955	89	90	35	3	21	69	0	37
 76000	90	89	35	3	21	70	0	37
 76045	96	87	35	3	21	71	0	37
 76091	95	83	35	3	21	71	0	37
 76136	97	78	35	3	21	72	0	37
 76181	99	77	35	7	21	73	0	37
 76228	98	77	35	7	21	74	0	37
 76272	97	77	35	7	21	74	0	37
 76317	98	78	35	7	21	75	0	37
 76363	99	78	35	7	21	76	0	37
 76408	97	78	35	7	21	77	0	37
 76453	99	79	36	7	21	78	0	37
 76499	97	79	35	7	21	78	0	37
 76590	97	81	35	7	21	80	0	37
 76635	91	81	35	3	21	81	0	37
 76680	86	83	35	3	21	81	0	37
 76771	83	82	35	3	21	83	0	37
 76816	88	82	35	3	21	84	0	36
 76862	96	81	35	3	21	84	0	37
 76907	97	82	35	3	21	85	0	36
 76952	99	83	35	7	21	86	0	36
 76998	99	85	35	7	21	87	0	36
 77043	99	86	35	7	21	87	0	36
 77088	98	86	35	7	21	88	0	36
 77134	97	87	35	7	21	89	0	36
 77179	98	87	35	7	21	90	0	36
 77224	99	87	35	7	21	90	0	36
 77270	97	86	35	7	21	91	0	36
 77315	99	87	35	7	21	92	0	36
 77360	98	87	35	7	21	93	0	36
 77406	98	87	35	7	21	93	0	36
 77496	100	87	35	15	21	95	0	36
 77542	99	87	35	15	21	96	0	36
 77587	99	88	35	15	21	96	0	36
 77633	97	88	35	11	21	97	0	36
 77678	92	88	35	11	21	98	0	36
 77723	89	88	35	11	21	99	0	36
 77769	88	88	35	11	21	99	0	36
 77814	92	86	35	11	21	100	0	36
 77859	97	85	35	11	21	101	0	36
 77905	98	85	35	11	21	102	0	36
 77951	97	86	36	15	21	102	0	36
 77995	99	87	35	15	21	103	0	36
 78041	97	88	35	15	21	104	0	36
 78086	97	88	35	15	21	105	0	36
 78131	99	88	35	15	21	105	0	36
 78177	97	88	35	15	21	106	0	36
 78222	97	87	35	15	21	107	0	36
 78267	99	88	35	15	21	108	0	36
 78313	98	88	35	15	21	108	0	36
 78358	97	88	35	15	21	109	0	36
 78404	99	88	35	15	21	110	0	36
 78449	97	88	35	15	21	111	0	36
 78494	98	88	35	15	21	112	0	36
 78544	98	88	35	15	21	112	0	36
 78585	99	88	36	15	21	113	0	36
 78630	99	88	35	15	21	114	0	36
 78676	98	88	35	15	21	115	0	36
 78721	97	88	35	11	21	115	0	36
 78766	92	88	35	11	21	116	0	36
 78812	89	88	35	11	21	117	0	36
 78857	88	87	35	11	21	118	0	36
 78902	92	86	35	11	21	118	0	36
 78948	97	85	35	11	21	119	0	36
 78993	97	84	35	11	21	120	0	36
 79038	98	85	35	15	21	121	0	36
 79084	99	87	35	15	21	121	0	36
 79129	97	88	35	15	21	122	0	36
 79175	97	88	35	15	21	123	0	36
 79220	99	88	35	7	22	64	0	36
 79265	97	88	35	7	22	64	0	36
 79311	98	88	35	7	22	65	0	36
 79356	98	87	35	7	22	66	0	35
 79401	96	87	35	7	22	67	0	35
 79447	98	88	35	7	22	67	0	35
 79492	98	88	35	7	22	68	0	35
 79537	97	88	35	7	22	69	0	35
 79583	99	88	35	7	22	70	0	35
 79628	97	88	35	7	22	70	0	35
 79673	98	89	35	7	22	71	0	35
 79719	97	89	35	7	22	72	0	35
 79764	98	89	35	7	22	73	0	35
 79809	97	89	35	7	22	73	0	35
 79855	97	89	35	7	22	74	0	35
 79900	97	89	35	7	22	75	0	35
 79946	97	89	35	3	22	76	0	35
 79991	93	89	35	3	22	76	0	35
 80082	89	88	35	3	22	78	0	35
 80127	94	85	35	3	22	79	0	35
 80173	96	84	35	3	22	79	0	35
 80218	99	83	35	3	22	80	0	35
 80263	97	85	35	7	22	81	0	35
 80308	97	85	35	7	22	82	0	35
 80354	98	86	35	7	22	83	0	35
 80399	98	86	35	7	22	83	0	35
 80444	97	86	34	7	22	84	0	35
 80490	98	86	34	7	22	85	0	35
 80535	98	86	35	7	22	86	0	35
 80580	97	86	34	7	22	86	0	35
 80626	99	86	34	7	22	87	0	35
 80671	97	86	34	7	22	88	0	35
 80717	99	86	34	7	22	89	0	35
 80762	98	86	34	7	22	89	0	35
 80807	97	86	34	7	22	90	0	35
 80853	98	87	35	7	22	91	0	35
 80943	98	87	34	7	22	92	0	35
 80989	97	87	35	3	22	93	0	35
 81034	91	87	35	11	22	94	0	35
 81079	88	87	35	11	22	95	0	35
 81125	87	86	35	11	22	95	0	35
 81170	91	84	35	11	22	96	0	35
 81215	97	83	35	11	22	97	0	35
 81261	96	83	34	11	22	98	0	35
 81306	98	85	35	15	22	98	0	35
 81397	99	87	34	15	22	100	0	35
 81442	97	88	35	15	22	101	0	35
 81488	97	88	34	15	22	101	0	35
 81533	98	88	34	15	22	102	0	35
 81578	98	88	34	15	22	103	0	35
 81624	97	88	35	15	22	104	0	35
 81669	99	88	35	15	22	104	0	35
 81714	98	88	35	15	22	105	0	35
 81760	98	88	35	15	22	106	0	35
 81805	99	88	35	15	22	107	0	35
 81850	97	89	34	15	22	107	0	35
 81896	98	89	35	15	22	108	0	35
 81941	98	89	35	15	22	109	0	35
 81986	99	89	35	15	22	110	0	35
 82032	97	89	35	15	22	110	0	35
 82077	99	89	35	15	22	111	0	35
 82122	99	89	35	15	22	112	0	35
 82168	97	89	35	11	22	113	0	35
 82213	93	90	35	11	22	113	0	35
 82258	90	90	35	11	22	114	0	35
 82304	89	88	36	11	22	115	0	35
 82349	95	87	35	11	22	116	0	35
 82395	97	86	35	11	22	117	0	35
 82440	99	86	35	11	22	117	0	35
 82485	97	87	35	15	22	118	0	35
 82531	99	88	35	15	22	119	0	35
 82576	98	89	35	15	22	120	0	35
 82621	97	89	35	15	22	120	0	35
 82667	99	89	35	15	22	121	0	35
 82712	97	89	35	15	22	122	0	35
 82757	97	89	35	15	22	123	0	35
 82803	99	89	35	15	22	123	0	35
 82848	96	88	35	4	23	64	0	35
 82893	92	89	35	4	23	65	0	35
 82939	89	88	35	4	23	66	0	35
 82984	87	87	35	4	23	66	0	35
 83029	85	86	35	4	23	67	0	35
 83075	84	84	35	4	23	68	0	35
 83120	82	83	35	4	23	69	0	35
 83166	81	82	35	4	23	69	0	35
 83211	80	81	35	4	23	70	0	35
 83256	79	80	35	4	23	71	0	34
 83302	77	78	35	4	23	72	0	35
 83347	76	76	35	4	23	72	0	35
 83392	74	74	35	4	23	73	0	35
 83438	71	71	35	4	23	74	0	35
 83483	68	68	35	4	23	75	0	35
 83528	65	66	35	4	23	75	0	35
 83574	63	64	35	4	23	76	0	35
 83619	62	61	35	4	23	77	0	35
 83664	60	60	34	4	23	78	0	35
 83710	59	59	35	4	23	78	0	35
 83755	58	58	35	4	23	79	0	35
 83800	57	57	35	4	23	80	0	35
 83846	56	56	35	4	23	81	0	35
 83891	56	56	35	4	23	81	0	35
 83937	56	56	35	4	23	82	0	35
 83982	57	57	35	4	23	83	0	35
 84027	57	57	35	4	23	84	0	35
 84073	57	57	35	4	23	84	0	35
 84118	57	58	35	4	23	85	0	35
 84163	58	58	35	4	23	86	0	35
 84209	58	58	35	4	23	87	0	35
 84254	57	58	35	4	23	87	0	35
 84299	57	57	35	4	23	88	0	35
 84345	57	57	35	4	23	89	0	35
 84390	57	57	35	4	23	90	0	35
 84435	57	57	35	4	23	91	0	35
 84481	57	57	35	4	23	91	0	35
 84526	56	56	35	4	23	92	0	35
 84571	56	56	35	4	23	93	0	35
 84617	56	56	35	12	23	94	0	35
 84662	56	56	35	12	23	94	0	35
 84708	56	56	35	12	23	95	0	35
 84753	56	56	35	12	23	96	0	35
 84798	56	56	35	12	23	97	0	35
 84844	56	56	34	12	23	97	0	35
 84889	56	56	35	12	23	98	0	35
 84934	55	55	35	12	23	99	0	35
 84980	55	55	35	12	23	100	0	35
 85025	55	55	35	12	23	100	0	35
 85070	55	55	35	12	23	101	0	35
 85116	55	55	35	12	23	102	0	35
 85161	55	55	35	12	23	103	0	35
 85206	55	55	35	12	23	103	0	35
 85252	55	55	34	12	23	104	0	35
 85297	55	55	35	12	23	105	0	35
 85343	54	55	35	12	23	106	0	35
 85388	54	54	34	12	23	106	0	35
 85433	54	54	34	12	23	107	0	35
 85479	54	54	35	12	23	108	0	35
 85524	53	53	35	12	23	109	0	35
 85571	53	53	35	12	23	109	0	35
 85615	53	53	35	12	23	110	0	35
 85660	53	53	35	12	23	111	0	35
 85705	53	53	35	12	23	112	0	35
 85751	53	52	35	12	23	112	0	35
 85796	53	52	35	12	23	113	0	35
 85841	53	53	35	12	23	114	0	35
 85887	52	52	35	12	23	115	0	35
 85932	52	53	34	12	23	115	0	35
 85977	52	52	35	12	23	116	0	35
 86023	52	52	34	12	23	117	0	35
 86068	52	52	34	12	23	118	0	35
 86114	52	52	34	12	23	118	0	35
 86159	52	51	34	12	23	119	0	35
 86204	51	51	34	12	23	120	0	35
 86250	51	51	34	12	23	121	0	35
 86295	51	51	34	12	23	122	0	35
 86340	51	51	35	12	23	122	0	35
 86386	51	51	34	12	23	123	0	35
