HomeCentral
 Falkenstrasse 20
 8630 Rueti
 Datum: 15.01.15 00:00
 
 Startzeit: 2015-01-15 00:00:20 +0100
 111	67	67	37	4	0	65	0	42
 156	67	67	36	4	0	66	0	42
 201	66	66	36	4	0	67	0	42
 247	66	66	37	4	0	67	0	42
 292	65	66	36	4	0	68	0	42
 338	65	65	37	4	0	69	0	42
 383	65	65	37	4	0	70	0	42
 428	64	65	37	4	0	70	0	42
 474	64	64	36	4	0	71	0	42
 519	64	64	36	4	0	72	0	42
 564	64	64	37	4	0	73	0	42
 610	63	63	37	4	0	73	0	42
 655	63	63	37	4	0	74	0	42
 700	62	63	37	4	0	75	0	42
 746	62	62	37	4	0	76	0	42
 791	62	62	37	4	0	76	0	42
 836	61	61	37	4	0	77	0	42
 882	61	61	37	4	0	78	0	42
 927	61	61	37	4	0	79	0	42
 972	60	61	37	4	0	80	0	42
 1018	60	60	38	4	0	80	0	42
 1063	60	60	38	4	0	81	0	42
 1109	59	60	38	4	0	82	0	42
 1154	59	59	38	4	0	83	0	42
 1199	59	59	38	4	0	83	0	42
 1245	59	59	38	4	0	84	0	42
 1290	58	58	38	4	0	85	0	41
 1335	58	58	38	4	0	86	0	42
 1381	58	58	39	4	0	86	0	41
 1426	58	58	38	4	0	87	0	41
 1471	58	58	38	4	0	88	0	41
 1517	58	58	39	4	0	89	0	41
 1562	57	58	38	4	0	89	0	41
 1607	57	57	38	4	0	90	0	41
 1653	57	57	39	4	0	91	0	41
 1743	57	57	39	4	0	92	0	41
 1789	57	57	38	4	0	93	0	41
 1834	56	56	38	12	0	94	0	41
 1880	56	56	38	12	0	95	0	41
 1925	56	56	38	12	0	95	0	41
 1970	56	56	38	12	0	96	0	41
 2016	55	56	39	12	0	97	0	41
 2061	55	55	38	12	0	98	0	41
 2106	55	55	38	12	0	98	0	41
 2152	55	55	39	12	0	99	0	41
 2197	54	55	38	12	0	100	0	41
 2242	54	54	39	12	0	101	0	41
 2288	54	54	39	12	0	101	0	41
 2333	54	54	40	12	0	102	0	41
 2378	54	54	39	12	0	103	0	41
 2424	54	54	39	12	0	104	0	41
 2469	53	53	39	12	0	104	0	41
 2514	53	53	39	12	0	105	0	41
 2564	53	53	39	12	0	106	0	41
 2605	53	53	39	12	0	107	0	41
 2651	53	53	39	12	0	107	0	41
 2696	53	53	39	12	0	108	0	41
 2741	53	53	39	12	0	109	0	41
 2787	52	52	39	12	0	110	0	41
 2832	52	52	39	12	0	110	0	41
 2877	52	52	39	12	0	111	0	40
 2923	52	52	39	12	0	112	0	40
 2968	52	52	39	12	0	113	0	40
 3013	52	52	39	12	0	113	0	40
 3059	52	52	39	12	0	114	0	40
 3104	52	52	39	12	0	115	0	40
 3149	52	51	39	12	0	116	0	40
 3195	52	51	39	12	0	117	0	40
 3240	51	51	39	12	0	117	0	40
 3285	51	51	39	12	0	118	0	40
 3331	51	51	39	12	0	119	0	40
 3376	51	51	39	12	0	120	0	40
 3422	51	51	39	12	0	120	0	40
 3467	51	51	39	12	0	121	0	40
 3512	51	51	39	12	0	122	0	40
 3558	51	51	39	12	0	123	0	40
 3603	51	51	39	12	0	123	0	40
 3648	50	50	39	6	1	64	0	40
 3694	57	50	39	6	1	65	0	40
 3739	74	50	39	6	1	66	0	40
 3784	93	50	39	6	1	66	0	40
 3830	96	53	39	6	1	67	0	40
 3875	95	58	39	6	1	68	0	40
 3920	95	63	39	6	1	69	0	40
 3966	88	65	39	6	1	69	0	40
 4011	77	66	39	2	1	70	0	40
 4057	70	66	39	2	1	71	0	40
 4102	65	64	39	2	1	72	0	40
 4147	61	61	39	2	1	72	0	40
 4193	59	58	39	2	1	73	0	40
 4238	57	56	39	2	1	74	0	40
 4283	60	55	39	2	1	75	0	39
 4329	74	55	39	2	1	75	0	39
 4374	92	56	39	2	1	76	0	39
 4419	94	58	39	2	1	77	0	39
 4465	95	62	39	2	1	78	0	39
 4555	96	70	39	2	1	79	0	39
 4601	94	72	39	2	1	80	0	39
 4646	94	73	39	6	1	81	0	39
 4692	95	73	39	6	1	81	0	39
 4737	96	73	39	6	1	82	0	39
 4782	96	73	39	6	1	83	0	39
 4828	95	73	39	6	1	84	0	39
 4873	95	74	39	6	1	84	0	39
 4958	96	74	39	6	1	85	0	39
 4975	96	75	39	6	1	86	0	39
 5015	92	76	39	2	1	87	0	39
 5054	85	77	39	2	1	87	0	39
 5100	80	77	39	2	1	88	0	39
 5145	77	77	39	2	1	89	0	39
 5190	78	76	39	2	1	90	0	39
 5237	86	74	39	2	1	91	0	39
 5281	94	74	39	2	1	91	0	39
 5328	96	75	39	2	1	92	0	39
 5372	96	78	39	6	1	93	0	39
 5417	95	81	39	14	1	94	0	39
 5462	94	83	39	14	1	94	0	39
 5549	89	84	39	14	1	95	0	39
 5553	86	85	39	14	1	96	0	39
 5605	84	84	39	14	1	97	0	39
 5676	82	82	39	14	1	97	0	39
 5689	80	81	39	14	1	98	0	39
 5734	79	80	39	14	1	99	0	39
 5780	78	79	39	14	1	100	0	39
 5825	77	78	39	14	1	100	0	39
 5871	77	78	39	14	1	101	0	39
 5916	76	77	39	14	1	102	0	39
 5961	76	77	39	14	1	103	0	39
 6007	76	77	39	14	1	103	0	39
 6052	76	77	39	14	1	104	0	39
 6097	76	76	39	14	1	105	0	39
 6143	75	76	39	14	1	106	0	39
 6189	74	75	39	14	1	106	0	39
 6233	74	75	39	14	1	107	0	39
 6279	74	74	39	14	1	108	0	39
 6324	73	74	39	14	1	109	0	39
 6369	72	73	39	14	1	109	0	39
 6415	72	73	39	14	1	110	0	39
 6460	71	72	39	14	1	111	0	39
 6505	71	71	40	14	1	112	0	39
 6551	70	71	39	14	1	112	0	39
 6596	70	71	39	14	1	113	0	39
 6642	70	70	39	14	1	114	0	39
 6687	69	70	39	14	1	115	0	39
 6733	69	69	39	14	1	115	0	39
 6778	69	69	38	14	1	116	0	39
 6823	68	69	38	14	1	117	0	39
 6868	68	68	38	14	1	118	0	39
 6914	68	68	39	14	1	118	0	39
 6959	67	68	39	14	1	119	0	39
 7004	67	68	38	14	1	120	0	38
 7050	67	67	38	14	1	121	0	38
 7095	66	67	38	14	1	121	0	38
 7140	66	67	38	14	1	122	0	38
 7186	66	66	38	14	1	123	0	38
 7231	65	66	38	5	2	64	0	38
 7276	65	66	38	5	2	65	0	38
 7322	65	65	39	5	2	65	0	38
 7367	65	65	38	5	2	66	0	38
 7413	64	65	38	5	2	67	0	38
 7461	64	64	38	5	2	68	0	38
 7503	64	64	39	5	2	68	0	38
 7549	64	64	38	5	2	69	0	38
 7594	63	64	38	5	2	70	0	38
 7639	63	63	39	5	2	71	0	38
 7685	63	63	38	5	2	71	0	38
 7730	63	63	38	5	2	72	0	38
 7775	62	63	38	5	2	73	0	38
 7821	62	62	39	5	2	74	0	38
 7866	62	62	39	5	2	74	0	38
 7911	62	62	39	5	2	75	0	38
 7957	61	62	38	5	2	76	0	38
 8002	61	61	39	5	2	77	0	38
 8047	61	61	38	5	2	77	0	38
 8093	61	61	38	5	2	78	0	38
 8138	60	61	38	5	2	79	0	38
 8184	60	60	38	5	2	80	0	38
 8229	60	60	38	5	2	80	0	38
 8274	60	60	38	5	2	81	0	38
 8320	59	60	38	5	2	82	0	38
 8365	59	59	38	5	2	83	0	38
 8415	59	59	38	5	2	83	0	38
 8456	59	59	38	5	2	84	0	38
 8501	59	59	38	5	2	85	0	38
 8546	58	59	38	5	2	86	0	38
 8592	58	58	38	5	2	86	0	38
 8637	58	58	38	5	2	87	0	38
 8682	58	58	38	5	2	88	0	38
 8728	58	58	38	5	2	89	0	38
 8773	57	57	38	5	2	89	0	38
 8818	57	57	38	5	2	90	0	38
 8864	57	57	38	5	2	91	0	38
 8909	57	57	38	5	2	92	0	38
 8955	57	57	38	5	2	92	0	38
 9000	56	57	38	5	2	93	0	38
 9045	56	56	38	13	2	94	0	38
 9091	61	56	38	13	2	95	0	38
 9136	76	56	38	13	2	96	0	38
 9181	94	56	38	13	2	96	0	38
 9227	95	59	38	13	2	97	0	38
 9272	96	65	38	13	2	98	0	37
 9317	94	71	38	9	2	99	0	37
 9363	86	74	38	9	2	99	0	37
 9408	80	76	38	9	2	100	0	37
 9453	76	75	38	9	2	101	0	37
 9499	72	72	38	9	2	102	0	37
 9544	71	69	38	9	2	102	0	37
 9589	79	67	38	9	2	103	0	37
 9635	93	66	38	9	2	104	0	37
 9680	95	66	39	9	2	105	0	37
 9726	96	69	38	9	2	105	0	37
 9771	96	73	38	13	2	106	0	37
 9816	96	76	39	13	2	107	0	37
 9862	98	78	38	13	2	108	0	37
 9907	97	79	39	13	2	108	0	37
 9952	98	80	39	13	2	109	0	37
 9998	98	81	39	13	2	110	0	37
 10043	96	81	39	13	2	111	0	37
 10088	98	81	39	13	2	112	0	37
 10134	97	81	39	13	2	112	0	37
 10179	96	81	39	9	2	113	0	37
 10224	89	82	39	9	2	114	0	37
 10270	84	82	39	9	2	115	0	37
 10315	82	81	39	9	2	115	0	37
 10360	83	79	39	9	2	116	0	37
 10406	92	77	39	9	2	117	0	37
 10451	95	76	39	9	2	118	0	37
 10497	97	77	39	9	2	118	0	37
 10542	97	80	39	13	2	119	0	37
 10587	98	82	39	13	2	120	0	37
 10633	96	83	39	13	2	121	0	37
 10678	98	84	39	13	2	121	0	37
 10723	97	84	39	13	2	122	0	37
 10769	96	85	39	13	2	123	0	37
 10814	98	85	39	4	3	64	0	37
 10859	92	85	39	4	3	64	0	37
 10905	87	84	39	4	3	65	0	37
 10950	84	84	39	4	3	66	0	37
 10995	82	83	39	4	3	67	0	37
 11041	80	81	39	4	3	67	0	37
 11086	79	80	39	4	3	68	0	37
 11131	78	79	39	4	3	69	0	37
 11177	77	78	39	4	3	70	0	37
 11222	77	77	39	4	3	70	0	37
 11268	76	77	39	4	3	71	0	37
 11316	76	77	38	4	3	72	0	37
 11404	75	76	38	4	3	73	0	37
 11449	75	75	38	4	3	74	0	37
 11494	74	74	39	4	3	75	0	37
 11540	73	74	38	4	3	76	0	37
 11585	72	73	38	4	3	76	0	37
 11630	72	72	38	4	3	77	0	37
 11676	71	71	39	4	3	78	0	37
 11721	70	71	39	4	3	79	0	37
 11766	69	70	39	4	3	79	0	37
 11812	69	70	39	4	3	80	0	37
 11857	68	69	39	4	3	81	0	37
 11902	68	68	39	4	3	82	0	37
 11948	67	68	39	4	3	83	0	37
 11993	67	67	39	4	3	83	0	37
 12039	67	67	39	4	3	84	0	37
 12084	66	66	39	4	3	85	0	37
 12129	66	66	39	4	3	86	0	37
 12175	65	66	38	4	3	86	0	37
 12220	65	65	38	4	3	87	0	37
 12265	64	65	38	4	3	88	0	37
 12311	64	65	38	4	3	89	0	37
 12356	64	64	38	4	3	89	0	37
 12401	63	64	38	4	3	90	0	37
 12447	63	64	38	4	3	91	0	37
 12492	63	63	39	4	3	92	0	37
 12537	63	63	38	4	3	92	0	37
 12583	62	63	38	4	3	93	0	37
 12628	62	62	38	12	3	94	0	37
 12673	62	62	38	12	3	95	0	37
 12719	62	62	39	12	3	95	0	37
 12764	61	62	39	12	3	96	0	37
 12810	61	61	38	12	3	97	0	37
 12855	61	61	39	12	3	98	0	37
 12900	61	61	39	12	3	98	0	37
 12946	61	61	39	12	3	99	0	37
 12991	60	61	39	12	3	100	0	37
 13036	60	60	38	12	3	101	0	37
 13082	60	60	39	12	3	101	0	37
 13127	60	60	39	12	3	102	0	37
 13172	60	60	39	12	3	103	0	37
 13218	59	60	39	12	3	104	0	37
 13263	59	59	38	12	3	104	0	36
 13308	59	59	39	12	3	105	0	37
 13354	59	59	39	12	3	106	0	36
 13399	59	59	38	12	3	107	0	36
 13445	58	58	39	12	3	107	0	36
 13494	58	58	38	12	3	108	0	36
 13535	58	58	39	12	3	109	0	36
 13581	58	58	38	12	3	110	0	36
 13626	58	58	38	12	3	110	0	36
 13671	57	58	38	12	3	111	0	36
 13717	57	58	38	12	3	112	0	36
 13762	57	57	38	12	3	113	0	36
 13807	57	57	38	12	3	113	0	36
 13853	57	57	38	12	3	114	0	36
 13898	56	57	38	12	3	115	0	36
 13943	56	56	38	12	3	116	0	36
 13989	56	56	38	12	3	117	0	36
 14034	56	56	38	12	3	117	0	36
 14079	56	56	38	12	3	118	0	36
 14125	56	56	38	12	3	119	0	36
 14170	56	56	38	12	3	120	0	36
 14215	55	55	38	12	3	120	0	36
 14261	55	55	38	12	3	121	0	36
 14306	55	55	38	12	3	122	0	36
 14352	55	55	38	12	3	123	0	36
 14397	55	55	38	12	3	123	0	36
 14442	54	55	38	6	4	64	0	36
 14488	59	54	38	6	4	65	0	36
 14533	73	54	38	6	4	66	0	36
 14578	91	55	39	6	4	66	0	36
 14624	94	57	38	6	4	67	0	36
 14669	85	61	38	2	4	68	0	36
 14714	77	66	38	2	4	69	0	36
 14760	71	68	38	2	4	69	0	36
 14805	67	66	38	2	4	70	0	36
 14850	64	63	38	2	4	71	0	36
 14896	62	61	38	2	4	72	0	36
 14941	62	59	38	2	4	72	0	36
 15032	88	58	38	2	4	74	0	36
 15077	94	58	38	2	4	75	0	36
 15123	95	62	38	2	4	75	0	36
 15168	97	67	39	2	4	76	0	36
 15213	97	71	39	2	4	77	0	36
 15259	97	72	38	2	4	78	0	36
 15304	97	74	38	6	4	78	0	36
 15349	97	74	38	6	4	79	0	36
 15395	97	74	38	6	4	80	0	36
 15440	97	75	38	6	4	81	0	36
 15485	96	75	38	6	4	81	0	36
 15531	97	75	38	6	4	82	0	36
 15576	97	75	38	6	4	83	0	36
 15621	97	76	38	6	4	84	0	36
 15667	91	76	38	2	4	84	0	36
 15712	83	77	39	2	4	85	0	36
 15757	79	77	38	2	4	86	0	36
 15803	76	76	38	2	4	87	0	36
 15848	78	74	38	2	4	87	0	36
 15894	89	73	38	2	4	88	0	36
 15939	94	73	39	2	4	89	0	36
 15984	97	75	38	2	4	90	0	36
 16030	98	78	38	6	4	91	0	36
 16075	96	81	38	6	4	91	0	36
 16120	98	83	38	6	4	92	0	36
 16166	97	84	38	6	4	93	0	36
 16211	98	84	38	14	4	94	0	36
 16256	93	84	38	14	4	94	0	36
 16302	88	85	38	14	4	95	0	36
 16347	85	84	38	14	4	96	0	36
 16392	83	83	38	14	4	97	0	36
 16438	81	82	38	14	4	97	0	36
 16483	79	80	39	14	4	98	0	36
 16528	78	79	38	14	4	99	0	36
 16574	78	78	38	14	4	100	0	36
 16623	77	78	38	14	4	100	0	36
 16665	77	77	38	14	4	101	0	36
 16710	76	78	39	14	4	102	0	36
 16755	76	77	39	14	4	103	0	36
 16801	76	77	38	14	4	103	0	36
 16846	76	77	39	14	4	104	0	36
 16891	76	76	39	14	4	105	0	36
 16937	75	76	38	14	4	106	0	36
 16982	75	75	39	14	4	106	0	36
 17027	74	75	39	14	4	107	0	36
 17073	73	74	38	14	4	108	0	36
 17118	73	74	39	14	4	109	0	36
 17163	72	73	39	14	4	109	0	36
 17209	72	73	38	14	4	110	0	36
 17254	72	72	38	14	4	111	0	36
 17299	71	72	39	14	4	112	0	36
 17345	71	71	39	14	4	112	0	36
 17390	70	71	38	14	4	113	0	36
 17436	70	70	38	14	4	114	0	36
 17481	69	70	38	14	4	115	0	36
 17526	69	69	38	14	4	115	0	36
 17572	69	69	38	14	4	116	0	36
 17617	69	69	39	14	4	117	0	36
 17662	68	69	39	14	4	118	0	36
 17708	68	68	39	14	4	118	0	36
 17753	68	68	39	14	4	119	0	36
 17798	67	67	39	14	4	120	0	36
 17844	67	67	39	14	4	121	0	36
 17889	66	67	39	14	4	121	0	36
 17934	66	67	38	14	4	122	0	36
 17980	66	66	39	14	4	123	0	36
 18025	66	66	38	4	5	64	0	36
 18071	65	66	39	4	5	65	0	36
 18116	65	65	38	4	5	65	0	36
 18161	65	65	38	4	5	66	0	36
 18207	64	65	38	4	5	67	0	36
 18252	64	64	38	4	5	68	0	36
 18297	64	64	39	4	5	68	0	36
 18343	64	64	38	4	5	69	0	36
 18388	63	63	38	4	5	70	0	36
 18433	63	63	38	4	5	71	0	36
 18479	63	63	38	4	5	71	0	36
 18524	63	63	38	4	5	72	0	36
 18569	62	63	38	4	5	73	0	36
 18615	62	62	38	4	5	74	0	36
 18660	62	62	39	4	5	74	0	36
 18705	62	62	38	4	5	75	0	36
 18751	61	62	38	4	5	76	0	36
 18796	61	61	38	4	5	77	0	36
 18842	61	61	39	4	5	77	0	36
 18887	61	61	39	4	5	78	0	36
 18932	60	60	38	4	5	79	0	35
 18978	60	60	38	4	5	80	0	35
 19023	60	60	39	4	5	80	0	35
 19068	60	60	39	4	5	81	0	35
 19114	59	59	39	4	5	82	0	35
 19159	59	59	38	4	5	83	0	35
 19204	59	59	39	4	5	83	0	35
 19295	58	59	38	4	5	85	0	35
 19340	58	58	39	4	5	86	0	35
 19386	58	58	39	4	5	86	0	35
 19431	58	58	38	4	5	87	0	35
 19476	58	58	39	4	5	88	0	35
 19522	57	58	38	4	5	89	0	35
 19567	57	57	38	4	5	89	0	35
 19612	57	57	39	4	5	90	0	35
 19658	57	57	39	4	5	91	0	35
 19703	56	57	39	4	5	92	0	35
 19749	56	56	39	4	5	92	0	35
 19794	56	56	38	4	5	93	0	35
 19839	56	56	39	12	5	94	0	35
 19885	56	56	39	12	5	95	0	35
 19930	56	56	39	12	5	96	0	35
 19975	55	55	39	12	5	96	0	35
 20021	55	55	39	12	5	97	0	35
 20066	55	55	39	12	5	98	0	35
 20111	55	55	39	12	5	99	0	35
 20157	55	55	39	12	5	99	0	35
 20202	55	55	39	12	5	100	0	35
 20247	55	55	39	12	5	101	0	35
 20293	54	54	39	12	5	102	0	35
 20338	54	54	39	12	5	102	0	35
 20383	54	54	39	12	5	103	0	35
 20429	54	54	39	12	5	104	0	35
 20474	54	54	39	12	5	105	0	35
 20520	54	54	39	12	5	105	0	35
 20565	53	53	39	12	5	106	0	35
 20610	53	53	39	12	5	107	0	35
 20656	53	53	39	12	5	108	0	35
 20701	53	53	40	12	5	108	0	35
 20746	53	53	39	12	5	109	0	35
 20792	52	52	39	12	5	110	0	35
 20837	52	52	39	12	5	111	0	35
 20882	52	52	39	12	5	111	0	35
 20928	52	52	39	12	5	112	0	35
 20973	52	52	39	12	5	113	0	35
 21018	52	52	39	12	5	114	0	35
 21064	51	51	39	12	5	114	0	35
 21109	51	51	39	12	5	115	0	35
 21154	51	51	39	12	5	116	0	35
 21200	51	51	39	12	5	117	0	35
 21245	51	51	39	12	5	117	0	35
 21291	51	50	39	12	5	118	0	35
 21336	50	51	39	12	5	119	0	35
 21381	50	50	39	12	5	120	0	35
 21427	50	50	38	12	5	120	0	35
 21472	50	50	38	12	5	121	0	35
 21517	50	50	39	12	5	122	0	35
 21563	50	50	38	12	5	123	0	35
 21608	50	50	38	12	5	123	0	35
 21653	50	50	38	7	6	64	0	35
 21699	57	50	38	7	6	65	0	35
 21744	73	49	38	7	6	66	0	35
 21789	93	50	38	3	6	66	0	35
 21835	90	53	38	7	6	67	0	35
 21880	80	57	38	3	6	68	0	35
 21925	72	62	38	3	6	69	0	35
 21971	66	63	38	3	6	70	0	35
 22016	62	61	38	3	6	70	0	35
 22062	59	58	38	3	6	71	0	35
 22107	57	56	38	3	6	72	0	35
 22152	55	55	38	3	6	73	0	35
 22198	60	52	38	3	6	73	0	35
 22243	75	51	38	3	6	74	0	35
 22288	94	51	38	3	6	75	0	35
 22334	95	53	38	3	6	76	0	35
 22379	96	57	38	3	6	76	0	35
 22424	95	61	38	3	6	77	0	35
 22470	95	63	38	3	6	78	0	35
 22515	95	64	38	3	6	79	0	35
 22560	94	64	39	3	6	79	0	35
 22606	93	65	38	3	6	80	0	35
 22651	93	65	38	3	6	81	0	35
 22696	93	65	38	3	6	82	0	35
 22742	94	66	38	3	6	82	0	35
 22787	95	66	38	3	6	83	0	35
 22833	94	67	38	3	6	84	0	35
 22878	94	68	38	3	6	85	0	35
 22923	93	68	38	3	6	85	0	35
 22969	94	67	38	3	6	86	0	35
 23014	94	66	38	3	6	87	0	35
 23059	93	65	38	3	6	88	0	35
 23105	93	65	38	3	6	88	0	35
 23150	93	65	38	3	6	89	0	35
 23195	93	66	38	3	6	90	0	35
 23241	94	67	38	3	6	91	0	36
 23286	94	68	38	3	6	91	0	36
 23331	95	69	38	3	6	92	0	36
 23377	95	69	38	7	6	93	0	36
 23422	96	71	38	15	6	94	0	36
 23467	96	72	38	15	6	94	0	36
 23513	97	74	38	15	6	95	0	36
 23558	97	75	38	15	6	96	0	36
 23604	96	77	38	15	6	97	0	36
 23649	96	78	38	15	6	97	0	36
 23694	90	79	38	11	6	98	0	36
 23740	84	81	38	11	6	99	0	37
 23785	82	81	38	11	6	100	0	37
 23830	81	81	38	11	6	100	0	37
 23876	84	81	38	11	6	101	0	37
 23921	94	81	38	11	6	102	0	37
 23966	96	81	38	11	6	103	0	37
 24012	97	82	38	11	6	104	0	37
 24057	96	83	38	15	6	104	0	37
 24102	96	84	38	15	6	105	0	37
 24148	96	85	38	15	6	106	0	37
 24193	95	85	38	15	6	107	0	37
 24238	96	85	38	15	6	107	0	37
 24284	96	85	38	15	6	108	0	37
 24329	96	85	38	15	6	109	0	37
 24375	96	85	38	15	6	110	0	38
 24420	95	85	38	15	6	110	0	38
 24465	98	85	38	15	6	111	0	38
 24511	96	86	39	15	6	112	0	38
 24556	98	86	38	15	6	113	0	38
 24601	96	86	38	15	6	113	0	38
 24647	96	86	38	11	6	114	0	38
 24692	91	87	38	11	6	115	0	38
 24737	87	87	38	11	6	116	0	38
 24783	86	87	38	11	6	116	0	38
 24828	89	86	38	11	6	117	0	38
 24873	96	85	38	11	6	118	0	38
 24919	97	85	38	11	6	119	0	38
 24964	96	85	38	15	6	119	0	38
 25009	97	86	38	15	6	120	0	38
 25055	97	87	38	15	6	121	0	38
 25100	96	87	38	15	6	122	0	38
 25146	97	87	38	15	6	122	0	38
 25191	98	87	38	15	6	123	0	38
 25236	96	87	38	7	7	64	0	38
 25282	97	87	38	7	7	65	0	39
 25327	97	87	38	7	7	65	0	38
 25372	96	87	38	7	7	66	0	38
 25418	98	87	38	7	7	67	0	39
 25463	96	87	38	7	7	68	0	39
 25508	98	87	38	7	7	68	0	39
 25554	98	88	38	7	7	69	0	39
 25599	98	88	38	7	7	70	0	39
 25644	97	88	38	7	7	71	0	39
 25690	94	88	38	3	7	71	0	39
 25735	90	88	37	3	7	72	0	39
 25780	88	88	37	3	7	73	0	39
 25826	88	88	37	3	7	74	0	39
 25871	94	87	37	3	7	74	0	39
 25917	96	86	37	3	7	75	0	39
 25962	98	86	37	3	7	76	0	39
 26007	97	87	37	7	7	77	0	39
 26053	96	88	37	7	7	78	0	39
 26098	98	88	37	7	7	78	0	39
 26143	96	88	37	7	7	79	0	39
 26189	97	88	37	7	7	80	0	39
 26234	98	88	37	7	7	81	0	39
 26279	96	88	37	7	7	81	0	39
 26325	97	88	38	7	7	82	0	39
 26370	98	88	38	7	7	83	0	39
 26415	96	88	37	7	7	84	0	39
 26461	98	88	38	7	7	84	0	39
 26506	97	88	37	7	7	85	0	39
 26551	97	88	38	7	7	86	0	39
 26597	98	88	38	7	7	87	0	39
 26642	99	88	38	7	7	87	0	39
 26688	98	88	38	7	7	88	0	39
 26733	98	88	38	7	7	89	0	39
 26778	93	89	38	3	7	90	0	39
 26824	90	89	38	3	7	90	0	39
 26869	88	88	38	3	7	91	0	39
 26914	89	88	38	3	7	92	0	39
 26960	95	86	38	3	7	93	0	39
 27005	96	86	38	3	7	93	0	39
 27050	97	86	38	15	7	94	0	39
 27052	97	86	38	15	7	94	0	39
 27096	95	87	38	15	7	95	0	39
 27141	95	88	38	15	7	96	0	40
 27186	95	88	38	15	7	96	0	40
 27232	97	88	38	15	7	97	0	40
 27277	96	87	38	15	7	98	0	40
 27322	97	87	38	15	7	99	0	40
 27368	97	87	38	15	7	99	0	40
 27413	95	87	38	15	7	100	0	40
 27459	96	87	38	15	7	101	0	40
 27504	97	87	38	15	7	102	0	40
 27549	96	87	38	15	7	102	0	40
 27595	98	87	38	15	7	103	0	40
 27640	98	86	39	15	7	104	0	40
 27685	97	86	38	15	7	105	0	40
 27731	97	86	38	15	7	105	0	40
 27776	96	86	38	15	7	106	0	40
 27821	94	86	38	11	7	107	0	40
 27867	89	86	38	11	7	108	0	40
 27912	86	86	38	11	7	108	0	40
 27957	86	86	38	11	7	109	0	40
 28003	89	85	38	11	7	110	0	40
 28048	96	83	38	11	7	111	0	40
 28093	96	83	39	11	7	112	0	40
 28139	96	83	38	15	7	112	0	40
 28184	97	84	38	15	7	113	0	40
 28230	97	85	39	15	7	114	0	40
 28275	96	86	38	15	7	115	0	40
 28320	96	86	38	15	7	115	0	40
 28366	97	86	39	15	7	116	0	40
 28411	97	85	38	15	7	117	0	40
 28456	96	83	39	15	7	118	0	40
 28502	97	81	38	15	7	118	0	40
 28547	98	80	38	15	7	119	0	40
 28592	97	79	38	15	7	120	0	40
 28638	96	79	38	15	7	121	0	40
 28683	96	79	39	15	7	121	0	40
 28728	92	79	38	11	7	122	0	40
 28774	85	79	38	11	7	123	0	40
 28819	80	79	38	3	8	64	0	40
 28864	78	78	39	3	8	64	0	40
 28910	79	76	39	3	8	65	0	40
 28955	87	75	39	3	8	66	0	40
 29001	94	74	38	3	8	67	0	40
 29046	96	74	38	3	8	67	0	40
 29091	95	76	39	7	8	68	0	40
 29137	96	78	38	7	8	69	0	40
 29182	97	80	38	7	8	70	0	40
 29227	97	81	38	7	8	70	0	40
 29273	98	81	38	7	8	71	0	41
 29318	98	82	38	7	8	72	0	40
 29363	98	83	38	7	8	73	0	40
 29409	97	83	39	7	8	73	0	40
 29454	97	83	39	7	8	74	0	41
 29499	96	83	38	7	8	75	0	40
 29545	94	83	38	3	8	76	0	40
 29590	88	82	38	3	8	76	0	41
 29635	84	82	38	3	8	77	0	41
 29681	82	82	39	3	8	78	0	41
 29726	84	81	38	3	8	79	0	41
 29772	93	80	38	3	8	79	0	41
 29817	94	79	38	3	8	80	0	41
 29862	96	80	38	3	8	81	0	41
 29908	97	82	38	7	8	82	0	41
 29953	96	83	38	7	8	83	0	41
 29999	95	84	39	7	8	83	0	41
 30044	96	85	38	7	8	84	0	40
 30089	97	85	38	7	8	85	0	41
 30134	97	85	38	7	8	86	0	41
 30180	95	85	38	7	8	86	0	41
 30225	98	85	38	7	8	87	0	41
 30270	96	85	38	7	8	88	0	41
 30316	95	85	38	7	8	89	0	41
 30361	97	85	38	7	8	89	0	41
 30407	98	85	38	7	8	90	0	41
 30452	97	85	38	7	8	91	0	41
 30497	94	86	38	3	8	92	0	41
 30543	89	86	38	3	8	92	0	41
 30588	86	86	38	3	8	93	0	41
 30633	85	85	38	11	8	94	0	41
 30679	89	84	38	11	8	95	0	41
 30724	96	83	38	11	8	95	0	41
 30866	96	85	38	15	8	98	0	41
 30911	97	86	38	15	8	98	0	41
 30956	95	87	39	15	8	99	0	41
 31002	96	86	38	15	8	100	0	41
 31047	97	86	38	15	8	101	0	41
 31092	97	86	38	15	8	101	0	41
 31138	95	86	38	15	8	102	0	41
 31183	97	86	38	15	8	103	0	41
 31228	97	86	38	15	8	104	0	41
 31274	95	86	38	15	8	105	0	41
 31319	97	86	40	15	8	105	0	41
 31368	97	86	38	15	8	106	0	41
 31410	97	86	38	15	8	107	0	41
 31455	97	86	38	15	8	108	0	41
 31546	92	87	38	11	8	109	0	41
 31591	88	87	38	11	8	110	0	41
 31682	88	85	38	11	8	111	0	41
 31727	95	84	39	11	8	112	0	41
 31773	95	83	38	11	8	113	0	41
 31818	96	84	38	15	8	114	0	41
 31863	95	85	38	15	8	114	0	41
 31909	95	86	39	15	8	115	0	41
 31954	96	87	38	15	8	116	0	41
 31999	95	87	38	15	8	117	0	41
 32045	95	86	38	15	8	117	0	41
 32090	95	86	38	15	8	118	0	41
 32135	95	86	38	15	8	119	0	41
 32181	94	86	38	15	8	120	0	41
 32226	97	86	38	15	8	120	0	41
 32271	96	86	38	15	8	121	0	41
 32317	97	86	38	15	8	122	0	41
 32362	95	86	38	15	8	123	0	41
 32408	97	86	38	15	8	123	0	41
 32453	94	86	38	4	9	64	0	41
 32498	89	86	39	4	9	65	0	41
 32544	87	87	38	4	9	66	0	41
 32589	85	86	38	4	9	66	0	41
 32634	84	85	38	0	9	67	0	41
 32680	82	83	38	0	9	68	0	41
 32725	81	83	38	0	9	69	0	41
 32770	81	82	39	0	9	69	0	41
 32816	81	81	38	0	9	70	0	41
 32861	80	81	39	0	9	71	0	41
 32906	80	80	39	4	9	72	0	41
 32952	80	80	39	4	9	72	0	41
 32997	79	80	39	4	9	73	0	41
 33043	79	79	39	4	9	74	0	41
 33088	78	79	39	4	9	75	0	41
 33133	78	78	39	4	9	75	0	41
 33179	77	78	39	4	9	76	0	41
 33224	76	77	39	4	9	77	0	41
 33269	76	76	39	4	9	78	0	41
 33315	75	76	39	4	9	79	0	41
 33360	75	76	39	4	9	79	0	41
 33405	74	75	39	4	9	80	0	41
 33451	74	75	39	4	9	81	0	41
 33496	73	74	39	4	9	82	0	41
 33541	73	74	38	4	9	82	0	41
 33587	72	73	39	4	9	83	0	41
 33632	72	73	38	4	9	84	0	41
 33677	71	72	38	4	9	85	0	41
 33723	71	72	38	4	9	85	0	41
 33768	71	71	39	4	9	86	0	41
 33814	70	71	38	4	9	87	0	41
 33859	70	70	39	4	9	88	0	41
 33904	69	70	38	4	9	88	0	41
 33950	69	69	38	4	9	89	0	41
 33950	69	69	38	4	9	89	0	41
 33995	68	69	38	4	9	90	0	41
 34040	68	68	38	4	9	91	0	41
 34086	67	68	38	4	9	91	0	41
 34131	67	67	38	4	9	92	0	41
 34176	66	67	38	4	9	93	0	41
 34222	66	66	38	12	9	94	0	41
 34267	66	66	39	12	9	94	0	41
 34358	65	66	38	12	9	96	0	41
 34403	65	65	38	12	9	97	0	41
 34448	64	65	38	12	9	97	0	41
 34494	64	64	38	12	9	98	0	41
 34539	64	64	39	12	9	99	0	41
 34585	64	64	38	12	9	100	0	41
 34630	63	64	38	12	9	100	0	41
 34675	63	63	39	12	9	101	0	41
 34721	63	63	39	12	9	102	0	40
 34766	62	63	39	12	9	103	0	41
 34811	62	62	39	12	9	104	0	40
 34857	62	62	39	12	9	104	0	40
 34902	61	62	39	12	9	105	0	40
 34947	61	61	39	12	9	106	0	40
 34993	61	61	39	12	9	107	0	40
 35038	61	61	39	12	9	107	0	40
 35083	61	60	40	12	9	108	0	40
 35129	61	60	40	12	9	109	0	40
 35174	61	60	39	12	9	110	0	40
 35220	62	59	39	12	9	110	0	40
 35265	63	59	39	12	9	111	0	40
 35311	63	59	39	12	9	112	0	40
 35356	64	58	39	12	9	113	0	40
 35401	64	58	39	12	9	113	0	40
 35446	64	58	39	12	9	114	0	40
 35492	63	57	39	12	9	115	0	40
 35537	63	57	39	12	9	116	0	40
 35582	63	57	39	12	9	116	0	40
 35628	62	57	39	12	9	117	0	40
 35673	62	56	39	12	9	118	0	40
 35718	62	56	39	12	9	119	0	40
 35764	61	56	39	12	9	119	0	40
 35809	61	56	39	12	9	120	0	40
 35854	61	56	39	12	9	121	0	40
 35900	61	56	39	12	9	122	0	40
 35991	61	56	39	12	9	123	0	40
 36036	60	56	39	4	10	64	0	40
 36081	60	56	39	4	10	65	0	40
 36127	60	55	39	4	10	65	0	40
 36172	60	56	39	4	10	66	0	40
 36217	60	55	39	4	10	67	0	40
 36263	60	55	39	4	10	68	0	40
 36308	60	55	40	4	10	68	0	40
 36353	60	55	39	4	10	69	0	40
 36399	59	55	40	4	10	70	0	40
 36444	59	55	40	4	10	71	0	40
 36489	59	55	40	4	10	71	0	40
 36535	59	54	40	4	10	72	0	40
 36580	59	54	40	4	10	73	0	40
 36630	59	54	40	4	10	74	0	40
 36672	58	54	40	4	10	74	0	40
 36716	58	54	40	4	10	75	0	40
 36762	58	53	40	4	10	76	0	40
 36807	58	53	40	4	10	77	0	40
 36852	58	53	40	4	10	78	0	40
 36898	57	53	40	4	10	78	0	40
 36943	57	52	40	4	10	79	0	40
 36988	57	52	40	4	10	80	0	40
 37034	57	52	40	4	10	81	0	40
 37079	57	52	41	4	10	81	0	40
 37124	56	52	41	4	10	82	0	40
 37170	56	52	41	4	10	83	0	40
 37215	56	52	41	4	10	84	0	40
 37260	56	51	41	4	10	84	0	40
 37306	56	51	41	4	10	85	0	40
 37351	55	51	42	4	10	86	0	40
 37397	55	51	41	4	10	87	0	40
 37442	55	51	42	4	10	87	0	40
 37487	55	50	42	4	10	88	0	40
 37533	55	50	43	4	10	89	0	40
 37578	55	50	42	4	10	90	0	40
 37623	55	50	42	4	10	90	0	40
 37669	54	50	42	4	10	91	0	40
 37714	54	50	42	4	10	92	0	40
 37759	54	49	42	4	10	93	0	39
 37805	54	49	42	4	10	93	0	39
 37850	54	49	42	12	10	94	0	40
 37895	53	49	42	12	10	95	0	40
 37941	53	49	42	12	10	96	0	39
 37986	54	49	42	12	10	96	0	39
 38031	53	49	42	12	10	97	0	39
 38077	53	49	43	12	10	98	0	39
 38122	53	48	43	12	10	99	0	39
 38168	53	48	42	12	10	99	0	39
 38213	53	48	43	12	10	100	0	39
 38258	53	48	43	12	10	101	0	39
 38304	53	48	44	12	10	102	0	39
 38349	53	48	44	12	10	102	0	39
 38394	53	48	44	12	10	103	0	39
 38440	53	48	45	12	10	104	0	39
 38485	52	48	45	12	10	105	0	39
 38530	52	48	45	12	10	105	0	39
 38576	52	47	45	12	10	106	0	39
 38621	52	47	46	12	10	107	0	39
 38666	52	47	46	12	10	108	0	39
 38712	52	47	45	12	10	108	0	39
 38757	52	47	46	12	10	109	0	39
 38803	52	47	46	12	10	110	0	39
 38848	52	47	46	12	10	111	0	39
 38893	52	47	46	12	10	112	0	39
 38939	52	47	46	12	10	112	0	39
 38984	52	47	46	12	10	113	0	39
 39029	52	47	46	12	10	114	0	39
 39075	52	47	46	12	10	115	0	39
 39120	52	47	46	12	10	115	0	39
 39165	51	47	47	12	10	116	0	39
 39211	52	46	47	12	10	117	0	39
 39256	51	46	47	12	10	118	0	39
 39301	51	46	47	12	10	118	0	39
 39351	51	46	48	12	10	119	0	39
 39392	51	46	49	12	10	120	0	39
 39437	51	46	49	12	10	121	0	39
 39483	51	46	49	12	10	121	0	39
 39528	51	46	50	12	10	122	0	39
 39577	51	46	50	12	10	123	0	39
 39619	51	45	50	36	11	64	0	39
 39664	51	46	50	36	11	64	0	39
 39710	51	45	50	36	11	65	0	39
 39755	51	45	50	36	11	66	0	39
 39800	51	45	50	36	11	67	0	39
 39846	51	45	51	36	11	67	0	39
 39891	50	45	51	36	11	68	0	39
 39936	50	45	51	36	11	69	0	39
 39982	50	45	51	36	11	70	0	39
 40027	50	45	51	36	11	70	0	39
 40072	50	45	51	36	11	71	0	39
 40118	50	45	50	36	11	72	0	39
 40163	50	45	50	36	11	73	0	39
 40208	50	45	50	36	11	73	0	39
 40254	50	45	51	36	11	74	0	39
 40299	50	45	51	36	11	75	0	39
 40345	50	44	51	36	11	76	0	39
 40390	49	44	51	36	11	76	0	39
 40435	49	44	50	36	11	77	0	39
 40485	49	44	50	36	11	78	0	39
 40526	49	44	50	36	11	79	0	39
 40572	49	44	50	36	11	79	0	39
 40617	49	44	50	36	11	80	0	39
 40662	49	44	50	36	11	81	0	39
 40710	49	44	49	36	11	82	0	39
 40753	49	44	49	36	11	83	0	39
 40798	49	44	49	36	11	83	0	39
 40889	49	44	49	36	11	85	0	39
 40934	49	44	50	36	11	86	0	39
 40980	49	43	50	36	11	86	0	39
 41025	48	43	49	36	11	87	0	39
 41025	48	43	49	36	11	87	0	39
 41070	49	43	50	36	11	88	0	39
 41116	48	43	49	36	11	89	0	39
 41161	48	43	49	36	11	89	0	39
 41206	48	43	49	36	11	90	0	39
 41252	48	42	49	36	11	91	0	39
 41297	48	43	48	36	11	92	0	39
 41342	48	43	49	36	11	92	0	39
 41391	48	43	49	36	11	93	0	39
 41433	48	43	49	44	11	94	0	39
 41478	48	43	49	44	11	95	0	39
 41524	48	43	49	44	11	95	0	39
 41569	48	43	49	44	11	96	0	39
 41614	48	43	49	44	11	97	0	39
 41660	48	43	48	44	11	98	0	39
 41705	48	42	48	44	11	98	0	39
 41751	48	42	48	44	11	99	0	39
 41796	48	42	48	44	11	100	0	39
 41841	48	42	48	44	11	101	0	39
 41887	48	42	48	44	11	101	0	39
 41932	48	42	48	44	11	102	0	39
 41977	48	42	48	44	11	103	0	39
 42023	47	42	48	44	11	104	0	39
 42068	48	42	48	44	11	104	0	39
 42113	47	42	48	44	11	105	0	39
 42159	47	42	48	44	11	106	0	39
 42204	47	42	48	44	11	107	0	39
 42249	47	42	47	44	11	107	0	39
 42295	47	42	48	44	11	108	0	39
 42340	47	41	48	44	11	109	0	39
 42386	47	42	48	44	11	110	0	39
 42476	47	42	48	44	11	111	0	39
 42522	47	42	48	44	11	112	0	39
 42567	47	41	48	44	11	113	0	39
 42612	47	42	48	44	11	113	0	39
 42658	47	42	48	44	11	114	0	39
 42703	47	41	48	44	11	115	0	39
 42748	47	41	48	44	11	116	0	39
 42794	47	42	48	44	11	117	0	39
 42839	47	41	48	44	11	117	0	39
 42884	47	41	48	44	11	118	0	39
 42930	47	41	48	44	11	119	0	39
 42975	47	41	48	44	11	120	0	39
 43020	47	41	49	44	11	120	0	39
 43066	47	41	49	44	11	121	0	39
 43111	47	41	49	44	11	122	0	39
 43157	47	41	49	44	11	123	0	39
 43202	47	41	49	44	11	123	0	39
 43247	47	41	50	36	12	64	0	39
 43293	47	41	49	36	12	65	0	39
 43338	47	41	50	36	12	66	0	39
 43383	47	41	50	36	12	66	0	39
 43429	47	41	50	36	12	67	0	39
 43474	47	41	50	36	12	68	0	39
 43523	46	41	50	36	12	69	0	39
 43565	46	41	50	36	12	69	0	39
 43610	46	41	50	36	12	70	0	39
 43655	46	41	50	36	12	71	0	39
 43701	46	41	50	36	12	72	0	39
 43750	46	40	50	36	12	72	0	38
 43791	46	41	51	36	12	73	0	39
 43837	46	40	51	36	12	74	0	39
 43882	46	40	52	36	12	75	0	38
 43928	46	41	51	36	12	75	0	38
 43973	46	40	52	36	12	76	0	38
 44018	46	40	51	36	12	77	0	38
 44064	46	40	51	36	12	78	0	38
 44109	46	40	51	36	12	78	0	38
 44154	46	40	51	36	12	79	0	38
 44200	46	40	51	36	12	80	0	38
 44245	46	40	51	36	12	81	0	38
 44290	46	40	51	36	12	81	0	38
 44336	46	40	50	36	12	82	0	38
 44381	46	40	50	36	12	83	0	38
 44427	46	40	50	36	12	84	0	38
 44472	46	40	50	36	12	84	0	38
 44517	46	40	50	36	12	85	0	38
 44563	46	40	51	36	12	86	0	38
 44608	46	40	50	36	12	87	0	38
 44653	46	40	50	36	12	87	0	38
 44699	46	40	50	36	12	88	0	38
 44744	46	40	50	36	12	89	0	38
 44789	46	40	50	36	12	90	0	38
 44880	46	40	50	36	12	91	0	38
 44925	46	40	50	36	12	92	0	38
 44971	45	40	50	36	12	93	0	38
 45016	45	40	50	44	12	94	0	38
 45061	45	40	50	44	12	94	0	38
 45107	46	40	50	44	12	95	0	38
 45152	45	40	50	44	12	96	0	38
 45198	45	40	50	44	12	97	0	38
 45243	45	40	50	44	12	97	0	38
 45288	45	39	50	44	12	98	0	38
 45334	45	40	50	44	12	99	0	38
 45379	45	40	50	44	12	100	0	38
 45424	45	40	50	44	12	100	0	38
 45470	45	40	50	44	12	101	0	38
 45515	45	40	50	44	12	102	0	38
 45565	45	39	50	44	12	103	0	38
 45606	45	39	50	44	12	103	0	38
 45651	45	39	50	44	12	104	0	38
 45697	45	39	50	44	12	105	0	38
 45742	45	39	50	44	12	106	0	38
 45787	45	39	50	44	12	106	0	38
 45833	45	39	50	44	12	107	0	38
 45878	45	39	51	44	12	108	0	38
 45923	45	39	50	44	12	109	0	38
 45969	45	39	50	44	12	109	0	38
 46014	45	39	50	44	12	110	0	38
 46059	45	39	51	44	12	111	0	38
 46105	45	39	51	44	12	112	0	38
 46150	45	39	51	44	12	112	0	38
 46195	45	39	51	44	12	113	0	38
 46241	45	39	51	44	12	114	0	38
 46286	45	39	51	44	12	115	0	38
 46336	44	39	51	44	12	115	0	38
 46377	45	39	51	44	12	116	0	38
 46422	45	39	51	44	12	117	0	38
 46468	45	39	51	44	12	118	0	38
 46513	45	39	51	44	12	118	0	38
 46558	45	39	52	44	12	119	0	38
 46604	44	39	51	44	12	120	0	38
 46649	44	39	51	44	12	121	0	38
 46694	45	39	51	44	12	121	0	38
 46740	45	39	51	44	12	122	0	38
 46785	44	39	51	44	12	123	0	38
 46830	44	38	51	36	13	64	0	38
 46876	44	39	51	36	13	65	0	38
 46921	44	39	51	36	13	65	0	38
 46966	44	39	50	36	13	66	0	38
 47012	44	39	51	36	13	67	0	38
 47057	44	39	51	36	13	68	0	38
 47102	44	38	51	36	13	68	0	38
 47148	44	38	51	36	13	69	0	38
 47193	44	39	51	36	13	70	0	38
 47238	44	38	51	36	13	71	0	38
 47284	44	38	51	36	13	71	0	38
 47329	44	38	51	36	13	72	0	38
 47375	44	38	51	36	13	73	0	38
 47420	44	38	51	36	13	74	0	38
 47465	44	38	51	36	13	74	0	38
 47511	44	38	51	36	13	75	0	38
 47556	44	38	51	36	13	76	0	38
 47601	44	38	51	36	13	77	0	38
 47650	44	38	51	36	13	77	0	38
 47692	44	38	51	36	13	78	0	38
 47737	44	38	51	36	13	79	0	38
 47783	44	38	50	36	13	80	0	38
 47828	44	38	51	36	13	80	0	38
 47877	44	38	51	36	13	81	0	38
 47919	44	38	51	36	13	82	0	38
 47964	44	38	51	36	13	83	0	38
 48009	44	38	51	36	13	83	0	38
 48055	44	38	51	36	13	84	0	38
 48100	44	38	51	36	13	85	0	38
 48146	44	38	51	36	13	86	0	38
 48191	44	38	51	36	13	86	0	38
 48236	44	38	51	36	13	87	0	38
 48282	44	38	51	36	13	88	0	37
 48327	44	38	51	36	13	89	0	37
 48372	44	38	51	36	13	89	0	38
 48418	44	38	51	36	13	90	0	38
 48463	43	38	51	36	13	91	0	37
 48508	43	38	51	36	13	92	0	37
 48554	43	38	51	36	13	92	0	38
 48599	44	38	51	36	13	93	0	38
 48644	43	38	51	44	13	94	0	38
 48690	43	38	51	44	13	95	0	38
 48735	43	38	51	44	13	96	0	38
 48781	43	38	51	44	13	96	0	38
 48826	43	38	51	44	13	97	0	38
 48871	43	38	51	44	13	98	0	38
 48917	43	38	51	44	13	99	0	38
 48962	43	38	51	44	13	99	0	38
 49007	43	38	51	44	13	100	0	37
 49053	43	38	51	44	13	101	0	38
 49098	43	37	51	44	13	102	0	37
 49143	43	38	51	44	13	102	0	37
 49189	43	38	51	44	13	103	0	38
 49234	43	37	52	44	13	104	0	37
 49279	43	37	52	44	13	105	0	37
 49325	43	37	52	44	13	105	0	37
 49370	43	37	52	40	13	106	0	37
 49415	43	37	51	40	13	107	0	37
 49461	46	37	52	40	13	108	0	37
 49506	49	37	51	40	13	108	0	37
 49552	52	37	51	40	13	109	0	37
 49597	54	37	51	40	13	110	0	37
 49642	55	37	51	44	13	111	0	37
 49688	54	37	51	44	13	111	0	37
 49733	51	37	51	44	13	112	0	37
 49778	48	37	51	44	13	113	0	37
 49824	47	38	50	44	13	114	0	37
 49869	46	37	51	44	13	114	0	37
 49914	46	37	51	44	13	115	0	37
 49960	45	37	51	44	13	116	0	37
 50005	45	37	50	44	13	117	0	37
 50050	45	37	50	44	13	117	0	37
 50096	45	37	50	44	13	118	0	37
 50141	45	37	50	44	13	119	0	37
 50186	45	37	50	44	13	120	0	37
 50232	44	37	50	44	13	120	0	37
 50277	44	37	50	44	13	121	0	37
 50323	45	37	50	44	13	122	0	37
 50371	44	37	50	44	13	123	0	37
 50413	44	37	50	44	13	123	0	37
 50459	44	37	50	36	14	64	0	37
 50504	44	37	50	36	14	65	0	37
 50595	44	37	50	36	14	66	0	37
 50640	44	37	50	36	14	67	0	37
 50685	44	37	50	36	14	68	0	37
 50776	43	37	51	36	14	70	0	37
 50821	43	37	50	36	14	70	0	37
 50867	43	37	50	36	14	71	0	37
 50912	43	37	50	36	14	72	0	37
 50957	43	37	50	36	14	73	0	37
 51003	43	37	50	36	14	73	0	37
 51048	43	37	50	36	14	74	0	37
 51094	43	37	50	36	14	75	0	37
 51139	43	37	50	36	14	76	0	37
 51188	43	37	50	36	14	76	0	37
 51230	43	37	50	36	14	77	0	37
 51275	43	37	50	36	14	78	0	37
 51320	43	37	50	36	14	79	0	37
 51366	43	37	50	36	14	79	0	37
 51411	43	37	50	36	14	80	0	37
 51456	43	37	50	36	14	81	0	37
 51502	43	37	50	36	14	82	0	37
 51547	43	37	50	36	14	82	0	37
 51592	43	37	50	36	14	83	0	37
 51638	43	37	50	36	14	84	0	37
 51683	43	37	50	36	14	85	0	37
 51729	43	37	50	36	14	85	0	37
 51774	43	37	50	36	14	86	0	37
 51819	43	37	50	36	14	87	0	37
 51865	44	37	50	36	14	88	0	37
 51910	44	37	50	36	14	88	0	37
 51955	44	37	50	36	14	89	0	36
 52001	44	37	50	36	14	90	0	36
 52046	44	37	50	36	14	91	0	36
 52137	44	37	50	36	14	92	0	36
 52182	44	37	50	36	14	93	0	36
 52227	44	37	50	44	14	94	0	37
 52273	44	37	50	44	14	94	0	37
 52318	44	37	50	44	14	95	0	37
 52363	44	37	50	44	14	96	0	37
 52409	44	37	51	44	14	97	0	37
 52454	44	37	51	44	14	98	0	37
 52500	44	37	51	44	14	98	0	37
 52590	44	37	51	44	14	100	0	37
 52681	44	37	50	44	14	101	0	37
 52726	44	37	50	44	14	102	0	37
 52772	44	37	52	44	14	103	0	37
 52817	44	37	51	44	14	104	0	37
 52863	44	37	51	44	14	104	0	36
 52908	44	37	50	44	14	105	0	37
 52953	44	37	50	44	14	106	0	37
 52998	44	36	50	44	14	107	0	37
 53134	44	37	51	44	14	109	0	37
 53180	43	37	51	44	14	110	0	37
 53225	43	37	52	44	14	110	0	37
 53270	43	37	51	44	14	111	0	37
 53316	43	37	51	44	14	112	0	37
 53361	43	36	51	44	14	113	0	37
 53407	43	36	51	44	14	113	0	37
 53452	43	36	51	44	14	114	0	37
 53497	43	36	51	44	14	115	0	37
 53543	43	36	51	44	14	116	0	37
 53588	43	36	51	44	14	117	0	37
 53633	43	36	51	44	14	117	0	37
 53679	43	36	51	44	14	118	0	37
 53724	43	36	51	44	14	119	0	37
 53769	43	36	51	44	14	120	0	37
 53815	43	36	51	44	14	120	0	37
 53860	43	36	51	44	14	121	0	37
 53905	43	36	51	44	14	122	0	37
 53951	43	36	51	44	14	123	0	37
 53996	43	36	51	44	14	123	0	37
 54042	41	36	50	39	15	64	0	37
 54087	45	35	51	39	15	65	0	37
 54132	65	36	50	39	15	66	0	37
 54178	78	36	50	39	15	66	0	37
 54223	81	38	50	39	15	67	0	37
 54268	82	42	50	39	15	68	0	37
 54314	75	45	50	35	15	69	0	37
 54359	61	46	50	35	15	69	0	37
 54404	52	47	50	35	15	70	0	37
 54450	49	46	50	35	15	71	0	37
 54495	46	45	51	35	15	72	0	37
 54540	44	43	50	35	15	72	0	37
 54586	45	43	50	35	15	73	0	37
 54631	53	42	51	35	15	74	0	38
 54676	73	42	51	35	15	75	0	38
 54722	80	43	51	35	15	75	0	37
 54767	81	45	51	35	15	76	0	37
 54813	83	49	51	35	15	77	0	37
 54858	83	52	51	35	15	78	0	37
 54903	83	53	51	35	15	78	0	37
 54949	83	55	51	35	15	79	0	38
 54994	83	56	51	35	15	80	0	38
 55039	84	56	51	35	15	81	0	38
 55085	84	57	51	35	15	81	0	38
 55130	83	58	50	35	15	82	0	38
 55175	83	59	50	35	15	83	0	38
 55221	83	60	50	35	15	84	0	38
 55266	83	61	50	35	15	84	0	38
 55311	82	62	50	35	15	85	0	38
 55357	84	63	50	35	15	86	0	38
 55402	85	64	50	35	15	87	0	38
 55448	85	66	50	39	15	87	0	38
 55493	84	66	51	39	15	88	0	38
 55538	84	68	50	39	15	89	0	38
 55584	84	69	50	39	15	90	0	38
 55629	83	69	50	39	15	91	0	38
 55674	83	70	50	39	15	91	0	38
 55720	84	71	50	39	15	92	0	38
 55765	85	72	50	39	15	93	0	38
 55814	85	72	50	47	15	94	0	38
 55856	83	72	50	47	15	94	0	38
 55901	80	73	50	43	15	95	0	38
 55946	76	73	50	43	15	96	0	39
 55992	74	73	50	43	15	97	0	39
 56037	76	73	49	43	15	97	0	39
 56037	76	73	49	43	15	97	0	39
 56083	84	72	50	43	15	98	0	39
 56128	84	72	50	43	15	99	0	39
 56173	84	72	49	43	15	100	0	39
 56219	83	74	49	47	15	100	0	39
 56264	84	74	49	47	15	101	0	39
 56309	84	75	50	47	15	102	0	39
 56355	84	75	50	47	15	103	0	39
 56400	84	75	50	47	15	103	0	39
 56445	84	75	50	47	15	104	0	39
 56491	84	75	50	47	15	105	0	40
 56536	84	75	49	47	15	106	0	40
 56581	84	75	50	47	15	106	0	40
 56627	84	75	50	47	15	107	0	40
 56672	84	75	50	47	15	108	0	40
 56717	84	75	50	47	15	109	0	40
 56767	84	76	50	47	15	109	0	40
 56808	84	76	50	47	15	110	0	40
 56809	84	76	50	47	15	110	0	40
 56857	83	76	50	47	15	111	0	40
 56899	83	76	49	47	15	112	0	40
 56948	83	76	50	43	15	112	0	40
 56990	81	76	50	43	15	113	0	40
 57035	77	76	50	43	15	114	0	40
 57080	76	76	50	43	15	115	0	40
 57126	80	75	50	43	15	115	0	40
 57171	83	75	50	43	15	116	0	40
 57216	84	75	50	43	15	117	0	40
 57262	83	75	50	47	15	118	0	40
 57307	83	76	50	47	15	118	0	40
 57352	83	76	50	47	15	119	0	40
 57398	83	76	49	47	15	120	0	40
 57443	83	76	50	47	15	121	0	40
 57443	83	76	50	47	15	121	0	40
 57534	83	76	49	47	15	122	0	40
 57579	83	76	50	47	15	123	0	40
 57625	83	76	49	39	16	64	0	40
 57670	82	76	49	39	16	65	0	40
 57715	82	75	49	39	16	65	0	40
 57761	82	76	49	39	16	66	0	40
 57806	82	75	49	39	16	67	0	40
 57851	84	76	49	39	16	68	0	40
 57897	82	75	49	39	16	68	0	40
 57942	84	75	49	39	16	69	0	41
 57987	82	75	49	39	16	70	0	40
 58033	83	76	49	39	16	71	0	41
 58078	83	75	49	39	16	71	0	40
 58123	83	75	49	39	16	72	0	40
 58169	84	75	49	39	16	73	0	41
 58214	83	76	49	39	16	74	0	40
 58260	82	76	49	35	16	74	0	40
 58305	78	76	49	35	16	75	0	40
 58350	76	76	49	35	16	76	0	40
 58396	79	75	49	35	16	77	0	40
 58441	83	74	49	35	16	77	0	40
 58486	85	74	49	35	16	78	0	40
 58532	83	74	49	35	16	79	0	40
 58577	83	75	49	39	16	80	0	40
 58622	83	76	49	39	16	80	0	40
 58668	84	76	48	39	16	81	0	40
 58713	84	76	48	39	16	82	0	40
 58758	84	76	48	39	16	83	0	40
 58808	84	76	48	39	16	83	0	40
 58849	84	76	48	39	16	84	0	40
 58895	84	76	48	39	16	85	0	40
 58940	84	76	48	39	16	86	0	40
 58985	84	76	49	39	16	86	0	40
 59031	84	76	48	39	16	87	0	40
 59076	83	76	48	39	16	88	0	40
 59121	83	76	49	39	16	89	0	40
 59167	83	76	48	39	16	89	0	40
 59212	85	76	48	39	16	90	0	40
 59257	84	76	49	39	16	91	0	40
 59307	85	76	48	39	16	92	0	40
 59348	84	77	48	39	16	92	0	40
 59393	85	77	48	39	16	93	0	40
 59439	84	77	49	47	16	94	0	40
 59484	85	77	49	47	16	95	0	40
 59529	83	77	48	43	16	96	0	41
 59575	79	77	49	43	16	96	0	41
 59620	78	77	48	43	16	97	0	41
 59666	81	76	48	43	16	98	0	41
 59711	84	75	48	43	16	99	0	41
 59756	86	75	48	43	16	99	0	41
 59802	84	76	48	43	16	100	0	41
 59892	85	77	48	47	16	102	0	40
 59938	85	78	48	47	16	102	0	40
 59983	85	78	48	47	16	103	0	41
 60028	85	78	48	47	16	104	0	40
 60074	85	78	48	47	16	105	0	40
 60119	85	78	48	47	16	105	0	40
 60164	85	78	48	47	16	106	0	41
 60210	85	78	48	47	16	107	0	40
 60255	85	78	48	47	16	108	0	41
 60301	85	78	48	47	16	108	0	41
 60391	85	78	48	47	16	110	0	41
 60437	85	78	48	47	16	111	0	41
 60482	85	78	48	47	16	111	0	41
 60527	87	78	48	47	16	112	0	41
 60573	86	78	48	47	16	113	0	40
 60618	86	78	48	47	16	114	0	40
 60663	87	78	48	47	16	114	0	40
 60709	85	78	48	47	16	115	0	40
 60754	87	79	48	47	16	116	0	41
 60799	85	79	48	43	16	117	0	41
 60845	81	79	47	43	16	117	0	41
 60890	79	79	48	43	16	118	0	41
 60935	81	78	48	43	16	119	0	41
 60981	86	77	48	43	16	120	0	41
 61026	87	76	47	43	16	120	0	41
 61072	86	77	48	43	16	121	0	41
 61117	86	78	48	47	16	122	0	41
 61162	86	79	47	47	16	123	0	41
 61208	86	79	47	47	16	123	0	41
 61253	86	79	47	39	17	64	0	40
 61298	86	79	47	39	17	65	0	41
 61344	86	79	47	39	17	66	0	41
 61389	86	79	48	39	17	66	0	41
 61434	86	79	47	39	17	67	0	41
 61480	86	79	47	39	17	68	0	41
 61525	86	79	47	39	17	69	0	41
 61570	86	79	47	39	17	70	0	41
 61616	88	79	47	39	17	70	0	41
 61661	87	79	47	39	17	71	0	41
 61706	88	79	47	39	17	72	0	41
 61753	88	79	47	39	17	73	0	41
 61797	87	79	46	39	17	73	0	41
 61842	88	79	46	39	17	74	0	41
 61891	88	79	46	39	17	75	0	41
 61933	88	79	46	39	17	76	0	40
 61979	89	79	46	39	17	76	0	41
 62024	87	79	46	35	17	77	0	41
 62069	83	79	46	35	17	78	0	41
 62115	80	79	46	35	17	79	0	40
 62116	80	79	46	35	17	79	0	40
 62160	80	79	46	35	17	79	0	41
 62205	86	78	46	35	17	80	0	41
 62251	87	77	46	35	17	81	0	41
 62296	88	77	46	35	17	82	0	41
 62341	87	78	45	39	17	82	0	41
 62387	88	79	46	39	17	83	0	41
 62432	88	79	46	39	17	84	0	41
 62477	88	80	46	39	17	85	0	41
 62523	88	79	46	39	17	85	0	41
 62568	88	79	46	39	17	86	0	41
 62614	88	79	46	39	17	87	0	41
 62704	88	79	46	39	17	88	0	41
 62750	88	79	46	39	17	89	0	41
 62795	89	79	46	39	17	90	0	41
 62840	89	79	46	39	17	91	0	41
 62886	89	79	46	39	17	91	0	41
 62931	90	79	46	39	17	92	0	41
 62981	90	80	46	39	17	93	0	41
 63022	89	80	46	47	17	94	0	41
 63067	90	80	46	47	17	94	0	41
 63112	90	80	45	47	17	95	0	41
 63158	89	80	45	43	17	96	0	41
 63203	83	80	45	43	17	97	0	41
 63248	81	80	46	43	17	97	0	41
 63294	80	80	45	43	17	98	0	41
 63339	85	79	45	43	17	99	0	41
 63385	89	77	45	43	17	100	0	41
 63430	91	77	46	43	17	100	0	41
 63475	89	78	45	47	17	101	0	41
 63521	89	79	46	47	17	102	0	41
 63566	90	80	45	47	17	103	0	41
 63611	90	80	45	47	17	104	0	41
 63657	90	80	45	47	17	104	0	41
 63747	90	80	45	47	17	106	0	41
 63793	90	80	46	47	17	107	0	41
 63838	89	80	45	47	17	107	0	41
 63883	89	80	45	47	17	108	0	41
 63929	89	80	45	47	17	109	0	41
 63974	91	80	45	47	17	110	0	41
 64020	90	80	45	47	17	110	0	41
 64065	90	80	45	47	17	111	0	41
 64110	92	80	44	47	17	112	0	41
 64156	90	81	45	47	17	113	0	41
 64249	90	81	44	43	17	114	0	41
 64292	86	81	44	43	17	115	0	41
 64337	82	81	44	43	17	116	0	41
 64382	81	81	44	43	17	116	0	41
 64428	85	80	44	43	17	117	0	41
 64477	91	79	44	43	17	118	0	41
 64564	90	79	44	47	17	119	0	41
 64609	90	80	44	47	17	120	0	41
 64654	91	81	44	47	17	121	0	41
 64700	91	81	44	47	17	122	0	41
 64745	90	81	44	47	17	122	0	41
 64791	90	81	44	47	17	123	0	41
 64836	90	81	44	39	18	64	0	41
 64881	90	81	44	39	18	65	0	41
 64927	92	81	44	39	18	65	0	41
 64976	91	81	44	39	18	66	0	41
 65017	92	81	44	39	18	67	0	41
 65063	93	81	44	39	18	68	0	41
 65108	91	81	44	39	18	68	0	41
 65153	93	81	44	39	18	69	0	41
 65199	92	82	44	39	18	70	0	41
 65244	93	82	44	39	18	71	0	41
 65289	93	82	44	39	18	71	0	41
 65335	88	82	44	35	18	72	0	41
 65380	84	82	44	35	18	73	0	41
 65425	82	82	44	35	18	74	0	41
 65471	83	81	44	35	18	74	0	41
 65516	91	80	44	35	18	75	0	41
 65562	91	79	44	35	18	76	0	41
 65607	92	79	44	35	18	77	0	41
 65652	91	81	44	39	18	78	0	41
 65698	92	82	44	39	18	78	0	41
 65743	92	82	44	39	18	79	0	41
 65788	92	83	44	39	18	80	0	41
 65834	92	83	44	39	18	81	0	41
 65879	93	83	44	39	18	81	0	41
 65924	93	83	44	39	18	82	0	41
 65970	93	83	44	39	18	83	0	41
 66015	92	84	44	39	18	84	0	41
 66061	92	83	44	39	18	84	0	41
 66110	92	83	44	39	18	85	0	41
 66151	92	83	44	39	18	86	0	41
 66197	92	83	44	39	18	87	0	41
 66242	91	83	44	39	18	87	0	41
 66287	91	83	44	39	18	88	0	41
 66333	91	83	44	39	18	89	0	41
 66378	93	83	44	39	18	90	0	41
 66423	93	83	44	39	18	90	0	41
 66469	93	84	43	35	18	91	0	41
 66514	88	84	44	35	18	92	0	41
 66559	85	84	44	35	18	93	0	41
 66605	84	84	43	35	18	93	0	41
 66650	88	83	43	43	18	94	0	41
 66695	92	81	43	43	18	95	0	41
 66741	93	81	43	43	18	96	0	41
 66786	92	82	43	47	18	96	0	41
 66877	92	83	43	47	18	98	0	41
 66922	92	83	42	47	18	99	0	41
 66968	92	83	42	47	18	99	0	41
 67013	92	83	42	47	18	100	0	41
 67058	92	83	42	47	18	101	0	41
 67104	92	83	43	47	18	102	0	41
 67149	92	83	43	47	18	102	0	41
 67194	92	83	43	47	18	103	0	41
 67240	92	83	43	47	18	104	0	41
 67285	91	83	43	47	18	105	0	41
 67330	92	84	43	47	18	105	0	41
 67376	93	84	43	47	18	106	0	41
 67421	92	84	43	47	18	107	0	41
 67466	94	84	43	47	18	108	0	41
 67512	92	84	43	47	18	108	0	41
 67557	95	84	43	47	18	109	0	41
 67603	95	84	43	47	18	110	0	41
 67648	92	84	43	43	18	111	0	42
 67693	87	85	43	43	18	112	0	41
 67739	85	85	43	43	18	112	0	41
 67784	85	84	42	43	18	113	0	41
 67829	90	82	42	43	18	114	0	41
 67875	92	81	44	43	18	115	0	41
 67920	94	81	43	43	18	115	0	42
 67965	93	83	43	47	18	116	0	41
 68015	93	83	42	47	18	117	0	41
 68056	93	84	43	47	18	118	0	41
 68101	94	84	43	47	18	118	0	41
 68147	93	84	43	47	18	119	0	41
 68193	93	84	43	47	18	120	0	41
 68241	94	84	43	47	18	121	0	41
 68283	93	84	43	47	18	121	0	41
 68328	93	84	43	47	18	122	0	41
 68374	94	84	43	47	18	123	0	41
 68419	94	84	43	39	19	64	0	42
 68464	93	84	43	39	19	64	0	41
 68510	94	84	43	39	19	65	0	42
 68555	92	85	43	39	19	66	0	41
 68600	94	85	43	39	19	67	0	41
 68646	93	85	43	39	19	67	0	42
 68691	93	86	43	39	19	68	0	41
 68736	94	86	43	39	19	69	0	41
 68782	94	86	43	35	19	70	0	41
 68827	90	86	43	35	19	70	0	42
 68872	87	86	42	35	19	71	0	41
 68918	87	86	42	35	19	72	0	41
 68963	92	84	42	35	19	73	0	41
 69009	92	83	43	35	19	73	0	41
 69054	94	83	43	35	19	74	0	42
 69099	93	85	43	39	19	75	0	41
 69145	93	86	43	39	19	76	0	42
 69190	93	86	43	39	19	76	0	41
 69235	93	86	42	39	19	77	0	41
 69281	93	86	42	39	19	78	0	41
 69326	93	86	42	39	19	79	0	42
 69380	93	85	43	39	19	80	0	41
 69417	93	85	44	39	19	80	0	41
 69466	93	86	42	39	19	81	0	41
 69507	93	85	42	39	19	82	0	41
 69553	95	86	42	39	19	83	0	41
 69598	93	86	42	39	19	83	0	41
 69644	94	86	42	39	19	84	0	41
 69689	94	86	42	39	19	85	0	41
 69734	94	86	42	39	19	86	0	41
 69780	95	86	42	39	19	86	0	41
 69825	93	86	42	39	19	87	0	41
 69870	95	86	42	39	19	88	0	41
 69916	94	86	42	39	19	89	0	41
 69961	94	87	43	39	19	89	0	41
 70006	95	87	43	39	19	90	0	41
 70052	94	87	42	39	19	91	0	41
 70097	94	87	42	39	19	92	0	41
 70142	92	87	43	35	19	92	0	41
 70188	88	87	43	35	19	93	0	41
 70233	86	87	43	43	19	94	0	41
 70278	88	86	42	43	19	95	0	41
 70324	94	84	42	43	19	95	0	41
 70369	95	83	42	43	19	96	0	41
 70415	94	84	42	47	19	97	0	41
 70460	93	85	42	47	19	98	0	41
 70505	93	86	42	47	19	98	0	41
 70551	93	86	42	47	19	99	0	41
 70596	93	86	42	47	19	100	0	41
 70641	93	86	42	47	19	101	0	41
 70687	93	86	42	47	19	101	0	41
 70732	93	86	42	47	19	102	0	41
 70823	94	86	42	47	19	104	0	41
 70868	94	86	43	47	19	104	0	41
 70913	96	86	42	47	19	105	0	41
 70959	95	86	43	47	19	106	0	41
 71004	94	87	42	47	19	107	0	41
 71049	96	87	43	47	19	107	0	41
 71095	94	87	42	47	19	108	0	41
 71140	95	87	42	47	19	109	0	41
 71186	94	87	41	47	19	110	0	41
 71231	96	87	41	47	19	110	0	41
 71276	96	87	42	47	19	111	0	41
 71322	96	87	41	47	19	112	0	41
 71367	94	88	41	47	19	113	0	41
 71412	95	88	41	43	19	113	0	40
 71458	91	88	42	43	19	114	0	40
 71503	88	87	42	43	19	115	0	40
 71548	87	87	42	43	19	116	0	40
 71594	91	85	42	43	19	117	0	40
 71639	94	83	42	43	19	117	0	40
 71684	96	83	42	43	19	118	0	40
 71730	95	84	42	47	19	119	0	40
 71775	95	85	42	47	19	120	0	40
 71821	96	86	41	47	19	120	0	40
 71866	95	86	41	47	19	121	0	40
 71911	95	86	41	47	19	122	0	40
 71957	96	86	41	47	19	123	0	40
 72002	95	86	41	47	19	123	0	40
 72047	95	86	41	39	20	64	0	40
 72093	96	86	40	39	20	65	0	40
 72138	95	86	40	39	20	66	0	40
 72183	96	86	40	39	20	66	0	40
 72229	96	86	40	39	20	67	0	40
 72274	94	87	40	39	20	68	0	40
 72319	96	87	40	39	20	69	0	40
 72365	95	87	40	39	20	69	0	40
 72410	95	87	40	39	20	70	0	40
 72455	96	87	41	39	20	71	0	40
 72501	97	87	41	39	20	72	0	40
 72546	95	87	41	39	20	72	0	40
 72592	97	88	41	39	20	73	0	40
 72637	93	88	41	35	20	74	0	40
 72682	89	88	41	35	20	75	0	40
 72728	88	88	41	35	20	75	0	40
 72773	91	87	41	35	20	76	0	40
 72818	96	85	41	35	20	77	0	40
 72868	96	85	41	35	20	78	0	40
 72909	95	86	41	39	20	78	0	40
 72954	94	87	41	39	20	79	0	40
 73000	95	88	41	39	20	80	0	40
 73045	94	88	41	39	20	81	0	40
 73090	94	87	41	39	20	81	0	40
 73136	96	87	41	39	20	82	0	40
 73181	96	87	41	39	20	83	0	40
 73226	95	88	41	39	20	84	0	40
 73272	96	88	40	39	20	84	0	40
 73317	95	88	40	39	20	85	0	40
 73363	96	88	41	39	20	86	0	40
 73408	95	88	40	39	20	87	0	40
 73453	95	88	39	39	20	87	0	40
 73499	96	88	39	39	20	88	0	40
 73544	94	88	39	39	20	89	0	40
 73589	96	88	39	39	20	90	0	40
 73635	94	88	40	39	20	91	0	40
 73680	96	88	40	39	20	91	0	40
 73725	95	88	39	39	20	92	0	40
 73771	95	88	40	39	20	93	0	40
 73816	96	88	40	47	20	94	0	40
 73861	96	88	40	47	20	94	0	39
 73907	95	88	40	47	20	95	0	39
 73952	97	88	40	47	20	96	0	39
 73998	92	88	40	43	20	97	0	39
 74043	89	88	40	43	20	97	0	39
 74134	90	86	40	43	20	99	0	39
 74179	95	85	40	43	20	100	0	39
 74224	96	84	40	43	20	100	0	39
 74270	95	85	40	47	20	101	0	39
 74315	96	86	40	47	20	102	0	39
 74360	94	87	41	47	20	103	0	39
 74406	96	88	41	47	20	103	0	39
 74451	95	88	41	47	20	104	0	39
 74496	96	88	41	47	20	105	0	39
 74542	95	87	41	47	20	106	0	39
 74587	95	88	41	47	20	106	0	39
 74632	96	88	41	47	20	107	0	39
 74678	94	88	41	47	20	108	0	39
 74727	95	87	41	47	20	109	0	39
 74769	96	88	41	47	20	109	0	39
 74814	94	88	41	47	20	110	0	39
 74859	96	88	41	47	20	111	0	39
 74905	95	88	40	47	20	112	0	39
 74950	95	87	40	47	20	112	0	39
 74996	95	87	40	47	20	113	0	39
 74999	95	87	40	47	20	113	0	39
 75041	94	87	40	47	20	114	0	39
 75086	96	87	40	47	20	115	0	39
 75131	94	87	40	47	20	115	0	39
 75180	96	87	40	47	20	116	0	39
 75222	94	87	40	47	20	117	0	39
 75267	96	87	40	47	20	118	0	39
 75313	95	87	40	43	20	118	0	39
 75358	90	87	40	43	20	119	0	39
 75403	88	88	40	43	20	120	0	39
 75449	88	87	41	43	20	121	0	39
 75539	94	84	40	43	20	122	0	39
 75585	96	84	40	43	20	123	0	39
 75630	95	85	40	39	21	64	0	39
 75675	95	87	40	39	21	65	0	39
 75731	96	88	40	39	21	65	0	38
 75766	94	87	40	39	21	66	0	39
 75812	96	87	41	39	21	67	0	39
 75857	95	87	41	39	21	68	0	38
 75902	95	87	40	39	21	68	0	38
 75951	96	87	41	39	21	69	0	38
 75993	95	87	41	39	21	70	0	38
 76042	95	87	40	39	21	71	0	38
 76084	96	87	40	39	21	71	0	38
 76129	94	83	40	39	21	72	0	38
 76185	95	78	40	39	21	73	0	38
 76220	96	77	40	39	21	74	0	38
 76268	96	76	40	39	21	74	0	38
 76310	95	76	41	39	21	75	0	38
 76366	94	76	41	39	21	76	0	38
 76401	95	76	40	35	21	77	0	38
 76446	89	77	40	35	21	77	0	38
 76492	82	77	40	35	21	78	0	38
 76537	78	77	40	35	21	79	0	38
 76582	77	76	40	35	21	80	0	38
 76632	80	74	40	35	21	80	0	38
 76673	92	74	40	35	21	81	0	38
 76719	95	75	40	35	21	82	0	38
 76764	96	78	40	35	21	83	0	38
 76809	95	80	40	39	21	83	0	38
 76855	96	82	40	39	21	84	0	38
 76900	96	83	39	39	21	85	0	38
 76945	96	83	40	39	21	86	0	38
 76991	97	84	40	39	21	86	0	38
 77039	97	84	40	39	21	87	0	38
 77127	97	85	40	39	21	89	0	38
 77172	97	85	40	39	21	89	0	38
 77217	96	85	40	39	21	90	0	38
 77263	96	85	40	39	21	91	0	38
 77308	96	85	40	39	21	92	0	38
 77353	95	86	40	39	21	92	0	38
 77399	95	86	40	39	21	93	0	38
 77444	94	86	40	43	21	94	0	38
 77490	89	86	40	43	21	95	0	38
 77539	87	86	40	43	21	96	0	38
 77580	86	85	40	43	21	96	0	38
 77626	92	84	40	43	21	97	0	38
 77671	95	83	39	43	21	98	0	38
 77716	97	83	40	43	21	99	0	38
 77762	96	85	40	47	21	99	0	38
 77807	96	86	40	47	21	100	0	38
 77852	97	86	40	47	21	101	0	38
 77898	95	86	40	47	21	102	0	38
 77943	96	86	40	47	21	102	0	38
 77988	97	86	39	47	21	103	0	38
 78034	95	87	40	47	21	104	0	38
 78079	96	86	39	47	21	105	0	38
 78125	97	86	39	47	21	105	0	38
 78170	95	86	39	47	21	106	0	38
 78215	96	86	39	47	21	107	0	38
 78261	97	87	39	47	21	108	0	38
 78306	95	87	40	47	21	108	0	38
 78351	97	87	39	47	21	109	0	38
 78397	96	87	39	47	21	110	0	38
 78442	98	87	40	47	21	111	0	37
 78487	97	87	40	47	21	111	0	38
 78533	97	87	40	47	21	112	0	38
 78578	97	87	40	47	21	113	0	38
 78623	93	87	40	43	21	114	0	37
 78669	88	87	40	43	21	114	0	37
 78714	86	86	40	43	21	115	0	37
 78759	88	85	40	43	21	116	0	37
 78805	95	84	39	43	21	117	0	37
 78850	95	83	39	43	21	117	0	37
 78896	95	84	39	47	21	118	0	37
 78941	97	86	39	47	21	119	0	37
 78986	98	86	39	47	21	120	0	37
 79032	95	87	39	47	21	120	0	37
 79077	97	88	39	47	21	121	0	37
 79122	97	88	39	47	21	122	0	37
 79168	96	88	39	47	21	123	0	37
 79213	97	88	39	47	21	123	0	37
 79258	96	87	39	39	22	64	0	37
 79304	96	88	39	39	22	65	0	37
 79349	97	87	39	39	22	66	0	37
 79394	96	88	39	39	22	66	0	37
 79440	97	88	39	39	22	67	0	37
 79485	96	88	39	39	22	68	0	37
 79530	96	88	39	39	22	69	0	37
 79576	97	89	39	39	22	70	0	37
 79625	96	88	39	39	22	70	0	37
 79666	97	89	39	39	22	71	0	37
 79712	95	89	39	39	22	72	0	37
 79762	98	89	39	39	22	73	0	37
 79803	97	89	39	39	22	73	0	37
 79848	95	89	39	35	22	74	0	37
 79893	91	89	39	35	22	75	0	37
 79939	89	89	39	35	22	76	0	37
 79984	89	88	39	35	22	76	0	37
 80029	95	87	39	35	22	77	0	37
 80078	96	85	39	35	22	78	0	37
 80120	97	86	39	35	22	79	0	37
 80165	96	87	39	39	22	79	0	37
 80211	96	88	39	39	22	80	0	37
 80256	96	88	39	39	22	81	0	37
 80301	95	88	39	39	22	82	0	37
 80347	97	88	39	39	22	82	0	37
 80392	96	88	39	39	22	83	0	37
 80438	97	88	39	39	22	84	0	37
 80483	97	88	39	39	22	85	0	37
 80528	96	89	39	39	22	85	0	37
 80574	98	88	39	39	22	86	0	37
 80619	96	89	39	39	22	87	0	37
 80667	97	88	39	39	22	88	0	37
 80710	98	89	39	39	22	88	0	37
 80755	96	89	39	39	22	89	0	37
 80800	98	89	39	39	22	90	0	37
 80846	97	89	39	39	22	91	0	37
 80891	97	89	39	39	22	91	0	37
 80936	97	89	39	39	22	92	0	37
 80982	96	89	39	39	22	93	0	37
 81027	98	89	39	47	22	94	0	37
 81072	96	89	39	47	22	94	0	37
 81118	98	89	39	47	22	95	0	37
 81164	97	89	39	43	22	96	0	37
 81209	92	89	39	43	22	97	0	37
 81254	90	89	39	43	22	98	0	37
 81299	89	89	39	43	22	98	0	37
 81345	94	87	39	43	22	99	0	37
 81390	97	86	39	43	22	100	0	37
 81435	98	86	39	43	22	101	0	37
 81481	96	87	39	47	22	101	0	37
 81526	98	88	39	47	22	102	0	37
 81581	96	89	39	47	22	103	0	37
 81617	97	88	39	47	22	104	0	36
 81662	98	89	39	47	22	104	0	36
 81707	96	89	39	47	22	105	0	36
 81753	97	88	39	47	22	106	0	36
 81798	97	89	39	47	22	107	0	36
 81843	97	89	39	47	22	107	0	36
 81889	98	88	39	47	22	108	0	36
 81934	96	89	39	47	22	109	0	36
 81980	97	89	39	47	22	110	0	36
 82025	97	89	39	47	22	110	0	36
 82070	97	89	39	47	22	111	0	36
 82116	98	89	39	47	22	112	0	36
 82161	96	89	39	47	22	113	0	36
 82206	98	89	39	47	22	113	0	36
 82252	96	89	39	47	22	114	0	36
 82297	98	89	39	47	22	115	0	36
 82342	96	89	39	47	22	116	0	36
 82388	99	89	39	47	22	117	0	36
 82433	99	89	39	43	22	117	0	36
 82478	94	90	39	43	22	118	0	36
 82524	91	89	39	43	22	119	0	36
 82569	89	89	39	43	22	120	0	36
 82615	91	87	39	43	22	120	0	36
 82705	96	86	39	43	22	122	0	36
 82751	97	87	39	47	22	123	0	36
 82796	97	88	39	47	22	123	0	36
 82841	97	88	39	36	23	64	0	36
 82887	93	88	39	36	23	65	0	36
 82932	89	88	39	36	23	66	0	36
 82977	88	88	39	36	23	66	0	36
 83023	86	86	39	36	23	67	0	36
 83068	84	85	39	36	23	68	0	36
 83113	83	83	38	36	23	69	0	36
 83159	81	82	38	36	23	69	0	36
 83204	80	81	38	36	23	70	0	36
 83249	78	79	38	36	23	71	0	36
 83295	78	78	38	36	23	72	0	36
 83340	76	77	38	36	23	72	0	36
 83385	75	76	38	36	23	73	0	36
 83431	74	75	38	36	23	74	0	36
 83476	73	74	38	36	23	75	0	36
 83522	72	73	38	36	23	75	0	36
 83567	71	72	38	36	23	76	0	36
 83612	71	71	38	36	23	77	0	36
 83658	69	70	38	36	23	78	0	36
 83703	69	69	39	36	23	78	0	36
 83748	68	69	38	36	23	79	0	36
 83794	67	68	38	36	23	80	0	36
 83839	67	67	38	36	23	81	0	36
 83884	66	66	38	36	23	81	0	36
 83930	65	66	38	36	23	82	0	36
 83975	65	65	39	36	23	83	0	36
 84020	64	64	38	36	23	84	0	36
 84066	64	64	39	36	23	84	0	36
 84156	62	63	39	36	23	86	0	36
 84202	62	62	38	36	23	87	0	36
 84247	62	62	37	36	23	87	0	36
 84292	61	61	38	36	23	88	0	36
 84338	61	61	37	36	23	89	0	36
 84383	60	60	37	36	23	90	0	36
 84429	60	60	38	36	23	91	0	36
 84474	60	60	38	36	23	91	0	36
 84519	59	59	38	36	23	92	0	36
 84565	59	59	38	36	23	93	0	36
 84610	59	59	38	44	23	94	0	36
 84655	59	59	38	44	23	94	0	36
 84702	59	58	38	44	23	95	0	36
 84746	58	58	38	44	23	96	0	36
 84791	58	58	38	44	23	97	0	36
 84837	58	58	38	44	23	97	0	36
 84882	58	58	38	44	23	98	0	36
 84927	58	58	38	44	23	99	0	36
 84973	58	58	38	44	23	100	0	36
 85018	57	58	39	44	23	100	0	36
 85064	57	57	38	44	23	101	0	36
 85109	57	57	39	44	23	102	0	36
 85154	57	57	38	44	23	103	0	36
 85200	57	57	39	44	23	103	0	36
 85245	57	57	38	44	23	104	0	36
 85290	57	57	38	44	23	105	0	36
 85336	57	57	38	44	23	106	0	36
 85381	57	57	38	44	23	106	0	36
 85427	57	57	37	44	23	107	0	36
 85472	56	56	38	44	23	108	0	36
 85517	56	56	38	44	23	109	0	36
 85562	56	56	38	44	23	109	0	36
 85608	56	56	38	44	23	110	0	36
 85653	56	56	38	44	23	111	0	36
 85698	56	56	38	44	23	112	0	36
 85744	56	55	38	44	23	112	0	36
 85789	55	55	38	44	23	113	0	36
 85835	55	55	38	44	23	114	0	36
 85880	55	55	38	44	23	115	0	35
 85925	55	55	38	44	23	115	0	35
 85971	55	55	38	44	23	116	0	35
 86016	55	55	38	44	23	117	0	35
 86061	55	55	38	44	23	118	0	35
 86107	55	55	38	44	23	118	0	35
 86152	55	55	38	44	23	119	0	35
 86197	54	54	38	44	23	120	0	35
 86243	54	54	38	44	23	121	0	35
 86288	54	54	38	44	23	122	0	35
 86333	54	54	38	44	23	122	0	35
 86379	54	54	38	44	23	123	0	35
