HomeCentral
 Falkenstrasse 20
 8630 Rueti
 Datum: 16.01.15 00:00
 
 Startzeit: 2015-01-16 00:00:15 +0100
 60	32	32	44	91	93	0	0	255
 106	32	32	44	91	93	0	0	255
 151	32	32	44	91	93	0	0	255
 196	32	32	44	91	93	0	0	255
 242	32	32	44	91	93	0	0	255
 287	32	32	44	91	93	2	0	255
 332	32	32	44	91	93	0	0	255
 378	32	32	44	91	93	2	0	255
 423	32	32	44	91	93	0	0	255
 469	32	32	44	91	93	0	0	255
 514	32	32	44	91	93	0	0	255
 559	32	32	44	91	93	0	0	255
 605	32	32	44	91	93	0	0	255
 650	32	32	44	91	93	2	0	255
 695	32	32	44	91	93	0	0	255
 741	32	32	44	91	93	0	0	255
 786	32	32	44	91	93	0	0	255
 831	32	32	44	91	93	0	0	255
 877	32	32	44	91	93	0	0	255
 922	32	32	44	91	93	0	0	255
 967	32	32	44	91	93	0	0	255
 1013	32	32	44	91	93	0	0	255
 1058	32	32	44	91	93	0	0	255
 1104	32	32	44	90	93	0	0	255
 1149	32	32	44	91	93	0	0	255
 1194	32	32	44	91	93	0	0	255
 1240	32	32	44	90	93	0	0	255
 1285	32	32	44	91	93	0	0	255
 1330	32	32	44	90	93	0	0	255
 1376	32	32	44	90	93	0	0	255
 1421	32	32	44	91	93	0	0	255
 1466	32	32	44	91	93	0	0	255
 1512	32	32	44	91	93	0	0	255
 1557	32	32	44	90	93	0	0	255
 1602	32	32	44	90	93	0	0	255
 1648	32	32	44	90	93	0	0	255
 1738	32	32	44	90	93	0	0	255
 1784	32	32	44	90	93	0	0	255
 1829	32	32	44	90	93	0	0	255
 1874	32	32	44	90	93	0	0	255
 1920	32	32	44	90	93	0	0	255
 1965	32	32	44	90	93	0	0	255
 2011	32	32	43	90	93	0	0	255
 2056	32	32	43	90	93	0	0	255
 2101	32	32	43	90	93	0	0	255
 2147	32	32	43	90	93	0	0	255
 2192	32	32	43	90	93	0	0	255
 2237	32	32	43	90	93	0	0	255
 2283	32	32	43	90	93	0	0	255
 2328	32	32	43	90	93	0	0	255
 2373	32	32	43	90	93	0	0	255
 2419	32	32	42	90	93	0	0	255
 2464	32	32	42	90	92	0	0	255
 2509	32	32	42	90	93	0	0	255
 2555	32	32	42	90	92	0	0	255
 2600	32	32	42	90	93	0	0	255
 2645	32	32	42	90	92	0	0	255
 2691	32	32	42	90	92	0	0	255
 2736	32	32	42	90	92	0	0	255
 2782	32	32	42	90	92	0	0	255
 2827	32	32	42	90	92	0	0	255
 2873	32	32	42	90	92	0	0	255
 2918	32	32	42	90	92	0	0	255
 2963	32	32	42	90	92	0	0	255
 3008	32	32	42	90	92	0	0	255
 3054	32	32	42	90	92	0	0	255
 3099	32	32	42	90	92	0	0	255
 3144	32	32	42	90	92	0	0	255
 3190	32	32	42	90	92	0	0	255
 3235	32	32	42	90	92	0	0	255
 3280	32	32	42	90	92	0	0	255
 3326	32	32	42	90	92	0	0	255
 3374	32	32	42	90	92	0	0	255
 3416	32	32	42	90	92	0	0	255
 3462	32	32	42	90	92	0	0	255
 3507	32	32	42	90	92	0	0	255
 3553	32	32	42	90	92	0	0	255
 3598	32	32	42	90	92	0	0	255
 3643	32	32	42	90	92	0	0	255
 3689	32	32	42	90	92	0	0	255
 3734	32	32	42	90	92	0	0	255
 3779	32	32	41	90	92	0	0	255
 3825	32	32	41	90	92	0	0	255
 3870	32	32	41	90	92	0	0	255
 3915	32	32	41	90	92	0	0	255
 3961	32	32	41	90	92	0	0	255
 4007	32	32	41	90	92	0	0	255
 4051	32	32	41	90	92	0	0	255
 4097	32	32	41	90	92	0	0	255
 4142	32	32	41	90	92	0	0	255
 4187	32	32	41	90	92	0	0	255
 4233	32	32	41	90	92	0	0	255
 4278	32	32	41	90	92	0	0	255
 4324	32	32	41	90	92	0	0	255
 4369	32	32	41	90	92	0	0	255
 4414	32	32	41	90	92	0	0	255
 4460	32	32	41	90	92	0	0	255
 4505	32	32	41	90	92	0	0	255
 4550	32	32	41	90	92	0	0	255
 4596	32	32	41	90	92	0	0	255
 4641	32	32	41	90	92	0	0	255
 4687	32	32	41	90	92	0	0	255
 4732	32	32	41	90	92	0	0	255
 4777	32	32	41	90	92	2	0	255
 4822	32	32	41	90	92	0	0	255
 4869	32	32	41	90	92	0	0	255
 4916	32	32	41	90	92	0	0	255
 4958	32	32	41	90	92	0	0	255
 5004	32	32	41	90	92	0	0	255
 5049	32	32	41	90	92	0	0	255
 5095	32	32	41	90	92	0	0	255
 5140	32	32	41	90	92	0	0	255
 5186	32	32	41	90	92	0	0	255
 5231	32	32	41	90	92	0	0	255
 5276	32	32	41	90	92	0	0	255
 5321	32	32	41	90	92	0	0	255
 5367	32	32	41	90	92	0	0	255
 5412	32	32	41	90	92	0	0	255
 5457	32	32	41	90	92	0	0	255
 5503	32	32	41	90	92	0	0	255
 5548	32	32	41	90	92	0	0	255
 5593	32	32	41	90	92	0	0	255
 5639	32	32	41	90	92	0	0	255
 5684	32	32	41	90	92	0	0	255
 5729	32	32	41	90	92	0	0	255
 5775	32	32	41	90	92	0	0	255
 5820	32	32	41	90	92	0	0	255
 5866	32	32	41	90	92	0	0	255
 5911	32	32	41	90	92	0	0	255
 5956	32	32	41	90	92	0	0	255
 6002	32	32	41	90	92	0	0	255
 6047	32	32	41	90	92	0	0	255
 6092	32	32	41	90	92	0	0	255
 6138	32	32	41	90	92	0	0	255
 6183	32	32	41	90	92	0	0	255
 6228	32	32	41	90	92	0	0	255
 6274	32	32	41	90	92	0	0	255
 6319	32	32	41	90	92	0	0	255
 6364	32	32	41	90	92	0	0	255
 6413	32	32	41	90	92	0	0	255
 6455	32	32	41	90	92	0	0	255
 6500	32	32	41	90	92	0	0	255
 6546	32	32	41	90	92	0	0	255
 6591	32	32	41	90	92	0	0	255
 6637	32	32	41	90	92	0	0	255
 6686	32	32	41	90	92	0	0	255
 6727	32	32	41	90	92	0	0	255
 6773	32	32	41	90	92	0	0	255
 6818	32	32	41	90	92	0	0	255
 6863	32	32	41	90	92	0	0	255
 6909	32	32	41	90	92	0	0	255
 6954	32	32	41	90	92	0	0	255
 6999	32	32	41	90	92	0	0	255
 7045	32	32	41	90	92	2	0	255
 7090	32	32	41	90	92	0	0	255
 7135	32	32	41	90	92	0	0	255
 7181	32	32	41	90	92	0	0	255
 7226	32	32	41	90	92	0	0	255
 7271	32	32	41	90	92	0	0	255
 7317	32	32	41	90	92	0	0	255
 7362	32	32	41	90	92	0	0	255
 7408	32	32	41	90	92	2	0	255
 7453	32	32	41	90	92	2	0	255
 7498	32	32	41	90	92	2	0	255
 7544	32	32	41	90	92	2	0	255
 7589	32	32	41	90	92	2	0	255
 7634	32	32	41	90	92	2	0	255
 7680	32	32	41	90	92	2	0	255
 7725	32	32	41	90	92	2	0	255
 7770	32	32	41	90	92	0	0	255
 7816	32	32	41	90	92	2	0	255
 7861	32	32	41	90	92	0	0	255
 7906	32	32	41	90	92	0	0	255
 7952	32	32	41	90	92	2	0	255
 7997	32	32	41	90	92	0	0	255
 8042	32	32	41	90	92	2	0	255
 8088	32	32	41	90	92	0	0	255
 8133	32	32	41	90	92	0	0	255
 8179	32	32	41	90	92	2	0	255
 8224	32	32	41	90	92	2	0	255
 8269	32	32	41	90	92	2	0	255
 8315	32	32	41	90	92	2	0	255
 8360	32	32	41	90	92	0	0	255
 8405	32	32	41	90	92	0	0	255
 8451	32	32	41	90	92	2	0	255
 8496	32	32	41	90	92	2	0	255
 8541	32	32	41	90	92	0	0	255
 8587	32	32	41	90	92	2	0	255
 8632	32	32	41	90	92	2	0	255
 8677	32	32	41	90	92	2	0	255
 8723	32	32	41	90	92	0	0	255
 8768	32	32	41	90	92	0	0	255
 8813	32	32	41	90	92	2	0	255
 8859	32	32	41	90	92	0	0	255
 8904	32	32	41	90	92	0	0	255
 8950	32	32	41	90	92	2	0	255
 8995	32	32	41	90	92	0	0	255
 9040	32	32	41	90	92	2	0	255
 9090	32	32	41	90	92	2	0	255
 9131	32	32	41	90	92	0	0	255
 9176	32	32	41	90	92	2	0	255
 9222	32	32	41	90	92	0	0	255
 9267	32	32	41	90	92	0	0	255
 9312	32	32	41	90	92	0	0	255
 9358	32	32	41	90	92	0	0	255
 9403	32	32	41	90	92	0	0	255
 9448	32	32	41	90	92	0	0	255
 9494	32	32	41	90	92	0	0	255
 9539	32	32	41	90	92	0	0	255
 9584	32	32	41	90	92	0	0	255
 9630	32	32	41	90	92	0	0	255
 9675	32	32	41	90	92	2	0	255
 9721	32	32	41	90	92	0	0	255
 9766	32	32	41	90	92	0	0	255
 9811	32	32	41	90	92	0	0	255
 9857	32	32	41	90	92	0	0	255
 9902	32	32	41	90	92	0	0	255
 9947	32	32	41	90	92	0	0	255
 9993	32	32	41	90	92	2	0	255
 10038	32	32	41	90	92	2	0	255
 10083	32	32	41	90	92	0	0	255
 10129	32	32	41	90	92	2	0	255
 10174	32	32	41	90	92	2	0	255
 10219	32	32	41	90	92	2	0	255
 10265	32	32	41	90	92	0	0	255
 10310	32	32	41	90	92	2	0	255
 10355	32	32	41	90	92	0	0	255
 10401	32	32	41	90	92	2	0	255
 10446	32	32	41	90	92	2	0	255
 10492	32	32	41	90	92	3	0	255
 10537	32	32	41	90	92	0	0	255
 10582	32	32	41	90	92	0	0	255
 10628	32	32	41	90	92	2	0	255
 10673	32	32	41	90	92	2	0	255
 10718	32	32	41	90	92	2	0	255
 10764	32	32	41	90	92	2	0	255
 10809	32	32	41	90	92	3	0	255
 10854	32	32	41	90	92	0	0	255
 10900	32	32	41	90	92	2	0	255
 10945	32	32	41	90	92	0	0	255
 10990	32	32	41	90	92	3	0	255
 11036	32	32	41	90	92	0	0	255
 11081	32	32	41	90	92	2	0	255
 11126	32	32	41	90	92	2	0	255
 11172	32	32	41	90	92	2	0	255
 11217	32	32	41	90	92	3	0	255
 11263	32	32	41	89	92	2	0	255
 11308	32	32	41	89	92	2	0	255
 11353	32	32	41	89	92	2	0	255
 11399	32	32	41	89	92	3	0	255
 11444	32	32	41	90	92	2	0	255
 11489	32	32	41	90	92	3	0	255
 11535	32	32	41	90	92	2	0	255
 11580	32	32	41	89	92	2	0	255
 11625	32	32	41	89	92	3	0	255
 11671	32	32	41	89	92	3	0	255
 11716	32	32	41	89	92	3	0	255
 11761	32	32	41	89	92	3	0	255
 11807	32	32	41	89	92	2	0	255
 11852	32	32	41	89	92	3	0	255
 11897	32	32	41	89	92	3	0	255
 11943	32	32	41	89	92	2	0	255
 11988	32	32	41	89	92	2	0	255
 12034	32	32	41	89	92	3	0	255
 12079	32	32	41	89	92	2	0	255
 12124	32	32	41	89	92	3	0	255
 12170	32	32	41	89	92	2	0	255
 12215	32	32	41	89	92	3	0	255
 12260	32	32	41	89	92	3	0	255
 12306	32	32	41	89	92	3	0	255
 12351	32	32	41	89	92	3	0	255
 12396	32	32	41	89	92	4	0	255
 12442	32	32	41	89	92	4	0	255
 12487	32	32	41	89	92	3	0	255
 12532	32	32	41	89	92	3	0	255
 12578	32	32	41	89	92	3	0	255
 12623	32	32	41	89	92	4	0	255
 12668	32	32	41	89	92	4	0	255
 12714	32	32	41	89	92	4	0	255
 12759	32	32	41	89	92	3	0	255
 12805	32	32	41	89	92	4	0	255
 12850	32	32	41	89	92	3	0	255
 12895	32	32	41	89	92	3	0	255
 12941	32	32	41	89	92	4	0	255
 12986	32	32	41	89	92	3	0	255
 13031	32	32	41	89	92	4	0	255
 13077	32	32	41	89	92	3	0	255
 13122	32	32	41	89	92	4	0	255
 13167	32	32	41	89	92	4	0	255
 13213	32	32	41	89	92	5	0	255
 13258	32	32	41	89	92	3	0	255
 13303	32	32	41	89	92	4	0	255
 13349	32	32	41	89	92	4	0	255
 13394	32	32	41	89	92	4	0	255
 13439	32	32	41	89	92	4	0	255
 13485	32	32	41	89	92	4	0	255
 13530	32	32	41	89	92	4	0	255
 13576	32	32	41	89	92	4	0	255
 13621	32	32	41	89	92	5	0	255
 13666	32	32	41	89	92	4	0	255
 13712	32	32	41	89	92	4	0	255
 13757	32	32	41	89	92	4	0	255
 13802	32	32	41	89	92	5	0	255
 13848	32	32	41	89	92	4	0	255
 13893	32	32	41	89	92	4	0	255
 13938	32	32	41	89	92	4	0	255
 13984	32	32	41	89	92	5	0	255
 14029	32	32	41	89	92	5	0	255
 14074	32	32	41	89	92	4	0	255
 14120	32	32	41	89	92	4	0	255
 14165	32	32	41	89	92	4	0	255
 14211	32	32	41	89	92	4	0	255
 14256	32	32	41	89	92	4	0	255
 14301	32	32	41	89	92	4	0	255
 14347	32	32	41	89	92	4	0	255
 14392	32	32	41	89	92	6	0	255
 14437	32	32	41	89	92	5	0	255
 14483	32	32	41	89	92	5	0	255
 14573	32	32	41	89	92	4	0	255
 14619	32	32	41	89	92	4	0	255
 14664	32	32	41	89	92	5	0	255
 14709	32	32	41	89	92	5	0	255
 14755	32	32	41	89	92	5	0	255
 14800	32	32	41	89	92	4	0	255
 14845	32	32	41	89	92	4	0	255
 14891	32	32	41	89	92	5	0	255
 14936	32	32	41	89	92	4	0	255
 14981	32	32	41	89	92	4	0	255
 15027	32	32	41	89	92	5	0	255
 15072	32	32	41	89	92	4	0	255
 15118	32	32	41	89	92	5	0	255
 15163	32	32	41	89	92	5	0	255
 15208	32	32	41	89	92	5	0	255
 15254	32	32	41	89	92	5	0	255
 15299	32	32	41	89	92	5	0	255
 15344	32	32	41	89	92	4	0	255
 15390	32	32	41	89	92	5	0	255
 15435	32	32	41	89	92	5	0	255
 15480	32	32	41	89	92	5	0	255
 15526	32	32	41	89	92	6	0	255
 15571	32	32	41	89	92	4	0	255
 15616	32	32	41	89	92	5	0	255
 15662	32	32	41	89	92	5	0	255
 15707	32	32	41	89	92	6	0	255
 15753	32	32	41	89	91	4	0	255
 15798	32	32	41	89	92	5	0	255
 15843	32	32	41	89	92	4	0	255
 15889	32	32	41	89	91	4	0	255
 15934	32	32	41	89	92	5	0	255
 15979	32	32	41	89	92	5	0	255
 16025	32	32	41	89	91	5	0	255
 16070	32	32	41	89	92	5	0	255
 16115	32	32	41	89	91	5	0	255
 16161	32	32	41	89	91	3	0	255
 16206	32	32	41	89	91	5	0	255
 16251	32	32	41	89	92	4	0	255
 16297	32	32	41	89	91	5	0	255
 16342	32	32	41	89	91	5	0	255
 16387	32	32	41	89	91	5	0	255
 16433	32	32	41	89	91	4	0	255
 16478	32	32	41	89	91	5	0	255
 16524	32	32	41	89	91	5	0	255
 16569	32	32	41	89	91	4	0	255
 16614	32	32	41	89	91	5	0	255
 16660	32	32	41	89	91	4	0	255
 16705	32	32	41	89	91	5	0	255
 16750	32	32	41	89	91	4	0	255
 16796	32	32	41	89	91	5	0	255
 16841	32	32	41	89	91	5	0	255
 16886	32	32	41	89	91	4	0	255
 16932	32	32	41	89	91	5	0	255
 16977	32	32	41	89	91	4	0	255
 17022	32	32	41	89	91	6	0	255
 17068	32	32	41	89	91	5	0	255
 17113	32	32	41	89	91	4	0	255
 17158	32	32	41	89	91	4	0	255
 17204	32	32	41	89	91	4	0	255
 17249	32	32	41	89	91	5	0	255
 17295	32	32	41	89	91	5	0	255
 17340	32	32	41	89	91	4	0	255
 17385	31	32	41	89	91	4	0	255
 17431	31	32	41	89	91	5	0	255
 17476	32	32	41	89	91	5	0	255
 17521	32	32	41	89	91	5	0	255
 17567	32	32	41	89	91	4	0	255
 17612	31	32	41	89	91	5	0	255
 17657	31	32	41	89	91	5	0	255
 17703	32	32	41	89	91	5	0	255
 17748	32	32	41	89	91	4	0	255
 17793	31	32	41	89	91	5	0	255
 17839	32	32	41	89	91	5	0	255
 17884	32	32	41	89	91	4	0	255
 17929	32	32	41	89	91	5	0	255
 17975	32	32	41	89	91	5	0	255
 18020	31	32	41	89	91	4	0	255
 18066	32	32	41	89	91	5	0	255
 18111	31	32	41	89	91	5	0	255
 18156	31	32	41	89	91	3	0	255
 18202	32	32	41	89	91	5	0	255
 18247	32	32	41	89	91	4	0	255
 18292	32	32	41	89	91	4	0	255
 18338	31	32	41	89	91	5	0	255
 18383	31	32	41	89	91	4	0	255
 18428	31	32	41	89	91	4	0	255
 18474	32	32	41	89	91	3	0	255
 18519	31	32	41	89	91	5	0	255
 18564	31	32	41	89	91	5	0	255
 18610	31	32	41	89	91	5	0	255
 18655	31	31	41	89	91	4	0	255
 18700	31	32	41	89	91	4	0	255
 18746	31	32	41	89	91	5	0	255
 18791	31	32	41	89	91	4	0	255
 18837	31	32	41	89	91	4	0	255
 18882	31	32	41	89	91	6	0	255
 18927	31	32	41	89	91	5	0	255
 18973	31	32	41	89	91	5	0	255
 19019	31	31	41	89	91	5	0	255
 19063	31	32	41	89	91	5	0	255
 19109	31	32	41	89	91	6	0	255
 19154	31	31	41	89	91	4	0	255
 19199	31	32	41	89	91	4	0	255
 19245	31	32	41	89	91	4	0	255
 19290	31	31	41	89	91	5	0	255
 19335	31	32	41	89	91	5	0	255
 19381	31	32	41	89	91	5	0	255
 19426	31	32	41	89	91	4	0	255
 19471	31	32	41	89	91	4	0	255
 19517	31	32	41	89	91	6	0	255
 19562	31	31	41	89	91	5	0	255
 19608	31	31	41	89	91	5	0	255
 19653	31	32	41	89	91	5	0	255
 19698	31	32	41	89	91	5	0	255
 19744	31	31	41	89	91	5	0	255
 19789	31	32	41	89	91	4	0	255
 19834	31	32	41	89	91	5	0	255
 19880	31	31	41	89	91	6	0	255
 19925	31	31	41	89	91	6	0	255
 19970	31	31	41	89	91	4	0	255
 20016	31	32	41	89	91	6	0	255
 20061	31	31	41	89	91	6	0	255
 20106	31	31	41	89	91	6	0	255
 20152	31	31	41	89	91	6	0	255
 20197	31	32	41	89	91	4	0	255
 20242	31	31	41	89	91	6	0	255
 20288	31	31	41	89	91	6	0	255
 20333	31	32	41	89	91	6	0	255
 20379	31	31	41	89	91	6	0	255
 20424	31	31	41	89	91	6	0	255
 20469	31	31	41	89	91	5	0	255
 20515	31	31	41	89	91	5	0	255
 20560	31	31	41	89	91	6	0	255
 20605	31	31	41	89	91	5	0	255
 20651	31	31	41	89	91	5	0	255
 20696	31	31	41	89	91	6	0	255
 20741	31	31	41	89	91	6	0	255
 20787	31	31	41	89	91	5	0	255
 20832	31	31	41	89	91	6	0	255
 20877	31	31	41	89	91	5	0	255
 20923	31	31	41	89	91	7	0	255
 20968	31	31	41	89	91	6	0	255
 21013	31	31	41	89	91	5	0	255
 21059	31	31	41	89	91	6	0	255
 21104	31	31	41	89	91	6	0	255
 21150	31	31	41	89	91	6	0	255
 21195	31	31	41	89	91	6	0	255
 21240	31	31	41	89	91	5	0	255
 21286	31	31	41	89	91	6	0	255
 21331	31	31	41	89	91	7	0	255
 21376	31	31	41	89	91	6	0	255
 21422	31	31	41	89	91	5	0	255
 21467	31	31	41	89	91	5	0	255
 21512	31	31	41	89	91	6	0	255
 21558	31	31	41	89	91	5	0	255
 21603	31	31	41	89	91	6	0	255
 21648	31	31	41	89	91	7	0	255
 21694	31	31	41	89	91	6	0	255
 21739	31	31	41	89	91	7	0	255
 21784	31	31	41	89	91	6	0	255
 21830	31	31	41	88	91	6	0	255
 21875	31	31	41	88	91	6	0	255
 21921	31	31	41	89	91	6	0	255
 21966	31	31	41	88	91	6	0	255
 22011	31	31	41	88	91	6	0	255
 22057	31	31	41	88	91	6	0	255
 22102	31	31	41	88	91	6	0	255
 22147	31	31	41	88	91	6	0	255
 22193	31	31	41	88	91	6	0	255
 22238	31	31	41	88	91	6	0	255
 22283	31	31	41	88	91	6	0	255
 22329	31	31	41	88	91	6	0	255
 22374	31	31	41	88	91	6	0	255
 22419	31	31	41	88	91	7	0	255
 22465	31	31	41	88	91	5	0	255
 22510	31	31	41	88	91	6	0	255
 22555	31	31	41	88	91	6	0	255
 22601	31	31	41	88	91	6	0	255
 22646	31	31	41	88	91	5	0	255
 22691	31	31	41	88	91	7	0	255
 22737	31	31	41	88	91	6	0	255
 22782	31	31	41	88	91	7	0	255
 22828	31	31	41	88	91	7	0	255
 22873	31	31	41	88	91	6	0	255
 22918	31	31	41	88	91	5	0	255
 22964	31	31	41	88	91	6	0	255
 23009	31	31	41	88	91	6	0	255
 23054	31	31	41	88	91	5	0	255
 23100	31	31	41	88	91	7	0	255
 23145	31	31	41	88	91	5	0	255
 23190	31	31	41	88	91	6	0	255
 23236	31	31	41	88	91	5	0	255
 23281	31	31	41	88	91	6	0	255
 23326	31	31	41	88	91	6	0	255
 23376	31	31	41	88	91	5	0	255
 23417	31	31	41	88	91	6	0	255
 23466	31	31	41	88	91	6	0	255
 23508	31	31	41	88	91	5	0	255
 23553	31	31	41	88	91	6	0	255
 23599	31	31	41	88	91	6	0	255
 23644	31	31	41	88	91	6	0	255
 23689	31	31	41	88	91	6	0	255
 23735	31	31	41	88	91	6	0	255
 23780	31	31	41	88	91	6	0	255
 23825	31	31	41	88	91	6	0	255
 23871	31	31	41	88	91	7	0	255
 23916	31	31	41	88	91	6	0	255
 23961	31	31	41	88	91	5	0	255
 24007	31	31	41	88	91	6	0	255
 24052	31	31	41	88	91	6	0	255
 24097	31	31	41	88	91	6	0	255
 24143	31	31	41	88	91	5	0	255
 24188	31	31	41	88	91	5	0	255
 24233	31	31	41	88	91	7	0	255
 24279	31	31	41	88	91	6	0	255
 24324	31	31	41	88	91	5	0	255
 24370	31	31	41	88	91	6	0	255
 24415	31	31	41	88	91	5	0	255
 24460	31	31	41	88	91	6	0	255
 24506	31	31	41	88	91	6	0	255
 24551	31	31	41	88	91	6	0	255
 24596	31	31	41	88	91	6	0	255
 24642	31	31	41	88	91	4	0	255
 24687	31	31	41	88	91	6	0	255
 24732	31	31	41	88	91	6	0	255
 24778	31	31	41	88	91	5	0	255
 24823	31	31	41	88	91	5	0	255
 24868	31	31	41	88	91	5	0	255
 24914	31	31	41	88	91	5	0	255
 24959	31	31	41	88	91	5	0	255
 25005	31	31	41	88	91	5	0	255
 25050	31	31	41	88	91	5	0	255
 25095	31	31	41	88	91	5	0	255
 25144	31	31	41	88	91	6	0	255
 25186	31	31	41	88	91	5	0	255
 25231	31	31	40	88	91	6	0	255
 25277	31	31	41	88	91	4	0	255
 25322	31	31	40	88	91	5	0	255
 25367	31	31	40	88	91	4	0	255
 25413	31	31	40	88	91	5	0	255
 25458	31	31	40	88	91	4	0	255
 25503	31	31	40	88	91	5	0	255
 25549	31	31	40	88	91	5	0	255
 25594	31	31	40	88	91	5	0	255
 25639	31	31	40	88	91	4	0	255
 25685	31	31	40	88	91	5	0	255
 25730	31	31	40	88	91	5	0	255
 25776	31	31	40	88	91	5	0	255
 25821	31	31	40	88	91	4	0	255
 25866	31	31	40	88	91	4	0	255
 25912	31	31	40	88	91	4	0	255
 25957	31	31	40	88	91	4	0	255
 26002	31	31	40	88	91	4	0	255
 26048	31	31	40	88	91	4	0	255
 26093	31	31	40	88	91	4	0	255
 26138	31	31	40	88	91	4	0	255
 26184	31	31	40	88	91	3	0	255
 26229	31	31	40	88	91	4	0	255
 26274	31	31	40	88	91	4	0	255
 26320	31	31	40	88	91	4	0	255
 26365	31	31	40	88	91	4	0	255
 26410	31	31	40	88	91	4	0	255
 26456	31	31	40	88	91	4	0	255
 26501	31	31	40	88	91	3	0	255
 26547	31	31	40	88	91	4	0	255
 26592	31	31	40	88	91	4	0	255
 26641	31	31	40	88	91	4	0	255
 26683	31	31	40	88	91	5	0	255
 26728	31	31	40	88	91	4	0	255
 26773	31	31	40	88	91	4	0	255
 26819	31	31	40	88	91	4	0	255
 26864	31	31	40	88	91	4	0	255
 26909	31	31	40	88	91	5	0	255
 26955	31	31	40	88	91	4	0	255
 27000	31	31	40	88	91	3	0	255
 27045	31	31	40	88	91	4	0	255
 27091	31	31	40	88	91	4	0	255
 27136	31	31	40	88	91	3	0	255
 27181	31	31	40	88	91	4	0	255
 27227	31	31	40	88	91	3	0	255
 27272	31	31	40	88	91	4	0	255
 27318	31	31	40	88	91	4	0	255
 27363	31	31	40	88	91	4	0	255
 27408	31	31	39	88	91	4	0	255
 27454	31	31	39	88	91	2	0	255
 27499	31	31	38	88	91	4	0	255
 27544	31	31	37	88	91	4	0	255
 27590	31	31	36	88	91	3	0	255
 27639	31	31	35	88	91	3	0	255
 27680	31	31	34	88	91	3	0	255
 27726	31	31	33	87	91	3	0	255
 27771	31	31	32	87	91	4	0	255
 27816	31	31	31	87	91	2	0	255
 27862	31	31	30	87	91	3	0	255
 27907	31	31	29	87	91	4	0	255
 27952	31	31	28	87	91	2	0	255
 27998	31	31	27	87	90	4	0	255
 28043	31	31	27	87	90	2	0	255
 28089	31	31	26	87	91	3	0	255
 28134	31	31	26	87	90	3	0	255
 28179	31	31	25	87	90	3	0	255
 28225	31	31	25	87	90	3	0	255
 28270	31	31	25	87	90	3	0	255
 28315	31	31	25	87	90	3	0	255
 28361	31	31	24	87	90	3	0	255
 28409	31	31	24	87	90	3	0	255
 28451	31	31	24	87	90	2	0	255
 28497	31	31	24	87	90	2	0	255
 28542	31	31	24	87	90	3	0	255
 28587	31	31	24	87	90	3	0	255
 28633	31	31	24	87	90	2	0	255
 28678	31	31	24	87	90	3	0	255
 28724	31	31	24	87	90	4	0	255
 28769	31	31	24	87	90	3	0	255
 28814	31	31	24	87	90	4	0	255
 28860	31	31	24	87	90	3	0	255
 28905	31	31	24	87	90	3	0	255
 28950	31	31	24	87	90	3	0	255
 28996	31	31	24	87	90	3	0	255
 29041	31	31	24	87	90	4	0	255
 29090	31	31	24	87	90	3	0	255
 29132	31	31	23	87	90	3	0	255
 29177	31	31	23	87	90	3	0	255
 29222	31	31	23	87	90	3	0	255
 29268	31	31	23	87	90	4	0	255
 29313	31	31	23	87	90	4	0	255
 29358	31	31	23	86	90	4	0	255
 29404	31	31	23	87	90	3	0	255
 29449	31	31	23	86	90	3	0	255
 29495	31	31	23	86	90	3	0	255
 29540	31	31	23	86	90	3	0	255
 29585	31	31	23	86	90	3	0	255
 29631	31	31	23	86	90	4	0	255
 29676	31	31	23	86	90	3	0	255
 29721	31	31	23	86	90	4	0	255
 29767	31	31	23	86	90	4	0	255
 29812	31	31	23	86	90	4	0	255
 29857	31	31	23	86	90	3	0	255
 29903	31	31	23	86	90	4	0	255
 29993	31	31	23	86	90	3	0	255
 30039	31	31	23	86	90	3	0	255
 30084	31	31	23	86	90	2	0	255
 30129	31	31	23	86	90	3	0	255
 30175	31	31	23	86	90	4	0	255
 30220	31	31	23	86	90	3	0	255
 30270	31	31	23	86	90	4	0	255
 30391	31	31	23	86	90	4	0	255
 30437	31	32	24	86	90	4	0	255
 30482	31	31	23	86	90	4	0	255
 30573	31	31	23	86	90	5	0	255
 30618	31	32	24	86	90	4	0	255
 30663	31	32	24	86	90	4	0	255
 30710	31	32	24	86	90	5	0	255
 30754	31	32	24	86	90	6	0	255
 30799	31	32	24	86	90	5	0	255
 30845	31	32	24	86	90	6	0	255
 30890	31	32	24	86	90	5	0	255
 30939	31	32	24	86	90	5	0	255
 30981	31	32	24	86	90	6	0	255
 31026	31	32	24	86	90	6	0	255
 31072	31	32	24	86	90	5	0	255
 31117	31	31	24	86	90	7	0	255
 31162	31	32	24	86	90	7	0	255
 31208	31	32	24	86	90	7	0	255
 31253	31	32	24	86	90	6	0	255
 31298	31	32	24	86	90	6	0	255
 31344	31	32	24	86	90	6	0	255
 31389	31	32	24	86	90	7	0	255
 31434	31	32	24	86	90	6	0	255
 31480	31	32	24	86	90	7	0	255
 31525	31	32	24	86	90	6	0	255
 31570	31	32	24	86	90	8	0	255
 31616	31	32	23	86	90	8	0	255
 31661	31	32	23	86	90	10	0	255
 31707	31	32	23	86	90	10	0	255
 31752	31	32	23	86	90	8	0	255
 31797	31	32	23	86	90	10	0	255
 31843	31	32	23	86	90	10	0	255
 31888	31	32	23	86	90	11	0	255
 31933	31	32	23	86	90	8	0	255
 31979	31	32	23	86	90	8	0	255
 32024	31	32	23	86	90	10	0	255
 32069	31	32	23	86	90	11	0	255
 32115	31	32	23	86	90	10	0	255
 32160	31	32	23	86	90	10	0	255
 32205	31	32	23	86	90	10	0	255
 32251	31	32	23	86	90	10	0	255
 32300	31	32	23	86	90	11	0	255
 32343	31	32	23	86	90	11	0	255
 32387	31	32	23	86	90	12	0	255
 32432	31	32	23	86	90	10	0	255
 32478	31	32	23	86	90	11	0	255
 32523	31	32	24	86	90	12	0	255
 32568	31	32	23	86	90	13	0	255
 32614	31	32	23	86	90	12	0	255
 32659	31	32	23	86	90	12	0	255
 32704	31	32	24	86	90	11	0	255
 32750	31	32	23	86	90	13	0	255
 32795	31	32	24	86	90	13	0	255
 32840	31	32	24	86	90	14	0	255
 32886	31	32	24	86	90	14	0	255
 32931	31	32	24	86	90	13	0	255
 32976	31	32	24	86	90	13	0	255
 33022	31	32	24	86	90	13	0	255
 33067	31	32	24	86	90	14	0	255
 33112	31	32	24	86	90	14	0	255
 33158	31	32	24	86	90	16	0	255
 33203	31	32	24	86	90	14	0	255
 33249	31	32	24	86	90	14	0	255
 33294	31	32	24	86	90	14	0	255
 33339	31	32	24	86	90	16	0	255
 33385	31	32	24	86	90	17	0	255
 33430	31	32	24	86	90	16	0	255
 33475	31	32	24	86	90	14	0	255
 33521	31	32	24	86	90	16	0	255
 33566	31	32	24	86	90	17	0	255
 33611	31	32	24	86	90	14	0	255
 33657	31	32	24	86	90	17	0	255
 33702	31	32	24	86	90	16	0	255
 33748	31	32	24	86	90	17	0	255
 33793	31	32	24	86	90	17	0	255
 33838	31	32	24	86	90	18	0	255
 33884	31	32	24	86	90	17	0	255
 33929	31	32	24	86	90	18	0	255
 33974	31	32	24	86	90	17	0	255
 34020	31	32	24	86	90	18	0	255
 34065	31	32	24	86	90	17	0	255
 34110	31	32	24	86	90	18	0	255
 34156	31	32	24	86	90	17	0	255
 34201	31	32	24	86	90	18	0	255
 34246	31	32	24	86	90	17	0	255
 34292	31	32	24	86	90	18	0	255
 34337	31	32	24	86	90	19	0	255
 34382	31	32	24	86	90	19	0	255
 34428	31	32	24	86	90	18	0	255
 34473	31	32	24	86	90	19	0	255
 34518	31	32	24	86	90	19	0	255
 34564	31	32	24	86	90	19	0	255
 34609	31	32	24	86	90	19	0	255
 34655	31	32	24	86	90	20	0	255
 34700	31	32	24	86	90	19	0	255
 34745	31	32	24	86	90	19	0	255
 34791	31	32	24	86	90	20	0	255
 34836	31	32	24	86	90	22	0	255
 34881	31	32	24	86	90	23	0	255
 34927	31	32	24	86	90	20	0	255
 34972	31	32	24	86	90	20	0	255
 35017	31	32	24	86	90	22	0	255
 35063	31	32	24	86	90	20	0	255
 35108	31	32	24	86	90	22	0	255
 35153	31	32	24	85	90	23	0	255
 35199	31	32	24	86	90	22	0	255
 35244	31	32	24	85	90	23	0	255
 35289	31	32	24	85	90	24	0	255
 35335	31	31	24	85	90	22	0	255
 35380	31	31	24	85	90	24	0	255
 35426	31	32	24	85	90	23	0	255
 35471	31	31	24	85	90	24	0	255
 35516	31	32	24	85	90	22	0	255
 35562	31	32	24	85	90	24	0	255
 35607	31	32	24	85	90	25	0	255
 35652	31	31	24	85	90	25	0	255
 35701	31	32	24	85	90	24	0	255
 35743	31	31	24	85	90	23	0	255
 35788	31	31	24	85	90	25	0	255
 35834	31	31	24	85	90	25	0	255
 35879	31	31	24	85	90	26	0	255
 35924	31	32	24	85	90	26	0	255
 35970	31	31	24	85	90	26	0	255
 36015	31	31	24	85	90	25	0	255
 36060	31	31	24	85	90	25	0	255
 36151	31	32	24	85	90	28	0	255
 36197	31	31	24	85	90	29	0	255
 36242	31	31	24	85	90	29	0	255
 36287	31	31	24	85	90	28	0	255
 36333	31	32	24	85	90	29	0	255
 36378	31	31	24	85	90	28	0	255
 36423	31	31	24	85	90	29	0	255
 36469	31	31	24	85	90	28	0	255
 36514	31	31	24	85	90	30	0	255
 36559	31	31	24	85	90	30	0	255
 36605	31	31	24	85	90	29	0	255
 36651	31	31	24	85	90	30	0	255
 36695	31	31	24	85	90	29	0	255
 36741	31	31	24	85	90	29	0	255
 36786	31	31	24	85	90	31	0	255
 36831	31	31	24	85	90	30	0	255
 36877	31	31	24	85	90	31	0	255
 36922	31	31	24	85	90	30	0	255
 36967	31	31	24	85	90	30	0	255
 37013	31	31	24	85	90	32	0	255
 37062	31	31	24	85	90	30	0	255
 37149	31	31	25	85	90	29	0	255
 37194	31	31	24	85	90	30	0	255
 37240	31	31	25	85	90	32	0	255
 37285	31	31	25	85	90	31	0	255
 37330	31	31	25	85	90	31	0	255
 37376	31	31	25	85	90	31	0	255
 37424	31	31	25	85	90	32	0	255
 37466	31	31	25	85	90	32	0	255
 37512	31	31	25	85	90	32	0	255
 37561	31	31	25	85	90	32	0	255
 37602	31	31	25	85	90	35	0	255
 37648	31	31	25	85	90	34	0	255
 37693	31	31	25	85	90	34	0	255
 37738	31	31	25	85	90	36	0	255
 37784	31	31	25	85	90	35	0	255
 37829	31	31	25	85	90	37	0	255
 37875	31	31	25	85	90	35	0	255
 37920	31	31	25	85	90	35	0	255
 37965	31	31	25	85	90	36	0	255
 38011	31	31	25	85	90	38	0	255
 38056	31	31	25	85	90	38	0	255
 38101	31	31	25	85	90	38	0	255
 38147	31	31	25	85	90	38	0	255
 38192	31	31	25	85	90	38	0	255
 38237	31	31	25	85	90	38	0	255
 38283	31	31	25	85	90	40	0	255
 38328	31	31	25	85	90	41	0	255
 38373	31	31	25	85	90	41	0	255
 38419	31	31	25	85	90	44	0	255
 38464	31	31	25	85	90	44	0	255
 38510	31	31	25	85	90	45	0	255
 38555	31	31	25	85	90	46	0	255
 38600	31	31	25	85	90	46	0	255
 38645	31	31	25	85	90	45	0	255
 38691	31	31	25	85	90	45	0	255
 38736	31	31	25	85	90	47	0	255
 38782	31	31	25	85	90	48	0	255
 38827	31	31	25	85	89	47	0	255
 38872	31	31	25	85	90	48	0	255
 38918	31	31	25	85	90	47	0	255
 38963	31	31	25	85	89	50	0	255
 39008	31	31	25	85	90	50	0	255
 39054	31	31	25	85	89	48	0	255
 39099	31	31	25	85	89	52	0	255
 39144	31	31	25	85	89	50	0	255
 39190	31	31	25	85	89	52	8	255
 39235	31	31	25	85	89	53	0	255
 39280	31	31	25	85	90	53	0	255
 39326	31	31	25	85	90	52	0	255
 39371	31	31	25	85	89	54	0	255
 39420	31	31	25	85	89	56	0	255
 39462	31	31	25	85	89	56	0	255
 39507	31	31	25	85	89	56	0	255
 39598	31	31	25	85	89	56	0	255
 39644	31	31	25	85	89	58	0	255
 39689	31	31	25	85	89	56	0	255
 39734	31	31	25	85	89	57	0	255
 39780	31	31	25	85	89	57	0	255
 39828	31	31	25	85	89	58	0	255
 39870	31	31	25	85	89	57	0	255
 39915	31	31	25	85	89	58	0	255
 39961	31	31	25	85	89	58	0	255
 40006	31	31	25	85	89	60	0	255
 40051	31	31	25	85	89	58	0	255
 40100	31	31	25	85	89	61	0	255
 40142	31	31	25	85	89	60	0	255
 40187	31	31	25	85	89	61	0	255
 40233	31	31	25	85	89	62	0	255
 40279	31	31	25	85	89	60	0	255
 40323	31	31	25	85	89	61	0	255
 40369	31	31	25	85	89	61	0	255
 40414	31	31	25	85	89	61	0	255
 40460	31	31	25	85	89	62	0	255
 40505	31	31	25	85	89	61	0	255
 40550	31	31	25	85	89	61	0	255
 40596	31	31	25	85	89	60	0	255
 40641	31	31	25	85	89	61	0	255
 40686	31	31	25	85	89	61	0	255
 40732	31	31	25	85	89	61	0	255
 40777	31	31	25	85	89	62	0	255
 40822	31	31	25	85	89	65	0	255
 40868	31	31	25	85	89	66	8	255
 40914	31	31	25	85	89	67	8	255
 40958	31	31	25	85	89	68	8	255
 41004	31	31	25	85	89	76	8	255
 41049	31	31	25	85	89	80	8	255
 41140	31	31	25	85	89	85	8	255
 41231	31	31	25	85	89	88	8	255
 41276	31	31	25	85	89	88	8	255
 41321	31	31	25	85	89	88	8	255
 41367	31	31	25	85	89	88	8	255
 41412	31	31	25	85	89	90	8	255
 41457	31	31	25	85	89	93	8	255
 41503	31	31	25	85	89	96	8	255
 41548	31	31	25	85	89	97	8	255
 41593	31	31	25	85	89	97	8	255
 41639	31	31	25	85	89	97	8	255
 41684	31	31	25	85	89	97	8	255
 41729	31	31	25	85	89	94	8	255
 41775	31	31	25	85	89	97	8	255
 41820	31	31	25	85	89	97	8	255
 41865	31	31	25	85	89	94	8	255
 41911	31	31	25	85	89	93	8	255
 41956	31	31	25	85	89	92	8	255
 42001	31	31	25	85	89	92	8	255
 42047	32	31	25	85	89	89	8	255
 42138	32	31	26	85	89	88	8	255
 42183	32	31	26	85	89	88	8	255
 42228	32	31	26	85	89	86	8	255
 42274	32	32	26	85	89	85	8	255
 42319	32	32	26	85	89	86	8	255
 42364	32	32	26	85	89	85	8	255
 42410	32	32	26	85	89	83	8	255
 42455	32	32	26	85	89	84	8	255
 42500	31	33	26	85	89	85	8	255
 42591	54	34	26	85	89	100	8	255
 42636	63	36	26	85	89	96	8	255
 42682	67	38	26	85	89	90	8	255
 42727	69	39	26	85	89	93	8	255
 42772	71	40	26	85	89	94	8	255
 42818	72	41	26	85	89	90	8	255
 42863	71	41	26	85	89	79	8	255
 42909	67	42	26	85	89	68	8	255
 42954	62	42	26	85	89	62	8	255
 42999	58	42	26	85	89	58	0	255
 43045	55	43	26	85	89	60	0	255
 43090	53	42	26	85	89	61	0	255
 43135	52	42	26	85	89	60	0	255
 43181	51	42	26	85	89	61	0	255
 43226	50	42	26	85	89	61	0	255
 43271	49	42	26	85	89	61	0	255
 43317	49	42	26	85	89	64	0	255
 43362	48	42	26	85	89	64	0	255
 43407	48	42	26	85	89	65	0	255
 43453	48	41	26	85	89	65	0	255
 43498	47	41	26	85	89	66	0	255
 43543	47	41	26	85	89	67	0	255
 43589	47	41	26	85	89	66	0	255
 43634	46	41	26	85	89	66	0	255
 43680	46	41	26	85	89	70	8	255
 43770	52	39	26	85	89	70	8	255
 43816	54	40	26	85	89	70	8	255
 43861	55	41	26	85	89	68	8	255
 43906	55	42	26	85	89	70	8	255
 43952	55	42	26	85	89	71	8	255
 43997	56	43	26	85	89	68	8	255
 44042	56	43	27	85	89	65	8	255
 44088	55	43	27	85	89	64	0	255
 44133	54	43	27	85	89	62	0	255
 44178	53	43	27	84	89	62	0	255
 44224	53	43	27	84	89	61	0	255
 44269	52	43	27	84	89	61	0	255
 44314	52	43	27	84	89	60	0	255
 44364	51	42	27	84	89	60	0	255
 44405	51	42	27	84	89	61	0	255
 44450	50	42	27	84	89	60	0	255
 44496	50	42	27	84	89	60	0	255
 44541	50	42	27	84	89	61	0	255
 44587	49	42	27	84	89	58	0	255
 44632	49	41	27	84	89	60	0	255
 44677	49	41	27	84	89	61	0	255
 44723	48	41	27	84	89	60	0	255
 44768	48	41	27	84	89	62	0	255
 44813	48	41	27	84	89	62	0	255
 44859	47	41	27	84	89	61	0	255
 44904	47	41	27	84	89	61	0	255
 44949	47	40	27	84	89	61	0	255
 44995	46	40	27	84	89	61	0	255
 45040	46	40	27	84	89	62	0	255
 45085	46	40	27	84	89	62	0	255
 45131	46	40	27	84	89	62	0	255
 45176	45	40	27	84	89	60	0	255
 45221	45	40	27	84	89	61	0	255
 45267	45	39	27	84	89	62	0	255
 45312	44	39	27	84	89	61	0	255
 45358	44	39	27	84	89	62	0	255
 45403	44	39	27	84	89	64	0	255
 45448	44	39	27	84	89	61	0	255
 45494	43	39	27	84	89	64	0	255
 45539	43	39	27	84	89	62	0	255
 45584	43	39	27	84	89	62	0	255
 45630	43	38	27	84	89	62	0	255
 45675	42	38	27	84	89	62	0	255
 45721	42	38	27	84	89	62	0	255
 45766	42	38	27	84	89	62	0	255
 45811	42	38	27	84	89	62	0	255
 45856	41	38	27	84	89	64	0	255
 45902	41	38	27	84	89	62	0	255
 45952	41	38	27	84	89	62	0	255
 45992	41	38	27	84	89	64	0	255
 46039	41	37	27	84	89	64	0	255
 46083	40	37	27	84	89	61	0	255
 46129	40	37	27	84	89	64	0	255
 46174	40	37	27	84	89	62	0	255
 46219	40	37	27	84	89	62	0	255
 46265	40	37	27	84	89	62	0	255
 46310	40	37	27	84	89	62	0	255
 46355	39	37	28	84	89	61	0	255
 46401	39	37	27	84	89	61	0	255
 46446	39	37	27	84	89	62	0	255
 46495	39	36	28	84	89	61	0	255
 46537	39	36	28	84	89	60	0	255
 46582	39	36	28	84	89	61	0	255
 46627	38	36	28	84	89	62	0	255
 46673	38	36	28	84	89	61	0	255
 46718	38	36	28	84	89	60	0	255
 46763	38	36	28	84	89	62	0	255
 46809	38	36	28	84	89	62	0	255
 46854	38	36	28	84	89	62	0	255
 46899	38	36	28	84	89	62	0	255
 46945	37	36	28	84	89	61	0	255
 46990	37	36	28	84	89	60	0	255
 47036	37	36	28	84	89	62	0	255
 47126	37	35	28	84	89	60	0	255
 47172	37	35	28	84	89	61	0	255
 47217	37	35	28	84	89	61	0	255
 47262	37	35	28	84	89	61	0	255
 47308	36	35	28	84	89	58	0	255
 47353	36	35	28	84	89	58	0	255
 47398	36	35	28	84	89	61	0	255
 47444	36	35	28	84	89	61	0	255
 47489	36	35	28	84	89	60	0	255
 47534	36	35	28	84	89	58	0	255
 47580	36	35	28	84	89	58	0	255
 47625	36	35	28	84	89	61	0	255
 47670	36	35	28	84	89	60	0	255
 47716	36	35	28	84	89	61	0	255
 47761	36	35	28	84	89	61	0	255
 47807	35	35	28	84	89	60	0	255
 47852	35	34	28	84	89	62	0	255
 47897	35	34	28	84	89	60	0	255
 47943	35	34	28	84	89	61	0	255
 47988	35	34	28	84	89	62	0	255
 48033	35	34	28	84	89	61	0	255
 48079	35	34	28	84	89	61	0	255
 48124	35	34	28	84	89	64	0	255
 48169	35	34	28	84	89	64	0	255
 48215	35	34	28	84	89	64	0	255
 48260	35	34	28	84	89	64	0	255
 48305	35	34	28	84	89	64	0	255
 48351	35	34	28	84	89	62	0	255
 48396	34	34	28	84	89	64	0	255
 48441	34	34	28	84	89	62	0	255
 48487	34	34	28	84	89	62	0	255
 48532	34	34	28	84	89	62	0	255
 48578	34	34	28	84	89	64	0	255
 48623	34	34	28	84	89	62	0	255
 48668	34	34	28	84	89	62	0	255
 48714	34	34	28	84	89	61	0	255
 48759	34	34	28	84	89	62	0	255
 48804	34	33	28	84	89	62	0	255
 48850	34	33	28	84	89	62	0	255
 48895	34	33	28	84	89	60	0	255
 48940	34	33	28	84	89	60	0	255
 48989	34	33	28	84	89	61	0	255
 49031	34	33	28	84	89	62	0	255
 49076	34	33	28	84	89	61	0	255
 49122	34	33	28	84	89	62	0	255
 49167	34	33	28	84	89	62	0	255
 49212	33	33	28	84	89	61	0	255
 49258	33	33	28	84	89	60	0	255
 49303	33	33	28	84	89	62	0	255
 49349	33	33	28	84	89	61	0	255
 49394	33	33	28	84	89	60	0	255
 49439	33	33	28	84	89	60	0	255
 49485	33	33	28	84	89	58	0	255
 49530	33	33	28	84	89	58	0	255
 49621	33	33	28	84	89	60	0	255
 49667	33	33	28	84	89	58	0	255
 49711	33	33	28	84	89	58	0	255
 49757	33	33	28	84	89	58	0	255
 49802	33	33	28	84	89	58	0	255
 49851	33	33	28	84	89	57	0	255
 49893	33	33	28	84	89	57	0	255
 49938	33	33	28	84	89	56	0	255
 49983	33	33	28	84	89	57	0	255
 50029	33	33	28	84	89	57	0	255
 50074	33	33	28	84	89	58	0	255
 50120	33	32	28	84	89	56	0	255
 50165	33	32	28	84	89	56	0	255
 50210	33	32	28	84	89	56	0	255
 50256	33	32	28	84	89	54	0	255
 50301	33	32	28	84	89	57	0	255
 50346	33	32	28	84	89	56	0	255
 50392	33	32	28	84	89	57	0	255
 50437	32	32	28	84	89	54	0	255
 50528	32	32	28	84	89	54	0	255
 50573	32	32	28	84	89	56	0	255
 50618	32	32	28	84	89	57	0	255
 50664	32	32	28	84	89	57	0	255
 50709	32	32	28	84	89	57	0	255
 50754	32	32	28	84	89	57	0	255
 50800	32	32	28	84	89	60	0	255
 50845	32	32	28	84	89	57	0	255
 50890	32	32	28	84	89	57	0	255
 50936	32	32	28	84	89	57	0	255
 50981	32	32	28	84	89	60	0	255
 51027	32	32	28	84	89	58	0	255
 51072	32	32	28	84	89	61	0	255
 51117	32	32	28	84	89	58	0	255
 51163	32	32	29	84	89	60	0	255
 51208	32	32	29	84	89	57	0	255
 51256	32	32	28	84	89	60	0	255
 51302	32	32	28	84	88	58	0	255
 51344	32	32	29	84	88	58	0	255
 51435	32	32	29	84	88	57	0	255
 51480	32	32	29	84	88	57	0	255
 51525	32	32	29	84	88	58	0	255
 51571	32	32	29	84	88	56	0	255
 51662	32	32	29	84	88	56	0	255
 51707	32	32	29	84	88	56	0	255
 51752	32	32	29	84	88	56	0	255
 51798	32	32	29	84	88	57	0	255
 51843	32	32	29	84	88	56	0	255
 51888	32	32	29	84	88	56	0	255
 51979	32	32	29	84	88	58	0	255
 52024	32	32	29	84	88	56	0	255
 52070	32	32	29	84	88	58	0	255
 52115	32	32	29	84	88	58	0	255
 52160	32	32	29	84	88	58	0	255
 52209	32	32	29	84	88	57	0	255
 52251	32	32	29	84	88	56	0	255
 52296	32	32	29	84	88	58	0	255
 52342	32	32	29	84	88	58	0	255
 52387	32	32	29	84	88	57	0	255
 52433	32	32	29	84	88	57	0	255
 52478	32	32	29	84	88	57	0	255
 52523	32	32	29	84	88	57	0	255
 52569	32	32	29	84	88	54	0	255
 52614	32	32	29	84	88	57	0	255
 52659	32	32	29	84	88	56	0	255
 52705	32	32	29	84	88	54	0	255
 52750	32	32	29	84	88	56	0	255
 52795	32	32	29	84	88	57	0	255
 52841	32	32	29	84	88	56	0	255
 52886	32	32	29	84	88	56	0	255
 52931	31	32	29	84	88	56	0	255
 52977	32	31	29	84	88	56	0	255
 53022	31	32	29	84	88	56	0	255
 53068	32	32	29	84	88	56	0	255
 53113	32	32	29	84	88	54	0	255
 53162	31	31	29	84	88	56	0	255
 53204	31	31	29	84	88	56	0	255
 53249	31	31	29	84	88	54	0	255
 53294	31	31	29	84	88	54	0	255
 53340	31	31	29	84	88	54	0	255
 53385	31	31	29	84	88	54	0	255
 53430	31	31	29	84	88	56	0	255
 53476	31	31	29	84	88	53	0	255
 53521	31	31	29	84	88	54	0	255
 53566	31	31	29	84	88	54	0	255
 53612	31	31	29	84	88	54	0	255
 53657	31	31	29	84	88	53	0	255
 53702	31	31	29	84	88	54	0	255
 53748	31	31	29	84	88	54	0	255
 53793	31	31	29	84	88	54	0	255
 53839	31	31	29	84	88	54	0	255
 53884	31	31	29	84	88	54	0	255
 53929	31	31	29	84	88	53	0	255
 53975	31	31	29	84	88	54	0	255
 54020	31	31	29	84	88	56	0	255
 54065	31	31	29	84	88	56	0	255
 54111	31	31	29	84	88	56	0	255
 54156	31	31	29	84	88	54	0	255
 54205	31	31	29	83	88	57	0	255
 54247	31	31	29	84	88	54	0	255
 54292	31	31	29	84	88	54	0	255
 54337	31	31	29	83	88	54	0	255
 54383	31	31	29	84	88	54	0	255
 54428	31	31	29	83	88	54	0	255
 54473	31	31	29	84	88	53	0	255
 54519	31	31	29	84	88	53	0	255
 54564	31	31	29	83	88	53	0	255
 54610	31	31	29	83	88	53	0	255
 54655	31	31	29	83	88	54	0	255
 54700	31	31	29	83	88	53	0	255
 54746	31	31	29	83	88	53	0	255
 54791	31	31	29	83	88	53	0	255
 54836	31	31	29	83	88	52	0	255
 54882	31	31	29	83	88	51	0	255
 54927	31	31	29	83	88	52	0	255
 54972	31	31	29	83	88	51	0	255
 55018	31	31	29	83	88	52	0	255
 55108	31	31	29	83	88	52	0	255
 55154	31	31	29	83	88	52	0	255
 55199	31	31	29	83	88	51	0	255
 55244	31	31	29	83	88	51	0	255
 55290	31	31	29	83	88	51	0	255
 55335	31	31	29	83	88	51	0	255
 55426	31	31	29	83	88	50	0	255
 55471	31	31	29	83	88	48	0	255
 55517	31	31	29	83	88	50	0	255
 55562	31	31	29	83	88	50	0	255
 55607	31	31	29	83	88	50	0	255
 55653	31	31	29	83	88	48	0	255
 55698	31	31	29	83	88	50	0	255
 55743	31	31	29	83	88	50	0	255
 55789	31	31	29	83	88	50	0	255
 55834	31	31	29	83	88	48	0	255
 55879	31	31	29	83	88	47	0	255
 55925	31	31	29	83	88	48	0	255
 55970	31	31	29	83	88	47	0	255
 56015	31	31	29	83	88	47	0	255
 56061	31	31	29	83	88	48	0	255
 56106	31	31	29	83	88	46	0	255
 56152	31	31	29	83	88	47	0	255
 56198	31	31	29	83	88	46	0	255
 56242	31	31	29	83	88	45	0	255
 56288	31	31	29	83	88	45	0	255
 56333	31	31	29	83	88	45	0	255
 56378	31	31	29	83	88	45	0	255
 56424	31	31	29	83	88	45	0	255
 56469	31	31	29	83	88	45	0	255
 56514	31	31	29	83	88	44	0	255
 56560	31	31	29	83	88	44	0	255
 56605	31	31	29	83	88	44	0	255
 56650	31	31	29	83	88	42	0	255
 56696	31	31	29	83	88	44	0	255
 56741	31	31	29	83	88	42	0	255
 56787	31	31	29	83	88	42	0	255
 56832	31	31	29	83	88	41	0	255
 56877	31	31	29	83	88	42	0	255
 56923	31	31	29	83	88	42	0	255
 56968	31	31	29	83	88	42	0	255
 57059	31	31	29	83	88	40	0	255
 57104	31	31	29	83	88	40	0	255
 57149	31	31	29	83	88	38	0	255
 57195	31	31	29	83	88	38	0	255
 57240	31	31	29	83	88	38	0	255
 57289	31	31	29	83	88	38	0	255
 57331	31	31	29	83	88	38	0	255
 57376	31	31	29	83	88	38	0	255
 57421	31	31	29	83	88	37	0	255
 57467	31	31	29	83	88	37	0	255
 57512	31	31	29	83	88	37	0	255
 57648	31	31	29	83	88	37	0	255
 57739	31	31	29	83	88	36	0	255
 57784	31	31	29	83	88	36	0	255
 57830	31	31	29	83	88	35	0	255
 57875	31	31	29	83	88	36	0	255
 57920	31	31	30	83	88	37	0	255
 57966	31	31	30	83	88	36	0	255
 58011	31	31	29	83	88	34	0	255
 58056	31	31	30	83	88	35	0	255
 58102	31	31	30	83	88	35	0	255
 58147	31	31	30	83	88	34	0	255
 58192	31	31	30	83	88	34	0	255
 58238	31	31	30	83	88	34	0	255
 58283	31	31	30	83	88	34	0	255
 58328	31	31	30	83	88	34	0	255
 58419	31	31	30	83	88	34	0	255
 58465	31	31	30	83	88	34	0	255
 58510	31	31	30	83	88	32	0	255
 58555	31	31	30	83	88	31	0	255
 58601	31	31	30	83	88	32	0	255
 58691	31	31	30	83	88	31	0	255
 58737	31	31	30	83	88	30	0	255
 58782	31	31	30	83	88	30	0	255
 58827	31	31	30	83	88	31	0	255
 58873	31	31	30	83	88	30	0	255
 58918	31	31	30	83	88	30	0	255
 58963	31	31	30	83	88	31	0	255
 59009	31	31	30	83	88	30	0	255
 59054	31	31	30	83	88	30	0	255
 59099	31	31	30	83	88	29	0	255
 59145	31	31	30	83	88	30	0	255
 59190	31	31	30	83	88	30	0	255
 59236	31	31	30	83	88	29	0	255
 59281	31	31	30	83	88	29	0	255
 59326	31	31	30	83	88	28	0	255
 59372	31	31	30	83	88	29	0	255
 59417	31	31	30	83	88	28	0	255
 59462	31	31	30	83	88	28	0	255
 59508	31	31	30	83	88	28	0	255
 59553	31	31	30	83	88	26	0	255
 59598	31	31	30	83	88	28	0	255
 59644	31	31	30	83	88	26	0	255
 59689	31	31	30	83	88	26	0	255
 59734	31	31	30	83	88	26	0	255
 59780	31	31	30	83	88	26	0	255
 59825	31	31	30	83	88	28	0	255
 59871	31	31	30	83	88	26	0	255
 59916	31	31	30	83	88	25	0	255
 59962	31	31	30	83	88	25	0	255
 60011	31	31	30	83	88	26	0	255
 60052	31	31	30	83	88	25	0	255
 60097	31	31	30	83	88	24	0	255
 60143	31	31	30	83	88	26	0	255
 60188	31	31	30	83	88	26	0	255
 60233	31	31	30	83	88	24	0	255
 60279	31	31	30	83	88	26	0	255
 60324	31	31	30	83	88	25	0	255
 60369	31	31	30	83	88	25	0	255
 60415	31	31	30	83	88	25	0	255
 60460	31	31	30	83	88	25	0	255
 60505	31	31	30	83	88	25	0	255
 60551	31	31	30	83	88	23	0	255
 60596	31	31	30	83	88	24	0	255
 60641	31	31	30	83	88	24	0	255
 60687	31	31	30	83	88	24	0	255
 60732	31	31	30	83	88	23	0	255
 60823	31	31	30	83	88	23	0	255
 60868	31	31	30	83	88	23	0	255
 60914	31	31	30	83	88	22	0	255
 60959	31	31	30	83	88	23	0	255
 61008	31	31	30	83	88	23	0	255
 61050	31	31	30	83	88	23	0	255
 61095	31	31	30	83	88	22	0	255
 61140	31	31	30	83	88	22	0	255
 61186	31	31	30	83	88	23	0	255
 61231	31	31	30	83	88	20	0	255
 61276	31	31	30	83	88	23	0	255
 61322	31	31	30	83	88	22	0	255
 61367	31	31	30	83	88	22	0	255
 61412	31	31	30	83	88	22	0	255
 61458	31	31	30	83	88	22	0	255
 61503	31	31	30	83	88	22	0	255
 61549	31	31	30	83	88	20	0	255
 61594	31	31	30	83	88	22	0	255
 61639	31	31	30	83	88	22	0	255
 61685	31	31	30	83	88	22	0	255
 61730	31	31	30	83	88	20	0	255
 61775	31	31	30	83	88	20	0	255
 61821	31	31	30	83	88	19	0	255
 61866	31	31	30	83	88	20	0	255
 61911	31	31	30	83	88	20	0	255
 61960	31	31	30	83	88	20	0	255
 62002	31	31	30	83	88	19	0	255
 62047	31	31	30	83	88	20	0	255
 62093	31	31	30	83	88	19	0	255
 62138	31	31	30	83	88	20	0	255
 62229	31	31	30	83	88	18	0	255
 62274	31	31	30	83	88	19	0	255
 62320	31	31	30	83	88	19	0	255
 62365	31	31	30	83	88	19	0	255
 62410	31	31	30	83	88	19	0	255
 62456	31	31	30	83	88	19	0	255
 62505	31	31	30	83	88	19	0	255
 62546	31	31	30	83	88	18	0	255
 62592	31	31	30	83	88	17	0	255
 62637	31	31	30	83	88	19	0	255
 62682	31	31	30	83	88	19	0	255
 62728	31	31	30	83	88	18	0	255
 62773	31	31	30	83	88	18	0	255
 62818	31	31	30	83	88	18	0	255
 62864	31	31	30	83	88	18	0	255
 62909	31	31	30	83	88	17	0	255
 62955	31	31	30	83	88	18	0	255
 63000	31	31	30	83	88	18	0	255
 63045	31	31	30	83	87	18	0	255
 63091	31	31	30	83	87	18	0	255
 63136	31	31	30	83	88	18	0	255
 63181	31	31	30	83	87	16	0	255
 63227	31	31	30	83	87	17	0	255
 63272	31	31	30	83	87	18	0	255
 63317	31	31	30	83	87	17	0	255
 63363	31	31	30	83	87	17	0	255
 63408	31	31	30	83	87	16	0	255
 63453	31	31	30	83	87	17	0	255
 63499	31	31	30	83	87	16	0	255
 63544	31	31	30	83	87	16	0	255
 63589	31	31	30	83	87	17	0	255
 63635	31	31	30	83	87	16	0	255
 63680	31	31	30	83	87	16	0	255
 63726	31	31	30	83	87	18	0	255
 63771	31	31	30	83	87	17	0	255
 63816	31	31	30	83	87	17	0	255
 63862	31	31	30	83	87	16	0	255
 63907	31	31	30	83	87	16	0	255
 63952	31	31	30	83	87	17	0	255
 63998	31	31	30	83	87	14	0	255
 64043	31	31	30	83	87	17	0	255
 64088	31	31	30	83	87	17	0	255
 64134	31	31	30	83	87	16	0	255
 64179	31	31	30	83	87	14	0	255
 64225	31	31	30	83	87	16	0	255
 64270	31	31	30	83	87	17	0	255
 64315	31	31	30	83	87	14	0	255
 64360	31	31	30	83	87	14	0	255
 64406	31	31	30	83	87	14	0	255
 64451	31	31	30	83	87	14	0	255
 64497	31	31	30	83	87	14	0	255
 64542	31	31	30	83	87	13	0	255
 64587	31	31	30	83	87	13	0	255
 64633	31	31	30	83	87	16	0	255
 64678	31	31	30	83	87	13	0	255
 64723	31	31	30	83	87	14	0	255
 64769	31	31	30	83	87	14	0	255
 64814	31	31	30	82	87	13	0	255
 64859	31	31	30	83	87	14	0	255
 64905	31	31	30	83	87	13	0	255
 64950	31	31	30	82	87	13	0	255
 64995	31	31	30	83	87	14	0	255
 65041	31	31	30	82	87	14	0	255
 65086	31	31	30	83	87	14	0	255
 65131	31	31	30	82	87	13	0	255
 65177	31	31	30	82	87	13	0	255
 65222	31	31	30	82	87	13	0	255
 65267	31	31	30	82	87	14	0	255
 65313	31	31	30	82	87	13	0	255
 65404	31	31	30	82	87	12	0	255
 65449	31	31	30	82	87	14	0	255
 65494	31	31	30	82	87	12	0	255
 65540	31	31	30	82	87	14	0	255
 65585	31	31	30	82	87	12	0	255
 65630	31	31	30	82	87	13	0	255
 65676	31	31	30	82	87	11	0	255
 65721	31	31	30	82	87	12	0	255
 65766	31	31	30	82	87	12	0	255
 65816	31	31	30	82	87	13	0	255
 65902	31	31	30	82	87	13	0	255
 65948	31	31	30	82	87	13	0	255
 65993	31	31	30	82	87	13	0	255
 66038	31	31	30	82	87	12	0	255
 66084	31	31	30	82	87	13	0	255
 66129	31	31	30	82	87	13	0	255
 66174	31	31	30	82	87	14	0	255
 66220	31	31	30	82	87	13	0	255
 66265	31	31	30	82	87	11	0	255
 66311	31	31	30	82	87	12	0	255
 66356	31	31	30	82	87	12	0	255
 66401	31	31	30	82	87	11	0	255
 66447	31	31	30	82	87	12	0	255
 66492	31	31	30	82	87	12	0	255
 66537	31	31	30	82	87	13	0	255
 66583	31	31	31	82	87	12	0	255
 66628	31	31	31	82	87	11	0	255
 66673	31	31	30	82	87	13	0	255
 66719	31	31	31	82	87	12	0	255
 66764	31	31	31	82	87	13	0	255
 66809	31	31	31	82	87	11	0	255
 66855	31	31	31	82	87	11	0	255
 66900	31	31	31	82	87	12	0	255
 66946	31	31	31	82	87	11	0	255
 66991	31	31	30	82	87	12	0	255
 67036	31	31	31	82	87	12	0	255
 67082	31	31	31	82	87	13	0	255
 67127	31	31	31	82	87	12	0	255
 67172	31	31	31	82	87	10	0	255
 67218	31	31	31	82	87	11	0	255
 67263	31	31	31	82	87	12	0	255
 67308	31	31	31	82	87	11	0	255
 67354	31	31	31	82	87	13	0	255
 67399	31	31	31	82	87	12	0	255
 67444	31	31	31	82	87	12	0	255
 67490	31	31	31	82	87	11	0	255
 67535	31	31	31	82	87	11	0	255
 67580	31	31	31	82	87	11	0	255
 67626	31	31	31	82	87	12	0	255
 67671	31	31	31	82	87	11	0	255
 67716	31	31	31	82	87	12	0	255
 67762	31	31	31	82	87	11	0	255
 67807	31	31	31	82	87	12	0	255
 67853	31	31	31	82	87	12	0	255
 67898	31	31	31	82	87	10	0	255
 67943	31	31	31	82	87	12	0	255
 67989	31	31	31	82	87	10	0	255
 68034	31	31	31	82	87	11	0	255
 68079	31	31	31	82	87	10	0	255
 68125	31	31	31	82	87	11	0	255
 68170	31	31	31	82	87	11	0	255
 68215	31	31	31	82	87	11	0	255
 68261	31	31	31	82	87	11	0	255
 68306	31	31	31	82	87	10	0	255
 68351	31	31	31	82	87	12	0	255
 68397	31	31	31	82	87	10	0	255
 68442	31	31	31	82	87	10	0	255
 68488	31	31	31	82	87	10	0	255
 68533	31	31	31	82	87	11	0	255
 68578	31	31	31	82	87	11	0	255
 68624	31	31	31	82	87	11	0	255
 68669	31	31	31	82	87	11	0	255
 68714	31	31	31	82	87	10	0	255
 68760	31	31	31	82	87	8	0	255
 68805	31	31	31	82	87	12	0	255
 68850	31	31	31	82	87	10	0	255
 68896	31	31	31	82	87	10	0	255
 68941	31	31	31	82	87	11	0	255
 68986	31	31	31	82	87	11	0	255
 69032	31	31	31	82	87	10	0	255
 69077	31	31	31	82	87	10	0	255
 69122	31	31	31	82	87	10	0	255
 69168	31	31	31	82	87	11	0	255
 69217	31	31	31	82	87	8	0	255
 69259	31	31	31	82	87	10	0	255
 69304	31	31	31	82	87	11	0	255
 69349	31	31	31	82	87	8	0	255
 69395	31	31	31	82	87	11	0	255
 69440	31	31	31	82	87	8	0	255
 69485	31	31	31	82	87	11	0	255
 69531	31	31	31	82	87	11	0	255
 69576	31	31	31	82	87	10	0	255
 69621	31	31	31	82	87	10	0	255
 69667	31	31	31	82	87	10	0	255
 69712	31	31	31	82	87	11	0	255
 69757	31	31	31	82	87	8	0	255
 69803	31	31	31	82	87	11	0	255
 69848	31	31	31	82	87	8	0	255
 69894	31	31	31	82	87	10	0	255
 69939	31	31	31	82	87	11	0	255
 69984	31	31	31	82	87	10	0	255
 70030	31	31	31	82	87	10	0	255
 70075	31	31	31	82	87	11	0	255
 70125	31	31	31	82	87	10	0	255
 70166	31	31	31	82	87	10	0	255
 70211	31	31	31	82	87	10	0	255
 70256	31	31	31	82	87	8	0	255
 70302	31	31	31	82	87	10	0	255
 70347	31	31	31	82	87	8	0	255
 70392	31	31	31	82	87	10	0	255
 70438	31	31	31	82	87	10	0	255
 70483	31	31	31	82	87	11	0	255
 70528	31	31	31	82	87	8	0	255
 70574	31	31	31	82	87	8	0	255
 70619	31	31	31	82	87	11	0	255
 70710	31	31	31	82	87	10	0	255
 70755	31	31	31	82	87	11	0	255
 70801	31	31	31	82	87	11	0	255
 70846	31	31	31	82	87	10	0	255
 70891	31	31	31	82	87	8	0	255
 70937	31	31	31	82	87	8	0	255
 70982	31	31	31	82	87	11	0	255
 71027	31	31	31	82	87	10	0	255
 71073	31	31	31	82	87	11	0	255
 71118	31	31	31	82	87	11	0	255
 71163	31	31	31	82	87	11	0	255
 71209	31	31	31	82	87	11	0	255
 71299	31	31	31	82	87	11	0	255
 71345	31	31	31	82	87	11	0	255
 71390	31	31	31	82	87	12	0	255
 71481	31	31	31	82	87	11	0	255
 71526	31	31	31	82	87	12	0	255
 71572	31	31	31	82	87	10	0	255
 71617	31	31	31	82	87	11	0	255
 71662	31	31	31	82	87	11	0	255
 71708	31	31	31	82	87	12	0	255
 71753	31	31	31	82	87	12	0	255
 71798	31	31	31	82	87	11	0	255
 71844	31	31	31	82	87	11	0	255
 71889	31	31	31	82	87	12	0	255
 71934	31	31	31	82	87	10	0	255
 71980	31	31	31	82	87	12	0	255
 72025	31	31	31	82	87	10	0	255
 72070	31	31	31	82	87	10	0	255
 72116	31	31	31	82	87	10	0	255
 72161	31	31	31	82	87	11	0	255
 72206	31	31	31	82	87	12	0	255
 72252	31	31	31	82	87	13	0	255
 72343	31	31	31	82	87	12	0	255
 72392	31	31	31	82	87	13	0	255
 72437	31	31	31	82	87	11	0	255
 72479	31	31	31	82	87	12	0	255
 72524	31	31	31	82	87	12	0	255
 72569	31	31	31	82	87	12	0	255
 72615	31	31	31	82	87	11	0	255
 72660	31	31	31	82	87	12	0	255
 72705	31	31	31	82	87	12	0	255
 72751	31	31	31	82	87	11	0	255
 72796	31	31	31	82	87	12	0	255
 72841	31	31	31	82	87	11	0	255
 72887	31	31	31	82	87	13	0	255
 72932	31	31	31	82	87	13	0	255
 72977	31	31	31	82	87	13	0	255
 73023	31	31	31	82	87	12	0	255
 73068	31	31	31	82	87	11	0	255
 73114	31	31	31	82	87	12	0	255
 73159	31	31	31	82	87	13	0	255
 73204	31	31	31	82	87	13	0	255
 73250	31	31	31	82	87	11	0	255
 73295	31	31	31	82	87	12	0	255
 73340	31	31	31	82	87	12	0	255
 73386	31	31	31	82	87	13	0	255
 73431	31	31	31	82	87	13	0	255
 73476	31	31	31	82	87	12	0	255
 73522	31	31	31	82	87	12	0	255
 73567	31	31	31	82	87	13	0	255
 73612	31	31	31	82	87	13	0	255
 73658	31	31	31	82	87	13	0	255
 73703	31	31	31	82	87	13	0	255
 73748	31	31	31	82	87	12	0	255
 73794	31	31	31	82	87	12	0	255
 73839	31	31	31	82	87	13	0	255
 73885	31	31	31	82	87	13	0	255
 73930	31	31	31	82	87	12	0	255
 73975	31	31	31	82	87	13	0	255
 74021	31	31	31	82	87	12	0	255
 74066	31	31	31	82	87	14	0	255
 74111	31	31	31	82	87	13	0	255
 74157	31	31	31	82	87	13	0	255
 74202	31	31	31	82	87	13	0	255
 74247	31	31	31	82	86	12	0	255
 74293	31	31	31	82	87	13	0	255
 74338	31	31	31	82	87	12	0	255
 74383	31	31	31	82	86	12	0	255
 74429	31	31	31	82	86	12	0	255
 74519	31	31	31	82	86	14	0	255
 74565	31	31	31	82	86	13	0	255
 74610	31	31	31	82	86	13	0	255
 74655	31	31	31	82	86	13	0	255
 74701	31	31	31	82	86	13	0	255
 74746	31	31	31	82	86	14	0	255
 74792	31	31	31	82	86	13	0	255
 74882	31	31	31	82	86	13	0	255
 74928	31	31	31	82	86	13	0	255
 74973	31	31	31	82	86	13	0	255
 75018	31	31	31	82	86	14	0	255
 75064	31	31	31	82	86	14	0	255
 75109	31	31	31	82	86	14	0	255
 75154	31	31	31	82	86	12	0	255
 75204	31	31	31	82	86	14	0	255
 75245	31	31	31	82	86	13	0	255
 75290	31	31	31	82	86	13	0	255
 75336	31	31	31	82	86	14	0	255
 75381	31	31	31	82	86	14	0	255
 75426	31	31	31	82	86	14	0	255
 75472	31	31	31	82	86	13	0	255
 75517	31	31	31	82	86	16	0	255
 75563	31	31	31	82	86	13	0	255
 75653	31	31	31	82	86	14	0	255
 75699	31	31	31	82	86	13	0	255
 75744	31	31	31	82	86	13	0	255
 75789	31	31	31	82	86	13	0	255
 75835	31	31	31	82	86	14	0	255
 75880	31	31	31	82	86	14	0	255
 75925	31	31	31	82	86	14	0	255
 75971	31	31	31	82	86	16	0	255
 76016	31	31	31	82	86	13	0	255
 76061	31	31	31	82	86	14	0	255
 76107	31	31	31	82	86	16	0	255
 76152	31	31	31	82	86	16	0	255
 76197	31	31	31	82	86	14	0	255
 76243	31	31	31	81	86	14	0	255
 76288	31	31	31	82	86	16	0	255
 76334	31	31	31	81	86	13	0	255
 76379	31	31	31	81	86	14	0	255
 76424	31	31	31	82	86	14	0	255
 76470	31	31	31	81	86	14	0	255
 76515	31	31	31	81	86	16	0	255
 76561	31	31	31	81	86	13	0	255
 76609	31	31	31	81	86	13	0	255
 76651	31	31	31	81	86	13	0	255
 76696	31	31	31	81	86	16	0	255
 76742	31	31	31	81	86	13	0	255
 76787	30	31	31	81	86	16	0	255
 76832	31	31	31	81	86	14	0	255
 76878	31	31	31	81	86	14	0	255
 76923	31	31	31	81	86	13	0	255
 76968	31	31	31	81	86	13	0	255
 77014	31	31	31	81	86	14	0	255
 77059	31	31	31	81	86	16	0	255
 77104	31	31	31	81	86	16	0	255
 77150	31	31	31	81	86	14	0	255
 77195	31	31	31	81	86	14	0	255
 77241	30	31	31	81	86	16	0	255
 77286	31	31	31	81	86	14	0	255
 77331	30	31	31	81	86	16	0	255
 77422	31	31	31	81	86	13	0	255
 77467	31	31	31	81	86	16	0	255
 77513	31	31	31	81	86	16	0	255
 77558	31	31	31	81	86	16	0	255
 77603	31	31	31	81	86	14	0	255
 77649	30	31	31	81	86	13	0	255
 77694	31	31	31	81	86	16	0	255
 77739	31	31	31	81	86	14	0	255
 77785	31	31	31	81	86	16	0	255
 77830	31	31	31	81	86	14	0	255
 77875	30	31	31	81	86	13	0	255
 77921	30	31	31	81	86	16	0	255
 77966	30	31	31	81	86	16	0	255
 78012	31	31	31	81	86	16	0	255
 78057	31	31	31	81	86	16	0	255
 78102	31	31	31	81	86	14	0	255
 78148	30	31	31	81	86	14	0	255
 78193	31	31	31	81	86	14	0	255
 78238	31	31	31	81	86	14	0	255
 78284	31	31	31	81	86	14	0	255
 78329	31	31	31	81	86	14	0	255
 78374	31	31	31	81	86	16	0	255
 78420	31	31	31	81	86	16	0	255
 78465	30	31	32	81	86	16	0	255
 78510	31	31	31	81	86	14	0	255
 78556	31	31	31	81	86	13	0	255
 78646	30	31	32	81	86	16	0	255
 78692	30	31	32	81	86	16	0	255
 78782	30	31	32	81	86	14	0	255
 78828	30	31	32	81	86	14	0	255
 78873	31	31	31	81	86	16	0	255
 78919	31	31	32	81	86	16	0	255
 78964	30	31	32	81	86	16	0	255
 79009	31	31	31	81	86	14	0	255
 79055	31	31	32	81	86	13	0	255
 79100	30	31	32	81	86	14	0	255
 79145	31	31	32	81	86	14	0	255
 79191	31	31	32	81	86	14	0	255
 79236	31	31	32	81	86	14	0	255
 79281	30	31	32	81	86	14	16	255
 79327	30	31	32	81	86	16	16	255
 79372	30	31	32	81	86	14	16	255
 79417	30	31	32	81	86	14	16	255
 79463	31	31	32	82	86	14	16	255
 79508	30	31	32	82	86	13	16	255
 79553	31	31	32	82	86	14	16	255
 79599	30	31	32	83	86	16	16	255
 79644	30	31	32	83	86	13	16	255
 79693	30	31	32	83	86	14	16	255
 79735	30	31	32	83	86	16	16	255
 79780	31	31	32	84	86	16	16	255
 79826	31	31	32	84	86	14	16	255
 79871	30	31	32	84	86	14	16	255
 79916	30	31	32	84	86	13	16	255
 79962	30	31	32	84	86	14	16	255
 80007	31	31	32	85	86	14	16	255
 80052	31	31	32	85	86	14	16	255
 80098	31	31	32	85	87	14	16	255
 80143	31	31	32	85	87	14	16	255
 80188	31	31	32	85	87	16	16	255
 80234	30	31	32	86	87	13	16	255
 80279	30	31	32	86	87	14	16	255
 80324	31	31	32	86	87	13	16	255
 80370	31	31	32	86	88	14	16	255
 80415	30	31	32	86	88	14	16	255
 80461	30	31	32	87	88	13	16	255
 80506	30	31	32	87	88	14	16	255
 80551	30	31	32	87	88	16	16	255
 80597	30	31	32	87	89	14	16	255
 80642	31	31	32	87	89	14	16	255
 80687	30	31	32	88	89	16	16	255
 80733	31	31	32	88	89	16	16	255
 80778	30	31	32	88	89	16	16	255
 80823	31	31	32	88	89	13	16	255
 80869	30	31	32	88	90	14	0	255
 80914	31	31	32	89	90	16	0	255
 80959	31	31	32	89	90	13	0	255
 81005	31	31	32	89	90	14	0	255
 81050	31	31	32	88	90	14	0	255
 81095	30	31	32	89	90	13	0	255
 81141	30	31	32	88	90	16	0	255
 81190	30	31	32	88	90	14	0	255
 81232	31	31	32	88	90	16	0	255
 81277	30	31	32	88	90	14	0	255
 81322	31	31	32	88	90	16	0	255
 81368	31	31	32	88	90	14	0	255
 81413	30	31	32	88	90	14	0	255
 81458	31	31	32	88	90	13	0	255
 81507	31	31	32	88	90	16	0	255
 81549	31	31	32	88	90	14	0	255
 81594	31	31	32	88	90	14	0	255
 81640	31	31	32	88	90	14	0	255
 81685	31	31	32	88	90	13	0	255
 81730	31	31	32	88	90	14	0	255
 81776	31	31	32	88	90	14	0	255
 81821	31	31	32	88	90	14	0	255
 81866	31	31	32	88	90	14	0	255
 81912	31	31	32	88	90	14	0	255
 81957	31	31	32	88	90	14	0	255
 82003	31	31	32	88	90	14	0	255
 82048	31	31	32	88	90	14	0	255
 82093	31	31	32	88	90	14	0	255
 82139	31	31	32	88	90	13	0	255
 82184	31	31	32	88	90	14	0	255
 82229	31	31	32	88	90	14	0	255
 82275	31	31	32	88	90	13	0	255
 82320	31	31	32	88	90	13	0	255
 82365	31	31	32	88	90	14	0	255
 82411	31	31	32	88	90	14	0	255
 82456	31	31	32	88	90	14	0	255
 82501	31	31	32	88	90	14	0	255
 82547	31	31	32	88	90	14	0	255
 82592	31	31	32	88	90	14	0	255
 82637	31	31	32	88	90	14	0	255
 82683	31	31	32	88	90	14	0	255
 82728	31	31	32	88	90	14	0	255
 82774	31	31	32	88	90	14	0	255
 82819	31	31	32	88	90	13	0	255
 82864	31	31	32	88	90	14	0	255
 82910	31	31	32	88	90	14	0	255
 82955	31	31	32	88	90	14	0	255
 83000	31	31	32	88	90	14	0	255
 83046	31	31	32	88	90	14	0	255
 83091	31	31	32	88	90	14	0	255
 83136	31	31	32	88	90	14	0	255
 83182	31	31	32	88	90	16	0	255
 83227	31	31	32	88	90	13	0	255
 83318	31	31	32	88	90	14	0	255
 83363	31	31	32	88	90	14	0	255
 83408	31	31	32	88	90	14	0	255
 83454	31	31	32	88	90	13	0	255
 83499	31	31	32	88	90	14	0	255
 83545	31	31	32	88	90	14	0	255
 83635	31	31	32	88	90	14	0	255
 83681	31	31	32	88	90	14	0	255
 83726	31	31	32	88	90	13	0	255
 83771	31	31	32	88	90	14	0	255
 83817	31	31	32	88	90	13	0	255
 83862	31	31	32	88	90	13	0	255
 83907	31	31	32	88	90	14	0	255
 83998	31	31	32	88	90	16	0	255
 84043	31	31	32	88	90	13	0	255
 84089	31	31	32	88	90	13	0	255
 84134	31	31	32	88	90	14	0	255
 84179	31	31	32	88	90	14	0	255
 84225	31	31	32	88	90	13	0	255
 84270	31	31	32	88	90	14	0	255
 84316	31	31	32	88	90	14	0	255
 84361	31	31	32	88	90	13	0	255
 84406	31	31	32	88	90	13	0	255
 84452	31	31	32	88	90	14	0	255
 84497	31	31	32	88	90	14	0	255
 84542	31	31	32	88	90	14	0	255
 84588	31	31	32	88	90	14	0	255
 84633	31	31	32	88	90	13	0	255
 84678	31	31	32	88	90	14	0	255
 84724	31	31	32	88	90	16	0	255
 84769	31	31	32	88	90	16	0	255
 84814	31	31	32	88	90	14	0	255
 84860	31	31	32	88	90	13	0	255
 84905	31	31	32	88	90	12	0	255
 84950	31	31	32	88	90	14	0	255
 84996	31	31	32	88	90	14	0	255
 85041	31	31	32	88	90	14	0	255
 85087	31	31	32	88	90	14	0	255
 85132	31	31	32	88	90	14	0	255
 85177	31	31	32	88	90	14	0	255
 85223	31	31	32	88	90	14	0	255
 85268	31	31	32	88	90	13	0	255
 85313	31	31	32	88	90	13	0	255
 85359	31	31	32	88	90	13	0	255
 85404	31	31	32	88	90	12	0	255
 85449	31	31	32	88	90	14	0	255
 85495	31	31	32	88	90	12	0	255
 85540	31	31	32	88	90	13	0	255
 85585	31	31	32	88	90	14	0	255
 85631	31	31	32	88	90	13	0	255
 85679	31	31	32	88	90	13	0	255
 85721	31	31	32	88	90	14	0	255
 85767	31	31	32	88	90	13	0	255
 85812	31	31	32	88	90	14	0	255
 85858	31	31	32	88	90	14	0	255
 85903	31	31	32	88	90	13	0	255
 85948	31	31	32	88	90	14	0	255
 85994	31	31	32	88	90	14	0	255
 86039	31	31	32	88	90	13	0	255
 86084	31	31	32	88	90	13	0	255
 86130	31	31	32	88	90	13	0	255
 86175	31	31	32	88	90	14	0	255
 86220	31	31	32	88	90	13	0	255
 86266	31	31	32	88	90	14	0	255
 86311	31	31	32	88	90	14	0	255
 86356	31	31	32	88	90	12	0	255
