HomeCentral
 Falkenstrasse 20
 8630 Rueti
 Datum: 02.06.14 00:00
 
 Startzeit: 2014-06-02 00:00:24 +0100
 69	60	58	91	149	163	28	0	255
 115	60	58	91	149	163	28	0	255
 160	60	58	90	149	163	28	0	255
 205	60	58	90	149	163	29	0	255
 251	60	58	90	149	163	30	0	255
 296	60	58	90	149	163	29	0	255
 341	60	58	90	149	163	29	0	255
 387	60	58	89	149	163	29	0	255
 432	60	58	89	149	163	29	0	255
 478	60	58	89	149	163	29	0	255
 523	60	58	89	149	163	29	0	255
 568	60	58	89	149	163	29	0	255
 614	60	58	89	149	163	28	0	255
 660	60	58	88	149	163	29	0	255
 704	60	58	88	149	163	28	0	255
 750	60	58	88	149	163	29	0	255
 795	60	58	88	149	163	29	0	255
 841	60	58	88	149	163	26	0	255
 886	60	58	88	149	163	28	0	255
 931	60	58	88	149	163	28	0	255
 976	60	58	87	149	163	29	0	255
 1022	60	58	87	149	163	28	0	255
 1067	60	58	87	149	163	29	0	255
 1112	60	58	87	149	163	28	0	255
 1158	60	58	87	149	163	29	0	255
 1203	60	58	87	149	163	28	0	255
 1249	60	58	87	149	163	29	0	255
 1294	60	58	87	149	163	28	0	255
 1339	60	58	87	149	163	28	0	255
 1385	60	58	86	149	163	28	0	255
 1430	60	58	86	149	163	28	0	255
 1475	60	58	86	149	163	26	0	255
 1521	60	58	86	149	163	26	0	255
 1566	60	58	86	149	163	28	0	255
 1611	60	58	86	149	163	28	0	255
 1657	60	58	86	149	163	28	0	255
 1702	60	58	86	149	163	28	0	255
 1747	60	58	86	149	163	28	0	255
 1793	60	58	86	149	163	28	0	255
 1838	60	58	86	149	162	28	0	255
 1883	60	58	86	149	163	26	0	255
 1929	60	58	85	149	162	28	0	255
 1974	60	58	85	149	162	29	0	255
 2019	60	58	85	149	162	26	0	255
 2065	60	58	85	149	162	25	0	255
 2110	60	58	85	149	162	28	0	255
 2156	60	58	85	149	162	26	0	255
 2201	60	58	85	149	162	25	0	255
 2246	60	58	85	149	162	26	0	255
 2292	60	58	85	149	162	28	0	255
 2337	60	58	85	149	162	28	0	255
 2382	60	58	85	149	162	26	0	255
 2428	60	58	85	149	162	26	0	255
 2473	60	58	85	149	162	25	0	255
 2518	60	58	85	149	162	25	0	255
 2564	60	58	84	149	162	26	0	255
 2609	60	58	84	149	162	28	0	255
 2654	60	58	84	149	162	25	0	255
 2700	60	58	84	149	162	25	0	255
 2745	60	58	84	149	162	25	0	255
 2790	60	58	84	149	162	26	0	255
 2836	60	58	84	149	162	26	0	255
 2881	60	58	84	149	162	26	0	255
 2926	60	58	84	149	162	26	0	255
 2972	60	58	84	149	162	25	0	255
 3017	60	58	84	149	162	28	0	255
 3063	60	58	84	149	162	26	0	255
 3108	60	58	84	149	162	26	0	255
 3153	60	58	84	149	162	26	0	255
 3199	60	58	84	149	162	26	0	255
 3244	60	58	84	149	162	28	0	255
 3289	60	58	84	149	162	25	0	255
 3335	60	58	84	149	162	26	0	255
 3380	60	58	84	149	162	28	0	255
 3425	60	58	84	149	162	26	0	255
 3471	60	58	84	149	162	26	0	255
 3516	60	58	83	149	162	26	0	255
 3561	60	58	83	149	162	25	0	255
 3607	60	58	83	149	162	26	0	255
 3652	60	58	83	149	162	28	0	255
 3697	60	58	83	149	162	26	0	255
 3743	60	58	83	149	162	26	0	255
 3788	60	58	83	149	162	28	0	255
 3833	60	58	83	149	162	25	0	255
 3879	60	58	83	149	162	26	0	255
 3924	60	58	83	149	162	25	0	255
 3969	60	58	83	149	162	26	0	255
 4015	60	58	83	149	162	28	0	255
 4060	60	58	83	149	162	25	0	255
 4106	60	58	83	149	162	26	0	255
 4151	60	58	83	149	162	28	0	255
 4197	60	58	83	149	162	26	0	255
 4242	60	58	83	149	162	26	0	255
 4287	60	58	83	149	162	28	0	255
 4332	60	58	83	149	162	28	0	255
 4378	60	58	83	149	162	28	0	255
 4423	60	58	83	149	162	28	0	255
 4468	60	58	83	149	162	26	0	255
 4514	60	58	83	149	162	26	0	255
 4560	60	58	83	149	162	28	0	255
 4604	60	57	83	149	162	26	0	255
 4650	60	58	83	149	162	26	0	255
 4695	60	58	83	149	162	28	0	255
 4740	60	58	83	149	162	28	0	255
 4786	60	57	83	149	162	28	0	255
 4831	60	57	83	149	162	28	0	255
 4876	60	58	83	149	162	28	0	255
 4922	60	57	83	149	162	28	0	255
 4967	59	57	83	149	162	28	0	255
 5013	60	57	82	149	162	28	0	255
 5058	60	57	82	149	162	28	0	255
 5103	60	57	82	149	162	28	0	255
 5149	59	57	82	149	162	29	0	255
 5194	59	57	82	149	162	29	0	255
 5239	59	57	82	149	162	26	0	255
 5285	59	57	82	149	162	26	0	255
 5330	59	57	82	149	162	26	0	255
 5375	59	57	82	149	162	28	0	255
 5421	59	57	82	149	162	28	0	255
 5466	59	57	82	149	162	26	0	255
 5511	59	57	82	149	162	26	0	255
 5557	59	57	82	149	162	26	0	255
 5602	59	57	82	149	162	26	0	255
 5647	59	57	82	149	162	28	0	255
 5693	59	57	82	149	162	28	0	255
 5738	59	57	82	149	162	26	0	255
 5783	59	57	82	149	162	28	0	255
 5829	59	57	82	149	162	28	0	255
 5874	59	57	82	149	162	28	0	255
 5920	59	57	82	149	162	28	0	255
 5965	59	57	82	149	162	28	0	255
 6010	59	57	82	149	162	28	0	255
 6056	59	57	82	149	162	28	0	255
 6101	59	57	82	149	162	26	0	255
 6146	59	57	82	149	161	28	0	255
 6192	59	57	82	149	161	26	0	255
 6237	59	57	82	149	161	28	0	255
 6282	59	57	82	149	161	26	0	255
 6328	59	57	82	149	161	29	0	255
 6373	59	57	82	149	161	26	0	255
 6418	59	57	82	149	161	28	0	255
 6464	59	57	82	149	161	28	0	255
 6509	59	57	82	149	161	28	0	255
 6554	59	57	82	149	161	26	0	255
 6600	59	57	82	149	161	26	0	255
 6645	59	57	82	149	161	28	0	255
 6690	59	57	82	149	161	26	0	255
 6736	59	57	82	149	161	28	0	255
 6781	59	57	82	149	161	28	0	255
 6826	59	57	82	149	161	26	0	255
 6872	59	57	82	149	161	26	0	255
 6917	59	57	82	149	161	26	0	255
 6963	59	57	82	149	161	28	0	255
 7062	59	57	82	149	161	26	0	255
 7132	59	57	82	149	161	28	0	255
 7155	59	57	82	149	161	26	0	255
 7189	59	57	82	149	161	28	0	255
 7235	59	57	82	149	161	26	0	255
 7280	59	57	82	149	161	26	0	255
 7325	59	57	82	149	161	25	0	255
 7371	59	57	82	149	161	26	0	255
 7416	59	57	82	149	161	25	0	255
 7461	59	57	82	149	161	25	0	255
 7507	59	57	82	149	161	26	0	255
 7552	59	57	82	148	161	26	0	255
 7597	59	57	82	148	161	26	0	255
 7643	59	57	82	148	161	26	0	255
 7688	59	57	82	148	161	26	0	255
 7733	59	57	82	149	161	25	0	255
 7779	59	57	82	148	161	28	0	255
 7824	59	57	81	148	161	28	0	255
 7869	59	57	81	148	161	26	0	255
 7915	59	57	81	148	161	26	0	255
 7960	59	57	81	148	161	26	0	255
 8006	59	57	81	148	161	26	0	255
 8051	59	57	81	148	161	26	0	255
 8096	59	57	81	148	161	25	0	255
 8142	59	57	81	148	161	26	0	255
 8187	59	57	81	148	161	25	0	255
 8232	59	57	81	148	161	26	0	255
 8278	59	57	81	148	161	26	0	255
 8323	59	57	81	148	161	26	0	255
 8368	59	57	81	148	161	25	0	255
 8414	59	57	81	148	161	26	0	255
 8459	59	57	81	148	161	25	0	255
 8504	59	57	81	148	161	26	0	255
 8550	59	57	81	148	161	25	0	255
 8598	59	57	81	148	161	25	0	255
 8643	59	57	81	148	161	26	0	255
 8686	59	57	81	148	161	26	0	255
 8731	59	57	81	148	161	25	0	255
 8776	59	57	81	148	161	25	0	255
 8822	59	57	81	148	161	25	0	255
 8867	59	57	81	148	161	24	0	255
 8913	59	57	81	148	161	24	0	255
 8958	59	57	81	148	161	24	0	255
 9003	59	57	81	148	161	24	0	255
 9049	59	57	81	148	161	24	0	255
 9094	59	57	81	148	161	24	0	255
 9139	59	57	81	148	161	24	0	255
 9185	59	57	81	148	161	25	0	255
 9230	59	57	81	148	161	24	0	255
 9275	59	57	81	148	161	25	0	255
 9321	59	57	81	148	161	24	0	255
 9366	59	57	81	148	161	25	0	255
 9411	59	57	81	148	161	24	0	255
 9457	59	57	81	148	161	24	0	255
 9502	59	57	81	148	161	23	0	255
 9547	59	57	81	148	161	25	0	255
 9593	59	57	81	148	161	24	0	255
 9638	59	57	81	148	161	24	0	255
 9683	59	57	81	148	161	23	0	255
 9729	59	57	81	148	161	23	0	255
 9774	59	57	81	148	161	23	0	255
 9819	59	57	81	148	161	24	0	255
 9865	59	57	81	148	161	22	0	255
 9910	59	57	81	148	161	22	0	255
 9956	59	57	81	148	161	23	0	255
 10001	59	57	81	148	161	23	0	255
 10046	59	57	81	148	161	23	0	255
 10092	59	57	81	148	161	23	0	255
 10137	59	57	81	148	161	22	0	255
 10182	59	57	81	148	161	23	0	255
 10228	59	57	81	148	161	23	0	255
 10273	59	57	81	148	161	24	0	255
 10318	59	57	81	148	161	22	0	255
 10364	59	57	81	148	161	22	0	255
 10409	59	57	81	148	161	23	0	255
 10454	59	57	81	148	161	23	0	255
 10500	59	57	81	148	160	22	0	255
 10545	59	57	81	148	160	22	0	255
 10590	59	57	81	148	160	22	0	255
 10636	59	57	81	148	160	23	0	255
 10681	59	57	81	148	160	20	0	255
 10727	59	57	81	148	160	22	0	255
 10772	59	57	81	148	160	22	0	255
 10817	59	57	81	148	160	22	0	255
 10863	59	57	81	148	160	22	0	255
 10908	59	57	81	148	160	20	0	255
 10953	59	57	81	148	160	22	0	255
 10999	59	57	81	148	160	20	0	255
 11044	59	57	81	148	160	22	0	255
 11089	59	57	81	148	160	22	0	255
 11135	59	57	81	148	160	22	0	255
 11180	59	57	81	148	160	20	0	255
 11225	59	57	81	148	160	20	0	255
 11271	59	57	81	148	160	20	0	255
 11316	59	57	81	148	160	22	0	255
 11361	59	57	81	148	160	20	0	255
 11407	59	57	81	148	160	20	0	255
 11452	59	57	81	148	160	22	0	255
 11497	59	57	81	148	160	20	0	255
 11543	59	57	81	148	160	20	0	255
 11588	59	57	81	148	160	20	0	255
 11633	59	57	81	148	160	20	0	255
 11679	59	57	81	148	160	22	0	255
 11724	59	57	81	148	160	20	0	255
 11770	59	57	81	148	160	20	0	255
 11815	59	57	81	148	160	22	0	255
 11860	59	57	81	148	160	20	0	255
 11906	59	57	81	148	160	20	0	255
 11951	59	57	81	148	160	20	0	255
 11996	59	57	81	148	160	19	0	255
 12042	59	57	81	148	160	20	0	255
 12087	59	57	81	148	160	20	0	255
 12132	59	57	81	148	160	19	0	255
 12178	59	57	81	148	160	20	0	255
 12223	59	57	81	148	160	20	0	255
 12268	59	57	81	148	160	20	0	255
 12314	59	57	81	148	160	20	0	255
 12359	59	57	81	148	160	20	0	255
 12404	59	57	81	148	160	20	0	255
 12450	59	57	81	148	160	20	0	255
 12495	59	57	81	148	160	19	0	255
 12540	59	57	81	148	160	19	0	255
 12586	59	57	81	148	160	19	0	255
 12631	59	57	81	148	160	19	0	255
 12677	59	57	81	148	160	20	0	255
 12722	59	57	81	148	160	20	0	255
 12767	59	57	81	148	160	19	0	255
 12813	59	57	81	148	160	19	0	255
 12858	59	57	81	148	160	20	0	255
 12903	59	57	81	148	160	19	0	255
 12949	59	57	81	148	160	20	0	255
 12994	59	57	81	148	160	19	0	255
 13039	59	57	81	148	160	19	0	255
 13085	59	57	81	148	160	19	0	255
 13130	59	57	81	148	160	19	0	255
 13175	59	57	81	148	160	20	0	255
 13221	59	57	81	148	160	19	0	255
 13266	59	57	81	148	160	20	0	255
 13311	59	57	81	148	160	19	0	255
 13357	59	57	81	148	160	19	0	255
 13402	59	57	81	148	160	19	0	255
 13447	59	57	81	148	160	19	0	255
 13493	59	57	81	148	160	19	0	255
 13538	59	57	81	148	160	19	0	255
 13584	59	57	81	148	160	18	0	255
 13629	59	57	81	148	160	20	0	255
 13674	59	57	81	148	160	19	0	255
 13720	59	57	81	148	160	20	0	255
 13765	59	57	81	148	160	19	0	255
 13810	59	57	81	148	160	19	0	255
 13856	59	57	81	148	160	19	0	255
 13901	59	57	81	148	160	19	0	255
 13946	59	57	81	148	160	19	0	255
 13992	59	57	81	148	160	19	0	255
 14037	59	56	81	148	160	19	0	255
 14082	59	57	81	148	160	19	0	255
 14128	59	57	81	148	160	19	0	255
 14173	59	56	81	148	160	19	0	255
 14218	59	56	81	148	160	20	0	255
 14264	59	57	81	148	160	19	0	255
 14309	59	56	81	148	160	18	0	255
 14354	59	56	81	148	160	19	0	255
 14400	59	56	81	148	160	18	0	255
 14445	59	56	81	148	160	19	0	255
 14491	59	56	81	148	160	20	0	255
 14536	59	56	81	148	160	19	0	255
 14581	58	56	81	148	160	19	0	255
 14627	59	56	81	148	160	19	0	255
 14672	59	56	81	148	160	19	0	255
 14717	59	56	81	148	160	19	0	255
 14763	59	56	81	148	159	18	0	255
 14808	59	56	81	148	159	19	0	255
 14853	58	56	81	148	159	19	0	255
 14899	59	56	81	148	159	19	0	255
 14944	59	56	81	148	159	18	0	255
 14989	58	56	81	148	159	19	0	255
 15035	58	56	81	148	159	18	0	255
 15080	58	56	81	148	159	19	0	255
 15125	58	56	81	148	159	18	0	255
 15171	58	56	81	148	159	18	0	255
 15216	58	56	81	148	159	19	0	255
 15261	58	56	81	148	159	18	0	255
 15307	58	56	81	148	159	19	0	255
 15353	58	56	81	148	159	19	0	255
 15398	58	56	81	148	159	19	0	255
 15443	58	56	81	148	159	19	0	255
 15488	58	56	81	148	159	18	0	255
 15534	58	56	81	148	159	19	0	255
 15579	58	56	81	148	159	19	0	255
 15624	58	56	81	148	159	18	0	255
 15670	58	56	81	148	159	19	0	255
 15715	58	56	81	148	159	19	0	255
 15760	58	56	81	148	159	18	0	255
 15806	58	56	81	148	159	18	0	255
 15851	58	56	81	148	159	18	0	255
 15896	58	56	81	148	159	19	0	255
 15942	58	56	81	148	159	19	0	255
 15987	58	56	81	148	159	18	0	255
 16032	58	56	81	148	159	18	0	255
 16078	58	56	81	148	159	19	0	255
 16123	58	56	80	148	159	19	0	255
 16168	58	56	81	148	159	19	0	255
 16214	58	56	81	148	159	19	0	255
 16259	58	56	81	148	159	19	0	255
 16305	58	56	81	148	159	19	0	255
 16350	58	56	80	148	159	19	0	255
 16395	58	56	81	148	159	19	0	255
 16441	58	56	81	148	159	19	0	255
 16486	58	56	80	148	159	20	0	255
 16531	58	56	81	148	159	19	0	255
 16577	58	56	80	148	159	19	0	255
 16622	58	56	81	148	159	19	0	255
 16667	58	56	80	148	159	19	0	255
 16713	58	56	80	148	159	19	0	255
 16758	58	56	81	147	159	19	0	255
 16803	58	56	81	148	159	19	0	255
 16849	58	56	80	148	159	19	0	255
 16894	58	56	81	148	159	18	0	255
 16939	58	56	80	147	159	19	0	255
 16985	58	56	80	148	159	19	0	255
 17030	58	56	80	147	159	19	0	255
 17075	58	56	80	147	159	19	0	255
 17121	58	56	80	147	159	19	0	255
 17166	58	56	80	147	159	19	0	255
 17212	58	56	80	147	159	19	0	255
 17257	58	56	80	147	159	20	0	255
 17302	58	56	80	147	159	20	0	255
 17348	58	56	80	147	159	20	0	255
 17393	58	56	80	147	159	19	0	255
 17438	58	56	80	147	159	19	0	255
 17484	58	56	80	147	159	19	0	255
 17529	58	56	80	147	159	19	0	255
 17574	58	56	80	147	159	20	0	255
 17620	58	56	80	147	159	19	0	255
 17665	58	56	80	147	159	19	0	255
 17710	58	56	80	147	159	19	0	255
 17756	58	56	80	147	159	19	0	255
 17801	58	56	80	147	159	19	0	255
 17846	58	56	80	147	159	20	0	255
 17892	58	56	80	147	159	20	0	255
 17937	58	56	80	147	159	19	0	255
 17982	58	56	80	147	159	19	0	255
 18028	58	56	80	147	159	19	0	255
 18073	58	56	80	147	159	20	0	255
 18119	58	56	80	147	159	20	0	255
 18164	58	56	80	147	159	20	0	255
 18209	58	56	80	147	159	19	0	255
 18255	58	56	80	147	159	20	0	255
 18300	58	56	80	147	159	19	0	255
 18345	58	56	80	147	159	20	0	255
 18391	58	56	80	147	159	19	0	255
 18436	58	56	80	147	159	20	0	255
 18481	58	56	80	147	159	19	0	255
 18527	58	56	80	147	159	19	0	255
 18572	58	56	80	147	159	19	0	255
 18617	58	56	80	147	159	19	0	255
 18663	58	56	80	147	159	20	0	255
 18708	58	56	80	147	159	19	0	255
 18753	58	56	80	147	159	19	0	255
 18799	58	56	80	147	159	20	0	255
 18844	58	56	80	147	159	20	0	255
 18889	58	56	80	147	159	20	0	255
 18935	58	56	80	147	159	20	0	255
 18980	58	56	80	147	159	19	0	255
 19026	58	56	80	147	158	20	0	255
 19071	58	56	80	147	159	20	0	255
 19118	58	56	80	147	158	20	0	255
 19162	58	56	80	147	158	19	0	255
 19207	58	56	80	147	158	19	0	255
 19252	58	56	80	147	158	19	0	255
 19298	58	56	80	147	158	20	0	255
 19343	58	56	80	147	158	20	0	255
 19388	58	56	80	147	158	20	0	255
 19434	58	56	80	147	158	20	0	255
 19479	58	56	80	147	158	20	0	255
 19524	58	56	80	147	158	19	0	255
 19570	58	56	80	147	158	20	0	255
 19615	58	56	80	147	158	19	0	255
 19660	58	56	80	147	158	20	0	255
 19706	58	56	80	147	158	20	0	255
 19751	58	56	80	147	158	19	0	255
 19796	58	56	80	147	158	20	0	255
 19842	58	56	80	147	158	20	0	255
 19887	58	56	80	147	158	20	0	255
 19933	58	56	80	147	158	20	0	255
 19978	58	56	80	147	158	20	0	255
 20023	58	56	80	147	158	20	0	255
 20069	58	56	80	147	158	20	0	255
 20114	58	56	80	147	158	20	0	255
 20159	58	56	80	147	158	20	0	255
 20205	58	56	80	147	158	20	0	255
 20250	58	56	80	147	158	20	0	255
 20295	58	56	80	147	158	19	0	255
 20341	58	56	80	147	158	20	0	255
 20386	58	56	80	147	158	20	0	255
 20431	58	56	80	147	158	22	0	255
 20477	58	56	80	147	158	22	0	255
 20522	58	56	80	147	158	20	0	255
 20567	58	56	80	147	158	20	0	255
 20613	58	56	80	147	158	22	0	255
 20658	58	56	80	147	158	22	0	255
 20703	58	56	80	147	158	22	0	255
 20749	58	56	80	147	158	22	0	255
 20794	58	56	80	147	158	22	0	255
 20840	58	56	80	147	158	20	0	255
 20885	58	56	80	147	158	20	0	255
 20930	58	56	80	147	158	22	0	255
 20976	58	56	80	147	158	22	0	255
 21021	58	56	80	147	158	22	0	255
 21066	58	56	80	147	158	22	0	255
 21112	58	56	80	147	158	22	0	255
 21157	58	56	80	147	158	22	0	255
 21202	58	56	80	147	158	22	0	255
 21248	58	56	80	147	158	22	0	255
 21293	58	56	80	147	158	23	0	255
 21338	58	56	80	147	158	22	0	255
 21384	58	56	80	147	158	22	0	255
 21429	58	56	80	147	158	22	0	255
 21474	58	56	80	147	158	22	0	255
 21520	58	56	80	147	158	22	0	255
 21565	58	56	80	147	158	23	0	255
 21610	58	56	80	147	158	23	0	255
 21656	58	56	80	147	158	23	0	255
 21701	58	56	80	147	158	23	0	255
 21747	58	56	80	147	158	23	0	255
 21792	58	56	80	147	158	23	0	255
 21837	58	56	80	147	158	23	0	255
 21883	58	56	80	147	158	24	0	255
 21928	58	56	80	147	158	23	0	255
 21973	58	56	80	147	158	23	0	255
 22019	58	56	80	147	158	23	0	255
 22064	58	56	80	147	158	23	0	255
 22109	58	56	80	147	158	23	0	255
 22155	58	56	80	147	158	24	0	255
 22200	58	56	80	147	158	23	0	255
 22245	58	56	80	147	158	24	0	255
 22291	58	56	80	147	158	24	0	255
 22336	58	56	80	147	158	24	0	255
 22381	58	56	80	147	158	24	0	255
 22427	58	56	80	147	158	24	0	255
 22472	58	56	80	147	158	24	0	255
 22517	58	56	80	147	158	24	0	255
 22563	58	56	80	147	158	24	0	255
 22608	58	56	80	147	158	25	0	255
 22653	58	56	80	147	158	24	0	255
 22699	58	56	80	147	158	25	0	255
 22744	58	56	80	147	158	25	0	255
 22790	58	56	80	147	158	26	0	255
 22835	58	56	80	147	158	25	0	255
 22880	58	56	80	147	158	25	0	255
 22926	58	56	80	147	158	25	0	255
 22971	58	56	80	147	158	25	0	255
 23016	58	56	80	147	158	26	0	255
 23062	58	56	80	147	158	25	0	255
 23107	58	56	80	147	158	26	0	255
 23152	58	56	80	147	158	26	0	255
 23198	58	56	80	147	158	25	0	255
 23243	58	56	80	147	158	26	0	255
 23288	58	56	80	147	158	26	0	255
 23334	58	56	80	147	158	26	0	255
 23379	58	56	80	147	157	26	0	255
 23424	58	55	80	147	157	28	0	255
 23470	58	55	80	147	157	28	0	255
 23515	58	56	80	147	157	28	0	255
 23560	58	56	80	147	157	28	0	255
 23606	58	56	80	147	157	28	0	255
 23651	58	56	80	147	157	28	0	255
 23697	58	56	80	147	157	28	0	255
 23742	57	55	80	147	157	28	0	255
 23787	57	55	80	147	157	28	0	255
 23833	57	55	80	147	157	29	0	255
 23879	57	55	80	147	157	29	0	255
 23923	58	55	80	147	157	29	0	255
 23969	57	55	80	147	157	28	0	255
 24014	57	55	80	147	157	29	0	255
 24059	57	55	80	147	157	30	0	255
 24105	58	55	80	147	157	30	0	255
 24150	57	55	80	147	157	30	0	255
 24195	57	55	80	147	157	30	0	255
 24241	57	55	80	147	157	30	0	255
 24286	57	55	80	147	157	30	0	255
 24331	57	55	80	147	157	30	0	255
 24377	57	55	80	147	157	31	0	255
 24422	57	55	80	147	157	30	0	255
 24467	57	55	80	147	157	31	0	255
 24513	57	55	80	147	157	31	0	255
 24558	57	55	80	147	157	31	0	255
 24604	57	55	80	147	157	31	0	255
 24649	57	55	80	147	157	31	0	255
 24694	57	55	80	147	157	31	0	255
 24740	57	55	80	147	157	31	0	255
 24785	57	55	80	147	157	32	0	255
 24830	57	55	80	147	157	32	0	255
 24876	57	55	80	147	157	34	0	255
 24921	57	55	80	147	157	32	0	255
 24966	57	55	80	147	157	32	0	255
 25012	57	55	79	147	157	32	0	255
 25057	57	55	79	147	157	32	0	255
 25102	57	55	79	147	157	34	0	255
 25148	57	55	78	147	157	32	0	255
 25193	57	55	78	147	157	34	0	255
 25238	57	55	78	147	157	34	0	255
 25284	57	55	78	147	157	35	0	255
 25329	57	55	78	147	157	34	0	255
 25374	57	55	77	147	157	35	0	255
 25420	57	55	77	147	157	34	0	255
 25465	57	55	77	147	157	35	0	255
 25511	57	55	77	147	157	35	0	255
 25556	57	55	77	147	157	35	0	255
 25601	57	55	77	147	157	35	0	255
 25647	57	55	77	147	157	35	0	255
 25692	57	55	77	147	157	36	0	255
 25737	57	55	77	147	157	37	0	255
 25783	57	55	77	147	157	36	0	255
 25828	57	55	76	147	157	36	0	255
 25873	57	55	76	147	157	37	0	255
 25919	57	55	76	146	157	37	0	255
 25964	57	55	76	146	157	37	0	255
 26009	57	55	76	146	157	37	0	255
 26055	57	55	76	146	157	37	0	255
 26100	57	55	76	146	157	38	0	255
 26145	57	55	76	146	157	38	0	255
 26191	57	55	76	146	157	40	0	255
 26236	57	55	76	146	157	40	0	255
 26281	57	55	76	146	157	40	0	255
 26327	57	55	76	146	157	38	0	255
 26372	57	55	76	146	157	41	0	255
 26418	57	55	76	146	157	40	0	255
 26463	57	55	76	146	157	41	0	255
 26508	57	55	75	146	157	41	0	255
 26554	57	55	75	146	157	42	0	255
 26599	57	55	75	146	157	41	0	255
 26644	57	55	75	146	157	41	0	255
 26690	57	55	75	146	157	42	0	255
 26735	57	55	75	146	157	42	0	255
 26780	57	55	75	146	157	42	0	255
 26826	57	55	75	146	157	42	0	255
 26871	57	55	75	146	157	42	0	255
 26916	57	55	75	146	157	44	0	255
 26962	57	55	75	146	157	44	0	255
 27007	57	55	75	146	157	44	0	255
 27052	57	55	75	146	157	44	0	255
 27098	57	55	75	146	157	44	0	255
 27143	57	55	75	146	157	45	0	255
 27188	57	55	75	146	157	45	0	255
 27234	57	55	75	146	157	45	0	255
 27279	57	55	75	146	157	45	0	255
 27325	57	55	75	146	157	45	0	255
 27370	57	55	75	146	156	45	0	255
 27415	57	55	75	146	157	46	0	255
 27461	57	55	75	146	156	45	0	255
 27506	57	55	75	146	156	45	0	255
 27552	57	55	74	146	156	45	0	255
 27597	57	55	74	146	156	46	0	255
 27642	57	55	74	146	156	46	0	255
 27687	57	55	74	146	156	45	0	255
 27733	57	55	74	146	156	45	0	255
 27778	57	55	74	146	156	46	0	255
 27823	57	55	74	146	156	46	0	255
 27869	57	55	74	146	156	46	0	255
 27914	57	55	74	146	156	46	0	255
 27959	57	55	74	146	156	46	0	255
 28005	57	55	74	146	156	46	0	255
 28050	57	55	74	146	156	46	0	255
 28095	57	55	74	146	156	46	0	255
 28141	57	55	74	146	156	46	0	255
 28187	57	55	74	146	156	45	0	255
 28232	57	55	74	146	156	46	0	255
 28277	57	55	74	146	156	46	0	255
 28322	57	55	74	146	156	47	0	255
 28368	57	55	74	146	156	47	0	255
 28413	57	55	74	146	156	47	0	255
 28458	57	55	74	146	156	47	0	255
 28504	57	55	74	146	156	47	0	255
 28549	57	55	74	146	156	47	0	255
 28594	57	55	74	146	156	47	0	255
 28640	57	55	74	146	156	48	0	255
 28685	57	55	74	146	156	48	0	255
 28730	57	55	74	146	156	48	0	255
 28776	57	55	74	146	156	48	0	255
 28821	57	55	74	146	156	48	0	255
 28867	57	55	74	146	156	48	0	255
 28912	57	55	74	146	156	48	0	255
 28957	57	55	74	146	156	48	0	255
 29002	57	55	74	146	156	48	0	255
 29048	57	55	74	146	156	48	0	255
 29093	57	55	74	146	156	47	0	255
 29138	57	55	74	146	156	50	0	255
 29184	57	55	74	146	156	50	0	255
 29229	57	55	74	146	156	50	0	255
 29275	57	55	74	146	156	50	0	255
 29320	57	55	74	146	156	50	0	255
 29365	57	55	74	146	156	50	0	255
 29411	57	55	74	146	156	51	0	255
 29456	57	55	73	146	156	50	0	255
 29501	57	55	73	146	156	51	0	255
 29547	57	55	74	146	156	51	0	255
 29592	57	55	73	146	156	50	0	255
 29637	57	55	73	146	156	52	0	255
 29683	57	55	73	146	156	51	0	255
 29728	57	55	73	146	156	52	0	255
 29773	57	55	73	146	156	52	0	255
 29819	57	55	73	146	156	53	0	255
 29864	57	55	73	146	156	53	0	255
 29910	57	55	73	146	156	52	0	255
 29955	57	55	73	146	156	53	0	255
 30000	57	55	73	146	156	54	0	255
 30046	57	55	73	146	156	54	0	255
 30091	57	55	73	146	156	54	0	255
 30136	57	55	73	146	156	57	0	255
 30182	57	55	73	146	156	57	0	255
 30227	57	55	73	146	156	57	0	255
 30272	57	55	73	146	156	57	0	255
 30318	57	55	73	146	156	58	0	255
 30363	57	55	73	146	156	60	0	255
 30408	57	55	73	146	156	61	0	255
 30454	57	55	73	146	156	61	0	255
 30499	57	55	73	146	156	62	0	255
 30544	57	55	73	146	156	61	0	255
 30590	57	55	73	146	156	62	0	255
 30635	57	55	73	146	156	64	0	255
 30680	57	55	73	146	156	66	0	255
 30726	57	55	73	146	156	65	0	255
 30771	57	55	73	146	156	66	0	255
 30816	57	55	73	146	156	65	0	255
 30862	57	55	73	146	156	66	0	255
 30907	57	55	73	146	156	66	0	255
 30953	57	55	73	146	156	66	0	255
 30998	57	55	73	146	156	67	0	255
 31043	57	55	73	146	156	65	0	255
 31089	57	55	73	146	156	66	0	255
 31134	57	55	73	146	156	66	0	255
 31179	57	55	73	146	156	66	0	255
 31225	57	55	73	146	156	67	0	255
 31270	57	55	73	146	156	67	0	255
 31316	57	55	73	146	156	66	0	255
 31361	57	55	73	146	156	67	0	255
 31406	57	55	73	146	155	66	0	255
 31451	57	55	73	146	155	67	0	255
 31497	57	55	73	146	155	67	0	255
 31542	57	55	73	146	156	67	0	255
 31587	57	55	73	146	155	67	0	255
 31633	57	55	73	146	155	67	0	255
 31678	57	55	73	146	155	67	0	255
 31723	57	55	73	146	155	67	0	255
 31769	57	55	73	146	155	67	0	255
 31814	57	55	73	146	155	67	0	255
 31860	57	55	73	146	155	68	0	255
 31905	57	55	73	146	155	67	0	255
 31950	57	55	73	146	155	67	0	255
 31996	57	55	73	146	155	67	0	255
 32041	57	55	73	146	155	67	0	255
 32086	57	55	73	146	155	68	0	255
 32132	57	55	73	146	155	67	0	255
 32177	57	55	73	146	155	67	0	255
 32222	57	55	73	146	155	67	0	255
 32268	57	55	73	146	155	67	0	255
 32313	57	55	73	146	155	67	0	255
 32358	57	55	73	146	155	67	0	255
 32404	57	55	73	146	155	67	0	255
 32449	57	55	73	146	155	68	0	255
 32494	57	55	73	146	155	68	0	255
 32540	57	55	73	146	155	67	0	255
 32585	57	55	73	146	155	66	0	255
 32631	57	55	73	146	155	67	0	255
 32676	57	55	73	146	155	67	0	255
 32721	57	55	73	146	155	68	0	255
 32767	57	55	73	146	155	68	0	255
 32812	57	55	73	146	155	68	0	255
 32857	57	55	73	146	155	67	0	255
 32903	57	55	73	146	155	67	0	255
 32948	57	55	73	146	155	67	0	255
 32993	57	55	73	146	155	67	0	255
 33039	57	55	73	146	155	67	0	255
 33084	57	55	73	146	155	67	0	255
 33129	57	55	73	146	155	67	0	255
 33175	57	55	73	146	155	68	0	255
 33220	57	55	73	146	155	67	0	255
 33265	57	55	73	146	155	66	0	255
 33311	57	55	73	146	155	67	0	255
 33358	57	55	73	146	155	67	0	255
 33402	57	55	73	146	155	67	0	255
 33447	57	55	73	146	155	67	0	255
 33492	57	55	73	146	155	67	0	255
 33538	57	55	73	146	155	67	0	255
 33583	57	55	73	146	155	68	0	255
 33628	57	55	73	146	155	67	0	255
 33674	57	55	73	146	155	67	0	255
 33719	57	55	73	146	155	67	0	255
 33764	57	55	73	146	155	67	0	255
 33810	57	55	73	146	155	67	0	255
 33855	57	55	73	146	155	68	0	255
 33900	57	55	73	146	155	67	0	255
 33946	57	55	73	146	155	67	0	255
 33991	57	55	73	146	155	67	0	255
 34036	57	55	73	146	155	68	0	255
 34082	57	54	73	146	155	67	0	255
 34127	57	55	73	146	155	67	0	255
 34172	57	55	73	146	155	68	0	255
 34218	57	55	73	146	155	68	0	255
 34263	57	55	73	146	155	68	0	255
 34309	57	55	73	146	155	70	0	255
 34354	57	55	73	146	155	68	0	255
 34399	57	55	73	146	155	70	0	255
 34445	57	55	73	146	155	68	0	255
 34490	57	55	73	146	155	70	0	255
 34536	57	55	73	146	155	70	0	255
 34581	57	55	73	146	155	71	0	255
 34626	57	55	73	146	155	71	0	255
 34671	57	55	73	146	155	71	0	255
 34717	57	55	73	146	155	71	0	255
 34762	57	55	73	146	155	71	0	255
 34807	57	55	73	146	155	72	0	255
 34853	57	55	73	146	155	72	0	255
 34898	57	55	73	146	155	72	0	255
 34943	57	55	73	146	155	74	0	255
 34989	57	55	73	145	155	75	0	255
 35034	57	55	73	146	155	74	0	255
 35080	57	55	73	146	155	78	0	255
 35125	57	55	73	145	155	76	0	255
 35170	57	55	73	146	155	78	0	255
 35216	57	55	73	145	155	79	0	255
 35261	57	55	73	145	155	79	0	255
 35306	57	55	73	145	155	82	0	255
 35352	57	55	73	145	155	82	0	255
 35397	57	55	73	145	155	82	0	255
 35442	57	55	73	145	155	83	0	255
 35488	57	55	73	145	155	84	0	255
 35533	57	55	73	145	155	85	0	255
 35578	57	54	73	145	155	86	0	255
 35624	57	54	73	145	155	88	0	255
 35669	56	54	73	145	155	89	0	255
 35714	57	54	73	145	155	90	0	255
 35760	57	54	73	145	154	92	0	255
 35805	57	54	73	145	154	93	0	255
 35851	57	54	73	145	154	94	0	255
 35896	57	54	73	145	154	96	0	255
 35942	56	54	73	145	154	97	0	255
 35987	56	54	73	145	154	98	0	255
 36032	56	54	73	145	154	98	0	255
 36077	56	54	73	145	154	101	0	255
 36123	56	54	73	145	154	101	0	255
 36168	56	54	73	145	154	104	0	255
 36213	56	54	73	145	154	104	0	255
 36259	56	54	73	145	154	105	0	255
 36304	56	54	72	145	154	106	0	255
 36349	56	53	73	145	154	109	0	255
 36395	56	53	73	145	154	110	0	255
 36440	56	53	72	145	154	112	0	255
 36485	56	53	73	145	154	114	0	255
 36531	56	53	73	145	154	119	0	255
 36576	56	53	73	145	154	124	0	255
 36622	56	53	72	145	154	126	0	255
 36667	56	53	73	145	154	128	0	255
 36712	56	53	73	145	154	128	0	255
 36758	56	52	73	145	154	131	0	255
 36803	56	52	73	145	154	132	0	255
 36848	56	52	73	145	154	136	0	255
 36894	56	52	73	145	154	137	0	255
 36939	56	52	73	145	154	140	0	255
 36984	56	52	73	145	154	140	0	255
 37030	56	52	73	145	154	141	0	255
 37075	56	52	72	145	154	141	0	255
 37120	56	53	73	145	154	145	8	255
 37166	65	62	73	145	154	160	8	255
 37211	88	78	73	145	154	166	8	255
 37256	106	88	73	145	154	164	8	255
 37302	115	95	73	145	154	152	8	255
 37347	118	99	73	145	154	155	8	255
 37392	122	102	73	145	154	164	8	255
 37438	127	103	73	145	154	162	8	255
 37483	128	105	73	145	154	142	8	255
 37529	124	105	73	145	154	128	0	255
 37574	120	105	73	145	154	128	0	255
 37620	117	104	73	145	154	131	0	255
 37665	115	103	73	145	154	137	0	255
 37710	113	103	73	145	154	140	0	255
 37755	111	102	73	145	154	142	0	255
 37801	110	101	73	145	154	145	8	255
 37846	110	99	73	145	154	145	8	255
 37891	114	101	73	145	154	146	8	255
 37937	117	104	73	145	154	146	8	255
 37982	119	105	73	145	154	145	8	255
 38027	120	107	73	145	154	148	8	255
 38073	122	107	73	145	154	151	8	255
 38118	123	108	73	145	154	146	8	255
 38163	123	108	73	145	154	141	8	255
 38209	121	108	73	145	154	136	0	255
 38254	119	107	74	145	154	136	0	255
 38300	118	106	74	145	154	134	0	255
 38345	116	105	74	145	154	136	0	255
 38390	114	104	74	145	154	137	0	255
 38436	113	103	74	145	154	136	0	255
 38481	112	102	74	145	154	137	0	255
 38526	110	101	74	145	154	137	0	255
 38572	109	100	74	145	154	136	0	255
 38617	108	99	74	145	154	137	0	255
 38662	107	98	74	145	154	137	0	255
 38708	106	97	74	145	154	137	0	255
 38753	104	97	74	145	154	137	0	255
 38798	103	96	74	145	154	137	0	255
 38844	102	95	74	145	154	137	0	255
 38889	101	94	74	145	154	137	0	255
 38935	100	93	74	145	154	138	0	255
 38980	99	92	74	145	154	137	0	255
 39025	99	91	74	145	154	137	0	255
 39071	98	91	74	145	154	137	0	255
 39116	97	90	74	145	154	137	0	255
 39161	96	89	74	145	154	138	0	255
 39207	95	88	74	145	154	137	0	255
 39252	94	88	74	145	154	137	0	255
 39297	94	87	74	145	154	138	0	255
 39343	93	86	74	145	154	138	0	255
 39388	92	86	74	145	154	138	0	255
 39433	91	85	74	145	154	140	0	255
 39479	91	85	74	145	154	141	0	255
 39524	90	85	74	145	154	142	0	255
 39569	89	84	74	145	154	146	8	255
 39615	97	87	74	145	154	155	8	255
 39660	109	95	74	145	154	158	8	255
 39705	117	100	74	145	154	156	8	255
 39751	121	104	74	145	154	151	8	255
 39796	123	106	74	145	154	155	8	255
 39842	125	107	74	145	154	156	8	255
 39887	127	108	74	145	154	155	8	255
 39932	127	109	74	145	154	146	8	255
 39978	125	109	74	145	154	142	8	255
 40023	123	110	74	145	154	144	8	255
 40068	122	110	75	145	154	150	8	255
 40114	124	111	75	145	154	155	8	255
 40159	127	111	75	145	153	161	8	255
 40204	130	111	75	145	153	166	8	255
 40250	133	112	75	145	153	170	8	255
 40295	136	112	75	145	153	174	8	255
 40340	139	112	75	145	153	174	8	255
 40386	141	112	75	145	153	177	8	255
 40431	142	112	75	145	153	176	8	255
 40476	143	113	75	145	153	177	8	255
 40522	144	113	75	145	153	177	8	255
 40567	145	113	75	145	153	177	8	255
 40612	145	113	75	145	153	177	8	255
 40658	146	113	75	145	153	178	8	255
 40703	146	113	76	145	153	177	8	255
 40749	147	114	76	145	153	180	8	255
 40794	147	114	76	146	153	182	8	255
 40839	148	114	76	146	153	180	8	255
 40885	148	114	76	146	153	182	8	255
 40930	148	114	76	146	153	182	8	255
 40976	149	114	76	146	153	180	8	255
 41021	149	115	76	146	153	182	8	255
 41066	149	115	76	146	153	182	8	255
 41111	150	115	76	146	153	182	8	255
 41157	150	115	76	146	153	184	8	255
 41202	150	115	76	146	153	183	8	255
 41247	151	115	76	146	153	183	8	255
 41293	151	116	76	147	153	184	8	255
 41338	151	116	77	147	153	184	8	255
 41384	152	116	77	147	153	186	8	255
 41429	152	116	77	147	153	186	8	255
 41474	152	116	77	147	153	186	8	255
 41520	153	116	77	147	153	188	8	255
 41565	153	117	77	147	153	188	8	255
 41610	153	117	77	147	153	188	8	255
 41656	154	117	77	148	153	188	8	255
 41701	154	117	77	148	153	189	8	255
 41746	154	117	77	148	153	188	8	255
 41792	155	117	77	148	153	190	8	255
 41837	155	117	77	148	153	190	8	255
 41882	156	118	77	148	153	189	8	255
 41928	156	118	78	148	153	190	8	255
 41973	156	118	78	148	153	192	8	255
 42018	157	118	78	149	153	192	8	255
 42064	157	118	78	149	153	194	8	255
 42109	158	118	78	149	153	195	8	255
 42155	158	118	78	149	153	194	8	255
 42200	159	119	78	149	153	195	8	255
 42245	159	119	78	149	153	195	8	255
 42291	160	119	78	149	153	196	8	255
 42336	160	119	78	149	153	198	8	255
 42381	161	119	78	150	153	198	8	255
 42427	161	119	78	150	153	198	8	255
 42472	162	119	78	150	153	201	8	255
 42517	163	119	79	150	153	201	8	255
 42563	163	120	79	150	153	201	8	255
 42608	164	120	79	150	154	202	8	255
 42653	165	120	79	150	154	202	8	255
 42699	165	120	79	151	154	201	8	255
 42744	165	120	79	151	154	198	8	255
 42789	164	120	79	151	154	196	8	255
 42835	163	120	79	151	154	195	8	255
 42880	161	120	79	151	154	190	8	255
 42925	159	119	79	151	154	184	8	255
 42971	156	119	79	151	154	178	8	255
 43016	153	118	79	151	154	176	8	255
 43062	150	118	79	151	154	171	8	255
 43107	148	118	80	151	154	168	8	255
 43152	146	119	80	152	154	171	8	255
 43198	145	120	80	152	154	177	8	255
 43243	146	121	80	152	154	182	8	255
 43288	148	121	80	152	154	186	8	255
 43334	150	121	80	152	154	189	8	255
 43379	152	122	80	152	154	194	8	255
 43424	155	122	80	152	155	198	8	255
 43470	158	122	80	152	155	201	8	255
 43515	161	122	80	152	155	201	8	255
 43560	163	122	80	152	155	204	8	255
 43606	163	122	81	152	155	201	8	255
 43651	163	122	81	152	155	196	8	255
 43696	163	122	81	152	155	196	8	255
 43742	162	122	81	152	155	198	8	255
 43787	162	123	81	152	155	196	8	255
 43833	163	123	81	153	155	200	8	255
 43878	163	123	81	153	155	200	8	255
 43923	163	123	81	153	155	200	8	255
 43969	164	123	81	153	155	204	8	255
 44014	165	123	81	153	156	206	8	255
 44059	166	123	81	153	156	204	8	255
 44105	167	124	81	153	156	204	8	255
 44150	168	124	81	153	156	206	8	255
 44195	168	124	82	153	156	207	8	255
 44241	169	124	82	153	156	208	8	255
 44286	169	124	82	153	156	208	8	255
 44331	169	124	82	153	156	207	8	255
 44377	170	124	82	154	156	208	8	255
 44422	170	124	82	154	157	207	8	255
 44467	170	124	82	154	157	208	8	255
 44513	170	124	82	154	157	208	8	255
 44558	170	124	82	154	157	208	8	255
 44603	171	125	82	154	157	208	8	255
 44649	171	125	82	154	157	210	8	255
 44694	171	125	82	154	157	210	8	255
 44740	171	125	82	154	157	210	8	255
 44785	171	125	83	154	157	210	8	255
 44830	171	126	83	154	157	208	8	255
 44876	171	126	83	154	157	208	8	255
 44921	171	126	83	154	157	210	8	255
 44967	171	126	83	154	157	210	8	255
 45012	172	126	83	154	157	208	8	255
 45057	172	126	83	154	157	210	8	255
 45102	172	126	83	154	157	210	8	255
 45148	172	127	83	154	157	210	8	255
 45193	172	127	83	154	157	212	8	255
 45238	172	127	83	154	157	212	8	255
 45284	172	127	83	154	157	212	8	255
 45329	172	127	83	154	157	212	8	255
 45374	173	127	84	154	157	212	8	255
 45420	173	128	84	154	157	212	8	255
 45465	173	128	84	154	157	212	8	255
 45511	173	128	84	154	157	213	8	255
 45556	173	128	84	154	157	213	8	255
 45601	173	128	84	154	157	212	8	255
 45647	173	128	84	154	157	213	8	255
 45692	173	128	84	154	157	212	8	255
 45737	174	129	84	154	157	213	8	255
 45783	174	129	84	154	157	212	8	255
 45828	174	129	84	154	157	214	8	255
 45873	174	129	84	154	157	214	8	255
 45919	174	129	84	154	157	214	8	255
 45964	175	129	85	154	157	214	8	255
 46009	175	129	85	154	157	213	8	255
 46055	175	130	85	154	157	216	8	255
 46100	176	130	85	154	157	218	8	255
 46145	176	130	85	154	157	218	8	255
 46191	176	130	85	154	157	218	8	255
 46236	177	130	85	154	157	218	8	255
 46282	177	130	85	154	157	218	8	255
 46327	177	131	85	154	157	220	8	255
 46372	177	131	85	154	157	220	8	255
 46418	178	131	85	154	157	218	8	255
 46463	178	131	85	154	157	221	8	255
 46508	179	131	86	154	157	220	8	255
 46554	179	131	86	154	157	220	8	255
 46599	179	131	86	154	157	224	8	255
 46644	180	132	86	154	157	222	8	255
 46690	180	132	86	154	157	222	8	255
 46735	181	132	86	154	157	222	8	255
 46780	181	132	86	154	157	224	8	255
 46826	182	132	86	154	157	224	8	255
 46871	182	132	86	153	157	222	8	255
 46916	181	132	86	153	157	220	8	255
 46962	180	130	86	153	157	213	8	255
 47007	178	130	86	153	157	212	8	255
 47052	176	131	86	153	157	206	8	255
 47098	173	131	87	153	157	200	8	255
 47143	170	130	87	153	157	198	8	255
 47189	168	131	87	153	157	200	8	255
 47234	166	132	87	153	157	198	8	255
 47279	165	133	87	153	157	194	8	255
 47325	163	133	87	153	157	192	8	255
 47370	162	133	87	153	157	198	8	255
 47415	163	133	87	153	157	206	8	255
 47461	165	134	87	153	157	207	8	255
 47506	168	134	87	154	157	212	8	255
 47551	170	134	87	154	157	216	8	255
 47597	172	135	88	154	157	220	8	255
 47642	175	135	88	154	157	216	8	255
 47687	176	134	88	154	157	212	8	255
 47735	174	133	88	154	157	210	8	255
 47778	173	134	88	154	157	210	8	255
 47823	173	134	88	154	157	204	8	255
 47869	171	134	88	154	157	196	8	255
 47914	166	132	88	154	157	186	8	255
 47959	161	131	88	154	157	180	8	255
 48005	158	131	88	154	157	183	8	255
 48050	156	133	88	154	157	183	8	255
 48096	155	134	88	154	157	183	8	255
 48141	155	135	89	154	157	190	8	255
 48186	156	135	89	154	157	196	8	255
 48232	159	136	89	155	157	201	8	255
 48277	162	136	89	154	157	204	8	255
 48322	165	136	89	155	157	208	8	255
 48368	167	136	89	155	157	204	8	255
 48413	167	136	89	155	157	200	8	255
 48458	166	136	89	155	157	201	8	255
 48504	166	136	89	155	157	206	8	255
 48549	167	137	89	155	157	201	8	255
 48594	167	137	89	155	157	194	8	255
 48640	164	136	89	155	157	186	8	255
 48685	160	134	89	155	157	184	8	255
 48730	158	134	90	155	157	182	8	255
 48776	156	135	90	155	157	184	8	255
 48821	155	136	90	155	157	183	8	255
 48866	154	137	90	155	157	180	8	255
 48912	152	136	90	155	157	174	8	255
 48957	149	135	90	155	157	171	8	255
 49003	148	135	90	155	157	171	8	255
 49048	146	135	90	155	157	170	8	255
 49093	145	135	90	155	157	168	0	255
 49139	143	134	90	155	157	170	0	255
 49184	141	133	90	155	157	172	8	255
 49229	141	126	90	155	157	182	8	255
 49275	144	129	90	155	157	186	8	255
 49320	148	133	90	155	157	188	8	255
 49366	150	135	91	155	157	188	8	255
 49411	152	136	91	155	157	194	8	255
 49456	156	137	91	155	157	204	8	255
 49501	161	137	91	155	157	210	8	255
 49547	166	138	91	155	157	210	8	255
 49593	167	138	91	155	157	202	8	255
 49637	166	137	91	155	157	198	8	255
 49683	165	137	91	155	157	200	8	255
 49728	165	138	91	156	157	201	8	255
 49774	166	138	91	156	157	201	8	255
 49819	165	139	91	156	157	200	8	255
 49864	164	139	91	156	157	196	8	255
 49910	163	139	91	156	158	198	8	255
 49955	163	139	91	156	158	194	8	255
 50000	162	139	91	156	158	192	8	255
 50046	161	139	92	156	158	192	8	255
 50091	160	139	92	156	158	196	8	255
 50136	161	139	92	156	158	202	8	255
 50182	163	139	92	156	158	204	8	255
 50227	165	140	92	156	158	202	8	255
 50272	166	140	92	156	158	204	8	255
 50318	167	140	92	156	158	208	8	255
 50363	168	140	92	156	158	208	8	255
 50408	169	140	92	156	158	210	8	255
 50454	170	140	92	156	158	210	8	255
 50499	171	140	92	156	158	207	8	255
 50544	171	140	92	156	158	206	8	255
 50590	170	141	92	156	158	204	8	255
 50635	169	140	92	156	158	201	8	255
 50680	168	140	93	156	158	200	8	255
 50726	167	140	93	156	158	195	8	255
 50771	165	140	93	156	158	194	8	255
 50817	162	140	93	156	158	188	8	255
 50862	160	139	93	156	158	183	8	255
 50908	157	138	93	156	158	180	8	255
 50953	154	138	93	156	158	177	8	255
 50998	152	138	93	156	158	174	8	255
 51043	149	138	93	156	159	171	8	255
 51089	147	138	93	156	159	171	0	255
 51134	145	136	93	156	158	168	0	255
 51179	143	135	93	156	158	170	0	255
 51225	141	134	93	156	158	170	0	255
 51270	139	132	93	156	159	170	0	255
 51315	137	131	93	156	158	171	0	255
 51361	135	129	93	156	158	171	0	255
 51406	133	128	93	156	158	174	0	255
 51451	131	127	93	156	159	174	8	255
 51497	133	122	93	156	159	182	8	255
 51542	140	128	93	156	159	186	8	255
 51588	145	134	93	156	158	188	8	255
 51633	149	136	94	156	158	183	8	255
 51678	149	138	94	156	158	182	8	255
 51724	150	139	94	156	158	184	8	255
 51769	152	139	94	156	158	184	8	255
 51814	152	140	94	156	158	178	8	255
 51860	150	140	94	156	159	170	8	255
 51905	147	139	94	157	159	168	0	255
 51950	144	137	94	157	159	172	0	255
 51996	142	135	94	156	159	176	8	255
 52041	142	131	94	156	159	183	8	255
 52086	146	134	94	156	159	189	8	255
 52132	150	137	94	156	159	192	8	255
 52177	153	138	94	156	159	189	8	255
 52222	154	139	94	156	159	190	8	255
 52268	156	140	94	156	159	192	8	255
 52313	157	140	94	156	159	194	8	255
 52359	158	140	94	156	159	189	8	255
 52404	157	140	94	156	159	180	8	255
 52449	154	140	94	157	159	176	8	255
 52495	152	139	95	157	159	176	8	255
 52540	150	139	95	157	159	177	8	255
 52586	149	140	95	157	159	178	8	255
 52631	150	140	95	157	159	183	8	255
 52676	151	141	95	157	159	186	8	255
 52721	153	141	95	157	159	188	8	255
 52767	154	141	95	157	159	189	8	255
 52812	155	141	95	157	159	189	8	255
 52857	156	141	95	157	159	192	8	255
 52903	157	141	95	157	159	196	8	255
 52948	160	141	95	157	159	204	8	255
 52993	163	141	95	157	159	212	8	255
 53039	167	142	95	157	159	214	8	255
 53084	170	142	95	157	159	208	8	255
 53130	171	142	95	157	159	206	8	255
 53175	170	141	95	157	159	201	8	255
 53220	168	140	95	157	159	198	8	255
 53266	166	140	95	157	159	190	8	255
 53311	162	139	95	157	159	183	8	255
 53356	158	138	95	157	159	176	8	255
 53402	154	137	95	157	159	171	0	255
 53447	150	136	96	157	159	168	0	255
 53492	146	134	96	157	159	168	0	255
 53538	144	133	96	157	159	170	0	255
 53583	141	131	96	157	159	171	0	255
 53628	139	130	96	157	159	171	0	255
 53674	137	129	96	157	159	174	0	255
 53719	135	122	96	157	159	178	8	255
 53764	140	127	96	157	159	183	8	255
 53810	144	133	96	157	159	184	8	255
 53855	147	137	96	157	159	180	8	255
 53900	148	139	96	157	159	178	8	255
 53946	149	140	96	157	159	182	8	255
 53991	150	140	96	157	159	182	8	255
 54037	150	141	96	157	159	178	8	255
 54082	149	141	96	157	159	171	0	255
 54127	147	140	96	157	159	166	0	255
 54173	145	139	96	157	159	165	0	255
 54218	142	137	96	157	159	165	0	255
 54263	140	136	96	157	159	166	0	255
 54309	138	134	96	157	159	166	0	255
 54354	136	133	96	157	159	168	0	255
 54399	134	131	96	157	159	168	0	255
 54445	132	130	96	157	159	171	0	255
 54491	131	129	96	157	159	172	0	255
 54535	129	128	96	157	159	174	0	255
 54581	127	127	96	157	159	176	0	255
 54626	126	122	96	157	159	176	8	255
 54672	129	122	96	157	159	180	8	255
 54717	137	130	96	157	159	182	8	255
 54762	142	134	96	157	159	180	8	255
 54808	145	137	96	157	159	174	8	255
 54853	145	138	96	157	159	176	8	255
 54898	146	139	96	157	159	177	8	255
 54944	147	140	96	157	159	176	8	255
 54989	147	140	96	157	159	170	0	255
 55035	145	139	96	157	159	164	0	255
 55080	144	138	96	157	159	162	0	255
 55125	142	136	96	157	159	162	0	255
 55170	140	135	96	157	159	162	0	255
 55216	138	133	96	157	159	162	0	255
 55261	136	132	96	157	159	162	0	255
 55306	134	130	96	157	159	162	0	255
 55352	132	128	96	157	159	161	0	255
 55397	131	127	96	157	159	162	0	255
 55442	129	125	96	157	159	162	0	255
 55488	127	124	96	157	159	162	0	255
 55533	125	123	96	157	159	162	0	255
 55579	123	121	96	157	159	164	0	255
 55624	122	121	96	157	159	166	0	255
 55669	120	121	96	157	159	166	0	255
 55715	118	120	96	157	159	170	0	255
 55760	117	119	96	157	159	168	0	255
 55805	115	117	96	157	159	168	0	255
 55851	114	116	96	157	159	168	0	255
 55896	112	114	96	157	159	168	0	255
 55941	111	113	96	157	159	168	0	255
 55987	110	111	96	157	159	168	0	255
 56032	108	110	96	157	159	166	0	255
 56077	107	109	96	157	159	166	0	255
 56123	106	107	96	157	159	168	0	255
 56168	105	106	96	157	159	168	0	255
 56213	103	105	96	157	159	166	0	255
 56259	102	105	96	157	159	170	0	255
 56304	102	103	96	157	159	178	8	255
 56349	112	110	96	157	159	195	8	255
 56395	130	122	96	157	159	204	8	255
 56440	143	130	96	157	159	207	8	255
 56486	153	134	96	157	159	206	8	255
 56531	158	136	96	157	159	213	8	255
 56576	164	137	96	157	159	218	8	255
 56622	169	138	96	157	159	214	8	255
 56667	170	139	96	157	159	198	8	255
 56712	166	136	96	157	159	183	8	255
 56758	160	134	96	157	159	182	8	255
 56803	157	135	96	157	159	184	8	255
 56848	156	137	96	157	159	186	8	255
 56894	157	139	96	157	159	188	8	255
 56939	157	140	96	157	159	189	8	255
 56984	157	140	96	157	159	186	8	255
 57030	156	140	96	157	159	184	8	255
 57075	155	140	96	157	159	180	8	255
 57120	153	140	96	157	159	176	8	255
 57166	151	139	96	157	159	171	8	255
 57211	148	138	97	157	159	171	0	255
 57256	145	136	97	157	159	176	0	255
 57302	144	130	97	157	159	183	8	255
 57347	147	133	97	157	159	192	8	255
 57393	152	137	97	157	159	196	8	255
 57438	156	139	97	157	159	198	8	255
 57483	159	140	97	157	159	198	8	255
 57529	161	141	97	157	159	202	8	255
 57574	163	141	97	157	159	202	8	255
 57619	164	141	97	157	159	201	8	255
 57665	165	141	97	157	160	196	8	255
 57710	163	141	97	157	160	189	8	255
 57755	161	141	97	158	160	184	8	255
 57801	158	140	97	158	160	184	8	255
 57846	157	140	97	158	160	184	8	255
 57891	155	141	97	158	160	184	8	255
 57937	154	141	97	158	160	180	8	255
 57982	153	141	97	158	160	177	8	255
 58027	151	140	97	158	160	174	8	255
 58073	149	140	97	158	160	172	8	255
 58118	147	139	97	158	160	170	0	255
 58163	145	137	97	158	160	171	0	255
 58209	143	136	97	158	160	174	0	255
 58254	141	133	97	158	160	177	8	255
 58300	143	132	97	158	160	186	8	255
 58345	147	136	97	158	160	189	8	255
 58390	151	138	97	158	160	192	8	255
 58436	154	140	98	158	160	194	8	255
 58481	157	141	98	158	160	196	8	255
 58526	159	141	98	158	160	202	8	255
 58572	162	142	98	158	160	202	8	255
 58617	165	142	98	158	160	198	8	255
 58662	165	142	98	158	160	194	8	255
 58708	163	142	98	158	160	189	8	255
 58753	160	141	98	158	160	188	8	255
 58798	159	141	98	158	160	184	8	255
 58844	157	141	98	158	160	183	8	255
 58889	155	141	98	158	160	180	8	255
 58935	153	141	98	158	160	178	8	255
 58980	152	141	98	158	160	178	8	255
 59025	151	141	98	158	160	180	8	255
 59071	152	142	98	158	160	183	8	255
 59116	153	143	98	158	160	189	8	255
 59161	154	143	98	158	160	192	8	255
 59207	156	143	98	158	160	195	8	255
 59252	159	143	98	158	160	200	8	255
 59297	161	143	98	158	160	202	8	255
 59343	164	143	98	158	160	204	8	255
 59388	165	143	98	158	160	204	8	255
 59433	167	143	98	158	160	207	8	255
 59479	168	143	99	158	160	208	8	255
 59524	169	144	99	158	160	208	8	255
 59569	170	144	99	158	160	210	8	255
 59615	171	144	99	158	160	208	8	255
 59660	171	144	99	158	160	208	8	255
 59705	172	144	99	158	160	208	8	255
 59751	172	144	99	158	160	206	8	255
 59796	170	144	99	158	161	198	8	255
 59841	168	143	99	159	161	195	8	255
 59887	166	142	99	159	161	192	8	255
 59932	164	143	99	159	161	194	8	255
 59978	163	143	99	159	161	192	8	255
 60023	162	143	99	159	161	192	8	255
 60068	161	144	99	159	161	194	8	255
 60114	161	144	99	159	161	195	8	255
 60159	162	144	99	159	161	198	8	255
 60204	163	144	99	159	161	198	8	255
 60250	164	144	99	159	161	196	8	255
 60295	163	144	99	159	161	192	8	255
 60341	161	144	99	159	161	189	8	255
 60386	160	143	99	159	161	183	8	255
 60431	157	142	99	159	161	180	8	255
 60476	155	141	99	159	161	174	8	255
 60522	152	141	99	159	161	171	0	255
 60568	149	139	99	159	161	170	0	255
 60613	146	138	99	159	161	170	0	255
 60658	144	136	99	159	161	168	0	255
 60703	142	134	99	159	161	170	0	255
 60749	140	133	99	159	161	170	0	255
 60794	137	132	99	159	161	171	0	255
 60839	135	130	100	159	161	168	0	255
 60885	133	129	99	159	161	171	0	255
 60930	132	128	99	159	161	171	0	255
 60975	130	126	99	159	161	170	0	255
 61021	128	125	99	159	161	171	0	255
 61066	126	124	99	159	161	174	0	255
 61111	124	123	99	159	161	174	0	255
 61157	123	122	99	159	161	174	0	255
 61202	121	121	99	159	161	177	0	255
 61247	121	114	99	159	161	184	8	255
 61293	132	122	99	159	161	195	8	255
 61338	143	131	99	159	161	201	8	255
 61384	152	136	99	159	161	201	8	255
 61429	157	139	99	159	161	202	8	255
 61474	160	141	99	159	161	207	8	255
 61520	165	142	99	159	161	212	8	255
 61565	168	142	99	159	161	206	8	255
 61610	168	143	100	159	161	192	8	255
 61656	164	141	100	159	161	180	8	255
 61701	158	138	100	159	161	177	8	255
 61746	155	138	100	159	161	176	8	255
 61792	152	140	100	159	161	172	8	255
 61837	150	140	100	159	161	170	0	255
 61883	148	139	100	159	161	168	0	255
 61928	146	137	100	159	161	165	0	255
 61973	144	136	100	159	161	165	0	255
 62018	141	134	100	159	161	162	0	255
 62064	139	132	100	159	161	162	0	255
 62109	137	130	100	159	161	160	0	255
 62155	135	129	100	159	161	160	0	255
 62200	133	127	100	159	161	160	0	255
 62292	130	124	100	159	161	156	0	255
 62336	128	120	100	159	161	158	8	255
 62381	129	124	100	159	161	160	8	255
 62427	132	132	100	159	161	158	8	255
 62472	133	136	100	159	161	156	8	255
 62517	133	139	100	159	161	152	8	255
 62563	131	140	100	159	161	151	8	255
 62608	130	140	100	159	161	148	8	255
 62653	128	141	100	159	161	145	8	255
 62699	127	141	100	159	161	140	8	255
 62744	124	141	100	159	161	136	8	255
 62789	122	141	100	159	161	137	8	255
 62835	121	142	100	159	161	140	8	255
 62880	121	142	100	159	161	142	8	255
 62925	122	143	100	159	161	142	8	255
 62971	123	143	100	158	161	144	8	255
 63016	123	143	100	158	161	144	8	255
 63061	124	143	100	158	161	144	8	255
 63107	124	143	100	158	161	144	8	255
 63152	124	143	100	158	161	144	8	255
 63198	124	143	100	158	161	144	8	255
 63243	124	143	100	158	161	145	8	255
 63288	124	143	100	158	161	145	8	255
 63334	124	143	100	158	161	145	8	255
 63379	125	143	101	158	161	145	8	255
 63424	125	143	101	158	161	146	8	255
 63470	125	143	101	158	161	145	8	255
 63515	125	143	101	158	161	146	8	255
 63560	125	143	101	158	161	145	8	255
 63606	125	143	101	158	161	146	8	255
 63651	125	143	101	158	161	145	8	255
 63696	125	143	101	158	161	145	8	255
 63742	126	143	101	157	161	148	8	255
 63787	126	143	101	157	161	148	8	255
 63832	126	143	101	157	161	151	8	255
 63878	128	143	101	157	161	156	8	255
 63923	130	143	101	157	161	160	8	255
 63968	133	143	101	157	161	162	8	255
 64014	135	143	101	157	161	164	0	255
 64059	136	142	101	157	161	166	0	255
 64105	136	140	101	157	161	166	0	255
 64150	135	139	101	157	161	166	0	255
 64195	134	137	101	157	161	165	0	255
 64241	133	135	101	157	161	164	0	255
 64286	131	133	101	157	161	162	0	255
 64331	129	131	101	157	161	161	0	255
 64377	128	129	101	157	161	160	0	255
 64422	126	128	101	157	161	158	0	255
 64467	125	127	101	157	161	160	0	255
 64513	123	126	101	157	161	161	0	255
 64558	121	125	101	157	161	162	0	255
 64603	120	124	101	157	161	164	0	255
 64649	118	124	101	157	161	164	0	255
 64694	117	122	101	157	161	164	0	255
 64739	116	120	101	157	161	161	0	255
 64785	114	118	101	157	161	161	0	255
 64831	113	116	101	157	161	161	0	255
 64876	111	115	101	157	161	160	0	255
 64921	110	114	101	157	161	160	0	255
 64967	109	113	101	157	161	160	0	255
 65012	108	111	101	157	161	158	0	255
 65057	106	110	101	157	161	156	0	255
 65102	105	109	101	157	161	155	0	255
 65148	104	108	101	157	161	155	0	255
 65193	103	107	101	157	161	154	0	255
 65238	103	105	101	157	161	156	8	255
 65284	111	115	101	157	161	165	0	255
 65329	120	121	101	157	161	170	0	255
 65374	126	123	101	157	161	171	0	255
 65420	128	124	101	157	161	172	0	255
 65465	129	123	101	157	161	172	0	255
 65510	129	122	101	157	161	171	0	255
 65556	128	121	101	157	161	170	0	255
 65601	127	119	101	157	161	166	0	255
 65646	126	118	101	157	161	165	0	255
 65692	125	117	101	157	161	164	0	255
 65737	123	116	101	157	161	161	0	255
 65782	122	114	101	157	161	160	0	255
 65828	120	113	101	157	161	156	0	255
 65873	118	112	101	157	161	156	0	255
 65919	117	111	101	157	161	155	8	255
 65964	118	110	101	157	161	160	8	255
 66009	124	122	101	157	161	160	8	255
 66055	128	130	101	157	161	156	8	255
 66100	130	135	101	157	161	154	8	255
 66145	130	137	101	156	161	154	8	255
 66191	130	138	101	156	161	151	8	255
 66236	129	139	101	156	161	144	8	255
 66281	126	139	101	156	161	134	8	255
 66327	122	138	101	156	161	128	8	255
 66372	118	138	101	156	161	130	8	255
 66417	116	139	101	156	161	134	8	255
 66463	117	140	101	156	161	140	8	255
 66508	118	141	101	156	161	142	8	255
 66553	120	141	101	156	161	144	8	255
 66599	122	141	101	156	161	146	8	255
 66644	123	141	101	156	161	146	8	255
 66689	125	141	101	156	161	148	8	255
 66735	126	141	101	156	161	150	8	255
 66780	126	141	101	156	161	152	8	255
 66826	128	141	101	156	161	155	8	255
 66871	130	141	101	156	161	158	8	255
 66916	132	141	101	156	161	161	8	255
 66962	134	141	101	155	161	161	8	255
 67007	135	141	101	155	161	164	0	255
 67052	135	139	101	155	161	164	0	255
 67098	135	138	101	155	161	164	0	255
 67143	134	136	101	155	161	162	0	255
 67188	132	135	101	155	161	162	0	255
 67234	131	133	101	155	161	162	0	255
 67279	129	131	101	155	161	161	0	255
 67324	128	129	101	155	161	160	0	255
 67370	126	127	101	155	161	158	0	255
 67415	125	125	101	155	161	156	0	255
 67460	123	123	101	155	161	155	0	255
 67506	121	122	101	155	161	156	0	255
 67551	120	121	101	155	161	158	0	255
 67597	118	120	101	155	161	156	0	255
 67642	117	118	101	155	161	156	0	255
 67687	116	117	101	155	161	155	0	255
 67733	114	115	101	155	161	155	0	255
 67778	113	114	101	155	161	155	0	255
 67823	112	112	101	155	161	152	0	255
 67869	110	111	101	155	161	152	0	255
 67914	109	109	101	155	161	152	0	255
 67959	109	107	101	155	161	156	8	255
 68005	117	114	101	155	161	164	0	255
 68050	124	120	101	155	161	164	0	255
 68095	128	122	101	155	161	162	0	255
 68141	130	122	101	155	161	160	0	255
 68186	130	121	101	155	161	158	0	255
 68231	130	120	101	155	161	155	0	255
 68277	129	119	101	155	161	154	0	255
 68322	128	118	101	155	161	152	8	255
 68368	129	124	101	155	161	155	8	255
 68413	130	131	101	155	161	154	8	255
 68458	130	134	101	155	161	151	8	255
 68504	130	137	101	155	161	151	8	255
 68549	130	138	101	155	161	150	8	255
 68594	129	138	101	155	161	144	8	255
 68640	126	138	101	155	161	132	8	255
 68685	121	137	101	155	161	127	8	255
 68730	117	137	101	155	161	126	8	255
 68776	114	138	101	155	161	128	8	255
 68821	114	139	101	155	161	130	8	255
 68866	114	139	101	155	160	132	8	255
 68912	115	140	101	155	161	134	8	255
 68957	116	140	101	155	160	134	8	255
 69002	116	140	101	155	160	134	8	255
 69048	116	140	101	155	160	132	8	255
 69093	116	140	101	154	160	132	8	255
 69138	116	140	101	154	160	132	8	255
 69184	115	140	101	154	160	132	8	255
 69229	115	140	101	154	160	132	8	255
 69275	116	140	101	154	160	132	8	255
 69320	116	140	101	154	160	134	8	255
 69365	116	140	101	154	160	134	8	255
 69411	116	140	101	154	160	134	8	255
 69456	116	140	101	154	160	132	8	255
 69501	116	140	101	154	160	134	8	255
 69547	116	140	101	154	160	134	8	255
 69592	116	140	101	154	160	134	8	255
 69637	116	140	101	154	160	134	8	255
 69683	116	140	101	154	160	136	8	255
 69728	116	140	101	153	160	134	8	255
 69773	116	140	101	153	160	134	8	255
 69819	116	140	101	153	160	136	8	255
 69864	117	140	101	153	160	134	8	255
 69909	116	140	101	153	160	136	8	255
 69955	116	140	101	153	160	134	8	255
 70000	116	140	101	153	160	134	8	255
 70045	116	140	101	153	160	134	8	255
 70091	116	140	101	153	160	134	8	255
 70136	116	140	101	153	160	134	8	255
 70182	116	139	101	153	160	134	8	255
 70227	116	139	101	153	160	132	8	255
 70272	116	139	101	153	160	132	8	255
 70318	116	139	101	153	160	132	8	255
 70363	116	139	101	153	160	132	8	255
 70408	115	139	101	152	160	132	8	255
 70454	115	139	101	152	160	132	8	255
 70499	115	139	101	152	160	131	8	255
 70544	115	139	101	152	160	131	8	255
 70590	115	139	101	152	160	131	8	255
 70635	115	139	101	152	160	130	8	255
 70680	115	139	101	152	160	131	8	255
 70726	115	139	101	152	160	131	8	255
 70771	114	139	101	152	160	130	8	255
 70816	114	139	101	152	160	131	8	255
 70862	114	139	101	152	160	132	8	255
 70907	114	139	101	152	160	130	8	255
 70952	114	139	101	152	160	132	8	255
 70998	114	139	101	152	160	131	8	255
 71043	114	139	101	152	160	131	8	255
 71089	114	139	101	151	160	130	8	255
 71134	114	139	101	151	160	130	8	255
 71179	114	138	101	151	160	130	8	255
 71225	113	138	101	151	160	130	8	255
 71270	113	138	101	151	160	130	8	255
 71315	113	138	101	151	160	128	8	255
 71361	113	138	101	151	160	130	8	255
 71406	113	138	101	151	160	128	8	255
 71451	113	138	101	151	160	130	8	255
 71497	113	138	101	151	160	128	0	255
 71542	112	137	101	151	160	127	0	255
 71587	112	135	101	151	160	124	0	255
 71633	111	134	101	151	160	123	0	255
 71678	110	132	101	151	160	120	0	255
 71723	109	130	101	151	160	119	0	255
 71769	108	129	101	151	160	116	0	255
 71814	107	127	101	150	160	113	0	255
 71859	106	126	101	150	160	110	0	255
 71905	105	124	101	150	160	109	0	255
 71950	104	123	101	150	160	106	0	255
 71996	103	121	101	150	160	105	0	255
 72041	102	120	101	150	160	104	0	255
 72086	101	118	101	150	160	101	0	255
 72132	100	117	101	150	160	101	0	255
 72177	99	115	101	150	160	98	0	255
 72222	98	114	101	150	160	97	0	255
 72268	97	113	101	150	160	96	0	255
 72314	96	111	101	150	160	94	0	255
 72359	95	109	101	150	160	93	0	255
 72404	94	107	101	150	160	92	0	255
 72450	94	105	101	150	160	90	0	255
 72495	93	104	101	150	160	89	0	255
 72540	92	103	101	150	160	88	0	255
 72586	91	101	101	150	160	88	0	255
 72630	91	100	101	150	160	86	0	255
 72676	90	98	101	150	160	85	0	255
 72721	89	97	100	150	160	84	0	255
 72766	89	96	100	150	160	83	0	255
 72812	88	95	100	150	160	82	0	255
 72858	87	94	100	150	160	80	0	255
 72903	87	93	100	150	160	80	0	255
 72948	86	92	100	150	160	79	0	255
 72993	85	91	100	150	160	78	0	255
 73039	85	90	100	150	160	78	0	255
 73084	84	89	100	150	160	76	0	255
 73129	84	88	100	150	160	75	0	255
 73175	83	87	100	150	160	75	0	255
 73220	83	86	100	150	160	74	0	255
 73265	82	86	100	150	160	74	0	255
 73311	82	85	100	150	160	71	0	255
 73356	81	84	100	150	160	71	0	255
 73401	81	84	100	150	160	70	0	255
 73447	80	83	100	150	160	70	0	255
 73492	80	83	100	150	160	68	0	255
 73537	80	82	100	150	160	68	0	255
 73583	79	82	100	150	160	67	0	255
 73628	79	81	100	150	160	67	0	255
 73673	78	81	100	150	160	67	0	255
 73719	78	80	100	150	160	66	0	255
 73764	78	80	100	150	160	66	0	255
 73810	77	79	100	150	160	65	0	255
 73855	77	79	100	150	160	65	0	255
 73900	77	78	100	150	160	64	0	255
 73946	76	78	100	150	160	62	0	255
 73991	76	78	99	150	160	62	0	255
 74036	76	77	99	150	160	62	0	255
 74082	75	77	99	150	160	61	0	255
 74127	75	76	99	150	160	60	0	255
 74172	75	76	99	150	160	60	0	255
 74218	74	76	99	150	160	60	0	255
 74263	74	75	99	150	160	58	0	255
 74308	74	75	99	150	160	58	0	255
 74354	73	75	99	150	160	57	0	255
 74399	73	74	99	150	160	57	0	255
 74444	73	74	99	150	160	58	0	255
 74490	73	74	99	150	160	57	0	255
 74535	72	74	99	150	160	56	0	255
 74580	72	73	99	150	160	56	0	255
 74626	72	73	99	150	160	56	0	255
 74671	72	73	99	150	160	53	0	255
 74717	71	72	99	150	160	53	0	255
 74762	71	72	99	150	160	53	0	255
 74807	71	72	99	150	160	53	0	255
 74853	71	72	99	150	160	53	0	255
 74898	71	71	99	150	160	52	0	255
 74943	70	71	99	150	160	52	0	255
 74989	70	71	99	150	160	50	0	255
 75034	70	71	99	150	160	50	0	255
 75079	70	70	99	150	159	51	0	255
 75125	70	70	99	150	159	51	0	255
 75170	69	70	99	150	159	50	0	255
 75215	69	70	99	150	159	50	0	255
 75261	69	70	99	150	160	50	0	255
 75306	69	69	99	150	159	48	0	255
 75351	69	69	99	150	159	48	0	255
 75397	69	69	98	150	159	48	0	255
 75442	68	69	99	150	159	48	0	255
 75488	68	69	98	150	159	48	0	255
 75533	68	68	98	150	159	47	0	255
 75578	68	68	98	150	159	47	0	255
 75624	68	68	98	150	159	47	0	255
 75669	68	68	98	150	159	47	0	255
 75714	68	68	98	150	159	48	0	255
 75760	67	68	98	150	159	45	0	255
 75805	67	67	98	150	159	45	0	255
 75850	67	67	98	150	159	45	0	255
 75896	67	67	98	150	159	45	0	255
 75941	67	67	98	150	159	46	0	255
 75986	67	67	98	150	159	45	0	255
 76032	67	67	98	150	159	44	0	255
 76077	66	66	98	150	159	44	0	255
 76122	66	66	98	150	159	44	0	255
 76168	66	66	98	150	159	44	0	255
 76213	66	66	98	150	159	44	0	255
 76258	66	66	98	150	159	42	0	255
 76304	66	66	98	150	159	41	0	255
 76349	66	66	98	150	159	42	0	255
 76394	66	65	98	150	159	42	0	255
 76440	65	65	98	150	159	42	0	255
 76485	65	65	98	150	159	42	0	255
 76531	65	65	98	150	159	41	0	255
 76576	65	65	98	150	159	41	0	255
 76621	65	65	98	150	159	40	0	255
 76758	65	64	98	150	159	41	0	255
 76803	65	64	98	150	159	40	0	255
 76848	65	64	98	150	159	40	0	255
 76893	64	64	98	150	159	40	0	255
 76939	64	64	98	150	159	38	0	255
 76984	64	64	98	150	159	38	0	255
 77030	64	64	98	150	159	38	0	255
 77075	64	64	97	150	159	38	0	255
 77120	64	64	97	150	159	38	0	255
 77165	64	64	97	150	159	38	0	255
 77211	64	63	97	150	159	37	0	255
 77256	64	63	97	150	159	37	0	255
 77301	64	63	97	150	159	37	0	255
 77347	64	63	97	150	159	37	0	255
 77392	63	63	97	150	159	37	0	255
 77438	63	63	97	150	159	37	0	255
 77483	63	63	97	150	159	37	0	255
 77528	63	63	97	150	159	36	0	255
 77574	63	63	97	150	159	36	0	255
 77619	63	63	97	150	159	37	0	255
 77664	63	63	97	150	159	37	0	255
 77713	63	62	97	150	159	36	0	255
 77755	63	62	97	150	159	36	0	255
 77800	63	62	97	150	159	36	0	255
 77846	63	62	97	150	159	36	0	255
 77891	63	62	97	150	159	36	0	255
 77936	63	62	96	150	159	36	0	255
 77982	63	62	96	150	159	36	0	255
 78027	63	62	95	150	159	35	0	255
 78076	63	62	94	150	159	35	0	255
 78118	62	62	93	150	159	35	0	255
 78163	62	62	93	150	159	35	0	255
 78208	62	62	92	150	159	34	0	255
 78254	62	62	92	150	159	35	0	255
 78299	62	62	92	150	159	34	0	255
 78344	62	62	91	150	159	35	0	255
 78390	62	61	91	150	159	34	0	255
 78435	62	61	91	150	159	34	0	255
 78481	62	61	90	150	159	35	0	255
 78526	62	61	90	150	159	34	0	255
 78571	62	61	90	150	159	34	0	255
 78617	62	61	90	150	159	34	0	255
 78662	62	61	89	150	159	35	0	255
 78707	62	61	89	150	159	34	0	255
 78753	62	61	89	150	159	34	0	255
 78798	62	61	89	150	159	34	0	255
 78843	62	61	89	150	159	34	0	255
 78889	62	61	89	150	159	32	0	255
 78938	62	61	88	150	159	32	0	255
 78979	62	61	88	150	159	34	0	255
 79025	62	61	88	150	159	32	0	255
 79070	62	61	88	150	159	32	0	255
 79115	61	61	88	150	159	32	0	255
 79161	61	61	88	150	159	32	0	255
 79206	61	61	88	150	159	32	0	255
 79251	61	60	87	150	159	32	0	255
 79297	61	60	87	150	159	32	0	255
 79342	61	60	87	150	159	32	0	255
 79433	61	60	87	150	159	32	0	255
 79569	61	60	87	150	159	32	0	255
 79614	61	60	87	150	159	32	0	255
 79660	61	60	86	150	159	32	0	255
 79705	61	60	86	150	159	32	0	255
 79750	61	60	86	150	159	31	0	255
 79796	61	60	86	150	159	34	0	255
 79841	61	60	86	150	159	31	0	255
 79886	61	60	86	150	159	31	0	255
 79932	61	60	86	150	159	32	0	255
 79977	61	60	86	150	159	31	0	255
 80022	61	60	86	150	159	31	0	255
 80068	61	60	86	150	159	31	0	255
 80113	61	60	86	150	159	32	0	255
 80158	61	60	86	150	159	31	0	255
 80204	61	60	85	150	159	31	0	255
 80249	61	60	85	150	159	31	0	255
 80340	61	60	85	150	158	31	0	255
 80385	61	60	85	150	158	32	0	255
 80431	61	60	85	150	158	31	0	255
 80476	61	60	85	150	158	31	0	255
 80521	61	60	85	150	158	31	0	255
 80567	61	59	85	150	158	31	0	255
 80612	61	59	85	150	158	31	0	255
 80657	61	59	85	150	158	30	0	255
 80703	60	59	85	150	158	31	0	255
 80748	61	59	85	150	158	31	0	255
 80794	60	59	85	150	158	30	0	255
 80839	60	59	85	150	158	31	0	255
 80884	60	59	85	150	158	30	0	255
 80929	60	59	84	150	158	31	0	255
 80975	60	59	84	150	158	30	0	255
 81020	60	59	84	150	158	30	0	255
 81065	60	59	84	150	158	30	0	255
 81111	60	59	84	150	158	30	0	255
 81156	60	59	84	150	158	30	0	255
 81202	60	59	84	150	158	31	0	255
 81247	60	59	84	150	158	31	0	255
 81292	60	59	84	150	158	30	0	255
 81338	60	59	84	150	158	31	0	255
 81383	60	59	84	150	158	30	0	255
 81474	60	59	84	150	158	31	0	255
 81519	60	59	84	150	158	29	0	255
 81564	60	59	84	150	158	30	0	255
 81610	60	59	84	150	158	30	0	255
 81655	60	59	84	150	158	30	0	255
 81702	60	59	84	150	158	29	0	255
 81746	60	59	84	150	158	30	0	255
 81791	60	59	84	150	158	31	0	255
 81836	60	59	84	150	158	30	0	255
 81882	60	59	84	150	158	29	0	255
 81927	60	59	84	150	158	30	0	255
 81972	60	59	84	150	158	30	0	255
 82018	60	59	83	150	158	30	0	255
 82063	60	59	83	150	158	29	0	255
 82109	60	59	83	150	158	30	0	255
 82154	60	59	83	150	158	29	0	255
 82203	60	59	83	150	158	29	0	255
 82245	60	59	83	150	158	30	0	255
 82290	60	59	83	150	158	30	0	255
 82337	60	59	83	149	158	29	0	255
 82381	60	59	83	150	158	29	0	255
 82426	60	59	83	149	158	30	0	255
 82471	60	59	83	149	158	29	0	255
 82517	60	59	83	149	158	29	0	255
 82562	60	59	83	149	158	29	0	255
 82607	60	59	83	149	158	29	0	255
 82653	60	59	83	149	158	29	0	255
 82698	60	59	83	149	158	29	0	255
 82744	60	59	83	149	158	29	0	255
 82789	60	59	83	149	158	29	0	255
 82838	60	58	83	149	158	29	0	255
 82879	60	58	83	149	158	29	0	255
 82925	60	58	83	149	158	29	0	255
 82970	60	58	83	149	158	29	0	255
 83016	60	58	83	149	158	29	0	255
 83061	60	58	83	149	158	29	0	255
 83106	60	58	83	149	158	30	0	255
 83152	60	58	83	149	158	29	0	255
 83197	60	58	83	149	158	30	0	255
 83242	60	58	83	149	158	29	0	255
 83288	60	58	83	149	158	29	0	255
 83333	60	58	83	149	158	30	0	255
 83378	60	58	83	149	158	28	0	255
 83424	59	58	83	149	158	29	0	255
 83469	60	58	83	149	158	29	0	255
 83514	59	58	83	149	158	28	0	255
 83605	59	58	83	149	158	28	0	255
 83650	59	58	83	149	158	28	0	255
 83696	59	58	83	149	158	28	0	255
 83741	59	58	83	149	158	29	0	255
 83786	59	58	83	149	158	26	0	255
 83832	59	58	82	149	158	28	0	255
 83877	59	58	83	149	158	28	0	255
 83922	59	58	83	149	158	29	0	255
 84013	59	58	82	149	158	28	0	255
 84058	59	58	82	149	158	28	0	255
 84104	59	58	82	149	158	29	0	255
 84149	59	58	82	149	158	28	0	255
 84195	59	58	82	149	158	28	0	255
 84240	59	58	82	149	158	26	0	255
 84285	59	58	82	149	158	28	0	255
 84331	59	58	82	149	158	26	0	255
 84376	59	58	82	149	158	28	0	255
 84421	59	58	82	149	158	28	0	255
 84516	59	58	82	149	158	28	0	255
 84561	59	58	82	149	158	26	0	255
 84649	59	58	82	149	158	26	0	255
 84693	59	58	82	149	158	28	0	255
 84739	59	58	82	149	158	28	0	255
 84784	59	58	82	149	158	29	0	255
 84829	59	58	82	149	158	28	0	255
 84875	59	58	82	149	158	26	0	255
 84920	59	58	82	149	158	26	0	255
 84965	59	58	82	149	158	28	0	255
 85011	59	58	82	149	158	28	0	255
 85056	59	58	82	149	158	29	0	255
 85147	59	58	82	149	158	28	0	255
 85192	59	58	82	149	158	26	0	255
 85237	59	58	82	149	158	28	0	255
 85283	59	58	82	149	158	26	0	255
 85328	59	58	82	149	158	26	0	255
 85374	59	58	82	149	157	28	0	255
 85419	59	58	82	149	157	28	0	255
 85465	59	58	82	149	157	26	0	255
 85510	59	58	82	149	157	25	0	255
 85555	59	58	82	149	157	26	0	255
 85600	59	58	82	149	157	26	0	255
 85646	59	58	82	149	157	26	0	255
 85691	59	58	82	149	157	26	0	255
 85782	59	58	82	149	157	28	0	255
 85827	59	58	82	149	157	26	0	255
 85918	59	58	82	149	157	26	0	255
 85963	59	58	82	149	157	28	0	255
 86008	59	58	82	149	157	28	0	255
 86054	59	58	82	149	157	26	0	255
 86099	59	58	82	149	157	26	0	255
 86148	59	58	82	149	157	26	0	255
 86193	59	58	82	149	157	26	0	255
 86238	59	58	82	149	157	26	0	255
 86280	59	58	82	149	157	26	0	255
 86371	59	58	82	149	157	26	0	255
