HomeCentral
 Falkenstrasse 20
 8630 Rueti
 Datum: 20.02.14 00:00
 
 Startzeit: 2014-02-20 00:00:01 +0100
 46	32	32	44	100	104	8	0	255
 91	32	32	43	100	104	7	0	255
 137	32	32	43	100	104	7	0	255
 182	32	32	43	100	104	8	0	255
 227	32	32	43	100	104	8	0	255
 273	32	32	43	100	104	8	0	255
 318	32	32	43	100	104	8	0	255
 363	32	32	42	100	104	8	0	255
 409	32	32	42	100	104	8	0	255
 454	32	32	42	100	104	8	0	255
 499	32	32	42	100	104	8	0	255
 545	32	32	42	100	104	8	0	255
 590	32	32	42	100	104	8	0	255
 635	32	32	42	100	104	8	0	255
 681	32	32	42	100	104	8	0	255
 726	32	32	42	100	104	8	0	255
 771	32	32	42	100	104	8	0	255
 817	32	32	42	100	104	10	0	255
 862	32	32	42	100	104	8	0	255
 907	32	32	42	100	104	8	0	255
 953	32	32	42	100	104	8	0	255
 998	32	32	42	100	104	8	0	255
 1044	32	32	42	100	104	8	0	255
 1089	32	32	42	100	104	8	0	255
 1134	32	32	42	100	104	8	0	255
 1180	32	32	42	100	104	8	0	255
 1225	32	32	42	100	104	8	0	255
 1270	32	32	42	100	104	8	0	255
 1316	32	32	42	100	104	10	0	255
 1361	32	32	42	100	104	8	0	255
 1406	32	32	41	100	104	8	0	255
 1452	32	32	41	100	104	10	0	255
 1497	32	32	41	100	104	8	0	255
 1542	32	32	41	100	104	8	0	255
 1588	32	32	41	100	104	8	0	255
 1633	32	32	41	100	104	10	0	255
 1678	32	32	41	100	104	8	0	255
 1724	32	32	41	100	104	10	0	255
 1769	32	32	41	100	104	8	0	255
 1815	32	32	41	100	104	10	0	255
 1860	32	32	41	100	104	8	0	255
 1905	32	32	41	100	104	10	0	255
 1951	32	32	41	100	104	10	0	255
 1996	32	32	41	100	104	10	0	255
 2041	32	32	41	100	104	10	0	255
 2087	32	32	41	100	104	11	0	255
 2132	32	32	41	100	104	7	0	255
 2177	32	32	41	100	104	10	0	255
 2223	32	32	41	100	104	8	0	255
 2268	32	32	41	100	104	10	0	255
 2313	32	32	41	100	104	10	0	255
 2359	32	32	41	100	104	10	0	255
 2404	32	32	41	100	104	10	0	255
 2449	32	32	41	100	104	11	0	255
 2495	32	32	41	100	104	10	0	255
 2540	32	32	41	100	104	8	0	255
 2585	32	32	41	100	104	10	0	255
 2631	32	32	41	100	104	10	0	255
 2676	32	32	41	100	104	8	0	255
 2722	32	32	41	100	104	8	0	255
 2767	32	32	41	100	104	11	0	255
 2812	32	32	41	100	104	8	0	255
 2858	32	32	41	100	104	8	0	255
 2903	32	32	41	100	104	10	0	255
 2948	32	32	41	100	104	10	0	255
 2994	32	32	41	100	104	10	0	255
 3039	32	32	41	100	104	10	0	255
 3084	32	32	41	100	104	11	0	255
 3130	32	32	41	100	104	8	0	255
 3175	32	32	41	100	104	10	0	255
 3220	32	32	41	100	104	10	0	255
 3266	32	32	41	100	104	10	0	255
 3311	32	32	41	100	104	10	0	255
 3356	32	32	41	100	104	8	0	255
 3402	32	32	41	100	104	8	0	255
 3447	32	32	41	100	104	10	0	255
 3492	32	32	41	100	104	10	0	255
 3538	32	32	41	100	104	10	0	255
 3583	32	32	41	100	104	10	0	255
 3628	32	32	41	100	104	10	0	255
 3674	32	32	41	100	104	11	0	255
 3719	32	32	41	100	104	10	0	255
 3765	32	32	41	100	104	11	0	255
 3810	32	32	41	100	104	8	0	255
 3855	32	32	41	100	104	8	0	255
 3901	32	32	41	100	104	10	0	255
 3946	32	32	41	100	104	10	0	255
 3991	32	32	41	100	104	11	0	255
 4037	32	32	41	100	104	10	0	255
 4082	32	32	41	100	104	11	0	255
 4127	32	32	41	100	104	11	0	255
 4173	32	32	41	100	104	10	0	255
 4218	32	32	41	100	104	10	0	255
 4263	32	32	41	100	104	10	0	255
 4309	32	32	41	100	104	10	0	255
 4354	32	32	41	100	104	10	0	255
 4399	32	32	41	100	104	10	0	255
 4445	32	32	41	100	104	10	0	255
 4490	32	32	41	100	104	10	0	255
 4536	32	32	41	100	104	11	0	255
 4581	32	32	41	100	104	10	0	255
 4626	32	32	41	100	104	10	0	255
 4672	32	32	41	100	104	11	0	255
 4717	32	32	41	100	104	10	0	255
 4762	32	32	41	100	104	11	0	255
 4808	32	32	41	100	104	10	0	255
 4853	32	32	41	100	104	10	0	255
 4898	32	32	41	100	104	11	0	255
 4944	32	32	41	100	104	11	0	255
 4989	32	32	41	100	104	10	0	255
 5034	32	32	41	100	104	10	0	255
 5080	32	32	41	100	104	10	0	255
 5125	32	32	41	100	104	10	0	255
 5170	32	32	41	100	104	10	0	255
 5216	32	32	41	100	104	11	0	255
 5261	32	32	41	100	104	10	0	255
 5306	32	32	41	100	104	10	0	255
 5352	32	32	41	100	104	10	0	255
 5397	32	32	41	100	104	11	0	255
 5442	32	32	41	100	104	11	0	255
 5489	32	32	41	100	104	10	0	255
 5533	32	32	41	100	104	11	0	255
 5579	32	32	41	100	104	10	0	255
 5624	32	32	41	100	104	10	0	255
 5669	32	32	41	100	104	11	0	255
 5715	32	32	41	100	104	10	0	255
 5760	32	32	41	100	104	10	0	255
 5805	32	32	41	100	104	10	0	255
 5851	32	32	41	100	104	10	0	255
 5896	32	32	41	100	104	10	0	255
 5941	32	32	41	100	104	10	0	255
 5987	32	32	41	100	104	10	0	255
 6032	32	32	41	100	104	10	0	255
 6077	32	32	41	99	104	11	0	255
 6123	32	32	41	100	104	8	0	255
 6168	32	32	41	100	104	10	0	255
 6213	32	32	41	99	104	8	0	255
 6259	32	32	41	100	104	11	0	255
 6304	32	32	41	100	104	8	0	255
 6349	32	32	41	99	104	10	0	255
 6395	32	32	41	99	104	10	0	255
 6440	32	32	41	99	104	10	0	255
 6486	32	32	41	99	104	10	0	255
 6531	32	32	41	99	104	10	0	255
 6576	32	32	41	99	104	10	0	255
 6622	32	32	41	99	104	11	0	255
 6667	32	32	41	99	104	10	0	255
 6712	32	32	41	99	104	10	0	255
 6758	32	32	41	99	104	10	0	255
 6803	32	32	41	99	103	11	0	255
 6848	32	32	41	99	104	8	0	255
 6894	32	32	41	99	104	10	0	255
 6939	32	32	41	99	103	8	0	255
 6984	32	32	41	99	103	10	0	255
 7030	32	32	41	99	104	10	0	255
 7075	32	32	41	99	103	10	0	255
 7120	32	32	41	99	103	10	0	255
 7166	32	32	41	99	103	11	0	255
 7211	32	32	41	99	103	10	0	255
 7256	32	32	41	99	103	10	0	255
 7302	32	32	41	99	103	11	0	255
 7347	32	32	41	99	103	10	0	255
 7393	32	32	41	99	103	8	0	255
 7438	32	32	41	99	103	10	0	255
 7483	32	32	41	99	103	10	0	255
 7529	32	32	41	99	103	10	0	255
 7574	32	32	41	99	103	10	0	255
 7619	32	32	41	99	103	11	0	255
 7665	32	32	41	99	103	8	0	255
 7710	32	32	41	99	103	10	0	255
 7755	32	32	41	99	103	10	0	255
 7801	32	32	41	99	103	10	0	255
 7846	32	32	41	99	103	10	0	255
 7891	32	32	41	99	103	10	0	255
 7937	32	32	41	99	103	11	0	255
 7982	32	32	41	99	103	10	0	255
 8027	32	32	41	99	103	10	0	255
 8073	32	32	41	99	103	10	0	255
 8118	32	32	41	99	103	10	0	255
 8163	32	32	41	99	103	10	0	255
 8209	32	32	41	99	103	10	0	255
 8254	32	32	41	99	103	10	0	255
 8300	32	32	41	99	103	10	0	255
 8345	32	32	41	99	103	10	0	255
 8390	32	32	41	99	103	10	0	255
 8436	32	32	41	99	103	8	0	255
 8481	32	32	41	99	103	8	0	255
 8526	32	32	41	99	103	10	0	255
 8572	32	32	41	99	103	10	0	255
 8617	32	32	41	99	103	10	0	255
 8662	32	32	41	99	103	10	0	255
 8708	32	32	41	99	103	10	0	255
 8753	32	32	41	99	103	10	0	255
 8798	32	32	41	99	103	11	0	255
 8844	32	32	41	99	103	10	0	255
 8889	32	32	41	99	103	10	0	255
 8934	32	32	41	99	103	8	0	255
 8980	32	32	41	99	103	10	0	255
 9025	32	32	41	99	103	10	0	255
 9070	32	32	41	99	103	10	0	255
 9116	32	32	41	99	103	8	0	255
 9161	32	32	41	99	103	10	0	255
 9207	32	32	41	99	103	10	0	255
 9252	32	32	41	99	103	10	0	255
 9297	32	32	41	99	103	10	0	255
 9343	32	32	41	99	103	11	0	255
 9388	32	32	41	99	103	10	0	255
 9433	32	32	41	99	103	10	0	255
 9479	32	32	41	99	103	11	0	255
 9524	32	32	41	99	103	11	0	255
 9569	32	32	41	99	103	10	0	255
 9615	32	32	41	99	103	8	0	255
 9660	32	32	41	99	103	10	0	255
 9706	32	32	41	99	103	8	0	255
 9751	32	32	41	99	103	10	0	255
 9796	32	32	41	99	103	10	0	255
 9841	32	32	41	99	103	8	0	255
 9887	32	32	41	99	103	10	0	255
 9932	32	32	41	99	103	10	0	255
 9977	32	32	41	99	103	10	0	255
 10023	32	32	41	99	103	8	0	255
 10068	32	32	41	99	103	8	0	255
 10113	32	32	41	99	103	8	0	255
 10159	32	32	41	99	103	11	0	255
 10204	32	32	41	99	103	8	0	255
 10250	32	32	41	99	103	10	0	255
 10295	32	32	41	99	103	10	0	255
 10340	32	32	41	99	103	10	0	255
 10386	32	32	41	99	103	10	0	255
 10431	32	32	41	99	103	8	0	255
 10476	32	32	41	99	103	8	0	255
 10522	32	32	41	99	103	8	0	255
 10567	32	32	41	99	103	8	0	255
 10612	32	32	41	99	103	10	0	255
 10658	32	32	41	99	103	10	0	255
 10703	32	32	41	99	103	8	0	255
 10748	32	32	41	99	103	8	0	255
 10794	32	32	41	99	103	7	0	255
 10839	32	32	41	99	103	8	0	255
 10884	32	32	41	99	103	8	0	255
 10930	32	32	41	99	103	7	0	255
 10975	32	32	41	99	103	8	0	255
 11020	32	32	41	99	103	8	0	255
 11066	32	32	41	99	103	8	0	255
 11111	32	32	41	99	103	8	0	255
 11157	32	32	41	99	103	8	0	255
 11202	32	32	41	99	103	8	0	255
 11247	32	32	41	99	103	7	0	255
 11293	32	32	41	99	103	8	0	255
 11338	32	32	41	99	103	7	0	255
 11383	32	32	41	99	103	7	0	255
 11429	32	32	41	99	103	8	0	255
 11474	32	32	41	99	103	7	0	255
 11519	32	32	41	99	103	7	0	255
 11565	32	32	41	99	103	7	0	255
 11610	32	32	41	99	103	7	0	255
 11655	32	32	41	99	103	7	0	255
 11701	32	32	41	99	103	7	0	255
 11746	32	32	41	99	103	7	0	255
 11791	32	32	41	99	103	6	0	255
 11837	32	32	41	99	103	8	0	255
 11882	32	32	41	99	103	7	0	255
 11927	32	32	41	99	103	6	0	255
 11973	32	32	41	99	103	6	0	255
 12018	32	32	41	99	103	7	0	255
 12064	32	32	41	99	103	6	0	255
 12109	32	32	41	99	103	7	0	255
 12154	32	32	41	99	103	6	0	255
 12200	32	32	41	99	103	5	0	255
 12245	32	32	41	99	103	6	0	255
 12290	32	32	41	99	103	5	0	255
 12336	32	32	41	99	103	6	0	255
 12381	32	32	41	99	103	6	0	255
 12426	32	32	41	99	103	6	0	255
 12472	32	32	41	99	103	6	0	255
 12517	32	32	41	99	103	5	0	255
 12562	32	32	41	99	103	5	0	255
 12608	32	32	41	99	103	5	0	255
 12653	32	32	41	99	103	7	0	255
 12698	32	32	41	99	103	5	0	255
 12744	32	32	41	99	103	5	0	255
 12789	32	32	41	99	103	5	0	255
 12834	32	32	41	99	103	6	0	255
 12880	32	32	41	99	103	6	0	255
 12925	32	32	41	99	103	5	0	255
 12971	32	32	42	99	103	5	0	255
 13016	32	32	42	99	103	5	0	255
 13061	32	32	41	99	103	6	0	255
 13107	32	32	42	99	103	5	0	255
 13152	32	32	42	99	103	6	0	255
 13197	32	32	42	99	103	6	0	255
 13243	32	32	42	99	103	5	0	255
 13288	32	32	42	99	103	5	0	255
 13333	32	32	42	99	103	6	0	255
 13379	32	32	42	99	103	5	0	255
 13424	32	32	42	99	103	5	0	255
 13469	32	32	42	99	103	5	0	255
 13515	32	32	42	99	103	5	0	255
 13560	32	32	42	99	103	5	0	255
 13605	32	32	42	99	103	5	0	255
 13651	32	32	42	99	103	5	0	255
 13696	32	32	42	99	103	5	0	255
 13741	32	32	42	99	103	5	0	255
 13787	32	32	42	99	103	5	0	255
 13832	32	32	42	99	103	5	0	255
 13878	32	32	42	99	103	5	0	255
 13923	32	32	42	99	103	5	0	255
 13968	32	32	42	99	103	5	0	255
 14014	32	32	42	99	103	5	0	255
 14059	32	32	42	99	103	5	0	255
 14104	32	32	42	99	103	6	0	255
 14150	32	32	42	99	103	6	0	255
 14195	32	32	42	99	103	5	0	255
 14240	32	32	42	99	103	6	0	255
 14286	32	32	42	99	103	5	0	255
 14331	32	32	42	99	103	6	0	255
 14376	32	32	42	99	103	6	0	255
 14422	32	32	42	99	103	5	0	255
 14467	32	32	42	99	103	5	0	255
 14512	32	32	42	99	103	5	0	255
 14558	32	32	42	99	103	5	0	255
 14603	32	32	42	99	103	6	0	255
 14648	32	32	42	99	103	6	0	255
 14694	32	32	42	99	103	6	0	255
 14739	32	32	42	99	103	5	0	255
 14785	32	32	42	99	103	6	0	255
 14830	32	32	42	99	103	6	0	255
 14875	32	32	42	99	103	6	0	255
 14921	32	32	42	99	103	6	0	255
 14966	32	32	42	99	103	5	0	255
 15011	32	32	42	99	103	6	0	255
 15057	32	32	42	99	103	5	0	255
 15102	32	32	42	99	103	6	0	255
 15147	32	32	42	99	103	6	0	255
 15193	32	32	42	99	103	6	0	255
 15238	32	32	42	99	103	6	0	255
 15283	32	32	42	99	103	6	0	255
 15329	32	32	42	99	103	5	0	255
 15374	32	32	42	99	103	6	0	255
 15419	32	32	42	98	103	6	0	255
 15465	32	32	42	98	103	6	0	255
 15510	32	32	42	98	103	6	0	255
 15555	32	32	42	98	103	6	0	255
 15601	32	32	42	98	103	6	0	255
 15646	32	32	42	98	103	6	0	255
 15692	32	32	42	98	103	6	0	255
 15737	32	32	42	98	102	6	0	255
 15782	32	32	42	98	102	6	0	255
 15828	32	32	42	98	102	6	0	255
 15873	32	32	42	98	102	6	0	255
 15918	32	32	42	98	103	6	0	255
 15964	32	32	42	98	102	6	0	255
 16009	32	32	42	98	102	6	0	255
 16054	32	32	42	98	102	6	0	255
 16100	32	32	42	98	102	6	0	255
 16145	32	32	42	98	102	5	0	255
 16190	32	32	42	98	102	5	0	255
 16236	32	32	42	98	102	6	0	255
 16281	32	32	42	98	102	5	0	255
 16326	32	32	42	98	102	5	0	255
 16372	32	32	42	98	102	5	0	255
 16417	32	32	42	98	102	5	0	255
 16462	32	32	42	98	102	5	0	255
 16508	32	32	42	98	102	5	0	255
 16553	32	32	42	98	102	5	0	255
 16599	32	32	42	98	102	6	0	255
 16644	32	32	42	98	102	6	0	255
 16689	32	32	42	98	102	5	0	255
 16735	32	32	42	98	102	6	0	255
 16780	32	32	42	98	102	5	0	255
 16825	32	32	42	98	102	5	0	255
 16871	32	32	42	98	102	5	0	255
 16916	32	32	42	98	102	5	0	255
 16961	32	32	42	98	102	5	0	255
 17007	32	32	42	98	102	5	0	255
 17052	32	32	42	98	102	6	0	255
 17097	32	32	42	98	102	5	0	255
 17143	32	32	42	98	102	5	0	255
 17188	32	32	42	98	102	5	0	255
 17233	32	32	42	98	102	5	0	255
 17279	32	32	42	98	102	5	0	255
 17324	32	32	42	98	102	5	0	255
 17370	32	32	42	98	102	5	0	255
 17415	32	32	42	98	102	5	0	255
 17460	32	32	42	98	102	5	0	255
 17505	32	32	42	98	102	5	0	255
 17551	32	32	42	98	102	5	0	255
 17596	32	32	42	98	102	5	0	255
 17642	32	32	42	98	102	6	0	255
 17687	32	32	42	98	102	5	0	255
 17732	32	32	42	98	102	6	0	255
 17778	32	32	42	98	102	5	0	255
 17823	32	32	42	98	102	5	0	255
 17868	32	32	42	98	102	5	0	255
 17914	32	32	42	98	102	5	0	255
 17959	32	32	42	98	102	5	0	255
 18004	32	32	42	98	102	6	0	255
 18050	32	32	42	98	102	5	0	255
 18095	32	32	42	98	102	6	0	255
 18140	32	32	42	98	102	6	0	255
 18186	32	32	42	98	102	5	0	255
 18231	32	32	42	98	102	6	0	255
 18276	32	32	42	98	102	5	0	255
 18322	32	32	42	98	102	6	0	255
 18367	32	32	42	98	102	5	0	255
 18412	32	32	42	98	102	6	0	255
 18458	32	32	42	98	102	6	0	255
 18503	32	32	42	98	102	6	0	255
 18549	32	32	42	98	102	6	0	255
 18594	32	32	42	98	102	6	0	255
 18639	32	32	42	98	102	5	0	255
 18685	32	32	42	98	102	6	0	255
 18730	32	32	42	98	102	5	0	255
 18775	32	32	42	98	102	6	0	255
 18821	32	32	42	98	102	6	0	255
 18866	32	32	42	98	102	5	0	255
 18911	32	32	42	98	102	6	0	255
 18957	32	32	42	98	102	6	0	255
 19002	32	32	42	98	102	6	0	255
 19047	32	32	42	98	102	6	0	255
 19093	32	32	42	98	102	6	0	255
 19138	32	32	42	98	102	5	0	255
 19183	32	32	42	98	102	6	0	255
 19229	32	32	42	98	102	6	0	255
 19274	32	32	42	98	102	6	0	255
 19319	32	32	42	98	102	6	0	255
 19365	32	32	42	98	102	6	0	255
 19410	32	32	42	98	102	6	0	255
 19456	32	32	42	98	102	6	0	255
 19501	32	32	42	98	102	6	0	255
 19546	32	32	42	98	102	6	0	255
 19592	32	32	42	98	102	6	0	255
 19637	32	32	42	98	102	7	0	255
 19682	32	32	42	98	102	6	0	255
 19728	32	32	42	98	102	6	0	255
 19773	32	32	42	98	102	6	0	255
 19818	32	32	42	98	102	7	0	255
 19864	32	32	42	98	102	7	0	255
 19909	32	32	42	98	102	6	0	255
 19954	32	32	42	98	102	7	0	255
 20000	32	32	42	98	102	6	0	255
 20045	32	32	42	98	102	7	0	255
 20090	32	32	42	98	102	7	0	255
 20136	32	32	42	98	102	7	0	255
 20181	32	32	42	98	102	7	0	255
 20226	32	32	42	98	102	7	0	255
 20272	32	32	42	98	102	7	0	255
 20317	32	32	42	98	102	6	0	255
 20363	32	32	42	98	102	7	0	255
 20408	32	32	42	98	102	7	0	255
 20453	32	32	42	98	102	6	0	255
 20499	32	32	42	98	102	7	0	255
 20544	32	32	42	98	102	7	0	255
 20589	32	32	42	98	102	7	0	255
 20635	32	32	42	98	102	6	0	255
 20680	32	32	42	98	102	7	0	255
 20725	32	32	42	98	102	7	0	255
 20772	32	32	42	98	102	7	0	255
 20816	32	32	42	98	102	7	0	255
 20861	32	32	42	98	102	8	0	255
 20907	32	32	42	98	102	7	0	255
 20952	32	32	42	98	102	7	0	255
 20997	32	32	42	98	102	7	0	255
 21043	32	32	42	98	102	7	0	255
 21088	32	32	42	98	102	7	0	255
 21133	32	32	42	98	102	7	0	255
 21179	32	32	42	98	102	7	0	255
 21224	32	32	42	98	102	6	0	255
 21270	32	32	42	98	102	7	0	255
 21315	32	32	42	98	102	7	0	255
 21360	32	32	42	98	102	7	0	255
 21406	32	32	42	98	102	8	0	255
 21451	32	32	42	98	102	8	0	255
 21496	32	32	42	98	102	7	0	255
 21542	32	32	42	98	102	7	0	255
 21587	32	32	42	98	102	7	0	255
 21632	32	32	42	98	102	7	0	255
 21678	32	32	42	98	102	7	0	255
 21723	32	32	42	98	102	8	0	255
 21768	32	32	42	98	102	7	0	255
 21814	32	32	42	98	102	7	0	255
 21859	32	32	42	98	102	8	0	255
 21904	32	32	42	98	102	8	0	255
 21950	32	32	42	98	102	7	0	255
 21995	32	32	42	98	102	7	0	255
 22040	32	32	42	98	102	8	0	255
 22086	32	32	42	98	102	8	0	255
 22131	32	32	42	98	102	7	0	255
 22177	32	32	42	98	102	8	0	255
 22222	32	32	42	98	102	8	0	255
 22267	32	32	42	98	102	7	0	255
 22313	32	32	42	98	102	8	0	255
 22358	32	32	42	98	102	7	0	255
 22403	32	32	42	98	102	8	0	255
 22449	32	32	42	98	102	8	0	255
 22494	32	32	42	98	102	8	0	255
 22539	32	32	42	98	102	8	0	255
 22585	32	32	42	98	102	8	0	255
 22630	31	32	42	98	102	8	0	255
 22675	32	32	42	98	102	8	0	255
 22721	32	32	42	98	102	8	0	255
 22766	32	32	42	98	102	8	0	255
 22811	32	32	42	98	102	8	0	255
 22857	31	32	42	98	102	8	0	255
 22902	32	32	42	98	102	8	0	255
 22947	32	32	42	98	102	8	0	255
 22993	31	32	42	98	102	8	0	255
 23038	31	32	42	98	102	8	0	255
 23083	32	32	42	98	102	8	0	255
 23129	31	32	42	98	102	10	0	255
 23174	31	32	42	98	102	7	0	255
 23221	31	32	42	98	102	8	0	255
 23265	32	32	42	98	102	8	0	255
 23310	31	32	42	98	102	8	0	255
 23356	31	32	42	98	102	7	0	255
 23401	32	32	42	98	102	8	0	255
 23446	32	32	42	98	102	7	0	255
 23492	32	32	42	98	102	8	0	255
 23537	31	32	42	98	102	8	0	255
 23582	31	32	42	98	102	8	0	255
 23628	31	32	42	98	102	8	0	255
 23673	31	32	42	98	102	7	0	255
 23718	31	32	42	98	102	10	0	255
 23764	31	32	42	98	102	8	0	255
 23809	31	32	42	98	102	8	0	255
 23854	31	32	42	98	102	8	0	255
 23900	31	32	42	98	102	8	0	255
 23945	31	32	42	98	102	8	0	255
 23990	31	32	42	98	102	8	0	255
 24036	31	32	42	98	102	8	0	255
 24081	31	32	42	98	102	7	0	255
 24127	31	32	42	98	102	8	0	255
 24172	31	32	42	98	102	8	0	255
 24217	31	32	42	98	102	8	0	255
 24263	31	32	42	98	102	8	0	255
 24308	31	32	42	98	102	7	0	255
 24353	31	32	42	98	102	8	0	255
 24399	31	32	42	98	102	8	0	255
 24444	31	32	42	98	102	8	0	255
 24489	31	32	42	98	102	7	0	255
 24535	31	32	42	98	102	8	0	255
 24580	32	32	42	98	102	8	0	255
 24625	31	32	42	98	102	8	0	255
 24671	32	32	42	98	102	8	0	255
 24716	31	32	42	97	102	8	0	255
 24761	31	32	42	97	102	8	0	255
 24807	31	32	42	98	102	8	0	255
 24852	31	32	42	97	101	8	0	255
 24897	31	32	42	97	102	8	0	255
 24943	31	31	42	98	101	8	0	255
 24988	31	31	42	97	101	8	0	255
 25034	31	31	42	97	101	8	0	255
 25079	31	31	42	97	101	8	0	255
 25124	31	31	42	97	101	8	0	255
 25170	31	32	42	97	101	8	0	255
 25215	31	32	42	97	101	8	0	255
 25260	31	31	42	97	101	8	0	255
 25306	31	32	42	97	101	8	0	255
 25351	31	31	42	97	101	8	0	255
 25396	31	31	42	97	101	8	0	255
 25442	31	31	42	97	101	10	0	255
 25487	31	31	42	97	101	8	0	255
 25532	31	31	42	97	101	8	0	255
 25578	31	31	42	97	101	8	0	255
 25623	31	31	42	97	101	8	0	255
 25668	31	31	42	97	101	8	0	255
 25714	31	31	42	97	101	8	0	255
 25760	31	31	42	97	101	8	0	255
 25804	31	31	42	97	101	8	0	255
 25850	31	31	42	97	101	8	0	255
 25895	31	31	42	97	101	8	0	255
 25941	31	31	42	97	101	8	0	255
 25986	31	31	42	97	101	8	0	255
 26031	31	31	42	97	101	8	0	255
 26077	31	31	42	97	101	8	0	255
 26122	31	31	42	97	101	8	0	255
 26167	31	31	42	97	101	8	0	255
 26213	31	31	42	97	101	8	0	255
 26258	31	31	42	97	101	8	0	255
 26303	31	31	42	97	101	8	0	255
 26349	31	31	42	97	101	8	0	255
 26394	31	31	42	97	101	8	0	255
 26439	31	31	42	97	101	8	0	255
 26485	31	31	41	97	101	8	0	255
 26530	31	31	41	97	101	8	0	255
 26576	31	31	40	97	101	8	0	255
 26621	31	31	40	97	101	7	0	255
 26666	31	31	40	97	101	8	0	255
 26711	31	31	39	97	101	8	0	255
 26757	31	31	39	97	101	8	0	255
 26802	31	31	39	97	101	8	0	255
 26848	31	31	39	97	101	7	0	255
 26893	31	31	39	97	101	8	0	255
 26938	31	31	39	97	101	8	0	255
 26984	31	31	39	97	101	7	0	255
 27029	31	31	39	97	101	7	0	255
 27075	31	31	39	97	101	8	0	255
 27120	31	31	39	97	101	7	0	255
 27165	31	31	39	97	101	7	0	255
 27210	31	31	39	97	101	7	0	255
 27256	31	31	39	97	101	8	0	255
 27301	31	31	39	97	101	7	0	255
 27346	31	31	39	97	101	7	0	255
 27392	31	31	38	97	101	7	0	255
 27437	31	31	39	97	101	7	0	255
 27482	31	31	38	97	101	7	0	255
 27528	31	31	38	97	101	7	0	255
 27573	31	31	38	97	101	7	0	255
 27618	31	31	38	97	101	7	0	255
 27664	31	31	38	97	101	7	0	255
 27709	31	31	38	97	101	7	0	255
 27754	31	31	38	97	101	7	0	255
 27800	31	31	38	97	101	7	0	255
 27845	31	31	38	97	101	7	0	255
 27891	31	31	38	97	101	7	0	255
 27936	31	31	38	97	101	7	0	255
 27981	31	31	38	97	101	7	0	255
 28027	31	31	38	97	101	7	0	255
 28073	31	31	38	97	101	7	0	255
 28117	31	31	38	97	101	7	0	255
 28163	31	31	38	97	101	7	0	255
 28208	31	31	38	97	101	7	0	255
 28253	31	31	38	97	101	7	0	255
 28299	31	31	38	97	101	6	0	255
 28344	31	31	38	97	101	7	0	255
 28389	31	31	38	97	101	6	0	255
 28444	31	31	38	97	101	7	0	255
 28489	31	31	38	97	101	6	0	255
 28534	31	31	38	97	101	7	0	255
 28580	31	31	38	97	101	6	0	255
 28625	31	31	38	97	101	7	0	255
 28671	31	31	38	97	101	7	0	255
 28716	31	31	38	97	101	7	0	255
 28761	31	31	38	97	101	7	0	255
 28807	31	32	38	97	101	7	0	255
 28852	31	31	38	97	101	7	0	255
 28897	31	31	38	97	101	7	0	255
 28943	31	31	38	97	101	7	0	255
 28988	31	31	38	97	101	7	0	255
 29033	31	31	38	97	101	7	0	255
 29079	31	31	38	97	101	7	0	255
 29124	31	31	38	97	101	8	0	255
 29169	31	31	38	97	101	8	0	255
 29215	31	31	38	97	101	7	0	255
 29260	31	31	38	97	101	8	0	255
 29305	31	31	38	97	101	7	0	255
 29351	31	31	38	97	101	8	0	255
 29396	31	31	38	97	101	8	0	255
 29441	31	31	38	97	101	8	0	255
 29487	31	31	38	97	101	8	0	255
 29532	31	31	38	97	101	8	0	255
 29578	31	31	38	97	101	8	0	255
 29623	31	32	38	97	101	8	0	255
 29668	31	32	38	97	101	10	0	255
 29714	31	32	38	97	101	10	0	255
 29759	31	32	38	97	101	10	0	255
 29804	31	32	38	97	101	10	0	255
 29850	31	32	38	97	101	10	0	255
 29895	31	32	38	97	101	10	0	255
 29940	31	32	38	97	101	11	0	255
 29986	31	32	38	97	101	11	0	255
 30031	31	32	38	97	101	11	0	255
 30076	31	32	38	97	101	11	0	255
 30122	31	32	38	97	101	12	0	255
 30167	31	32	38	97	101	11	0	255
 30212	31	32	38	97	101	11	0	255
 30258	31	32	38	97	101	12	0	255
 30303	31	32	38	97	101	12	0	255
 30348	31	32	38	97	101	13	0	255
 30394	31	32	38	97	101	13	0	255
 30439	31	32	38	97	101	13	0	255
 30485	31	32	38	97	101	12	0	255
 30530	31	32	38	97	101	13	0	255
 30575	31	32	38	97	101	14	0	255
 30621	31	32	38	97	101	13	0	255
 30666	31	32	38	97	101	14	0	255
 30711	31	32	38	97	101	13	0	255
 30757	31	32	38	97	101	14	0	255
 30802	31	32	38	97	101	14	0	255
 30847	31	32	38	97	101	14	0	255
 30893	31	32	38	97	101	14	0	255
 30938	31	32	38	97	101	14	0	255
 30983	31	32	38	97	101	16	0	255
 31029	31	32	38	97	101	14	0	255
 31074	31	32	38	97	101	16	0	255
 31119	31	32	38	97	101	16	0	255
 31165	31	32	38	97	101	16	0	255
 31210	31	32	38	97	101	17	0	255
 31255	31	32	38	97	101	16	0	255
 31301	31	32	38	97	101	17	0	255
 31347	31	32	38	97	101	17	0	255
 31392	31	32	38	97	101	17	0	255
 31437	31	32	38	97	101	17	0	255
 31482	31	32	38	97	101	17	0	255
 31528	31	32	38	97	101	17	0	255
 31573	31	32	38	97	101	17	0	255
 31618	31	32	38	97	101	18	0	255
 31664	31	32	38	97	101	18	0	255
 31709	31	32	38	97	101	18	0	255
 31754	31	32	38	97	101	19	0	255
 31800	31	32	38	97	101	20	0	255
 31845	31	32	38	97	101	20	0	255
 31890	31	32	38	97	101	22	0	255
 31936	31	32	38	97	101	23	0	255
 31981	31	32	38	97	101	24	0	255
 32026	31	32	38	97	101	25	0	255
 32072	31	32	38	97	101	25	0	255
 32117	31	32	38	97	101	28	0	255
 32162	31	32	38	97	101	29	0	255
 32208	31	32	38	97	101	30	0	255
 32253	31	32	38	97	101	31	0	255
 32299	31	32	38	97	101	34	0	255
 32344	31	32	38	97	101	35	0	255
 32389	31	32	38	97	101	37	0	255
 32435	31	32	38	97	101	38	0	255
 32480	31	32	38	97	101	41	0	255
 32525	31	32	38	97	101	42	0	255
 32571	31	32	38	97	101	42	0	255
 32616	31	32	38	97	101	45	0	255
 32661	31	32	38	97	101	46	0	255
 32707	31	32	38	97	101	47	0	255
 32752	31	32	38	97	101	50	0	255
 32797	31	32	38	97	101	51	0	255
 32843	31	32	38	97	101	52	0	255
 32888	31	32	38	97	101	54	0	255
 32933	31	32	38	97	101	56	0	255
 32979	31	32	38	97	101	57	0	255
 33024	31	32	38	97	101	58	0	255
 33069	31	32	38	97	101	61	0	255
 33115	31	32	38	96	101	62	0	255
 33160	31	32	38	96	101	64	0	255
 33206	31	32	38	96	101	66	0	255
 33255	31	31	38	96	101	67	0	255
 33296	31	31	38	97	101	68	0	255
 33342	31	31	38	96	101	70	0	255
 33387	31	31	38	96	101	71	0	255
 33432	31	31	38	96	101	74	0	255
 33478	31	31	38	96	101	75	0	255
 33523	31	31	38	96	101	76	0	255
 33568	31	31	38	96	101	79	0	255
 33614	31	31	38	96	101	79	0	255
 33659	31	31	38	96	101	80	0	255
 33704	31	31	38	96	101	83	0	255
 33750	31	31	38	96	100	84	0	255
 33795	31	31	38	96	101	85	0	255
 33840	30	32	38	96	100	89	8	255
 33886	39	39	38	96	101	101	8	255
 33931	55	45	38	96	100	110	8	255
 33977	66	49	38	96	101	106	8	255
 34022	72	52	38	96	100	89	8	255
 34067	70	54	38	96	100	78	0	255
 34113	67	55	38	96	100	76	0	255
 34158	65	55	38	96	100	79	0	255
 34203	64	55	38	96	100	80	0	255
 34249	63	54	38	96	100	83	0	255
 34294	62	54	38	96	100	85	0	255
 34339	61	53	38	96	100	88	8	255
 34385	63	54	38	96	100	93	8	255
 34430	67	55	38	96	100	97	8	255
 34475	71	56	38	96	100	93	8	255
 34521	71	57	38	96	100	86	8	255
 34566	70	58	38	96	100	84	8	255
 34611	69	59	38	96	100	86	8	255
 34657	69	59	38	96	100	88	8	255
 34702	70	59	38	96	100	89	8	255
 34748	70	60	39	96	100	89	8	255
 34793	70	60	39	96	100	88	8	255
 34838	70	60	39	96	100	89	8	255
 34884	71	61	39	96	100	90	8	255
 34929	71	61	39	96	100	92	8	255
 34974	72	61	39	96	100	92	8	255
 35020	72	61	39	96	100	93	8	255
 35065	73	61	39	96	100	93	8	255
 35110	74	61	39	96	100	93	8	255
 35156	74	61	39	96	100	94	8	255
 35201	75	62	39	96	100	96	8	255
 35246	75	62	39	96	100	96	8	255
 35292	76	62	39	96	100	97	8	255
 35337	76	62	39	96	100	97	8	255
 35382	77	62	39	96	100	97	8	255
 35428	77	62	39	96	100	96	8	255
 35473	77	63	39	96	100	97	8	255
 35519	77	63	39	96	100	97	8	255
 35564	77	63	39	96	100	98	8	255
 35609	78	63	39	96	100	98	8	255
 35655	78	63	39	96	100	98	8	255
 35700	78	63	39	96	100	97	8	255
 35745	78	64	40	96	100	98	8	255
 35791	78	64	40	96	100	98	8	255
 35836	79	64	40	96	100	98	8	255
 35881	79	64	40	96	100	97	8	255
 35927	79	64	40	96	100	98	8	255
 35972	79	64	40	96	100	100	8	255
 36017	79	64	40	96	100	98	8	255
 36063	79	64	40	96	100	100	8	255
 36109	79	65	40	96	100	100	8	255
 36153	79	65	40	96	100	100	8	255
 36202	80	65	40	96	100	100	8	255
 36244	80	65	40	96	100	100	8	255
 36289	80	65	40	96	100	101	8	255
 36335	80	65	40	96	100	101	8	255
 36380	81	65	40	96	100	102	8	255
 36426	81	65	40	96	100	104	8	255
 36471	82	66	40	96	100	104	8	255
 36516	82	66	40	96	100	105	8	255
 36562	83	66	40	96	100	105	8	255
 36607	83	66	41	96	100	106	8	255
 36652	84	66	41	96	100	108	8	255
 36698	84	66	41	96	100	108	8	255
 36743	85	66	41	96	100	108	8	255
 36788	86	67	41	96	100	109	8	255
 36834	86	67	41	96	100	110	8	255
 36879	87	67	41	96	100	112	8	255
 36924	87	67	41	96	100	110	8	255
 36970	88	67	41	96	100	110	8	255
 37015	88	67	41	96	100	112	8	255
 37060	89	67	41	96	100	113	8	255
 37106	89	68	41	96	100	113	8	255
 37151	89	68	41	96	100	113	8	255
 37197	90	68	41	96	100	114	8	255
 37242	90	68	41	96	100	116	8	255
 37287	91	68	41	96	100	114	8	255
 37333	91	68	41	96	100	116	8	255
 37378	92	68	41	96	100	118	8	255
 37423	92	69	42	96	100	119	8	255
 37469	93	69	42	96	100	119	8	255
 37515	93	69	42	96	100	119	8	255
 37559	94	69	42	96	100	120	8	255
 37605	94	69	42	96	100	122	8	255
 37650	95	69	42	96	100	120	8	255
 37695	95	69	42	96	100	122	8	255
 37741	96	69	42	96	100	122	8	255
 37786	96	70	42	96	100	123	8	255
 37831	96	70	42	96	100	123	8	255
 37877	97	70	42	96	100	123	8	255
 37922	97	70	42	97	100	123	8	255
 37968	97	70	42	97	100	123	8	255
 38013	98	70	42	97	100	123	8	255
 38058	98	70	42	97	100	124	8	255
 38104	98	70	42	97	100	124	8	255
 38149	99	71	42	97	100	124	8	255
 38194	99	71	43	97	100	126	8	255
 38240	99	71	43	97	100	126	8	255
 38285	99	71	43	97	100	126	8	255
 38330	99	71	43	97	100	127	8	255
 38376	100	71	43	97	100	126	8	255
 38422	100	71	43	97	100	126	8	255
 38466	100	71	43	97	100	127	8	255
 38512	101	71	43	97	100	128	8	255
 38557	101	72	43	97	100	128	8	255
 38602	101	72	43	97	100	130	8	255
 38648	102	72	43	97	100	128	8	255
 38693	102	72	43	98	100	130	8	255
 38738	102	72	43	98	100	130	8	255
 38784	102	72	43	98	100	131	8	255
 38829	103	72	43	98	100	130	8	255
 38875	103	72	43	98	100	131	8	255
 38920	104	73	44	98	100	131	8	255
 38965	104	73	44	98	100	132	8	255
 39011	105	73	44	98	100	134	8	255
 39056	105	73	44	98	101	134	8	255
 39101	105	73	44	98	101	134	8	255
 39147	106	73	44	98	101	134	8	255
 39192	106	73	44	98	101	136	8	255
 39237	106	73	44	98	101	136	8	255
 39283	107	73	44	98	101	138	8	255
 39328	107	74	44	98	101	137	8	255
 39373	107	74	44	98	101	137	8	255
 39419	107	74	44	99	101	138	8	255
 39464	108	74	44	99	101	136	8	255
 39509	108	74	44	99	101	140	8	255
 39555	108	74	44	99	101	138	8	255
 39600	108	74	44	99	101	137	8	255
 39646	108	74	44	99	101	137	8	255
 39691	109	74	45	99	101	138	8	255
 39736	109	74	45	99	101	140	8	255
 39782	109	75	45	99	101	141	8	255
 39827	109	75	45	99	101	141	8	255
 39872	110	75	45	99	102	140	8	255
 39918	110	75	45	99	102	140	8	255
 39963	110	75	45	99	102	140	8	255
 40008	110	75	45	99	102	141	8	255
 40054	110	75	45	99	102	140	8	255
 40099	111	75	45	99	102	141	8	255
 40144	111	75	45	100	102	141	8	255
 40190	111	75	45	100	102	140	8	255
 40236	111	76	45	100	102	141	8	255
 40280	111	76	45	100	102	141	8	255
 40326	111	76	45	100	102	142	8	255
 40371	111	76	46	100	102	141	8	255
 40416	112	76	46	100	102	144	8	255
 40462	112	76	46	100	102	144	8	255
 40507	112	76	46	100	102	145	8	255
 40552	112	76	46	100	103	144	8	255
 40598	112	76	46	100	103	144	8	255
 40643	113	76	46	100	103	142	8	255
 40689	113	77	46	100	103	142	8	255
 40734	113	77	46	100	103	145	8	255
 40779	113	77	46	100	103	144	8	255
 40825	113	77	46	101	103	145	8	255
 40870	114	77	46	101	103	145	8	255
 40915	114	77	46	101	103	144	8	255
 40961	114	77	46	101	103	144	8	255
 41006	114	77	46	101	103	145	8	255
 41051	114	77	46	101	103	145	8	255
 41097	114	77	47	101	103	145	8	255
 41142	115	78	47	101	103	146	8	255
 41187	115	78	47	101	104	146	8	255
 41233	115	78	47	101	104	146	8	255
 41278	115	78	47	101	104	148	8	255
 41323	115	78	47	101	104	146	8	255
 41369	116	78	47	101	104	148	8	255
 41414	116	78	47	102	104	146	8	255
 41459	116	78	47	102	104	146	8	255
 41505	116	78	47	102	104	146	8	255
 41552	116	78	47	102	104	148	8	255
 41596	116	78	47	102	104	146	8	255
 41641	116	78	47	102	104	148	8	255
 41686	116	79	47	102	104	146	8	255
 41732	116	79	47	102	105	148	8	255
 41777	116	79	47	102	105	148	8	255
 41825	116	79	48	102	105	146	8	255
 41868	116	79	48	102	105	146	8	255
 41913	116	79	48	102	105	146	8	255
 41958	116	79	48	103	105	148	8	255
 42004	116	79	48	103	105	146	8	255
 42049	116	79	48	103	105	148	8	255
 42094	116	79	48	103	105	150	8	255
 42140	116	79	48	103	105	148	8	255
 42185	117	79	48	103	105	148	8	255
 42230	117	80	48	103	105	151	8	255
 42276	117	80	48	103	105	150	8	255
 42321	118	80	48	103	106	151	8	255
 42366	118	80	48	103	106	151	8	255
 42412	118	80	48	103	106	152	8	255
 42457	118	80	48	103	106	152	8	255
 42503	119	80	48	104	106	154	8	255
 42548	119	80	49	104	106	154	8	255
 42593	120	80	49	104	106	152	8	255
 42639	120	80	49	104	106	152	8	255
 42684	121	80	49	104	106	155	8	255
 42729	121	80	49	104	106	156	8	255
 42775	121	80	49	104	106	156	8	255
 42820	122	81	49	104	107	156	8	255
 42865	122	81	49	104	107	158	8	255
 42911	123	81	49	104	107	156	8	255
 42956	123	81	49	104	107	160	8	255
 43001	123	81	49	104	107	158	8	255
 43047	124	81	49	105	107	160	8	255
 43092	124	81	49	105	107	161	8	255
 43137	124	81	49	105	107	160	8	255
 43183	125	81	49	105	107	161	8	255
 43228	125	81	49	105	107	160	8	255
 43273	125	81	50	105	107	160	8	255
 43319	125	81	50	105	108	160	8	255
 43364	125	81	50	105	108	160	8	255
 43410	126	81	50	105	108	161	8	255
 43455	126	82	50	105	108	160	8	255
 43500	126	82	50	106	108	161	8	255
 43546	126	82	50	106	108	161	8	255
 43591	126	82	50	106	108	162	8	255
 43636	126	82	50	106	108	162	8	255
 43682	126	82	50	106	108	161	8	255
 43727	126	82	50	106	109	161	8	255
 43772	126	82	50	106	109	161	8	255
 43818	126	82	50	106	109	162	8	255
 43863	127	82	50	106	109	162	8	255
 43908	127	82	50	107	109	164	8	255
 43954	127	82	50	107	109	162	8	255
 43999	127	82	51	107	109	164	8	255
 44044	127	82	51	107	109	165	8	255
 44090	127	82	51	107	109	165	8	255
 44135	127	83	51	107	110	165	8	255
 44180	128	83	51	107	110	164	8	255
 44226	128	83	51	107	110	165	8	255
 44271	128	83	51	107	110	164	8	255
 44317	128	83	51	108	110	165	8	255
 44362	129	83	51	108	110	168	8	255
 44407	129	83	51	108	110	166	8	255
 44453	129	83	51	108	110	166	8	255
 44498	129	83	51	108	110	166	8	255
 44543	130	83	51	108	111	166	8	255
 44589	130	83	51	108	111	166	8	255
 44634	130	83	51	108	111	168	8	255
 44679	130	83	51	108	111	166	8	255
 44725	130	83	51	108	111	170	8	255
 44770	130	83	51	109	111	166	8	255
 44815	130	83	51	109	111	168	8	255
 44861	131	84	52	109	111	168	8	255
 44906	131	84	52	109	111	170	8	255
 44951	131	84	52	109	112	170	8	255
 44997	131	84	52	109	112	170	8	255
 45042	131	84	52	109	112	171	8	255
 45087	131	84	52	109	112	168	8	255
 45133	132	84	52	109	112	168	8	255
 45178	132	84	52	110	112	170	8	255
 45224	132	84	52	110	112	171	8	255
 45269	132	84	52	110	112	170	8	255
 45314	132	84	52	110	112	170	8	255
 45360	132	84	52	110	113	170	8	255
 45405	132	84	52	110	113	170	8	255
 45450	133	84	52	110	113	170	8	255
 45496	133	84	52	110	113	172	8	255
 45541	133	85	52	111	113	172	8	255
 45586	133	85	52	111	113	172	8	255
 45632	133	85	52	111	113	172	8	255
 45677	134	85	53	111	113	171	8	255
 45722	134	85	53	111	113	172	8	255
 45768	134	85	53	111	114	174	8	255
 45813	134	85	53	111	114	174	8	255
 45858	134	85	53	111	114	172	8	255
 45904	134	85	53	111	114	172	8	255
 45949	134	85	53	112	114	171	8	255
 45994	134	85	53	112	114	172	8	255
 46040	134	85	53	112	114	172	8	255
 46085	134	85	53	112	114	172	8	255
 46131	134	85	53	112	115	174	8	255
 46176	134	85	53	112	115	172	8	255
 46221	135	85	53	112	115	172	8	255
 46267	135	85	53	112	115	174	8	255
 46312	135	86	53	113	115	174	8	255
 46357	135	86	53	113	115	176	8	255
 46403	135	86	53	113	115	174	8	255
 46448	135	86	53	113	115	176	8	255
 46494	135	86	53	113	115	176	8	255
 46539	135	86	53	113	116	174	8	255
 46584	135	86	54	113	116	174	8	255
 46629	136	86	54	113	116	176	8	255
 46675	136	86	54	113	116	174	8	255
 46720	136	86	54	114	116	176	8	255
 46765	136	86	54	114	116	177	8	255
 46811	136	86	54	114	116	176	8	255
 46856	136	86	54	114	116	177	8	255
 46901	136	86	54	114	117	176	8	255
 46947	137	86	54	114	117	178	8	255
 46992	137	86	54	114	117	178	8	255
 47038	137	86	54	114	117	177	8	255
 47083	137	86	54	115	117	177	8	255
 47128	137	87	54	115	117	177	8	255
 47174	137	87	54	115	117	177	8	255
 47219	137	87	54	115	117	177	8	255
 47265	138	87	54	115	117	176	8	255
 47310	138	87	54	115	118	177	8	255
 47355	138	87	54	115	118	177	8	255
 47400	138	87	54	115	118	178	8	255
 47446	138	87	54	115	118	177	8	255
 47491	138	87	55	116	118	177	8	255
 47536	138	87	55	116	118	180	8	255
 47582	138	87	55	116	118	178	8	255
 47627	138	87	55	116	118	180	8	255
 47672	138	87	55	116	119	180	8	255
 47718	138	87	55	116	119	177	8	255
 47763	138	87	55	116	119	178	8	255
 47808	138	87	55	116	119	178	8	255
 47854	139	87	55	116	119	178	8	255
 47899	139	88	55	117	119	177	8	255
 47945	139	88	55	117	119	180	8	255
 47990	139	88	55	117	119	177	8	255
 48037	139	88	55	117	120	178	8	255
 48081	139	88	55	117	120	178	8	255
 48126	139	88	55	117	120	178	8	255
 48171	139	88	55	117	120	180	8	255
 48217	139	88	55	117	120	180	8	255
 48262	139	88	55	117	120	177	8	255
 48307	139	88	55	118	120	178	8	255
 48353	139	88	55	118	120	180	8	255
 48398	139	88	55	118	120	182	8	255
 48443	139	88	56	118	121	178	8	255
 48489	139	88	56	118	121	178	8	255
 48534	139	88	56	118	121	180	8	255
 48579	139	88	56	118	121	180	8	255
 48625	139	89	56	118	121	178	8	255
 48670	139	89	56	119	121	180	8	255
 48715	139	89	56	119	121	178	8	255
 48761	139	89	56	119	121	178	8	255
 48806	139	89	56	119	122	177	8	255
 48852	139	89	56	119	122	177	8	255
 48897	139	89	56	119	122	178	8	255
 48942	139	89	56	119	122	178	8	255
 48988	139	89	56	119	122	180	8	255
 49033	139	89	56	119	122	177	8	255
 49078	139	89	56	120	122	177	8	255
 49124	138	89	56	120	122	178	8	255
 49169	138	89	56	120	122	177	8	255
 49214	138	89	56	120	122	178	8	255
 49260	138	89	56	120	123	177	8	255
 49305	138	89	56	120	123	178	8	255
 49350	138	89	56	120	123	178	8	255
 49396	138	89	56	120	123	178	8	255
 49441	139	90	56	120	123	177	8	255
 49486	139	90	57	120	123	178	8	255
 49532	139	90	57	121	123	178	8	255
 49577	139	90	57	121	123	180	8	255
 49622	139	90	57	121	123	178	8	255
 49668	139	90	57	121	124	180	8	255
 49713	139	90	57	121	124	180	8	255
 49759	139	90	57	121	124	180	8	255
 49804	139	90	57	121	124	178	8	255
 49849	139	90	57	121	124	180	8	255
 49895	139	90	57	121	124	178	8	255
 49940	140	90	57	122	124	180	8	255
 49985	140	90	57	122	124	178	8	255
 50032	140	90	57	122	124	180	8	255
 50076	140	90	57	122	125	182	8	255
 50121	140	90	57	122	125	180	8	255
 50167	140	90	57	122	125	180	8	255
 50212	140	91	57	122	125	180	8	255
 50257	140	91	57	122	125	182	8	255
 50303	140	91	57	122	125	182	8	255
 50348	140	91	57	123	125	183	8	255
 50393	140	91	57	123	125	183	8	255
 50439	140	91	57	123	125	178	8	255
 50484	140	91	58	123	125	180	8	255
 50529	140	91	58	123	126	182	8	255
 50575	140	91	58	123	126	182	8	255
 50620	140	91	58	123	126	180	8	255
 50665	140	91	58	123	126	180	8	255
 50712	140	91	58	123	126	182	8	255
 50756	141	91	58	123	126	180	8	255
 50802	141	91	58	123	126	180	8	255
 50847	141	91	58	124	126	182	8	255
 50892	141	91	58	124	126	182	8	255
 50938	141	91	58	124	126	180	8	255
 50983	141	92	58	124	127	182	8	255
 51028	141	92	58	124	127	178	8	255
 51074	141	92	58	124	127	180	8	255
 51119	141	92	58	124	127	182	8	255
 51164	140	92	58	124	127	182	8	255
 51210	140	92	58	124	127	178	8	255
 51255	140	92	58	124	127	180	8	255
 51300	140	92	58	125	127	180	8	255
 51346	140	92	58	125	127	178	8	255
 51391	140	92	58	125	128	178	8	255
 51436	140	92	58	125	128	180	8	255
 51482	140	92	59	125	128	178	8	255
 51527	140	92	59	125	128	180	8	255
 51572	140	92	59	125	128	178	8	255
 51619	140	92	59	125	128	182	8	255
 51663	140	92	59	125	128	180	8	255
 51709	139	92	59	125	128	177	8	255
 51754	139	93	59	125	128	177	8	255
 51799	139	93	59	126	128	180	8	255
 51845	139	93	59	126	128	180	8	255
 51890	139	93	59	126	129	178	8	255
 51935	139	93	59	126	129	178	8	255
 51981	139	93	59	126	129	177	8	255
 52026	139	93	59	126	129	178	8	255
 52071	139	93	59	126	129	177	8	255
 52117	139	93	59	126	129	180	8	255
 52162	139	93	59	126	129	178	8	255
 52208	139	93	59	126	129	180	8	255
 52253	139	93	59	126	129	178	8	255
 52298	139	93	59	126	129	178	8	255
 52343	139	93	59	127	129	177	8	255
 52389	139	93	59	127	129	177	8	255
 52434	139	93	59	127	130	177	8	255
 52479	139	93	59	127	130	180	8	255
 52525	139	93	60	127	130	177	8	255
 52570	139	94	60	127	130	176	8	255
 52616	139	94	60	127	130	180	8	255
 52661	139	94	60	127	130	178	8	255
 52706	139	94	60	127	130	178	8	255
 52752	139	94	60	127	130	178	8	255
 52797	139	94	60	127	130	178	8	255
 52842	138	94	60	127	130	177	8	255
 52888	138	94	60	128	130	176	8	255
 52933	138	94	60	128	130	177	8	255
 53050	138	94	60	128	131	178	8	255
 53094	138	94	60	128	131	176	8	255
 53139	138	94	60	128	131	174	8	255
 53184	138	94	60	128	131	176	8	255
 53230	138	94	60	128	131	174	8	255
 53275	138	94	60	128	131	176	8	255
 53320	137	95	60	128	131	176	8	255
 53366	137	95	60	128	131	176	8	255
 53411	137	95	60	128	131	176	8	255
 53456	137	95	60	129	131	176	8	255
 53502	137	95	60	129	131	176	8	255
 53547	137	95	60	129	131	174	8	255
 53592	137	95	60	129	132	174	8	255
 53638	137	95	61	129	132	174	8	255
 53683	137	95	61	129	132	176	8	255
 53728	136	95	61	129	132	172	8	255
 53774	136	95	61	129	132	174	8	255
 53819	136	95	61	129	132	174	8	255
 53865	136	95	61	129	132	172	8	255
 53910	136	95	61	129	132	172	8	255
 53955	136	95	61	129	132	172	8	255
 54001	136	95	61	129	132	171	8	255
 54046	135	95	61	129	132	171	8	255
 54091	135	96	61	129	132	171	8	255
 54137	135	96	61	130	132	171	8	255
 54182	135	96	61	130	132	171	8	255
 54227	135	96	61	130	132	172	8	255
 54273	135	96	61	130	133	171	8	255
 54318	135	96	61	130	133	171	8	255
 54363	135	96	61	130	133	171	8	255
 54409	135	96	61	130	133	171	8	255
 54454	134	96	61	130	133	171	8	255
 54499	134	96	61	130	133	168	8	255
 54545	134	96	61	130	133	171	8	255
 54590	134	96	61	130	133	170	8	255
 54635	134	96	61	130	133	171	8	255
 54681	134	96	62	130	133	171	8	255
 54726	134	96	62	130	133	168	8	255
 54772	133	96	62	130	133	170	8	255
 54817	133	96	62	130	133	168	8	255
 54862	133	97	62	130	133	171	8	255
 54908	133	97	62	130	133	170	8	255
 54953	133	97	62	131	133	170	8	255
 54998	133	97	62	131	133	166	8	255
 55044	133	97	62	131	133	166	8	255
 55090	133	97	62	131	133	168	8	255
 55134	133	97	62	131	134	170	8	255
 55180	132	97	62	131	134	166	8	255
 55225	132	97	62	131	134	166	8	255
 55270	132	97	62	131	134	168	8	255
 55316	132	97	62	131	134	166	8	255
 55361	132	97	62	131	134	168	8	255
 55406	132	97	62	131	134	168	8	255
 55452	132	97	62	131	134	166	8	255
 55497	131	97	62	131	134	166	8	255
 55543	131	97	62	131	134	165	8	255
 55588	131	97	62	131	134	165	8	255
 55636	131	98	62	131	134	166	8	255
 55679	131	98	62	131	134	165	8	255
 55724	131	98	62	131	134	166	8	255
 55769	131	98	63	131	134	166	8	255
 55815	131	98	63	131	134	166	8	255
 55860	131	98	63	131	134	166	8	255
 55905	130	98	63	132	134	164	8	255
 55951	130	98	63	132	134	165	8	255
 55996	130	98	63	132	134	165	8	255
 56041	130	98	63	132	134	165	8	255
 56087	130	98	63	132	134	164	8	255
 56132	130	98	63	132	134	164	8	255
 56177	130	98	63	132	134	165	8	255
 56223	130	98	63	132	135	165	8	255
 56268	129	98	63	132	135	162	8	255
 56314	129	98	63	132	135	164	8	255
 56359	129	99	63	132	135	164	8	255
 56404	129	99	63	132	135	162	8	255
 56450	129	99	63	132	135	161	8	255
 56495	129	99	63	132	135	164	8	255
 56540	128	99	63	132	135	161	8	255
 56586	128	99	63	132	135	162	8	255
 56631	128	99	63	132	135	162	8	255
 56676	128	99	63	132	135	162	8	255
 56722	128	99	63	132	135	160	8	255
 56767	127	99	63	132	135	160	8	255
 56812	127	99	63	132	135	160	8	255
 56858	127	99	64	132	135	160	8	255
 56903	127	99	64	132	135	160	8	255
 56948	127	99	64	132	135	161	8	255
 56994	127	99	64	132	135	160	8	255
 57039	126	99	64	132	135	160	8	255
 57084	126	99	64	132	135	158	8	255
 57130	126	99	64	132	135	160	8	255
 57175	126	100	64	132	135	158	8	255
 57221	126	100	64	132	135	158	8	255
 57266	126	100	64	132	135	160	8	255
 57311	126	100	64	132	135	156	8	255
 57357	125	100	64	132	135	158	8	255
 57402	125	100	64	133	135	158	8	255
 57447	125	100	64	132	135	156	8	255
 57493	125	100	64	132	135	156	8	255
 57538	125	100	64	132	135	155	8	255
 57583	125	100	64	133	135	156	8	255
 57629	124	100	64	133	135	155	8	255
 57674	124	100	64	133	135	155	8	255
 57719	124	100	64	133	135	154	8	255
 57765	124	100	64	133	135	155	8	255
 57810	124	100	64	133	135	155	8	255
 57856	123	100	64	133	135	155	8	255
 57901	123	100	64	133	135	155	8	255
 57946	123	100	65	133	135	155	8	255
 57992	123	100	65	133	135	155	8	255
 58037	122	100	65	133	135	152	8	255
 58082	122	100	65	133	135	151	8	255
 58128	122	100	65	133	135	154	8	255
 58173	122	101	65	133	135	152	8	255
 58218	121	101	65	133	135	152	8	255
 58264	121	101	65	133	135	152	8	255
 58309	121	101	65	133	135	151	8	255
 58354	121	101	65	133	135	151	8	255
 58400	121	101	65	133	135	150	8	255
 58445	120	101	65	133	135	150	8	255
 58490	120	101	65	133	135	150	8	255
 58536	120	101	65	133	135	150	8	255
 58581	120	101	65	133	135	148	8	255
 58626	119	101	65	133	135	148	8	255
 58672	119	101	65	133	135	148	8	255
 58717	119	101	65	133	135	146	8	255
 58762	221	153	12	44	61	32	143	240
 58817	118	102	65	133	135	148	8	255
 58862	118	102	65	133	135	146	8	255
 58908	118	102	65	133	135	145	8	255
 58953	117	102	66	133	135	146	8	255
 58998	117	102	66	133	135	145	8	255
 59044	117	102	66	133	135	145	8	255
 59089	117	102	66	133	135	145	8	255
 59134	116	102	66	133	135	144	8	255
 59180	116	102	66	133	135	145	8	255
 59225	116	102	66	133	135	144	8	255
 59270	116	102	66	133	135	145	8	255
 59316	116	102	66	133	135	144	8	255
 59361	115	102	66	133	135	144	8	255
 59406	115	102	66	133	135	144	8	255
 59452	115	102	66	133	135	142	8	255
 59497	115	102	66	133	135	141	8	255
 59543	114	102	66	133	135	141	8	255
 59588	114	102	66	133	135	141	8	255
 59633	114	102	66	132	135	141	8	255
 59679	113	103	66	132	135	141	8	255
 59724	113	103	66	132	135	141	8	255
 59769	113	103	66	132	135	140	8	255
 59815	113	103	66	132	135	140	8	255
 59860	112	103	66	132	135	138	8	255
 59905	112	103	66	132	135	140	8	255
 59951	112	103	66	132	135	138	8	255
 59996	111	103	66	132	135	138	8	255
 60041	111	103	67	132	135	138	8	255
 60087	111	103	67	132	135	137	8	255
 60132	111	103	67	132	135	136	8	255
 60177	110	103	67	132	135	136	8	255
 60223	110	103	67	132	135	137	8	255
 60268	110	103	67	132	135	136	8	255
 60314	109	103	67	132	135	134	8	255
 60359	109	103	67	132	135	136	8	255
 60404	109	103	67	132	135	134	8	255
 60450	108	103	67	132	135	134	8	255
 60495	108	103	67	132	135	134	8	255
 60540	108	103	67	132	135	132	8	255
 60586	108	103	67	132	135	132	8	255
 60631	107	103	67	132	135	132	0	255
 60676	107	102	67	132	135	132	0	255
 60722	106	101	67	132	135	131	0	255
 60767	105	100	67	132	135	130	0	255
 60812	103	99	67	132	135	130	0	255
 60858	102	98	67	132	135	130	0	255
 60903	101	96	67	132	135	127	0	255
 60948	99	95	67	132	135	126	0	255
 60994	98	94	67	132	135	126	0	255
 61039	96	93	67	132	135	126	0	255
 61085	95	91	67	132	135	123	0	255
 61130	94	90	67	132	135	123	0	255
 61175	92	89	67	132	135	122	0	255
 61221	91	88	67	132	135	120	0	255
 61266	90	87	67	132	135	119	0	255
 61311	88	85	67	132	135	118	0	255
 61357	87	84	67	132	135	116	0	255
 61402	86	82	67	132	135	113	0	255
 61447	85	81	67	132	135	112	0	255
 61493	83	80	67	132	135	110	0	255
 61538	82	79	67	132	135	109	0	255
 61583	81	79	67	132	135	106	0	255
 61629	80	79	67	132	135	106	0	255
 61674	79	78	67	132	135	104	0	255
 61719	78	78	67	132	135	101	0	255
 61765	77	77	67	132	135	101	0	255
 61811	76	76	67	132	135	98	0	255
 61856	75	76	67	132	135	97	0	255
 61901	74	75	67	132	135	96	0	255
 61946	73	74	67	132	135	93	0	255
 61992	73	74	67	132	135	93	0	255
 62037	72	73	67	132	135	90	0	255
 62082	71	72	67	132	135	90	0	255
 62128	70	72	67	132	135	88	0	255
 62173	69	71	67	132	135	86	0	255
 62218	69	70	67	132	135	85	0	255
 62264	68	70	67	132	135	84	0	255
 62309	67	69	67	132	135	83	0	255
 62354	66	68	67	132	135	82	0	255
 62400	66	68	67	132	135	82	0	255
 62445	65	67	67	132	135	80	0	255
 62490	65	66	67	132	135	78	0	255
 62536	64	66	67	132	135	76	0	255
 62581	63	65	67	132	135	76	0	255
 62626	63	65	67	132	135	75	0	255
 62672	62	64	67	132	135	74	0	255
 62717	62	63	67	132	135	74	0	255
 62763	61	62	67	132	135	72	0	255
 62808	61	61	67	132	135	71	0	255
 62853	60	60	67	132	135	70	0	255
 62899	60	60	67	132	135	70	0	255
 62944	59	59	67	132	135	68	0	255
 62989	59	58	67	132	135	66	0	255
 63035	58	58	67	132	135	66	0	255
 63080	58	57	67	132	135	65	0	255
 63125	57	57	67	132	135	65	0	255
 63171	57	56	67	132	135	64	0	255
 63216	57	56	67	132	135	62	0	255
 63261	56	55	67	132	135	62	0	255
 63307	56	55	67	132	135	61	0	255
 63352	55	54	67	132	135	60	0	255
 63397	55	54	67	132	135	58	0	255
 63443	55	53	67	132	135	58	0	255
 63488	54	53	67	132	135	57	0	255
 63534	54	53	67	132	135	57	0	255
 63579	54	52	67	132	135	56	0	255
 63624	53	52	67	132	135	56	0	255
 63670	53	52	67	132	135	53	0	255
 63715	53	52	67	132	135	53	0	255
 63760	52	51	67	132	135	53	0	255
 63806	52	51	67	132	135	52	0	255
 63851	52	51	67	132	135	51	0	255
 63896	52	50	67	132	135	51	0	255
 63942	51	50	67	132	135	51	0	255
 63987	51	50	67	132	135	50	0	255
 64032	51	50	67	132	135	50	0	255
 64078	50	49	67	131	135	48	0	255
 64123	50	49	67	131	135	47	0	255
 64168	50	49	67	131	135	47	0	255
 64214	50	49	67	131	135	46	0	255
 64259	50	49	66	131	135	46	0	255
 64305	49	48	66	131	135	45	0	255
 64350	49	48	66	131	135	45	0	255
 64395	49	48	66	131	135	44	0	255
 64441	49	48	66	131	135	44	0	255
 64486	48	48	66	131	135	44	0	255
 64531	48	47	66	131	135	42	0	255
 64577	48	47	66	131	135	41	0	255
 64622	48	47	66	131	135	41	0	255
 64667	48	47	66	131	135	41	0	255
 64713	47	47	66	131	135	40	0	255
 64758	47	47	66	131	135	40	0	255
 64803	47	46	66	131	135	40	0	255
 64849	47	46	66	131	135	40	0	255
 64894	47	46	66	131	135	38	0	255
 64939	47	46	66	131	135	38	0	255
 64985	46	46	66	131	135	38	0	255
 65030	46	45	66	131	135	37	0	255
 65075	46	45	66	131	135	36	0	255
 65121	46	45	66	131	135	36	0	255
 65166	46	45	66	131	135	36	0	255
 65212	46	45	66	131	135	35	0	255
 65257	46	45	66	131	135	35	0	255
 65302	45	45	66	131	135	35	0	255
 65348	45	45	66	131	135	32	0	255
 65393	45	44	66	131	135	32	0	255
 65438	45	44	66	131	135	32	0	255
 65484	45	44	66	131	135	32	0	255
 65529	45	44	66	131	135	32	0	255
 65574	45	44	66	131	135	32	0	255
 65620	44	44	66	131	135	32	0	255
 65665	44	44	66	131	135	32	0	255
 65710	44	43	66	131	135	30	0	255
 65756	44	43	66	131	135	31	0	255
 65801	44	43	66	131	135	30	0	255
 65846	44	43	66	131	135	30	0	255
 65892	44	43	66	131	135	30	0	255
 65937	44	43	66	131	135	29	0	255
 65982	43	43	66	131	135	29	0	255
 66028	43	43	66	131	135	29	0	255
 66073	43	43	66	131	135	28	0	255
 66119	43	43	66	131	135	28	0	255
 66164	43	42	66	131	135	28	0	255
 66209	43	42	66	131	135	28	0	255
 66255	43	42	66	131	135	28	0	255
 66300	43	42	66	131	135	28	0	255
 66345	43	42	66	131	135	26	0	255
 66391	43	42	66	131	135	25	0	255
 66436	43	42	66	131	135	25	0	255
 66481	42	42	66	131	135	26	0	255
 66527	42	42	66	131	135	24	0	255
 66572	42	42	66	131	135	24	0	255
 66617	42	42	66	131	135	25	0	255
 66663	42	41	66	131	135	25	0	255
 66708	42	41	66	131	135	24	0	255
 66754	42	41	66	131	135	24	0	255
 66799	42	41	66	131	135	24	0	255
 66844	42	41	66	131	135	23	0	255
 66889	42	41	66	131	135	23	0	255
 66935	42	41	66	131	135	22	0	255
 66980	42	41	66	131	135	23	0	255
 67026	41	41	66	131	135	22	0	255
 67071	41	41	66	131	135	22	0	255
 67116	41	41	66	131	135	22	0	255
 67162	41	41	66	131	135	22	0	255
 67207	41	41	66	131	135	20	0	255
 67252	41	41	66	131	135	22	0	255
 67298	41	40	66	131	135	22	0	255
 67343	41	40	66	131	135	20	0	255
 67388	41	40	66	131	135	20	0	255
 67434	41	40	66	131	135	20	0	255
 67479	41	40	66	131	135	22	0	255
 67524	41	40	66	131	135	19	0	255
 67570	41	40	66	131	135	19	0	255
 67615	41	40	66	131	135	19	0	255
 67660	41	40	66	131	135	19	0	255
 67706	41	40	66	131	135	19	0	255
 67751	40	40	66	131	135	19	0	255
 67796	40	40	66	131	135	18	0	255
 67842	40	40	66	131	135	18	0	255
 67887	40	40	66	131	134	18	0	255
 67933	40	40	66	131	135	18	0	255
 67978	40	40	66	131	134	18	0	255
 68023	40	40	66	131	134	18	0	255
 68069	40	40	66	131	134	17	0	255
 68115	40	39	66	131	134	17	0	255
 68159	40	39	66	131	134	17	0	255
 68205	40	39	66	131	134	17	0	255
 68250	40	39	66	131	134	17	0	255
 68295	40	39	66	131	134	17	0	255
 68341	40	39	66	131	134	16	0	255
 68386	40	39	66	131	134	17	0	255
 68431	40	39	66	131	134	16	0	255
 68477	40	39	66	131	134	17	0	255
 68522	40	39	66	131	134	17	0	255
 68567	40	39	66	131	134	16	0	255
 68613	40	39	66	131	134	16	0	255
 68658	40	39	66	131	134	17	0	255
 68703	39	39	66	131	134	14	0	255
 68749	39	39	66	130	134	16	0	255
 68794	39	39	66	130	134	14	0	255
 68840	39	39	66	130	134	16	0	255
 68885	39	39	66	131	134	16	0	255
 68930	39	39	66	130	134	14	0	255
 68976	39	39	66	130	134	13	0	255
 69021	39	39	66	130	134	14	0	255
 69066	39	39	66	130	134	14	0	255
 69112	39	39	66	130	134	14	0	255
 69157	39	39	66	130	134	13	0	255
 69202	39	39	66	130	134	13	0	255
 69248	39	39	66	130	134	13	0	255
 69293	39	39	66	130	134	14	0	255
 69338	39	39	66	130	134	13	0	255
 69384	39	38	66	130	134	13	0	255
 69429	39	38	66	130	134	14	0	255
 69474	39	38	66	130	134	13	0	255
 69520	39	38	66	130	134	13	0	255
 69565	39	38	66	130	134	14	0	255
 69610	39	38	66	130	134	13	0	255
 69656	39	38	66	130	134	12	0	255
 69701	39	38	66	130	134	13	0	255
 69747	39	38	66	130	134	13	0	255
 69792	39	38	66	130	134	12	0	255
 69837	39	38	66	130	134	12	0	255
 69883	39	38	66	130	134	12	0	255
 69928	39	38	66	130	134	12	0	255
 69973	39	38	66	130	134	12	0	255
 70019	39	38	66	130	134	11	0	255
 70064	38	38	66	130	134	11	0	255
 70109	38	38	66	130	134	12	0	255
 70155	38	38	66	130	134	12	0	255
 70200	38	38	66	130	134	11	0	255
 70245	38	38	66	130	134	11	0	255
 70291	38	38	66	130	134	11	0	255
 70336	38	38	66	130	134	10	0	255
 70381	38	38	66	130	134	10	0	255
 70427	38	38	66	130	134	11	0	255
 70473	38	38	66	130	134	11	0	255
 70517	38	38	66	130	134	11	0	255
 70563	38	38	66	130	134	10	0	255
 70608	38	38	66	130	134	11	0	255
 70654	38	38	66	130	134	11	0	255
 70699	38	38	66	130	134	10	0	255
 70744	38	38	66	130	134	10	0	255
 70790	38	38	66	130	134	11	0	255
 70835	38	38	66	130	134	11	0	255
 70880	38	38	66	130	134	10	0	255
 70926	38	38	66	130	134	8	0	255
 70971	38	38	66	130	134	10	0	255
 71016	38	38	66	130	134	8	0	255
 71062	38	38	66	130	134	8	0	255
 71107	38	38	66	130	134	10	0	255
 71152	38	38	66	130	134	8	0	255
 71198	38	38	66	130	134	8	0	255
 71243	38	38	66	130	134	10	0	255
 71288	38	38	66	130	134	8	0	255
 71334	38	38	66	130	134	10	0	255
 71379	38	38	66	130	134	7	0	255
 71424	38	38	66	130	134	8	0	255
 71470	38	37	66	130	134	7	0	255
 71515	38	37	66	130	134	8	0	255
 71561	38	37	66	130	134	8	0	255
 71606	38	37	66	130	134	8	0	255
 71651	38	37	66	130	134	8	0	255
 71697	38	37	66	130	134	8	0	255
 71742	38	37	66	130	134	8	0	255
 71787	38	37	66	130	134	7	0	255
 71833	38	37	66	130	134	7	0	255
 71878	38	37	66	130	134	8	0	255
 71923	38	37	66	130	134	7	0	255
 71969	38	37	66	130	134	8	0	255
 72014	38	37	66	130	134	8	0	255
 72059	38	37	66	130	134	8	0	255
 72105	38	37	66	130	134	6	0	255
 72150	38	37	66	130	134	7	0	255
 72195	38	37	66	130	134	6	0	255
 72241	38	37	66	130	134	7	0	255
 72286	38	37	66	130	134	6	0	255
 72332	38	37	66	130	134	6	0	255
 72377	38	37	66	130	134	8	0	255
 72422	38	37	66	130	134	6	0	255
 72467	38	37	66	130	134	6	0	255
 72513	38	37	66	130	134	6	0	255
 72558	38	37	65	130	134	7	0	255
 72604	37	37	65	130	134	6	0	255
 72694	37	37	65	130	134	8	0	255
 72741	37	37	65	130	134	7	0	255
 72785	37	37	65	130	134	7	0	255
 72830	37	37	65	130	134	7	0	255
 72876	37	37	65	130	134	6	0	255
 72921	37	37	65	130	134	7	0	255
 72966	37	37	65	130	134	6	0	255
 73012	37	37	65	130	134	7	0	255
 73057	37	37	65	130	134	7	0	255
 73102	37	37	65	130	134	5	0	255
 73148	37	37	65	130	134	7	0	255
 73194	37	37	65	130	134	5	0	255
 73238	37	37	65	130	134	5	0	255
 73284	37	37	65	130	134	5	0	255
 73329	37	37	65	130	134	6	0	255
 73374	37	37	65	130	134	5	0	255
 73420	37	37	65	130	134	7	0	255
 73465	37	37	65	130	134	7	0	255
 73511	37	37	65	130	134	6	0	255
 73556	37	37	65	130	134	6	0	255
 73601	37	37	65	130	134	6	0	255
 73647	37	37	65	130	134	5	0	255
 73692	37	37	65	129	134	5	0	255
 73737	37	37	65	130	134	4	0	255
 73783	37	37	65	130	134	6	0	255
 73828	37	37	65	130	134	5	0	255
 73873	37	37	65	129	134	5	0	255
 73919	37	37	65	129	134	5	0	255
 73964	37	37	65	129	134	6	0	255
 74009	37	37	65	129	134	5	0	255
 74055	37	37	65	129	134	6	0	255
 74100	37	37	65	129	134	5	0	255
 74145	37	37	65	129	134	5	0	255
 74191	37	37	65	129	134	4	0	255
 74236	37	37	65	129	134	6	0	255
 74281	37	37	65	129	134	5	0	255
 74327	37	37	65	129	134	5	0	255
 74372	37	37	65	129	134	4	0	255
 74418	37	37	65	129	134	5	0	255
 74463	37	37	65	129	134	4	0	255
 74508	37	37	65	129	134	5	0	255
 74554	37	37	65	129	134	5	0	255
 74599	37	37	65	129	134	5	0	255
 74644	37	37	65	129	134	5	0	255
 74690	37	37	65	129	134	5	0	255
 74735	37	37	65	129	134	4	0	255
 74780	37	37	65	129	134	5	0	255
 74826	37	37	65	129	134	4	0	255
 74871	37	37	65	129	134	4	0	255
 74916	37	37	65	129	134	5	0	255
 74962	37	37	65	129	134	4	0	255
 75007	37	37	65	129	134	5	0	255
 75052	37	37	65	129	133	3	0	255
 75099	37	37	65	129	134	4	0	255
 75143	37	37	65	129	134	3	0	255
 75188	37	37	65	129	133	4	0	255
 75234	37	37	65	129	133	5	0	255
 75279	37	37	65	129	133	4	0	255
 75325	37	37	65	129	133	5	0	255
 75370	37	37	65	129	133	3	0	255
 75415	37	37	65	129	133	3	0	255
 75461	37	37	65	129	133	4	0	255
 75506	37	37	65	129	133	4	0	255
 75551	37	37	65	129	133	3	0	255
 75597	37	37	65	129	133	5	0	255
 75642	37	37	65	129	133	5	0	255
 75687	37	37	65	129	133	4	0	255
 75733	37	37	65	129	133	3	0	255
 75778	37	37	65	129	133	2	0	255
 75823	37	37	65	129	133	4	0	255
 75869	37	37	65	129	133	3	0	255
 75914	37	37	65	129	133	5	0	255
 75959	37	37	65	129	133	4	0	255
 76005	37	37	65	129	133	4	0	255
 76050	37	37	65	129	133	4	0	255
 76095	37	37	65	129	133	3	0	255
 76141	37	37	65	129	133	4	0	255
 76186	37	37	65	129	133	2	0	255
 76231	37	37	65	129	133	3	0	255
 76277	37	37	65	129	133	4	0	255
 76322	37	37	65	129	133	3	0	255
 76368	37	37	65	129	133	5	0	255
 76413	37	37	65	129	133	4	0	255
 76458	37	37	65	129	133	3	0	255
 76504	37	37	65	129	133	3	0	255
 76549	37	37	65	129	133	5	0	255
 76594	37	37	65	129	133	4	0	255
 76640	37	37	65	129	133	3	0	255
 76685	37	37	65	129	133	4	0	255
 76730	37	37	65	129	133	3	0	255
 76776	37	37	65	129	133	4	0	255
 76821	37	37	65	129	133	4	0	255
 76866	37	37	65	129	133	3	0	255
 76912	37	37	65	129	133	3	0	255
 76957	37	37	65	129	133	3	0	255
 77002	37	37	65	129	133	4	0	255
 77049	37	37	65	129	133	4	0	255
 77093	37	37	65	129	133	4	0	255
 77138	37	37	65	129	133	4	0	255
 77184	37	37	65	129	133	5	0	255
 77229	37	37	65	129	133	4	0	255
 77275	37	37	65	129	133	4	0	255
 77320	37	37	65	129	133	4	0	255
 77365	37	37	65	129	133	4	0	255
 77411	37	37	65	129	133	5	0	255
 77460	37	36	65	129	133	3	0	255
 77501	37	36	65	129	133	5	0	255
 77547	37	37	65	129	133	4	0	255
 77593	37	36	65	129	133	4	0	255
 77637	37	36	65	129	133	5	0	255
 77683	37	36	65	129	133	3	0	255
 77728	37	36	65	129	133	3	0	255
 77773	37	36	65	129	133	4	0	255
 77819	37	36	65	129	133	3	0	255
 77864	37	36	65	129	133	4	0	255
 77909	37	36	65	129	133	4	0	255
 77955	37	36	65	129	133	4	0	255
 78000	37	36	65	129	133	5	0	255
 78045	37	36	65	129	133	5	0	255
 78091	37	36	65	129	133	5	0	255
 78136	37	36	65	129	133	3	0	255
 78182	37	36	65	129	133	4	0	255
 78227	37	36	65	129	133	5	0	255
 78272	37	36	65	129	133	3	0	255
 78322	37	36	65	129	133	5	0	255
 78363	37	36	65	129	133	5	0	255
 78408	37	36	65	129	133	5	0	255
 78454	37	36	65	129	133	4	0	255
 78499	37	36	65	129	133	4	0	255
 78544	37	36	65	129	133	5	0	255
 78590	37	36	65	129	133	3	0	255
 78635	37	36	65	129	133	3	0	255
 78680	37	36	65	129	133	4	0	255
 78726	37	36	64	128	133	5	0	255
 78771	37	36	65	128	133	5	0	255
 78816	37	36	65	128	133	5	0	255
 78862	37	36	64	128	133	4	0	255
 78907	37	36	64	128	133	4	0	255
 78952	37	36	65	128	133	5	0	255
 78998	37	36	64	128	133	4	0	255
 79043	37	36	64	128	133	4	0	255
 79089	37	36	64	128	133	5	0	255
 79134	37	36	64	128	133	3	0	255
 79180	37	36	64	128	133	4	0	255
 79225	37	36	64	128	133	4	0	255
 79270	37	36	64	128	133	4	0	255
 79315	37	36	64	128	133	5	0	255
 79361	37	36	64	128	133	4	0	255
 79406	37	36	64	128	133	5	8	255
 79451	37	36	64	128	133	4	0	255
 79497	37	36	64	128	133	4	0	255
 79542	37	36	64	128	133	3	0	255
 79587	37	36	64	128	133	4	0	255
 79633	36	36	64	128	133	4	0	255
 79678	37	36	64	128	133	3	0	255
 79723	36	36	64	128	133	4	0	255
 79769	37	36	64	128	133	4	0	255
 79814	37	36	64	128	133	4	0	255
 79859	37	36	64	128	133	4	0	255
 79905	36	36	64	128	133	4	0	255
 79950	36	36	64	128	133	5	0	255
 79996	37	36	64	128	133	5	0	255
 80041	36	36	64	128	133	5	0	255
 80086	36	36	64	128	133	4	0	255
 80132	37	36	64	128	133	4	0	255
 80177	36	36	64	128	133	3	0	255
 80222	37	36	64	128	133	4	0	255
 80268	36	36	64	128	133	5	0	255
 80313	36	36	64	128	133	4	0	255
 80358	36	36	64	128	133	5	0	255
 80404	36	36	64	128	133	4	0	255
 80449	36	36	64	128	133	4	0	255
 80494	36	36	64	128	133	4	0	255
 80540	36	36	64	128	133	4	0	255
 80585	36	36	64	128	133	5	0	255
 80630	36	36	64	128	133	5	0	255
 80676	36	36	64	128	133	5	0	255
 80721	36	36	64	128	133	4	0	255
 80766	36	36	64	128	133	4	0	255
 80812	36	36	64	128	133	5	0	255
 80857	36	36	64	128	133	4	0	255
 80903	36	36	64	128	133	5	0	255
 80948	36	36	64	128	133	3	0	255
 80993	36	36	64	128	133	4	0	255
 81039	36	36	64	128	133	4	0	255
 81084	36	36	64	128	133	4	0	255
 81129	36	36	64	128	133	4	0	255
 81175	36	36	64	128	133	5	0	255
 81220	36	36	64	128	133	4	0	255
 81265	36	36	64	128	133	5	0	255
 81311	36	36	64	128	133	5	0	255
 81356	36	36	64	128	133	4	0	255
 81401	36	36	64	128	133	4	0	255
 81450	36	36	64	128	133	5	0	255
 81492	36	36	64	128	133	4	0	255
 81537	36	36	64	128	133	5	0	255
 81583	36	36	64	128	133	4	0	255
 81628	36	36	64	128	133	4	0	255
 81673	36	36	64	128	133	3	0	255
 81719	36	36	64	128	133	5	0	255
 81765	36	36	64	128	133	5	0	255
 81809	36	36	64	128	133	4	0	255
 81855	36	36	64	128	133	5	0	255
 81900	36	36	64	128	133	5	0	255
 81946	36	36	64	128	133	5	0	255
 81991	36	36	64	128	133	5	0	255
 82036	36	36	64	128	133	5	0	255
 82082	36	36	64	128	132	5	0	255
 82127	36	36	64	128	133	4	0	255
 82172	36	36	64	128	132	3	0	255
 82218	36	36	64	128	132	4	0	255
 82263	36	36	64	128	132	5	0	255
 82308	36	36	64	128	132	4	0	255
 82354	36	36	64	128	132	6	0	255
 82399	36	36	64	128	132	4	0	255
 82445	36	36	64	128	132	5	0	255
 82490	36	36	64	128	132	5	0	255
 82535	36	36	64	128	132	4	0	255
 82580	36	36	64	128	132	3	0	255
 82626	36	36	64	128	132	5	0	255
 82671	36	36	64	128	132	5	0	255
 82716	36	36	64	128	132	3	0	255
 82762	36	36	64	128	132	5	0	255
 82807	36	36	64	128	132	4	0	255
 82853	36	36	64	128	132	5	0	255
 82898	36	36	64	128	132	6	0	255
 82943	36	36	64	128	132	5	0	255
 82989	36	36	64	128	132	5	0	255
 83034	36	36	64	128	132	4	0	255
 83080	36	36	64	128	132	6	0	255
 83125	36	36	64	128	132	4	0	255
 83170	36	36	64	128	132	6	0	255
 83215	36	36	64	128	132	5	0	255
 83261	36	36	64	128	132	4	0	255
 83306	36	36	64	128	132	4	0	255
 83351	36	36	64	128	132	4	0	255
 83397	36	36	64	128	132	5	0	255
 83442	36	36	64	128	132	6	0	255
 83487	36	36	64	128	132	5	0	255
 83533	36	36	64	128	132	4	0	255
 83578	36	36	64	128	132	4	0	255
 83623	36	36	64	128	132	4	0	255
 83669	36	36	64	127	132	5	0	255
 83714	36	36	64	128	132	4	0	255
 83760	36	36	64	127	132	6	0	255
 83805	36	36	64	127	132	3	0	255
 83850	36	36	64	127	132	5	0	255
 83896	36	36	64	127	132	5	0	255
 83941	36	36	64	127	132	5	0	255
 83986	36	36	64	127	132	4	0	255
 84032	36	36	64	127	132	4	0	255
 84077	36	36	64	127	132	4	0	255
 84122	36	36	64	127	132	5	0	255
 84168	36	36	64	127	132	3	0	255
 84213	36	36	64	127	132	4	0	255
 84259	36	36	64	127	132	5	0	255
 84304	36	36	64	127	132	5	0	255
 84349	36	36	64	127	132	5	0	255
 84394	36	36	64	127	132	5	0	255
 84440	36	36	64	127	132	5	0	255
 84485	36	36	64	127	132	5	0	255
 84530	36	36	64	127	132	4	0	255
 84576	36	36	64	127	132	3	0	255
 84621	36	36	64	127	132	4	0	255
 84666	36	36	64	127	132	5	0	255
 84712	36	36	64	127	132	5	0	255
 84757	36	36	64	127	132	5	0	255
 84803	36	36	64	127	132	6	0	255
 84848	36	36	64	127	132	5	0	255
 84893	36	36	64	127	132	5	0	255
 84939	36	36	63	127	132	4	0	255
 84984	36	36	63	127	132	4	0	255
 85030	36	36	63	127	132	4	0	255
 85075	36	36	63	127	132	5	0	255
 85120	36	36	63	127	132	5	0	255
 85165	36	36	63	127	132	6	0	255
 85211	36	36	63	127	132	5	0	255
 85256	36	36	63	127	132	4	0	255
 85301	36	36	63	127	132	6	0	255
 85347	36	36	63	127	132	5	0	255
 85392	36	36	63	127	132	4	0	255
 85437	36	36	63	127	132	4	0	255
 85483	36	36	63	127	132	5	0	255
 85528	36	36	63	127	132	5	0	255
 85574	36	36	63	127	132	6	0	255
 85619	36	36	63	127	132	6	0	255
 85664	36	36	63	127	132	5	0	255
 85710	36	36	63	127	132	4	0	255
 85755	36	36	63	127	132	4	0	255
 85800	36	36	63	127	132	4	0	255
 85846	36	36	63	127	132	5	0	255
 85891	36	36	63	127	132	5	0	255
 85936	36	36	63	127	132	4	0	255
 85982	36	36	63	127	132	5	0	255
 86027	36	36	63	127	132	6	0	255
 86072	36	36	63	127	132	5	0	255
 86118	36	36	63	127	132	5	0	255
 86163	36	36	63	127	132	4	0	255
 86208	36	36	63	127	132	5	0	255
 86256	36	36	63	127	132	5	0	255
 86299	36	36	63	127	132	6	0	255
 86344	36	36	63	127	132	6	0	255
 86390	36	36	63	127	132	6	0	255
