HomeCentral
 Falkenstrasse 20
 8630 Rueti
 Datum: 25.03.14 00:00
 
 Startzeit: 2014-03-25 00:00:12 +0100
 57	36	35	51	114	118	3	0	255
 103	36	35	52	114	118	3	0	255
 148	36	35	51	114	118	3	0	255
 193	36	35	51	114	118	3	0	255
 239	36	35	52	114	118	3	0	255
 284	36	35	51	114	118	3	0	255
 329	36	35	51	114	118	4	0	255
 375	35	35	51	114	118	4	0	255
 420	35	35	51	114	118	4	0	255
 465	35	35	51	114	118	3	0	255
 511	35	35	51	114	118	5	0	255
 556	35	35	51	114	118	4	0	255
 601	35	35	51	114	118	3	0	255
 647	35	35	51	114	118	3	0	255
 692	35	35	51	114	118	3	0	255
 737	35	35	51	114	118	3	0	255
 783	36	35	51	114	118	3	0	255
 828	35	35	51	114	118	3	0	255
 874	35	35	51	114	118	3	0	255
 919	35	35	51	114	118	3	0	255
 964	35	35	51	114	118	3	0	255
 1010	35	35	51	114	118	4	0	255
 1055	35	35	51	114	118	3	0	255
 1100	35	35	51	114	118	3	0	255
 1146	35	35	51	114	118	3	0	255
 1191	35	35	51	114	118	3	0	255
 1236	35	35	51	114	118	3	0	255
 1282	35	35	51	114	118	3	0	255
 1327	35	35	51	114	118	3	0	255
 1372	35	35	51	114	118	3	0	255
 1418	35	35	51	114	118	3	0	255
 1463	35	35	51	114	118	2	0	255
 1508	35	35	51	114	118	3	0	255
 1554	35	35	51	114	118	2	0	255
 1599	35	35	51	114	118	2	0	255
 1644	35	35	51	114	118	3	0	255
 1690	35	35	51	114	118	3	0	255
 1735	35	35	51	114	118	3	0	255
 1781	35	35	51	114	118	2	0	255
 1826	35	35	51	114	118	2	0	255
 1871	35	35	51	114	118	3	0	255
 1917	35	35	51	114	118	3	0	255
 1962	35	35	51	114	118	2	0	255
 2007	35	35	51	114	118	2	0	255
 2053	35	35	51	114	118	2	0	255
 2098	35	35	51	114	118	2	0	255
 2143	35	35	51	114	118	2	0	255
 2189	35	35	51	114	118	2	0	255
 2234	35	35	51	114	118	2	0	255
 2279	35	35	51	114	118	0	0	255
 2325	35	35	51	114	118	2	0	255
 2370	35	35	51	114	118	0	0	255
 2415	35	35	51	114	118	0	0	255
 2461	35	35	51	114	118	0	0	255
 2506	35	35	51	114	118	0	0	255
 2551	35	35	51	114	118	0	0	255
 2597	35	35	51	114	118	2	0	255
 2642	35	35	51	114	118	0	0	255
 2688	35	35	51	114	118	0	0	255
 2733	35	35	51	114	118	0	0	255
 2778	35	35	51	114	118	0	0	255
 2824	35	35	51	114	118	0	0	255
 2869	35	35	51	114	118	0	0	255
 2914	35	35	51	114	118	0	0	255
 2960	35	35	51	114	118	0	0	255
 3005	35	35	51	114	118	0	0	255
 3050	35	35	51	114	118	0	0	255
 3096	35	35	51	114	118	0	0	255
 3141	35	35	51	114	118	0	0	255
 3186	35	35	51	114	118	0	0	255
 3232	35	35	51	114	118	0	0	255
 3277	35	35	51	114	118	0	0	255
 3322	35	35	51	114	118	0	0	255
 3368	35	35	51	114	118	0	0	255
 3413	35	35	51	113	118	0	0	255
 3458	35	35	51	114	118	0	0	255
 3504	35	35	51	113	118	0	0	255
 3549	35	35	51	113	118	0	0	255
 3595	35	35	51	113	118	0	0	255
 3640	35	35	51	113	118	0	0	255
 3685	35	35	51	113	118	0	0	255
 3731	35	35	51	113	118	0	0	255
 3776	35	35	51	113	118	0	0	255
 3821	35	35	51	113	118	0	0	255
 3867	35	35	51	113	118	0	0	255
 3912	35	35	51	113	118	0	0	255
 3957	35	35	51	113	118	0	0	255
 4003	35	35	51	113	118	0	0	255
 4048	35	35	51	113	118	0	0	255
 4093	35	35	51	113	118	0	0	255
 4139	35	35	51	113	118	0	0	255
 4184	35	35	51	113	118	0	0	255
 4229	35	35	51	113	118	0	0	255
 4275	35	35	51	113	118	0	0	255
 4320	35	35	51	113	118	0	0	255
 4366	35	35	51	113	118	0	0	255
 4411	35	35	51	113	118	0	0	255
 4456	35	35	51	113	118	0	0	255
 4501	35	35	51	113	118	0	0	255
 4547	35	35	51	113	118	0	0	255
 4592	35	35	51	113	118	0	0	255
 4638	35	35	51	113	118	0	0	255
 4683	35	35	51	113	118	0	0	255
 4728	35	35	51	113	118	0	0	255
 4774	35	35	51	113	118	0	0	255
 4819	35	35	51	113	118	0	0	255
 4864	35	35	51	113	118	0	0	255
 4910	35	35	51	113	118	0	0	255
 4955	35	35	51	113	118	0	0	255
 5000	35	35	51	113	118	0	0	255
 5046	35	35	51	113	118	0	0	255
 5091	35	35	51	113	118	0	0	255
 5137	35	35	51	113	118	0	0	255
 5182	35	35	51	113	118	0	0	255
 5227	35	35	51	113	118	0	0	255
 5272	35	35	51	113	118	0	0	255
 5318	35	35	51	113	118	0	0	255
 5363	35	35	51	113	118	0	0	255
 5408	35	35	51	113	118	0	0	255
 5454	35	35	51	113	118	0	0	255
 5499	35	35	51	113	118	0	0	255
 5545	35	35	51	113	118	0	0	255
 5590	35	35	51	113	118	0	0	255
 5635	35	35	51	113	118	0	0	255
 5681	35	35	51	113	118	0	0	255
 5726	35	35	51	113	118	0	0	255
 5771	35	35	51	113	118	0	0	255
 5817	35	35	51	113	118	0	0	255
 5862	35	35	51	113	118	0	0	255
 5907	35	35	51	113	118	0	0	255
 5953	35	35	51	113	118	0	0	255
 5998	35	35	51	113	118	0	0	255
 6043	35	35	51	113	118	0	0	255
 6089	35	35	51	113	118	0	0	255
 6134	35	35	51	113	118	0	0	255
 6179	35	35	51	113	118	0	0	255
 6225	35	35	51	113	118	0	0	255
 6270	35	35	51	113	118	0	0	255
 6315	35	35	51	113	118	0	0	255
 6361	35	35	51	113	118	0	0	255
 6406	35	35	51	113	118	0	0	255
 6452	35	35	51	113	118	0	0	255
 6497	35	35	51	113	118	0	0	255
 6542	35	35	51	113	118	0	0	255
 6588	35	35	51	113	118	0	0	255
 6633	35	35	51	113	118	0	0	255
 6678	35	35	51	113	117	0	0	255
 6724	35	35	51	113	117	0	0	255
 6769	35	35	51	113	118	0	0	255
 6814	35	35	51	113	117	0	0	255
 6860	35	35	51	113	117	0	0	255
 6905	35	35	51	113	117	0	0	255
 6950	35	35	51	113	117	0	0	255
 6996	35	35	51	113	117	0	0	255
 7041	35	35	51	113	117	0	0	255
 7086	35	35	51	113	117	0	0	255
 7132	35	35	51	113	117	0	0	255
 7177	35	35	51	113	117	0	0	255
 7224	35	35	51	113	117	0	0	255
 7268	35	35	51	113	117	0	0	255
 7313	35	35	51	113	117	0	0	255
 7359	35	35	51	113	117	0	0	255
 7404	35	35	51	113	117	0	0	255
 7449	35	35	51	113	117	0	0	255
 7495	35	35	51	113	117	0	0	255
 7540	35	35	51	113	117	0	0	255
 7585	35	35	51	113	117	0	0	255
 7631	35	35	51	113	117	0	0	255
 7676	35	35	51	113	117	0	0	255
 7721	35	35	51	113	117	0	0	255
 7767	35	35	51	113	117	0	0	255
 7812	35	35	51	113	117	0	0	255
 7857	35	35	51	113	117	0	0	255
 7903	35	35	51	113	117	0	0	255
 7948	35	35	51	113	117	0	0	255
 7993	35	35	51	113	117	0	0	255
 8039	35	35	51	113	117	0	0	255
 8084	35	35	51	113	117	0	0	255
 8129	35	35	51	113	117	0	0	255
 8175	35	35	51	113	117	0	0	255
 8220	35	35	51	113	117	0	0	255
 8266	35	35	51	113	117	0	0	255
 8311	35	35	51	113	117	0	0	255
 8356	35	35	51	113	117	0	0	255
 8402	35	35	51	113	117	0	0	255
 8447	35	35	51	113	117	0	0	255
 8492	35	35	51	113	117	0	0	255
 8538	35	35	51	113	117	0	0	255
 8583	35	35	51	113	117	0	0	255
 8628	35	35	51	113	117	0	0	255
 8674	35	35	51	113	117	0	0	255
 8719	35	35	51	113	117	0	0	255
 8764	35	35	51	113	117	0	0	255
 8810	35	35	51	113	117	0	0	255
 8855	35	35	51	113	117	0	0	255
 8900	35	35	51	113	117	0	0	255
 8946	35	35	51	113	117	0	0	255
 8991	35	35	51	113	117	0	0	255
 9036	35	35	51	113	117	0	0	255
 9082	35	35	51	113	117	0	0	255
 9127	35	35	51	113	117	0	0	255
 9172	35	35	51	113	117	0	0	255
 9218	35	35	51	113	117	0	0	255
 9263	35	35	51	113	117	0	0	255
 9309	35	35	51	113	117	0	0	255
 9354	35	35	51	113	117	0	0	255
 9399	35	35	51	113	117	0	0	255
 9445	35	35	51	113	117	0	0	255
 9490	35	35	51	113	117	0	0	255
 9535	35	35	51	113	117	0	0	255
 9581	35	35	51	113	117	0	0	255
 9626	35	35	51	113	117	0	0	255
 9671	35	35	51	113	117	0	0	255
 9717	35	35	51	113	117	0	0	255
 9762	35	35	51	113	117	0	0	255
 9808	35	35	51	113	117	0	0	255
 9853	35	35	51	113	117	0	0	255
 9898	35	35	51	113	117	0	0	255
 9943	35	35	51	113	117	0	0	255
 9989	35	35	51	113	117	0	0	255
 10034	35	35	51	113	117	0	0	255
 10079	35	35	51	113	117	0	0	255
 10125	35	35	51	113	117	0	0	255
 10170	35	35	51	113	117	0	0	255
 10216	35	35	51	113	117	0	0	255
 10261	35	35	51	113	117	0	0	255
 10306	35	35	51	112	117	0	0	255
 10352	35	35	51	112	117	0	0	255
 10397	35	35	51	112	117	0	0	255
 10442	35	35	51	113	117	0	0	255
 10488	35	35	51	112	117	0	0	255
 10533	35	35	51	112	117	0	0	255
 10578	35	35	51	112	117	0	0	255
 10624	35	35	51	112	117	0	0	255
 10669	35	35	51	112	117	0	0	255
 10714	35	35	51	112	117	0	0	255
 10760	35	35	51	112	117	0	0	255
 10805	35	35	51	112	117	0	0	255
 10850	35	35	51	112	117	0	0	255
 10896	35	35	51	112	117	0	0	255
 10941	35	35	51	112	117	0	0	255
 10986	35	35	51	112	117	0	0	255
 11032	35	35	51	112	117	0	0	255
 11077	35	35	51	112	117	0	0	255
 11123	35	35	51	112	117	0	0	255
 11168	35	35	51	112	117	0	0	255
 11213	35	35	51	112	117	0	0	255
 11259	35	35	51	112	117	0	0	255
 11304	35	35	51	112	117	0	0	255
 11349	35	35	51	112	117	0	0	255
 11395	35	35	51	112	117	0	0	255
 11440	35	35	51	112	117	0	0	255
 11485	35	35	51	112	117	0	0	255
 11531	35	35	51	112	117	0	0	255
 11576	35	35	51	112	117	0	0	255
 11621	35	35	51	112	117	0	0	255
 11667	35	35	51	112	117	0	0	255
 11712	35	35	51	112	117	0	0	255
 11757	35	35	51	112	117	0	0	255
 11803	35	35	51	112	117	0	0	255
 11848	35	35	51	112	117	0	0	255
 11893	35	35	51	112	117	0	0	255
 11939	35	35	51	112	117	0	0	255
 11984	35	35	51	112	117	0	0	255
 12030	35	35	51	112	117	0	0	255
 12075	35	35	51	112	117	0	0	255
 12120	35	35	51	112	117	0	0	255
 12166	35	35	51	112	117	0	0	255
 12211	35	35	51	112	117	0	0	255
 12256	35	35	51	112	117	0	0	255
 12302	35	35	51	112	117	0	0	255
 12347	35	35	51	112	117	0	0	255
 12392	35	35	51	112	117	0	0	255
 12438	35	35	51	112	117	0	0	255
 12483	35	35	51	112	117	0	0	255
 12529	35	35	51	112	117	0	0	255
 12574	35	35	51	112	117	0	0	255
 12619	35	35	51	112	117	0	0	255
 12664	35	35	51	112	117	0	0	255
 12710	35	35	51	112	117	0	0	255
 12755	35	35	51	112	117	0	0	255
 12800	35	35	51	112	117	0	0	255
 12846	35	35	51	112	117	2	0	255
 12891	35	35	51	112	117	0	0	255
 12937	35	35	51	112	117	0	0	255
 12982	35	35	51	112	117	2	0	255
 13027	35	35	51	112	117	2	0	255
 13073	35	35	51	112	117	2	0	255
 13118	35	35	51	112	117	0	0	255
 13163	35	35	50	112	117	0	0	255
 13209	35	35	50	112	117	2	0	255
 13254	35	35	50	112	117	0	0	255
 13299	35	35	51	112	117	0	0	255
 13345	35	35	51	112	117	2	0	255
 13390	35	35	50	112	117	0	0	255
 13435	35	35	50	112	117	2	0	255
 13481	35	35	50	112	117	2	0	255
 13526	35	35	50	112	117	0	0	255
 13571	35	35	50	112	117	2	0	255
 13618	35	35	51	112	117	2	0	255
 13662	35	35	50	112	117	2	0	255
 13707	35	35	50	112	117	2	0	255
 13753	35	35	50	112	117	2	0	255
 13798	35	35	50	112	117	2	0	255
 13844	35	35	50	112	117	2	0	255
 13889	35	35	50	112	117	2	0	255
 13934	35	35	50	112	117	2	0	255
 13980	35	35	50	112	117	2	0	255
 14025	35	35	50	112	117	2	0	255
 14070	35	35	50	112	117	2	0	255
 14116	35	35	50	112	116	2	0	255
 14161	35	35	50	112	117	2	0	255
 14206	35	35	50	112	117	2	0	255
 14252	35	35	50	112	117	3	0	255
 14297	35	35	50	112	117	2	0	255
 14342	35	35	50	112	116	3	0	255
 14388	35	35	50	112	116	2	0	255
 14433	35	35	50	112	117	3	0	255
 14478	35	35	50	112	116	3	0	255
 14524	35	35	50	112	116	2	0	255
 14569	35	35	50	112	116	2	0	255
 14614	35	35	50	112	116	3	0	255
 14660	35	35	50	112	116	2	0	255
 14705	35	35	50	112	116	2	0	255
 14750	35	35	50	112	116	3	0	255
 14796	35	35	50	112	116	3	0	255
 14841	35	35	50	112	116	3	0	255
 14887	35	35	50	112	116	3	0	255
 14932	35	35	50	112	116	2	0	255
 14977	35	35	50	112	116	3	0	255
 15023	35	35	50	112	116	2	0	255
 15068	35	35	50	112	116	2	0	255
 15113	35	35	50	112	116	2	0	255
 15159	35	35	50	112	116	3	0	255
 15204	35	35	50	112	116	3	0	255
 15249	35	35	50	112	116	3	0	255
 15295	35	35	50	112	116	3	0	255
 15340	35	35	50	112	116	3	0	255
 15385	35	35	50	112	116	3	0	255
 15431	35	35	50	112	116	2	0	255
 15476	35	35	50	112	116	3	0	255
 15521	35	35	50	112	116	3	0	255
 15567	35	35	50	112	116	2	0	255
 15612	35	35	50	112	116	3	0	255
 15657	35	35	50	112	116	2	0	255
 15703	35	35	50	112	116	3	0	255
 15748	35	35	50	112	116	2	0	255
 15794	35	35	50	112	116	2	0	255
 15839	35	35	50	112	116	2	0	255
 15884	35	35	50	112	116	2	0	255
 15930	35	35	50	112	116	3	0	255
 15975	35	35	50	112	116	3	0	255
 16020	35	35	50	112	116	2	0	255
 16066	35	35	50	112	116	2	0	255
 16111	35	35	50	112	116	3	0	255
 16156	35	35	50	112	116	2	0	255
 16202	35	35	50	112	116	2	0	255
 16247	35	35	50	112	116	3	0	255
 16292	35	35	50	112	116	3	0	255
 16338	35	35	50	112	116	2	0	255
 16383	35	35	50	112	116	2	0	255
 16428	35	35	50	112	116	2	0	255
 16474	35	35	50	112	116	2	0	255
 16519	35	35	50	112	116	2	0	255
 16564	35	35	50	112	116	2	0	255
 16610	35	35	50	112	116	0	0	255
 16655	35	35	50	112	116	2	0	255
 16701	35	34	50	112	116	2	0	255
 16746	35	34	50	112	116	2	0	255
 16791	35	34	50	112	116	2	0	255
 16837	35	35	50	112	116	2	0	255
 16882	35	35	50	112	116	2	0	255
 16928	35	34	50	112	116	2	0	255
 16973	35	35	50	112	116	0	0	255
 17018	35	34	50	112	116	2	0	255
 17063	35	34	50	112	116	2	0	255
 17109	35	34	50	112	116	0	0	255
 17154	35	34	50	112	116	0	0	255
 17199	35	34	50	112	116	0	0	255
 17245	35	34	50	112	116	0	0	255
 17290	35	34	50	112	116	0	0	255
 17335	35	34	50	112	116	2	0	255
 17381	35	34	50	112	116	0	0	255
 17426	35	34	50	112	116	0	0	255
 17471	35	34	50	112	116	0	0	255
 17517	35	34	50	112	116	0	0	255
 17562	35	34	50	111	116	0	0	255
 17608	35	34	50	111	116	0	0	255
 17653	35	34	50	111	116	0	0	255
 17698	35	34	50	111	116	0	0	255
 17744	35	34	50	111	116	0	0	255
 17789	35	34	50	111	116	0	0	255
 17834	35	34	50	111	116	0	0	255
 17880	34	34	50	111	116	0	0	255
 17925	35	34	50	111	116	0	0	255
 17970	35	34	50	111	116	0	0	255
 18016	35	34	50	111	116	0	0	255
 18061	35	34	50	111	116	0	0	255
 18106	34	34	50	111	116	0	0	255
 18152	35	34	50	111	116	0	0	255
 18197	35	34	50	111	116	0	0	255
 18242	35	34	50	111	116	0	0	255
 18288	34	34	50	111	116	0	0	255
 18333	34	34	50	111	116	0	0	255
 18379	34	34	50	111	116	0	0	255
 18424	35	34	50	111	116	0	0	255
 18469	34	34	50	111	116	0	0	255
 18515	35	34	50	111	116	0	0	255
 18560	35	34	50	111	116	0	0	255
 18605	35	34	50	111	116	0	0	255
 18651	34	34	50	111	116	0	0	255
 18696	34	34	50	111	116	0	0	255
 18741	34	34	50	111	116	0	0	255
 18787	34	34	50	111	116	0	0	255
 18832	35	34	50	111	116	0	0	255
 18877	34	34	50	111	116	0	0	255
 18923	34	34	50	111	116	0	0	255
 18968	34	34	50	111	116	0	0	255
 19013	34	34	50	111	116	0	0	255
 19059	34	34	50	111	116	0	0	255
 19104	34	34	50	111	116	0	0	255
 19149	34	34	50	111	116	0	0	255
 19195	34	34	50	111	116	0	0	255
 19240	34	34	50	111	116	0	0	255
 19285	34	34	50	111	116	0	0	255
 19331	34	34	50	111	116	0	0	255
 19376	34	34	50	111	116	0	0	255
 19421	34	34	50	111	116	0	0	255
 19467	34	34	50	111	116	0	0	255
 19512	34	34	50	111	116	0	0	255
 19558	34	34	50	111	116	0	0	255
 19603	34	34	50	111	116	0	0	255
 19648	34	34	50	111	116	0	0	255
 19694	34	34	50	111	116	0	0	255
 19739	34	34	50	111	116	0	0	255
 19784	34	34	50	111	116	0	0	255
 19830	34	34	50	111	116	0	0	255
 19875	34	34	50	111	116	0	0	255
 19920	34	34	50	111	116	0	0	255
 19966	34	34	50	111	116	0	0	255
 20011	34	34	50	111	116	0	0	255
 20056	34	34	50	111	116	0	0	255
 20102	34	34	50	111	116	0	0	255
 20147	34	34	50	111	116	0	0	255
 20192	34	34	50	111	116	0	0	255
 20238	34	34	50	111	116	0	0	255
 20283	34	34	50	111	116	0	0	255
 20328	34	34	50	111	116	0	0	255
 20374	34	34	50	111	116	0	0	255
 20419	34	34	50	111	116	0	0	255
 20465	34	34	50	111	116	0	0	255
 20510	34	34	50	111	116	0	0	255
 20555	34	34	50	111	116	0	0	255
 20601	34	34	50	111	116	0	0	255
 20646	34	34	50	111	116	0	0	255
 20691	34	34	50	111	116	0	0	255
 20737	34	34	50	111	116	0	0	255
 20782	34	34	50	111	116	0	0	255
 20827	34	34	50	111	116	0	0	255
 20873	34	34	50	111	116	0	0	255
 20918	34	34	50	111	116	0	0	255
 20963	34	34	50	111	116	0	0	255
 21009	34	34	50	111	116	0	0	255
 21054	34	34	50	111	116	0	0	255
 21099	34	34	50	111	116	0	0	255
 21145	34	34	50	111	116	0	0	255
 21190	34	34	50	111	116	0	0	255
 21235	34	34	50	111	116	0	0	255
 21281	34	34	50	111	116	0	0	255
 21326	34	34	50	111	116	0	0	255
 21372	34	34	50	111	116	0	0	255
 21417	34	34	50	111	116	0	0	255
 21462	34	34	50	111	116	0	0	255
 21508	34	34	50	111	116	0	0	255
 21553	34	34	50	111	116	0	0	255
 21598	34	34	50	111	116	0	0	255
 21644	34	34	50	111	116	0	0	255
 21689	34	34	50	111	115	0	0	255
 21734	34	34	50	111	116	0	0	255
 21780	34	34	50	111	116	0	0	255
 21825	34	34	50	111	116	0	0	255
 21870	34	34	50	111	116	0	0	255
 21916	34	34	50	111	116	0	0	255
 21961	34	34	50	111	116	0	0	255
 22006	34	34	50	111	116	0	0	255
 22052	34	34	50	111	116	0	0	255
 22097	34	34	50	111	115	0	0	255
 22142	34	34	50	111	115	0	0	255
 22188	34	34	50	111	115	0	0	255
 22233	34	34	50	111	115	0	0	255
 22279	34	34	50	111	115	0	0	255
 22324	34	34	50	111	115	0	0	255
 22369	34	34	50	111	115	0	0	255
 22415	34	34	50	111	115	0	0	255
 22460	34	34	50	111	115	0	0	255
 22505	34	34	50	111	115	0	0	255
 22551	34	34	50	111	115	0	0	255
 22596	34	34	50	111	115	0	0	255
 22641	34	34	50	111	115	0	0	255
 22687	34	34	50	111	115	0	0	255
 22732	34	34	50	111	115	0	0	255
 22777	34	34	50	111	115	0	0	255
 22823	34	34	50	111	115	0	0	255
 22868	34	34	50	111	115	0	0	255
 22913	34	34	50	111	115	0	0	255
 22959	34	34	50	111	115	0	0	255
 23004	34	34	50	111	115	0	0	255
 23049	34	34	50	111	115	0	0	255
 23095	34	34	50	111	115	0	0	255
 23140	34	34	50	111	115	0	0	255
 23185	34	34	50	111	115	0	0	255
 23231	34	34	50	111	115	0	0	255
 23276	34	34	50	111	115	0	0	255
 23322	34	34	50	111	115	0	0	255
 23367	34	34	50	111	115	0	0	255
 23412	34	34	50	111	115	0	0	255
 23458	34	34	50	111	115	0	0	255
 23503	34	34	50	111	115	0	0	255
 23548	34	34	50	111	115	0	0	255
 23594	34	34	50	111	115	0	0	255
 23639	34	34	50	111	115	0	0	255
 23684	34	34	50	111	115	0	0	255
 23730	34	34	50	111	115	0	0	255
 23775	34	34	50	111	115	0	0	255
 23820	34	34	50	111	115	0	0	255
 23866	34	34	50	111	115	0	0	255
 23911	34	34	50	111	115	0	0	255
 23956	34	34	50	111	115	0	0	255
 24002	34	34	50	111	115	0	0	255
 24047	34	34	50	111	115	0	0	255
 24093	34	34	50	111	115	0	0	255
 24138	34	34	50	111	115	0	0	255
 24183	34	34	50	111	115	0	0	255
 24229	34	34	50	111	115	0	0	255
 24274	34	34	50	111	115	0	0	255
 24319	34	34	49	111	115	0	0	255
 24365	34	34	50	111	115	0	0	255
 24410	34	34	49	111	115	0	0	255
 24455	34	34	50	111	115	0	0	255
 24501	34	34	49	110	115	0	0	255
 24546	34	34	50	111	115	0	0	255
 24591	34	34	49	110	115	0	0	255
 24637	34	34	49	111	115	0	0	255
 24682	34	34	50	111	115	0	0	255
 24727	34	34	49	110	115	0	0	255
 24773	34	34	50	110	115	0	0	255
 24818	34	34	49	110	115	0	0	255
 24863	34	34	49	110	115	0	0	255
 24909	34	34	50	110	115	2	0	255
 24954	34	34	49	110	115	0	0	255
 24999	34	34	49	110	115	0	0	255
 25045	34	34	49	110	115	0	0	255
 25090	34	34	49	110	115	0	0	255
 25136	34	34	49	110	115	2	0	255
 25181	34	34	49	110	115	3	0	255
 25226	34	34	49	110	115	3	0	255
 25272	34	34	49	110	115	3	0	255
 25317	34	34	49	110	115	3	0	255
 25362	34	34	49	110	115	3	0	255
 25408	34	34	49	110	115	3	0	255
 25453	34	34	49	110	115	3	0	255
 25498	34	34	49	110	115	3	0	255
 25544	34	34	49	110	115	4	0	255
 25589	34	34	49	110	115	4	0	255
 25634	34	34	49	110	115	4	0	255
 25680	34	34	49	110	115	4	0	255
 25725	34	34	49	110	115	4	0	255
 25770	34	34	49	110	115	4	0	255
 25816	34	34	49	110	115	5	0	255
 25861	34	34	49	110	115	5	0	255
 25906	34	34	49	110	115	5	0	255
 25952	34	34	49	110	115	5	0	255
 25997	34	34	49	110	115	6	0	255
 26043	34	34	49	110	115	6	0	255
 26088	34	34	49	110	115	5	0	255
 26133	34	34	49	110	115	6	0	255
 26179	34	34	49	110	115	6	0	255
 26224	34	34	49	110	115	7	0	255
 26269	34	34	49	110	115	6	0	255
 26315	34	34	49	110	115	7	0	255
 26360	34	34	49	110	115	7	0	255
 26405	34	34	49	110	115	7	0	255
 26451	34	34	49	110	115	8	0	255
 26496	34	34	49	110	115	8	0	255
 26541	34	34	49	110	115	8	0	255
 26587	34	34	49	110	115	10	0	255
 26632	34	34	49	110	115	8	0	255
 26677	34	34	49	110	115	10	0	255
 26723	34	34	49	110	115	10	0	255
 26769	34	34	49	110	115	10	0	255
 26813	34	34	49	110	115	11	0	255
 26859	34	34	49	110	115	10	0	255
 26904	34	34	49	110	115	11	0	255
 26950	34	34	49	110	115	11	0	255
 26995	34	34	49	110	115	12	0	255
 27040	34	34	49	110	115	12	0	255
 27086	34	34	49	110	115	12	0	255
 27131	34	34	49	110	115	12	0	255
 27176	34	34	49	110	115	12	0	255
 27222	34	34	49	110	115	13	0	255
 27267	34	34	49	110	115	13	0	255
 27312	34	34	49	110	115	14	0	255
 27358	34	34	49	110	115	13	0	255
 27403	34	34	49	110	115	13	0	255
 27448	34	34	49	110	115	14	0	255
 27494	34	34	49	110	115	14	0	255
 27539	34	34	49	110	115	14	0	255
 27584	34	34	49	110	115	16	0	255
 27630	34	34	49	110	115	16	0	255
 27675	34	34	49	110	115	17	0	255
 27720	34	34	49	110	115	17	0	255
 27766	34	34	49	110	115	17	0	255
 27811	34	34	49	110	115	18	0	255
 27857	34	34	49	110	115	19	0	255
 27902	34	34	49	110	115	20	0	255
 27947	34	34	49	110	115	19	0	255
 27993	34	34	49	110	115	20	0	255
 28038	34	34	49	110	115	22	0	255
 28084	34	34	49	110	115	23	0	255
 28129	34	34	49	110	115	23	0	255
 28174	34	34	49	110	115	24	0	255
 28219	34	34	49	110	115	25	0	255
 28265	34	34	49	110	115	25	0	255
 28310	34	34	49	110	115	25	0	255
 28355	34	34	49	110	115	26	0	255
 28401	34	34	49	110	115	26	0	255
 28446	34	34	49	110	115	28	0	255
 28491	34	34	49	110	115	29	0	255
 28537	34	34	49	110	115	29	0	255
 28582	34	34	49	110	115	29	0	255
 28627	34	34	49	110	115	30	0	255
 28673	34	34	49	110	115	30	0	255
 28718	34	34	49	110	115	32	0	255
 28764	34	34	49	110	115	31	0	255
 28809	34	34	49	110	115	32	0	255
 28856	34	34	49	110	115	34	0	255
 28900	34	34	49	110	115	34	0	255
 28945	34	34	49	110	115	36	0	255
 28990	34	34	49	110	115	35	0	255
 29036	34	34	49	110	115	36	0	255
 29081	34	34	49	110	115	36	0	255
 29126	34	34	49	110	115	36	0	255
 29172	34	34	49	110	115	37	0	255
 29217	34	34	49	110	115	37	0	255
 29262	34	34	49	110	115	37	0	255
 29308	34	34	49	110	114	37	0	255
 29353	34	34	49	110	115	38	0	255
 29398	34	34	49	110	115	40	0	255
 29444	34	34	49	110	115	40	0	255
 29489	34	34	49	110	114	41	0	255
 29534	34	34	49	110	114	40	0	255
 29580	34	34	49	110	114	41	0	255
 29625	34	34	49	110	114	41	0	255
 29671	34	34	49	110	114	42	0	255
 29716	34	34	49	110	114	42	0	255
 29761	34	34	49	110	114	44	0	255
 29807	34	34	49	110	114	44	0	255
 29852	34	34	49	110	114	44	0	255
 29897	34	34	49	110	114	45	0	255
 29943	34	34	49	110	114	46	0	255
 29988	34	34	49	110	114	46	0	255
 30033	34	34	49	110	114	48	0	255
 30079	34	34	49	110	114	48	0	255
 30124	34	34	49	110	114	50	0	255
 30169	34	34	49	110	114	52	0	255
 30215	34	34	49	110	114	51	0	255
 30260	34	34	49	110	114	51	0	255
 30305	34	34	49	110	114	52	0	255
 30351	34	34	49	110	114	53	0	255
 30396	34	34	49	110	114	54	0	255
 30442	34	34	49	110	114	56	0	255
 30487	34	34	49	110	114	56	0	255
 30532	34	34	49	110	114	57	0	255
 30578	34	34	49	110	114	58	0	255
 30623	34	34	49	110	114	60	0	255
 30668	34	34	49	110	114	61	0	255
 30714	34	34	49	110	114	62	0	255
 30759	34	34	49	110	114	64	0	255
 30804	34	34	49	110	114	64	0	255
 30850	34	34	49	110	114	65	0	255
 30895	34	34	49	110	114	67	0	255
 30940	34	34	49	110	114	67	0	255
 30986	34	34	49	110	114	68	0	255
 31031	34	34	49	110	114	70	0	255
 31076	34	34	49	110	114	71	0	255
 31122	34	34	49	110	114	72	0	255
 31167	34	34	49	110	114	74	0	255
 31212	34	34	49	110	114	74	0	255
 31258	34	34	49	110	114	75	0	255
 31303	34	34	49	110	114	76	0	255
 31349	34	34	49	110	114	76	0	255
 31394	34	34	49	110	114	79	0	255
 31439	34	34	49	110	114	79	0	255
 31485	34	34	49	110	114	82	0	255
 31530	34	34	49	110	114	82	0	255
 31575	34	34	49	110	114	83	0	255
 31621	34	34	49	110	114	84	0	255
 31666	34	34	49	110	114	84	0	255
 31711	34	34	49	110	114	86	0	255
 31757	34	34	49	110	114	88	0	255
 31802	34	34	49	110	114	88	0	255
 31847	34	34	49	110	114	90	0	255
 31893	34	34	49	110	114	90	0	255
 31938	34	34	49	109	114	93	0	255
 31983	34	34	49	109	114	93	0	255
 32029	34	34	49	109	114	96	0	255
 32074	34	34	49	109	114	96	0	255
 32120	34	34	49	109	114	98	8	255
 32165	35	41	49	109	114	106	8	255
 32210	51	51	49	109	114	112	8	255
 32256	65	58	49	109	114	114	8	255
 32301	73	62	49	109	114	104	8	255
 32347	76	65	49	109	114	98	8	255
 32392	76	67	49	109	114	94	8	255
 32437	76	68	49	109	114	92	0	255
 32482	75	68	49	109	114	93	0	255
 32528	74	67	49	109	114	94	0	255
 32573	73	67	49	109	114	97	0	255
 32618	73	66	49	109	114	98	8	255
 32664	73	66	49	109	114	98	8	255
 32709	74	67	49	109	114	93	0	255
 32754	75	67	49	109	114	93	0	255
 32800	74	67	49	109	114	94	0	255
 32845	74	66	49	109	114	96	0	255
 32891	74	66	49	109	114	97	0	255
 32936	73	65	49	109	114	100	8	255
 32981	74	66	49	109	114	100	8	255
 33027	76	67	49	109	114	101	8	255
 33072	78	69	49	109	114	102	8	255
 33117	79	70	49	109	114	104	8	255
 33163	81	70	49	109	114	104	8	255
 33208	82	71	49	109	114	102	8	255
 33253	82	71	49	109	114	101	8	255
 33299	81	72	49	109	114	98	8	255
 33344	80	72	49	109	114	97	8	255
 33389	80	72	49	109	114	97	8	255
 33435	79	72	49	109	114	97	8	255
 33480	79	72	49	109	114	97	8	255
 33525	79	73	49	109	114	100	8	255
 33571	79	73	49	109	114	101	8	255
 33616	80	73	49	109	114	101	8	255
 33662	80	73	49	109	114	102	8	255
 33707	81	73	49	109	114	102	8	255
 33752	82	73	50	109	114	102	8	255
 33798	82	73	50	109	114	104	8	255
 33843	83	73	50	109	114	104	8	255
 33888	83	74	50	109	114	104	8	255
 33934	83	74	50	109	114	104	8	255
 33979	84	74	50	109	114	105	8	255
 34024	84	74	50	109	114	104	8	255
 34070	84	74	50	109	114	104	8	255
 34115	84	74	50	109	114	104	8	255
 34160	84	74	50	109	114	105	8	255
 34206	84	74	50	109	114	105	8	255
 34251	84	75	50	109	114	105	8	255
 34296	85	75	50	109	114	106	8	255
 34342	85	75	50	109	114	106	8	255
 34387	85	75	50	109	114	106	8	255
 34432	85	75	50	109	114	108	8	255
 34478	86	75	50	109	114	108	8	255
 34523	86	75	50	109	114	109	8	255
 34569	87	75	50	109	114	108	8	255
 34614	87	75	50	109	114	108	8	255
 34659	87	75	50	109	114	109	8	255
 34706	87	76	50	109	114	109	8	255
 34750	87	76	50	109	114	108	8	255
 34795	87	76	50	109	114	108	8	255
 34841	87	76	50	109	114	106	8	255
 34886	87	76	50	109	114	108	8	255
 34931	87	76	50	109	114	108	8	255
 34977	87	76	50	109	114	108	8	255
 35022	87	76	50	109	114	109	8	255
 35067	87	76	50	109	114	108	8	255
 35113	88	76	50	109	114	109	8	255
 35158	88	77	51	109	114	109	8	255
 35203	88	77	51	109	114	110	8	255
 35251	89	77	51	109	114	110	8	255
 35294	89	77	51	109	114	110	8	255
 35340	89	77	51	109	114	112	8	255
 35385	89	77	51	109	114	112	8	255
 35430	90	77	51	109	114	112	8	255
 35476	90	77	51	109	114	114	8	255
 35521	91	77	51	109	114	116	8	255
 35566	91	77	51	109	114	118	8	255
 35612	92	78	51	109	114	119	8	255
 35657	93	78	51	109	114	119	8	255
 35702	94	78	51	109	114	120	8	255
 35748	95	78	51	109	114	120	8	255
 35793	96	78	51	109	114	123	8	255
 35839	97	78	51	109	114	123	8	255
 35884	97	78	51	109	114	123	8	255
 35929	98	78	51	109	114	124	8	255
 35974	98	79	51	109	114	126	8	255
 36025	99	79	51	109	114	127	8	255
 36065	100	79	51	109	114	128	8	255
 36111	101	79	51	109	114	130	8	255
 36156	102	79	51	109	114	132	8	255
 36201	103	79	51	109	114	134	8	255
 36247	105	79	51	109	114	136	8	255
 36292	106	80	51	109	114	136	8	255
 36337	107	80	52	109	114	138	8	255
 36383	107	80	52	109	114	137	8	255
 36428	108	80	52	109	114	138	8	255
 36473	108	80	52	109	114	137	8	255
 36519	109	80	52	109	114	137	8	255
 36564	109	80	52	109	114	137	8	255
 36609	109	80	52	109	114	138	8	255
 36655	110	80	52	109	114	141	8	255
 36700	110	80	52	109	114	141	8	255
 36745	111	81	52	110	114	141	8	255
 36791	111	81	52	110	114	142	8	255
 36836	112	81	52	110	114	142	8	255
 36882	113	81	52	110	114	145	8	255
 36927	113	81	52	110	114	144	8	255
 36972	114	81	52	110	114	145	8	255
 37018	114	81	52	110	114	142	8	255
 37063	114	81	52	110	114	145	8	255
 37108	114	82	52	110	114	144	8	255
 37154	114	82	52	110	114	144	8	255
 37199	114	82	52	110	114	144	8	255
 37244	114	82	52	110	114	144	8	255
 37290	115	82	52	111	114	144	8	255
 37335	115	82	52	111	114	145	8	255
 37380	115	82	52	111	114	145	8	255
 37426	115	82	53	111	114	145	8	255
 37471	115	82	53	111	114	145	8	255
 37516	115	83	53	111	114	144	8	255
 37562	115	83	53	111	114	144	8	255
 37607	115	83	53	111	114	145	8	255
 37652	115	83	53	111	114	145	8	255
 37698	115	83	53	111	114	145	8	255
 37743	115	83	53	111	114	144	8	255
 37789	115	83	53	111	114	146	8	255
 37834	116	83	53	111	114	146	8	255
 37879	116	83	53	111	114	146	8	255
 37925	116	84	53	112	114	146	8	255
 37970	116	84	53	112	114	146	8	255
 38015	116	84	53	112	114	146	8	255
 38061	116	84	53	112	114	146	8	255
 38106	116	84	53	112	114	145	8	255
 38151	116	84	53	112	114	145	8	255
 38197	116	84	53	112	115	145	8	255
 38242	116	84	53	112	115	144	8	255
 38287	115	84	53	112	115	144	8	255
 38333	115	84	53	112	115	145	8	255
 38378	115	85	54	112	115	145	8	255
 38423	115	85	54	112	115	145	8	255
 38469	115	85	54	112	115	146	8	255
 38514	116	85	54	112	115	145	8	255
 38560	116	85	54	112	115	146	8	255
 38605	116	85	54	112	115	148	8	255
 38650	117	85	54	112	115	148	8	255
 38696	117	85	54	112	115	150	8	255
 38741	118	85	54	112	115	151	8	255
 38786	119	86	54	112	115	152	8	255
 38832	119	86	54	113	115	150	8	255
 38877	119	86	54	113	115	146	8	255
 38922	118	86	54	113	115	146	8	255
 38968	118	86	54	113	115	145	8	255
 39013	117	86	54	113	115	140	8	255
 39058	115	86	54	113	116	138	8	255
 39104	113	86	54	113	115	140	8	255
 39149	113	86	54	113	116	142	8	255
 39194	114	86	54	113	116	146	8	255
 39240	115	86	54	113	116	150	8	255
 39285	116	87	55	113	116	152	8	255
 39331	118	87	55	113	116	155	8	255
 39376	121	87	55	113	116	161	8	255
 39421	123	87	55	113	116	162	8	255
 39467	125	87	55	113	116	165	8	255
 39512	127	87	55	113	116	165	8	255
 39557	128	87	55	113	116	168	8	255
 39603	130	87	55	113	116	168	8	255
 39648	131	87	55	114	116	170	8	255
 39693	132	87	55	114	116	172	8	255
 39739	133	88	55	114	117	171	8	255
 39784	134	88	55	114	117	172	8	255
 39829	135	88	55	114	117	174	8	255
 39875	135	88	55	114	117	176	8	255
 39921	136	88	55	114	117	176	8	255
 39965	137	88	55	114	117	178	8	255
 40011	138	88	55	115	117	178	8	255
 40056	139	88	55	115	117	182	8	255
 40102	140	88	56	115	118	182	8	255
 40147	140	88	56	115	118	178	8	255
 40192	139	88	56	115	118	171	8	255
 40238	137	88	56	115	118	161	8	255
 40283	133	88	56	115	118	160	8	255
 40328	130	88	56	115	118	155	8	255
 40374	127	88	56	116	118	151	8	255
 40419	124	88	56	116	118	148	8	255
 40464	122	89	56	116	118	151	8	255
 40510	122	89	56	116	118	155	8	255
 40555	123	89	56	116	119	161	8	255
 40600	125	89	56	116	119	166	8	255
 40646	127	89	56	116	119	172	8	255
 40691	130	89	56	116	119	172	8	255
 40736	132	90	56	116	119	170	8	255
 40782	132	90	56	116	119	162	8	255
 40827	130	89	56	116	119	158	8	255
 40873	128	89	56	116	119	151	8	255
 40918	124	89	57	117	119	144	8	255
 40963	120	89	57	117	119	137	8	255
 41009	116	89	57	117	119	134	8	255
 41054	112	89	57	117	119	132	8	255
 41099	110	89	57	117	119	131	8	255
 41145	108	90	57	117	119	128	8	255
 41190	107	90	57	117	119	126	8	255
 41235	105	90	57	117	119	126	8	255
 41281	104	90	57	117	119	124	8	255
 41326	102	90	57	117	119	122	8	255
 41371	101	90	57	117	119	119	8	255
 41417	99	90	57	117	119	116	8	255
 41463	97	90	57	117	119	114	0	255
 41508	96	89	57	117	119	116	0	255
 41553	94	88	57	117	119	118	0	255
 41598	93	87	57	117	119	118	0	255
 41643	92	86	57	117	119	119	0	255
 41689	90	85	57	117	119	118	0	255
 41734	89	84	57	117	119	119	0	255
 41780	88	83	57	117	119	118	0	255
 41825	87	82	57	117	119	119	0	255
 41870	86	81	57	117	119	119	0	255
 41916	85	80	58	117	119	118	0	255
 41961	83	79	57	117	119	119	0	255
 42006	82	78	58	117	119	119	0	255
 42052	81	77	58	117	119	118	0	255
 42097	80	76	58	117	119	119	0	255
 42142	79	75	58	117	119	116	0	255
 42188	78	74	58	117	119	116	0	255
 42233	77	73	58	117	119	116	0	255
 42278	77	72	58	117	119	116	0	255
 42324	76	71	58	117	119	114	0	255
 42369	75	71	58	117	119	114	0	255
 42414	74	70	58	117	119	114	0	255
 42460	73	69	58	117	119	113	0	255
 42505	72	68	58	117	119	113	0	255
 42551	72	67	58	117	119	112	0	255
 42596	71	66	58	117	119	113	0	255
 42641	70	66	58	117	119	112	0	255
 42687	69	65	58	117	119	112	0	255
 42732	69	65	58	117	119	113	0	255
 42777	68	64	58	117	119	113	0	255
 42823	67	64	58	117	119	112	0	255
 42868	67	63	58	117	119	113	0	255
 42914	66	63	58	117	119	112	0	255
 42959	65	62	58	117	119	113	0	255
 43004	65	61	58	117	119	113	0	255
 43049	64	61	58	117	119	112	0	255
 43095	63	60	58	117	119	112	0	255
 43140	63	60	58	117	119	112	0	255
 43185	62	60	58	117	119	113	0	255
 43231	62	59	58	117	119	113	0	255
 43276	61	59	58	117	119	114	0	255
 43322	61	59	58	116	119	114	0	255
 43367	60	59	58	117	119	116	0	255
 43412	60	58	58	116	119	118	0	255
 43458	59	59	58	116	119	120	0	255
 43503	59	60	58	117	119	128	8	255
 43548	71	69	58	116	119	144	8	255
 43594	87	76	58	116	119	158	8	255
 43639	101	81	58	116	119	164	8	255
 43684	111	84	58	116	119	170	8	255
 43730	119	86	58	117	119	182	8	255
 43775	127	87	58	116	120	190	8	255
 43820	134	87	58	117	120	192	8	255
 43866	139	88	58	117	120	183	8	255
 43911	139	88	58	117	120	178	8	255
 43956	139	89	58	117	120	178	8	255
 44002	139	89	58	117	120	172	8	255
 44047	137	89	58	117	120	165	8	255
 44093	134	89	58	117	120	158	8	255
 44138	130	89	58	117	120	154	8	255
 44183	126	89	58	118	120	146	8	255
 44229	122	89	58	118	120	140	8	255
 44274	117	89	58	118	121	131	8	255
 44320	113	89	58	118	121	126	8	255
 44365	109	90	58	118	121	124	8	255
 44410	105	90	58	118	121	122	8	255
 44455	103	90	58	118	121	119	8	255
 44501	101	90	58	118	121	123	8	255
 44546	101	91	58	118	121	131	8	255
 44591	103	91	58	118	121	142	8	255
 44637	108	91	58	118	121	154	8	255
 44682	114	91	58	118	121	161	8	255
 44727	119	91	58	118	121	171	8	255
 44773	125	91	58	118	121	182	8	255
 44818	132	91	59	118	121	189	8	255
 44864	138	91	59	118	121	195	8	255
 44909	143	91	59	118	121	198	8	255
 44954	146	92	59	118	121	200	8	255
 45000	149	92	59	118	121	201	8	255
 45045	152	92	59	119	122	202	8	255
 45090	153	92	59	119	122	204	8	255
 45136	155	92	59	119	122	202	8	255
 45181	156	92	59	119	122	204	8	255
 45226	156	92	59	119	122	198	8	255
 45272	155	92	59	119	122	196	8	255
 45317	154	92	59	120	123	190	8	255
 45362	152	92	59	120	123	183	8	255
 45408	147	91	59	120	123	171	8	255
 45453	142	91	59	120	123	161	8	255
 45498	136	91	59	120	123	154	8	255
 45544	130	91	59	121	123	144	8	255
 45589	124	91	59	121	123	137	8	255
 45634	119	91	59	121	123	131	8	255
 45680	114	92	59	121	123	128	8	255
 45725	110	92	59	121	123	124	8	255
 45771	107	93	59	121	123	124	8	255
 45816	105	93	60	121	123	127	8	255
 45861	105	93	60	121	123	136	8	255
 45907	107	93	60	121	123	140	8	255
 45952	110	93	60	121	123	141	8	255
 45997	111	93	60	121	123	141	8	255
 46043	112	93	60	121	123	141	8	255
 46088	113	93	60	121	123	141	8	255
 46133	113	93	60	121	123	138	8	255
 46179	112	93	60	121	123	132	8	255
 46224	110	93	60	121	123	128	8	255
 46269	107	93	60	121	123	124	8	255
 46315	104	93	60	121	123	120	8	255
 46360	102	93	60	121	124	119	0	255
 46405	100	92	60	121	123	116	0	255
 46451	98	91	60	121	123	116	0	255
 46496	96	90	60	121	123	116	0	255
 46542	94	89	60	121	124	116	0	255
 46587	93	88	60	121	123	116	0	255
 46632	92	87	60	121	124	116	0	255
 46678	90	85	60	121	123	114	0	255
 46723	89	84	60	121	124	116	0	255
 46768	88	83	60	121	123	114	0	255
 46814	87	82	60	121	123	113	0	255
 46859	86	81	60	121	123	114	0	255
 46904	84	80	60	121	123	113	0	255
 46950	83	79	60	121	124	113	0	255
 46995	82	78	60	121	124	113	0	255
 47040	81	77	60	121	123	113	0	255
 47086	80	76	60	121	123	113	0	255
 47131	79	75	60	121	123	113	0	255
 47176	78	75	60	121	123	113	0	255
 47222	77	74	60	121	124	113	0	255
 47267	76	73	60	121	123	112	0	255
 47313	75	72	60	121	123	113	0	255
 47358	74	71	60	121	123	113	0	255
 47403	73	71	60	121	123	114	0	255
 47449	72	70	60	121	124	114	0	255
 47494	72	69	60	121	123	113	0	255
 47539	71	69	60	121	123	114	0	255
 47585	70	68	60	121	123	114	0	255
 47631	69	68	60	121	123	114	0	255
 47676	68	67	60	121	123	114	0	255
 47721	68	67	60	121	123	116	0	255
 47766	67	66	60	121	123	118	0	255
 47812	66	66	60	121	123	118	0	255
 47857	66	66	60	120	124	120	0	255
 47902	65	66	60	121	124	123	8	255
 47947	68	69	60	120	123	131	8	255
 47993	80	78	60	120	123	134	8	255
 48038	90	83	60	120	123	134	8	255
 48084	96	87	60	120	123	128	8	255
 48129	98	89	60	120	123	127	8	255
 48174	99	90	60	120	123	128	8	255
 48220	100	91	60	120	123	127	8	255
 48265	101	91	60	120	123	119	8	255
 48310	99	91	61	120	123	113	0	255
 48356	97	90	61	120	123	112	8	255
 48401	96	89	61	120	123	110	0	255
 48446	94	88	61	120	123	112	0	255
 48492	93	87	61	120	123	110	0	255
 48537	92	86	61	120	123	109	0	255
 48582	90	84	61	120	123	110	0	255
 48628	89	83	61	120	123	109	0	255
 48673	88	82	61	120	123	108	0	255
 48718	87	81	61	120	123	109	0	255
 48764	85	81	61	120	123	112	0	255
 48809	84	80	61	120	123	113	0	255
 48855	83	80	61	120	123	122	0	255
 48900	82	79	61	120	123	132	8	255
 48945	89	83	61	120	123	146	8	255
 48991	100	86	61	120	123	160	8	255
 49036	110	89	61	120	123	165	8	255
 49081	117	90	61	120	123	171	8	255
 49127	124	91	61	120	123	183	8	255
 49172	131	92	61	120	123	186	8	255
 49217	136	92	61	120	124	182	8	255
 49263	137	92	61	121	124	166	8	255
 49308	134	91	61	121	124	154	8	255
 49354	128	91	61	121	124	144	8	255
 49399	123	91	61	121	124	137	8	255
 49444	117	92	61	121	124	128	8	255
 49489	112	92	61	121	124	123	8	255
 49536	107	93	61	121	124	119	0	255
 49580	103	92	61	121	124	118	0	255
 49626	100	91	61	121	124	118	0	255
 49671	98	90	61	121	124	118	0	255
 49716	96	89	61	121	124	116	0	255
 49762	94	88	61	121	124	116	0	255
 49807	92	87	61	121	124	116	0	255
 49855	91	86	61	121	124	114	0	255
 49898	89	85	61	121	124	114	0	255
 49943	88	83	61	121	124	114	0	255
 49988	87	82	61	121	124	114	0	255
 50034	85	81	61	121	124	114	0	255
 50079	84	80	61	121	124	114	0	255
 50124	83	79	61	121	124	113	0	255
 50170	82	78	61	121	124	112	0	255
 50215	81	77	61	121	124	112	0	255
 50260	80	76	61	121	124	112	0	255
 50306	79	75	61	121	124	112	0	255
 50351	78	74	61	121	124	112	0	255
 50396	77	74	61	121	124	114	0	255
 50442	76	75	61	121	124	118	0	255
 50487	75	74	61	121	124	118	0	255
 50533	74	74	61	121	124	118	0	255
 50578	73	73	61	121	124	118	0	255
 50623	72	72	61	121	124	119	0	255
 50669	71	72	61	121	124	119	0	255
 50714	71	72	61	121	124	122	0	255
 50759	70	71	61	121	124	128	8	255
 50805	77	76	61	121	124	141	8	255
 50850	91	82	61	121	124	145	8	255
 50895	100	86	61	121	124	148	8	255
 50941	106	89	61	121	124	146	8	255
 50986	109	90	61	121	124	150	8	255
 51031	113	91	61	121	124	152	8	255
 51077	115	92	61	121	124	146	8	255
 51122	115	92	61	121	124	137	8	255
 51167	112	92	61	121	124	127	8	255
 51213	108	92	61	121	124	123	8	255
 51258	104	93	61	121	124	122	8	255
 51304	102	93	61	121	124	122	8	255
 51350	101	93	61	121	124	122	8	255
 51394	100	93	61	121	124	122	8	255
 51440	99	93	61	121	124	122	8	255
 51485	99	93	61	121	124	120	8	255
 51531	99	94	61	121	124	119	8	255
 51576	98	93	62	121	124	120	0	255
 51621	97	92	62	121	124	120	0	255
 51666	96	91	62	121	124	119	0	255
 51712	95	90	62	121	124	119	0	255
 51757	94	89	62	121	124	119	0	255
 51802	93	88	62	121	124	118	0	255
 51848	91	86	62	121	124	118	0	255
 51893	90	85	62	121	124	116	0	255
 51939	89	84	62	121	124	116	0	255
 51984	88	83	62	121	124	116	0	255
 52029	86	82	62	121	124	114	0	255
 52075	85	80	62	121	124	114	0	255
 52120	84	79	62	121	124	114	0	255
 52165	83	79	62	121	124	114	0	255
 52211	82	78	62	121	124	114	0	255
 52256	81	77	62	121	124	114	0	255
 52301	80	76	62	121	124	113	0	255
 52347	79	75	62	121	124	113	0	255
 52392	78	74	62	121	124	114	0	255
 52437	77	73	62	121	124	113	0	255
 52483	76	73	62	121	124	112	0	255
 52528	75	72	62	121	124	112	0	255
 52573	74	71	62	121	124	112	0	255
 52619	73	70	62	121	124	112	0	255
 52664	72	69	62	121	124	112	0	255
 52709	71	68	62	121	124	110	0	255
 52755	70	68	62	121	124	109	0	255
 52800	70	67	62	121	124	110	0	255
 52846	69	66	62	121	124	109	0	255
 52891	68	66	62	121	124	109	0	255
 52936	67	65	62	121	124	109	0	255
 52982	67	64	62	121	124	109	0	255
 53027	66	64	62	121	124	110	0	255
 53072	65	64	62	121	124	108	0	255
 53118	65	63	62	121	124	109	0	255
 53163	64	63	62	121	124	108	0	255
 53208	63	62	62	121	124	109	0	255
 53254	63	62	62	121	124	108	0	255
 53299	62	61	62	121	124	108	0	255
 53344	62	61	62	121	124	106	0	255
 53390	61	60	62	121	124	106	0	255
 53435	60	60	62	121	124	105	0	255
 53480	60	60	62	121	124	108	0	255
 53526	59	59	62	121	124	108	0	255
 53571	59	59	62	121	124	108	0	255
 53616	58	58	62	121	124	108	0	255
 53662	58	58	62	121	124	108	0	255
 53707	57	58	62	121	124	108	0	255
 53753	57	57	62	121	124	106	0	255
 53798	57	57	62	121	124	106	0	255
 53843	56	56	62	121	124	106	0	255
 53889	56	56	62	121	124	106	0	255
 53934	55	55	62	121	124	106	0	255
 53979	55	55	62	121	124	105	0	255
 54025	54	55	62	121	124	105	0	255
 54070	54	54	62	121	124	106	0	255
 54115	54	54	62	121	124	106	0	255
 54161	53	54	62	121	124	106	0	255
 54206	53	53	61	121	124	106	0	255
 54251	53	53	61	121	124	106	0	255
 54297	52	53	62	121	124	106	0	255
 54342	52	53	62	121	124	108	0	255
 54387	52	52	61	121	124	106	0	255
 54433	51	52	61	121	124	106	0	255
 54479	51	51	61	120	124	106	0	255
 54524	51	51	61	120	124	105	0	255
 54569	50	51	61	120	124	105	0	255
 54614	50	50	61	120	124	105	0	255
 54660	50	50	61	120	124	104	0	255
 54705	50	50	61	120	124	102	0	255
 54750	49	50	61	120	124	102	0	255
 54796	49	50	61	120	124	104	0	255
 54841	49	50	61	120	124	102	0	255
 54886	49	49	61	120	124	101	0	255
 54932	48	49	61	120	124	101	0	255
 54977	48	49	61	120	124	100	0	255
 55022	48	48	61	120	124	101	0	255
 55068	48	48	61	120	124	100	0	255
 55113	47	48	61	120	124	98	0	255
 55158	47	47	61	120	124	98	0	255
 55204	47	47	61	120	124	98	0	255
 55249	47	47	61	120	124	98	0	255
 55297	47	46	61	120	124	97	0	255
 55340	46	46	61	120	124	98	0	255
 55385	46	46	61	120	124	98	0	255
 55431	46	46	61	120	124	97	0	255
 55476	46	46	61	120	124	97	0	255
 55521	46	45	61	120	124	97	0	255
 55567	46	45	61	120	124	97	0	255
 55612	45	45	61	120	124	97	0	255
 55657	45	45	61	120	124	97	0	255
 55703	45	45	61	120	124	97	0	255
 55748	45	45	61	120	124	96	0	255
 55793	45	44	61	120	124	96	0	255
 55839	45	44	61	120	124	94	0	255
 55884	44	44	61	120	124	94	0	255
 55930	44	44	61	120	124	94	0	255
 55975	44	43	61	120	124	94	0	255
 56020	44	43	61	120	124	93	0	255
 56065	44	43	61	120	124	92	0	255
 56111	44	43	61	120	124	92	0	255
 56156	44	43	61	120	124	92	0	255
 56202	43	43	61	120	124	90	0	255
 56247	43	43	61	120	124	90	0	255
 56292	43	42	61	120	124	90	0	255
 56338	43	42	61	120	124	90	0	255
 56383	43	42	61	120	124	89	0	255
 56428	43	42	61	120	124	89	0	255
 56474	43	42	61	120	124	89	0	255
 56519	42	42	61	120	124	89	0	255
 56564	42	42	61	120	124	89	0	255
 56610	42	42	61	120	124	88	0	255
 56655	42	41	61	120	124	88	0	255
 56700	42	41	61	120	124	88	0	255
 56746	42	41	61	120	124	86	0	255
 56791	42	41	61	120	124	86	0	255
 56836	42	41	61	120	124	85	0	255
 56882	42	41	61	120	124	85	0	255
 56927	42	41	61	120	124	85	0	255
 56973	41	41	61	120	124	85	0	255
 57018	41	41	61	120	124	88	0	255
 57063	41	41	61	120	124	90	0	255
 57109	41	41	61	120	124	92	0	255
 57154	41	41	61	120	123	90	0	255
 57199	41	41	61	120	124	89	0	255
 57245	41	41	61	120	124	89	0	255
 57290	41	41	61	120	123	88	0	255
 57335	41	40	61	120	124	89	0	255
 57381	41	40	61	120	123	88	0	255
 57426	41	40	61	120	123	89	0	255
 57471	41	40	61	120	123	88	0	255
 57517	40	40	61	120	124	88	0	255
 57562	40	40	61	120	123	88	0	255
 57607	40	40	61	120	123	86	0	255
 57653	40	40	61	120	123	88	0	255
 57698	40	40	61	120	123	86	0	255
 57744	40	40	61	120	123	85	0	255
 57790	40	40	61	120	123	85	0	255
 57834	40	40	61	120	123	88	0	255
 57880	40	40	61	120	123	92	0	255
 57925	40	40	61	120	123	97	0	255
 57970	40	41	61	120	123	101	0	255
 58016	40	41	61	120	123	105	0	255
 58061	40	41	61	120	123	110	0	255
 58106	40	41	61	120	123	114	0	255
 58152	40	41	61	120	123	118	0	255
 58197	39	41	61	120	123	122	0	255
 58242	39	43	61	120	123	131	8	255
 58288	55	59	61	120	123	152	8	255
 58333	79	71	61	120	123	164	8	255
 58378	97	78	61	120	123	164	8	255
 58424	107	83	61	120	123	160	8	255
 58469	113	85	61	120	123	166	8	255
 58515	119	87	61	120	123	174	8	255
 58560	125	88	61	120	123	166	8	255
 58605	126	89	61	120	123	146	8	255
 58651	120	88	61	120	124	136	8	255
 58696	115	89	61	120	124	136	8	255
 58741	113	90	61	120	124	140	8	255
 58787	113	91	61	120	124	140	8	255
 58832	113	91	61	120	124	142	8	255
 58877	113	92	61	120	124	142	8	255
 58923	113	92	61	120	124	141	8	255
 58968	113	92	61	120	124	141	8	255
 59013	113	92	61	120	124	141	8	255
 59059	113	92	61	120	124	141	8	255
 59104	113	93	61	120	124	142	8	255
 59149	114	93	61	121	124	142	8	255
 59195	114	93	61	121	124	144	8	255
 59240	114	93	62	121	124	141	8	255
 59285	114	93	62	121	124	144	8	255
 59331	114	93	62	121	124	142	8	255
 59376	114	93	62	121	124	142	8	255
 59422	114	93	62	121	124	142	8	255
 59467	114	93	62	121	124	142	8	255
 59512	114	93	62	121	124	144	8	255
 59558	114	94	62	121	124	142	8	255
 59603	114	94	62	121	124	142	8	255
 59648	114	94	62	121	124	142	8	255
 59694	114	94	62	121	124	142	8	255
 59739	114	94	62	121	124	141	8	255
 59784	114	94	62	121	124	141	8	255
 59830	114	94	62	121	124	141	8	255
 59875	114	94	62	121	124	142	8	255
 59920	114	94	62	121	124	142	8	255
 59966	113	94	62	121	124	142	8	255
 60011	113	94	62	121	124	141	8	255
 60056	113	95	62	121	124	142	8	255
 60102	113	95	62	121	124	142	8	255
 60147	113	95	62	121	124	141	8	255
 60193	113	95	63	121	124	141	8	255
 60238	113	95	63	121	124	138	8	255
 60283	113	95	63	121	124	140	8	255
 60329	113	95	63	121	124	140	8	255
 60374	113	95	63	121	124	140	8	255
 60419	113	95	63	121	124	140	8	255
 60465	112	95	63	121	124	138	8	255
 60510	112	95	63	121	124	138	8	255
 60555	112	95	63	121	124	138	8	255
 60601	112	95	63	121	124	138	8	255
 60646	112	95	63	121	124	140	8	255
 60691	112	96	63	121	124	138	8	255
 60737	112	96	63	121	124	137	8	255
 60782	112	96	64	121	124	138	8	255
 60827	111	96	64	121	124	137	8	255
 60873	111	96	64	121	124	138	8	255
 60918	111	96	64	121	124	138	8	255
 60964	111	96	64	121	124	138	8	255
 61009	111	96	64	121	124	136	8	255
 61054	110	96	64	121	124	136	8	255
 61100	110	96	65	121	124	136	8	255
 61145	110	96	65	121	124	134	8	255
 61190	110	96	65	121	124	134	8	255
 61236	110	96	65	121	124	134	8	255
 61281	109	96	65	121	124	134	8	255
 61326	109	97	65	121	124	134	8	255
 61372	109	97	65	121	124	132	8	255
 61417	108	97	65	121	124	134	8	255
 61462	108	97	66	121	124	132	8	255
 61508	108	97	66	121	124	132	8	255
 61553	107	97	66	121	124	131	8	255
 61598	107	97	66	121	124	130	8	255
 61644	106	97	66	121	124	130	8	255
 61689	106	97	66	121	124	127	8	255
 61735	105	97	66	121	124	126	8	255
 61780	104	97	66	121	124	124	8	255
 61825	103	97	66	121	124	122	0	255
 61871	101	96	66	121	124	123	0	255
 61916	100	95	66	121	124	120	0	255
 61961	99	94	66	121	124	119	0	255
 62007	97	92	66	121	124	119	0	255
 62052	96	91	66	121	124	119	0	255
 62097	94	90	66	121	124	119	0	255
 62143	93	89	66	121	124	118	0	255
 62188	92	88	66	121	124	116	0	255
 62233	91	87	66	121	124	116	0	255
 62279	89	86	66	121	124	114	0	255
 62324	88	85	66	121	124	116	0	255
 62369	87	84	66	121	124	114	0	255
 62415	86	83	66	121	124	113	0	255
 62460	85	82	66	121	124	113	0	255
 62505	83	81	66	121	124	113	0	255
 62551	82	80	66	121	124	113	0	255
 62596	81	80	66	121	124	113	0	255
 62642	80	79	66	121	124	113	0	255
 62687	79	78	66	121	124	112	0	255
 62732	78	78	66	121	124	113	0	255
 62778	77	77	65	121	124	112	0	255
 62823	76	76	65	121	124	112	0	255
 62868	75	75	65	121	124	112	0	255
 62914	75	74	65	121	124	112	0	255
 62959	74	73	65	121	124	110	0	255
 63004	73	72	65	121	124	110	0	255
 63050	72	71	65	121	124	109	0	255
 63095	71	70	65	121	124	109	0	255
 63140	70	70	65	121	124	109	0	255
 63186	70	69	65	121	124	109	0	255
 63231	69	68	65	121	124	109	0	255
 63276	68	68	65	121	124	108	0	255
 63322	68	67	65	121	124	109	0	255
 63367	67	66	65	121	124	108	0	255
 63413	66	65	65	121	124	108	0	255
 63458	66	64	65	121	124	106	0	255
 63503	65	64	65	121	124	106	0	255
 63549	65	63	65	121	124	105	0	255
 63594	64	63	65	121	124	104	0	255
 63639	63	63	65	121	124	105	0	255
 63685	63	62	65	121	124	104	0	255
 63730	62	62	65	121	124	102	0	255
 63775	62	62	65	121	124	102	0	255
 63821	61	61	65	121	124	102	0	255
 63867	61	61	64	121	124	101	0	255
 63912	60	60	64	121	124	101	0	255
 63957	60	59	64	121	124	100	0	255
 64002	59	59	64	121	124	100	0	255
 64047	59	58	64	121	124	98	0	255
 64093	58	58	64	121	124	98	0	255
 64138	58	57	64	121	124	97	0	255
 64184	58	57	64	121	124	97	0	255
 64229	57	56	64	121	124	96	0	255
 64274	57	56	64	121	124	96	0	255
 64320	56	55	64	121	124	96	0	255
 64365	56	55	64	121	124	94	0	255
 64410	56	54	64	121	124	94	0	255
 64456	55	54	64	121	124	94	0	255
 64501	55	54	64	121	124	94	0	255
 64546	55	53	64	121	124	93	0	255
 64592	54	53	64	121	124	92	0	255
 64637	54	53	64	121	124	92	0	255
 64682	54	52	64	121	124	92	0	255
 64728	53	52	64	121	124	89	0	255
 64773	53	52	64	121	124	89	0	255
 64818	53	51	64	121	124	88	0	255
 64864	52	51	64	121	124	86	0	255
 64909	52	51	64	121	124	86	0	255
 64954	52	51	64	121	124	85	0	255
 65000	52	50	64	121	124	84	0	255
 65045	51	50	64	121	124	84	0	255
 65091	51	50	64	121	124	83	0	255
 65136	51	50	64	121	124	82	0	255
 65181	50	50	64	121	124	82	0	255
 65227	50	49	64	121	124	79	0	255
 65272	50	49	64	121	124	79	0	255
 65317	50	49	64	121	124	79	0	255
 65363	50	49	64	121	124	76	0	255
 65408	49	49	64	120	124	75	0	255
 65453	49	49	64	121	124	75	0	255
 65499	49	48	64	121	124	74	0	255
 65544	49	48	64	120	124	72	0	255
 65589	48	48	64	121	124	71	0	255
 65635	48	48	64	120	124	70	0	255
 65680	48	48	64	120	124	68	0	255
 65725	48	48	64	120	124	68	0	255
 65771	48	47	64	120	124	66	0	255
 65816	47	47	64	120	124	66	0	255
 65862	47	47	64	120	124	66	0	255
 65907	47	47	64	120	124	64	0	255
 65952	47	47	64	120	124	64	0	255
 65998	47	47	64	120	124	62	0	255
 66043	46	46	64	120	124	61	0	255
 66088	46	46	64	120	124	61	0	255
 66134	46	46	64	120	124	60	0	255
 66179	46	46	64	120	124	58	0	255
 66224	46	46	64	120	124	57	0	255
 66270	46	46	64	120	124	56	0	255
 66315	46	46	63	120	124	56	0	255
 66360	45	45	64	120	124	54	0	255
 66406	45	45	63	120	124	54	0	255
 66451	45	45	63	120	124	53	0	255
 66496	45	45	64	120	124	53	0	255
 66542	45	45	63	120	124	52	0	255
 66587	45	45	63	120	124	51	0	255
 66632	45	45	63	120	123	50	0	255
 66678	44	44	63	120	124	50	0	255
 66723	44	44	63	120	123	50	0	255
 66769	44	44	63	120	124	47	0	255
 66814	44	44	63	120	124	47	0	255
 66859	44	44	63	120	124	46	0	255
 66905	44	44	63	120	123	46	0	255
 66950	44	44	63	120	123	45	0	255
 66995	44	44	63	120	123	45	0	255
 67041	43	44	63	120	123	44	0	255
 67086	43	43	63	120	123	44	0	255
 67131	43	43	63	120	123	42	0	255
 67177	43	43	63	120	123	42	0	255
 67222	43	43	63	120	123	41	0	255
 67267	43	43	63	120	123	40	0	255
 67313	43	43	63	120	123	40	0	255
 67358	43	43	63	120	123	40	0	255
 67403	43	43	63	120	123	38	0	255
 67449	43	43	63	120	123	38	0	255
 67494	42	42	63	120	123	37	0	255
 67540	42	42	63	120	123	37	0	255
 67585	42	42	63	120	123	37	0	255
 67630	42	42	63	120	123	36	0	255
 67676	42	42	63	120	123	36	0	255
 67721	42	42	63	120	123	35	0	255
 67766	42	42	63	120	123	35	0	255
 67812	42	42	63	120	123	34	0	255
 67857	42	42	63	120	123	34	0	255
 67902	42	42	63	120	123	34	0	255
 67948	42	42	63	120	123	32	0	255
 67993	42	41	63	120	123	31	0	255
 68038	42	41	63	120	123	31	0	255
 68084	41	41	63	120	123	31	0	255
 68129	41	41	63	120	123	31	0	255
 68174	41	41	63	120	123	31	0	255
 68220	41	41	63	120	123	29	0	255
 68265	41	41	63	120	123	29	0	255
 68311	41	41	63	120	123	29	0	255
 68356	41	41	63	120	123	29	0	255
 68401	41	41	63	120	123	28	0	255
 68447	41	41	63	120	123	28	0	255
 68492	41	41	63	120	123	26	0	255
 68537	41	41	63	120	123	26	0	255
 68583	41	40	63	120	123	28	0	255
 68628	41	40	63	120	123	26	0	255
 68673	41	40	63	120	123	25	0	255
 68719	40	40	63	120	123	25	0	255
 68764	40	40	63	120	123	25	0	255
 68809	40	40	63	120	123	24	0	255
 68855	40	40	63	120	123	24	0	255
 68900	40	40	63	120	123	24	0	255
 68946	40	40	63	120	123	23	0	255
 68991	40	40	63	120	123	23	0	255
 69036	40	40	63	120	123	22	0	255
 69082	40	40	63	120	123	23	0	255
 69127	40	40	63	120	123	22	0	255
 69172	40	40	63	120	123	22	0	255
 69218	40	40	63	120	123	22	0	255
 69263	40	39	63	120	123	20	0	255
 69308	40	39	63	120	123	20	0	255
 69354	40	39	63	120	123	22	0	255
 69399	40	39	63	120	123	20	0	255
 69444	40	39	63	120	123	20	0	255
 69490	40	39	63	120	123	20	0	255
 69535	40	39	63	120	123	20	0	255
 69580	39	39	63	120	123	19	0	255
 69626	39	39	63	120	123	18	0	255
 69671	39	39	63	120	123	19	0	255
 69716	39	39	63	120	123	19	0	255
 69762	39	39	63	120	123	18	0	255
 69807	39	39	63	120	123	17	0	255
 69852	39	39	63	120	123	18	0	255
 69898	39	39	63	120	123	17	0	255
 69943	39	39	63	120	123	17	0	255
 69989	39	39	63	120	123	18	0	255
 70034	39	39	63	120	123	17	0	255
 70079	39	39	63	120	123	17	0	255
 70125	39	39	63	120	123	17	0	255
 70170	39	38	63	120	123	17	0	255
 70215	39	38	63	120	123	17	0	255
 70261	39	38	63	120	123	17	0	255
 70306	39	38	63	120	123	16	0	255
 70351	39	38	63	120	123	16	0	255
 70397	39	38	63	120	123	16	0	255
 70442	39	38	63	120	123	16	0	255
 70487	39	38	63	120	123	16	0	255
 70533	39	38	63	120	123	14	0	255
 70578	39	38	63	119	123	14	0	255
 70623	39	38	63	120	123	14	0	255
 70669	39	38	63	120	123	14	0	255
 70714	38	38	62	120	123	14	0	255
 70760	38	38	62	120	123	13	0	255
 70805	38	38	62	120	123	13	0	255
 70850	38	38	62	120	123	13	0	255
 70896	38	38	62	119	123	13	0	255
 70941	38	38	62	120	123	13	0	255
 70986	38	38	62	119	123	13	0	255
 71032	38	38	62	119	123	13	0	255
 71077	38	38	62	119	123	13	0	255
 71122	38	38	62	119	123	12	0	255
 71168	38	38	62	119	123	12	0	255
 71213	38	38	62	119	123	12	0	255
 71258	38	38	62	119	123	12	0	255
 71304	38	38	62	119	123	12	0	255
 71349	38	38	62	119	123	12	0	255
 71395	38	38	62	119	123	12	0	255
 71440	38	38	62	119	123	12	0	255
 71485	38	38	62	119	123	12	0	255
 71530	38	38	62	119	123	11	0	255
 71576	38	38	62	119	123	11	0	255
 71621	38	38	62	119	123	11	0	255
 71667	38	37	62	119	123	11	0	255
 71712	38	37	62	119	123	11	0	255
 71757	38	37	62	119	123	11	0	255
 71803	38	37	62	119	123	11	0	255
 71848	38	37	62	119	123	10	0	255
 71893	38	37	62	119	123	11	0	255
 71939	38	37	62	119	123	10	0	255
 71984	38	37	62	119	123	8	0	255
 72029	38	37	62	119	123	8	0	255
 72075	38	37	62	119	123	10	0	255
 72120	38	37	62	119	123	10	0	255
 72165	38	37	62	119	123	10	0	255
 72211	38	37	62	119	123	10	0	255
 72256	38	37	62	119	123	8	0	255
 72301	38	37	62	119	123	8	0	255
 72347	38	37	62	119	123	8	0	255
 72392	38	37	62	119	123	8	0	255
 72438	38	37	62	119	123	8	0	255
 72483	38	37	62	119	123	8	0	255
 72528	37	37	62	119	123	8	0	255
 72574	38	37	62	119	123	7	0	255
 72619	37	37	62	119	123	8	0	255
 72664	37	37	62	119	123	7	0	255
 72710	37	37	62	119	123	8	0	255
 72755	37	37	62	119	123	7	0	255
 72800	37	37	62	119	123	7	0	255
 72846	37	37	62	119	123	7	0	255
 72891	37	37	62	119	123	7	0	255
 72936	37	37	62	119	123	6	0	255
 72982	37	37	62	119	123	7	0	255
 73027	37	37	62	119	123	7	0	255
 73072	37	37	62	119	123	7	0	255
 73118	37	37	62	119	123	6	0	255
 73164	37	37	62	119	123	7	0	255
 73209	37	37	62	119	123	6	0	255
 73254	37	37	62	119	123	6	0	255
 73299	37	37	62	119	123	6	0	255
 73345	37	37	62	119	123	5	0	255
 73390	37	37	62	119	123	5	0	255
 73435	37	37	62	119	123	5	0	255
 73481	37	37	62	119	123	6	0	255
 73526	37	37	62	119	123	5	0	255
 73572	37	37	62	119	123	5	0	255
 73617	37	37	62	119	123	5	0	255
 73662	37	37	62	119	123	6	0	255
 73707	37	37	62	119	123	6	0	255
 73753	37	37	62	119	123	5	0	255
 73798	37	37	62	119	123	5	0	255
 73843	37	37	62	119	123	5	0	255
 73889	37	37	62	119	123	5	0	255
 73934	37	37	62	119	123	5	0	255
 73979	37	37	62	119	123	5	0	255
 74025	37	37	62	119	123	5	0	255
 74070	37	37	62	119	123	5	0	255
 74116	37	37	62	119	123	5	0	255
 74161	37	37	62	119	123	4	0	255
 74206	37	37	62	119	123	4	0	255
 74252	37	37	62	119	123	4	0	255
 74297	37	37	62	119	123	4	0	255
 74342	37	37	62	119	123	4	0	255
 74388	37	37	62	119	123	4	0	255
 74433	37	36	62	119	123	3	0	255
 74478	37	36	62	119	123	4	0	255
 74524	37	36	62	119	123	4	0	255
 74569	37	36	62	119	123	4	0	255
 74614	37	36	62	119	123	4	0	255
 74660	37	36	62	119	123	3	0	255
 74705	37	36	62	119	123	3	0	255
 74750	37	36	62	119	123	3	0	255
 74796	37	36	62	119	123	3	0	255
 74841	37	36	62	119	123	3	0	255
 74886	37	36	62	119	123	3	0	255
 74932	37	36	62	119	123	3	0	255
 74977	37	36	62	119	123	3	0	255
 75023	37	36	62	119	123	3	0	255
 75068	37	36	62	119	123	3	0	255
 75113	37	36	62	119	123	3	0	255
 75159	37	36	62	119	123	3	0	255
 75204	37	36	62	119	122	3	0	255
 75249	37	36	62	119	123	3	0	255
 75295	37	36	62	119	123	3	0	255
 75340	37	36	62	119	122	3	0	255
 75385	37	36	62	119	122	3	0	255
 75431	37	36	62	119	122	3	0	255
 75476	37	36	62	119	122	3	0	255
 75521	37	36	62	119	123	2	0	255
 75567	37	36	62	119	122	2	0	255
 75612	37	36	62	119	122	2	0	255
 75658	37	36	62	119	122	2	0	255
 75703	37	36	62	119	122	2	0	255
 75748	37	36	62	119	122	2	0	255
 75794	36	36	62	119	122	2	0	255
 75839	36	36	62	119	122	2	0	255
 75884	37	36	62	119	122	2	0	255
 75930	36	36	62	119	122	2	0	255
 75975	36	36	62	119	122	2	0	255
 76020	36	36	62	119	122	2	0	255
 76066	36	36	62	119	122	2	0	255
 76111	36	36	62	119	122	2	0	255
 76156	36	36	62	119	122	2	0	255
 76202	36	36	62	119	122	2	0	255
 76247	36	36	62	119	122	0	0	255
 76292	36	36	62	119	122	2	0	255
 76338	36	36	62	119	122	2	0	255
 76383	36	36	62	119	122	2	0	255
 76428	36	36	62	119	122	2	0	255
 76474	36	36	62	119	122	2	0	255
 76519	36	36	62	119	122	2	0	255
 76565	36	36	61	119	122	0	0	255
 76610	36	36	61	118	122	0	0	255
 76655	36	36	61	119	122	0	0	255
 76701	36	36	61	118	122	0	0	255
 76746	36	36	61	119	122	2	0	255
 76791	36	36	61	119	122	0	0	255
 76837	36	36	61	119	122	0	0	255
 76882	36	36	61	118	122	0	0	255
 76927	36	36	61	118	122	0	0	255
 76976	36	36	61	118	122	0	0	255
 77018	36	36	61	118	122	0	0	255
 77063	36	36	61	118	122	0	0	255
 77109	36	36	61	118	122	2	0	255
 77154	36	36	61	118	122	0	0	255
 77199	36	36	61	118	122	0	0	255
 77245	36	36	61	118	122	0	0	255
 77290	36	36	61	118	122	0	0	255
 77335	36	36	61	118	122	0	0	255
 77381	36	36	61	118	122	0	0	255
 77426	36	36	61	118	122	0	0	255
 77472	36	36	61	118	122	0	0	255
 77517	36	36	61	118	122	0	0	255
 77562	36	36	61	118	122	0	0	255
 77608	36	36	61	118	122	0	0	255
 77653	36	36	61	118	122	0	0	255
 77698	36	36	61	118	122	0	0	255
 77744	36	36	61	118	122	0	0	255
 77789	36	36	61	118	122	0	0	255
 77834	36	36	61	118	122	0	0	255
 77880	36	36	61	118	122	0	0	255
 77925	36	36	61	118	122	0	0	255
 77970	36	36	61	118	122	0	0	255
 78016	36	36	61	118	122	0	0	255
 78061	36	36	61	118	122	0	0	255
 78106	36	36	61	118	122	0	0	255
 78152	36	36	61	118	122	0	0	255
 78197	36	36	61	118	122	0	0	255
 78242	36	36	61	118	122	0	0	255
 78288	36	36	61	118	122	0	0	255
 78333	36	36	61	118	122	0	0	255
 78379	36	36	61	118	122	0	0	255
 78424	36	36	61	118	122	0	0	255
 78469	36	36	61	118	122	0	0	255
 78515	36	36	61	118	122	0	0	255
 78560	36	36	61	118	122	0	0	255
 78605	36	36	61	118	122	0	0	255
 78651	36	36	61	118	122	0	0	255
 78696	36	36	61	118	122	0	0	255
 78741	36	36	61	118	122	0	0	255
 78787	36	36	61	118	122	0	0	255
 78836	36	36	61	118	122	0	0	255
 78877	36	36	61	118	122	0	0	255
 78923	36	36	61	118	122	0	0	255
 78968	36	36	61	118	122	0	0	255
 79013	36	36	61	118	122	0	0	255
 79059	36	36	61	118	122	0	0	255
 79104	36	36	61	118	122	0	0	255
 79149	36	36	61	118	122	0	0	255
 79195	36	36	61	118	122	0	0	255
 79240	36	36	61	118	122	0	0	255
 79286	36	36	61	118	122	0	0	255
 79331	36	36	61	118	122	0	0	255
 79376	36	36	61	118	122	0	0	255
 79422	36	36	61	118	122	0	0	255
 79467	36	36	61	118	122	0	0	255
 79512	36	36	61	118	122	0	0	255
 79558	36	36	61	118	122	0	0	255
 79603	36	36	61	118	122	0	0	255
 79648	36	36	61	118	122	0	0	255
 79694	36	36	61	118	122	0	0	255
 79739	36	36	61	118	122	0	0	255
 79784	36	36	61	118	122	0	0	255
 79830	36	36	61	118	122	0	0	255
 79875	36	36	61	118	122	0	0	255
 79920	36	36	61	118	122	0	0	255
 79966	36	36	61	118	122	0	0	255
 80011	36	36	61	118	122	0	0	255
 80056	36	36	61	118	122	0	0	255
 80102	36	36	61	118	122	0	0	255
 80150	36	36	61	118	122	0	0	255
 80193	36	36	61	118	122	0	0	255
 80238	36	36	61	118	122	0	0	255
 80283	36	36	61	118	122	0	0	255
 80329	36	36	61	118	122	0	0	255
 80374	36	36	61	118	122	0	0	255
 80419	36	36	61	118	122	0	0	255
 80465	36	36	61	118	122	0	0	255
 80510	36	36	61	118	122	0	0	255
 80555	36	36	61	118	122	0	0	255
 80601	36	36	61	118	122	0	0	255
 80646	36	36	61	118	122	0	0	255
 80691	36	36	61	118	122	0	0	255
 80737	36	36	61	118	122	0	0	255
 80782	36	36	61	118	122	0	0	255
 80827	36	36	61	118	122	0	0	255
 80873	36	36	61	118	122	0	0	255
 80918	36	36	61	118	122	0	0	255
 80963	36	36	61	118	122	0	0	255
 81009	36	36	61	118	122	0	0	255
 81054	36	36	61	118	122	0	0	255
 81100	36	36	61	118	122	0	0	255
 81145	36	36	61	118	122	0	0	255
 81190	36	36	61	118	122	0	0	255
 81236	36	36	61	118	122	0	0	255
 81281	36	36	61	118	122	0	0	255
 81326	36	36	61	118	122	0	0	255
 81372	36	36	61	118	122	0	0	255
 81417	36	36	61	118	122	0	0	255
 81462	36	36	61	118	122	0	0	255
 81508	36	36	61	118	122	0	0	255
 81553	36	36	61	118	122	0	0	255
 81598	36	36	61	118	122	0	0	255
 81644	36	36	61	118	122	0	0	255
 81689	36	36	61	118	122	0	0	255
 81734	36	36	61	118	122	0	0	255
 81780	36	35	61	118	122	0	0	255
 81825	36	36	61	118	122	0	0	255
 81870	36	36	61	118	122	0	0	255
 81916	36	36	61	118	122	0	0	255
 81961	36	36	61	118	122	0	0	255
 82006	36	36	61	118	122	0	0	255
 82052	36	35	61	118	122	0	0	255
 82097	36	35	61	118	122	0	0	255
 82143	36	35	61	118	122	0	0	255
 82188	36	36	61	118	122	0	0	255
 82233	36	35	61	118	122	0	0	255
 82279	36	35	60	118	122	0	0	255
 82324	36	36	61	118	122	0	0	255
 82369	36	35	61	118	122	0	0	255
 82415	36	35	60	118	122	0	0	255
 82460	36	35	60	118	122	0	0	255
 82505	36	35	61	118	122	0	0	255
 82551	36	35	60	118	122	0	0	255
 82596	36	35	60	118	122	0	0	255
 82641	36	35	60	117	122	0	0	255
 82687	36	35	60	117	122	0	0	255
 82732	36	35	60	118	122	0	0	255
 82777	36	35	60	117	122	0	0	255
 82823	36	35	60	117	122	0	0	255
 82868	36	35	60	117	122	0	0	255
 82913	36	35	60	117	122	0	0	255
 82959	36	35	60	117	122	0	0	255
 83004	36	35	60	117	122	0	0	255
 83050	36	35	60	117	122	0	0	255
 83095	36	35	60	117	122	0	0	255
 83140	36	35	60	117	122	0	0	255
 83186	36	35	60	117	122	0	0	255
 83231	36	35	60	117	121	0	0	255
 83276	36	35	60	117	121	0	0	255
 83322	36	35	60	117	122	0	0	255
 83367	36	35	60	117	121	0	0	255
 83412	36	35	60	117	121	0	0	255
 83458	36	35	60	117	122	0	0	255
 83503	36	35	60	117	121	0	0	255
 83548	36	35	60	117	121	0	0	255
 83594	36	35	60	117	121	0	0	255
 83639	36	35	60	117	121	0	0	255
 83684	36	35	60	117	121	0	0	255
 83730	36	35	60	117	121	0	0	255
 83775	36	35	60	117	121	0	0	255
 83820	36	35	60	117	121	0	0	255
 83866	36	35	60	117	121	0	0	255
 83911	36	35	60	117	121	0	0	255
 83957	36	35	60	117	121	0	0	255
 84002	36	35	60	117	121	0	0	255
 84047	35	35	60	117	121	0	0	255
 84093	36	35	60	117	121	0	0	255
 84138	36	35	60	117	121	0	0	255
 84183	36	35	60	117	121	0	0	255
 84229	36	35	60	117	121	0	0	255
 84274	35	35	60	117	121	0	0	255
 84319	36	35	60	117	121	0	0	255
 84365	35	35	60	117	121	0	0	255
 84410	35	35	60	117	121	0	0	255
 84455	35	35	60	117	121	0	0	255
 84501	35	35	60	117	121	0	0	255
 84546	35	35	60	117	121	0	0	255
 84591	35	35	60	117	121	0	0	255
 84637	35	35	60	117	121	0	0	255
 84682	35	35	60	117	121	0	0	255
 84727	35	35	60	117	121	0	0	255
 84773	35	35	60	117	121	0	0	255
 84818	35	35	60	117	121	0	0	255
 84863	35	35	60	117	121	0	0	255
 84910	35	35	60	117	121	0	0	255
 84954	35	35	60	117	121	0	0	255
 85000	35	35	60	117	121	0	0	255
 85045	35	35	60	117	121	0	0	255
 85090	35	35	60	117	121	0	0	255
 85136	35	35	60	117	121	0	0	255
 85181	35	35	60	117	121	0	0	255
 85226	35	35	60	117	121	0	0	255
 85272	35	35	60	117	121	0	0	255
 85317	35	35	60	117	121	0	0	255
 85362	35	35	60	117	121	0	0	255
 85408	35	35	60	117	121	0	0	255
 85453	35	35	60	117	121	0	0	255
 85498	35	35	60	117	121	0	0	255
 85544	35	35	60	117	121	0	0	255
 85589	35	35	60	117	121	0	0	255
 85634	35	35	60	117	121	0	0	255
 85680	35	35	60	117	121	0	0	255
 85725	35	35	60	117	121	0	0	255
 85770	35	35	60	117	121	0	0	255
 85816	35	35	60	117	121	0	0	255
 85861	35	35	60	117	121	0	0	255
 85907	35	35	60	117	121	0	0	255
 85952	35	35	60	117	121	0	0	255
 85997	35	35	60	117	121	0	0	255
 86043	35	35	60	117	121	0	0	255
 86088	35	35	60	117	121	0	0	255
 86133	35	35	60	117	121	0	0	255
 86179	35	35	60	117	121	0	0	255
 86224	35	35	60	117	121	0	0	255
 86269	35	35	60	117	121	0	0	255
 86315	35	35	60	117	121	0	0	255
 86360	35	35	60	117	121	0	0	255
