HomeCentral
 Falkenstrasse 20
 8630 Rueti
 Datum: 02.08.14 00:00
 
 Startzeit: 2014-08-02 00:00:33 +0100
 79	64	63	90	150	159	36	0	255
 124	64	63	90	150	159	36	0	255
 169	64	63	90	150	159	36	0	255
 215	64	63	90	150	159	36	0	255
 260	64	63	90	150	159	35	0	255
 306	64	63	90	150	159	36	0	255
 351	64	63	90	150	159	36	0	255
 396	64	63	90	150	159	36	0	255
 442	64	63	90	150	159	36	0	255
 487	64	63	89	150	159	36	0	255
 532	64	63	89	150	159	36	0	255
 578	64	63	89	150	159	36	0	255
 623	64	63	89	150	159	36	0	255
 668	64	63	89	150	159	36	0	255
 714	64	63	89	150	158	35	0	255
 759	64	63	89	150	159	36	0	255
 804	64	63	89	150	159	36	0	255
 850	64	63	89	150	159	36	0	255
 895	64	63	89	150	158	36	0	255
 940	64	63	89	150	158	35	0	255
 986	64	63	89	150	158	35	0	255
 1031	64	63	88	150	158	36	0	255
 1077	64	63	88	150	158	35	0	255
 1122	64	63	88	150	158	36	0	255
 1167	64	63	88	150	158	36	0	255
 1213	64	63	88	150	158	36	0	255
 1258	64	63	88	150	158	35	0	255
 1303	64	63	88	150	158	36	0	255
 1349	64	63	88	150	158	35	0	255
 1394	64	63	88	150	158	36	0	255
 1439	64	63	88	150	158	36	0	255
 1485	64	63	88	150	158	36	0	255
 1530	64	63	88	149	158	36	0	255
 1575	64	63	88	150	158	36	0	255
 1621	64	63	88	150	158	37	0	255
 1666	64	63	88	150	158	36	0	255
 1712	64	63	88	149	158	36	0	255
 1757	64	63	88	149	158	36	0	255
 1802	64	63	88	149	158	36	0	255
 1848	64	63	87	149	158	35	0	255
 1893	64	63	87	149	158	36	0	255
 1938	64	63	87	149	158	36	0	255
 1984	64	63	87	149	158	36	0	255
 2029	64	63	87	149	158	35	0	255
 2074	64	63	87	149	158	35	0	255
 2120	64	63	87	149	158	36	0	255
 2165	64	63	87	149	158	36	0	255
 2210	64	63	87	149	158	36	0	255
 2256	64	63	87	149	158	36	0	255
 2301	64	63	87	149	158	36	0	255
 2346	64	63	87	149	158	35	0	255
 2392	64	63	87	149	158	36	0	255
 2437	64	63	87	149	158	36	0	255
 2483	64	63	87	149	158	35	0	255
 2528	64	63	87	149	158	35	0	255
 2573	64	63	87	149	158	35	0	255
 2619	64	63	87	149	158	35	0	255
 2664	64	63	87	149	158	35	0	255
 2709	64	63	87	149	158	36	0	255
 2755	64	63	87	149	158	35	0	255
 2800	64	63	87	149	158	35	0	255
 2845	64	63	87	149	158	35	0	255
 2891	64	63	87	149	158	35	0	255
 2936	64	63	87	149	158	35	0	255
 2981	64	63	87	149	158	35	0	255
 3027	64	63	87	149	158	35	0	255
 3072	64	63	87	149	158	36	0	255
 3117	64	63	86	149	158	35	0	255
 3163	64	63	87	149	158	35	0	255
 3208	64	63	86	149	158	36	0	255
 3254	64	63	86	149	158	35	0	255
 3299	64	63	86	149	158	35	0	255
 3344	64	63	86	149	158	34	0	255
 3390	64	63	86	149	158	35	0	255
 3435	64	63	86	149	158	35	0	255
 3480	64	63	86	149	158	35	0	255
 3526	64	63	86	149	158	36	0	255
 3571	64	63	86	149	158	35	0	255
 3619	64	63	86	149	158	36	0	255
 3662	64	63	86	149	158	35	0	255
 3707	64	63	86	149	158	35	0	255
 3752	64	63	86	149	158	36	0	255
 3798	64	63	86	149	158	35	0	255
 3843	64	63	86	149	158	35	0	255
 3888	64	63	86	149	158	35	0	255
 3934	64	63	86	149	158	35	0	255
 3979	64	63	86	149	158	36	0	255
 4025	64	63	86	149	158	35	0	255
 4070	64	63	86	149	158	35	0	255
 4115	64	63	86	149	158	35	0	255
 4161	64	63	86	149	158	35	0	255
 4206	64	63	86	149	158	35	0	255
 4251	64	63	86	149	158	35	0	255
 4297	64	63	86	149	158	35	0	255
 4342	64	63	86	149	158	36	0	255
 4387	64	63	86	149	158	35	0	255
 4433	64	63	86	149	158	35	0	255
 4478	64	63	86	149	158	36	0	255
 4524	64	63	86	149	158	35	0	255
 4569	64	63	86	149	158	35	0	255
 4618	64	63	86	149	158	35	0	255
 4659	64	63	86	149	158	35	0	255
 4705	64	63	86	149	158	35	0	255
 4750	64	63	86	149	158	35	0	255
 4796	64	63	86	149	158	35	0	255
 4841	64	63	86	149	158	34	0	255
 4886	64	63	86	149	158	35	0	255
 4932	64	63	86	149	158	35	0	255
 4977	64	63	86	149	158	35	0	255
 5022	64	63	86	149	158	35	0	255
 5068	64	63	86	149	158	36	0	255
 5113	64	63	86	149	158	35	0	255
 5158	64	63	86	149	158	35	0	255
 5204	64	63	86	149	158	35	0	255
 5249	64	63	86	149	158	34	0	255
 5294	63	63	86	149	158	35	0	255
 5340	64	63	86	149	158	35	0	255
 5385	63	63	86	149	158	35	0	255
 5430	63	63	86	149	158	35	0	255
 5476	63	63	86	149	158	34	0	255
 5521	63	63	86	149	158	35	0	255
 5567	63	63	86	149	158	35	0	255
 5612	63	63	86	149	158	35	0	255
 5657	63	63	86	149	158	34	0	255
 5703	63	63	86	149	158	35	0	255
 5748	63	63	86	149	158	35	0	255
 5793	63	63	86	149	158	35	0	255
 5839	63	63	86	149	158	36	0	255
 5884	63	63	85	149	158	34	0	255
 5929	63	63	86	149	158	35	0	255
 5975	63	62	86	149	158	35	0	255
 6020	63	63	85	149	157	34	0	255
 6065	63	62	85	149	157	35	0	255
 6111	63	62	85	149	157	35	0	255
 6156	63	62	85	149	157	35	0	255
 6201	63	62	86	149	157	35	0	255
 6247	63	62	85	149	157	35	0	255
 6292	63	62	85	149	157	35	0	255
 6338	63	62	85	149	157	35	0	255
 6383	63	62	85	149	157	35	0	255
 6428	63	62	85	149	157	34	0	255
 6474	63	62	85	149	157	35	0	255
 6519	63	62	85	149	157	35	0	255
 6564	63	62	85	149	157	35	0	255
 6610	63	62	85	149	157	35	0	255
 6655	63	62	85	149	157	35	0	255
 6700	63	62	85	149	157	34	0	255
 6746	63	62	85	149	157	35	0	255
 6791	63	62	85	149	157	35	0	255
 6836	63	62	85	149	157	35	0	255
 6882	63	62	85	149	157	34	0	255
 6927	63	62	85	149	157	35	0	255
 6972	63	62	85	149	157	34	0	255
 7018	63	62	85	149	157	34	0	255
 7063	63	62	85	149	157	35	0	255
 7109	63	62	85	149	157	34	0	255
 7154	63	62	85	149	157	34	0	255
 7199	63	62	85	149	157	34	0	255
 7245	63	62	85	149	157	34	0	255
 7290	63	62	85	149	157	35	0	255
 7335	63	62	85	149	157	34	0	255
 7381	63	62	85	149	157	35	0	255
 7426	63	62	85	149	157	34	0	255
 7471	63	62	85	149	157	34	0	255
 7517	63	62	85	149	157	35	0	255
 7562	63	62	85	149	157	34	0	255
 7607	63	62	85	149	157	34	0	255
 7653	63	62	85	149	157	35	0	255
 7698	63	62	85	149	157	35	0	255
 7743	63	62	85	149	157	35	0	255
 7789	63	62	85	149	157	34	0	255
 7834	63	62	85	149	157	34	0	255
 7880	63	62	85	149	157	34	0	255
 7925	63	62	85	149	157	34	0	255
 7970	63	62	85	149	157	34	0	255
 8016	63	62	85	149	157	35	0	255
 8061	63	62	85	149	157	34	0	255
 8106	63	62	85	149	157	34	0	255
 8152	63	62	85	149	157	34	0	255
 8197	63	62	85	149	157	34	0	255
 8242	63	62	85	149	157	35	0	255
 8288	63	62	85	149	157	34	0	255
 8333	63	62	85	149	157	34	0	255
 8378	63	62	85	149	157	34	0	255
 8424	63	62	85	149	157	34	0	255
 8469	63	62	85	149	157	35	0	255
 8514	63	62	85	149	157	34	0	255
 8560	63	62	85	149	157	35	0	255
 8605	63	62	85	149	157	34	0	255
 8651	63	62	85	149	157	35	0	255
 8696	63	62	85	149	157	35	0	255
 8741	63	62	85	149	157	34	0	255
 8787	63	62	85	149	157	35	0	255
 8832	63	62	85	149	157	34	0	255
 8877	63	62	85	149	157	35	0	255
 8923	63	62	85	149	157	34	0	255
 8968	63	62	85	149	157	35	0	255
 9013	63	62	85	149	157	34	0	255
 9059	63	62	85	149	157	34	0	255
 9104	63	62	85	149	157	34	0	255
 9149	63	62	85	149	157	34	0	255
 9195	63	62	85	149	157	35	0	255
 9240	63	62	85	149	157	35	0	255
 9285	63	62	85	149	157	34	0	255
 9331	63	62	85	149	157	34	0	255
 9376	63	62	85	149	157	34	0	255
 9422	63	62	85	149	157	32	0	255
 9467	63	62	85	149	157	35	0	255
 9512	63	62	85	149	157	34	0	255
 9558	63	62	85	149	157	35	0	255
 9603	63	62	85	149	157	34	0	255
 9694	63	62	85	149	157	35	0	255
 9739	63	62	85	149	157	34	0	255
 9784	63	62	85	149	157	34	0	255
 9830	63	62	85	149	157	34	0	255
 9875	63	62	85	149	157	35	0	255
 9920	63	62	85	149	157	34	0	255
 9966	63	62	85	149	157	35	0	255
 10011	63	62	85	149	157	35	0	255
 10056	63	62	85	149	157	35	0	255
 10102	63	62	85	149	157	34	0	255
 10147	63	62	85	149	157	35	0	255
 10193	63	62	85	149	157	34	0	255
 10238	63	62	85	149	157	34	0	255
 10283	63	62	85	149	157	34	0	255
 10329	63	62	85	149	157	34	0	255
 10374	63	62	85	149	157	34	0	255
 10419	63	62	85	149	157	34	0	255
 10465	63	62	85	149	157	34	0	255
 10510	63	62	85	149	157	34	0	255
 10555	63	62	85	149	157	34	0	255
 10601	63	62	85	149	157	34	0	255
 10646	63	62	85	149	157	34	0	255
 10691	63	62	85	149	157	34	0	255
 10737	63	62	85	149	157	34	0	255
 10782	63	62	85	149	157	34	0	255
 10828	63	62	85	149	157	34	0	255
 10873	63	62	85	149	157	35	0	255
 10918	63	62	85	149	157	34	0	255
 10964	63	62	85	149	157	34	0	255
 11009	63	62	85	149	157	34	0	255
 11054	63	62	85	149	157	35	0	255
 11100	63	62	85	149	157	35	0	255
 11145	63	62	85	149	157	34	0	255
 11190	63	62	85	149	156	34	0	255
 11236	63	62	85	148	156	34	0	255
 11281	63	62	85	149	156	34	0	255
 11326	63	62	85	148	156	34	0	255
 11372	63	62	85	148	156	34	0	255
 11417	63	62	85	149	156	34	0	255
 11462	63	62	85	148	156	35	0	255
 11508	63	62	85	148	156	34	0	255
 11553	63	62	85	149	156	34	0	255
 11598	63	62	85	148	156	34	0	255
 11644	63	62	85	148	156	35	0	255
 11689	63	62	85	148	156	34	0	255
 11735	63	62	85	148	156	34	0	255
 11780	63	62	85	148	156	35	0	255
 11825	63	62	85	148	156	34	0	255
 11871	63	62	85	148	156	34	0	255
 11916	63	62	85	148	156	34	0	255
 11961	63	62	85	148	156	34	0	255
 12007	63	62	85	148	156	34	0	255
 12053	63	62	85	148	156	34	0	255
 12097	63	62	85	148	156	34	0	255
 12143	63	62	85	148	156	34	0	255
 12188	63	62	85	148	156	34	0	255
 12233	63	62	85	148	156	34	0	255
 12279	63	62	85	148	156	34	0	255
 12324	63	62	85	148	156	34	0	255
 12370	63	62	85	148	156	34	0	255
 12415	63	62	85	148	156	34	0	255
 12460	63	62	85	148	156	34	0	255
 12506	63	62	85	148	156	34	0	255
 12552	63	62	85	148	156	34	0	255
 12596	63	62	85	148	156	32	0	255
 12642	63	62	85	148	156	34	0	255
 12687	63	62	85	148	156	32	0	255
 12732	63	62	85	148	156	32	0	255
 12778	63	62	85	148	156	34	0	255
 12823	63	62	85	148	156	32	0	255
 12868	63	62	85	148	156	34	0	255
 12914	63	62	85	148	156	32	0	255
 12959	63	62	85	148	156	32	0	255
 13004	63	62	85	148	156	34	0	255
 13050	63	62	85	148	156	32	0	255
 13095	63	62	85	148	156	32	0	255
 13140	63	62	85	148	156	34	0	255
 13186	63	62	85	148	156	34	0	255
 13231	63	62	85	148	156	34	0	255
 13277	63	62	85	148	156	32	0	255
 13322	63	62	85	148	156	34	0	255
 13367	63	62	85	148	156	32	0	255
 13413	63	62	85	148	156	32	0	255
 13458	63	62	85	148	156	32	0	255
 13503	63	62	85	148	156	32	0	255
 13549	63	62	85	148	156	32	0	255
 13594	63	62	85	148	156	32	0	255
 13639	63	62	85	148	156	34	0	255
 13685	63	62	85	148	156	32	0	255
 13730	63	62	85	148	156	32	0	255
 13775	63	62	85	148	156	32	0	255
 13821	63	62	85	148	156	34	0	255
 13866	63	62	85	148	156	32	0	255
 13912	63	62	85	148	156	32	0	255
 13957	63	62	85	148	156	32	0	255
 14002	63	62	85	148	156	32	0	255
 14048	63	62	85	148	156	32	0	255
 14093	63	62	85	148	156	32	0	255
 14138	63	62	85	148	156	32	0	255
 14184	63	62	85	148	156	32	0	255
 14229	63	62	85	148	156	32	0	255
 14274	63	62	85	148	156	31	0	255
 14320	63	62	85	148	156	32	0	255
 14365	63	62	85	148	156	32	0	255
 14410	63	62	85	148	156	32	0	255
 14456	63	62	85	148	156	31	0	255
 14501	63	62	85	148	156	32	0	255
 14546	63	62	85	148	156	32	0	255
 14592	63	62	85	148	156	32	0	255
 14637	63	62	85	148	156	32	0	255
 14683	63	62	85	148	156	32	0	255
 14728	63	62	85	148	156	32	0	255
 14773	63	62	85	148	156	32	0	255
 14819	63	62	85	148	156	32	0	255
 14867	63	62	85	148	156	32	0	255
 14909	63	62	85	148	156	34	0	255
 14955	63	62	85	148	156	32	0	255
 15000	63	62	85	148	156	32	0	255
 15045	63	62	85	148	156	32	0	255
 15091	63	62	85	148	156	32	0	255
 15136	63	62	85	148	156	32	0	255
 15181	63	62	85	148	156	31	0	255
 15273	63	62	85	148	156	32	0	255
 15318	63	62	85	148	156	32	0	255
 15363	63	62	85	148	156	32	0	255
 15408	63	62	85	148	156	32	0	255
 15454	63	62	85	148	156	31	0	255
 15499	63	62	85	148	156	32	0	255
 15544	63	62	85	148	156	31	0	255
 15590	63	62	85	148	156	31	0	255
 15635	63	62	85	148	156	32	0	255
 15681	63	62	85	148	156	32	0	255
 15726	63	62	85	148	156	32	0	255
 15771	63	62	85	148	156	32	0	255
 15816	63	62	85	148	156	32	0	255
 15862	63	62	85	148	156	32	0	255
 15907	63	62	85	148	156	32	0	255
 15952	63	62	85	148	156	32	0	255
 15998	63	62	85	148	156	34	0	255
 16043	63	62	85	148	156	32	0	255
 16088	63	62	85	148	156	31	0	255
 16137	63	62	85	148	156	32	0	255
 16179	63	62	85	148	156	32	0	255
 16225	63	62	85	148	155	32	0	255
 16270	63	62	85	148	156	32	0	255
 16315	63	62	85	148	155	32	0	255
 16361	63	62	85	148	155	32	0	255
 16406	63	62	85	148	155	32	0	255
 16451	63	62	85	148	155	32	0	255
 16497	63	62	85	148	155	32	0	255
 16543	63	62	85	148	155	32	0	255
 16587	63	62	85	148	155	32	0	255
 16637	63	62	85	148	155	32	0	255
 16678	63	62	85	148	155	32	0	255
 16723	63	62	85	148	155	32	0	255
 16769	63	62	85	148	155	32	0	255
 16814	63	62	85	148	155	32	0	255
 16860	63	62	85	148	155	32	0	255
 16905	63	62	85	148	155	32	0	255
 16950	63	62	85	148	155	34	0	255
 16996	63	62	85	148	155	32	0	255
 17041	63	62	85	148	155	32	0	255
 17086	63	62	85	148	155	32	0	255
 17132	63	62	85	148	155	32	0	255
 17177	63	62	85	148	155	32	0	255
 17222	63	62	85	148	155	31	0	255
 17268	63	62	85	148	155	32	0	255
 17313	63	62	85	148	155	32	0	255
 17358	63	62	85	148	155	32	0	255
 17404	63	62	85	148	155	32	0	255
 17449	63	62	85	148	155	32	0	255
 17494	63	62	85	148	155	31	0	255
 17540	63	62	85	148	155	32	0	255
 17585	62	62	85	148	155	32	0	255
 17631	63	62	85	148	155	32	0	255
 17676	63	62	85	148	155	32	0	255
 17721	62	61	85	148	155	32	0	255
 17767	63	62	85	148	155	32	0	255
 17812	62	62	85	148	155	32	0	255
 17857	62	62	85	148	155	32	0	255
 17903	62	62	85	148	155	31	0	255
 17948	63	62	85	148	155	32	0	255
 17993	62	62	85	148	155	32	0	255
 18039	62	62	85	148	155	32	0	255
 18084	63	62	85	148	155	32	0	255
 18129	62	62	85	148	155	32	0	255
 18175	62	62	85	148	155	31	0	255
 18220	62	61	85	148	155	31	0	255
 18265	62	62	85	148	155	32	0	255
 18311	62	61	85	148	155	32	0	255
 18356	62	62	85	148	155	32	0	255
 18402	62	62	85	148	155	32	0	255
 18447	62	61	85	148	155	31	0	255
 18492	62	62	85	148	155	32	0	255
 18538	62	61	85	148	155	32	0	255
 18583	62	62	85	148	155	32	0	255
 18628	62	61	85	148	155	32	0	255
 18674	62	61	85	148	155	32	0	255
 18719	62	61	85	148	155	32	0	255
 18764	62	61	85	148	155	32	0	255
 18810	62	61	85	148	155	32	0	255
 18855	62	61	85	148	155	32	0	255
 18900	62	61	85	148	155	32	0	255
 18946	62	61	85	148	155	31	0	255
 18991	62	61	85	148	155	32	0	255
 19036	62	61	85	148	155	32	0	255
 19082	62	61	85	148	155	32	0	255
 19127	62	61	85	148	155	32	0	255
 19173	62	61	85	148	155	32	0	255
 19218	62	61	85	148	155	32	0	255
 19263	62	61	85	148	155	32	0	255
 19309	62	61	85	148	155	32	0	255
 19354	62	61	85	148	155	32	0	255
 19399	62	61	85	148	155	32	0	255
 19445	62	61	85	148	155	32	0	255
 19490	62	61	85	148	155	32	0	255
 19535	62	61	85	148	155	34	0	255
 19581	62	61	85	148	155	32	0	255
 19626	62	61	85	148	155	31	0	255
 19671	62	61	85	148	155	32	0	255
 19717	62	61	85	148	155	32	0	255
 19762	62	61	85	148	155	34	0	255
 19807	62	61	85	148	155	32	0	255
 19853	62	61	85	148	155	34	0	255
 19898	62	61	85	148	155	32	0	255
 19944	62	61	85	148	155	32	0	255
 19989	62	61	85	148	155	32	0	255
 20034	62	61	85	148	155	32	0	255
 20080	62	61	85	148	155	34	0	255
 20170	62	61	85	148	155	32	0	255
 20216	62	61	85	148	155	32	0	255
 20261	62	61	85	148	155	32	0	255
 20306	62	61	85	148	155	32	0	255
 20352	62	61	85	148	155	32	0	255
 20397	62	61	85	148	155	34	0	255
 20442	62	61	85	148	155	32	0	255
 20488	62	61	85	148	155	34	0	255
 20533	62	61	85	148	155	32	0	255
 20579	62	61	85	148	155	34	0	255
 20624	62	61	85	148	155	32	0	255
 20669	62	61	85	148	155	32	0	255
 20715	62	61	85	148	155	32	0	255
 20760	62	61	85	148	155	34	0	255
 20805	62	61	85	148	155	32	0	255
 20851	62	61	85	148	155	32	0	255
 20896	62	61	85	148	155	32	0	255
 20941	62	61	85	148	155	32	0	255
 20987	62	61	85	148	155	34	0	255
 21032	62	61	85	148	155	34	0	255
 21077	62	61	85	148	155	32	0	255
 21123	62	61	85	148	155	34	0	255
 21168	62	61	85	148	155	34	0	255
 21213	62	61	85	148	155	32	0	255
 21259	62	61	85	148	155	34	0	255
 21304	62	61	85	148	155	34	0	255
 21350	62	61	85	147	155	34	0	255
 21395	62	61	85	147	154	34	0	255
 21440	62	61	85	147	154	34	0	255
 21486	62	61	85	147	154	34	0	255
 21531	62	61	85	147	154	34	0	255
 21576	62	61	85	147	154	35	0	255
 21622	62	61	85	147	154	34	0	255
 21667	62	61	85	147	154	34	0	255
 21712	62	61	85	147	154	34	0	255
 21758	62	61	85	147	154	34	0	255
 21803	62	61	85	147	154	34	0	255
 21848	62	61	85	147	154	34	0	255
 21894	62	61	85	147	154	34	0	255
 21939	62	61	85	147	154	35	0	255
 21984	62	61	85	147	154	35	0	255
 22030	62	61	85	147	154	35	0	255
 22075	62	61	85	147	154	34	0	255
 22121	62	61	85	147	154	34	0	255
 22166	62	61	85	147	154	35	0	255
 22211	62	61	85	147	154	35	0	255
 22257	62	61	85	147	154	35	0	255
 22302	62	61	85	147	154	34	0	255
 22347	62	61	85	147	154	35	0	255
 22393	62	61	85	147	154	35	0	255
 22438	62	61	85	147	154	34	0	255
 22483	62	61	85	147	154	34	0	255
 22529	62	61	85	147	154	35	0	255
 22574	62	61	85	147	154	34	0	255
 22619	62	61	85	147	154	35	0	255
 22665	62	61	85	147	154	35	0	255
 22710	62	61	85	147	154	35	0	255
 22755	62	61	85	147	154	35	0	255
 22801	62	61	85	147	154	36	0	255
 22846	62	61	85	147	154	35	0	255
 22892	62	61	85	147	154	36	0	255
 22937	62	61	85	147	154	35	0	255
 22982	62	61	85	147	154	35	0	255
 23028	62	61	85	147	154	36	0	255
 23073	62	61	85	147	154	35	0	255
 23118	62	61	85	147	154	36	0	255
 23164	62	61	85	147	154	35	0	255
 23209	62	61	85	147	154	36	0	255
 23254	62	61	85	147	154	36	0	255
 23300	62	61	85	147	154	36	0	255
 23345	62	61	85	147	154	36	0	255
 23390	62	61	85	147	154	35	0	255
 23436	62	61	85	147	154	36	0	255
 23481	62	61	85	147	154	36	0	255
 23526	62	61	85	147	154	35	0	255
 23572	62	61	85	147	154	35	0	255
 23617	62	61	85	147	154	36	0	255
 23662	62	61	85	147	154	36	0	255
 23708	62	61	85	147	154	36	0	255
 23753	62	61	85	147	154	35	0	255
 23799	62	61	85	147	154	36	0	255
 23844	62	61	85	147	154	36	0	255
 23889	62	61	85	147	154	36	0	255
 23935	62	61	85	147	154	36	0	255
 23980	62	61	85	147	154	36	0	255
 24025	62	61	85	147	154	36	0	255
 24071	62	61	85	147	154	36	0	255
 24116	62	61	85	147	154	37	0	255
 24207	62	61	85	147	154	36	0	255
 24252	62	61	85	147	154	36	0	255
 24297	62	61	85	147	154	36	0	255
 24343	62	61	85	147	154	36	0	255
 24388	62	61	85	147	154	36	0	255
 24433	62	61	85	147	154	36	0	255
 24479	62	61	85	147	154	36	0	255
 24524	62	61	85	147	154	36	0	255
 24570	62	61	85	147	154	36	0	255
 24615	62	61	85	147	154	36	0	255
 24660	62	61	85	147	154	36	0	255
 24706	62	61	85	147	154	37	0	255
 24751	62	61	85	147	154	36	0	255
 24796	62	61	85	147	154	37	0	255
 24842	62	61	85	147	154	37	0	255
 24887	62	61	85	147	154	37	0	255
 24932	62	61	85	147	154	37	0	255
 24978	62	61	85	147	154	37	0	255
 25023	62	61	84	147	154	37	0	255
 25068	62	61	85	147	154	37	0	255
 25114	62	61	85	147	154	37	0	255
 25159	62	61	85	147	154	37	0	255
 25204	62	61	85	147	154	37	0	255
 25250	62	61	85	147	154	37	0	255
 25295	62	61	85	147	154	37	0	255
 25341	62	61	85	147	154	37	0	255
 25386	62	61	85	147	154	38	0	255
 25431	62	61	85	147	154	37	0	255
 25477	62	61	85	147	154	38	0	255
 25522	62	61	85	147	154	37	0	255
 25567	62	61	85	147	154	38	0	255
 25613	62	61	85	147	154	38	0	255
 25658	62	61	85	147	154	38	0	255
 25703	62	61	85	147	154	38	0	255
 25749	62	61	84	147	154	37	0	255
 25794	62	61	85	147	154	38	0	255
 25839	62	61	84	147	154	38	0	255
 25885	62	61	84	147	154	38	0	255
 25930	62	61	84	147	154	38	0	255
 25976	62	61	84	147	154	38	0	255
 26021	62	61	84	147	154	38	0	255
 26066	62	61	84	147	154	40	0	255
 26112	62	61	85	147	154	37	0	255
 26157	62	61	84	147	154	38	0	255
 26202	62	61	84	147	154	38	0	255
 26248	62	61	85	147	154	38	0	255
 26293	62	61	84	147	154	38	0	255
 26338	62	61	84	147	154	37	0	255
 26384	62	61	84	147	154	38	0	255
 26429	62	61	84	147	154	37	0	255
 26474	62	61	84	147	154	38	0	255
 26520	62	61	84	147	154	38	0	255
 26565	62	61	84	147	154	38	0	255
 26610	62	61	84	147	153	38	0	255
 26656	62	61	84	147	153	38	0	255
 26701	62	61	84	147	153	38	0	255
 26747	62	61	84	147	153	40	0	255
 26792	62	61	84	147	153	38	0	255
 26837	62	61	84	147	153	38	0	255
 26883	62	61	84	147	153	40	0	255
 26928	62	61	84	147	153	38	0	255
 26973	62	61	84	147	153	40	0	255
 27019	62	61	84	147	153	40	0	255
 27064	62	61	84	147	153	38	0	255
 27109	62	61	84	147	153	38	0	255
 27155	62	61	84	147	153	41	0	255
 27200	62	61	84	147	153	40	0	255
 27245	62	61	84	147	153	40	0	255
 27291	62	61	84	147	153	40	0	255
 27340	62	61	84	147	153	40	0	255
 27382	62	61	84	147	153	40	0	255
 27427	62	61	84	147	153	41	0	255
 27472	62	61	84	147	153	40	0	255
 27518	62	61	84	147	153	40	0	255
 27563	62	61	84	147	153	41	0	255
 27608	62	61	84	147	153	40	0	255
 27654	62	61	84	147	153	41	0	255
 27699	62	61	84	147	153	41	0	255
 27744	62	61	84	147	153	41	0	255
 27790	62	61	84	147	153	41	0	255
 27835	62	61	84	147	153	41	0	255
 27880	62	61	84	147	153	41	0	255
 27926	62	61	84	147	153	41	0	255
 27971	62	61	84	147	153	41	0	255
 28016	62	61	84	147	153	41	0	255
 28062	62	61	84	147	153	41	0	255
 28107	62	61	84	147	153	41	0	255
 28153	62	61	83	147	153	42	0	255
 28198	62	61	83	147	153	42	0	255
 28243	62	61	83	147	153	41	0	255
 28289	62	61	83	147	153	42	0	255
 28334	62	61	83	147	153	41	0	255
 28379	62	61	82	147	153	44	0	255
 28425	62	61	82	147	153	42	0	255
 28470	62	61	82	147	153	44	0	255
 28515	62	61	82	147	153	44	0	255
 28561	62	61	82	147	153	44	0	255
 28606	62	61	82	147	153	45	0	255
 28651	62	61	82	147	153	45	0	255
 28697	62	61	82	147	153	44	0	255
 28742	62	61	82	147	153	45	0	255
 28787	62	61	81	147	153	45	0	255
 28833	62	61	81	147	153	45	0	255
 28878	62	61	81	147	153	45	0	255
 28924	62	61	81	147	153	46	0	255
 28969	62	61	81	147	153	45	0	255
 29014	62	61	81	147	153	46	0	255
 29060	62	61	81	147	153	46	0	255
 29105	62	61	81	147	153	46	0	255
 29150	62	61	81	147	153	46	0	255
 29196	62	61	81	147	153	47	0	255
 29241	62	61	81	147	153	47	0	255
 29286	62	61	81	147	153	47	0	255
 29332	62	61	81	147	153	48	0	255
 29377	62	61	81	147	153	48	0	255
 29422	62	61	81	147	153	48	0	255
 29468	62	61	81	147	153	47	0	255
 29513	62	61	80	147	153	48	0	255
 29558	62	61	80	147	153	48	0	255
 29604	62	61	80	147	153	48	0	255
 29649	62	61	80	147	153	50	0	255
 29695	62	61	80	147	153	50	0	255
 29740	62	61	80	147	153	50	0	255
 29785	62	61	80	147	153	50	0	255
 29831	62	61	80	146	153	50	0	255
 29876	62	61	80	147	153	51	0	255
 29921	62	61	79	146	153	52	0	255
 30012	62	61	79	147	153	52	0	255
 30057	62	61	79	146	153	53	0	255
 30103	62	61	79	146	153	53	0	255
 30148	62	61	79	146	153	53	0	255
 30193	62	61	79	147	153	53	0	255
 30239	62	61	79	146	153	54	0	255
 30284	62	61	79	146	153	54	0	255
 30329	62	61	79	146	153	54	0	255
 30375	62	61	79	146	153	57	0	255
 30420	62	61	79	146	153	57	0	255
 30466	62	61	79	146	153	57	0	255
 30511	62	61	79	146	153	57	0	255
 30556	62	61	79	146	153	58	0	255
 30602	62	61	79	146	153	60	0	255
 30647	62	61	79	146	153	60	0	255
 30692	62	61	79	146	153	61	0	255
 30738	62	61	79	146	153	61	0	255
 30783	62	61	79	146	153	62	0	255
 30828	62	61	79	146	153	62	0	255
 30874	62	61	79	146	153	62	0	255
 30919	62	61	79	146	153	64	0	255
 30964	62	61	79	146	153	65	0	255
 31010	62	61	79	146	153	65	0	255
 31055	62	61	78	146	153	66	0	255
 31100	62	61	78	146	153	66	0	255
 31146	62	61	78	146	153	66	0	255
 31191	62	61	78	146	153	67	0	255
 31237	62	61	78	146	153	68	0	255
 31282	62	61	78	146	153	68	0	255
 31328	62	61	78	146	153	68	0	255
 31373	62	61	78	146	153	71	0	255
 31418	62	61	78	146	153	70	0	255
 31463	62	61	78	146	153	70	0	255
 31509	62	61	78	146	152	72	0	255
 31554	62	61	78	146	152	71	0	255
 31599	62	61	78	146	152	72	0	255
 31645	62	61	78	146	152	72	0	255
 31690	62	61	78	146	152	72	0	255
 31735	62	61	78	146	152	74	0	255
 31781	62	61	78	146	152	72	0	255
 31829	62	61	78	146	152	74	0	255
 31871	62	61	78	146	152	74	0	255
 31917	62	61	78	146	152	74	0	255
 31962	62	61	78	146	152	74	0	255
 32008	62	61	78	146	152	74	0	255
 32053	62	61	78	146	152	75	0	255
 32098	62	61	78	146	152	74	0	255
 32144	62	61	78	146	152	74	0	255
 32189	62	61	78	146	152	74	0	255
 32234	62	61	78	146	152	74	0	255
 32280	62	61	78	146	152	74	0	255
 32325	62	61	78	146	152	72	0	255
 32370	62	61	78	146	152	74	0	255
 32416	62	61	78	146	152	72	0	255
 32461	62	61	78	146	152	74	0	255
 32506	62	61	78	146	152	72	0	255
 32552	62	61	77	146	152	74	0	255
 32597	62	61	77	146	152	74	0	255
 32642	62	61	77	146	152	74	0	255
 32689	62	61	77	146	152	72	0	255
 32733	62	61	77	146	152	74	0	255
 32779	62	61	77	146	152	72	0	255
 32824	62	61	77	146	152	74	0	255
 32869	62	61	77	146	152	72	0	255
 32915	62	61	77	146	152	72	0	255
 32960	62	61	76	146	152	74	0	255
 33005	62	61	76	146	152	74	0	255
 33051	62	61	76	146	152	74	0	255
 33096	62	61	76	146	152	74	0	255
 33141	62	61	76	146	152	74	0	255
 33187	62	61	76	146	152	74	0	255
 33232	62	61	76	146	152	74	0	255
 33277	62	61	76	146	152	75	0	255
 33323	62	61	76	146	152	74	0	255
 33368	62	61	76	146	152	74	0	255
 33414	62	61	76	146	152	75	0	255
 33459	62	61	76	146	152	75	0	255
 33504	62	61	76	146	152	75	0	255
 33550	62	61	76	146	152	76	0	255
 33595	62	61	76	146	152	76	0	255
 33641	62	61	76	146	152	78	0	255
 33686	62	61	76	146	152	76	0	255
 33731	62	61	76	146	152	78	0	255
 33777	62	61	76	146	152	78	0	255
 33822	62	61	76	146	152	78	0	255
 33871	62	61	76	146	152	79	0	255
 33916	62	61	76	146	152	79	0	255
 33958	62	61	76	146	152	80	0	255
 34003	62	61	76	146	152	79	0	255
 34049	62	61	76	146	152	80	0	255
 34094	62	61	76	146	152	82	0	255
 34139	62	61	76	146	152	82	0	255
 34185	62	61	76	146	152	83	0	255
 34230	62	61	76	146	152	82	0	255
 34275	62	61	76	146	152	83	0	255
 34321	62	61	76	146	152	84	0	255
 34366	62	61	76	146	152	84	0	255
 34412	62	61	76	146	152	84	0	255
 34457	62	61	76	146	152	85	0	255
 34502	62	61	76	146	152	85	0	255
 34548	62	61	76	146	152	85	0	255
 34593	62	61	76	146	152	85	0	255
 34638	62	61	76	146	152	86	0	255
 34684	62	61	76	146	152	88	0	255
 34729	62	61	76	146	152	88	0	255
 34774	62	61	76	146	152	88	0	255
 34820	62	61	76	146	152	88	0	255
 34865	62	61	76	146	152	89	0	255
 34910	62	61	76	146	152	89	0	255
 34956	62	61	76	146	152	90	0	255
 35001	62	61	76	146	152	92	0	255
 35047	62	61	76	146	152	92	0	255
 35092	62	61	76	146	152	93	0	255
 35137	62	61	76	146	152	94	0	255
 35183	62	61	76	146	152	96	0	255
 35228	62	61	76	146	152	97	0	255
 35273	62	61	76	146	152	100	0	255
 35319	62	60	76	146	152	101	0	255
 35364	62	60	76	146	152	102	0	255
 35409	62	60	76	146	152	105	0	255
 35455	62	60	76	146	152	108	0	255
 35500	62	60	76	146	152	109	0	255
 35545	62	60	76	146	152	112	0	255
 35591	62	60	76	146	152	113	0	255
 35636	62	59	76	146	152	120	0	255
 35681	62	59	76	146	152	123	0	255
 35727	62	59	76	146	152	126	0	255
 35772	62	59	76	146	152	131	0	255
 35818	62	59	76	146	152	136	0	255
 35863	62	59	76	146	152	138	0	255
 35908	62	58	76	146	152	141	0	255
 35954	61	61	76	146	152	146	8	255
 35999	76	76	76	146	152	158	8	255
 36044	96	87	76	146	152	162	8	255
 36090	110	95	76	146	152	156	8	255
 36135	116	100	76	146	152	152	8	255
 36180	120	103	76	146	152	162	8	255
 36226	126	104	76	146	152	168	8	255
 36271	131	106	76	146	152	160	8	255
 36316	130	107	76	146	152	142	8	255
 36362	125	107	76	146	152	136	0	255
 36407	121	107	76	146	152	138	0	255
 36453	118	106	76	146	152	142	0	255
 36498	116	104	76	146	152	148	8	255
 36543	118	103	76	146	151	151	8	255
 36589	122	105	76	146	152	156	8	255
 36634	126	107	76	146	151	158	8	255
 36679	129	108	76	146	151	158	8	255
 36725	130	109	76	146	151	161	8	255
 36770	132	110	76	146	151	162	8	255
 36815	134	110	76	146	151	160	8	255
 36861	133	110	76	146	151	154	8	255
 36906	131	111	77	146	151	148	8	255
 36997	127	111	77	146	151	142	8	255
 37045	125	111	77	146	151	142	0	255
 37087	123	110	77	146	151	142	0	255
 37133	121	109	77	146	151	142	0	255
 37178	119	108	77	146	151	142	0	255
 37224	118	107	77	146	151	145	0	255
 37269	117	107	77	146	151	145	0	255
 37314	115	105	77	146	151	148	8	255
 37360	116	103	77	146	151	150	8	255
 37405	120	106	77	146	151	151	8	255
 37450	123	108	77	146	151	150	8	255
 37496	125	110	77	146	151	146	8	255
 37541	125	111	77	146	151	150	8	255
 37586	126	112	77	146	151	152	8	255
 37632	127	112	77	146	151	152	8	255
 37677	128	113	78	146	151	152	8	255
 37722	128	113	78	146	151	150	8	255
 37768	128	113	78	146	151	150	8	255
 37859	127	114	78	146	151	152	8	255
 37908	128	114	78	146	151	152	8	255
 37949	128	114	78	146	151	152	8	255
 37995	129	114	78	146	151	151	8	255
 38040	128	115	78	146	151	150	8	255
 38085	128	115	78	146	151	148	8	255
 38131	127	115	78	146	151	145	8	255
 38176	126	115	78	146	151	144	0	255
 38221	125	114	78	146	151	144	0	255
 38267	123	113	79	146	151	144	0	255
 38312	122	112	79	146	151	146	0	255
 38357	120	111	79	146	151	145	0	255
 38403	119	110	79	146	151	146	0	255
 38448	118	109	79	146	151	145	0	255
 38493	116	108	79	146	151	146	0	255
 38539	115	107	79	146	151	146	0	255
 38584	113	106	79	146	151	148	0	255
 38630	112	105	79	146	151	146	0	255
 38675	111	104	79	146	151	146	0	255
 38720	110	104	79	146	151	146	0	255
 38766	108	103	79	146	151	146	0	255
 38811	107	102	79	146	151	148	0	255
 38856	106	101	79	146	151	146	0	255
 38902	105	100	79	146	151	148	0	255
 38947	104	99	79	146	151	148	0	255
 38992	103	99	79	146	151	148	0	255
 39038	102	98	79	146	151	148	0	255
 39083	101	97	79	146	151	146	0	255
 39128	100	96	79	146	151	148	0	255
 39174	99	95	79	146	151	145	0	255
 39220	98	94	78	146	151	145	0	255
 39265	97	94	77	146	151	146	0	255
 39310	96	93	77	146	151	146	0	255
 39355	95	92	77	146	151	145	0	255
 39401	94	91	76	146	151	145	0	255
 39446	94	90	76	146	151	144	0	255
 39491	93	90	76	146	151	145	0	255
 39537	92	89	76	146	151	144	0	255
 39582	91	88	76	146	151	144	0	255
 39627	91	88	76	146	151	144	0	255
 39673	90	87	76	146	151	144	0	255
 39718	89	87	76	146	151	142	0	255
 39763	88	86	76	146	151	142	0	255
 39854	87	85	76	146	151	142	0	255
 39899	87	84	76	146	151	141	0	255
 39945	86	84	76	146	151	141	0	255
 39990	85	83	76	146	151	142	0	255
 40036	85	83	76	146	151	142	0	255
 40081	84	83	76	146	151	142	0	255
 40126	84	82	75	146	151	141	0	255
 40172	83	82	75	146	151	141	0	255
 40217	83	81	75	146	151	141	0	255
 40262	82	81	75	146	151	141	0	255
 40308	82	80	75	146	151	141	0	255
 40353	81	80	75	146	151	141	0	255
 40398	81	80	75	146	151	141	0	255
 40444	80	79	75	146	151	141	0	255
 40489	80	79	75	146	151	140	0	255
 40534	79	79	75	146	151	141	0	255
 40580	79	78	75	146	151	141	0	255
 40625	79	78	75	146	151	141	0	255
 40670	78	78	75	146	151	141	0	255
 40761	78	77	75	146	151	142	0	255
 40807	77	77	75	145	151	142	0	255
 40852	77	77	75	145	151	142	0	255
 40897	77	77	75	145	151	142	0	255
 40943	76	77	75	146	151	142	0	255
 40988	76	76	75	145	151	145	0	255
 41033	76	76	75	145	151	145	0	255
 41079	75	76	75	145	151	146	0	255
 41124	75	76	75	145	151	146	0	255
 41169	76	77	75	145	151	152	8	255
 41215	91	87	75	145	151	161	8	255
 41260	107	95	75	145	151	164	8	255
 41305	118	101	75	145	151	158	8	255
 41351	122	105	75	145	151	154	8	255
 41396	125	107	75	145	151	158	8	255
 41442	128	109	75	145	151	158	8	255
 41487	130	109	75	145	151	148	8	255
 41532	128	110	75	145	151	137	0	255
 41578	125	109	75	145	151	131	0	255
 41623	122	109	75	145	151	131	0	255
 41668	121	108	76	145	151	132	0	255
 41714	119	107	76	145	151	134	0	255
 41759	118	106	76	145	151	134	0	255
 41804	116	105	76	145	151	134	0	255
 41850	115	105	76	145	151	137	0	255
 41895	113	104	76	145	151	136	0	255
 41940	112	103	76	145	150	137	0	255
 41986	111	102	76	145	150	138	0	255
 42031	110	102	76	145	150	138	0	255
 42076	109	101	76	145	150	137	0	255
 42122	107	100	76	145	150	138	0	255
 42167	106	100	76	145	150	141	0	255
 42213	105	99	76	145	150	141	0	255
 42303	103	98	76	145	150	142	0	255
 42349	102	97	76	145	150	144	0	255
 42394	101	97	76	145	150	144	0	255
 42439	100	96	76	145	150	145	0	255
 42485	99	96	76	145	150	146	0	255
 42530	98	95	76	145	150	146	0	255
 42575	97	94	76	145	150	146	0	255
 42621	97	92	76	145	150	151	8	255
 42666	106	97	76	145	150	154	8	255
 42711	115	102	76	145	150	156	8	255
 42757	121	106	76	145	150	152	8	255
 42802	123	108	76	145	150	151	8	255
 42847	125	110	76	145	150	154	8	255
 42893	127	111	76	145	150	156	8	255
 42938	128	111	76	145	150	150	8	255
 42984	127	112	76	145	150	138	0	255
 43029	125	111	76	145	150	137	0	255
 43074	123	110	76	145	150	137	0	255
 43120	121	109	76	145	150	138	0	255
 43165	120	109	76	145	150	138	0	255
 43210	118	108	76	145	150	140	0	255
 43256	117	107	76	145	150	141	0	255
 43301	115	106	76	145	150	141	0	255
 43346	114	106	76	145	150	142	0	255
 43392	113	105	77	145	150	144	0	255
 43437	112	104	77	145	150	145	0	255
 43482	110	104	77	145	150	146	0	255
 43528	109	102	77	145	150	148	8	255
 43573	112	101	77	145	150	152	8	255
 43619	118	105	77	145	150	155	8	255
 43664	123	108	77	145	150	154	8	255
 43709	126	110	77	145	150	152	8	255
 43755	127	111	77	145	150	156	8	255
 43800	129	112	77	145	150	161	8	255
 43845	131	113	77	145	150	160	8	255
 43891	132	113	77	145	150	152	8	255
 43936	130	114	77	145	150	148	8	255
 43981	128	114	77	145	150	146	8	255
 44027	127	114	77	145	150	146	8	255
 44072	127	114	77	145	150	151	8	255
 44117	128	115	77	145	150	155	8	255
 44163	130	115	77	145	150	156	8	255
 44208	131	115	78	145	150	158	8	255
 44254	132	115	78	145	150	158	8	255
 44299	133	116	78	145	150	160	8	255
 44344	134	116	78	145	150	160	8	255
 44390	134	116	78	145	150	158	8	255
 44435	135	116	78	145	150	160	8	255
 44480	135	116	78	145	150	160	8	255
 44526	135	116	78	145	150	160	8	255
 44571	135	117	78	145	150	158	8	255
 44616	135	117	78	145	150	158	8	255
 44662	135	117	78	145	150	160	8	255
 44707	135	117	78	145	150	160	8	255
 44752	135	117	79	145	150	161	8	255
 44798	135	117	79	145	150	160	8	255
 44843	136	117	79	145	150	162	8	255
 44889	137	118	79	145	150	162	8	255
 44979	138	118	79	145	150	166	8	255
 45025	139	118	79	145	150	166	8	255
 45070	140	119	79	145	150	166	8	255
 45115	140	119	79	145	150	166	8	255
 45161	140	119	79	145	150	165	8	255
 45206	140	119	79	145	150	164	8	255
 45251	140	119	79	145	150	164	8	255
 45297	139	119	80	145	150	162	8	255
 45342	139	119	80	145	150	162	8	255
 45387	138	119	80	146	150	162	8	255
 45433	138	119	80	146	150	162	8	255
 45478	138	120	80	146	150	164	8	255
 45527	138	120	80	146	150	165	8	255
 45569	139	120	80	146	150	165	8	255
 45614	139	120	80	146	150	166	8	255
 45660	140	120	80	146	150	170	8	255
 45705	141	120	80	146	150	171	8	255
 45750	142	121	81	146	150	171	8	255
 45799	143	121	81	146	150	171	8	255
 45841	143	121	81	146	150	171	8	255
 45932	144	121	81	146	150	171	8	255
 45977	144	121	81	146	150	171	8	255
 46022	144	121	81	146	150	170	8	255
 46068	144	121	81	146	150	171	8	255
 46158	145	122	81	146	150	172	8	255
 46204	145	122	81	146	150	171	8	255
 46249	144	122	81	146	150	168	8	255
 46294	144	122	82	146	150	165	8	255
 46340	142	122	82	146	150	165	8	255
 46385	141	122	82	146	150	161	8	255
 46431	139	121	82	146	150	158	8	255
 46476	137	122	82	147	150	154	8	255
 46567	133	122	82	147	150	151	8	255
 46612	132	122	82	147	150	151	0	255
 46662	131	122	82	147	150	151	0	255
 46703	129	121	82	147	150	151	0	255
 46749	128	120	82	147	150	152	0	255
 46793	126	119	82	147	150	152	0	255
 46839	125	118	82	147	150	154	0	255
 46884	123	117	83	147	150	155	0	255
 46975	125	113	83	147	150	158	8	255
 47020	129	117	83	147	150	158	8	255
 47069	130	119	83	147	150	155	8	255
 47111	131	120	83	147	150	154	8	255
 47156	131	121	83	147	150	154	8	255
 47202	132	122	83	147	150	155	8	255
 47247	132	122	83	147	150	154	8	255
 47292	131	122	83	147	150	148	0	255
 47338	130	121	83	147	150	146	0	255
 47383	129	120	83	147	150	146	0	255
 47428	127	119	83	147	150	146	0	255
 47474	126	118	83	146	150	148	0	255
 47519	125	117	83	146	150	150	0	255
 47564	123	116	83	146	150	150	0	255
 47610	122	115	83	146	149	150	0	255
 47655	120	114	83	146	149	151	0	255
 47700	119	113	83	146	150	151	0	255
 47746	117	112	83	146	149	152	0	255
 47791	116	111	83	146	149	151	0	255
 47837	115	110	83	146	149	151	0	255
 47882	113	109	83	146	149	151	0	255
 47927	112	108	84	146	149	151	0	255
 47973	111	107	83	146	149	152	0	255
 48018	110	106	83	146	149	151	0	255
 48063	109	105	83	146	149	152	0	255
 48109	107	104	83	146	149	152	0	255
 48154	106	103	84	146	149	152	0	255
 48200	105	103	84	146	149	152	0	255
 48245	104	102	84	146	149	154	0	255
 48290	103	101	84	146	149	152	0	255
 48335	102	100	84	146	149	152	0	255
 48381	101	99	84	146	149	152	0	255
 48426	100	99	84	146	149	152	0	255
 48471	99	98	84	146	149	152	0	255
 48517	98	97	84	146	149	152	0	255
 48562	97	96	84	146	149	152	0	255
 48608	96	96	84	146	149	154	0	255
 48653	96	95	84	146	149	152	0	255
 48698	95	94	84	146	149	151	0	255
 48744	94	94	84	146	149	152	0	255
 48789	93	93	84	146	149	152	0	255
 48834	92	92	84	146	149	154	0	255
 48880	92	92	84	146	149	154	0	255
 48970	90	91	84	146	149	154	0	255
 49016	90	90	84	146	149	154	0	255
 49061	89	90	84	146	149	155	8	255
 49106	94	93	84	146	149	162	8	255
 49152	110	104	84	146	149	168	8	255
 49197	121	111	84	146	149	168	8	255
 49242	128	115	84	146	149	162	8	255
 49288	131	117	84	146	149	164	8	255
 49333	134	119	84	146	149	168	8	255
 49379	137	120	84	146	149	166	8	255
 49424	138	120	84	146	149	156	8	255
 49469	135	121	84	146	149	146	0	255
 49515	132	120	84	146	149	144	0	255
 49605	127	118	84	146	149	148	0	255
 49651	125	117	84	146	149	151	0	255
 49696	123	116	84	146	149	152	0	255
 49741	122	116	84	146	149	155	8	255
 49787	122	112	84	146	149	160	8	255
 49832	127	115	84	146	149	164	8	255
 49877	131	118	84	146	149	166	8	255
 49923	135	120	84	146	149	165	8	255
 49968	137	121	85	146	149	166	8	255
 50013	139	121	85	147	149	171	8	255
 50059	141	122	85	147	149	172	8	255
 50104	142	122	85	147	149	168	8	255
 50150	142	122	85	147	149	162	8	255
 50195	140	122	85	147	149	160	8	255
 50240	138	122	85	147	149	161	8	255
 50286	138	122	85	147	149	164	8	255
 50331	138	123	85	147	149	165	8	255
 50376	139	123	85	147	149	166	8	255
 50422	140	123	85	147	149	171	8	255
 50467	142	123	85	147	149	174	8	255
 50516	144	124	85	147	149	172	8	255
 50558	145	124	85	147	149	176	8	255
 50603	146	124	85	147	149	180	8	255
 50648	148	124	86	147	149	180	8	255
 50694	149	124	86	147	149	180	8	255
 50739	150	124	86	147	149	178	8	255
 50785	150	124	86	147	149	178	8	255
 50833	151	124	86	147	149	178	8	255
 50875	151	124	86	147	149	178	8	255
 50921	150	125	86	147	150	178	8	255
 50966	150	125	86	147	150	177	8	255
 51011	150	125	86	147	150	180	8	255
 51057	151	125	86	147	150	184	8	255
 51102	152	125	86	147	150	184	8	255
 51147	153	125	86	148	150	182	8	255
 51193	153	125	86	148	150	182	8	255
 51238	152	125	86	148	150	180	8	255
 51283	152	125	86	148	150	180	8	255
 51329	152	125	87	148	150	182	8	255
 51374	152	125	87	148	150	184	8	255
 51419	153	126	87	148	150	186	8	255
 51465	155	126	87	148	150	190	8	255
 51510	157	126	87	148	150	195	8	255
 51555	159	126	87	148	150	201	8	255
 51601	162	126	87	148	150	204	8	255
 51646	165	126	87	148	150	204	8	255
 51692	166	126	87	148	151	201	8	255
 51737	166	126	87	148	151	196	8	255
 51782	164	126	87	148	151	194	8	255
 51828	163	126	87	149	151	190	8	255
 51873	161	126	87	149	151	189	8	255
 51918	160	126	87	149	151	186	8	255
 51964	158	126	87	149	151	184	8	255
 52009	156	126	88	149	151	183	8	255
 52054	155	126	88	149	151	183	8	255
 52100	155	126	88	149	151	180	8	255
 52145	153	126	88	149	151	177	8	255
 52190	151	126	88	149	151	172	8	255
 52236	149	125	88	149	152	170	8	255
 52326	146	126	88	149	152	166	8	255
 52372	144	125	88	149	152	162	8	255
 52417	142	125	88	149	152	160	8	255
 52463	140	126	88	150	152	156	8	255
 52508	138	127	88	150	152	156	8	255
 52553	136	127	88	149	152	155	8	255
 52599	135	127	88	149	152	154	0	255
 52644	133	126	89	150	152	152	0	255
 52689	132	125	89	150	152	154	0	255
 52735	130	123	89	149	152	154	0	255
 52780	128	122	89	149	152	154	0	255
 52825	127	121	89	149	152	156	0	255
 52871	125	120	89	150	152	155	0	255
 52916	124	119	89	149	152	156	0	255
 52961	122	118	89	149	152	158	0	255
 53007	121	117	89	149	152	158	0	255
 53052	120	112	89	149	152	162	8	255
 53097	126	116	89	149	152	166	8	255
 53143	131	120	89	149	152	168	8	255
 53188	135	123	89	149	152	165	8	255
 53234	136	125	89	149	152	162	8	255
 53279	137	125	89	149	152	165	8	255
 53324	138	126	89	149	152	165	8	255
 53370	139	126	89	150	152	164	8	255
 53415	138	127	89	150	152	155	8	255
 53460	136	126	89	149	152	150	0	255
 53506	134	125	89	149	152	151	0	255
 53551	132	124	89	149	152	151	0	255
 53642	128	122	89	149	152	152	0	255
 53687	127	121	89	149	152	152	0	255
 53732	125	120	89	149	152	152	0	255
 53778	123	119	89	149	152	152	0	255
 53823	122	117	89	149	152	152	0	255
 53868	120	116	89	149	152	152	0	255
 53914	119	115	89	149	152	154	0	255
 53959	118	114	89	149	152	152	0	255
 54005	116	113	89	149	152	154	0	255
 54050	115	112	89	149	152	152	0	255
 54095	114	110	89	149	152	152	0	255
 54141	112	109	89	149	152	154	0	255
 54186	111	108	89	149	152	152	0	255
 54231	110	107	89	149	152	154	0	255
 54277	109	107	89	149	152	152	0	255
 54322	108	106	89	149	152	154	0	255
 54367	106	105	89	149	152	155	0	255
 54413	105	105	89	149	152	154	0	255
 54458	104	104	89	149	152	156	0	255
 54549	119	112	89	149	152	183	8	255
 54594	132	118	89	149	152	190	8	255
 54639	142	122	90	149	152	190	8	255
 54685	148	124	90	149	152	202	8	255
 54730	156	125	90	149	152	216	8	255
 54776	165	126	90	149	152	226	8	255
 54821	172	126	90	149	152	222	8	255
 54866	175	126	90	150	152	218	8	255
 54912	176	127	90	150	152	218	8	255
 54957	177	127	90	150	152	221	8	255
 55002	179	127	90	150	153	224	8	255
 55048	180	128	90	150	153	224	8	255
 55093	181	128	90	150	153	222	8	255
 55138	181	128	90	151	153	213	8	255
 55184	178	125	90	151	153	204	8	255
 55229	174	124	90	151	153	192	8	255
 55274	168	123	90	151	154	188	8	255
 55320	163	123	90	151	154	177	8	255
 55365	158	123	90	151	154	171	8	255
 55410	153	123	90	151	154	165	8	255
 55456	148	124	90	151	154	161	8	255
 55501	144	126	90	151	154	158	8	255
 55546	140	127	91	151	154	155	0	255
 55592	137	126	91	151	154	154	0	255
 55637	135	125	91	151	154	154	0	255
 55688	133	124	91	151	154	154	0	255
 55728	131	123	91	151	154	154	0	255
 55773	129	122	91	151	154	152	0	255
 55819	127	121	91	151	154	154	0	255
 55864	126	120	91	151	154	154	0	255
 55909	124	119	91	151	154	154	0	255
 55956	122	118	91	151	154	156	0	255
 56000	121	117	91	151	154	155	0	255
 56045	119	115	91	151	154	155	0	255
 56091	118	114	91	151	154	155	0	255
 56136	117	113	91	151	154	155	0	255
 56181	115	111	91	151	154	152	0	255
 56227	114	110	91	151	154	152	0	255
 56272	113	109	91	151	154	151	0	255
 56318	111	108	91	151	154	151	0	255
 56363	110	106	91	151	154	151	0	255
 56408	109	105	91	151	154	150	0	255
 56455	108	104	91	151	154	150	0	255
 56499	107	103	91	151	154	148	0	255
 56544	106	103	91	151	154	148	0	255
 56590	105	102	91	151	154	145	0	255
 56635	104	102	91	151	154	144	0	255
 56680	103	101	91	151	154	142	0	255
 56726	102	100	91	151	154	140	0	255
 56771	101	100	91	151	154	140	0	255
 56816	100	99	91	151	154	140	0	255
 56862	99	98	91	151	154	136	0	255
 56907	98	98	91	151	154	136	0	255
 56952	97	97	91	151	154	132	0	255
 56998	96	96	91	151	154	131	0	255
 57043	96	96	91	151	154	131	0	255
 57089	95	95	91	151	154	130	0	255
 57134	94	95	91	151	154	128	0	255
 57225	93	93	91	151	154	123	0	255
 57270	92	93	91	151	154	123	0	255
 57315	91	92	91	151	154	122	0	255
 57361	91	92	91	151	154	122	0	255
 57406	90	91	91	151	154	119	0	255
 57451	89	91	91	151	154	119	0	255
 57542	88	89	91	151	154	116	0	255
 57587	88	89	91	151	154	116	0	255
 57633	87	88	91	151	154	113	0	255
 57678	87	88	91	151	154	113	0	255
 57723	86	87	91	151	154	113	0	255
 57769	86	87	91	151	154	113	0	255
 57860	85	86	91	151	154	112	0	255
 57905	84	85	91	151	154	112	0	255
 57950	84	85	91	151	154	112	0	255
 57996	83	84	91	151	154	109	0	255
 58041	83	84	91	151	154	110	0	255
 58086	82	84	91	151	154	112	0	255
 58132	82	83	91	151	154	112	0	255
 58177	82	83	91	151	154	112	0	255
 58222	81	82	91	151	154	110	0	255
 58268	81	82	91	151	154	112	0	255
 58313	80	81	91	151	154	112	0	255
 58358	80	81	91	151	154	112	0	255
 58404	80	81	91	151	154	113	0	255
 58449	79	81	91	151	154	113	0	255
 58494	79	80	91	151	154	113	0	255
 58540	79	80	91	151	154	113	0	255
 58585	78	80	91	151	154	116	0	255
 58631	78	80	91	151	154	119	0	255
 58676	78	80	91	151	154	119	0	255
 58721	78	79	91	151	154	119	0	255
 58767	77	79	91	151	154	119	0	255
 58812	77	79	91	151	154	122	0	255
 58857	77	79	91	151	154	122	0	255
 58903	76	79	91	151	154	124	0	255
 58948	76	78	91	151	154	127	0	255
 58993	76	78	91	151	154	128	0	255
 59039	76	78	91	151	154	128	0	255
 59088	75	78	91	151	154	132	0	255
 59130	75	77	91	151	154	131	0	255
 59175	75	77	91	151	154	134	0	255
 59221	75	76	91	151	154	137	0	255
 59266	74	75	91	151	154	140	0	255
 59311	74	74	91	151	154	142	0	255
 59357	74	73	91	151	154	144	0	255
 59402	74	73	91	151	154	150	0	255
 59447	74	73	91	151	154	152	0	255
 59493	73	73	91	151	154	152	0	255
 59538	73	72	91	151	154	155	0	255
 59583	73	72	91	151	154	156	0	255
 59629	73	73	91	151	154	161	8	255
 59674	86	87	91	151	154	172	8	255
 59719	108	101	91	151	154	180	8	255
 59765	123	111	91	151	154	180	8	255
 59810	131	116	91	151	154	171	8	255
 59856	135	119	91	151	154	178	8	255
 59901	140	121	91	151	154	183	8	255
 59949	144	122	91	151	154	177	8	255
 59992	145	123	91	151	154	158	8	255
 60037	139	122	91	151	154	146	0	255
 60082	134	120	91	151	154	146	0	255
 60128	131	119	91	151	154	151	0	255
 60173	128	118	91	151	154	155	0	255
 60218	126	118	91	151	154	155	0	255
 60264	124	117	91	151	154	155	0	255
 60309	123	114	91	151	154	162	8	255
 60354	128	117	91	151	154	170	8	255
 60400	134	120	91	151	154	178	8	255
 60445	140	123	91	151	154	182	8	255
 60490	145	124	91	151	154	188	8	255
 60536	150	125	91	151	154	198	8	255
 60581	155	126	91	151	154	206	8	255
 60627	160	126	91	151	154	201	8	255
 60672	162	126	91	151	154	194	8	255
 60717	161	126	92	151	154	190	8	255
 60763	160	126	92	151	154	192	8	255
 60808	160	126	92	152	154	192	8	255
 60853	160	127	92	152	154	190	8	255
 60899	159	127	92	152	154	186	8	255
 60944	158	126	92	152	154	183	8	255
 60989	156	126	92	152	154	182	8	255
 61035	154	126	92	152	154	178	8	255
 61080	153	126	92	152	154	178	8	255
 61125	152	127	92	152	155	177	8	255
 61171	151	127	92	152	155	176	8	255
 61216	151	127	92	152	155	177	8	255
 61262	150	127	92	152	155	176	8	255
 61307	150	127	92	152	155	177	8	255
 61352	149	128	92	152	155	177	8	255
 61398	150	128	92	152	155	180	8	255
 61443	150	128	92	152	155	180	8	255
 61488	152	128	92	152	155	183	8	255
 61534	153	128	92	152	155	186	8	255
 61579	155	128	92	152	155	188	8	255
 61624	156	129	92	153	155	190	8	255
 61673	157	129	92	153	155	189	8	255
 61715	158	129	92	153	155	188	8	255
 61760	158	129	93	153	155	188	8	255
 61806	158	129	93	153	155	184	8	255
 61851	157	129	93	153	155	183	8	255
 61896	156	129	93	153	155	184	8	255
 61942	155	129	93	153	155	183	8	255
 61987	155	129	93	153	155	183	8	255
 62032	155	129	93	153	155	183	8	255
 62078	155	129	93	153	155	186	8	255
 62123	155	129	93	153	155	188	8	255
 62169	156	129	93	153	156	188	8	255
 62214	157	130	93	153	156	188	8	255
 62259	157	130	93	153	156	189	8	255
 62305	157	130	93	153	156	188	8	255
 62350	157	130	93	153	156	186	8	255
 62395	157	130	93	153	156	186	8	255
 62441	157	130	93	153	156	188	8	255
 62486	157	130	93	154	156	184	8	255
 62531	157	130	93	154	156	186	8	255
 62622	157	130	93	154	156	188	8	255
 62713	157	130	94	154	156	186	8	255
 62758	157	130	94	154	156	188	8	255
 62803	157	130	94	154	156	188	8	255
 62849	157	130	94	154	156	188	8	255
 62894	157	130	94	154	156	186	8	255
 62940	157	131	94	154	156	188	8	255
 62985	157	131	94	154	156	186	8	255
 63030	157	131	94	154	157	186	8	255
 63076	157	131	94	154	157	189	8	255
 63166	157	131	94	154	157	188	8	255
 63212	157	131	94	154	157	188	8	255
 63257	157	131	94	154	157	186	8	255
 63302	157	131	94	154	157	186	8	255
 63348	157	131	94	154	157	188	8	255
 63393	157	131	94	154	157	186	8	255
 63484	157	131	95	155	157	186	8	255
 63529	157	131	95	155	157	188	8	255
 63574	157	131	95	154	157	189	8	255
 63620	157	132	95	154	157	186	8	255
 63665	157	132	95	155	157	189	8	255
 63711	157	132	95	155	157	186	8	255
 63756	157	132	95	154	157	186	8	255
 63802	157	132	95	154	157	188	8	255
 63847	157	132	95	154	157	186	8	255
 63892	157	132	95	154	157	186	8	255
 63937	157	132	95	154	157	186	8	255
 63983	157	132	95	154	157	186	8	255
 64028	157	133	95	154	157	186	8	255
 64073	157	133	95	154	157	184	8	255
 64119	156	133	95	154	157	183	8	255
 64164	156	133	95	154	157	180	8	255
 64209	154	132	95	154	157	177	8	255
 64255	153	132	95	154	157	176	8	255
 64304	152	133	95	154	157	178	8	255
 64346	152	133	95	154	157	177	8	255
 64391	151	133	95	154	157	176	8	255
 64436	151	133	96	154	157	176	8	255
 64482	150	133	96	154	157	174	8	255
 64527	149	133	96	154	157	172	8	255
 64572	148	133	96	154	157	171	8	255
 64618	147	133	96	154	157	168	8	255
 64663	146	133	96	154	157	168	8	255
 64708	145	133	96	154	157	168	8	255
 64754	145	133	96	154	157	170	8	255
 64799	145	134	96	154	157	172	8	255
 64844	146	134	96	154	157	172	8	255
 64890	147	134	96	154	157	172	8	255
 64935	147	134	96	154	157	172	8	255
 64981	147	134	96	154	157	172	8	255
 65026	147	134	96	154	157	172	8	255
 65071	147	134	96	154	157	172	8	255
 65117	147	134	96	154	157	174	8	255
 65162	148	134	96	154	157	174	8	255
 65211	148	134	96	154	157	177	8	255
 65253	149	134	96	154	157	174	8	255
 65302	149	134	96	154	157	174	8	255
 65343	148	134	96	154	157	172	8	255
 65389	147	134	97	154	157	168	8	255
 65434	146	134	97	154	157	166	8	255
 65479	144	134	97	154	157	162	8	255
 65525	142	134	97	154	157	161	8	255
 65570	141	134	97	154	157	161	8	255
 65615	140	134	97	154	157	161	8	255
 65661	140	134	97	154	157	164	8	255
 65706	140	135	97	154	157	165	8	255
 65752	141	135	97	154	157	166	8	255
 65801	142	135	97	154	157	168	8	255
 65847	143	135	97	154	157	170	8	255
 65888	144	135	97	154	157	170	8	255
 65933	144	135	97	154	157	170	8	255
 65978	145	135	97	154	157	170	8	255
 66024	145	135	97	154	157	170	8	255
 66069	145	135	97	154	157	168	8	255
 66114	144	135	97	154	157	166	8	255
 66160	144	135	97	154	157	166	8	255
 66205	143	135	97	154	157	166	8	255
 66250	143	135	97	154	157	164	8	255
 66296	142	135	97	154	157	164	8	255
 66341	142	135	97	154	157	164	8	255
 66387	141	135	98	154	157	162	8	255
 66432	141	135	98	154	157	161	8	255
 66477	140	135	98	154	157	162	8	255
 66568	139	134	98	154	157	161	0	255
 66613	138	133	98	154	157	160	0	255
 66659	137	132	98	154	157	160	0	255
 66704	135	131	98	154	157	158	0	255
 66749	134	129	98	154	157	160	0	255
 66795	132	128	98	154	157	158	0	255
 66840	131	127	98	154	157	156	0	255
 66885	129	126	98	154	157	155	0	255
 66976	126	123	98	154	157	155	0	255
 67021	125	122	98	154	157	155	0	255
 67067	123	120	98	154	157	152	0	255
 67112	122	118	98	154	157	154	0	255
 67157	120	117	98	154	157	151	0	255
 67203	119	116	98	154	157	151	0	255
 67248	118	115	98	154	157	151	0	255
 67294	116	114	98	154	157	150	0	255
 67339	115	113	98	154	157	150	0	255
 67384	114	112	98	154	157	148	0	255
 67430	113	110	98	154	157	148	0	255
 67475	112	109	98	154	157	146	0	255
 67520	110	108	98	154	156	144	0	255
 67566	109	107	98	154	157	144	0	255
 67611	108	106	98	154	156	144	0	255
 67656	107	106	98	154	156	141	0	255
 67702	106	105	98	154	156	140	0	255
 67747	105	105	98	154	156	138	0	255
 67792	104	104	98	154	156	137	0	255
 67838	103	103	98	154	156	136	0	255
 67883	102	103	98	154	156	134	0	255
 67928	101	102	98	154	156	132	0	255
 67974	101	101	98	154	156	131	0	255
 68019	100	101	98	154	156	130	0	255
 68065	99	99	98	154	156	130	0	255
 68110	98	98	98	154	156	127	0	255
 68155	97	97	98	154	156	127	0	255
 68201	97	96	98	154	156	127	0	255
 68246	96	95	98	154	156	126	0	255
 68291	95	95	98	154	156	124	0	255
 68337	95	94	98	154	156	124	0	255
 68382	94	93	98	154	156	124	0	255
 68427	93	92	98	154	156	123	0	255
 68473	93	91	98	154	156	123	0	255
 68518	92	91	98	154	156	122	0	255
 68563	91	90	98	154	156	122	0	255
 68609	91	89	98	154	156	120	0	255
 68654	90	89	98	154	156	120	0	255
 68700	90	88	98	154	156	119	0	255
 68745	89	87	98	154	156	118	0	255
 68790	89	87	97	154	156	118	0	255
 68836	88	86	98	154	156	116	0	255
 68881	88	86	97	154	156	116	0	255
 68926	87	86	97	154	156	114	0	255
 68976	87	85	97	154	156	114	0	255
 69017	86	85	97	154	156	113	0	255
 69062	86	85	97	154	156	112	0	255
 69108	85	84	97	154	156	112	0	255
 69153	85	84	97	154	156	110	0	255
 69198	85	83	97	154	156	109	0	255
 69244	84	83	97	154	156	109	0	255
 69289	84	83	97	154	156	109	0	255
 69338	84	83	97	154	156	106	0	255
 69471	82	82	96	153	156	106	0	255
 69516	82	81	95	153	156	105	0	255
 69561	82	81	94	153	156	105	0	255
 69607	81	81	93	153	156	105	0	255
 69656	81	81	92	153	156	104	0	255
 69697	81	80	92	153	156	104	0	255
 69743	80	80	91	153	156	102	0	255
 69788	80	80	91	153	156	102	0	255
 69833	80	79	90	153	156	101	0	255
 69879	80	79	90	153	156	101	0	255
 69924	79	79	90	153	156	101	0	255
 69969	79	79	90	153	156	100	0	255
 70015	79	78	89	153	156	100	0	255
 70060	79	78	89	153	156	100	0	255
 70105	78	78	89	153	156	98	0	255
 70151	78	78	89	153	156	98	0	255
 70196	78	78	89	153	156	97	0	255
 70242	78	77	88	153	156	97	0	255
 70287	78	77	88	153	156	96	0	255
 70332	77	77	88	153	156	96	0	255
 70378	77	77	88	153	156	96	0	255
 70423	77	77	88	153	156	94	0	255
 70468	77	76	88	153	156	94	0	255
 70514	77	76	88	153	156	93	0	255
 70559	76	76	88	153	156	93	0	255
 70604	76	76	87	153	156	92	0	255
 70650	76	76	87	153	156	92	0	255
 70698	76	76	87	153	156	90	0	255
 70740	76	75	87	153	156	90	0	255
 70786	75	75	87	153	156	90	0	255
 70831	75	75	87	153	156	90	0	255
 70876	75	75	87	153	156	88	0	255
 70922	75	75	87	153	156	89	0	255
 70967	75	75	87	153	156	86	0	255
 71013	75	74	87	153	156	86	0	255
 71058	75	74	87	153	156	86	0	255
 71103	74	74	87	153	156	86	0	255
 71149	74	74	86	153	156	86	0	255
 71194	74	74	86	153	156	85	0	255
 71239	74	74	86	153	156	84	0	255
 71333	74	74	86	153	156	83	0	255
 71375	74	73	86	153	156	83	0	255
 71421	73	73	86	153	156	84	0	255
 71466	73	73	86	153	156	83	0	255
 71511	73	73	86	153	156	82	0	255
 71557	73	73	86	153	156	83	0	255
 71602	73	73	86	153	156	82	0	255
 71647	73	73	86	153	156	79	0	255
 71693	73	73	86	153	156	80	0	255
 71738	73	73	86	153	156	79	0	255
 71784	73	72	86	153	156	79	0	255
 71829	73	72	86	153	156	79	0	255
 71874	72	72	86	153	156	78	0	255
 71924	72	72	86	153	156	78	0	255
 71965	72	72	85	153	156	78	0	255
 72010	72	72	85	153	156	76	0	255
 72056	72	72	85	153	156	76	0	255
 72101	72	72	85	153	156	75	0	255
 72146	72	72	85	153	156	75	0	255
 72192	72	72	85	153	156	74	0	255
 72237	72	71	85	153	156	75	0	255
 72282	72	71	85	153	156	74	0	255
 72328	72	71	85	153	156	72	0	255
 72373	72	71	85	153	156	74	0	255
 72418	71	71	85	153	156	71	0	255
 72464	71	71	85	153	156	71	0	255
 72509	71	71	85	153	156	70	0	255
 72554	71	71	85	153	156	70	0	255
 72600	71	71	85	153	156	70	0	255
 72645	71	71	85	153	156	70	0	255
 72691	71	71	85	153	156	68	0	255
 72736	71	71	85	153	156	70	0	255
 72781	71	71	85	153	156	68	0	255
 72827	71	71	85	153	156	68	0	255
 72872	71	70	85	153	156	66	0	255
 72917	71	70	85	153	156	66	0	255
 72965	71	70	85	153	156	66	0	255
 73008	71	70	85	153	156	67	0	255
 73053	71	70	85	153	156	66	0	255
 73099	70	70	85	153	156	66	0	255
 73144	70	70	85	153	156	66	0	255
 73189	70	70	85	153	156	66	0	255
 73235	70	70	85	153	156	64	0	255
 73280	70	70	85	153	156	64	0	255
 73329	70	70	85	153	156	64	0	255
 73371	70	70	85	153	156	62	0	255
 73416	70	70	85	153	156	64	0	255
 73465	70	70	84	153	156	62	0	255
 73507	70	69	85	153	156	62	0	255
 73552	70	69	85	153	156	62	0	255
 73598	70	69	84	153	156	62	0	255
 73643	70	69	84	153	156	61	0	255
 73688	70	69	84	153	156	61	0	255
 73737	70	69	84	153	156	61	0	255
 73779	70	69	84	153	156	61	0	255
 73824	70	69	84	153	156	61	0	255
 73870	70	69	84	153	156	60	0	255
 73915	70	69	84	153	156	61	0	255
 73960	69	69	84	153	156	60	0	255
 74006	69	69	84	152	156	60	0	255
 74051	69	69	84	152	156	58	0	255
 74096	69	69	84	152	156	60	0	255
 74142	69	69	84	152	156	57	0	255
 74187	69	69	84	152	156	60	0	255
 74233	69	69	84	152	156	58	0	255
 74278	69	68	84	152	156	57	0	255
 74323	69	68	84	152	156	57	0	255
 74369	69	68	84	152	156	57	0	255
 74414	69	68	84	152	156	57	0	255
 74459	69	68	84	152	156	57	0	255
 74505	69	68	84	152	156	56	0	255
 74550	69	68	84	152	156	57	0	255
 74595	69	68	84	152	156	57	0	255
 74641	69	68	84	152	156	57	0	255
 74686	69	68	84	152	156	56	0	255
 74731	69	68	84	152	156	56	0	255
 74777	69	68	84	152	156	56	0	255
 74822	69	68	84	152	156	56	0	255
 74867	69	68	84	152	156	56	0	255
 74913	69	68	84	152	156	54	0	255
 74958	69	68	84	152	156	54	0	255
 75004	69	68	84	152	156	54	0	255
 75049	69	68	84	152	156	54	0	255
 75094	69	68	84	152	156	54	0	255
 75185	69	68	84	152	156	53	0	255
 75230	69	67	84	152	156	53	0	255
 75276	69	67	84	152	156	53	0	255
 75321	68	67	84	152	156	54	0	255
 75366	68	67	84	152	156	52	0	255
 75412	68	67	84	152	156	53	0	255
 75457	68	67	84	152	156	54	0	255
 75502	68	67	84	152	156	53	0	255
 75548	68	67	84	152	156	52	0	255
 75593	68	67	84	152	156	51	0	255
 75638	68	67	84	152	155	52	0	255
 75684	68	67	84	152	155	53	0	255
 75729	68	67	84	152	155	51	0	255
 75775	68	67	84	152	155	52	0	255
 75820	68	67	84	152	155	51	0	255
 75865	68	67	84	152	155	53	0	255
 75914	68	67	84	152	155	51	0	255
 75956	68	67	84	152	155	52	0	255
 76001	68	67	84	152	155	51	0	255
 76092	68	67	84	152	155	51	0	255
 76137	68	67	84	152	155	51	0	255
 76183	68	67	84	152	155	51	0	255
 76273	68	67	84	152	155	52	0	255
 76319	68	67	84	152	155	52	0	255
 76364	68	67	84	152	155	50	0	255
 76409	68	67	84	152	155	51	0	255
 76455	68	66	84	152	155	51	0	255
 76500	68	66	84	152	155	51	0	255
 76546	68	66	84	152	155	50	0	255
 76636	68	66	84	152	155	51	0	255
 76682	68	66	84	152	155	48	0	255
 76730	68	66	84	152	155	48	0	255
 76772	68	66	84	152	155	50	0	255
 76818	68	66	84	152	155	50	0	255
 76863	68	66	84	152	155	50	0	255
 76909	68	66	84	152	155	48	0	255
 76954	68	66	84	152	155	50	0	255
 77044	68	66	84	152	155	50	0	255
 77090	68	66	84	152	155	50	0	255
 77135	68	66	84	152	155	48	0	255
 77184	68	66	84	152	155	50	0	255
 77226	68	66	84	152	155	48	0	255
 77271	68	66	84	152	155	48	0	255
 77321	68	66	84	152	155	50	0	255
 77362	68	66	84	152	155	48	0	255
 77407	68	66	84	152	155	50	0	255
 77453	68	66	84	152	155	50	0	255
 77498	68	66	84	152	155	48	0	255
 77543	68	66	84	152	155	47	0	255
 77589	67	66	84	152	155	47	0	255
 77638	67	66	84	152	155	47	0	255
 77679	67	66	84	152	155	47	0	255
 77725	67	66	84	152	155	48	0	255
 77770	67	66	84	152	155	46	0	255
 77815	67	66	84	152	155	46	0	255
 77861	67	66	84	152	155	47	0	255
 77906	67	66	84	152	155	47	0	255
 77951	67	66	84	152	155	46	0	255
 78000	67	66	84	152	155	46	0	255
 78087	67	66	84	152	155	46	0	255
 78137	67	66	84	152	155	47	0	255
 78178	67	66	84	152	155	45	0	255
 78224	67	66	84	152	155	46	0	255
 78269	67	66	84	152	155	45	0	255
 78315	67	66	84	152	155	46	0	255
 78360	67	66	84	152	155	45	0	255
 78450	67	66	84	152	155	45	0	255
 78496	67	66	84	152	155	44	0	255
 78545	67	65	84	152	155	45	0	255
 78586	67	65	84	152	155	45	0	255
 78632	67	65	84	152	155	44	0	255
 78677	67	65	84	152	155	44	0	255
 78725	67	65	84	152	155	44	0	255
 78768	67	65	84	151	155	42	0	255
 78813	67	65	84	151	155	44	0	255
 78863	67	65	84	151	155	44	0	255
 78904	67	65	84	151	155	42	0	255
 78949	67	65	84	151	155	44	0	255
 78994	67	65	84	151	155	42	0	255
 79043	67	65	83	151	155	42	0	255
 79085	67	65	83	151	155	44	0	255
 79130	67	65	84	151	155	42	0	255
 79176	67	65	84	151	155	42	0	255
 79221	67	65	83	151	155	42	0	255
 79267	68	65	84	151	155	42	0	255
 79316	68	65	83	151	155	42	0	255
 79357	68	65	83	151	155	41	0	255
 79403	68	65	84	151	155	42	0	255
 79448	68	65	83	151	155	41	0	255
 79493	68	65	83	151	155	41	0	255
 79539	68	65	84	151	155	41	0	255
 79629	68	65	84	151	155	41	0	255
 79675	68	65	84	151	155	41	0	255
 79765	68	65	84	151	155	41	0	255
 79811	68	65	83	151	155	41	0	255
 79859	68	65	84	151	155	40	0	255
 79901	68	65	84	151	155	41	0	255
 79947	68	65	84	151	155	41	0	255
 79992	68	65	84	151	155	41	0	255
 80038	68	65	84	151	155	40	0	255
 80083	68	65	84	151	155	40	0	255
 80128	68	65	84	151	155	40	0	255
 80174	68	65	84	151	155	41	0	255
 80219	68	65	84	151	155	41	0	255
 80264	68	65	83	151	155	41	0	255
 80310	68	65	83	151	155	40	0	255
 80355	68	65	84	151	155	41	0	255
 80400	68	65	84	151	155	41	0	255
 80446	67	65	83	151	155	41	0	255
 80491	67	65	84	151	155	40	0	255
 80536	67	65	84	151	155	40	0	255
 80582	67	65	84	151	155	41	0	255
 80627	67	65	84	151	155	40	0	255
 80672	67	65	84	151	155	40	0	255
 80718	67	65	84	151	155	40	0	255
 80763	67	65	84	151	155	40	0	255
 80809	67	65	84	151	155	40	0	255
 80854	67	65	84	151	155	40	0	255
 80899	67	65	84	151	155	40	0	255
 80945	67	65	84	151	155	40	0	255
 80990	67	65	84	151	155	40	0	255
 81081	67	65	84	151	155	40	0	255
 81129	67	65	84	151	155	40	0	255
 81171	67	65	84	151	155	40	0	255
 81217	67	65	84	151	155	40	0	255
 81262	67	65	84	151	155	40	0	255
 81307	67	65	84	151	155	38	0	255
 81353	67	65	84	151	155	40	0	255
 81443	67	65	84	151	155	38	0	255
 81489	67	65	84	151	155	38	0	255
 81534	67	65	84	151	155	40	0	255
 81580	67	65	84	151	155	37	0	255
 81625	67	65	84	151	155	40	0	255
 81670	67	65	84	151	155	38	0	255
 81716	66	65	84	151	155	37	0	255
 81761	66	65	84	151	155	38	0	255
 81806	66	65	84	151	155	38	0	255
 81852	66	65	84	151	155	38	0	255
 81897	66	65	84	151	155	38	0	255
 81942	66	65	84	151	155	38	0	255
 81988	66	65	84	151	155	40	0	255
 82033	66	65	84	151	155	38	0	255
 82078	66	65	84	151	155	38	0	255
 82124	66	65	84	151	155	38	0	255
 82169	66	65	84	151	155	38	0	255
 82214	66	65	84	151	155	38	0	255
 82260	66	65	84	151	155	38	0	255
 82350	66	65	84	151	155	38	0	255
 82396	66	65	84	151	155	38	0	255
 82441	66	65	84	151	155	37	0	255
 82487	66	65	84	151	155	38	0	255
 82532	66	65	84	151	155	37	0	255
 82577	66	65	84	151	155	38	0	255
 82626	66	65	84	151	155	37	0	255
 82668	66	65	84	151	155	38	0	255
 82713	66	65	84	151	154	37	0	255
 82759	66	65	84	151	155	37	0	255
 82804	66	64	84	151	155	38	0	255
 82849	66	64	84	151	155	37	0	255
 82940	66	64	84	151	154	37	0	255
 82985	66	64	84	151	154	38	0	255
 83031	66	64	84	151	155	37	0	255
 83076	66	64	84	151	154	37	0	255
 83121	66	64	84	151	154	38	0	255
 83216	66	64	84	151	154	38	0	255
 83257	66	64	84	151	154	37	0	255
 83303	66	64	84	151	154	37	0	255
 83348	66	64	84	151	154	37	0	255
 83394	66	64	84	151	154	37	0	255
 83439	66	64	84	151	154	38	0	255
 83484	66	64	84	151	154	37	0	255
 83575	66	64	84	151	154	37	0	255
 83620	66	64	84	151	154	38	0	255
 83666	66	64	84	151	154	37	0	255
 83711	66	64	84	151	154	36	0	255
 83756	66	64	84	151	154	37	0	255
 83802	65	64	84	151	154	38	0	255
 83892	65	64	84	151	154	37	0	255
 83938	65	64	84	151	154	38	0	255
 83983	65	64	84	151	154	37	0	255
 84028	65	64	84	151	154	37	0	255
 84074	65	64	84	151	154	37	0	255
 84119	65	64	84	151	154	36	0	255
 84164	65	64	84	151	154	37	0	255
 84210	65	64	84	151	154	37	0	255
 84255	65	64	84	151	154	37	0	255
 84301	65	64	84	151	154	37	0	255
 84346	65	64	84	151	154	37	0	255
 84391	65	64	84	150	154	36	0	255
 84437	65	64	84	150	154	37	0	255
 84482	65	64	84	151	154	36	0	255
 84527	65	64	84	150	154	37	0	255
 84573	65	64	84	150	154	37	0	255
 84618	65	64	84	150	154	36	0	255
 84663	65	64	84	150	154	37	0	255
 84709	65	64	84	150	154	37	0	255
 84754	65	64	84	150	154	36	0	255
 84799	65	64	84	150	154	36	0	255
 84845	65	64	84	150	154	36	0	255
 84890	65	64	84	150	154	37	0	255
 84935	65	64	84	150	154	36	0	255
 84981	65	64	84	150	154	36	0	255
 85026	65	64	84	150	154	37	0	255
 85072	65	64	84	150	154	37	0	255
 85117	65	64	84	150	154	37	0	255
 85162	65	64	84	150	154	36	0	255
 85208	65	64	84	150	154	36	0	255
 85256	65	64	84	150	154	36	0	255
 85298	65	64	84	150	154	36	0	255
 85344	65	64	84	150	154	36	0	255
 85389	65	64	84	150	154	37	0	255
 85434	65	64	84	150	154	36	0	255
 85480	65	64	84	150	154	37	0	255
 85525	65	64	84	150	154	37	0	255
 85570	65	64	84	150	154	36	0	255
 85616	65	64	84	150	154	36	0	255
 85661	65	64	84	150	154	36	0	255
 85706	65	64	84	150	154	37	0	255
 85752	65	64	84	150	154	36	0	255
 85797	65	64	84	150	154	36	0	255
 85846	65	64	84	150	154	37	0	255
 85888	65	64	84	150	154	36	0	255
 85933	65	64	84	150	154	37	0	255
 85979	65	64	84	150	154	36	0	255
 86024	65	64	84	150	154	36	0	255
 86069	65	64	84	150	154	35	0	255
 86115	65	64	84	150	154	36	0	255
 86160	65	64	84	150	154	36	0	255
 86205	65	64	84	150	154	36	0	255
 86296	65	64	84	150	154	36	0	255
 86341	65	64	84	150	154	36	0	255
 86387	65	64	84	150	154	36	0	255
