HomeCentral
 Falkenstrasse 20
 8630 Rueti
 Datum: 25.01.14 00:00
 
 Startzeit: 2014-01-25 00:00:35 +0100
 80	28	28	32	89	91	0	0	255
 126	28	28	32	89	91	0	0	255
 171	28	28	32	89	91	0	0	255
 216	28	28	32	89	91	0	0	255
 265	28	28	32	89	91	0	0	255
 307	28	28	32	89	91	0	0	255
 352	28	28	32	89	91	0	0	255
 398	28	28	32	89	91	0	0	255
 443	28	28	32	89	91	0	0	255
 488	28	28	32	89	91	0	0	255
 534	28	28	31	89	91	0	0	255
 579	28	28	30	89	91	0	16	255
 624	28	28	29	89	91	0	16	255
 670	28	28	29	89	91	0	16	255
 715	28	28	28	89	91	0	16	255
 760	28	28	28	89	91	0	16	255
 806	28	28	28	89	91	0	16	255
 851	28	28	28	89	91	0	16	255
 896	28	28	28	89	91	0	16	255
 942	28	28	27	89	91	0	16	255
 987	28	28	27	90	92	0	16	255
 1032	28	28	27	90	92	0	16	255
 1078	28	28	27	90	92	0	16	255
 1123	28	28	27	90	92	0	16	255
 1169	28	28	27	90	92	0	16	255
 1214	28	28	27	91	92	0	16	255
 1259	28	28	27	91	92	0	16	255
 1305	28	28	27	91	93	0	16	255
 1350	28	28	27	91	93	0	16	255
 1395	28	28	27	91	93	0	0	255
 1441	28	28	27	91	93	0	0	255
 1486	28	28	27	92	93	0	0	255
 1531	28	28	27	92	93	0	0	255
 1577	28	28	27	91	93	0	0	255
 1622	28	28	27	91	93	0	0	255
 1667	28	28	27	91	93	0	0	255
 1713	28	28	27	91	93	0	0	255
 1758	28	28	27	91	93	0	0	255
 1803	28	28	27	91	93	0	0	255
 1849	28	28	27	91	93	0	0	255
 1898	28	28	27	91	93	0	0	255
 1939	28	28	27	91	93	0	0	255
 1985	28	28	27	91	93	0	0	255
 2030	28	28	27	91	93	0	0	255
 2076	28	28	27	92	93	0	0	255
 2121	28	28	27	91	93	0	0	255
 2166	28	28	27	91	93	0	0	255
 2212	28	28	27	91	93	0	0	255
 2257	28	28	27	91	93	0	0	255
 2302	28	28	27	91	93	0	0	255
 2348	28	28	27	91	93	0	0	255
 2393	28	28	27	91	93	0	0	255
 2438	28	28	27	91	93	0	0	255
 2484	28	28	27	91	93	0	0	255
 2529	28	28	27	91	93	0	0	255
 2574	28	28	27	91	93	0	0	255
 2620	28	28	27	91	93	0	0	255
 2665	28	29	27	91	93	0	0	255
 2714	28	28	27	91	94	0	0	255
 2756	28	28	27	91	94	0	0	255
 2801	28	29	27	91	93	0	0	255
 2846	28	29	27	91	93	0	0	255
 2892	28	28	27	91	93	0	0	255
 2937	28	29	27	91	93	0	0	255
 2983	28	29	27	91	93	0	0	255
 3028	28	29	27	91	93	0	0	255
 3073	28	29	27	91	93	0	0	255
 3119	28	29	27	91	93	0	0	255
 3164	28	29	27	91	93	0	0	255
 3209	28	29	27	91	93	0	0	255
 3255	28	29	27	91	93	0	0	255
 3300	28	29	27	91	93	0	0	255
 3345	28	29	27	91	93	0	0	255
 3391	28	29	27	91	93	0	0	255
 3436	28	29	27	91	93	0	0	255
 3481	28	29	27	91	93	0	0	255
 3527	28	29	27	91	93	0	0	255
 3572	28	29	27	91	93	0	0	255
 3618	28	29	27	91	93	0	0	255
 3663	28	29	27	91	93	0	0	255
 3708	28	29	27	91	93	0	0	255
 3753	28	29	27	91	93	0	0	255
 3799	28	29	27	91	93	0	0	255
 3844	28	29	27	91	93	0	0	255
 3890	28	29	27	91	93	0	0	255
 3935	28	29	27	91	93	0	0	255
 3980	28	29	27	91	93	0	0	255
 4026	28	29	27	91	93	0	0	255
 4071	28	29	27	91	93	0	0	255
 4116	28	29	27	91	93	0	0	255
 4162	28	29	27	91	93	0	0	255
 4207	28	29	27	91	93	0	0	255
 4252	28	29	27	91	93	0	0	255
 4298	28	29	27	91	93	0	0	255
 4343	28	29	27	91	93	0	0	255
 4388	28	29	27	91	93	0	0	255
 4434	28	29	27	91	93	0	0	255
 4479	28	29	27	91	93	0	0	255
 4524	28	29	27	91	93	0	0	255
 4570	28	29	27	91	93	0	0	255
 4615	28	29	27	91	93	0	0	255
 4660	28	29	27	91	93	0	0	255
 4706	28	29	27	91	93	0	0	255
 4751	28	29	27	91	93	0	0	255
 4797	28	29	27	91	93	0	0	255
 4842	28	29	27	91	93	0	0	255
 4887	28	29	27	91	93	0	0	255
 4933	28	29	27	91	93	0	0	255
 4978	28	29	27	91	93	0	0	255
 5023	28	29	27	91	93	0	0	255
 5069	28	29	27	91	93	0	0	255
 5114	28	29	27	91	93	0	0	255
 5159	28	29	27	91	93	0	0	255
 5205	28	29	27	91	93	0	0	255
 5250	28	29	27	91	93	0	0	255
 5295	28	29	27	91	93	0	0	255
 5341	28	29	27	91	93	0	0	255
 5386	28	29	27	91	93	0	0	255
 5431	28	29	27	91	93	0	0	255
 5477	28	29	27	91	93	0	0	255
 5522	28	29	27	91	93	0	0	255
 5567	28	29	27	91	93	0	0	255
 5613	28	29	27	91	93	0	0	255
 5658	28	29	27	91	93	0	0	255
 5704	28	29	27	91	93	0	0	255
 5749	28	29	27	91	93	0	0	255
 5794	28	29	27	91	93	0	0	255
 5840	28	29	27	91	93	0	0	255
 5885	28	29	27	91	93	0	0	255
 5930	28	29	27	91	93	0	0	255
 5976	28	29	27	91	93	0	0	255
 6021	28	29	27	91	93	0	0	255
 6066	28	29	27	91	93	0	0	255
 6112	28	29	27	91	93	0	0	255
 6157	28	29	27	91	93	0	0	255
 6202	28	29	27	91	93	0	0	255
 6248	28	29	27	91	93	0	0	255
 6293	28	29	27	91	93	0	0	255
 6339	28	29	27	91	93	0	0	255
 6384	28	29	27	91	93	0	0	255
 6429	28	29	27	91	93	0	0	255
 6474	28	29	27	91	93	0	0	255
 6520	28	29	27	91	93	0	0	255
 6565	28	29	27	91	93	0	0	255
 6611	28	29	27	91	93	0	0	255
 6656	28	29	27	91	93	0	0	255
 6701	28	29	27	91	93	0	0	255
 6747	28	29	27	91	93	0	0	255
 6792	28	29	27	91	93	0	0	255
 6837	28	29	27	91	93	0	0	255
 6883	28	29	27	91	93	0	0	255
 6928	28	29	27	91	93	0	0	255
 6973	28	29	27	91	93	0	0	255
 7019	28	29	27	91	93	0	0	255
 7064	28	29	27	91	93	0	0	255
 7109	28	29	27	91	93	0	0	255
 7155	28	29	27	91	93	0	0	255
 7200	28	29	27	91	93	0	0	255
 7245	28	29	27	91	93	0	0	255
 7291	28	29	27	91	93	0	0	255
 7336	28	29	27	91	93	0	0	255
 7381	28	29	27	91	93	0	0	255
 7427	28	29	27	91	93	0	0	255
 7472	28	29	27	91	93	0	0	255
 7518	28	29	27	91	93	0	0	255
 7563	28	29	27	91	93	0	0	255
 7608	28	29	27	91	93	0	0	255
 7654	28	29	27	91	93	0	0	255
 7699	28	29	27	91	93	0	0	255
 7744	28	29	27	91	93	0	0	255
 7790	28	29	27	91	93	0	0	255
 7835	28	29	27	91	93	0	0	255
 7880	28	29	27	91	93	0	0	255
 7926	28	29	27	91	93	0	0	255
 7971	28	29	27	91	93	0	0	255
 8016	28	29	27	91	93	0	0	255
 8062	28	29	27	91	93	0	0	255
 8107	28	29	27	91	93	0	0	255
 8152	28	29	27	91	93	0	0	255
 8198	28	29	27	91	93	0	0	255
 8243	28	29	27	91	93	0	0	255
 8289	28	29	27	91	93	0	0	255
 8334	28	29	27	91	93	0	0	255
 8379	28	29	27	91	93	0	0	255
 8425	28	29	27	91	93	0	0	255
 8470	28	29	27	91	93	0	0	255
 8515	28	29	27	91	93	0	0	255
 8561	28	29	27	91	93	0	0	255
 8606	28	29	27	91	93	0	0	255
 8651	28	29	27	91	93	0	0	255
 8697	28	29	27	91	93	0	0	255
 8742	28	29	27	91	93	0	0	255
 8787	28	29	27	91	93	0	0	255
 8833	28	29	27	91	93	0	0	255
 8878	28	29	27	91	93	0	0	255
 8923	28	28	27	91	93	0	0	255
 8969	28	29	27	91	93	0	0	255
 9014	28	29	27	91	93	0	0	255
 9059	28	29	27	91	93	0	0	255
 9105	28	29	27	91	93	0	0	255
 9150	28	29	27	91	93	0	0	255
 9195	28	28	27	91	93	0	0	255
 9241	28	29	27	91	93	0	0	255
 9286	28	29	27	91	93	0	0	255
 9332	28	29	27	91	93	0	0	255
 9377	28	29	27	91	93	0	0	255
 9422	28	29	27	91	93	0	0	255
 9468	28	29	27	91	93	0	0	255
 9513	28	29	27	91	93	0	0	255
 9558	28	29	27	91	93	0	0	255
 9604	28	29	27	91	93	0	0	255
 9649	28	29	27	91	93	0	0	255
 9694	28	29	27	91	93	0	0	255
 9740	28	28	27	91	93	0	0	255
 9785	28	29	27	91	93	0	0	255
 9830	28	29	27	91	93	0	0	255
 9876	28	29	27	91	93	0	0	255
 9921	28	29	27	91	93	0	0	255
 9966	28	29	27	91	93	0	0	255
 10012	28	29	27	91	93	0	0	255
 10057	28	29	27	91	93	0	0	255
 10102	28	29	27	91	93	0	0	255
 10148	28	28	27	91	93	0	0	255
 10193	28	29	27	91	93	0	0	255
 10239	28	29	27	91	93	0	0	255
 10284	28	29	27	91	93	0	0	255
 10329	28	28	27	91	93	0	0	255
 10375	28	28	27	91	93	0	0	255
 10420	28	29	27	91	93	0	0	255
 10465	28	28	27	91	93	0	0	255
 10511	28	28	27	91	93	0	0	255
 10556	28	29	27	91	93	0	0	255
 10601	28	29	27	91	93	0	0	255
 10647	28	29	27	91	93	0	0	255
 10692	28	28	27	91	93	0	0	255
 10737	28	29	27	91	93	0	0	255
 10783	28	29	27	91	93	0	0	255
 10828	28	28	27	91	93	0	0	255
 10873	28	28	27	91	93	0	0	255
 10919	28	28	27	91	93	0	0	255
 10964	28	28	27	91	93	0	0	255
 11009	28	28	27	91	93	0	0	255
 11055	28	28	27	91	93	0	0	255
 11100	28	28	27	91	93	0	0	255
 11146	28	28	27	90	93	0	0	255
 11191	28	28	27	91	93	0	0	255
 11236	28	28	27	91	93	0	0	255
 11282	28	28	27	91	93	0	0	255
 11327	28	28	27	91	93	0	0	255
 11372	28	28	27	90	93	0	0	255
 11418	28	28	27	91	93	0	0	255
 11463	28	28	27	91	93	0	0	255
 11508	28	28	28	90	93	0	0	255
 11554	28	28	27	90	93	0	0	255
 11599	28	28	27	90	93	0	0	255
 11644	28	28	27	90	93	0	0	255
 11690	28	28	27	90	93	0	0	255
 11735	28	28	27	90	93	0	0	255
 11780	28	28	27	90	93	0	0	255
 11826	28	28	27	90	93	0	0	255
 11871	28	28	28	90	93	0	0	255
 11916	28	28	27	90	93	0	0	255
 11962	28	28	28	90	93	0	0	255
 12007	28	28	27	90	93	0	0	255
 12052	28	28	27	90	93	0	0	255
 12098	28	28	28	90	93	0	0	255
 12143	28	28	27	90	93	0	0	255
 12189	28	28	27	90	93	0	0	255
 12234	28	28	27	90	93	0	0	255
 12279	28	28	27	90	93	0	0	255
 12325	28	28	28	90	93	0	0	255
 12370	28	28	28	90	93	0	0	255
 12415	28	28	27	90	93	0	0	255
 12461	28	28	27	90	93	0	0	255
 12506	28	28	27	90	93	0	0	255
 12551	28	28	28	90	93	0	0	255
 12597	28	28	28	90	93	0	0	255
 12642	28	28	28	90	93	0	0	255
 12688	28	28	28	90	93	0	0	255
 12733	28	28	28	90	93	0	0	255
 12778	28	28	28	90	93	0	0	255
 12823	28	28	28	90	93	0	0	255
 12869	28	28	27	90	93	0	0	255
 12914	28	28	28	90	93	0	0	255
 12959	28	28	28	90	93	0	0	255
 13005	28	28	28	90	93	0	0	255
 13050	28	28	28	90	93	0	0	255
 13096	28	28	28	90	93	0	0	255
 13141	28	28	28	90	93	0	0	255
 13186	28	28	28	90	93	0	0	255
 13233	28	28	28	90	93	0	0	255
 13277	28	28	28	90	93	0	0	255
 13322	28	28	28	90	93	0	0	255
 13368	28	28	28	90	93	0	0	255
 13413	28	28	28	90	93	0	0	255
 13458	28	28	28	90	93	0	0	255
 13504	28	28	28	90	93	0	0	255
 13549	28	28	28	90	93	0	0	255
 13594	28	28	28	90	93	0	0	255
 13640	28	28	28	90	93	0	0	255
 13685	28	28	28	90	93	0	0	255
 13730	28	28	28	90	93	0	0	255
 13776	28	28	28	90	93	0	0	255
 13821	28	28	28	90	93	0	0	255
 13866	28	28	28	90	93	0	0	255
 13912	28	28	28	90	93	0	0	255
 13957	28	28	28	90	93	0	0	255
 14003	28	28	28	90	93	0	0	255
 14048	28	28	28	90	93	0	0	255
 14093	28	28	28	90	93	0	0	255
 14139	28	28	28	90	93	0	0	255
 14184	28	28	28	90	93	0	0	255
 14229	28	28	28	90	93	0	0	255
 14275	28	28	28	90	93	0	0	255
 14320	28	28	28	90	93	0	0	255
 14365	28	28	28	90	93	0	0	255
 14411	28	28	28	90	93	0	0	255
 14456	28	28	28	90	93	0	0	255
 14501	28	28	28	90	93	0	0	255
 14547	28	28	28	90	93	0	0	255
 14592	28	28	28	90	93	0	0	255
 14637	28	28	28	90	93	0	0	255
 14683	28	28	28	90	93	0	0	255
 14728	28	28	28	90	93	0	0	255
 14773	28	28	28	90	93	0	0	255
 14819	28	28	28	90	93	0	0	255
 14864	28	28	28	90	93	0	0	255
 14910	28	28	28	90	93	0	0	255
 14955	28	28	28	90	93	0	0	255
 15000	28	28	28	90	93	0	0	255
 15046	28	28	28	90	93	0	0	255
 15091	28	28	28	90	93	0	0	255
 15136	28	28	28	90	93	0	0	255
 15182	28	28	28	90	93	0	0	255
 15227	28	28	28	90	93	0	0	255
 15272	28	28	28	90	93	0	0	255
 15318	28	28	28	90	93	0	0	255
 15363	28	28	28	90	93	0	0	255
 15408	28	28	28	90	93	0	0	255
 15454	28	28	28	90	93	0	0	255
 15499	28	28	28	90	93	0	0	255
 15544	28	28	28	90	93	0	0	255
 15590	28	28	28	90	93	0	0	255
 15635	28	28	28	90	93	0	0	255
 15680	28	28	28	90	93	0	0	255
 15726	28	28	28	90	93	0	0	255
 15771	28	28	28	90	93	0	0	255
 15817	28	28	28	90	93	0	0	255
 15862	28	28	28	90	93	0	0	255
 15907	28	28	28	90	93	0	0	255
 15953	28	28	28	90	93	0	0	255
 15998	28	28	28	90	93	0	0	255
 16043	28	28	28	90	93	0	0	255
 16089	28	28	28	90	93	0	0	255
 16134	28	28	28	90	93	0	0	255
 16179	28	28	28	90	93	0	0	255
 16225	28	28	28	90	93	0	0	255
 16270	28	28	28	90	93	0	0	255
 16315	28	28	28	90	93	0	0	255
 16361	28	28	28	90	93	0	0	255
 16406	28	28	28	90	93	0	0	255
 16451	28	28	28	90	93	0	0	255
 16497	28	28	28	90	93	0	0	255
 16542	28	28	28	90	93	0	0	255
 16587	28	28	28	90	93	0	0	255
 16633	28	28	28	90	93	0	0	255
 16678	28	28	28	90	93	0	0	255
 16724	28	28	28	90	93	0	0	255
 16769	28	28	28	90	93	0	0	255
 16814	28	28	28	90	93	0	0	255
 16860	28	28	28	90	93	0	0	255
 16905	28	28	28	90	93	0	0	255
 16950	28	28	28	90	93	0	0	255
 16996	28	28	28	90	93	0	0	255
 17041	28	28	28	90	93	0	0	255
 17086	28	28	28	90	93	0	0	255
 17132	28	28	28	90	93	0	0	255
 17177	28	28	28	90	93	0	16	255
 17222	28	28	28	90	93	0	16	255
 17268	28	28	28	90	93	0	16	255
 17313	28	28	28	90	93	0	16	255
 17358	28	28	28	90	93	0	16	255
 17404	28	28	28	90	93	0	16	255
 17449	28	28	28	90	93	0	16	255
 17494	28	28	28	90	93	0	16	255
 17540	28	28	28	91	93	0	16	255
 17585	28	28	28	91	93	0	16	255
 17631	28	28	28	91	93	0	16	255
 17676	28	28	28	91	93	0	16	255
 17721	28	28	28	91	93	0	16	255
 17767	28	28	28	92	94	0	16	255
 17812	28	28	28	92	94	0	0	255
 17857	28	28	28	92	94	0	0	255
 17903	28	28	28	92	94	0	0	255
 17948	28	28	28	92	94	0	0	255
 17993	28	28	28	92	94	0	0	255
 18039	28	28	28	92	94	0	0	255
 18084	28	28	28	92	94	0	0	255
 18129	28	28	28	92	94	0	0	255
 18175	28	28	28	92	94	0	0	255
 18220	28	28	28	92	94	0	0	255
 18265	28	28	28	92	94	0	0	255
 18311	28	28	28	92	94	0	0	255
 18356	28	28	28	92	94	0	0	255
 18401	28	28	28	92	94	0	0	255
 18447	28	28	28	92	94	0	0	255
 18492	28	28	28	92	94	0	0	255
 18538	28	28	28	92	94	0	0	255
 18583	28	28	28	92	94	0	0	255
 18628	28	28	28	92	94	0	0	255
 18674	28	28	28	92	94	0	0	255
 18719	28	28	28	92	94	0	0	255
 18764	28	28	28	92	94	0	0	255
 18810	28	28	28	92	94	0	0	255
 18855	28	28	28	92	94	0	0	255
 18900	28	28	28	92	94	0	0	255
 18946	28	28	28	92	94	0	0	255
 18991	28	28	28	92	94	0	0	255
 19036	28	28	28	92	94	0	0	255
 19082	28	28	28	92	94	0	0	255
 19127	28	28	28	92	94	0	0	255
 19172	28	28	28	92	94	0	0	255
 19218	28	28	28	92	94	0	0	255
 19263	28	28	28	92	94	0	0	255
 19308	28	28	28	92	94	0	0	255
 19354	28	28	28	92	94	0	0	255
 19399	28	28	28	92	94	0	0	255
 19445	28	28	28	92	94	0	0	255
 19490	28	28	28	92	94	0	0	255
 19536	28	28	28	92	94	0	0	255
 19581	28	28	28	92	94	0	0	255
 19626	28	28	28	92	94	0	0	255
 19671	28	28	28	92	94	0	0	255
 19717	28	28	28	92	94	0	0	255
 19762	28	28	28	92	94	0	0	255
 19807	28	28	28	92	94	0	0	255
 19853	28	28	28	92	94	0	0	255
 19898	28	28	28	92	94	0	0	255
 19943	28	28	28	92	94	0	0	255
 19989	28	28	28	92	94	0	0	255
 20034	28	28	28	92	94	0	0	255
 20079	28	28	28	92	94	0	0	255
 20125	28	28	28	92	94	0	0	255
 20170	28	28	28	92	94	0	0	255
 20215	28	28	28	92	94	0	0	255
 20261	28	28	28	92	94	0	0	255
 20306	28	28	28	92	94	0	0	255
 20351	28	28	28	92	94	0	0	255
 20397	28	28	28	92	94	0	0	255
 20442	28	28	28	92	94	0	0	255
 20488	28	28	28	92	94	0	0	255
 20533	28	28	28	92	94	0	0	255
 20578	28	28	28	92	94	0	0	255
 20624	28	28	28	92	94	0	0	255
 20669	28	28	28	92	94	0	0	255
 20714	28	28	28	92	94	0	0	255
 20760	28	28	28	92	94	0	0	255
 20805	28	28	28	92	94	0	0	255
 20850	28	28	28	92	94	0	0	255
 20896	28	28	28	92	94	0	0	255
 20941	28	28	28	92	94	0	0	255
 20986	28	28	28	92	94	0	0	255
 21032	28	28	28	92	94	0	0	255
 21077	28	28	28	92	94	0	0	255
 21122	28	28	28	92	94	0	0	255
 21168	28	28	28	92	94	0	0	255
 21213	28	28	28	92	94	0	0	255
 21258	28	28	28	92	94	0	0	255
 21304	28	28	28	92	94	0	0	255
 21349	28	28	28	92	94	0	0	255
 21395	28	28	28	92	94	0	0	255
 21440	28	28	28	92	94	0	0	255
 21485	28	28	28	92	94	0	0	255
 21531	28	28	28	92	94	0	0	255
 21576	28	28	28	92	94	0	0	255
 21621	28	28	28	92	94	0	0	255
 21667	28	28	28	92	94	0	0	255
 21712	28	28	28	92	94	0	0	255
 21757	28	28	28	92	94	0	0	255
 21803	28	28	28	92	94	0	0	255
 21848	28	28	28	92	94	0	0	255
 21893	28	28	28	92	94	0	0	255
 21939	28	28	28	92	94	0	0	255
 21984	28	28	28	92	94	0	0	255
 22029	28	28	28	92	94	0	0	255
 22075	28	28	28	92	94	0	0	255
 22120	28	28	28	92	94	0	0	255
 22165	28	28	28	91	94	0	0	255
 22211	28	28	28	91	94	0	0	255
 22256	28	28	28	91	94	0	0	255
 22302	28	28	28	91	94	0	0	255
 22347	28	28	28	91	94	0	0	255
 22392	28	28	28	91	94	0	0	255
 22438	28	28	28	91	94	0	0	255
 22483	28	28	28	91	94	0	0	255
 22528	28	28	28	91	94	0	0	255
 22574	28	28	28	91	94	0	0	255
 22619	28	28	28	91	94	0	0	255
 22664	28	28	28	91	94	0	0	255
 22710	28	28	28	91	94	0	0	255
 22755	28	28	28	91	94	0	0	255
 22800	28	28	28	91	94	0	0	255
 22846	28	28	28	91	94	0	0	255
 22891	28	28	28	91	94	0	0	255
 22936	28	28	28	91	94	0	0	255
 22982	28	28	28	91	94	0	0	255
 23027	28	28	28	91	94	0	0	255
 23072	28	28	28	91	94	0	0	255
 23118	28	28	28	91	94	0	0	255
 23163	28	28	28	91	94	0	0	255
 23209	28	28	28	91	94	0	0	255
 23254	28	28	28	91	94	0	0	255
 23299	28	28	28	91	94	0	0	255
 23345	28	28	28	91	94	0	0	255
 23390	28	28	28	91	94	0	0	255
 23435	28	28	28	91	94	0	0	255
 23481	28	28	28	91	94	0	0	255
 23526	28	28	28	91	94	0	0	255
 23571	28	28	28	91	94	0	0	255
 23617	28	28	28	91	94	0	0	255
 23662	28	28	28	91	94	0	0	255
 23707	28	28	28	91	94	0	0	255
 23753	28	28	28	91	94	0	0	255
 23798	28	28	28	91	94	0	0	255
 23843	28	28	28	91	94	0	0	255
 23889	28	28	28	91	94	0	0	255
 23934	28	28	28	91	94	0	0	255
 23979	28	28	28	91	94	0	0	255
 24025	28	28	28	91	94	0	0	255
 24070	28	28	28	91	94	0	0	255
 24116	28	28	28	91	94	0	0	255
 24161	28	28	28	91	94	0	0	255
 24206	28	28	28	91	94	0	0	255
 24252	28	28	28	91	94	0	0	255
 24297	28	28	28	91	94	0	0	255
 24342	28	28	28	91	94	0	0	255
 24388	28	28	28	91	94	0	0	255
 24433	28	28	28	91	94	0	0	255
 24478	28	28	28	91	94	0	0	255
 24524	28	28	28	91	94	0	0	255
 24569	28	28	28	91	94	0	0	255
 24614	28	28	28	91	94	0	0	255
 24660	28	28	28	91	94	0	0	255
 24705	28	28	28	91	94	0	0	255
 24750	28	28	28	91	94	0	0	255
 24796	28	28	28	91	94	0	0	255
 24841	28	28	28	91	94	0	0	255
 24886	28	28	28	91	94	0	0	255
 24932	28	28	28	91	94	0	0	255
 24977	28	28	28	91	94	0	0	255
 25023	28	28	28	91	94	0	0	255
 25068	28	28	28	91	94	0	0	255
 25113	28	28	28	91	94	0	0	255
 25159	28	28	28	91	94	0	0	255
 25204	28	28	28	91	94	0	0	255
 25249	28	28	28	91	94	0	0	255
 25295	28	28	28	91	94	0	0	255
 25340	28	28	28	91	94	0	0	255
 25386	28	28	28	91	94	0	0	255
 25431	28	28	28	91	94	0	0	255
 25476	28	28	28	91	94	0	0	255
 25521	28	28	28	91	94	0	0	255
 25567	28	28	28	91	94	0	0	255
 25612	28	28	28	91	94	0	0	255
 25657	28	28	28	91	94	0	0	255
 25703	28	28	28	91	94	0	0	255
 25748	28	28	28	91	94	0	0	255
 25793	28	28	28	91	94	0	0	255
 25839	28	28	28	91	94	0	0	255
 25884	28	28	28	91	94	0	0	255
 25930	28	28	28	91	94	0	0	255
 25975	28	28	28	91	94	0	0	255
 26020	28	28	28	91	94	0	0	255
 26066	28	28	28	91	94	0	0	255
 26111	28	28	28	91	94	0	0	255
 26156	28	28	28	91	94	0	0	255
 26202	28	28	28	91	94	0	0	255
 26247	28	28	28	91	94	0	0	255
 26292	28	28	28	91	94	0	0	255
 26338	28	28	28	91	94	0	0	255
 26383	28	28	28	91	94	0	0	255
 26428	28	28	28	91	94	0	0	255
 26474	28	28	28	91	94	0	0	255
 26519	28	28	28	91	94	0	0	255
 26564	28	28	28	91	94	0	0	255
 26610	28	28	28	91	94	0	0	255
 26655	28	28	28	91	94	0	0	255
 26700	28	28	28	91	94	0	0	255
 26746	28	28	28	91	94	0	0	255
 26791	28	28	28	91	94	0	0	255
 26836	28	28	28	91	94	0	0	255
 26882	28	28	28	91	94	0	0	255
 26927	28	28	28	91	94	0	0	255
 26973	28	28	28	91	94	0	0	255
 27018	28	28	28	91	94	0	0	255
 27063	28	28	28	91	93	0	0	255
 27109	28	28	28	91	93	0	0	255
 27154	28	28	28	91	93	0	0	255
 27199	28	28	28	91	93	0	0	255
 27245	28	28	28	91	94	0	0	255
 27290	28	28	28	91	94	0	0	255
 27335	28	28	28	91	93	0	0	255
 27381	28	28	28	91	94	0	0	255
 27426	28	28	28	91	93	0	0	255
 27471	28	28	28	91	93	0	0	255
 27517	28	28	28	91	93	0	0	255
 27562	28	28	28	91	93	0	0	255
 27607	28	28	28	91	93	0	0	255
 27653	28	28	28	91	93	0	0	255
 27698	28	28	28	91	93	0	0	255
 27743	28	28	28	91	93	0	0	255
 27789	28	28	28	91	93	0	0	255
 27834	28	28	28	91	93	0	0	255
 27880	28	28	28	91	93	0	0	255
 27925	28	28	28	91	93	0	0	255
 27970	28	28	28	91	93	0	0	255
 28016	28	28	28	91	93	0	0	255
 28061	28	28	28	91	93	0	0	255
 28106	28	28	28	91	93	0	0	255
 28152	28	28	28	91	93	0	0	255
 28197	28	28	28	91	93	0	0	255
 28242	28	28	28	91	93	0	0	255
 28289	28	28	27	91	93	0	0	255
 28333	28	28	27	91	93	0	0	255
 28378	28	28	27	91	93	0	0	255
 28424	28	28	27	91	93	0	0	255
 28469	28	28	27	91	93	0	0	255
 28514	28	28	27	91	93	0	0	255
 28560	28	28	27	91	93	0	0	255
 28605	28	28	27	91	93	0	0	255
 28650	28	28	27	91	93	0	0	255
 28696	28	28	26	91	93	0	0	255
 28741	28	28	26	91	93	0	0	255
 28787	28	28	26	91	93	0	0	255
 28834	28	28	26	91	93	0	0	255
 28877	28	28	26	91	93	0	0	255
 28923	28	28	26	91	93	0	0	255
 28968	27	28	26	91	93	0	0	255
 29013	28	28	26	91	93	0	0	255
 29059	28	28	26	91	93	0	0	255
 29104	28	28	26	91	93	0	0	255
 29149	28	28	26	91	93	0	0	255
 29195	28	28	26	91	93	0	0	255
 29240	28	28	26	91	93	0	0	255
 29285	28	28	26	91	93	0	0	255
 29331	28	28	26	91	93	0	0	255
 29376	28	28	26	91	93	0	0	255
 29421	28	28	26	91	93	0	0	255
 29467	28	28	26	91	93	0	0	255
 29512	28	28	26	91	93	0	0	255
 29557	28	28	26	91	93	0	0	255
 29603	28	28	26	91	93	0	0	255
 29648	27	28	26	91	93	0	0	255
 29694	28	28	26	91	93	0	0	255
 29739	28	28	26	91	93	0	0	255
 29784	28	28	26	91	93	0	0	255
 29830	28	28	26	91	93	0	0	255
 29875	28	28	26	91	93	0	0	255
 29920	28	28	26	91	93	0	0	255
 29966	28	28	26	91	93	0	0	255
 30011	28	28	26	91	93	0	0	255
 30056	28	28	26	91	93	0	0	255
 30102	28	28	26	91	93	0	0	255
 30147	28	28	26	91	93	0	0	255
 30192	27	28	26	91	93	0	0	255
 30238	28	28	26	91	93	0	0	255
 30283	28	28	26	91	93	0	0	255
 30328	28	28	26	91	93	0	0	255
 30374	28	28	26	91	93	0	0	255
 30419	28	28	26	91	93	0	0	255
 30464	28	28	26	91	93	0	0	255
 30510	27	28	26	91	93	0	0	255
 30555	27	28	26	91	93	0	0	255
 30601	28	28	26	91	93	0	0	255
 30646	27	28	26	91	93	0	0	255
 30691	27	28	26	91	93	0	0	255
 30737	27	28	26	90	93	0	0	255
 30782	27	28	26	91	93	0	0	255
 30827	28	28	26	91	93	0	0	255
 30873	27	28	26	91	93	0	0	255
 30918	28	28	26	90	93	0	0	255
 30963	27	28	26	90	93	0	0	255
 31009	28	28	26	91	93	0	0	255
 31054	27	28	26	91	93	0	0	255
 31099	27	28	26	90	93	0	0	255
 31145	27	28	26	90	93	0	0	255
 31190	27	28	26	90	93	0	0	255
 31235	27	28	26	90	93	0	0	255
 31281	27	28	26	90	93	0	0	255
 31326	27	28	26	90	93	0	0	255
 31371	27	28	26	90	93	0	0	255
 31417	27	28	26	90	93	0	0	255
 31462	27	28	26	90	93	0	0	255
 31507	27	28	26	90	93	0	0	255
 31553	27	28	26	90	93	0	0	255
 31598	27	28	26	90	93	0	0	255
 31644	27	28	26	90	93	0	0	255
 31689	27	28	26	90	93	0	0	255
 31734	27	28	26	90	93	0	0	255
 31780	27	28	26	90	93	0	0	255
 31825	27	28	26	90	93	0	0	255
 31870	27	28	26	90	93	0	0	255
 31916	27	28	26	90	93	0	0	255
 31961	27	28	26	90	93	0	0	255
 32006	27	28	26	90	93	0	0	255
 32052	27	28	26	90	93	0	0	255
 32097	27	28	26	90	93	0	0	255
 32142	27	28	26	90	93	0	0	255
 32188	27	28	26	90	93	0	0	255
 32233	27	28	26	90	93	0	0	255
 32278	27	28	26	90	93	0	0	255
 32324	27	28	26	90	93	0	0	255
 32369	27	28	26	90	93	0	0	255
 32414	27	28	26	90	93	0	0	255
 32460	27	28	26	90	93	0	0	255
 32505	27	28	26	90	93	0	0	255
 32551	27	28	26	90	93	0	0	255
 32596	27	28	26	90	93	0	0	255
 32641	27	28	26	90	93	0	0	255
 32687	27	28	26	90	93	0	0	255
 32732	27	28	26	90	93	0	0	255
 32777	27	28	26	90	93	0	0	255
 32823	27	28	26	90	93	0	0	255
 32868	27	28	26	90	93	0	0	255
 32913	27	28	26	90	93	0	0	255
 32959	27	28	26	90	93	0	0	255
 33004	27	28	26	90	93	0	0	255
 33049	27	28	26	90	93	0	0	255
 33095	27	28	26	90	93	0	0	255
 33140	27	28	26	90	93	0	0	255
 33185	27	28	26	90	93	0	0	255
 33231	27	28	26	90	93	0	0	255
 33276	27	28	26	90	93	0	0	255
 33321	27	28	26	90	93	0	0	255
 33368	27	28	26	90	93	0	0	255
 33412	27	28	26	90	93	0	0	255
 33458	27	28	26	90	93	0	0	255
 33503	27	28	26	90	93	0	0	255
 33548	27	28	26	90	93	0	0	255
 33594	27	28	26	90	93	0	0	255
 33639	27	28	26	90	93	0	0	255
 33684	27	28	26	90	93	0	0	255
 33730	27	28	26	90	93	0	0	255
 33775	27	28	26	90	93	0	0	255
 33820	27	28	26	90	93	0	0	255
 33866	27	28	26	90	93	0	0	255
 33911	27	28	26	90	93	0	0	255
 33956	27	28	26	90	93	0	0	255
 34002	27	28	26	90	93	0	0	255
 34047	27	28	26	90	93	0	0	255
 34092	27	28	26	90	93	0	0	255
 34138	27	28	26	90	93	0	0	255
 34183	27	28	26	90	93	0	0	255
 34228	27	28	26	90	93	0	0	255
 34274	27	28	26	90	93	2	0	255
 34319	27	28	26	90	93	3	0	255
 34365	27	28	26	90	93	3	0	255
 34410	27	28	26	90	93	4	0	255
 34455	27	28	26	90	93	5	0	255
 34501	27	28	26	90	93	8	0	255
 34546	27	28	26	90	93	10	0	255
 34591	27	28	26	90	93	11	0	255
 34637	27	28	26	90	93	12	0	255
 34682	27	28	26	90	93	13	0	255
 34727	27	28	26	90	93	17	0	255
 34773	27	28	26	90	93	18	0	255
 34818	27	28	26	90	93	19	0	255
 34863	27	28	26	90	93	20	0	255
 34909	27	28	26	90	93	23	0	255
 34954	27	28	26	90	93	23	0	255
 34999	27	28	26	90	93	24	0	255
 35045	27	27	26	90	93	26	0	255
 35090	27	28	26	90	93	28	0	255
 35137	27	27	26	90	93	29	0	255
 35181	27	27	26	90	93	30	0	255
 35226	27	27	26	90	93	31	0	255
 35272	27	27	26	90	93	35	0	255
 35317	27	27	26	90	93	34	0	255
 35362	27	27	26	90	93	36	0	255
 35408	27	27	26	90	93	38	0	255
 35453	27	27	25	90	93	38	0	255
 35498	27	27	25	90	93	41	0	255
 35544	27	27	25	90	93	42	0	255
 35589	27	27	24	90	93	42	0	255
 35634	27	27	24	90	93	44	0	255
 35680	27	27	23	89	93	45	0	255
 35725	27	27	23	89	93	46	0	255
 35770	27	27	22	89	93	48	0	255
 35816	27	27	22	89	93	48	0	255
 35861	25	26	21	89	93	53	8	255
 35906	28	25	21	89	93	70	8	255
 35952	39	26	21	89	93	88	8	255
 35997	50	27	21	89	93	93	8	255
 36043	58	28	20	89	93	80	8	255
 36089	59	29	20	89	93	71	8	255
 36133	57	29	20	89	93	71	8	255
 36179	56	30	20	89	93	75	8	255
 36224	56	30	20	89	93	72	8	255
 36269	56	30	20	89	93	67	8	255
 36315	54	30	20	89	93	62	8	255
 36360	52	31	20	89	93	62	8	255
 36405	51	31	20	89	93	62	8	255
 36454	50	32	20	89	93	62	8	255
 36496	50	32	20	89	93	65	8	255
 36541	50	32	20	89	93	66	8	255
 36587	51	32	20	89	93	66	8	255
 36632	51	33	20	89	93	68	8	255
 36677	52	33	20	89	93	67	8	255
 36723	53	33	20	89	93	70	8	255
 36768	53	33	20	89	93	68	8	255
 36814	54	33	20	89	93	70	8	255
 36859	54	33	20	89	93	71	8	255
 36904	55	33	20	89	93	74	8	255
 36951	56	33	20	89	93	75	8	255
 36995	56	33	20	89	93	75	8	255
 37040	57	34	20	89	93	75	8	255
 37086	57	34	20	89	93	75	8	255
 37131	58	34	20	89	93	75	8	255
 37176	58	34	20	89	93	76	8	255
 37222	59	34	20	89	93	79	8	255
 37267	59	34	20	89	93	79	8	255
 37312	60	35	20	89	93	79	8	255
 37358	60	35	20	89	93	79	8	255
 37403	61	35	21	89	93	80	8	255
 37448	61	35	21	89	93	79	8	255
 37494	61	35	21	89	93	82	8	255
 37539	62	35	21	89	93	82	8	255
 37584	62	35	21	89	93	83	8	255
 37630	63	36	21	89	93	82	8	255
 37675	63	36	21	89	93	85	8	255
 37721	64	36	21	89	92	83	8	255
 37766	64	36	21	89	93	85	8	255
 37811	65	36	21	89	92	86	8	255
 37857	65	36	21	89	92	84	8	255
 37902	65	37	21	89	92	85	8	255
 37947	66	37	21	89	92	85	8	255
 37993	66	37	21	89	92	86	8	255
 38038	67	37	21	89	92	88	8	255
 38083	67	37	21	89	92	88	8	255
 38129	68	37	21	89	92	88	8	255
 38174	68	38	21	89	92	90	8	255
 38219	68	38	21	89	92	89	8	255
 38265	69	38	21	89	92	92	8	255
 38310	69	38	21	89	92	92	8	255
 38355	70	38	21	88	92	92	8	255
 38401	70	38	21	88	92	92	8	255
 38446	70	39	21	88	92	90	8	255
 38492	71	39	21	88	92	93	8	255
 38537	71	39	22	88	92	92	8	255
 38582	72	39	22	88	92	93	8	255
 38628	72	39	22	88	92	93	8	255
 38673	72	39	22	88	92	94	8	255
 38718	73	40	22	88	92	94	8	255
 38764	73	40	22	88	92	94	8	255
 38809	73	40	22	88	92	94	8	255
 38854	74	40	22	88	92	97	8	255
 38900	74	40	22	88	92	96	8	255
 38945	74	40	22	88	92	97	8	255
 38990	75	41	22	88	92	96	8	255
 39036	75	41	22	88	92	97	8	255
 39081	76	41	22	88	92	97	8	255
 39126	76	41	22	88	92	100	8	255
 39172	76	41	22	88	92	100	8	255
 39217	77	41	22	88	92	101	8	255
 39262	77	41	22	88	92	101	8	255
 39308	77	42	22	88	92	100	8	255
 39353	78	42	22	88	92	102	8	255
 39399	78	42	23	88	92	104	8	255
 39444	78	42	23	88	92	101	8	255
 39489	79	42	23	88	92	102	8	255
 39535	79	43	23	88	92	101	8	255
 39580	79	43	23	88	92	104	8	255
 39625	80	43	23	88	92	104	8	255
 39671	80	43	23	88	92	102	8	255
 39716	80	43	23	88	92	105	8	255
 39761	81	43	23	88	92	105	8	255
 39807	81	44	23	88	92	105	8	255
 39852	81	44	23	88	92	108	8	255
 39897	82	44	23	88	92	106	8	255
 39943	82	44	23	88	92	108	8	255
 39988	82	44	23	88	92	108	8	255
 40033	83	44	23	88	92	108	8	255
 40079	83	45	23	88	92	108	8	255
 40124	83	45	23	88	92	108	8	255
 40170	84	45	24	88	92	109	8	255
 40215	84	45	24	88	92	110	8	255
 40260	84	45	24	88	92	110	8	255
 40306	84	45	24	88	92	110	8	255
 40351	85	46	24	88	92	110	8	255
 40396	85	46	24	88	92	109	8	255
 40442	85	46	24	88	92	110	8	255
 40487	86	46	24	88	92	110	8	255
 40533	86	46	24	88	92	112	8	255
 40578	86	46	24	88	92	113	8	255
 40623	87	46	24	88	92	113	8	255
 40668	87	46	24	88	92	113	8	255
 40714	87	47	24	89	92	112	8	255
 40759	87	47	24	89	92	114	8	255
 40804	88	47	24	89	92	113	8	255
 40850	88	47	24	89	92	113	8	255
 40895	88	47	25	89	92	114	8	255
 40941	88	47	25	89	92	113	8	255
 40986	88	47	25	89	92	113	8	255
 41031	89	48	25	89	92	114	8	255
 41077	89	48	25	89	92	114	8	255
 41123	89	48	25	89	92	114	8	255
 41167	89	48	25	89	92	116	8	255
 41213	89	48	25	89	92	114	8	255
 41258	90	48	25	89	92	118	8	255
 41303	90	49	25	89	92	114	8	255
 41349	90	49	25	89	92	116	8	255
 41394	91	49	25	89	92	120	8	255
 41439	91	49	25	89	92	120	8	255
 41485	91	49	25	89	92	120	8	255
 41530	92	49	26	89	92	120	8	255
 41575	92	49	26	89	92	120	8	255
 41621	93	49	26	89	92	120	8	255
 41666	93	50	26	90	92	123	8	255
 41712	94	50	26	90	93	123	8	255
 41757	94	50	26	90	93	122	8	255
 41802	95	50	26	90	93	124	8	255
 41848	95	50	26	90	93	126	8	255
 41893	96	50	26	90	93	127	8	255
 41938	97	51	26	90	93	127	8	255
 41984	97	51	26	90	93	128	8	255
 42029	98	51	26	90	93	130	8	255
 42074	98	51	26	90	93	128	8	255
 42120	99	51	26	90	93	128	8	255
 42165	99	51	26	90	93	123	8	255
 42210	98	51	27	90	93	119	8	255
 42256	95	51	27	90	93	116	8	255
 42301	93	51	27	90	93	112	8	255
 42347	91	52	27	91	93	112	8	255
 42392	90	52	27	91	93	112	8	255
 42437	88	52	27	91	93	110	8	255
 42482	88	52	27	91	93	112	8	255
 42528	88	52	27	91	93	113	8	255
 42573	89	52	27	91	93	119	8	255
 42619	90	52	27	91	93	120	8	255
 42664	91	53	27	91	93	120	8	255
 42709	93	53	27	91	93	126	8	255
 42755	94	53	27	91	93	126	8	255
 42800	95	53	27	91	93	124	8	255
 42845	96	53	28	91	93	124	8	255
 42891	96	53	28	91	93	127	8	255
 42936	96	53	28	91	93	126	8	255
 42981	97	53	28	91	93	126	8	255
 43027	97	54	28	91	94	126	8	255
 43072	97	54	28	91	94	127	8	255
 43117	97	54	28	91	94	126	8	255
 43163	98	54	28	91	94	124	8	255
 43208	98	54	28	91	94	128	8	255
 43253	98	54	28	91	94	127	8	255
 43299	99	54	28	91	94	130	8	255
 43344	99	54	28	91	94	128	8	255
 43390	99	55	28	91	94	130	8	255
 43435	100	55	28	91	94	130	8	255
 43480	100	55	29	91	94	131	8	255
 43526	100	55	29	92	94	131	8	255
 43571	101	55	29	92	94	131	8	255
 43616	101	55	29	92	94	131	8	255
 43662	101	55	29	92	94	132	8	255
 43707	101	55	29	92	94	130	8	255
 43752	101	55	29	92	94	127	8	255
 43798	101	56	29	92	94	127	8	255
 43843	100	56	29	92	94	127	8	255
 43888	100	56	29	92	94	128	8	255
 43934	100	56	29	92	95	126	8	255
 43979	100	56	29	92	95	130	8	255
 44024	100	56	29	92	95	131	8	255
 44070	100	56	29	92	95	132	8	255
 44115	101	56	29	92	95	132	8	255
 44161	101	56	30	92	95	131	8	255
 44206	102	57	30	92	95	134	8	255
 44251	102	57	30	92	95	134	8	255
 44297	103	57	30	92	95	136	8	255
 44342	104	57	30	93	95	136	8	255
 44387	104	57	30	93	95	136	8	255
 44433	104	57	30	93	95	136	8	255
 44478	105	57	30	93	95	137	8	255
 44523	105	57	30	93	95	137	8	255
 44569	105	57	30	93	95	136	8	255
 44614	105	58	30	93	95	138	8	255
 44659	106	58	30	93	95	138	8	255
 44705	106	58	30	93	96	138	8	255
 44750	106	58	31	93	96	137	8	255
 44795	106	58	31	93	96	138	8	255
 44841	107	58	31	93	96	138	8	255
 44886	107	58	31	93	96	140	8	255
 44932	107	58	31	93	96	140	8	255
 44977	107	58	31	93	96	140	8	255
 45022	107	58	31	94	96	141	8	255
 45068	108	59	31	94	96	138	8	255
 45113	108	59	31	94	96	142	8	255
 45158	108	59	31	94	96	141	8	255
 45204	108	59	31	94	96	141	8	255
 45249	108	59	31	94	96	140	8	255
 45294	108	59	31	94	96	141	8	255
 45340	109	59	31	94	97	142	8	255
 45385	109	59	32	94	97	142	8	255
 45430	109	59	32	94	97	141	8	255
 45476	109	59	32	94	97	141	8	255
 45521	109	59	32	94	97	142	8	255
 45566	109	60	32	94	97	142	8	255
 45612	110	60	32	95	97	142	8	255
 45657	110	60	32	95	97	141	8	255
 45703	110	60	32	95	97	144	8	255
 45748	110	60	32	95	97	142	8	255
 45793	110	60	32	95	97	144	8	255
 45839	110	60	32	95	97	144	8	255
 45884	111	60	32	95	97	145	8	255
 45929	111	60	32	95	98	142	8	255
 45975	111	60	32	95	98	145	8	255
 46020	111	61	32	95	98	145	8	255
 46065	111	61	33	95	98	144	8	255
 46111	111	61	33	95	98	145	8	255
 46156	111	61	33	95	98	146	8	255
 46201	112	61	33	96	98	144	8	255
 46247	112	61	33	96	98	144	8	255
 46292	112	61	33	96	98	145	8	255
 46337	112	61	33	96	98	145	8	255
 46383	112	61	33	96	98	146	8	255
 46428	112	61	33	96	99	145	8	255
 46473	113	61	33	96	99	148	8	255
 46519	113	62	33	96	99	146	8	255
 46564	113	62	33	96	99	148	8	255
 46610	113	62	33	96	99	148	8	255
 46655	113	62	33	96	99	146	8	255
 46700	113	62	34	97	99	146	8	255
 46746	113	62	34	97	99	148	8	255
 46791	113	62	34	97	99	146	8	255
 46836	114	62	34	97	99	146	8	255
 46882	114	62	34	97	99	145	8	255
 46927	114	62	34	97	99	146	8	255
 46972	114	62	34	97	100	148	8	255
 47018	114	63	34	97	100	148	8	255
 47063	114	63	34	97	100	146	8	255
 47108	114	63	34	97	100	146	8	255
 47154	114	63	34	97	100	148	8	255
 47199	114	63	34	97	100	146	8	255
 47244	114	63	34	97	100	148	8	255
 47290	114	63	34	98	100	146	8	255
 47335	114	63	34	98	100	150	8	255
 47381	114	63	34	98	100	146	8	255
 47426	114	63	35	98	100	148	8	255
 47471	114	63	35	98	101	146	8	255
 47517	114	63	35	98	101	146	8	255
 47562	114	64	35	98	101	146	8	255
 47607	114	64	35	98	101	145	8	255
 47653	114	64	35	98	101	146	8	255
 47698	114	64	35	98	101	146	8	255
 47743	113	64	35	98	101	145	8	255
 47789	113	64	35	98	101	145	8	255
 47835	113	64	35	99	101	146	8	255
 47879	113	64	35	99	101	145	8	255
 47925	113	64	35	99	101	148	8	255
 47970	113	64	35	99	101	148	8	255
 48015	114	64	35	99	102	146	8	255
 48061	114	65	35	99	102	146	8	255
 48106	114	65	35	99	102	150	8	255
 48151	115	65	36	99	102	145	8	255
 48197	114	65	36	99	102	141	8	255
 48242	112	64	36	99	102	132	8	255
 48288	108	64	36	99	102	128	8	255
 48333	105	64	36	99	102	126	8	255
 48378	103	65	36	100	102	128	8	255
 48424	102	65	36	100	102	124	8	255
 48469	100	65	36	100	102	120	8	255
 48514	97	65	36	100	102	119	8	255
 48560	96	65	36	100	102	122	8	255
 48605	96	65	36	100	102	124	8	255
 48650	97	65	36	100	102	127	8	255
 48696	98	66	36	100	102	128	8	255
 48741	99	66	36	100	102	127	8	255
 48786	99	66	36	100	102	126	8	255
 48832	99	66	36	100	102	119	8	255
 48877	97	66	37	100	102	113	8	255
 48922	94	66	37	100	102	109	8	255
 48968	91	66	37	100	102	104	8	255
 49013	87	66	37	100	102	97	8	255
 49059	83	66	37	100	102	93	8	255
 49104	80	66	37	100	102	89	8	255
 49149	77	66	37	100	102	96	8	255
 49195	77	66	37	100	102	102	8	255
 49240	79	66	37	100	102	105	8	255
 49285	81	66	37	100	102	105	8	255
 49331	82	66	37	100	102	108	8	255
 49376	83	66	37	100	102	104	8	255
 49421	83	66	37	100	102	105	8	255
 49467	83	66	37	100	102	105	8	255
 49512	83	66	37	100	102	105	8	255
 49557	82	66	38	100	102	98	8	255
 49603	81	66	38	100	102	94	8	255
 49648	79	67	38	100	102	94	8	255
 49693	77	67	38	100	102	93	8	255
 49739	76	67	38	100	102	92	8	255
 49784	75	67	38	100	102	92	8	255
 49830	74	67	38	100	102	86	0	255
 49875	73	66	38	100	102	88	0	255
 49920	72	65	38	100	102	88	0	255
 49966	71	65	38	100	102	85	0	255
 50011	70	64	38	100	102	86	0	255
 50056	69	63	38	100	102	88	0	255
 50102	68	62	38	100	102	85	0	255
 50147	67	62	38	100	102	85	0	255
 50192	66	61	38	100	102	86	0	255
 50238	65	61	38	100	102	88	0	255
 50283	64	60	38	100	102	86	0	255
 50330	63	60	38	100	102	86	0	255
 50374	63	59	38	100	102	88	0	255
 50419	62	59	38	100	102	93	0	255
 50464	61	58	38	100	102	98	8	255
 50510	66	59	38	100	102	110	8	255
 50555	74	61	38	100	102	119	8	255
 50600	81	63	38	100	102	123	8	255
 50646	87	64	38	100	102	127	8	255
 50691	91	65	38	100	102	134	8	255
 50737	96	66	38	100	102	137	8	255
 50782	100	66	38	100	102	141	8	255
 50827	103	66	39	100	102	140	8	255
 50873	104	66	39	100	102	136	8	255
 50918	104	67	39	100	103	132	8	255
 50963	104	67	39	100	103	134	8	255
 51009	104	67	39	100	103	134	8	255
 51054	104	67	39	100	103	136	8	255
 51100	104	67	39	100	103	137	8	255
 51145	105	68	39	100	103	137	8	255
 51190	105	68	39	100	103	137	8	255
 51235	106	68	39	100	103	137	8	255
 51281	106	68	39	100	103	138	8	255
 51326	107	68	39	100	103	137	8	255
 51371	107	68	39	100	103	141	8	255
 51417	108	68	39	100	103	140	8	255
 51462	108	68	39	100	103	140	8	255
 51508	109	68	39	101	103	138	8	255
 51553	108	68	39	101	103	138	8	255
 51598	108	68	39	101	103	138	8	255
 51644	108	69	39	101	103	138	8	255
 51689	108	69	39	101	103	138	8	255
 51734	107	69	39	101	103	138	8	255
 51781	107	69	39	101	103	137	8	255
 51825	107	69	40	101	104	134	8	255
 51870	106	69	40	101	104	137	8	255
 51916	106	69	40	101	104	136	8	255
 51961	106	69	40	101	104	137	8	255
 52006	106	69	40	101	104	137	8	255
 52052	107	69	40	101	104	138	8	255
 52097	107	69	40	101	104	137	8	255
 52142	107	69	40	101	104	136	8	255
 52188	106	69	40	101	104	137	8	255
 52233	106	70	40	101	104	136	8	255
 52279	106	70	40	101	104	131	8	255
 52324	105	69	40	101	104	128	8	255
 52369	103	69	40	102	104	123	8	255
 52415	101	69	40	102	104	123	8	255
 52460	99	70	40	102	104	120	8	255
 52505	97	70	40	102	104	116	8	255
 52551	95	70	40	102	104	114	8	255
 52596	93	70	40	102	104	113	8	255
 52641	92	70	40	102	104	112	8	255
 52687	90	70	40	102	104	109	8	255
 52732	89	70	41	102	104	109	8	255
 52777	88	70	41	102	104	110	8	255
 52823	88	70	41	102	104	112	8	255
 52869	88	70	41	102	104	113	8	255
 52913	88	70	41	102	104	114	8	255
 52959	89	71	41	102	104	116	8	255
 53004	90	71	41	102	104	118	8	255
 53049	92	71	41	102	104	120	8	255
 53095	93	71	41	102	104	124	8	255
 53140	95	71	41	102	104	127	8	255
 53186	96	71	41	102	104	128	8	255
 53231	97	71	41	102	104	126	8	255
 53276	98	71	41	102	104	124	8	255
 53322	97	71	41	102	104	122	8	255
 53367	97	71	41	102	104	120	8	255
 53412	96	71	41	102	104	116	8	255
 53458	94	71	41	102	104	112	8	255
 53503	92	71	41	102	104	108	8	255
 53548	90	71	41	102	104	105	8	255
 53594	88	71	41	102	104	102	8	255
 53639	86	71	42	102	104	100	8	255
 53684	84	71	42	102	104	100	8	255
 53730	82	71	42	102	104	96	8	255
 53775	80	71	42	102	104	94	8	255
 53820	79	71	42	102	104	96	0	255
 53866	77	71	42	102	104	94	0	255
 53911	76	70	42	102	104	93	0	255
 53957	75	69	42	102	104	92	0	255
 54002	74	68	42	102	104	93	0	255
 54047	73	67	42	102	104	92	0	255
 54093	72	67	42	102	104	93	0	255
 54138	71	66	42	102	104	93	0	255
 54183	70	65	42	102	104	90	0	255
 54233	69	64	42	102	104	92	0	255
 54274	68	63	42	102	104	92	0	255
 54321	67	63	42	102	104	90	0	255
 54365	66	62	42	102	104	89	0	255
 54410	65	61	42	102	104	92	0	255
 54455	64	60	42	102	104	89	0	255
 54501	64	60	42	102	104	89	0	255
 54546	63	59	42	102	104	88	0	255
 54591	62	58	42	102	104	88	0	255
 54637	61	58	42	102	104	88	0	255
 54682	61	57	42	102	104	88	0	255
 54728	60	57	42	102	104	89	0	255
 54773	59	56	42	102	104	86	0	255
 54818	58	55	42	102	104	86	0	255
 54864	58	55	42	102	104	85	0	255
 54909	57	54	42	102	104	86	0	255
 54955	56	54	42	102	104	86	0	255
 55000	56	53	42	101	104	85	0	255
 55045	55	53	42	101	104	84	0	255
 55090	55	52	42	102	104	84	0	255
 55136	54	52	42	101	104	82	0	255
 55181	54	52	42	102	104	82	0	255
 55226	53	51	42	101	104	80	0	255
 55272	52	51	42	101	104	82	0	255
 55317	52	51	42	101	104	80	0	255
 55362	51	50	42	101	104	79	0	255
 55408	51	50	42	101	104	78	0	255
 55453	50	50	42	101	104	78	0	255
 55499	50	49	42	101	104	76	0	255
 55544	49	49	42	101	104	75	0	255
 55589	49	49	42	101	104	76	0	255
 55635	49	48	42	101	104	75	0	255
 55680	48	48	42	101	104	75	0	255
 55725	48	48	42	101	104	74	0	255
 55771	47	47	42	101	104	72	0	255
 55816	47	47	42	101	104	70	0	255
 55861	47	47	42	101	104	71	0	255
 55907	46	46	42	101	104	70	0	255
 55952	46	46	42	101	104	68	0	255
 55997	45	46	42	101	104	70	0	255
 56043	45	46	42	101	104	67	0	255
 56088	45	45	42	101	104	67	0	255
 56133	44	45	42	101	104	67	0	255
 56179	44	45	42	101	104	66	0	255
 56224	44	44	42	101	104	67	0	255
 56269	43	44	42	101	104	67	0	255
 56315	43	44	42	101	104	65	0	255
 56360	43	44	42	101	104	67	0	255
 56406	43	43	43	101	104	65	0	255
 56451	42	43	42	101	104	66	0	255
 56496	42	43	43	101	104	65	0	255
 56542	42	42	42	101	104	65	0	255
 56587	42	42	43	101	104	64	0	255
 56632	41	42	42	101	104	62	0	255
 56678	41	42	42	101	104	64	0	255
 56723	41	41	43	101	104	64	0	255
 56768	41	41	42	101	104	61	0	255
 56814	40	41	43	101	104	61	0	255
 56859	40	41	42	101	104	62	0	255
 56904	40	41	43	101	104	62	0	255
 56950	40	40	42	101	104	61	0	255
 56995	39	40	42	101	104	60	0	255
 57040	39	40	43	101	104	60	0	255
 57086	39	40	43	101	104	60	0	255
 57131	39	40	43	101	104	60	0	255
 57177	39	39	43	101	104	57	0	255
 57222	38	39	43	101	104	58	0	255
 57267	38	39	43	101	104	58	0	255
 57313	38	39	43	101	104	58	0	255
 57358	38	39	43	101	104	56	0	255
 57403	38	38	43	101	104	57	0	255
 57449	38	38	43	101	104	56	0	255
 57494	37	38	43	101	104	56	0	255
 57539	37	38	43	101	104	56	0	255
 57585	37	38	43	101	104	54	0	255
 57630	37	38	43	101	104	56	0	255
 57675	37	37	43	101	104	54	0	255
 57721	37	37	43	101	104	54	0	255
 57766	36	37	43	101	104	54	0	255
 57811	36	37	43	101	104	54	0	255
 57861	36	37	43	101	104	53	0	255
 57902	36	37	43	101	104	54	0	255
 57948	36	36	43	101	104	53	0	255
 57993	36	36	43	101	104	53	0	255
 58038	36	36	43	101	104	52	0	255
 58084	35	36	43	101	104	53	0	255
 58129	35	36	43	101	104	53	0	255
 58174	35	36	43	101	104	51	0	255
 58220	35	36	43	101	104	51	0	255
 58265	35	36	43	101	104	51	0	255
 58310	35	35	43	101	104	52	0	255
 58356	35	35	43	101	104	50	0	255
 58401	35	35	43	101	104	50	0	255
 58446	35	35	43	101	104	48	0	255
 58492	34	35	43	101	104	48	0	255
 58537	34	35	43	101	104	50	0	255
 58582	34	35	43	101	104	48	0	255
 58628	34	35	43	101	104	47	0	255
 58673	34	34	43	101	104	46	0	255
 58719	34	34	43	101	104	46	0	255
 58764	34	34	43	101	104	47	0	255
 58809	34	34	43	101	104	45	0	255
 58855	34	34	43	101	104	46	0	255
 58900	34	34	43	101	104	44	0	255
 58945	33	34	43	101	104	45	0	255
 58991	33	34	43	101	104	42	0	255
 59036	33	34	43	101	104	44	0	255
 59081	33	34	43	101	104	42	0	255
 59127	33	34	43	101	104	41	0	255
 59172	33	34	43	101	104	42	0	255
 59217	33	33	43	101	104	42	0	255
 59263	33	33	43	101	104	40	0	255
 59308	33	33	43	101	104	40	0	255
 59353	33	33	43	101	104	40	0	255
 59399	33	33	43	101	104	40	0	255
 59444	33	33	43	101	104	40	0	255
 59490	33	33	43	101	104	40	0	255
 59535	32	33	43	101	104	40	0	255
 59580	32	33	43	101	104	37	0	255
 59626	32	33	43	101	104	38	0	255
 59671	32	33	43	101	104	38	0	255
 59716	32	33	43	101	104	38	0	255
 59762	32	32	43	101	104	38	0	255
 59807	32	32	43	101	104	36	0	255
 59852	32	32	43	101	104	37	0	255
 59898	32	32	43	101	104	36	0	255
 59944	32	32	43	101	104	37	0	255
 59988	32	32	43	101	104	36	0	255
 60034	32	32	43	101	104	36	0	255
 60079	32	32	43	101	104	36	0	255
 60124	32	32	43	101	104	35	0	255
 60170	32	32	43	101	104	35	0	255
 60215	32	32	43	101	104	35	0	255
 60261	32	32	43	101	104	35	0	255
 60306	31	32	43	101	104	35	0	255
 60352	31	31	43	101	104	34	0	255
 60397	31	31	43	101	104	35	0	255
 60442	31	31	43	101	104	35	0	255
 60487	31	31	43	101	104	34	0	255
 60533	31	31	43	101	104	32	0	255
 60578	31	31	43	101	104	32	0	255
 60627	31	31	43	101	104	32	0	255
 60669	31	31	43	101	104	34	0	255
 60714	31	31	43	101	104	31	0	255
 60759	31	31	43	101	104	31	0	255
 60805	31	31	43	101	104	31	0	255
 60850	31	31	43	101	104	32	0	255
 60895	31	31	43	101	104	30	0	255
 60941	31	31	43	101	104	30	0	255
 60986	31	31	43	101	104	31	0	255
 61031	31	31	43	101	104	30	0	255
 61077	31	31	43	100	104	30	0	255
 61122	31	31	43	100	104	30	0	255
 61168	31	31	43	100	104	29	0	255
 61213	31	30	43	100	104	28	0	255
 61258	31	30	43	101	104	28	0	255
 61304	31	30	43	100	104	28	0	255
 61349	31	30	43	100	104	29	0	255
 61394	30	30	43	100	104	28	0	255
 61440	30	30	43	100	104	28	0	255
 61485	30	30	43	100	104	25	0	255
 61530	30	30	43	100	104	28	0	255
 61576	30	30	43	100	104	25	0	255
 61621	30	30	43	100	104	26	0	255
 61666	30	30	43	100	104	25	0	255
 61712	30	30	43	100	104	25	0	255
 61757	30	30	43	100	104	25	0	255
 61802	30	30	43	100	104	24	0	255
 61848	30	30	43	100	104	25	0	255
 61893	30	30	43	100	104	24	0	255
 61942	30	30	43	100	104	24	0	255
 61984	30	30	43	100	104	23	0	255
 62030	30	30	43	100	104	22	0	255
 62075	30	30	43	100	104	23	0	255
 62120	30	30	43	100	104	23	0	255
 62165	30	30	43	100	104	23	0	255
 62211	30	30	43	100	104	20	0	255
 62256	30	30	43	100	104	23	0	255
 62301	30	30	43	100	104	22	0	255
 62347	30	30	43	100	104	20	0	255
 62392	30	30	43	100	104	20	0	255
 62437	30	30	43	100	104	20	0	255
 62483	30	30	43	100	104	19	0	255
 62528	30	30	43	100	104	19	0	255
 62573	30	30	43	100	104	19	0	255
 62619	30	30	43	100	104	20	0	255
 62664	30	30	43	100	104	19	0	255
 62710	30	30	43	100	104	19	0	255
 62755	30	29	43	100	104	18	0	255
 62800	30	29	43	100	104	18	0	255
 62846	30	29	43	100	104	19	0	255
 62891	30	29	43	100	104	18	0	255
 62936	30	29	43	100	104	17	0	255
 62982	30	29	43	100	104	17	0	255
 63027	30	29	43	100	104	18	0	255
 63072	30	29	43	100	104	18	0	255
 63118	30	29	43	100	104	17	0	255
 63163	30	29	43	100	104	17	0	255
 63208	30	29	43	100	104	18	0	255
 63254	30	29	43	100	104	16	0	255
 63299	30	29	43	100	104	17	0	255
 63344	29	29	43	100	104	16	0	255
 63390	29	29	43	100	104	17	0	255
 63435	29	29	43	100	104	16	0	255
 63485	29	29	43	100	104	17	0	255
 63526	29	29	43	100	104	16	0	255
 63571	29	29	43	100	104	16	0	255
 63620	29	29	43	100	104	16	0	255
 63662	29	29	43	100	104	16	0	255
 63707	29	29	43	100	104	14	0	255
 63753	29	29	43	100	103	14	0	255
 63798	29	29	43	100	104	13	0	255
 63843	29	29	43	100	103	16	0	255
 63889	29	29	43	100	104	13	0	255
 63934	29	29	43	100	103	14	0	255
 63981	29	29	43	100	103	13	0	255
 64025	29	29	43	100	104	13	0	255
 64070	29	29	43	100	103	13	0	255
 64115	29	29	43	100	103	13	0	255
 64161	29	29	43	100	103	13	0	255
 64206	29	29	43	100	103	14	0	255
 64251	29	29	43	100	103	12	0	255
 64297	29	29	43	100	103	13	0	255
 64342	29	29	43	100	103	13	0	255
 64388	29	29	43	100	103	11	0	255
 64433	29	29	43	100	103	13	0	255
 64478	29	29	43	100	103	13	0	255
 64524	29	29	43	100	103	12	0	255
 64569	29	29	43	100	103	13	0	255
 64614	29	29	43	100	103	13	0	255
 64660	29	29	43	100	103	11	0	255
 64705	29	29	43	100	103	12	0	255
 64752	29	29	43	100	103	12	0	255
 64796	29	29	43	100	103	12	0	255
 64841	29	29	43	100	103	11	0	255
 64886	29	29	43	100	103	12	0	255
 64932	29	29	43	100	103	12	0	255
 64977	29	29	43	100	103	12	0	255
 65022	29	29	43	100	103	11	0	255
 65068	29	29	43	100	103	11	0	255
 65113	29	29	43	100	103	11	0	255
 65159	29	29	43	100	103	11	0	255
 65204	29	29	43	100	103	10	0	255
 65249	29	29	43	100	103	12	0	255
 65295	29	29	43	100	103	11	0	255
 65340	29	29	43	100	103	10	0	255
 65385	29	29	43	100	103	11	0	255
 65431	29	29	43	100	103	11	0	255
 65476	29	29	43	100	103	11	0	255
 65521	29	29	43	100	103	10	0	255
 65567	29	29	43	100	103	11	0	255
 65612	29	29	43	100	103	10	0	255
 65657	29	29	43	100	103	11	0	255
 65703	29	29	43	100	103	11	0	255
 65748	29	29	43	100	103	10	0	255
 65793	29	29	43	100	103	11	0	255
 65839	29	29	43	100	103	10	0	255
 65884	29	29	43	100	103	8	0	255
 65930	29	29	43	100	103	10	0	255
 65975	29	29	43	100	103	10	0	255
 66021	29	29	43	100	103	8	0	255
 66066	29	29	43	100	103	11	0	255
 66111	29	29	43	100	103	8	0	255
 66156	29	29	43	100	103	8	0	255
 66202	29	29	43	100	103	10	0	255
 66247	29	29	43	100	103	10	0	255
 66292	29	29	43	100	103	10	0	255
 66338	29	29	43	100	103	10	0	255
 66383	29	29	43	100	103	10	0	255
 66428	29	29	43	100	103	10	0	255
 66474	29	29	43	100	103	8	0	255
 66520	29	29	43	100	103	7	0	255
 66564	29	29	43	100	103	8	0	255
 66610	29	29	43	100	103	8	0	255
 66655	29	29	43	100	103	10	0	255
 66700	29	29	43	100	103	8	0	255
 66746	29	29	43	100	103	10	0	255
 66791	29	29	43	99	103	8	0	255
 66837	29	29	43	99	103	8	0	255
 66882	29	29	43	99	103	8	0	255
 66927	29	29	43	99	103	10	0	255
 66973	29	29	43	99	103	7	0	255
 67018	29	29	43	99	103	8	0	255
 67063	29	29	43	99	103	7	0	255
 67109	29	29	43	99	103	7	0	255
 67154	29	29	43	99	103	8	0	255
 67199	29	29	43	99	103	7	0	255
 67245	29	29	43	99	103	7	0	255
 67290	29	29	43	99	103	8	0	255
 67335	29	29	43	99	103	7	0	255
 67381	29	29	43	99	103	7	0	255
 67426	29	29	43	99	103	8	0	255
 67472	29	29	43	99	103	8	0	255
 67517	29	29	43	99	103	7	0	255
 67562	29	29	43	99	103	7	0	255
 67608	29	29	43	99	103	7	0	255
 67653	29	29	43	99	103	6	0	255
 67698	29	29	43	99	103	8	0	255
 67744	29	29	43	99	103	7	0	255
 67789	29	29	43	99	103	7	0	255
 67834	29	29	43	99	103	7	0	255
 67880	29	29	43	99	103	7	0	255
 67925	29	29	43	99	103	7	0	255
 67970	29	29	43	99	103	8	0	255
 68016	29	29	43	99	103	8	0	255
 68061	29	29	43	99	103	8	0	255
 68106	29	29	43	99	103	6	0	255
 68152	29	29	43	99	103	7	0	255
 68197	29	29	43	99	103	6	0	255
 68242	29	29	43	99	103	6	0	255
 68288	29	29	43	99	103	7	0	255
 68333	29	29	43	99	103	7	0	255
 68379	29	29	43	99	103	6	0	255
 68424	29	29	43	99	103	7	0	255
 68469	29	29	43	99	103	7	0	255
 68515	29	29	43	99	103	5	0	255
 68560	29	29	43	99	103	6	0	255
 68605	29	29	43	99	103	7	0	255
 68651	29	28	43	99	103	8	0	255
 68696	29	28	43	99	103	6	0	255
 68741	28	29	43	99	103	6	0	255
 68787	29	28	43	99	103	7	0	255
 68832	29	29	43	99	103	7	0	255
 68877	29	28	43	99	103	6	0	255
 68923	28	29	43	99	103	6	0	255
 68968	28	29	43	99	103	6	0	255
 69013	28	29	43	99	103	6	0	255
 69059	29	28	43	99	103	7	0	255
 69104	28	28	43	99	103	5	0	255
 69150	29	29	43	99	103	7	0	255
 69195	28	28	43	99	103	6	0	255
 69240	28	28	43	99	103	6	0	255
 69286	28	28	43	99	103	6	0	255
 69331	28	28	43	99	103	6	0	255
 69376	29	29	43	99	103	6	0	255
 69422	28	28	43	99	103	7	0	255
 69467	28	28	43	99	103	6	0	255
 69512	28	29	43	99	103	6	0	255
 69558	28	28	43	99	103	7	0	255
 69603	28	28	43	99	103	6	0	255
 69648	28	28	43	99	103	5	0	255
 69694	28	28	43	99	103	6	0	255
 69739	28	28	43	99	103	5	0	255
 69788	28	28	43	99	103	6	0	255
 69830	28	28	43	99	103	5	0	255
 69875	28	28	43	99	103	6	0	255
 69921	28	28	43	99	103	7	0	255
 69966	28	28	43	99	103	6	0	255
 70011	28	28	43	99	103	6	0	255
 70057	28	28	43	99	103	6	0	255
 70102	28	28	43	99	103	5	0	255
 70147	28	28	43	99	103	6	0	255
 70193	28	28	43	99	103	6	0	255
 70238	28	28	43	99	103	6	0	255
 70283	28	28	43	99	103	6	0	255
 70329	28	28	43	99	103	6	0	255
 70374	28	28	43	99	103	5	0	255
 70419	28	28	43	99	103	5	0	255
 70465	28	28	43	99	103	6	0	255
 70510	28	28	43	99	103	6	0	255
 70555	28	28	43	99	103	6	0	255
 70600	28	28	43	99	103	6	0	255
 70699	28	28	43	99	103	5	0	255
 70744	28	28	43	99	103	7	0	255
 70790	28	28	43	99	103	5	0	255
 70835	28	28	43	99	103	6	0	255
 70880	28	28	43	99	103	6	0	255
 70926	28	28	43	99	103	5	0	255
 70971	28	28	43	99	103	6	0	255
 71017	28	28	43	99	103	4	0	255
 71062	28	28	43	99	103	6	0	255
 71107	28	28	43	99	103	6	0	255
 71153	28	28	43	99	103	6	0	255
 71198	28	28	43	99	103	5	0	255
 71243	28	28	43	99	103	5	0	255
 71289	28	28	43	99	103	6	0	255
 71334	28	28	43	99	103	4	0	255
 71379	28	28	43	99	103	7	0	255
 71425	28	28	43	99	103	6	0	255
 71470	28	28	43	99	103	5	0	255
 71515	28	28	43	99	103	5	0	255
 71561	28	28	43	99	103	5	0	255
 71606	28	28	43	99	103	6	0	255
 71651	28	28	43	99	103	5	0	255
 71697	28	28	43	99	103	5	0	255
 71746	28	28	43	99	103	5	0	255
 71788	28	28	43	99	103	4	0	255
 71833	28	28	43	99	103	6	0	255
 71878	28	28	43	99	103	4	0	255
 71924	28	28	43	99	103	6	0	255
 71969	28	28	43	99	103	6	0	255
 72014	28	28	43	99	103	5	0	255
 72060	28	28	43	99	103	5	0	255
 72105	28	28	43	99	103	4	0	255
 72150	28	28	43	99	103	6	0	255
 72196	28	28	43	99	103	5	0	255
 72241	28	28	43	99	103	6	0	255
 72287	28	28	43	99	103	4	0	255
 72332	28	28	43	98	103	6	0	255
 72377	28	28	43	99	103	6	0	255
 72422	28	28	43	99	103	5	0	255
 72468	28	28	43	99	103	6	0	255
 72513	28	28	43	99	103	5	0	255
 72558	28	28	43	98	103	6	0	255
 72604	28	28	43	98	103	6	0	255
 72649	28	28	43	98	103	4	0	255
 72695	28	28	43	98	103	5	0	255
 72740	28	28	43	98	103	4	0	255
 72785	28	28	43	98	103	5	0	255
 72831	28	28	43	98	103	6	0	255
 72876	28	28	43	98	103	5	0	255
 72921	28	28	43	98	103	6	0	255
 72967	28	28	43	98	103	5	0	255
 73012	28	28	43	98	103	4	0	255
 73057	28	28	43	98	103	5	0	255
 73103	28	28	43	98	103	5	0	255
 73148	28	28	43	98	103	5	0	255
 73193	28	28	43	98	103	6	0	255
 73239	28	28	43	98	103	4	0	255
 73284	28	28	43	98	103	4	0	255
 73329	28	28	43	98	103	5	0	255
 73375	28	28	43	98	103	4	0	255
 73420	28	28	43	98	103	4	0	255
 73465	28	28	43	98	103	5	0	255
 73511	28	28	43	98	103	5	0	255
 73556	28	28	43	98	103	4	0	255
 73601	28	28	43	98	103	5	0	255
 73647	28	28	43	98	103	5	0	255
 73692	28	28	43	98	103	4	0	255
 73738	28	28	43	98	102	5	0	255
 73783	28	28	43	98	102	4	0	255
 73829	28	28	43	98	102	5	0	255
 73874	28	28	43	98	102	6	0	255
 73919	28	28	43	98	102	3	0	255
 73964	28	28	43	98	103	3	0	255
 74010	28	28	43	98	102	5	0	255
 74055	28	28	43	98	102	4	0	255
 74100	28	28	43	98	102	4	0	255
 74146	28	28	43	98	102	5	0	255
 74191	28	28	43	98	102	5	0	255
 74236	28	28	43	98	102	3	0	255
 74282	28	28	43	98	102	3	0	255
 74327	28	28	43	98	102	5	0	255
 74372	28	28	43	98	102	5	0	255
 74418	28	28	43	98	102	4	0	255
 74463	28	28	43	98	102	4	0	255
 74508	28	28	43	98	102	3	0	255
 74554	28	28	43	98	102	3	0	255
 74599	28	28	43	98	102	4	0	255
 74645	28	28	43	98	102	3	0	255
 74690	28	28	43	98	102	4	0	255
 74735	28	28	43	98	102	3	0	255
 74781	28	28	43	98	102	3	0	255
 74826	28	28	43	98	102	4	0	255
 74871	28	28	43	98	102	4	0	255
 74918	28	28	43	98	102	4	0	255
 74962	28	28	43	98	102	4	0	255
 75007	28	28	43	98	102	2	0	255
 75053	28	28	43	98	102	4	0	255
 75098	28	28	43	98	102	5	0	255
 75143	28	28	43	98	102	3	0	255
 75193	28	28	43	98	102	3	0	255
 75234	28	28	43	98	102	3	0	255
 75279	28	28	43	98	102	3	0	255
 75325	28	28	43	98	102	4	0	255
 75370	28	28	43	98	102	3	0	255
 75415	28	28	43	98	102	3	0	255
 75461	28	28	43	98	102	4	0	255
 75506	28	28	43	98	102	4	0	255
 75556	28	28	43	98	102	4	0	255
 75597	28	28	43	98	102	4	0	255
 75642	28	28	43	98	102	4	0	255
 75688	28	28	43	98	102	3	0	255
 75733	28	28	43	98	102	4	0	255
 75778	28	28	43	98	102	3	0	255
 75824	28	28	43	98	102	4	0	255
 75869	28	28	43	98	102	3	0	255
 75914	28	28	43	98	102	4	0	255
 75960	28	28	43	98	102	4	0	255
 76005	28	28	43	98	102	3	0	255
 76050	28	28	43	98	102	3	0	255
 76096	28	28	43	98	102	3	0	255
 76141	28	28	43	98	102	4	0	255
 76186	28	28	43	98	102	4	0	255
 76233	28	28	43	98	102	4	0	255
 76277	28	28	43	98	102	4	0	255
 76322	28	28	43	98	102	4	0	255
 76368	28	28	43	98	102	3	0	255
 76413	28	28	43	98	102	4	0	255
 76458	28	28	43	98	102	4	0	255
 76504	28	28	43	98	102	4	0	255
 76549	28	28	43	98	102	3	0	255
 76595	28	28	43	98	102	4	0	255
 76640	28	28	43	98	102	3	0	255
 76685	28	28	43	98	102	3	0	255
 76731	28	28	43	98	102	4	0	255
 76776	28	28	43	98	102	3	0	255
 76821	28	28	43	98	102	4	0	255
 76867	28	28	43	98	102	4	0	255
 76912	28	28	43	98	102	4	0	255
 76957	28	28	43	98	102	3	0	255
 77003	28	28	43	98	102	3	0	255
 77048	28	28	43	98	102	4	0	255
 77093	28	28	43	98	102	5	0	255
 77139	28	28	43	98	102	4	0	255
 77184	28	28	43	98	102	3	0	255
 77229	28	28	43	98	102	3	0	255
 77275	28	28	43	98	102	3	0	255
 77320	28	28	43	98	102	3	0	255
 77365	28	28	43	98	102	5	0	255
 77411	28	28	43	98	102	4	0	255
 77456	28	28	43	98	102	4	0	255
 77503	28	28	43	98	102	4	0	255
 77547	28	28	43	98	102	3	0	255
 77592	28	28	43	98	102	4	0	255
 77638	28	28	43	98	102	4	0	255
 77683	28	28	43	98	102	3	0	255
 77728	28	28	43	98	102	5	0	255
 77774	28	28	43	98	102	4	0	255
 77819	28	28	43	98	102	3	0	255
 77864	28	28	43	98	102	3	0	255
 77910	28	28	43	98	102	5	0	255
 77955	28	28	43	98	102	4	0	255
 78000	28	28	43	98	102	4	0	255
 78046	28	28	43	98	102	4	0	255
 78091	28	28	43	98	102	3	0	255
 78136	28	28	43	98	102	4	0	255
 78182	28	28	43	98	102	3	0	255
 78228	28	28	43	98	102	3	0	255
 78272	28	28	43	98	102	5	0	255
 78318	28	28	43	98	102	4	0	255
 78363	28	28	43	98	102	4	0	255
 78409	28	28	43	98	102	3	0	255
 78454	28	28	43	98	102	4	0	255
 78499	28	28	43	97	102	3	0	255
 78545	28	28	43	98	102	3	0	255
 78590	28	28	43	97	102	3	0	255
 78635	28	28	43	97	102	5	0	255
 78681	28	28	43	97	102	3	0	255
 78726	28	28	43	97	102	3	0	255
 78771	28	28	43	97	102	4	0	255
 78817	28	28	43	97	102	5	0	255
 78862	28	28	43	97	102	4	0	255
 78907	28	28	43	97	102	4	0	255
 78953	28	28	43	97	102	3	0	255
 78998	28	28	43	97	102	5	0	255
 79043	28	28	43	97	102	3	0	255
 79089	28	28	43	97	102	4	0	255
 79134	28	28	43	97	102	4	0	255
 79179	28	28	43	97	102	3	0	255
 79225	28	28	43	97	102	4	0	255
 79270	28	28	43	97	102	4	0	255
 79316	28	28	43	97	102	3	0	255
 79361	28	28	43	97	102	4	0	255
 79406	28	28	43	97	102	3	0	255
 79452	28	28	43	97	102	5	16	255
 79497	28	28	43	97	102	5	16	255
 79542	28	28	43	97	102	5	16	255
 79588	28	28	43	97	102	3	16	255
 79633	28	28	43	97	102	4	16	255
 79678	28	28	43	97	102	4	16	255
 79724	28	28	43	97	102	3	16	255
 79769	28	28	43	97	102	4	16	255
 79814	28	28	43	97	102	3	16	255
 79860	28	28	43	98	102	3	0	255
 79905	28	28	43	98	102	5	0	255
 79950	28	28	43	98	102	4	0	255
 79996	28	28	43	98	102	4	0	255
 80041	28	28	43	98	102	5	0	255
 80086	28	28	43	98	102	5	0	255
 80132	28	28	43	98	102	5	0	255
 80177	28	28	43	98	102	4	0	255
 80222	28	28	43	98	102	5	0	255
 80268	28	28	43	98	102	5	0	255
 80313	28	28	43	98	102	4	0	255
 80359	28	28	43	98	102	4	0	255
 80404	28	28	43	98	102	5	0	255
 80450	28	28	43	98	102	4	0	255
 80495	28	28	43	98	102	4	0	255
 80540	28	28	43	98	102	4	0	255
 80585	28	28	43	98	102	5	0	255
 80631	28	28	43	98	102	3	0	255
 80676	28	28	43	98	102	3	0	255
 80721	28	28	43	98	102	3	0	255
 80767	28	28	43	98	102	3	0	255
 80812	28	28	43	98	102	3	0	255
 80857	28	28	43	98	102	4	0	255
 80903	28	28	43	98	102	4	0	255
 80948	28	28	43	98	102	5	0	255
 80993	28	28	43	98	102	5	0	255
 81039	28	28	43	98	102	4	0	255
 81084	28	28	43	98	102	3	0	255
 81129	28	28	43	98	102	3	0	255
 81175	28	28	43	98	102	4	0	255
 81220	28	28	43	98	102	4	0	255
 81266	28	28	43	98	102	4	0	255
 81311	28	28	43	98	102	4	0	255
 81356	28	28	43	98	102	5	0	255
 81402	28	28	43	98	102	4	0	255
 81447	28	28	43	98	102	5	0	255
 81492	28	28	43	98	102	4	0	255
 81538	28	28	43	98	102	5	0	255
 81583	28	28	43	98	102	5	0	255
 81628	28	28	43	98	102	4	0	255
 81674	28	28	43	98	102	4	0	255
 81719	28	28	43	98	102	5	0	255
 81764	28	28	43	98	102	5	0	255
 81810	28	28	43	98	102	5	0	255
 81855	28	28	43	98	102	4	0	255
 81900	28	28	43	98	102	4	0	255
 81946	28	28	43	98	102	4	0	255
 81991	28	28	43	98	102	5	0	255
 82036	28	28	43	98	102	5	0	255
 82082	28	28	43	98	102	5	0	255
 82127	28	28	43	98	102	5	0	255
 82172	28	28	43	98	102	5	0	255
 82218	28	28	43	98	102	4	0	255
 82263	28	28	43	98	102	5	0	255
 82309	28	28	43	98	102	4	0	255
 82354	28	28	43	98	102	5	0	255
 82399	28	28	43	98	102	5	0	255
 82445	28	28	43	98	102	4	0	255
 82490	28	28	43	98	102	5	0	255
 82535	28	28	43	98	102	4	0	255
 82581	28	28	43	98	102	5	0	255
 82626	28	28	43	98	102	4	0	255
 82671	28	28	43	98	102	4	0	255
 82717	28	28	43	98	102	4	0	255
 82762	28	28	43	98	102	4	0	255
 82807	28	28	43	98	102	5	0	255
 82853	28	28	43	98	102	4	0	255
 82898	28	28	43	98	102	3	0	255
 82943	28	28	43	98	102	4	0	255
 82989	28	28	43	98	102	4	0	255
 83034	28	28	43	98	102	4	0	255
 83080	28	28	43	98	102	4	0	255
 83125	28	28	43	98	101	4	0	255
 83170	28	28	43	98	101	3	0	255
 83216	28	28	43	98	101	4	0	255
 83261	28	28	43	98	101	4	0	255
 83310	28	28	43	98	101	5	0	255
 83352	28	28	43	98	101	5	0	255
 83397	28	28	43	98	101	5	0	255
 83442	28	28	43	98	101	4	0	255
 83488	28	28	43	98	101	4	0	255
 83533	28	28	43	98	101	4	0	255
 83578	28	28	43	98	101	4	0	255
 83624	28	28	43	98	101	4	0	255
 83669	28	28	43	98	101	5	0	255
 83714	28	28	43	98	101	4	0	255
 83760	28	28	43	98	101	3	0	255
 83805	28	28	43	98	101	5	0	255
 83850	28	28	43	98	101	5	0	255
 83896	28	28	43	98	101	4	0	255
 83941	28	28	43	98	101	3	0	255
 83987	28	28	43	98	101	3	0	255
 84032	28	28	43	98	101	4	0	255
 84077	28	28	43	98	101	5	0	255
 84123	28	28	43	98	101	4	0	255
 84168	28	28	43	98	101	4	0	255
 84213	28	28	43	98	101	5	0	255
 84259	28	28	43	98	101	5	0	255
 84304	28	28	43	98	101	5	0	255
 84349	28	28	43	98	101	6	0	255
 84395	28	28	43	98	101	5	0	255
 84440	28	28	43	98	101	4	0	255
 84485	28	28	43	98	101	3	0	255
 84531	28	28	43	98	101	5	0	255
 84576	28	28	43	98	101	4	0	255
 84621	28	28	43	98	101	5	0	255
 84667	28	28	43	98	101	4	0	255
 84712	28	28	43	98	101	4	0	255
 84757	28	28	43	98	101	3	0	255
 84803	28	28	43	98	101	4	0	255
 84848	28	28	43	98	101	5	0	255
 84894	28	28	43	98	101	4	0	255
 84939	28	28	43	98	101	5	0	255
 84984	28	28	43	98	101	4	0	255
 85030	28	28	43	98	101	4	0	255
 85075	28	28	43	98	101	5	0	255
 85120	28	28	43	98	101	4	0	255
 85166	28	28	43	98	101	4	0	255
 85211	28	28	43	98	101	4	0	255
 85256	28	28	43	98	101	4	0	255
 85302	28	28	43	98	101	5	0	255
 85347	28	28	43	98	101	4	0	255
 85392	28	28	43	98	101	4	0	255
 85438	28	28	43	98	101	4	0	255
 85483	28	28	43	98	101	5	0	255
 85528	28	28	43	98	101	4	0	255
 85574	28	28	43	98	101	4	0	255
 85619	28	28	43	98	101	5	0	255
 85664	28	28	43	98	101	4	0	255
 85710	28	28	43	98	101	4	0	255
 85755	28	28	43	98	101	4	0	255
 85801	28	28	43	98	101	4	0	255
 85846	28	28	43	97	101	4	0	255
 85891	28	28	43	97	101	5	0	255
 85937	28	28	43	97	101	4	0	255
 85982	28	28	43	97	101	5	0	255
 86027	28	28	43	97	101	5	0	255
 86073	28	28	43	97	101	4	0	255
 86118	28	28	43	97	101	5	0	255
 86163	28	28	43	97	101	5	0	255
 86209	28	28	43	97	101	5	0	255
 86254	28	28	43	97	101	4	0	255
 86299	28	28	43	97	101	4	0	255
 86345	28	28	43	97	101	4	0	255
 86390	28	28	43	97	101	5	0	255
