HomeCentral
 Falkenstrasse 20
 8630 Rueti
 Datum: 19.10.14 00:00
 
 Startzeit: 2014-10-19 00:00:44 +0100
 89	51	51	41	133	141	22	0	255
 135	51	51	41	132	141	23	0	255
 180	51	51	41	132	141	22	0	255
 225	51	51	41	132	141	22	0	255
 271	51	51	41	132	141	22	0	255
 316	51	51	41	132	141	22	0	255
 366	51	50	41	132	141	22	0	255
 407	51	50	41	132	141	22	0	255
 452	51	51	41	132	141	22	0	255
 498	51	51	41	132	141	22	0	255
 543	51	51	41	132	141	22	0	255
 588	51	50	41	132	141	22	0	255
 634	51	50	41	132	141	23	0	255
 679	51	50	41	132	141	22	0	255
 724	51	50	41	132	141	22	0	255
 773	51	50	41	132	141	22	0	255
 815	51	50	41	132	141	22	0	255
 860	51	50	41	132	141	22	0	255
 906	51	50	41	132	141	22	0	255
 951	51	50	41	132	141	22	0	255
 996	51	50	41	132	141	22	0	255
 1042	51	50	41	132	141	22	0	255
 1087	51	50	41	132	141	22	0	255
 1132	51	50	41	132	141	22	0	255
 1178	51	50	41	132	141	23	0	255
 1223	51	50	41	132	141	22	0	255
 1269	51	50	41	132	141	22	0	255
 1315	51	50	41	132	141	22	0	255
 1360	51	50	41	132	141	22	0	255
 1405	51	50	42	132	141	22	0	255
 1450	51	50	42	132	141	22	0	255
 1495	51	50	42	132	141	22	0	255
 1541	51	50	42	132	141	22	0	255
 1586	51	50	42	132	141	22	0	255
 1631	51	50	42	132	141	22	0	255
 1677	51	50	42	132	141	22	0	255
 1722	51	50	42	132	141	22	0	255
 1767	51	50	42	132	141	22	0	255
 1813	51	50	42	132	141	22	0	255
 1858	51	50	42	132	141	20	0	255
 1903	51	50	42	132	141	20	0	255
 1949	51	50	42	132	141	22	0	255
 1994	51	50	42	132	141	20	0	255
 2040	51	50	42	132	141	22	0	255
 2085	51	50	42	132	141	20	0	255
 2130	51	50	42	132	141	22	0	255
 2176	51	50	42	132	141	20	0	255
 2221	51	50	42	132	141	20	0	255
 2266	51	50	42	132	141	22	0	255
 2312	51	50	42	132	141	22	0	255
 2357	51	50	42	132	141	20	0	255
 2402	51	50	42	132	141	22	0	255
 2448	51	50	42	132	141	20	0	255
 2493	51	50	42	132	141	20	0	255
 2538	51	50	42	132	141	20	0	255
 2584	51	50	42	132	141	20	0	255
 2629	51	50	42	132	141	20	0	255
 2674	51	50	42	132	141	20	0	255
 2720	51	50	42	132	141	20	0	255
 2765	51	50	42	132	141	22	0	255
 2811	51	50	42	132	141	20	0	255
 2856	51	50	42	132	141	22	0	255
 2901	51	50	42	132	141	20	0	255
 2947	51	50	42	132	141	20	0	255
 2992	51	50	42	132	141	20	0	255
 3037	51	50	42	132	141	20	0	255
 3083	51	50	42	132	141	22	0	255
 3128	51	50	42	132	141	22	0	255
 3173	51	50	42	132	141	20	0	255
 3219	51	50	42	132	141	22	0	255
 3264	51	50	42	132	141	19	0	255
 3309	51	50	42	132	141	20	0	255
 3355	51	50	42	132	140	20	0	255
 3400	51	50	42	132	140	20	0	255
 3445	51	50	42	132	141	20	0	255
 3491	51	50	42	132	140	20	0	255
 3536	51	50	42	132	140	22	0	255
 3582	51	50	42	132	140	20	0	255
 3627	51	50	42	132	140	20	0	255
 3672	51	50	42	132	140	20	0	255
 3718	51	50	42	132	140	20	0	255
 3763	51	50	42	132	140	20	0	255
 3808	51	50	42	132	140	20	0	255
 3854	51	50	42	132	140	20	0	255
 3899	51	50	42	132	140	20	0	255
 3944	51	50	42	132	140	20	0	255
 3990	51	50	42	132	140	20	0	255
 4039	51	50	42	132	140	20	0	255
 4081	51	50	42	132	140	20	0	255
 4126	51	50	42	132	140	20	0	255
 4171	51	50	42	132	140	22	0	255
 4216	51	50	42	132	140	20	0	255
 4262	51	50	42	132	140	20	0	255
 4307	51	50	42	132	140	20	0	255
 4353	51	50	43	132	140	20	0	255
 4398	51	50	43	132	140	20	0	255
 4443	51	50	43	132	140	20	0	255
 4489	51	50	43	132	140	20	0	255
 4535	51	50	43	132	140	20	0	255
 4580	51	50	43	132	140	20	0	255
 4625	51	50	43	132	140	20	0	255
 4670	51	50	43	132	140	20	0	255
 4715	51	50	43	132	140	20	0	255
 4761	51	50	43	132	140	20	0	255
 4806	51	50	43	132	140	20	0	255
 4867	51	50	43	132	140	20	0	255
 4897	51	50	43	132	140	20	0	255
 4942	51	50	43	132	140	19	0	255
 4988	51	50	43	132	140	20	0	255
 5047	51	50	43	132	140	20	0	255
 5078	51	50	43	132	140	19	0	255
 5125	51	50	43	132	140	19	0	255
 5169	51	50	43	132	140	20	0	255
 5214	51	50	43	132	140	19	0	255
 5261	51	50	43	132	140	19	0	255
 5305	51	50	43	132	140	20	0	255
 5350	51	50	43	132	140	19	0	255
 5396	51	50	43	132	140	19	0	255
 5441	51	50	43	132	140	19	0	255
 5487	51	50	43	132	140	19	0	255
 5532	51	50	43	132	140	19	0	255
 5578	51	50	43	132	140	19	0	255
 5622	51	50	43	132	140	20	0	255
 5668	51	50	43	132	140	19	0	255
 5714	51	50	43	132	140	19	0	255
 5758	51	50	43	132	140	19	0	255
 5804	51	50	43	132	140	19	0	255
 5849	51	50	43	132	140	20	0	255
 5895	51	50	43	132	140	19	0	255
 5940	51	50	43	131	140	18	0	255
 5985	51	50	43	132	140	19	0	255
 6031	51	50	43	131	140	19	0	255
 6076	51	50	43	131	140	19	0	255
 6121	51	50	43	131	140	19	0	255
 6167	51	50	43	131	140	18	0	255
 6212	51	50	43	131	140	18	0	255
 6257	51	50	43	131	140	19	0	255
 6303	51	50	43	131	140	20	0	255
 6348	51	50	43	131	140	19	0	255
 6393	51	50	43	131	140	19	0	255
 6439	51	50	43	131	140	19	0	255
 6484	51	50	43	131	140	19	0	255
 6529	51	50	43	131	140	19	0	255
 6575	51	50	43	131	140	19	0	255
 6620	51	50	43	131	140	20	0	255
 6665	51	50	43	131	140	19	0	255
 6711	51	50	43	131	140	18	0	255
 6756	51	50	43	131	140	19	0	255
 6802	51	50	43	131	140	19	0	255
 6847	51	50	43	131	140	19	0	255
 6892	51	50	43	131	140	19	0	255
 6938	51	50	43	131	140	19	0	255
 6987	51	50	43	131	140	19	0	255
 7028	51	50	43	131	140	19	0	255
 7074	51	50	43	131	140	19	0	255
 7119	51	50	43	131	140	19	0	255
 7164	51	50	43	131	140	20	0	255
 7210	51	50	43	131	140	19	0	255
 7255	51	50	43	131	140	18	0	255
 7300	51	50	43	131	140	19	0	255
 7346	51	50	44	131	140	19	0	255
 7391	51	50	44	131	140	19	0	255
 7436	51	50	44	131	140	19	0	255
 7482	51	50	44	131	140	19	0	255
 7527	51	50	44	131	140	19	0	255
 7573	51	50	44	131	140	19	0	255
 7618	51	50	44	131	140	19	0	255
 7663	51	50	44	131	140	18	0	255
 7709	51	50	44	131	140	19	0	255
 7754	51	50	44	131	140	19	0	255
 7799	51	50	44	131	140	18	0	255
 7845	51	50	44	131	140	19	0	255
 7894	51	50	44	131	140	19	0	255
 7935	51	50	44	131	140	19	0	255
 7981	51	50	44	131	140	18	0	255
 8026	51	50	44	131	140	19	0	255
 8071	51	50	44	131	140	19	0	255
 8117	51	50	44	131	140	19	0	255
 8162	51	50	44	131	140	19	0	255
 8208	51	50	44	131	140	19	0	255
 8253	51	50	44	131	140	19	0	255
 8298	51	50	44	131	140	19	0	255
 8344	51	50	44	131	140	18	0	255
 8389	51	50	44	131	140	18	0	255
 8434	51	50	44	131	140	18	0	255
 8480	51	50	44	131	140	18	0	255
 8525	51	50	44	131	140	18	0	255
 8570	51	50	44	131	140	18	0	255
 8616	51	50	44	131	140	18	0	255
 8661	51	50	44	131	140	18	0	255
 8706	51	50	44	131	140	19	0	255
 8752	51	50	44	131	140	18	0	255
 8797	51	50	44	131	140	18	0	255
 8843	51	50	44	131	140	18	0	255
 8888	51	50	44	131	140	18	0	255
 8933	51	50	44	131	140	19	0	255
 8979	51	50	44	131	140	18	0	255
 9024	51	50	44	131	140	18	0	255
 9069	51	50	44	131	140	18	0	255
 9115	51	50	44	131	140	18	0	255
 9160	51	50	44	131	140	18	0	255
 9205	51	50	44	131	140	18	0	255
 9251	51	50	44	131	140	18	0	255
 9296	51	50	44	131	140	19	0	255
 9341	51	50	44	131	140	18	0	255
 9387	51	50	44	131	140	18	0	255
 9432	51	50	44	131	140	18	0	255
 9477	51	50	44	131	140	18	0	255
 9523	51	50	44	131	140	18	0	255
 9568	51	50	44	131	140	18	0	255
 9613	51	50	44	131	140	18	0	255
 9659	51	50	44	131	140	18	0	255
 9704	51	50	44	131	140	18	0	255
 9749	51	50	44	131	140	18	0	255
 9795	51	50	44	131	140	19	0	255
 9840	51	50	44	131	140	18	0	255
 9886	51	50	44	131	140	19	0	255
 9931	51	50	44	131	140	18	0	255
 9976	51	50	44	131	140	18	0	255
 10022	51	50	44	131	140	18	0	255
 10067	51	50	44	131	140	17	0	255
 10112	51	50	44	131	140	18	0	255
 10158	51	50	44	131	140	18	0	255
 10203	51	50	44	131	140	18	0	255
 10248	51	50	44	131	140	17	0	255
 10294	51	50	44	131	139	17	0	255
 10339	51	50	44	131	140	18	0	255
 10384	51	50	44	131	140	18	0	255
 10430	51	50	44	131	139	18	0	255
 10475	51	50	44	131	139	18	0	255
 10520	51	50	44	131	139	18	0	255
 10566	51	50	44	131	139	18	0	255
 10611	51	50	44	131	139	18	0	255
 10657	51	50	44	131	139	18	0	255
 10702	51	50	44	131	139	18	0	255
 10747	51	50	45	131	139	18	0	255
 10793	51	50	45	131	139	18	0	255
 10838	51	50	45	131	139	18	0	255
 10883	51	50	45	131	139	18	0	255
 10929	51	50	45	131	139	18	0	255
 10974	51	50	45	131	139	18	0	255
 11019	51	50	45	131	139	18	0	255
 11065	51	50	45	131	139	18	0	255
 11110	51	50	45	131	139	18	0	255
 11155	50	50	45	131	139	17	0	255
 11201	51	50	45	131	139	17	0	255
 11246	51	50	45	131	139	17	0	255
 11291	50	50	45	131	139	17	0	255
 11337	51	50	45	131	139	17	0	255
 11382	50	50	45	131	139	17	0	255
 11428	50	50	45	131	139	17	0	255
 11473	50	50	45	131	139	18	0	255
 11518	51	50	45	131	139	17	0	255
 11564	51	50	45	131	139	18	0	255
 11609	50	50	45	131	139	18	0	255
 11654	50	50	45	131	139	18	0	255
 11701	51	50	45	131	139	17	0	255
 11745	50	50	45	131	139	17	0	255
 11790	50	50	45	131	139	17	0	255
 11836	50	50	45	131	139	17	0	255
 11881	50	50	45	131	139	17	0	255
 11926	50	50	45	131	139	17	0	255
 11972	50	50	45	131	139	17	0	255
 12017	50	50	45	131	139	17	0	255
 12062	50	50	45	131	139	17	0	255
 12108	50	50	45	131	139	17	0	255
 12153	50	50	45	131	139	17	0	255
 12199	50	50	45	131	139	17	0	255
 12244	50	50	45	131	139	16	0	255
 12289	50	50	45	131	139	17	0	255
 12335	50	50	45	131	139	17	0	255
 12380	50	50	45	131	139	17	0	255
 12425	50	50	45	131	139	17	0	255
 12471	50	50	45	131	139	17	0	255
 12516	50	50	45	131	139	18	0	255
 12563	50	50	45	131	139	17	0	255
 12607	50	50	45	130	139	17	0	255
 12652	50	50	45	130	139	18	0	255
 12697	50	50	45	130	139	17	0	255
 12743	50	50	45	130	139	16	0	255
 12788	50	50	45	130	139	17	0	255
 12833	50	50	45	130	139	17	0	255
 12879	50	50	45	130	139	17	0	255
 12924	50	50	45	130	139	17	0	255
 12970	50	50	45	130	139	17	0	255
 13015	50	50	45	130	139	17	0	255
 13060	50	50	45	130	139	17	0	255
 13106	50	50	45	130	139	17	0	255
 13151	50	50	45	130	139	17	0	255
 13196	50	50	45	130	139	17	0	255
 13242	50	50	45	130	139	17	0	255
 13287	50	50	45	130	139	17	0	255
 13332	50	50	45	130	139	17	0	255
 13378	50	50	45	130	139	17	0	255
 13423	50	50	45	130	139	17	0	255
 13468	50	50	45	130	139	17	0	255
 13514	50	50	45	130	139	17	0	255
 13559	50	50	45	130	139	18	0	255
 13604	50	50	45	130	139	17	0	255
 13650	50	50	45	130	139	17	0	255
 13695	50	50	45	130	139	17	0	255
 13741	50	50	45	130	139	17	0	255
 13786	50	50	45	130	139	17	0	255
 13831	50	50	45	130	139	17	0	255
 13877	50	50	45	130	139	17	0	255
 13922	50	50	45	130	139	17	0	255
 13967	50	50	45	130	139	16	0	255
 14013	50	50	45	130	139	17	0	255
 14058	50	50	45	130	139	16	0	255
 14103	50	49	45	130	139	17	0	255
 14149	50	50	45	130	139	17	0	255
 14194	50	50	45	130	139	17	0	255
 14239	50	50	45	130	139	17	0	255
 14285	50	49	45	130	139	17	0	255
 14330	50	50	45	130	139	17	0	255
 14375	50	50	45	130	139	17	0	255
 14421	50	50	45	130	139	17	0	255
 14466	50	49	45	130	139	17	0	255
 14512	50	50	45	130	139	16	0	255
 14557	50	49	46	130	139	17	0	255
 14602	50	49	46	130	139	17	0	255
 14648	50	49	45	130	139	16	0	255
 14693	50	49	45	130	139	17	0	255
 14738	50	49	46	130	139	16	0	255
 14784	50	49	46	130	139	17	0	255
 14829	50	49	46	130	139	17	0	255
 14874	50	49	46	130	139	16	0	255
 14920	50	49	46	130	139	17	0	255
 14965	50	49	46	130	139	16	0	255
 15010	50	49	46	130	139	17	0	255
 15056	50	49	46	130	139	16	0	255
 15101	50	49	46	130	139	17	0	255
 15146	50	49	46	130	139	16	0	255
 15192	50	49	46	130	139	17	0	255
 15237	50	49	46	130	139	17	0	255
 15283	50	49	46	130	139	16	0	255
 15328	50	49	46	130	139	17	0	255
 15373	50	49	46	130	139	17	0	255
 15419	50	49	46	130	139	16	0	255
 15464	50	49	46	130	139	16	0	255
 15509	50	49	46	130	139	16	0	255
 15555	50	49	46	130	139	16	0	255
 15600	50	49	46	130	139	16	0	255
 15645	50	49	46	130	139	17	0	255
 15691	50	49	46	130	139	16	0	255
 15736	50	49	46	130	139	17	0	255
 15781	50	49	46	130	139	16	0	255
 15827	50	49	46	130	139	17	0	255
 15872	50	49	46	130	139	17	0	255
 15917	50	49	46	130	139	16	0	255
 15963	50	49	46	130	139	17	0	255
 16008	50	49	46	130	139	16	0	255
 16054	50	49	46	130	139	16	0	255
 16099	50	49	46	130	139	17	0	255
 16144	50	49	46	130	139	16	0	255
 16190	50	49	46	130	139	16	0	255
 16235	50	49	46	130	139	16	0	255
 16280	50	49	46	130	139	17	0	255
 16326	50	49	46	130	139	16	0	255
 16371	50	49	46	130	139	17	0	255
 16416	50	49	46	130	139	16	0	255
 16462	50	49	46	130	139	16	0	255
 16507	50	49	46	130	139	16	0	255
 16552	50	49	46	130	139	16	0	255
 16643	50	49	46	130	139	16	0	255
 16688	50	49	46	130	139	16	0	255
 16734	50	49	46	130	139	17	0	255
 16779	50	49	46	130	139	16	0	255
 16825	50	49	46	130	139	16	0	255
 16870	50	49	46	130	139	16	0	255
 16915	50	49	46	130	139	17	0	255
 16961	50	49	46	130	139	17	0	255
 17006	50	49	46	130	139	16	0	255
 17051	50	49	46	130	139	16	0	255
 17097	50	49	46	130	138	17	0	255
 17142	50	49	46	130	138	17	0	255
 17187	50	49	46	130	138	16	0	255
 17233	50	49	46	130	138	17	0	255
 17278	50	49	46	130	138	16	0	255
 17323	50	49	46	130	138	16	0	255
 17369	50	49	46	130	138	16	0	255
 17414	50	49	46	130	138	16	0	255
 17459	50	49	46	130	138	16	0	255
 17505	50	49	46	130	138	16	0	255
 17550	50	49	46	130	138	16	0	255
 17596	50	49	46	130	138	16	0	255
 17641	50	49	46	130	138	16	0	255
 17686	50	49	46	130	138	16	0	255
 17732	50	49	46	130	138	16	0	255
 17777	50	49	46	130	138	17	0	255
 17823	50	49	46	130	138	16	0	255
 17868	50	49	46	130	138	16	0	255
 17913	50	49	46	130	138	17	0	255
 17958	50	49	46	130	138	16	0	255
 18004	50	49	46	130	138	17	0	255
 18049	50	49	46	130	138	16	0	255
 18094	50	49	46	130	138	16	0	255
 18140	50	49	46	130	138	16	0	255
 18185	50	49	46	130	138	17	0	255
 18230	50	49	46	130	138	17	0	255
 18276	50	49	46	130	138	16	0	255
 18321	50	49	46	130	138	16	0	255
 18367	50	49	46	130	138	16	0	255
 18412	50	49	46	130	138	16	0	255
 18457	50	49	46	130	138	16	0	255
 18503	50	49	46	130	138	16	0	255
 18548	50	49	46	130	138	16	0	255
 18593	50	49	46	130	138	17	0	255
 18639	50	49	46	130	138	16	0	255
 18684	50	49	46	130	138	17	0	255
 18729	50	49	46	130	138	17	0	255
 18775	50	49	46	130	138	16	0	255
 18820	50	49	46	130	138	16	0	255
 18865	50	49	46	130	138	17	0	255
 18911	50	49	46	130	138	16	0	255
 18956	50	49	47	130	138	16	0	255
 19001	50	49	47	130	138	16	0	255
 19047	50	49	47	130	138	16	0	255
 19092	50	49	47	130	138	16	0	255
 19138	50	49	47	130	138	16	0	255
 19183	50	49	47	130	138	17	0	255
 19228	50	49	47	130	138	16	0	255
 19274	50	49	47	130	138	16	0	255
 19319	50	49	47	130	138	16	0	255
 19364	50	49	47	130	138	16	0	255
 19410	50	49	47	130	138	17	0	255
 19455	50	49	47	130	138	16	0	255
 19500	50	49	47	130	138	16	0	255
 19546	50	49	47	130	138	16	0	255
 19591	50	49	47	130	138	16	0	255
 19636	50	49	47	130	138	16	0	255
 19682	50	49	47	130	138	16	0	255
 19727	50	49	47	130	138	17	0	255
 19772	50	49	47	130	138	17	0	255
 19818	50	49	47	130	138	17	0	255
 19863	50	49	47	129	138	16	0	255
 19909	50	49	47	129	138	17	0	255
 19954	50	49	47	129	138	16	0	255
 19999	50	49	47	129	138	16	0	255
 20045	50	49	47	129	138	16	0	255
 20090	50	49	47	129	138	16	0	255
 20135	50	49	47	129	138	16	0	255
 20181	50	49	47	129	138	17	0	255
 20226	50	49	47	129	138	16	0	255
 20271	50	49	47	129	138	16	0	255
 20317	50	49	47	129	138	16	0	255
 20362	50	49	47	129	138	16	0	255
 20407	50	49	47	129	138	16	0	255
 20453	50	49	47	129	138	16	0	255
 20498	50	49	47	129	138	17	0	255
 20543	50	49	47	129	138	17	0	255
 20589	50	49	47	129	138	16	0	255
 20634	50	49	47	129	138	16	0	255
 20680	50	49	47	129	138	17	0	255
 20725	50	49	47	129	138	17	0	255
 20774	50	49	47	129	138	17	0	255
 20816	50	49	47	129	138	17	0	255
 20861	50	49	47	129	138	17	0	255
 20906	50	49	47	129	138	17	0	255
 20952	50	49	47	129	138	16	0	255
 20997	50	49	47	129	138	16	0	255
 21042	50	49	47	129	138	16	0	255
 21088	50	49	47	129	138	16	0	255
 21133	50	49	47	129	138	17	0	255
 21178	50	49	47	129	138	16	0	255
 21224	50	49	47	129	138	16	0	255
 21269	50	49	47	129	138	16	0	255
 21314	50	49	47	129	138	16	0	255
 21360	50	49	47	129	138	17	0	255
 21405	50	49	47	129	138	17	0	255
 21451	50	49	47	129	138	16	0	255
 21496	50	49	47	129	138	16	0	255
 21541	50	49	47	129	138	16	0	255
 21587	50	49	47	129	138	16	0	255
 21632	50	49	47	129	138	16	0	255
 21677	50	49	47	129	138	16	0	255
 21723	50	49	47	129	138	17	0	255
 21769	50	49	47	129	138	17	0	255
 21813	50	49	47	129	138	16	0	255
 21859	50	49	47	129	138	16	0	255
 21904	50	49	47	129	138	16	0	255
 21949	50	49	47	129	138	16	0	255
 21995	50	49	47	129	138	14	0	255
 22040	50	49	47	129	138	16	0	255
 22085	50	49	47	129	138	16	0	255
 22131	50	49	47	129	138	16	0	255
 22176	50	49	47	129	138	16	0	255
 22222	50	49	47	129	138	16	0	255
 22267	50	49	47	129	138	16	0	255
 22312	50	49	47	129	138	16	0	255
 22358	50	49	47	129	138	16	0	255
 22403	50	49	47	129	138	16	0	255
 22448	50	49	47	129	138	16	0	255
 22494	50	49	47	129	138	16	0	255
 22539	50	49	47	129	138	17	0	255
 22584	50	49	47	129	138	14	0	255
 22630	50	49	47	129	138	17	0	255
 22675	50	49	47	129	138	16	0	255
 22720	50	49	47	129	138	16	0	255
 22766	50	49	47	129	138	16	0	255
 22811	50	49	47	129	138	16	0	255
 22856	50	49	47	129	138	14	0	255
 22902	50	49	47	129	138	16	0	255
 22947	50	49	47	129	138	17	0	255
 22993	50	49	47	129	138	16	0	255
 23042	50	49	47	129	138	16	0	255
 23083	50	49	47	129	138	16	0	255
 23129	50	49	47	129	138	16	0	255
 23174	50	49	47	129	138	16	0	255
 23219	50	49	47	129	138	16	0	255
 23265	50	49	47	129	138	16	0	255
 23310	50	49	47	129	138	16	0	255
 23355	50	49	47	129	138	16	0	255
 23401	50	49	47	129	138	16	0	255
 23446	50	49	47	129	137	16	0	255
 23491	50	49	47	129	138	16	0	255
 23537	50	49	47	129	137	16	0	255
 23582	50	49	47	129	137	16	0	255
 23627	50	49	47	129	137	17	0	255
 23673	50	49	47	129	137	16	0	255
 23718	50	49	47	129	137	16	0	255
 23764	50	49	47	129	137	16	0	255
 23809	50	49	47	129	137	16	0	255
 23854	50	49	47	129	137	16	0	255
 23900	50	49	47	129	137	17	0	255
 23945	50	49	47	129	137	16	0	255
 23990	50	49	47	129	137	16	0	255
 24036	50	49	47	129	137	14	0	255
 24081	50	49	48	129	137	16	0	255
 24126	50	49	48	129	137	16	0	255
 24172	50	49	47	129	137	14	0	255
 24217	50	49	47	129	137	14	0	255
 24263	50	49	48	129	137	16	0	255
 24308	50	49	48	129	137	16	0	255
 24353	50	49	48	129	137	14	0	255
 24398	50	49	48	129	137	16	0	255
 24447	50	49	48	129	137	16	0	255
 24489	50	49	48	129	137	16	0	255
 24535	50	49	48	129	137	16	0	255
 24580	50	49	48	129	137	14	0	255
 24625	50	49	48	129	137	16	0	255
 24671	50	49	48	129	137	16	0	255
 24716	50	49	48	129	137	16	0	255
 24761	50	49	48	129	137	16	0	255
 24807	50	49	48	129	137	16	0	255
 24852	50	49	48	129	137	16	0	255
 24897	50	49	48	129	137	14	0	255
 24943	50	49	48	129	137	16	0	255
 24988	50	49	48	129	137	16	0	255
 25033	50	49	48	129	137	16	0	255
 25079	50	49	48	129	137	14	0	255
 25124	50	49	48	129	137	14	0	255
 25169	50	49	48	129	137	16	0	255
 25215	50	49	48	129	137	14	0	255
 25260	50	49	48	129	137	14	0	255
 25306	50	49	48	129	137	16	0	255
 25351	50	49	48	129	137	16	0	255
 25396	50	49	48	129	137	16	0	255
 25442	50	49	48	129	137	14	0	255
 25487	50	49	48	129	137	14	0	255
 25532	50	49	48	129	137	14	0	255
 25578	50	49	48	129	137	16	0	255
 25623	50	49	48	129	137	14	0	255
 25714	50	49	48	129	137	14	0	255
 25759	49	49	48	129	137	16	0	255
 25804	49	49	48	129	137	14	0	255
 25850	50	49	48	129	137	16	0	255
 25895	50	49	48	129	137	16	0	255
 25940	49	49	48	129	137	16	0	255
 25986	49	49	48	129	137	16	0	255
 26031	49	49	48	129	137	14	0	255
 26077	50	49	48	129	137	16	0	255
 26122	49	49	48	129	137	16	0	255
 26167	49	49	48	129	137	14	0	255
 26213	49	49	48	129	137	16	0	255
 26258	49	49	48	129	137	14	0	255
 26303	49	49	48	129	137	14	0	255
 26349	49	49	48	129	137	14	0	255
 26394	49	49	48	129	137	14	0	255
 26439	49	49	48	129	137	14	0	255
 26485	49	49	48	129	137	16	0	255
 26530	49	49	48	129	137	14	0	255
 26575	49	49	48	129	137	14	0	255
 26621	49	49	48	129	137	14	0	255
 26666	49	49	48	129	137	14	0	255
 26711	49	48	48	129	137	16	0	255
 26757	49	49	48	129	137	14	0	255
 26802	49	49	48	129	137	13	0	255
 26848	49	49	48	129	137	14	0	255
 26893	49	48	48	129	137	16	0	255
 26938	49	49	48	129	137	14	0	255
 26984	49	49	48	128	137	14	0	255
 27029	49	49	48	128	137	14	0	255
 27074	49	49	48	128	137	14	0	255
 27120	49	48	48	129	137	14	0	255
 27165	49	49	48	129	137	14	0	255
 27210	49	49	48	128	137	14	0	255
 27256	49	49	48	128	137	14	0	255
 27301	49	48	48	128	137	14	0	255
 27346	49	48	48	128	137	14	0	255
 27392	49	48	48	128	137	13	0	255
 27437	49	48	48	128	137	14	0	255
 27482	49	48	48	128	137	14	0	255
 27528	49	48	48	128	137	14	0	255
 27573	49	48	48	128	137	13	0	255
 27619	49	48	48	128	137	14	0	255
 27664	49	48	48	128	137	14	0	255
 27709	49	48	48	128	137	14	0	255
 27755	49	48	48	128	137	14	0	255
 27800	49	48	48	128	137	16	0	255
 27845	49	48	48	128	137	14	0	255
 27891	49	48	48	128	137	14	0	255
 27936	49	48	48	128	137	16	0	255
 27981	49	48	48	128	137	16	0	255
 28027	49	48	48	128	137	14	0	255
 28072	49	48	48	128	137	16	0	255
 28117	49	48	48	128	137	14	0	255
 28163	49	48	48	128	137	16	0	255
 28208	49	48	48	128	137	16	0	255
 28253	49	48	48	128	137	14	0	255
 28299	49	48	48	128	137	16	0	255
 28344	49	48	48	128	137	16	0	255
 28390	49	48	48	128	137	14	0	255
 28435	49	48	48	128	137	14	0	255
 28480	49	48	48	128	137	16	0	255
 28526	49	48	48	128	137	16	0	255
 28571	49	48	48	128	137	16	0	255
 28616	49	48	48	128	137	16	0	255
 28662	49	48	48	128	137	16	0	255
 28707	49	48	48	128	137	16	0	255
 28752	49	48	48	128	137	14	0	255
 28798	49	48	48	128	137	16	0	255
 28843	49	48	48	128	137	16	0	255
 28934	49	48	48	128	137	16	0	255
 28979	49	48	48	128	137	14	0	255
 29024	49	48	48	128	137	14	0	255
 29070	49	48	48	128	137	16	0	255
 29115	49	48	48	128	137	16	0	255
 29161	49	48	48	128	137	16	0	255
 29206	49	48	48	128	137	16	0	255
 29251	49	48	48	128	137	16	0	255
 29297	49	48	48	128	137	16	0	255
 29342	49	48	48	128	137	17	0	255
 29387	49	48	48	128	137	16	0	255
 29433	49	48	48	128	137	17	0	255
 29478	49	48	48	128	136	16	0	255
 29523	49	48	48	128	137	17	0	255
 29569	49	48	48	128	137	16	0	255
 29614	49	48	48	128	137	17	0	255
 29659	49	48	48	128	137	17	0	255
 29705	49	48	48	128	137	16	0	255
 29750	49	48	48	128	137	17	0	255
 29795	49	48	48	128	137	18	0	255
 29841	49	48	48	128	136	17	0	255
 29886	49	48	48	128	137	17	0	255
 29931	49	48	48	128	136	17	0	255
 29977	49	48	48	128	136	17	0	255
 30022	49	48	48	128	136	17	0	255
 30068	49	48	48	128	136	17	0	255
 30113	49	48	48	128	136	18	0	255
 30158	49	48	48	128	136	18	0	255
 30204	49	48	48	128	136	18	0	255
 30249	49	48	48	128	136	18	0	255
 30294	49	48	48	128	136	18	0	255
 30340	49	48	48	128	136	19	0	255
 30385	49	48	48	128	136	18	0	255
 30430	49	48	49	128	136	18	0	255
 30476	49	48	48	128	136	18	0	255
 30521	49	48	49	128	136	19	0	255
 30566	49	48	49	128	136	19	0	255
 30612	49	48	48	128	136	19	0	255
 30657	49	48	49	128	136	19	0	255
 30702	49	48	49	128	136	19	0	255
 30748	49	48	49	128	136	20	0	255
 30793	49	48	49	128	136	19	0	255
 30839	49	48	49	128	136	19	0	255
 30884	49	48	49	128	136	19	0	255
 30929	49	48	49	128	136	20	0	255
 30975	49	48	49	128	136	20	0	255
 31020	49	48	49	128	136	20	0	255
 31065	49	48	49	128	136	20	0	255
 31111	49	48	49	128	136	20	0	255
 31156	49	48	49	128	136	20	0	255
 31201	49	48	49	128	136	22	0	255
 31247	49	48	49	128	136	22	0	255
 31292	49	48	49	128	136	20	0	255
 31337	49	48	49	128	136	22	0	255
 31383	49	48	49	128	136	23	0	255
 31428	49	48	49	128	136	22	0	255
 31473	49	48	49	128	136	23	0	255
 31519	49	48	49	128	136	22	0	255
 31564	49	48	49	128	136	22	0	255
 31610	49	48	49	128	136	23	0	255
 31655	49	48	49	128	136	23	0	255
 31700	49	48	49	128	136	23	0	255
 31746	49	48	49	128	136	23	0	255
 31791	49	48	49	128	136	24	0	255
 31836	49	48	49	128	136	23	0	255
 31882	49	48	49	128	136	24	0	255
 31927	49	48	49	128	136	24	0	255
 31972	49	48	49	128	136	24	0	255
 32018	49	48	49	128	136	24	0	255
 32063	49	48	49	128	136	24	0	255
 32108	49	48	49	128	136	24	0	255
 32154	49	48	49	128	136	24	0	255
 32199	49	48	49	128	136	25	0	255
 32244	49	48	49	128	136	25	0	255
 32290	49	48	49	128	136	25	0	255
 32335	49	48	49	128	136	24	0	255
 32381	49	48	49	128	136	25	0	255
 32426	49	48	49	128	136	25	0	255
 32471	49	48	49	128	136	25	0	255
 32517	49	48	49	128	136	26	0	255
 32562	49	48	49	128	136	26	0	255
 32607	49	48	49	128	136	25	0	255
 32653	49	48	49	128	136	26	0	255
 32698	49	48	49	128	136	26	0	255
 32743	49	48	49	128	136	26	0	255
 32789	49	48	49	128	136	26	0	255
 32834	49	48	49	128	136	26	0	255
 32879	49	48	49	128	136	28	0	255
 32925	49	48	49	128	136	26	0	255
 32970	49	48	49	128	136	28	0	255
 33015	49	48	49	128	136	26	0	255
 33061	49	48	49	128	136	28	0	255
 33106	49	48	49	128	136	28	0	255
 33152	49	48	49	128	136	29	0	255
 33197	49	48	49	128	136	29	0	255
 33242	49	48	49	128	136	28	0	255
 33292	49	48	49	128	136	30	0	255
 33333	49	48	49	128	136	30	0	255
 33382	49	48	49	128	136	30	0	255
 33424	49	48	49	128	136	31	0	255
 33469	49	48	49	128	136	31	0	255
 33514	49	48	49	128	136	32	0	255
 33560	49	48	49	128	136	34	0	255
 33605	49	48	49	128	136	35	0	255
 33650	49	48	49	128	136	36	0	255
 33696	49	48	49	128	136	37	0	255
 33741	49	48	49	128	136	38	0	255
 33786	49	48	49	128	136	41	0	255
 33832	49	48	49	128	136	42	0	255
 33877	49	48	49	128	136	42	0	255
 33923	49	48	49	128	136	44	0	255
 33968	49	48	49	128	136	46	0	255
 34013	49	48	49	128	136	47	0	255
 34059	49	48	49	128	136	47	0	255
 34104	49	48	49	127	136	48	0	255
 34149	49	48	49	128	136	50	0	255
 34195	49	48	49	128	136	52	0	255
 34240	49	48	49	128	136	53	0	255
 34285	49	48	49	127	136	54	0	255
 34331	49	48	49	128	136	54	0	255
 34376	49	48	49	127	136	54	0	255
 34422	49	48	49	127	136	54	0	255
 34467	49	48	49	127	136	57	0	255
 34512	49	48	49	127	136	58	0	255
 34558	49	48	49	127	136	60	0	255
 34603	49	48	49	127	136	61	0	255
 34648	49	48	49	127	136	62	0	255
 34694	49	48	49	127	136	64	0	255
 34739	49	48	49	127	136	66	0	255
 34784	49	48	49	127	136	67	0	255
 34830	49	48	49	127	136	68	0	255
 34875	49	48	49	127	136	71	0	255
 34920	49	48	49	127	136	72	0	255
 34966	49	48	49	127	136	72	0	255
 35011	49	48	49	127	136	74	0	255
 35056	49	48	49	127	136	72	0	255
 35102	49	48	49	127	136	74	0	255
 35193	49	48	49	127	136	71	0	255
 35238	49	48	49	127	136	70	0	255
 35283	49	48	49	127	136	70	0	255
 35329	49	48	49	127	136	71	0	255
 35375	49	48	49	127	136	72	0	255
 35419	49	48	49	127	136	75	0	255
 35465	49	48	49	127	136	76	0	255
 35510	49	48	49	127	136	76	0	255
 35555	49	48	49	127	136	78	0	255
 35601	49	48	49	127	136	78	0	255
 35646	49	48	49	127	136	78	0	255
 35691	49	48	49	127	136	79	0	255
 35737	49	48	49	127	136	80	0	255
 35782	49	48	49	127	136	80	0	255
 35828	49	48	49	127	136	80	0	255
 35873	49	48	49	127	136	80	0	255
 35918	49	48	49	127	136	79	0	255
 35964	49	48	49	127	135	78	0	255
 36009	49	48	49	127	136	78	0	255
 36054	49	48	49	127	135	78	0	255
 36100	49	48	49	127	136	79	0	255
 36190	49	48	49	127	135	78	0	255
 36236	49	48	49	127	135	78	0	255
 36281	49	48	49	127	135	82	0	255
 36326	49	48	49	127	135	84	0	255
 36372	49	48	49	127	135	85	0	255
 36417	49	48	49	127	135	88	0	255
 36462	49	48	49	127	135	90	0	255
 36508	49	48	49	127	135	92	0	255
 36553	49	48	49	127	135	93	0	255
 36599	48	47	49	127	135	96	8	255
 36644	53	50	49	127	135	108	8	255
 36689	67	55	49	127	135	116	8	255
 36735	78	59	49	127	135	116	8	255
 36780	84	62	49	127	135	106	8	255
 36826	84	64	49	127	135	97	8	255
 36871	83	65	49	127	135	97	8	255
 36920	82	66	49	127	135	98	8	255
 36961	82	67	49	127	135	94	8	255
 37007	81	68	49	127	135	90	0	255
 37052	79	68	49	127	135	92	0	255
 37143	77	67	49	127	135	98	8	255
 37188	78	66	49	127	135	101	8	255
 37234	81	66	49	127	135	105	8	255
 37279	84	67	49	127	135	106	8	255
 37324	86	68	49	127	135	106	8	255
 37370	87	69	49	127	135	108	8	255
 37415	89	69	50	127	135	110	8	255
 37460	90	70	50	127	135	110	8	255
 37506	91	70	50	127	135	110	8	255
 37596	91	71	50	127	135	108	8	255
 37642	91	71	50	127	135	106	8	255
 37687	91	72	50	127	135	108	8	255
 37732	91	72	50	127	135	109	8	255
 37778	91	72	50	127	135	109	8	255
 37823	92	72	50	127	135	110	8	255
 37868	92	73	50	127	135	112	8	255
 37914	93	73	50	127	135	113	8	255
 37959	94	73	50	127	135	113	8	255
 38050	95	74	50	127	135	114	8	255
 38095	95	74	50	127	135	114	8	255
 38141	96	74	50	127	135	116	8	255
 38186	96	74	50	127	135	116	8	255
 38231	97	74	51	127	135	118	8	255
 38277	97	75	51	127	135	119	8	255
 38322	98	75	51	127	135	118	8	255
 38368	98	75	51	127	135	119	8	255
 38413	99	75	51	127	135	120	8	255
 38462	99	76	51	127	135	120	8	255
 38503	100	76	51	127	135	120	8	255
 38553	100	76	51	127	135	122	8	255
 38594	100	76	51	127	135	123	8	255
 38639	101	76	51	127	135	123	8	255
 38685	101	77	51	127	135	122	8	255
 38730	102	77	51	127	135	124	8	255
 38821	103	77	51	127	135	124	8	255
 38866	103	77	52	127	135	124	8	255
 38912	103	78	52	127	135	126	8	255
 38957	104	78	52	127	135	126	8	255
 39002	104	78	52	127	135	126	8	255
 39048	105	78	52	127	135	127	8	255
 39093	105	79	52	127	135	127	8	255
 39138	106	79	52	127	135	128	8	255
 39184	106	79	52	127	135	128	8	255
 39229	106	79	52	127	135	130	8	255
 39274	107	79	52	127	135	130	8	255
 39320	107	80	52	127	135	130	8	255
 39365	108	80	52	127	135	131	8	255
 39410	108	80	53	127	135	131	8	255
 39456	108	80	53	127	135	131	8	255
 39501	109	80	53	127	135	132	8	255
 39547	109	81	53	127	135	132	8	255
 39592	110	81	53	127	135	132	8	255
 39637	110	81	53	127	135	132	8	255
 39683	110	81	53	127	135	134	8	255
 39728	111	81	53	127	135	136	8	255
 39773	111	82	53	127	135	136	8	255
 39819	112	82	53	127	135	136	8	255
 39864	112	82	53	127	135	137	8	255
 39909	112	82	53	127	135	137	8	255
 39955	113	82	54	127	135	137	8	255
 40000	113	83	54	127	135	140	8	255
 40045	114	83	54	127	135	140	8	255
 40091	114	83	54	127	135	140	8	255
 40140	114	83	54	127	135	140	8	255
 40182	115	83	54	127	135	140	8	255
 40227	115	84	54	127	135	141	8	255
 40272	115	84	54	127	135	140	8	255
 40318	116	84	54	127	135	142	8	255
 40363	116	84	54	127	135	141	8	255
 40408	117	85	54	127	135	142	8	255
 40454	117	85	55	127	135	142	8	255
 40499	117	85	55	127	135	142	8	255
 40544	118	85	55	127	135	142	8	255
 40590	118	85	55	127	135	144	8	255
 40635	118	85	55	127	135	144	8	255
 40680	119	86	55	127	135	145	8	255
 40726	119	86	55	127	135	145	8	255
 40771	119	86	55	127	135	146	8	255
 40817	120	86	55	127	135	145	8	255
 40862	120	86	55	127	135	146	8	255
 40907	120	87	55	127	135	146	8	255
 40953	121	87	55	127	135	148	8	255
 40998	121	87	56	127	135	148	8	255
 41048	121	87	56	127	135	148	8	255
 41089	122	88	56	127	135	148	8	255
 41134	122	88	56	127	135	148	8	255
 41179	122	88	56	127	135	148	8	255
 41225	123	88	56	127	135	150	8	255
 41270	123	88	56	127	135	148	8	255
 41315	123	88	56	127	135	150	8	255
 41361	124	89	56	127	135	151	8	255
 41406	124	89	56	127	135	152	8	255
 41452	124	89	56	127	135	152	8	255
 41497	125	89	57	127	135	154	8	255
 41542	125	89	57	127	135	152	8	255
 41588	125	90	57	128	135	154	8	255
 41678	126	90	57	128	135	154	8	255
 41724	126	90	57	128	135	154	8	255
 41773	127	90	57	128	135	154	8	255
 41814	127	91	57	128	135	155	8	255
 41860	127	91	57	128	135	156	8	255
 41905	128	91	57	128	135	155	8	255
 41950	128	91	58	128	135	156	8	255
 41996	128	91	58	128	135	156	8	255
 42041	129	91	58	128	135	158	8	255
 42086	129	92	58	128	135	158	8	255
 42132	129	92	58	129	135	158	8	255
 42177	130	92	58	129	135	160	8	255
 42223	130	92	58	129	135	160	8	255
 42268	130	92	58	129	135	161	8	255
 42317	131	93	58	129	135	160	8	255
 42359	131	93	58	129	135	160	8	255
 42404	131	93	59	129	135	160	8	255
 42495	132	93	59	129	135	161	8	255
 42540	132	93	59	129	135	162	8	255
 42585	132	94	59	129	135	161	8	255
 42631	133	94	59	130	134	162	8	255
 42676	133	94	59	130	135	164	8	255
 42721	133	94	59	130	135	164	8	255
 42767	134	94	59	130	135	165	8	255
 42812	134	94	59	130	134	165	8	255
 42857	134	95	60	130	134	164	8	255
 42903	135	95	60	130	134	165	8	255
 42948	135	95	60	130	134	165	8	255
 42994	135	95	60	130	134	164	8	255
 43039	135	95	60	130	134	166	8	255
 43084	136	95	60	131	134	166	8	255
 43130	136	95	60	131	134	166	8	255
 43175	136	96	60	131	135	166	8	255
 43220	136	96	60	131	135	166	8	255
 43266	137	96	60	131	135	168	8	255
 43311	137	96	61	131	135	170	8	255
 43356	137	96	61	131	135	170	8	255
 43402	138	96	61	131	135	168	8	255
 43447	138	97	61	132	135	170	8	255
 43492	138	97	61	132	135	170	8	255
 43538	139	97	61	132	135	170	8	255
 43583	139	97	61	132	135	171	8	255
 43629	139	97	61	132	135	171	8	255
 43674	139	97	61	132	135	171	8	255
 43719	140	97	61	132	135	172	8	255
 43765	140	98	62	132	135	174	8	255
 43810	140	98	62	132	135	172	8	255
 43855	141	98	62	132	135	172	8	255
 43901	141	98	62	133	135	172	8	255
 43946	141	98	62	133	135	172	8	255
 43991	141	98	62	133	135	176	8	255
 44037	142	99	62	133	135	174	8	255
 44082	142	99	62	133	135	174	8	255
 44127	142	99	62	133	136	174	8	255
 44173	142	99	62	133	136	174	8	255
 44218	142	99	63	133	136	172	8	255
 44264	141	99	63	133	136	172	8	255
 44309	141	99	63	133	136	174	8	255
 44354	141	99	63	133	136	172	8	255
 44400	141	100	63	133	136	174	8	255
 44445	141	100	63	133	136	174	8	255
 44490	142	100	63	133	136	174	8	255
 44536	142	100	63	133	136	176	8	255
 44581	143	100	63	134	136	176	8	255
 44626	143	100	63	134	136	178	8	255
 44672	144	100	64	134	136	178	8	255
 44717	144	101	64	134	136	178	8	255
 44762	145	101	64	134	136	178	8	255
 44808	145	101	64	134	136	178	8	255
 44853	145	101	64	134	137	178	8	255
 44899	145	101	64	134	137	180	8	255
 44944	146	101	64	134	137	180	8	255
 44989	146	101	64	134	137	178	8	255
 45035	146	101	64	134	137	180	8	255
 45080	146	102	64	134	137	180	8	255
 45125	147	102	65	134	137	182	8	255
 45171	147	102	65	134	137	182	8	255
 45216	147	102	65	135	137	183	8	255
 45261	147	102	65	135	137	183	8	255
 45307	148	102	65	135	137	183	8	255
 45356	148	102	65	135	137	183	8	255
 45397	148	102	65	135	137	182	8	255
 45443	148	103	65	135	138	183	8	255
 45488	149	103	65	135	138	183	8	255
 45534	149	103	65	135	138	183	8	255
 45579	149	103	65	135	138	183	8	255
 45624	149	103	65	135	138	184	8	255
 45670	149	103	66	135	138	186	8	255
 45760	150	103	66	136	138	186	8	255
 45806	150	103	66	136	138	186	8	255
 45851	150	103	66	136	138	184	8	255
 45896	150	104	66	136	138	184	8	255
 45942	151	104	66	136	138	186	8	255
 45987	151	104	66	136	139	186	8	255
 46032	151	104	66	136	139	184	8	255
 46078	151	104	66	136	139	186	8	255
 46123	151	104	66	136	139	186	8	255
 46168	151	104	67	136	139	186	8	255
 46214	152	104	67	136	139	188	8	255
 46259	152	104	67	137	139	188	8	255
 46305	152	104	67	137	139	186	8	255
 46350	152	105	67	137	139	189	8	255
 46395	152	105	67	137	139	188	8	255
 46441	152	105	67	137	139	188	8	255
 46486	153	105	67	137	140	189	8	255
 46531	153	105	67	137	140	189	8	255
 46577	153	105	67	137	140	190	8	255
 46622	153	105	67	137	140	189	8	255
 46667	153	105	68	137	140	190	8	255
 46713	153	105	68	137	140	188	8	255
 46758	153	106	68	137	140	189	8	255
 46807	154	106	68	138	140	189	8	255
 46849	154	106	68	138	140	190	8	255
 46894	154	106	68	138	140	190	8	255
 46939	154	106	68	138	140	192	8	255
 46985	154	106	68	138	141	190	8	255
 47030	154	106	68	138	141	190	8	255
 47076	154	106	68	138	141	189	8	255
 47121	155	106	68	138	141	190	8	255
 47166	155	106	68	138	141	190	8	255
 47212	155	106	69	138	141	192	8	255
 47257	155	107	69	139	141	192	8	255
 47302	155	107	69	139	141	192	8	255
 47348	155	107	69	139	141	192	8	255
 47393	155	107	69	139	141	194	8	255
 47438	155	107	69	139	142	190	8	255
 47484	156	107	69	139	142	194	8	255
 47529	156	107	69	139	142	194	8	255
 47574	156	107	69	139	142	192	8	255
 47620	156	107	69	139	142	192	8	255
 47665	156	107	69	139	142	194	8	255
 47710	156	107	69	140	142	195	8	255
 47756	156	108	69	140	142	195	8	255
 47801	156	108	70	140	142	195	8	255
 47847	156	108	70	140	142	194	8	255
 47892	157	108	70	140	142	195	8	255
 47937	157	108	70	140	143	195	8	255
 47983	157	108	70	140	143	194	8	255
 48028	157	108	70	140	143	194	8	255
 48073	157	108	70	140	143	195	8	255
 48119	157	108	70	140	143	194	8	255
 48164	157	108	70	141	143	195	8	255
 48255	158	108	70	141	143	195	8	255
 48300	158	108	70	141	143	196	8	255
 48345	158	109	70	141	143	195	8	255
 48391	158	109	71	141	144	198	8	255
 48436	158	109	71	141	144	194	8	255
 48481	158	109	71	141	144	196	8	255
 48527	158	109	71	141	144	195	8	255
 48572	158	109	71	141	144	196	8	255
 48618	158	109	71	142	144	198	8	255
 48663	159	109	71	142	144	195	8	255
 48708	159	109	71	142	144	195	8	255
 48754	159	109	71	142	144	196	8	255
 48799	159	109	71	142	144	196	8	255
 48844	159	109	71	142	145	196	8	255
 48890	159	110	71	142	145	198	8	255
 48935	159	110	71	142	145	198	8	255
 48980	159	110	72	142	145	198	8	255
 49026	159	110	72	142	145	196	8	255
 49071	159	110	72	143	145	198	8	255
 49116	159	110	72	143	145	196	8	255
 49162	160	110	72	143	145	198	8	255
 49207	160	110	72	143	145	196	8	255
 49253	160	110	72	143	145	196	8	255
 49298	160	110	72	143	146	200	8	255
 49343	160	110	72	143	146	200	8	255
 49389	160	110	72	143	146	198	8	255
 49479	160	110	72	143	146	198	8	255
 49525	160	111	72	144	146	196	8	255
 49570	160	111	72	144	146	198	8	255
 49615	160	111	72	144	146	198	8	255
 49661	160	111	73	144	146	198	8	255
 49706	160	111	73	144	146	200	8	255
 49751	160	111	73	144	147	200	8	255
 49797	160	111	73	144	147	198	8	255
 49842	160	111	73	144	147	200	8	255
 49888	160	111	73	144	147	198	8	255
 49933	160	111	73	144	147	198	8	255
 49978	160	111	73	144	147	198	8	255
 50024	160	111	73	145	147	198	8	255
 50069	160	111	73	145	147	198	8	255
 50114	160	112	73	145	147	200	8	255
 50160	160	112	73	145	147	198	8	255
 50205	160	112	73	145	148	200	8	255
 50250	160	112	73	145	148	200	8	255
 50296	160	112	73	145	148	200	8	255
 50341	161	112	74	145	148	200	8	255
 50386	161	112	74	145	148	200	8	255
 50432	161	112	74	145	148	200	8	255
 50477	161	112	74	146	148	200	8	255
 50522	161	112	74	146	148	200	8	255
 50568	161	112	74	146	148	200	8	255
 50613	161	112	74	146	148	200	8	255
 50659	161	112	74	146	148	198	8	255
 50704	161	112	74	146	149	200	8	255
 50753	161	113	74	146	149	200	8	255
 50798	161	113	74	146	149	198	8	255
 50840	161	113	74	146	149	198	8	255
 50885	161	113	74	146	149	200	8	255
 50931	161	113	74	146	149	198	8	255
 50976	161	113	74	147	149	198	8	255
 51021	161	113	74	147	149	200	8	255
 51067	161	113	75	147	149	200	8	255
 51112	161	113	75	147	149	200	8	255
 51157	161	113	75	147	150	201	8	255
 51203	161	113	75	147	150	200	8	255
 51248	161	113	75	147	150	198	8	255
 51294	161	113	75	147	150	198	8	255
 51340	161	113	75	147	150	198	8	255
 51430	161	114	75	147	150	200	8	255
 51475	161	114	75	147	150	200	8	255
 51520	161	114	75	147	150	196	8	255
 51566	160	114	75	148	150	198	8	255
 51611	160	114	75	148	150	200	8	255
 51656	160	114	75	148	151	198	8	255
 51702	160	114	75	148	151	198	8	255
 51747	160	114	75	148	151	200	8	255
 51792	160	114	76	148	151	198	8	255
 51838	160	114	76	148	151	196	8	255
 51883	160	114	76	148	151	196	8	255
 51928	160	114	76	148	151	195	8	255
 51974	160	114	76	148	151	198	8	255
 52019	160	115	76	149	151	198	8	255
 52065	160	115	76	149	151	195	8	255
 52110	160	115	76	149	151	198	8	255
 52155	160	115	76	149	152	196	8	255
 52201	160	115	76	149	152	198	8	255
 52246	160	115	76	149	152	198	8	255
 52291	160	115	76	149	152	196	8	255
 52337	160	115	76	149	152	196	8	255
 52382	159	115	76	149	152	195	8	255
 52427	159	115	76	149	152	196	8	255
 52473	159	115	76	149	152	196	8	255
 52518	159	115	76	149	152	196	8	255
 52563	159	115	77	150	152	196	8	255
 52658	158	115	77	150	152	195	8	255
 52700	158	116	77	150	153	195	8	255
 52745	158	116	77	150	153	195	8	255
 52790	158	116	77	150	153	195	8	255
 52836	158	116	77	150	153	195	8	255
 52881	158	116	77	150	153	195	8	255
 52926	157	116	77	150	153	192	8	255
 52972	157	116	77	150	153	194	8	255
 53017	157	116	77	150	153	194	8	255
 53062	157	116	77	150	153	194	8	255
 53108	157	116	77	150	153	192	8	255
 53153	157	116	77	151	153	194	8	255
 53198	157	116	77	151	153	196	8	255
 53244	157	116	77	151	153	194	8	255
 53289	158	116	77	151	153	196	8	255
 53334	158	116	77	151	153	196	8	255
 53380	158	117	78	151	154	195	8	255
 53425	158	117	78	151	154	196	8	255
 53471	159	117	78	151	154	198	8	255
 53516	159	117	78	151	154	196	8	255
 53561	159	117	78	151	154	198	8	255
 53607	159	117	78	151	154	196	8	255
 53652	159	117	78	151	154	195	8	255
 53697	159	117	78	151	154	195	8	255
 53743	159	117	78	151	154	196	8	255
 53788	159	117	78	151	154	198	8	255
 53833	159	117	78	151	154	196	8	255
 53879	159	117	78	152	154	195	8	255
 53924	159	117	78	152	154	195	8	255
 53969	159	117	78	152	155	198	8	255
 54015	159	118	78	152	155	195	8	255
 54060	159	118	78	152	155	195	8	255
 54105	159	118	78	152	155	195	8	255
 54151	159	118	78	152	155	194	8	255
 54196	159	118	79	152	155	196	8	255
 54242	159	118	79	152	155	196	8	255
 54287	159	118	79	152	155	196	8	255
 54332	159	118	79	152	155	195	8	255
 54378	159	118	79	152	155	195	8	255
 54423	159	118	79	152	155	198	8	255
 54468	159	118	79	152	155	196	8	255
 54514	159	118	79	153	155	194	8	255
 54559	158	118	79	153	155	194	8	255
 54604	158	118	79	153	156	194	8	255
 54650	158	118	79	153	156	192	8	255
 54695	157	118	79	153	156	192	8	255
 54740	157	119	79	153	156	192	8	255
 54831	157	119	79	153	156	194	8	255
 54922	157	119	79	153	156	194	8	255
 54967	157	119	79	153	156	190	8	255
 55013	157	119	80	153	156	194	8	255
 55103	157	119	80	153	156	194	8	255
 55149	157	119	80	153	156	192	8	255
 55194	157	119	80	153	156	192	8	255
 55239	157	119	80	154	156	192	8	255
 55285	157	119	80	154	156	192	8	255
 55330	157	120	80	154	156	194	8	255
 55375	157	120	80	154	157	192	8	255
 55421	157	120	80	154	157	194	8	255
 55466	157	120	80	154	157	190	8	255
 55511	156	120	80	154	157	189	8	255
 55557	155	120	80	154	157	188	8	255
 55602	154	120	80	154	157	188	8	255
 55647	154	120	80	154	157	189	8	255
 55693	153	120	80	154	157	188	8	255
 55738	153	120	80	154	157	186	8	255
 55784	153	120	80	154	157	186	8	255
 55829	153	120	80	154	157	189	8	255
 55874	153	120	81	154	157	189	8	255
 55920	154	120	81	154	157	190	8	255
 55965	154	120	81	154	157	190	8	255
 56010	154	121	81	154	157	190	8	255
 56056	154	121	81	154	157	189	8	255
 56101	154	121	81	154	157	188	8	255
 56146	154	121	81	154	157	186	8	255
 56192	154	121	81	154	157	188	8	255
 56237	153	121	81	154	157	184	8	255
 56282	153	121	81	154	157	186	8	255
 56328	153	121	81	154	157	184	8	255
 56373	152	122	81	154	157	184	8	255
 56419	152	122	81	154	157	184	8	255
 56464	152	122	81	154	157	183	8	255
 56509	151	122	81	154	157	183	8	255
 56555	151	122	81	154	157	184	8	255
 56600	150	122	81	154	157	182	8	255
 56645	150	122	81	154	157	178	8	255
 56691	150	122	81	154	157	182	8	255
 56736	149	122	81	154	157	178	8	255
 56781	149	123	82	154	157	182	8	255
 56827	149	123	82	154	157	182	8	255
 56872	148	123	82	154	157	180	8	255
 56917	149	123	82	154	157	182	8	255
 56963	149	123	82	154	157	180	8	255
 57008	149	123	82	154	157	182	8	255
 57053	149	123	82	154	157	182	8	255
 57099	149	123	82	154	157	182	8	255
 57190	149	124	82	154	157	183	8	255
 57235	149	124	82	154	157	180	8	255
 57280	150	124	82	154	157	182	8	255
 57326	150	124	82	154	157	184	8	255
 57371	150	124	82	154	157	183	8	255
 57416	150	124	82	154	157	183	8	255
 57462	150	124	82	154	157	183	8	255
 57507	151	124	82	154	157	184	8	255
 57552	151	124	83	154	157	184	8	255
 57598	151	124	83	154	157	183	8	255
 57643	151	125	83	153	157	186	8	255
 57688	151	125	83	153	157	184	8	255
 57734	151	125	83	153	157	184	8	255
 57779	151	125	83	153	157	183	8	255
 57824	151	125	83	153	157	183	8	255
 57870	151	125	83	154	157	184	8	255
 57915	151	125	83	153	157	183	8	255
 57961	151	125	83	153	157	183	8	255
 58006	151	125	83	153	157	184	8	255
 58051	151	125	83	153	157	184	8	255
 58097	151	125	83	153	157	183	8	255
 58142	151	126	83	153	157	183	8	255
 58187	151	126	83	153	157	183	8	255
 58233	150	126	83	153	157	183	8	255
 58278	150	126	83	153	157	183	8	255
 58323	150	126	83	153	157	180	8	255
 58369	150	126	83	153	157	182	8	255
 58415	150	126	84	153	157	183	8	255
 58459	150	126	84	153	157	183	8	255
 58505	150	126	84	153	157	182	8	255
 58550	149	126	84	153	156	182	8	255
 58595	149	126	84	153	157	180	8	255
 58641	149	126	84	153	157	182	8	255
 58686	149	127	84	153	156	182	8	255
 58732	149	127	84	153	156	182	8	255
 58777	149	127	84	153	156	182	8	255
 58822	149	127	84	153	156	180	8	255
 58868	148	127	84	153	156	178	8	255
 58913	148	127	84	153	156	180	8	255
 58958	148	127	84	153	156	180	8	255
 59004	148	127	84	153	156	180	8	255
 59049	148	127	84	153	156	178	8	255
 59094	148	127	84	153	156	178	8	255
 59140	148	127	84	153	156	180	8	255
 59185	148	127	85	153	156	177	8	255
 59276	147	128	85	153	156	177	8	255
 59321	147	128	85	153	156	177	8	255
 59366	147	128	85	153	156	177	8	255
 59412	147	128	85	153	156	177	8	255
 59457	146	128	85	153	156	178	8	255
 59503	146	128	85	153	156	177	8	255
 59548	146	128	85	153	156	176	8	255
 59593	146	128	85	153	156	177	8	255
 59639	146	128	85	153	156	174	8	255
 59684	145	128	85	153	156	176	8	255
 59729	145	128	85	153	156	174	8	255
 59821	144	128	85	153	156	176	8	255
 59865	144	129	85	153	156	174	8	255
 59911	144	129	85	153	156	172	8	255
 59956	144	129	86	153	156	172	8	255
 60005	143	129	86	153	156	172	8	255
 60047	143	129	86	153	156	172	8	255
 60092	143	129	86	153	156	172	8	255
 60137	143	129	86	153	156	171	8	255
 60183	142	129	86	153	156	171	8	255
 60228	142	129	86	153	156	172	8	255
 60274	142	129	86	153	156	170	8	255
 60319	142	129	86	153	156	171	8	255
 60364	142	129	86	153	156	171	8	255
 60410	142	129	86	153	156	172	8	255
 60455	142	129	86	153	156	171	8	255
 60500	142	129	86	153	156	171	8	255
 60546	142	130	86	153	156	171	8	255
 60591	142	130	86	153	156	171	8	255
 60682	142	130	86	153	156	171	8	255
 60727	142	130	86	153	156	170	8	255
 60772	141	130	87	153	156	171	8	255
 60818	141	130	87	153	156	170	8	255
 60863	141	130	87	153	156	170	8	255
 60954	140	130	87	153	156	166	8	255
 60999	139	130	87	153	156	165	8	255
 61044	138	130	87	153	156	162	8	255
 61090	137	130	87	153	156	161	8	255
 61135	136	129	87	153	156	160	0	255
 61181	135	129	87	153	156	161	0	255
 61226	133	127	87	153	156	160	0	255
 61271	132	126	87	153	156	160	0	255
 61317	130	125	87	153	156	162	0	255
 61362	128	124	87	153	156	160	0	255
 61407	126	123	87	153	156	161	0	255
 61453	125	121	87	153	156	161	0	255
 61498	123	120	87	153	156	161	0	255
 61543	121	119	87	153	156	160	0	255
 61589	120	117	87	153	156	160	0	255
 61634	118	116	87	153	156	158	0	255
 61679	116	114	87	153	156	156	0	255
 61725	115	112	87	153	156	156	0	255
 61770	113	111	87	153	156	156	0	255
 61815	112	110	87	153	156	155	0	255
 61861	110	108	87	153	156	154	0	255
 61906	109	107	87	153	156	154	0	255
 61952	108	105	87	153	156	152	0	255
 61997	106	104	87	153	156	152	0	255
 62042	105	102	87	153	156	151	0	255
 62088	104	101	87	153	156	150	0	255
 62133	102	100	87	153	156	150	0	255
 62178	101	99	87	153	156	150	0	255
 62224	100	99	87	153	156	148	0	255
 62269	99	97	87	153	156	148	0	255
 62314	98	97	87	152	156	148	0	255
 62360	97	96	87	152	156	145	0	255
 62405	96	95	87	153	156	144	0	255
 62450	95	95	87	153	156	144	0	255
 62496	94	94	87	152	156	142	0	255
 62541	93	94	87	152	156	141	0	255
 62586	92	93	87	152	156	140	0	255
 62632	91	92	87	152	156	140	0	255
 62677	90	92	87	152	156	137	0	255
 62722	89	91	87	152	156	137	0	255
 62768	88	90	87	152	156	137	0	255
 62813	87	89	87	152	156	137	0	255
 62859	87	89	87	152	156	136	0	255
 62904	86	88	87	152	156	136	0	255
 62949	85	87	87	152	156	134	0	255
 62995	84	87	87	152	156	134	0	255
 63040	84	86	87	152	156	134	0	255
 63085	83	85	87	152	156	132	0	255
 63131	82	85	87	152	156	131	0	255
 63176	82	84	87	152	156	130	0	255
 63221	81	84	87	152	156	127	0	255
 63267	81	83	87	152	156	127	0	255
 63312	80	83	87	152	156	126	0	255
 63357	79	82	87	152	156	124	0	255
 63403	79	82	87	152	156	123	0	255
 63448	78	81	87	152	156	122	0	255
 63493	78	81	87	152	156	122	0	255
 63539	77	80	87	152	156	119	0	255
 63584	77	80	87	152	156	118	0	255
 63630	76	79	87	152	156	116	0	255
 63675	76	79	87	152	156	114	0	255
 63720	75	78	87	152	156	113	0	255
 63766	75	78	87	152	156	113	0	255
 63811	74	77	87	152	156	112	0	255
 63856	74	77	87	152	156	110	0	255
 63902	73	76	87	152	156	109	0	255
 63947	73	76	87	152	156	109	0	255
 63992	73	75	87	152	156	106	0	255
 64038	72	75	87	152	156	106	0	255
 64083	72	75	87	152	156	105	0	255
 64128	72	74	87	152	156	104	0	255
 64174	71	74	87	152	156	102	0	255
 64219	71	73	87	152	156	102	0	255
 64268	70	73	87	152	156	101	0	255
 64310	70	73	87	152	156	100	0	255
 64355	70	72	87	152	156	100	0	255
 64401	69	72	87	152	156	98	0	255
 64446	69	71	87	152	156	97	0	255
 64491	69	71	87	152	156	96	0	255
 64537	69	71	87	152	156	96	0	255
 64582	68	70	87	152	156	94	0	255
 64627	68	70	87	152	156	93	0	255
 64673	68	70	87	152	156	92	0	255
 64718	67	69	87	152	156	92	0	255
 64763	67	69	87	152	156	92	0	255
 64809	67	69	87	152	156	90	0	255
 64854	67	68	86	152	156	89	0	255
 64899	66	68	86	152	156	89	0	255
 64945	66	67	86	152	156	88	0	255
 64990	66	67	86	152	156	86	0	255
 65035	66	67	86	152	156	85	0	255
 65081	66	66	86	152	156	84	0	255
 65126	65	66	86	152	156	85	0	255
 65171	65	66	86	152	156	84	0	255
 65217	65	65	86	152	156	83	0	255
 65262	65	65	86	152	156	82	0	255
 65308	65	65	86	152	156	83	0	255
 65353	64	64	86	152	156	82	0	255
 65402	64	64	86	152	156	80	0	255
 65444	64	64	86	152	156	80	0	255
 65489	64	64	86	152	156	79	0	255
 65534	64	63	86	152	156	79	0	255
 65580	63	63	86	152	156	78	0	255
 65626	63	63	86	152	156	75	0	255
 65670	63	63	86	152	156	76	0	255
 65716	63	62	86	152	156	76	0	255
 65761	63	62	86	152	156	76	0	255
 65806	63	62	86	152	156	75	0	255
 65852	63	62	86	152	156	74	0	255
 65897	62	62	86	152	156	74	0	255
 65942	62	62	86	152	156	72	0	255
 65988	62	62	86	152	156	71	0	255
 66033	62	61	86	152	156	71	0	255
 66079	62	61	86	152	156	70	0	255
 66124	62	61	86	152	156	70	0	255
 66169	62	61	86	152	156	70	0	255
 66215	62	61	86	152	156	68	0	255
 66260	61	61	86	152	156	68	0	255
 66305	61	61	86	152	156	66	0	255
 66351	61	61	86	152	156	68	0	255
 66396	61	61	86	152	155	66	0	255
 66441	61	60	86	152	156	66	0	255
 66487	61	60	86	151	155	65	0	255
 66532	61	60	86	152	156	66	0	255
 66577	61	60	86	151	155	64	0	255
 66623	61	60	86	151	155	64	0	255
 66668	60	60	86	151	155	64	0	255
 66714	60	60	86	151	155	62	0	255
 66804	60	60	86	151	155	62	0	255
 66850	60	60	86	151	155	61	0	255
 66895	60	60	86	151	155	61	0	255
 66940	60	60	86	151	155	60	0	255
 66986	60	60	86	151	155	60	0	255
 67031	60	59	86	151	155	58	0	255
 67076	60	59	86	151	155	58	0	255
 67122	60	59	86	151	155	57	0	255
 67167	59	59	86	151	155	57	0	255
 67212	59	59	86	151	155	57	0	255
 67258	59	59	86	151	155	57	0	255
 67303	59	59	86	151	155	56	0	255
 67351	59	59	86	151	155	56	0	255
 67394	59	59	86	151	155	54	0	255
 67439	59	59	86	151	155	54	0	255
 67484	59	59	86	151	155	54	0	255
 67530	59	59	86	151	155	53	0	255
 67575	59	59	86	151	155	53	0	255
 67621	59	58	86	151	155	53	0	255
 67666	59	58	86	151	155	53	0	255
 67711	59	58	86	151	155	52	0	255
 67757	59	58	86	151	155	52	0	255
 67802	59	58	86	151	155	52	0	255
 67847	59	58	86	151	155	51	0	255
 67893	58	58	86	151	155	50	0	255
 67938	58	58	86	151	155	50	0	255
 67983	58	58	86	151	155	50	0	255
 68029	58	58	86	151	155	51	0	255
 68074	58	58	86	151	155	50	0	255
 68119	58	58	86	151	155	50	0	255
 68165	58	58	86	151	155	48	0	255
 68210	58	58	86	151	155	48	0	255
 68301	58	58	86	151	155	48	0	255
 68346	58	57	86	151	155	48	0	255
 68392	58	57	86	151	155	47	0	255
 68437	58	57	86	151	155	47	0	255
 68482	58	57	86	151	155	46	0	255
 68528	58	57	86	151	155	46	0	255
 68574	58	57	86	151	155	46	0	255
 68618	58	57	86	151	155	46	0	255
 68664	58	57	86	151	155	46	0	255
 68709	58	57	86	151	155	46	0	255
 68754	58	57	86	151	155	45	0	255
 68800	57	57	86	151	155	46	0	255
 68845	57	57	86	151	155	45	0	255
 68890	57	57	86	151	155	45	0	255
 68936	57	57	86	151	155	45	0	255
 69026	57	57	86	151	155	44	0	255
 69072	57	57	86	151	155	44	0	255
 69117	57	57	86	151	155	44	0	255
 69208	57	56	85	151	155	44	0	255
 69258	57	56	85	151	155	42	0	255
 69299	57	56	85	151	155	44	0	255
 69344	57	56	85	151	155	42	0	255
 69389	57	56	85	151	155	41	0	255
 69435	57	56	85	151	155	42	0	255
 69480	57	56	85	151	155	41	0	255
 69525	57	56	85	151	155	41	0	255
 69571	57	56	85	151	155	42	0	255
 69616	57	56	85	151	155	42	0	255
 69661	57	56	85	151	155	41	0	255
 69711	57	56	85	151	155	40	0	255
 69752	57	56	85	151	155	41	0	255
 69843	57	56	85	151	155	41	0	255
 69888	57	56	85	151	155	38	0	255
 69979	57	56	85	151	155	38	0	255
 70070	57	56	85	151	155	40	0	255
 70118	56	56	85	151	155	40	0	255
 70160	56	56	85	151	155	37	0	255
 70206	56	56	85	151	155	38	0	255
 70251	56	56	85	151	155	38	0	255
 70296	56	56	85	151	155	40	0	255
 70342	56	56	85	151	155	40	0	255
 70387	56	55	85	151	155	37	0	255
 70432	56	55	85	151	155	38	0	255
 70478	56	55	85	151	155	40	0	255
 70523	56	55	85	151	155	37	0	255
 70568	56	55	85	151	155	37	0	255
 70614	56	55	85	151	155	38	0	255
 70659	56	55	85	151	155	37	0	255
 70704	56	55	85	151	155	37	0	255
 70750	56	55	85	151	155	37	0	255
 70795	56	55	85	151	155	37	0	255
 70841	56	55	85	151	155	36	0	255
 70886	56	55	85	150	155	37	0	255
 70931	56	55	85	150	155	36	0	255
 70977	56	55	85	151	155	37	0	255
 71022	56	55	85	150	155	38	0	255
 71117	56	55	85	150	155	37	0	255
 71158	56	55	85	150	155	36	0	255
 71203	56	55	85	150	155	37	0	255
 71249	56	55	85	150	155	36	0	255
 71294	56	55	85	150	155	36	0	255
 71339	56	55	85	150	155	35	0	255
 71385	56	55	85	150	155	36	0	255
 71430	56	55	85	150	155	35	0	255
 71476	56	55	85	150	155	35	0	255
 71521	56	55	85	150	155	35	0	255
 71566	56	55	85	150	155	36	0	255
 71612	56	55	85	150	155	36	0	255
 71657	56	55	85	150	155	35	0	255
 71702	56	55	85	150	155	35	0	255
 71748	56	55	85	150	155	35	0	255
 71793	56	55	85	150	155	35	0	255
 71838	56	55	85	150	155	35	0	255
 71884	56	55	85	150	155	36	0	255
 71929	56	55	85	150	155	34	0	255
 71974	56	55	85	150	155	36	0	255
 72020	56	55	85	150	155	34	0	255
 72065	56	55	85	150	155	34	0	255
 72110	56	55	85	150	155	34	0	255
 72156	56	55	85	150	155	34	0	255
 72201	56	54	85	150	155	34	0	255
 72247	56	54	85	150	155	32	0	255
 72292	55	54	85	150	155	34	0	255
 72338	55	54	85	150	155	34	0	255
 72386	55	54	85	150	155	35	0	255
 72428	55	54	85	150	155	34	0	255
 72473	55	54	85	150	155	34	0	255
 72519	55	54	85	150	155	34	0	255
 72564	55	54	85	150	155	34	0	255
 72610	55	54	85	150	155	34	0	255
 72655	55	54	85	150	155	32	0	255
 72700	55	54	85	150	155	32	0	255
 72749	55	54	85	150	155	34	0	255
 72791	55	54	85	150	154	34	0	255
 72836	55	54	85	150	154	34	0	255
 72882	55	54	85	150	154	34	0	255
 72927	55	54	85	150	155	32	0	255
 72972	55	54	85	150	155	32	0	255
 73018	55	54	85	150	154	31	0	255
 73063	55	54	85	150	154	32	0	255
 73108	55	54	85	150	154	34	0	255
 73154	55	54	85	150	154	34	0	255
 73199	55	54	85	150	154	32	0	255
 73244	55	54	85	150	154	31	0	255
 73290	55	54	85	150	154	34	0	255
 73335	55	54	85	150	154	32	0	255
 73380	55	54	85	150	154	32	0	255
 73426	55	54	85	150	154	32	0	255
 73471	55	54	85	150	154	32	0	255
 73516	55	54	85	150	154	30	0	255
 73562	55	54	85	150	154	31	0	255
 73607	55	54	85	150	154	30	0	255
 73653	55	54	85	150	154	32	0	255
 73698	55	54	85	150	154	31	0	255
 73743	55	54	85	150	154	31	0	255
 73789	55	54	84	150	154	30	0	255
 73834	55	54	84	150	154	30	0	255
 73879	55	54	84	150	154	31	0	255
 73925	55	54	84	150	154	31	0	255
 74015	55	54	84	150	154	31	0	255
 74061	55	54	84	150	154	32	0	255
 74106	55	54	84	150	154	30	0	255
 74152	55	54	84	150	154	31	0	255
 74197	55	54	84	150	154	32	0	255
 74288	55	54	84	150	154	30	0	255
 74333	55	54	84	150	154	31	0	255
 74378	55	54	84	150	154	31	0	255
 74424	55	54	84	150	154	31	0	255
 74469	55	54	84	150	154	30	0	255
 74514	55	54	84	150	154	32	0	255
 74560	55	54	84	150	154	29	0	255
 74605	55	54	84	150	154	30	0	255
 74650	55	54	84	150	154	31	0	255
 74696	55	54	84	150	154	30	0	255
 74741	55	54	84	150	154	30	0	255
 74786	55	54	84	150	154	30	0	255
 74832	55	54	84	150	154	30	0	255
 74877	55	54	84	150	154	30	0	255
 74923	55	54	84	150	154	30	0	255
 75013	55	54	84	150	154	30	0	255
 75059	55	54	84	150	154	30	0	255
 75104	55	54	84	150	154	30	0	255
 75149	55	54	84	150	154	31	0	255
 75195	55	54	84	150	154	30	0	255
 75240	55	54	84	150	154	29	0	255
 75285	55	54	84	150	154	31	0	255
 75331	55	54	84	150	154	29	0	255
 75376	55	54	84	150	154	30	0	255
 75421	55	54	84	150	154	30	0	255
 75467	55	54	84	149	154	30	0	255
 75512	55	54	84	149	154	30	0	255
 75558	55	54	83	149	154	30	0	255
 75603	55	54	83	149	154	31	0	255
 75648	55	54	83	149	154	29	0	255
 75694	55	54	82	149	154	29	0	255
 75739	55	54	81	149	154	31	0	255
 75784	55	54	80	149	154	30	0	255
 75830	55	54	79	149	154	30	0	255
 75875	55	54	78	149	154	29	0	255
 75920	55	54	76	149	154	29	0	255
 75966	55	54	75	149	154	30	0	255
 76011	55	54	74	149	154	30	0	255
 76056	55	54	73	149	154	29	0	255
 76102	55	54	72	149	154	30	0	255
 76147	55	54	72	149	154	30	0	255
 76193	55	54	71	149	154	30	0	255
 76283	55	53	71	149	154	28	0	255
 76329	55	54	70	149	154	29	0	255
 76374	55	54	70	149	154	30	0	255
 76419	55	54	70	149	154	29	0	255
 76465	55	54	70	149	154	29	0	255
 76510	55	54	70	149	154	28	0	255
 76555	55	54	69	149	154	29	0	255
 76601	55	54	69	149	154	29	0	255
 76647	55	54	69	149	154	28	0	255
 76691	55	54	69	149	154	28	0	255
 76737	55	54	69	149	154	29	0	255
 76827	55	54	69	149	154	28	0	255
 76873	55	54	69	149	154	29	0	255
 76918	55	54	69	149	154	29	0	255
 76964	55	54	69	149	154	30	0	255
 77009	55	54	68	149	154	30	0	255
 77054	55	54	68	149	154	29	0	255
 77103	55	54	68	149	154	28	0	255
 77190	55	54	68	149	154	29	0	255
 77236	55	54	68	149	154	28	0	255
 77281	55	54	68	149	154	29	0	255
 77326	55	54	68	149	154	28	0	255
 77372	55	54	68	149	154	29	0	255
 77417	55	54	68	149	154	29	0	255
 77462	55	54	68	149	154	29	0	255
 77508	55	54	68	149	154	29	0	255
 77553	55	54	68	149	154	28	0	255
 77598	55	54	68	148	154	28	0	255
 77644	55	54	68	148	154	29	0	255
 77689	55	54	68	148	154	29	0	255
 77735	55	54	68	148	154	26	0	255
 77825	55	54	68	148	154	29	0	255
 77871	55	54	68	148	154	29	0	255
 77916	55	54	68	148	154	29	0	255
 78011	55	54	68	148	154	28	0	255
 78052	55	54	68	148	154	29	0	255
 78097	55	54	68	148	154	29	0	255
 78143	55	54	68	148	154	29	0	255
 78188	55	54	68	148	154	29	0	255
 78234	55	54	68	148	154	29	0	255
 78279	55	53	68	148	154	29	0	255
 78324	55	54	68	148	154	28	0	255
 78370	55	54	68	148	154	29	0	255
 78415	55	54	68	148	154	29	0	255
 78460	55	54	68	148	154	28	0	255
 78506	55	54	68	148	154	28	0	255
 78551	55	53	67	148	154	28	0	255
 78642	55	53	67	148	154	28	0	255
 78687	55	53	67	148	154	28	0	255
 78732	55	53	67	148	153	29	0	255
 78778	55	54	67	148	154	28	0	255
 78823	55	53	67	148	153	29	0	255
 78868	55	54	67	148	153	29	0	255
 78914	55	53	67	148	153	28	0	255
 78959	55	53	67	148	153	26	0	255
 79005	55	54	67	148	153	29	0	255
 79050	55	53	67	148	153	26	0	255
 79095	55	53	67	148	153	29	0	255
 79141	55	53	67	148	153	29	0	255
 79231	55	53	67	148	153	28	0	255
 79277	55	53	67	148	153	26	0	255
 79322	55	53	67	148	153	28	0	255
 79367	55	53	67	148	153	28	0	255
 79413	55	53	67	148	153	26	0	255
 79458	55	53	67	148	153	26	0	255
 79503	55	53	67	148	153	28	0	255
 79549	55	53	67	148	153	26	0	255
 79594	55	53	67	148	153	26	0	255
 79639	55	53	67	148	153	28	0	255
 79685	55	53	67	148	153	28	0	255
 79730	55	53	67	148	153	26	0	255
 79775	55	53	67	148	153	28	0	255
 79821	55	53	67	148	153	26	0	255
 79870	55	53	67	148	153	28	0	255
 79912	55	53	67	148	153	28	0	255
 79957	55	53	67	148	153	26	0	255
 80002	55	53	67	148	153	28	0	255
 80048	55	53	67	148	153	26	0	255
 80093	55	53	67	148	153	26	0	255
 80138	55	53	67	148	153	28	0	255
 80184	55	53	67	148	153	26	0	255
 80229	55	53	67	148	153	28	0	255
 80274	55	53	67	148	153	28	0	255
 80320	55	53	67	148	153	26	0	255
 80365	55	53	67	148	153	25	0	255
 80410	55	53	67	148	153	28	0	255
 80456	55	53	67	148	153	26	0	255
 80546	55	53	67	148	153	28	0	255
 80592	55	53	67	148	153	26	0	255
 80637	55	53	67	148	153	28	0	255
 80683	55	53	67	148	153	26	0	255
 80732	55	53	67	148	153	28	0	255
 80773	55	53	67	148	153	26	0	255
 80819	55	53	66	148	153	28	0	255
 80864	55	53	65	148	153	28	0	255
 80909	55	53	64	148	153	26	0	255
 80955	55	53	63	148	153	28	0	255
 81000	55	53	62	148	153	26	0	255
 81045	55	53	62	148	153	25	0	255
 81091	55	53	61	148	153	26	0	255
 81136	55	53	61	147	153	26	0	255
 81181	55	53	61	147	153	24	0	255
 81227	55	53	60	147	153	28	0	255
 81272	55	53	60	147	153	28	0	255
 81317	55	53	60	147	153	25	0	255
 81408	55	53	60	147	153	26	0	255
 81454	55	53	60	147	153	26	0	255
 81499	55	53	60	147	153	26	0	255
 81545	55	53	60	147	153	26	0	255
 81590	55	53	60	147	153	28	0	255
 81635	55	53	60	147	153	26	0	255
 81680	55	53	60	147	153	26	0	255
 81771	55	53	60	147	153	26	0	255
 81862	55	53	60	147	153	25	0	255
 81907	55	53	60	147	153	26	0	255
 81952	55	53	60	147	153	26	0	255
 81998	55	53	60	147	153	26	0	255
 82043	55	53	60	147	153	26	0	255
 82088	55	53	60	147	153	26	0	255
 82134	55	53	60	147	153	25	0	255
 82179	55	53	60	147	153	25	0	255
 82225	55	53	60	147	153	28	0	255
 82270	55	53	60	147	153	26	0	255
 82315	55	53	60	147	153	26	0	255
 82361	55	53	60	147	153	26	0	255
 82406	55	53	60	147	153	25	0	255
 82451	55	53	60	147	153	25	0	255
 82497	55	53	60	147	153	25	0	255
 82542	55	53	60	147	153	25	0	255
 82587	55	53	60	147	153	28	0	255
 82678	55	53	60	147	153	28	0	255
 82723	55	53	60	147	153	28	0	255
 82769	55	53	60	147	153	26	0	255
 82814	55	53	60	147	153	26	0	255
 82859	55	53	60	147	153	25	0	255
 82905	55	53	60	147	153	25	0	255
 82950	55	53	60	147	153	25	0	255
 82995	55	53	60	147	153	25	0	255
 83041	55	53	60	147	153	25	0	255
 83086	55	53	60	147	153	26	0	255
 83132	55	53	60	147	153	28	0	255
 83177	55	53	60	147	153	25	0	255
 83222	55	53	60	147	153	26	0	255
 83268	55	53	60	147	153	26	0	255
 83313	55	53	60	147	153	25	0	255
 83358	55	53	60	147	153	26	0	255
 83404	55	53	60	147	153	25	0	255
 83449	55	53	60	147	153	25	0	255
 83498	55	53	59	147	153	26	0	255
 83540	55	53	59	147	153	26	0	255
 83585	55	53	59	147	153	26	0	255
 83630	55	53	58	147	153	25	0	255
 83676	55	53	57	147	153	25	0	255
 83721	55	53	56	147	153	25	0	255
 83767	55	53	56	147	153	26	0	255
 83812	55	53	55	147	153	26	0	255
 83857	55	53	54	147	153	26	0	255
 83903	55	53	53	146	153	25	0	255
 83948	55	53	53	146	153	26	0	255
 83993	55	53	52	146	153	24	0	255
 84039	55	53	51	146	153	26	0	255
 84084	55	53	50	146	153	26	0	255
 84129	55	53	50	146	153	24	0	255
 84175	55	53	49	146	153	26	0	255
 84220	55	53	48	146	153	26	0	255
 84265	55	53	48	146	153	25	0	255
 84311	55	53	47	146	153	25	0	255
 84356	55	53	46	146	152	26	0	255
 84401	55	53	46	146	152	26	0	255
 84447	55	53	45	146	152	26	0	255
 84492	55	53	45	146	152	25	0	255
 84583	55	53	45	146	152	24	0	255
 84628	55	53	44	146	152	25	0	255
 84674	55	53	44	146	152	25	0	255
 84719	55	53	44	146	152	24	0	255
 84764	55	53	44	146	152	25	0	255
 84855	55	53	44	146	152	26	0	255
 84900	55	53	44	146	152	25	0	255
 84946	55	53	44	146	152	24	0	255
 84991	55	53	44	146	152	25	0	255
 85036	55	53	44	146	152	25	0	255
 85082	55	53	44	146	152	24	0	255
 85127	55	53	44	146	152	25	0	255
 85172	55	53	44	146	152	25	0	255
 85218	55	53	44	146	152	25	0	255
 85263	55	53	44	146	152	24	0	255
 85308	55	53	44	146	152	25	0	255
 85354	55	53	44	146	152	25	0	255
 85399	55	53	44	146	152	25	0	255
 85445	55	53	44	146	152	25	0	255
 85490	55	53	44	146	152	25	0	255
 85535	55	53	44	146	152	25	0	255
 85581	55	53	44	146	152	25	0	255
 85626	55	53	44	146	152	25	0	255
 85671	55	53	44	146	152	25	0	255
 85717	55	53	44	146	152	24	0	255
 85762	55	53	44	146	152	24	0	255
 85807	55	53	44	146	152	25	0	255
 85853	55	53	44	146	152	25	0	255
 85899	55	53	44	146	152	25	0	255
 85943	55	53	44	146	152	26	0	255
 85989	55	53	44	146	152	23	0	255
 86034	55	53	44	146	152	24	0	255
 86080	55	53	44	145	152	24	0	255
 86125	55	53	44	145	152	25	0	255
 86170	55	53	43	145	152	25	0	255
 86216	55	53	43	145	152	25	0	255
 86261	55	53	43	145	152	25	0	255
 86306	55	53	43	145	152	25	0	255
 86352	55	53	42	145	152	25	0	255
 86397	55	53	42	145	152	24	0	255
