HomeCentral
 Falkenstrasse 20
 8630 Rueti
 Datum: 11.11.14 00:00
 
 Startzeit: 2014-11-11 00:00:40 +0100
 85	38	37	46	107	112	11	0	255
 131	37	37	46	107	112	10	0	255
 176	37	37	46	107	112	11	0	255
 222	37	37	46	107	112	10	0	255
 267	37	37	46	107	112	11	0	255
 312	38	37	46	107	112	10	0	255
 13134	37	37	46	106	110	18	0	255
 13182	37	37	46	106	110	18	0	255
 13224	37	37	46	106	110	17	0	255
 13274	37	37	46	106	110	18	0	255
 13315	37	37	46	106	110	18	0	255
 13360	37	37	46	106	110	18	0	255
 13451	37	37	46	106	110	18	0	255
 13496	37	37	46	106	110	18	0	255
 13541	37	37	46	106	110	18	0	255
 13587	37	37	46	106	110	18	0	255
 13632	37	37	46	106	110	18	0	255
 13677	37	37	46	106	110	18	0	255
 13723	37	37	46	106	110	18	0	255
 13768	37	37	46	106	110	18	0	255
 13813	37	37	46	106	110	18	0	255
 13859	37	37	46	106	110	18	0	255
 13904	37	37	46	106	110	18	0	255
 13949	37	37	46	106	110	18	0	255
 13995	37	37	46	106	110	18	0	255
 14040	37	37	46	106	110	18	0	255
 14086	37	37	46	106	110	18	0	255
 14131	37	37	46	106	110	18	0	255
 14176	37	37	46	106	110	18	0	255
 14222	37	37	46	106	110	18	0	255
 14267	37	37	46	106	110	17	0	255
 14312	37	37	46	106	110	19	0	255
 14358	37	37	46	106	110	18	0	255
 14403	37	37	46	106	110	18	0	255
 14448	37	37	46	106	110	18	0	255
 14494	37	37	46	106	110	18	0	255
 14539	37	37	46	106	110	18	0	255
 14584	37	37	46	106	110	18	0	255
 14630	37	37	46	106	110	18	0	255
 14675	37	37	46	106	110	18	0	255
 14721	37	37	46	106	110	18	0	255
 14766	37	37	46	106	110	18	0	255
 14811	37	37	46	106	110	18	0	255
 14857	37	37	46	106	110	18	0	255
 14902	37	37	46	106	110	18	0	255
 14947	37	37	46	106	110	18	0	255
 14993	37	37	46	105	110	18	0	255
 15038	37	37	46	106	110	19	0	255
 15083	37	37	46	106	110	18	0	255
 15129	37	37	46	105	110	19	0	255
 15174	37	37	46	105	110	18	0	255
 15219	37	37	46	105	110	18	0	255
 15265	37	37	46	106	110	19	0	255
 15310	37	37	46	105	110	18	0	255
 15355	37	37	46	105	110	19	0	255
 15401	37	37	46	105	110	18	0	255
 15446	37	37	46	105	110	18	0	255
 15492	37	37	46	105	110	19	0	255
 15537	37	37	46	105	110	18	0	255
 15582	37	37	46	105	110	19	0	255
 15628	37	37	46	105	110	18	0	255
 15673	37	37	46	105	110	18	0	255
 15718	37	37	46	105	110	18	0	255
 15764	37	37	46	105	110	18	0	255
 15809	37	37	46	105	110	18	0	255
 15854	37	37	46	105	110	18	0	255
 15900	37	37	46	105	110	18	0	255
 15945	37	37	46	105	110	19	0	255
 15990	37	37	46	105	110	18	0	255
 16036	37	37	46	105	110	18	0	255
 16081	37	37	46	105	110	18	0	255
 16126	37	37	46	105	110	18	0	255
 16172	37	37	46	105	110	18	0	255
 16217	37	37	46	105	110	18	0	255
 16263	37	37	46	105	110	18	0	255
 16308	37	37	46	105	110	18	0	255
 16353	37	37	46	105	110	18	0	255
 16399	37	37	46	105	110	17	0	255
 16444	37	37	46	105	110	17	0	255
 16490	37	37	46	105	110	18	0	255
 16535	37	37	46	105	110	18	0	255
 16625	37	37	46	105	110	18	0	255
 16671	37	37	46	105	110	18	0	255
 16716	37	37	46	105	110	18	0	255
 16807	37	37	46	105	110	18	0	255
 16852	37	37	46	105	110	18	0	255
 16897	37	37	46	105	110	17	0	255
 16943	37	37	46	105	110	18	0	255
 16988	37	37	46	105	110	18	0	255
 17033	37	37	46	105	110	18	0	255
 17079	37	37	46	105	110	18	0	255
 17124	37	37	46	105	110	18	0	255
 17170	37	37	46	105	110	18	0	255
 17215	37	37	46	105	110	18	0	255
 17260	37	37	46	105	110	18	0	255
 17306	37	37	46	105	110	18	0	255
 17351	37	37	46	105	110	18	0	255
 17396	37	37	46	105	110	18	0	255
 17442	37	37	46	105	110	18	0	255
 17487	37	37	46	105	110	18	0	255
 17532	37	37	46	105	110	18	0	255
 17578	37	37	46	105	110	17	0	255
 17623	37	37	46	105	110	18	0	255
 17668	37	37	46	105	110	18	0	255
 17714	37	37	46	105	110	18	0	255
 17759	37	37	46	105	110	18	0	255
 17804	37	37	46	105	110	19	0	255
 17850	37	37	46	105	110	18	0	255
 17895	37	37	46	105	110	18	0	255
 17941	37	37	46	105	110	18	0	255
 17986	37	37	46	105	110	18	0	255
 18031	37	37	46	105	110	18	0	255
 18077	37	37	46	105	110	18	0	255
 18122	37	37	46	105	110	18	0	255
 18167	37	37	46	105	110	18	0	255
 18213	37	37	46	105	110	18	0	255
 18258	37	37	46	105	110	18	0	255
 18303	37	37	46	105	109	18	0	255
 18349	37	37	46	105	110	18	0	255
 18398	37	37	46	105	110	18	0	255
 18439	37	37	46	105	109	18	0	255
 18485	37	37	46	105	109	18	0	255
 18530	37	37	46	105	109	18	0	255
 18575	37	37	46	105	109	18	0	255
 18621	37	37	46	105	109	17	0	255
 18666	37	37	46	105	109	18	0	255
 18712	37	37	46	105	109	17	0	255
 18757	37	37	46	105	109	18	0	255
 18802	37	37	46	105	109	18	0	255
 18848	37	37	46	105	109	18	0	255
 18893	37	37	46	105	109	19	0	255
 18938	37	37	46	105	109	18	0	255
 18984	37	37	46	105	109	18	0	255
 19029	37	37	46	105	109	17	0	255
 19074	37	37	46	105	109	18	0	255
 19120	37	37	46	105	109	18	0	255
 19165	37	37	46	105	109	18	0	255
 19210	37	37	46	105	109	18	0	255
 19256	37	37	46	105	109	18	0	255
 19301	37	37	46	105	109	18	0	255
 19346	37	37	46	105	109	18	0	255
 19392	37	37	46	105	109	17	0	255
 19437	37	37	46	105	109	18	0	255
 19483	37	37	46	105	109	19	0	255
 19528	37	37	46	105	109	17	0	255
 19573	37	37	46	105	109	18	0	255
 19619	37	37	46	105	109	18	0	255
 19664	37	37	46	105	109	18	0	255
 19709	37	37	46	105	109	18	0	255
 19755	37	37	46	105	109	18	0	255
 19800	37	37	46	105	109	18	0	255
 19845	37	37	46	105	109	18	0	255
 19891	37	37	46	105	109	18	0	255
 19936	37	37	46	105	109	18	0	255
 19981	37	37	46	105	109	18	0	255
 20027	37	37	46	105	109	18	0	255
 20072	37	37	46	105	109	18	0	255
 20117	37	37	46	105	109	18	0	255
 20163	37	37	46	105	109	18	0	255
 20208	37	37	46	105	109	18	0	255
 20254	37	37	46	105	109	17	0	255
 20299	37	37	46	105	109	18	0	255
 20344	37	37	46	105	109	18	0	255
 20390	37	37	46	105	109	17	0	255
 20439	37	37	46	105	109	18	0	255
 20526	37	37	46	105	109	17	0	255
 20571	37	37	46	105	109	17	0	255
 20616	37	37	46	105	109	18	0	255
 20662	37	37	46	105	109	18	0	255
 20707	37	37	46	105	109	17	0	255
 20752	37	37	46	105	109	18	0	255
 20798	37	37	46	105	109	17	0	255
 20843	37	37	46	105	109	18	0	255
 20888	37	37	46	105	109	17	0	255
 20934	37	37	46	105	109	18	0	255
 20979	37	37	46	105	109	18	0	255
 21025	37	37	46	105	109	17	0	255
 21070	37	37	46	105	109	17	0	255
 21115	37	37	46	105	109	17	0	255
 21161	37	37	46	105	109	18	0	255
 21206	37	37	46	105	109	18	0	255
 21251	37	37	46	105	109	17	0	255
 21297	37	37	46	105	109	17	0	255
 21342	37	37	46	105	109	18	0	255
 21387	37	37	46	105	109	18	0	255
 21433	37	37	46	105	109	18	0	255
 21523	37	37	46	105	109	18	0	255
 21569	37	37	46	105	109	17	0	255
 21614	37	37	46	105	109	18	0	255
 21659	37	37	46	105	109	18	0	255
 21705	37	37	46	105	109	18	0	255
 21750	37	37	46	105	109	17	0	255
 21795	37	37	46	105	109	17	0	255
 21841	37	37	46	105	109	18	0	255
 21886	37	37	46	105	109	17	0	255
 21932	37	37	46	105	109	17	0	255
 21977	37	37	46	105	109	18	0	255
 22022	37	37	46	105	109	18	0	255
 22068	37	37	46	105	109	18	0	255
 22113	37	37	46	105	109	18	0	255
 22204	37	37	46	105	109	18	0	255
 22249	37	37	46	105	109	18	0	255
 22294	37	37	46	105	109	18	0	255
 22340	37	37	46	105	109	16	0	255
 22385	37	37	46	105	109	17	0	255
 22430	37	37	46	105	109	18	0	255
 22476	37	37	46	105	109	17	0	255
 22521	37	37	46	105	109	17	0	255
 22566	37	37	46	105	109	18	0	255
 22612	37	37	46	105	109	18	0	255
 22657	37	37	46	105	109	18	0	255
 22703	37	37	46	105	109	17	0	255
 22748	37	37	46	105	109	17	0	255
 22793	37	37	46	105	109	17	0	255
 22839	37	37	46	105	109	17	0	255
 22884	37	37	46	105	109	18	0	255
 22929	37	37	46	105	109	17	0	255
 22978	37	37	46	105	109	18	0	255
 23020	37	37	46	105	109	17	0	255
 23065	37	37	46	105	109	18	0	255
 23111	37	37	46	105	109	18	0	255
 23157	37	37	46	105	109	17	0	255
 23201	37	37	46	105	109	17	0	255
 23247	37	37	46	105	109	18	0	255
 23292	37	37	46	105	109	18	0	255
 23337	37	37	46	105	109	17	0	255
 23383	37	37	46	105	109	17	0	255
 23428	37	37	46	105	109	18	0	255
 23474	37	37	46	105	109	18	0	255
 23519	37	37	46	105	109	18	0	255
 23565	37	37	46	105	109	18	0	255
 23610	37	37	46	105	109	17	0	255
 23655	37	37	46	105	109	17	0	255
 23700	37	37	46	105	109	18	0	255
 23746	37	37	46	105	109	18	0	255
 23791	37	37	46	105	109	18	0	255
 23836	37	37	46	105	109	17	0	255
 23882	37	37	46	105	109	18	0	255
 23927	37	37	46	105	109	18	0	255
 24018	37	37	46	105	109	17	0	255
 24063	37	37	46	105	109	18	0	255
 24108	37	37	46	105	109	17	0	255
 24154	37	37	46	105	109	17	0	255
 24199	37	37	46	105	109	18	0	255
 24245	37	37	46	105	109	17	0	255
 24290	37	37	46	104	109	18	0	255
 24335	37	37	46	105	109	18	0	255
 24381	37	37	46	104	109	18	0	255
 24426	37	37	46	105	109	18	0	255
 24471	37	37	46	104	109	17	0	255
 24517	37	37	46	104	109	17	0	255
 24562	37	37	46	104	109	18	0	255
 24607	37	37	46	104	109	17	0	255
 24653	37	37	46	104	109	18	0	255
 24698	37	37	46	104	109	17	0	255
 24743	37	37	46	104	109	17	0	255
 24789	37	37	46	104	109	17	0	255
 24834	37	37	46	104	109	17	0	255
 24880	37	37	46	104	109	17	0	255
 24925	37	37	46	104	109	17	0	255
 24970	37	37	46	104	109	17	0	255
 25015	37	37	46	104	109	17	0	255
 25061	37	37	46	104	109	17	0	255
 25106	37	37	46	104	109	17	0	255
 25152	37	37	46	104	109	17	0	255
 25197	37	37	46	104	109	17	0	255
 25242	37	37	46	104	109	17	0	255
 25288	37	37	46	104	109	17	0	255
 25333	37	37	46	104	109	18	0	255
 25378	37	37	46	104	109	17	0	255
 25424	37	37	46	104	109	17	0	255
 25469	37	37	46	104	109	17	0	255
 25514	37	37	46	104	109	17	0	255
 25560	37	37	46	104	109	17	0	255
 25605	37	37	46	104	109	17	0	255
 25650	37	37	46	104	109	17	0	255
 25696	37	37	46	104	109	17	0	255
 25741	37	37	46	104	109	18	0	255
 25786	37	37	46	104	109	18	0	255
 25832	37	37	46	104	109	18	0	255
 25877	37	37	46	104	109	17	0	255
 25923	37	37	46	104	109	17	0	255
 25968	37	37	46	104	109	17	0	255
 26013	37	37	46	104	109	17	0	255
 26059	37	37	46	104	109	17	0	255
 26104	37	37	46	104	109	17	0	255
 26149	37	37	46	104	109	17	0	255
 26195	37	37	46	104	109	17	0	255
 26240	37	37	46	104	109	17	0	255
 26285	37	37	46	104	109	17	0	255
 26331	37	37	46	104	109	17	0	255
 26376	37	37	46	104	109	16	0	255
 26421	37	37	46	104	109	16	0	255
 26467	37	37	46	104	109	17	0	255
 26512	37	37	46	104	109	17	0	255
 26558	37	37	46	104	109	17	0	255
 26603	37	37	46	104	109	17	0	255
 26648	37	37	46	104	108	17	0	255
 26694	37	37	46	104	108	17	0	255
 26739	37	37	46	104	109	17	0	255
 26784	37	37	46	104	108	17	0	255
 26830	37	37	46	104	109	17	0	255
 26875	37	37	46	104	109	17	0	255
 26920	37	37	46	104	109	17	0	255
 26966	37	37	46	104	108	17	0	255
 27011	37	37	46	104	108	17	0	255
 27056	37	37	46	104	108	17	0	255
 27102	37	37	46	104	108	17	0	255
 27147	37	37	46	104	108	17	0	255
 27192	37	37	46	104	108	17	0	255
 27238	37	37	46	104	108	17	0	255
 27283	37	37	46	104	108	17	0	255
 27419	37	37	46	104	108	17	0	255
 27465	37	37	46	104	108	17	0	255
 27510	37	37	46	104	108	16	0	255
 27555	37	37	46	104	108	17	0	255
 27601	37	37	46	104	108	17	0	255
 27646	37	37	46	104	108	17	0	255
 27691	37	37	46	104	108	17	0	255
 27740	37	37	46	104	108	18	0	255
 27782	37	37	46	104	108	17	0	255
 27827	37	37	46	104	108	18	0	255
 27873	37	37	46	104	108	17	0	255
 27918	37	37	46	104	108	17	0	255
 27964	37	37	46	104	108	17	0	255
 28009	37	37	46	104	108	17	0	255
 28054	37	37	46	104	108	18	0	255
 28100	37	37	46	104	108	17	0	255
 28145	37	37	46	104	108	18	0	255
 28190	37	37	46	104	108	18	0	255
 28236	37	37	46	104	108	17	0	255
 28281	37	37	46	104	108	17	0	255
 28326	37	37	46	104	108	18	0	255
 28372	37	37	46	104	108	18	0	255
 28417	37	37	46	104	108	18	0	255
 28462	37	37	46	104	108	18	0	255
 28508	37	37	46	104	108	19	0	255
 28553	37	37	46	104	108	18	0	255
 28598	37	37	46	104	108	18	0	255
 28644	37	37	46	104	108	18	0	255
 28735	37	37	46	104	108	18	0	255
 28780	37	37	46	104	108	18	0	255
 28825	37	37	45	104	108	19	0	255
 28871	37	37	46	104	108	19	0	255
 28916	37	37	46	104	108	19	0	255
 28961	37	37	45	104	108	19	0	255
 29007	37	37	45	104	108	20	0	255
 29052	37	37	45	104	108	19	0	255
 29097	37	37	45	104	108	20	0	255
 29143	37	37	45	104	108	22	0	255
 29188	37	37	45	104	108	22	0	255
 29233	37	37	45	104	108	22	0	255
 29279	37	37	45	104	108	23	0	255
 29324	37	37	45	104	108	22	0	255
 29370	37	37	45	104	108	23	0	255
 29415	37	37	45	104	108	22	0	255
 29460	37	37	45	104	108	23	0	255
 29506	37	37	45	104	108	23	0	255
 29551	37	37	45	104	108	23	0	255
 29596	37	37	45	104	108	24	0	255
 29642	37	37	45	104	108	23	0	255
 29687	37	37	45	104	108	24	0	255
 29732	37	37	45	104	108	25	0	255
 29778	37	37	45	104	108	25	0	255
 29823	37	37	45	104	108	26	0	255
 29868	37	37	45	104	108	25	0	255
 29914	37	37	45	104	108	26	0	255
 29959	37	37	45	104	108	26	0	255
 30004	37	37	45	104	108	26	0	255
 30050	37	37	45	104	108	26	0	255
 30095	37	37	45	104	108	28	0	255
 30141	37	37	45	104	108	28	0	255
 30186	37	37	45	104	108	28	0	255
 30231	37	37	45	104	108	28	0	255
 30277	37	37	45	104	108	29	0	255
 30322	37	37	45	104	108	28	0	255
 30369	37	37	45	104	108	30	0	255
 30413	37	37	45	104	108	30	0	255
 30458	37	37	45	104	108	30	0	255
 30503	37	37	45	104	108	31	0	255
 30549	37	37	45	104	108	31	0	255
 30594	37	37	45	104	108	31	0	255
 30643	37	37	45	104	108	32	0	255
 30685	37	37	45	104	108	32	0	255
 30730	37	37	45	104	108	32	0	255
 30776	37	37	45	104	108	34	0	255
 30821	37	37	45	104	108	32	0	255
 30866	37	37	44	104	108	34	0	255
 30912	37	37	44	104	108	34	0	255
 30957	37	37	44	104	108	35	0	255
 31002	37	37	44	104	108	35	0	255
 31048	37	37	44	104	108	35	0	255
 31093	37	37	44	104	108	36	0	255
 31138	37	37	44	104	108	35	0	255
 31184	37	37	44	104	108	36	0	255
 31229	37	37	44	104	108	36	0	255
 31274	37	37	44	104	108	37	0	255
 31365	37	37	44	104	108	36	0	255
 31410	37	37	44	104	108	36	0	255
 31456	37	37	44	104	108	36	0	255
 31501	37	37	44	104	108	36	0	255
 31547	37	37	44	104	108	36	0	255
 31592	37	37	44	104	108	35	0	255
 31637	37	37	44	104	108	36	0	255
 31683	37	37	44	104	108	36	0	255
 31728	37	37	44	104	108	35	0	255
 31773	37	37	44	104	108	35	0	255
 31819	37	37	44	104	108	35	0	255
 31864	37	37	44	104	108	34	0	255
 31909	37	37	44	104	108	35	0	255
 31955	37	37	44	104	108	35	0	255
 32000	37	37	44	104	108	34	0	255
 32045	37	37	44	104	108	34	0	255
 32091	37	37	44	104	108	34	0	255
 32136	37	37	43	103	108	34	0	255
 32182	37	37	44	104	108	34	0	255
 32227	37	37	43	104	108	32	0	255
 32272	37	37	43	103	108	32	0	255
 32318	37	37	43	103	108	34	0	255
 32363	37	37	43	103	108	34	0	255
 32408	37	37	43	103	108	34	0	255
 32454	37	37	43	103	108	35	0	255
 32499	37	37	43	103	108	34	0	255
 32544	37	37	43	103	108	32	0	255
 32590	37	37	43	103	108	35	0	255
 32635	37	37	43	103	108	34	0	255
 32680	37	37	43	103	108	35	0	255
 32726	37	37	43	103	108	35	0	255
 32771	37	37	43	103	108	32	0	255
 32817	37	37	43	103	108	32	0	255
 32862	37	37	43	103	108	34	0	255
 32907	37	37	43	103	108	32	0	255
 32953	37	37	43	103	108	34	0	255
 33043	37	37	43	103	108	34	0	255
 33089	37	37	43	103	108	34	0	255
 33134	37	37	43	103	108	34	0	255
 33179	37	37	43	103	108	32	0	255
 33225	37	37	43	103	108	32	0	255
 33270	37	37	43	103	108	32	0	255
 33315	37	37	43	103	108	32	0	255
 33361	37	37	43	103	108	34	0	255
 33406	37	37	43	103	108	34	0	255
 33451	37	37	43	103	108	34	0	255
 33497	37	37	43	103	108	34	0	255
 33542	37	37	43	103	108	34	0	255
 33588	37	37	43	103	108	32	0	255
 33633	37	37	43	103	108	34	0	255
 33678	37	37	43	103	108	34	0	255
 33724	37	37	43	103	108	35	0	255
 33769	37	37	43	103	108	34	0	255
 33814	37	37	43	103	108	34	0	255
 33860	37	37	43	103	108	34	0	255
 33905	37	37	43	103	108	34	0	255
 33950	37	37	43	103	108	34	0	255
 33996	37	37	43	103	108	34	0	255
 34041	37	37	43	103	108	32	0	255
 34087	37	37	43	103	108	35	0	255
 34132	37	37	43	103	108	35	0	255
 34177	37	37	43	103	108	34	0	255
 34223	37	37	43	103	108	35	0	255
 34268	37	37	43	103	108	35	0	255
 34313	37	37	43	103	108	35	0	255
 34359	37	37	43	103	108	35	0	255
 34404	37	37	43	103	108	35	0	255
 34449	37	37	43	103	108	35	0	255
 34495	37	37	43	103	108	35	0	255
 34540	37	37	43	103	108	36	0	255
 34585	37	37	43	103	108	36	0	255
 34631	37	37	43	103	108	35	0	255
 34676	37	37	43	103	108	36	0	255
 34721	37	37	43	103	108	35	0	255
 34767	37	37	43	103	108	36	0	255
 34812	37	37	43	103	108	36	0	255
 34857	37	37	43	103	108	36	0	255
 34903	37	37	43	103	108	36	0	255
 34948	37	37	43	103	108	36	0	255
 34994	37	37	43	103	108	36	0	255
 35039	37	37	43	103	108	36	0	255
 35084	37	37	43	103	108	37	0	255
 35130	37	37	43	103	108	37	0	255
 35175	37	37	43	103	108	36	0	255
 35220	37	37	43	103	108	37	0	255
 35311	37	37	43	103	108	37	0	255
 35356	37	37	43	103	107	38	0	255
 35402	37	37	43	103	107	38	0	255
 35447	37	37	43	103	107	38	0	255
 35492	37	37	43	103	107	38	0	255
 35538	37	37	43	103	107	40	0	255
 35583	37	37	43	103	107	40	0	255
 35628	37	37	43	103	107	40	0	255
 35674	37	37	43	103	107	41	0	255
 35765	37	37	43	103	107	41	0	255
 35810	37	37	43	103	107	41	0	255
 35901	37	37	43	103	107	41	0	255
 35946	37	37	43	103	107	42	0	255
 35991	37	37	43	103	107	42	0	255
 36037	37	37	43	103	107	42	0	255
 36082	37	37	43	103	107	44	0	255
 36127	37	37	43	103	107	45	0	255
 36173	37	37	43	103	107	44	0	255
 36218	37	37	43	103	107	45	0	255
 36263	37	37	43	103	107	46	0	255
 36309	37	37	43	103	107	45	0	255
 36354	37	37	43	103	107	46	0	255
 36399	37	37	43	103	107	47	0	255
 36445	37	37	43	103	107	47	0	255
 36490	37	37	43	103	107	47	0	255
 36536	37	37	43	103	107	47	0	255
 36581	37	37	43	103	107	48	0	255
 36626	37	37	43	103	107	50	0	255
 36672	37	37	43	103	107	50	0	255
 36717	37	37	43	103	107	51	0	255
 36762	37	37	43	103	107	51	0	255
 36808	37	37	43	103	107	51	0	255
 36853	37	37	43	103	107	51	0	255
 36898	37	37	43	103	107	53	0	255
 36944	37	37	43	103	107	53	0	255
 36989	37	37	43	103	107	53	0	255
 37034	37	37	43	103	107	54	0	255
 37080	37	37	43	103	107	54	0	255
 37125	37	37	43	103	107	54	0	255
 37170	37	37	43	103	107	56	0	255
 37216	37	37	43	103	107	56	0	255
 37261	37	37	43	103	107	57	0	255
 37307	37	37	43	103	107	56	0	255
 37352	37	37	43	103	107	57	0	255
 37397	37	37	43	103	107	57	0	255
 37488	37	37	43	103	107	57	0	255
 37533	37	37	43	103	107	58	0	255
 37579	37	37	43	103	107	58	0	255
 37624	37	37	43	103	107	58	0	255
 37669	37	37	43	103	107	58	0	255
 37760	37	37	43	103	107	60	0	255
 37805	37	37	43	103	107	61	0	255
 37851	37	37	43	103	107	61	0	255
 37896	37	37	43	103	107	60	0	255
 37941	37	37	43	103	107	62	0	255
 37987	37	37	43	103	107	61	0	255
 38032	37	37	43	103	107	62	0	255
 38078	37	37	43	103	107	62	0	255
 38123	37	37	43	103	107	64	0	255
 38168	37	37	43	103	107	64	0	255
 38350	37	37	43	103	107	64	0	255
 38395	37	37	43	103	107	64	0	255
 38441	37	37	43	103	107	64	0	255
 38486	37	37	43	103	107	64	0	255
 38531	37	37	43	103	107	64	0	255
 38576	37	37	43	103	107	64	0	255
 38622	37	37	43	103	107	64	0	255
 38667	37	37	43	103	107	64	0	255
 38712	37	37	43	103	107	64	0	255
 38758	37	37	43	103	107	64	0	255
 38803	37	37	43	103	107	62	0	255
 38849	37	37	43	103	107	64	0	255
 38894	37	37	43	103	107	62	0	255
 38939	37	37	43	103	107	64	0	255
 38985	37	37	43	103	107	62	0	255
 39030	37	37	43	103	107	64	0	255
 39075	37	37	43	103	107	62	0	255
 39121	37	37	43	103	107	64	0	255
 39166	37	37	43	103	107	64	0	255
 39211	37	37	43	103	107	64	0	255
 39257	37	37	43	103	107	64	0	255
 39302	37	37	43	103	107	62	0	255
 39347	37	37	43	103	107	64	0	255
 39393	37	37	43	103	107	64	0	255
 39438	37	37	43	103	107	64	0	255
 39484	37	37	43	103	107	62	0	255
 39529	37	37	43	103	107	62	0	255
 39577	37	37	43	103	107	62	0	255
 39620	37	37	43	103	107	62	0	255
 39665	37	37	43	103	107	62	0	255
 39710	37	37	43	103	107	62	0	255
 39756	37	37	43	103	107	62	0	255
 39801	37	37	43	103	107	62	0	255
 39892	37	37	43	103	107	64	0	255
 39937	37	37	43	103	107	62	0	255
 39982	37	37	43	103	107	64	0	255
 40028	37	37	43	103	107	62	0	255
 40073	37	37	43	103	107	62	0	255
 40118	37	37	43	103	107	64	0	255
 40164	37	37	43	103	107	64	0	255
 40209	37	37	43	103	107	62	0	255
 40254	37	37	43	103	107	62	0	255
 40300	37	37	43	103	107	62	0	255
 40345	37	37	43	103	107	62	0	255
 40391	37	37	43	103	107	62	0	255
 40439	37	37	43	103	107	62	0	255
 40481	37	37	43	103	107	62	0	255
 40527	37	37	43	103	107	62	0	255
 40572	37	37	43	103	107	62	0	255
 40617	37	37	43	103	107	62	0	255
 40663	37	37	43	103	107	62	0	255
 40708	37	37	43	103	107	64	0	255
 40753	37	37	43	103	107	64	0	255
 40844	37	37	43	103	107	61	0	255
 40889	37	37	43	103	107	62	0	255
 40935	37	37	43	103	107	62	0	255
 40980	37	37	43	103	107	61	0	255
 41026	37	37	43	103	107	61	0	255
 41071	37	37	43	103	107	61	0	255
 41116	37	37	43	103	107	61	0	255
 41162	37	37	43	103	107	62	0	255
 41255	37	37	43	103	107	62	0	255
 41298	37	37	43	103	107	61	0	255
 41343	37	37	43	103	107	61	0	255
 41388	37	37	43	103	107	61	0	255
 41434	37	37	43	103	107	62	0	255
 41479	37	37	43	103	107	62	0	255
 41524	37	37	43	103	107	62	0	255
 41570	37	37	43	103	107	62	0	255
 41615	37	37	43	102	107	62	0	255
 41660	37	37	43	103	107	62	0	255
 41706	37	37	43	102	107	62	0	255
 41751	37	37	43	103	107	64	0	255
 41796	37	37	43	102	107	64	0	255
 41843	37	37	43	102	107	64	0	255
 41891	37	37	43	102	107	64	0	255
 41933	37	37	43	102	107	64	0	255
 41978	37	37	43	102	107	64	0	255
 42023	37	37	43	102	107	64	0	255
 42069	37	37	43	102	107	64	0	255
 42114	37	37	43	102	107	64	0	255
 42160	37	37	43	102	107	65	0	255
 42205	37	37	43	102	107	64	0	255
 42295	37	37	43	102	107	64	0	255
 42341	37	37	43	102	107	65	0	255
 42386	37	37	43	102	107	66	0	255
 42431	37	37	43	102	107	65	0	255
 42477	37	37	43	102	107	66	0	255
 42522	37	37	43	102	107	66	0	255
 42567	37	37	43	102	107	66	0	255
 42613	37	37	43	102	107	67	0	255
 42662	37	37	43	102	107	66	0	255
 42703	37	37	43	102	107	67	0	255
 42749	37	37	43	102	107	67	0	255
 42794	37	37	43	102	107	67	0	255
 42840	37	37	43	102	107	67	0	255
 42885	37	37	43	102	107	67	0	255
 42930	37	37	43	102	107	67	0	255
 42976	37	37	43	102	107	68	0	255
 43021	37	37	43	102	107	67	0	255
 43066	37	37	43	102	107	68	0	255
 43112	37	37	43	102	107	68	0	255
 43161	37	37	43	102	107	68	0	255
 43202	37	37	43	102	107	68	0	255
 43248	37	37	43	102	107	68	0	255
 43293	37	37	43	102	107	68	0	255
 43338	37	37	43	102	107	70	0	255
 43384	37	37	43	102	107	70	0	255
 43429	37	37	43	102	107	71	0	255
 43474	37	37	43	102	107	70	0	255
 43520	37	37	43	102	107	68	0	255
 43565	37	37	43	102	107	70	0	255
 43611	37	37	43	102	107	70	0	255
 43656	37	37	43	102	107	70	0	255
 43701	37	37	43	102	107	70	0	255
 43747	37	37	43	102	107	70	0	255
 43792	37	37	43	102	107	68	0	255
 43837	37	37	43	102	107	68	0	255
 43883	37	37	43	102	107	68	0	255
 43928	37	37	43	102	107	68	0	255
 43973	37	37	43	102	107	68	0	255
 44019	37	37	43	102	107	67	0	255
 44064	37	37	43	102	106	67	0	255
 44111	37	37	43	102	107	67	0	255
 44155	37	37	43	102	106	67	0	255
 44200	37	37	43	102	106	67	0	255
 44245	37	37	43	102	107	66	0	255
 44291	37	37	43	102	106	67	0	255
 44382	37	37	43	102	106	66	0	255
 44427	37	37	43	102	106	66	0	255
 44472	37	37	43	102	106	66	0	255
 44518	37	37	43	102	106	66	0	255
 44563	37	37	43	102	106	66	0	255
 44654	37	37	43	102	106	66	0	255
 44699	37	37	43	102	106	65	0	255
 44744	37	37	43	102	106	66	0	255
 44790	37	37	43	102	106	65	0	255
 44835	37	37	43	102	106	65	0	255
 44880	37	37	43	102	106	65	0	255
 44926	37	37	43	102	106	65	0	255
 44971	37	37	43	102	106	64	0	255
 45016	37	37	43	102	106	65	0	255
 45062	37	37	43	102	106	64	0	255
 45107	37	37	43	102	106	64	0	255
 45152	37	37	43	102	106	64	0	255
 45198	37	37	43	102	106	64	0	255
 45243	37	37	43	102	106	62	0	255
 45289	37	37	43	102	106	62	0	255
 45379	37	37	43	102	106	64	0	255
 45425	37	37	43	102	106	64	0	255
 45470	37	37	43	102	106	64	0	255
 45515	37	37	43	102	106	64	0	255
 45561	37	37	43	102	106	65	0	255
 45606	37	37	43	102	106	65	0	255
 45651	37	37	43	102	106	65	0	255
 45697	37	37	43	102	106	65	0	255
 45742	37	37	43	102	106	65	0	255
 45787	37	37	43	102	106	66	0	255
 45833	37	37	43	102	106	66	0	255
 45878	37	37	43	102	106	66	0	255
 45923	37	37	43	102	106	66	0	255
 45969	37	37	43	102	106	65	0	255
 46014	37	37	43	102	106	66	0	255
 46060	37	37	43	102	106	65	0	255
 46105	37	37	43	102	106	66	0	255
 46196	37	37	43	102	106	66	0	255
 46241	37	37	43	102	106	67	0	255
 46286	37	37	43	102	106	66	0	255
 46332	37	37	43	102	106	66	0	255
 46377	37	37	43	102	106	67	0	255
 46422	37	37	43	102	106	68	0	255
 46468	37	37	43	102	106	68	0	255
 46513	37	37	43	102	106	70	0	255
 46558	37	37	43	102	106	68	0	255
 46604	37	37	43	102	106	70	0	255
 46694	37	37	43	102	106	71	0	255
 46740	37	37	43	102	106	70	0	255
 46785	37	37	43	102	106	71	0	255
 46831	37	37	43	102	106	71	0	255
 46876	37	37	43	102	106	72	0	255
 46921	37	37	43	102	106	71	0	255
 46967	37	37	43	102	106	71	0	255
 47012	37	37	43	102	106	71	0	255
 47057	37	37	43	102	106	72	0	255
 47107	37	37	43	102	106	74	0	255
 47148	37	37	43	102	106	74	0	255
 47193	37	37	43	102	106	72	0	255
 47239	37	37	43	102	106	74	0	255
 47284	37	37	43	102	106	74	0	255
 47329	37	37	43	102	106	75	0	255
 47375	37	37	43	102	106	75	0	255
 47422	37	37	43	102	106	76	0	255
 47466	37	37	43	102	106	76	0	255
 47511	37	37	43	102	106	76	0	255
 47556	37	37	43	102	106	78	0	255
 47602	37	37	43	102	106	78	0	255
 47647	37	37	43	102	106	78	0	255
 47692	37	37	43	102	106	76	0	255
 47738	37	37	43	102	106	78	0	255
 47783	37	37	43	102	106	78	0	255
 47828	37	37	43	102	106	80	0	255
 47874	37	37	43	102	106	79	0	255
 47919	37	37	43	102	106	79	0	255
 47964	37	37	43	102	106	80	0	255
 48010	37	37	43	102	106	80	0	255
 48055	37	37	43	102	106	80	0	255
 48100	37	37	43	102	106	79	0	255
 48146	37	37	43	102	106	80	0	255
 48191	37	37	43	102	106	80	0	255
 48237	37	37	43	102	106	80	0	255
 48282	37	37	43	102	106	79	0	255
 48327	37	37	43	102	106	80	0	255
 48376	37	37	43	102	106	80	0	255
 48418	37	37	43	102	106	80	0	255
 48463	37	37	43	102	106	79	0	255
 48509	37	37	43	102	106	79	0	255
 48554	37	37	43	102	106	78	0	255
 48599	37	37	43	102	106	79	0	255
 48645	37	37	43	102	106	79	0	255
 48694	37	37	43	102	106	79	0	255
 48735	37	37	43	102	106	78	0	255
 48784	37	37	43	102	106	79	0	255
 48826	37	37	43	102	106	76	0	255
 48871	37	37	43	102	106	78	0	255
 48917	37	37	43	102	106	78	0	255
 48962	37	37	43	102	106	78	0	255
 49053	37	37	43	102	106	78	0	255
 49098	37	37	43	102	106	79	0	255
 49144	37	37	43	102	106	79	0	255
 49189	37	37	43	102	106	80	0	255
 49234	37	37	43	102	106	82	0	255
 49280	37	37	43	102	106	82	0	255
 49325	37	37	43	102	106	80	0	255
 49370	37	37	43	102	106	82	0	255
 49461	37	37	43	102	106	82	0	255
 49506	37	37	43	102	106	80	0	255
 49597	37	37	43	102	106	82	0	255
 49642	37	37	43	102	106	80	0	255
 49688	37	37	43	102	106	80	0	255
 49733	37	37	43	102	106	80	0	255
 49778	37	37	43	102	106	79	0	255
 49824	37	37	43	102	106	80	0	255
 49869	37	37	43	102	106	80	0	255
 49915	37	37	43	102	106	80	0	255
 49960	37	37	43	102	106	82	0	255
 50005	37	37	43	102	106	80	0	255
 50051	37	37	43	102	106	82	0	255
 50096	37	37	43	102	106	82	0	255
 50141	37	37	43	102	106	82	0	255
 50187	37	37	43	102	106	82	0	255
 50232	37	37	43	102	106	80	0	255
 50277	37	37	43	102	106	80	0	255
 50323	37	37	43	102	106	79	0	255
 50368	37	37	43	102	106	79	0	255
 50459	37	37	43	102	106	78	0	255
 50504	37	37	43	102	106	78	0	255
 50549	37	37	43	102	106	78	0	255
 50595	37	37	43	102	106	76	0	255
 50640	37	37	43	102	106	76	0	255
 50731	37	37	43	102	106	76	0	255
 50776	37	37	43	102	106	76	0	255
 50822	37	37	43	102	106	75	0	255
 50912	37	37	43	102	106	75	0	255
 50958	37	37	43	102	106	74	0	255
 51003	37	37	43	101	106	74	0	255
 51048	37	37	43	102	106	75	0	255
 51094	37	37	43	101	106	75	0	255
 51139	37	37	43	101	106	74	0	255
 51184	37	37	43	101	106	74	0	255
 51230	37	37	43	101	106	72	0	255
 51275	37	37	43	101	106	72	0	255
 51320	37	37	43	101	106	74	0	255
 51366	37	37	43	101	106	72	0	255
 51411	37	37	43	101	106	72	0	255
 51460	37	37	43	101	106	72	0	255
 51502	37	37	43	101	106	74	0	255
 51547	37	37	43	101	106	74	0	255
 51638	37	37	43	101	106	74	0	255
 51683	37	37	43	101	106	75	0	255
 51729	37	37	43	101	106	75	0	255
 51774	37	37	43	101	106	76	0	255
 51819	37	37	43	101	106	76	0	255
 51865	37	37	43	101	106	75	0	255
 51914	37	37	43	101	106	76	0	255
 51955	37	37	43	101	106	75	0	255
 52001	37	37	43	101	106	76	0	255
 52046	37	37	43	101	106	75	0	255
 52091	37	37	43	101	106	75	0	255
 52137	37	37	43	101	106	75	0	255
 52182	37	37	43	101	106	75	0	255
 52227	37	37	43	101	106	76	0	255
 52273	37	37	43	101	106	75	0	255
 52318	37	37	43	101	106	75	0	255
 52364	37	37	43	101	106	76	0	255
 52413	37	37	43	101	106	75	0	255
 52454	37	37	43	101	106	76	0	255
 52500	37	37	43	101	106	76	0	255
 52545	37	37	43	101	106	76	0	255
 52590	37	37	43	101	106	76	0	255
 52636	37	37	43	101	106	76	0	255
 52726	37	37	43	101	106	76	0	255
 52772	37	37	43	101	106	76	0	255
 52817	37	37	43	101	106	76	0	255
 52862	37	37	43	101	106	76	0	255
 52908	37	37	43	101	106	75	0	255
 52953	37	37	43	101	106	75	0	255
 52999	37	37	43	101	106	75	0	255
 53044	37	37	43	101	106	74	0	255
 53089	37	37	43	101	105	74	0	255
 53135	37	37	43	101	106	74	0	255
 53180	37	37	43	101	105	72	0	255
 53225	37	37	44	101	105	72	0	255
 53271	37	37	43	101	105	72	0	255
 53316	37	37	43	101	105	71	0	255
 53362	37	37	43	101	105	71	0	255
 53407	37	37	43	101	105	71	0	255
 53452	37	37	43	101	105	71	0	255
 53497	37	37	43	101	105	70	0	255
 53543	37	37	43	101	105	70	0	255
 53588	37	37	43	101	105	70	0	255
 53633	37	37	43	101	105	71	0	255
 53679	37	37	43	101	105	70	0	255
 53724	37	37	44	101	105	70	0	255
 53770	37	37	43	101	105	70	0	255
 53815	37	37	43	101	105	70	0	255
 53860	37	37	43	101	105	70	0	255
 53906	37	37	43	101	105	70	0	255
 53951	37	37	43	101	105	70	0	255
 53996	37	37	43	101	105	70	0	255
 54042	37	37	43	101	105	70	0	255
 54087	37	37	43	101	105	68	0	255
 54132	37	37	43	101	105	68	0	255
 54178	37	37	43	101	105	67	0	255
 54223	37	37	43	101	105	67	0	255
 54268	37	37	44	101	105	67	0	255
 54314	37	37	43	101	105	66	0	255
 54359	37	37	44	101	105	67	0	255
 54405	37	37	43	101	105	66	0	255
 54541	37	37	43	101	105	65	0	255
 54586	37	37	43	101	105	65	0	255
 54631	37	37	43	101	105	65	0	255
 54677	37	37	43	101	105	64	0	255
 54722	37	37	43	101	105	64	0	255
 54767	37	37	43	101	105	64	0	255
 54813	37	37	43	101	105	62	0	255
 54858	37	37	44	101	105	62	0	255
 54903	37	37	43	101	105	62	0	255
 54949	37	37	44	101	105	61	0	255
 54994	37	37	43	101	105	61	0	255
 55039	37	37	44	101	105	61	0	255
 55130	37	37	43	101	105	61	0	255
 55176	37	37	44	101	105	60	0	255
 55221	37	37	43	101	105	60	0	255
 55266	37	37	44	101	105	60	0	255
 55312	37	37	43	101	105	58	0	255
 55357	37	37	44	101	105	60	0	255
 55402	37	37	43	101	105	58	0	255
 55448	37	37	44	101	105	57	0	255
 55493	37	37	43	101	105	57	0	255
 55538	37	37	44	101	105	57	0	255
 55584	37	37	43	101	105	57	0	255
 55629	37	37	43	101	105	56	0	255
 55674	37	37	44	101	105	56	0	255
 55720	37	37	44	101	105	54	0	255
 55765	37	37	44	101	105	54	0	255
 55810	37	37	43	101	105	54	0	255
 55856	37	37	44	101	105	53	0	255
 55901	37	36	44	101	105	54	0	255
 55947	37	37	43	101	105	54	0	255
 55992	37	37	44	101	105	53	0	255
 56037	37	37	43	101	105	53	0	255
 56083	37	37	43	101	105	53	0	255
 56128	37	36	44	101	105	52	0	255
 56173	37	36	43	101	105	52	0	255
 56219	37	37	44	101	105	52	0	255
 56264	37	37	43	101	105	51	0	255
 56309	37	37	43	101	105	50	0	255
 56355	37	36	44	101	105	51	0	255
 56400	37	36	43	101	105	50	0	255
 56445	37	36	44	101	105	50	0	255
 56491	37	36	44	101	105	50	0	255
 56536	37	36	44	101	105	50	0	255
 56581	37	37	44	101	105	48	0	255
 56627	37	36	43	101	105	48	0	255
 56672	37	36	44	101	105	50	0	255
 56718	37	36	44	101	105	48	0	255
 56763	37	36	44	101	105	47	0	255
 56808	37	36	44	101	105	47	0	255
 56854	37	36	44	101	105	47	0	255
 56899	37	36	44	101	105	47	0	255
 56944	37	36	44	101	105	47	0	255
 56990	37	36	44	101	105	46	0	255
 57035	37	36	44	101	105	46	0	255
 57080	37	36	44	101	105	45	0	255
 57126	37	36	44	101	105	46	0	255
 57171	37	36	44	101	105	45	0	255
 57216	37	36	44	101	105	45	0	255
 57262	37	36	44	101	105	45	0	255
 57307	37	36	44	101	105	44	0	255
 57352	37	36	44	101	105	44	0	255
 57398	37	36	44	101	105	44	0	255
 57443	37	36	44	101	105	44	0	255
 57489	37	36	44	101	105	44	0	255
 57534	37	36	44	101	105	44	0	255
 57583	37	36	44	101	105	44	0	255
 57625	37	36	44	101	105	42	0	255
 57670	37	36	43	101	105	42	0	255
 57715	37	36	43	101	105	42	0	255
 57761	37	36	44	101	105	41	0	255
 57806	37	36	44	101	105	41	0	255
 57851	37	36	44	101	105	41	0	255
 57897	37	36	44	101	105	41	0	255
 57942	37	36	44	101	105	41	0	255
 57987	37	36	44	101	105	41	0	255
 58033	37	36	44	101	105	40	0	255
 58078	37	36	44	101	105	40	0	255
 58123	37	36	44	101	105	40	0	255
 58214	37	36	44	101	105	40	0	255
 58260	37	36	44	101	105	38	0	255
 58350	37	36	43	101	105	38	0	255
 58396	37	36	44	101	105	40	0	255
 58441	37	36	44	101	105	38	0	255
 58490	37	36	44	101	105	38	0	255
 58532	37	36	44	101	105	38	0	255
 58577	37	36	44	101	105	37	0	255
 58622	37	36	44	101	105	37	0	255
 58668	37	36	44	101	105	37	0	255
 58713	37	36	44	101	105	37	0	255
 58758	37	36	44	101	105	36	0	255
 58804	37	36	44	101	105	37	0	255
 58849	37	36	44	101	105	37	0	255
 58895	37	36	44	101	105	36	0	255
 58940	37	36	44	101	105	37	0	255
 58985	37	36	44	101	105	36	0	255
 59031	37	36	44	101	105	36	0	255
 59076	37	36	44	101	105	36	0	255
 59121	37	36	44	101	105	36	0	255
 59167	37	36	44	101	105	36	0	255
 59212	37	36	44	101	105	35	0	255
 59257	37	36	44	101	105	36	0	255
 59303	37	36	44	101	105	35	0	255
 59348	37	36	44	101	105	35	0	255
 59393	37	36	44	101	105	35	0	255
 59439	37	36	44	101	105	35	0	255
 59484	37	36	44	101	105	35	0	255
 59529	37	36	44	101	105	34	0	255
 59575	37	36	44	101	105	34	0	255
 59620	37	36	44	101	105	34	0	255
 59666	37	36	44	101	105	34	0	255
 59711	37	36	44	101	105	34	0	255
 59756	37	36	44	101	105	32	0	255
 59802	37	36	44	101	105	32	0	255
 59847	37	36	44	101	105	34	0	255
 59892	37	36	44	101	105	31	0	255
 59938	37	36	44	101	105	32	0	255
 59983	37	36	44	101	105	31	0	255
 60028	37	36	44	101	105	32	0	255
 60074	37	36	44	101	105	31	0	255
 60119	37	36	44	101	105	31	0	255
 60165	37	36	44	101	105	31	0	255
 60210	37	36	44	101	105	31	0	255
 60255	37	36	44	101	105	31	0	255
 60300	37	36	44	100	105	30	0	255
 60346	37	36	44	101	105	31	0	255
 60391	37	36	44	101	105	31	0	255
 60437	37	36	44	101	105	30	0	255
 60482	37	36	44	101	105	30	0	255
 60527	37	36	44	101	105	30	0	255
 60573	37	36	44	101	105	30	0	255
 60618	37	36	44	101	105	30	0	255
 60663	37	36	44	101	105	30	0	255
 60709	37	36	44	101	105	30	0	255
 60754	37	36	44	101	105	29	0	255
 60799	37	36	44	100	105	29	0	255
 60845	37	36	44	100	105	29	0	255
 60894	37	36	44	101	105	29	0	255
 60935	37	36	44	100	105	29	0	255
 60985	37	36	44	100	105	29	0	255
 61071	37	36	44	100	105	29	0	255
 61121	37	36	44	100	105	28	0	255
 61162	37	36	44	100	105	29	0	255
 61208	37	36	44	100	105	28	0	255
 61253	37	36	44	100	105	28	0	255
 61298	37	36	44	100	105	28	0	255
 61344	37	36	44	100	105	28	0	255
 61389	37	36	44	100	105	28	0	255
 61434	37	36	44	100	105	26	0	255
 61525	37	36	44	100	105	26	0	255
 61570	37	36	44	100	105	26	0	255
 61616	37	36	44	100	105	26	0	255
 61661	37	36	44	100	105	26	0	255
 61706	37	36	44	100	105	26	0	255
 61752	37	36	44	100	105	26	0	255
 61797	37	36	44	100	105	26	0	255
 61843	37	36	44	100	105	26	0	255
 61888	37	36	44	100	105	25	0	255
 61933	37	36	44	100	105	26	0	255
 61979	37	36	44	100	105	26	0	255
 62024	37	36	44	100	105	25	0	255
 62069	37	36	44	100	105	25	0	255
 62115	37	36	44	100	104	26	0	255
 62160	37	36	44	100	105	25	0	255
 62205	37	36	44	100	105	25	0	255
 62251	37	36	44	100	105	25	0	255
 62296	37	36	44	100	104	25	0	255
 62341	37	36	44	100	105	25	0	255
 62387	37	36	44	100	104	25	0	255
 62432	37	36	44	100	105	25	0	255
 62477	37	36	44	100	104	25	0	255
 62523	37	36	44	100	104	26	0	255
 62568	37	36	44	100	105	25	0	255
 62614	37	36	44	100	104	24	0	255
 62659	37	36	44	100	104	25	0	255
 62704	37	36	44	100	104	25	0	255
 62750	37	36	44	100	104	24	0	255
 62795	37	36	44	100	104	24	0	255
 62840	37	36	44	100	104	24	0	255
 62931	36	36	44	100	104	24	0	255
 62976	37	36	44	100	104	24	0	255
 63022	37	36	44	100	104	24	0	255
 63067	37	36	44	100	104	24	0	255
 63112	36	36	44	100	104	24	0	255
 63158	37	36	44	100	104	24	0	255
 63203	36	36	44	100	104	24	0	255
 63248	37	36	44	100	104	24	0	255
 63294	37	36	44	100	104	24	0	255
 63339	36	36	44	100	104	23	0	255
 63430	37	36	44	100	104	24	0	255
 63475	36	36	44	100	104	24	0	255
 63521	37	36	44	100	104	24	0	255
 63566	37	36	44	100	104	23	0	255
 63657	36	36	44	100	104	23	0	255
 63702	36	36	44	100	104	23	0	255
 63747	37	36	44	100	104	23	0	255
 63793	37	36	44	100	104	23	0	255
 63838	37	36	44	100	104	23	0	255
 63883	36	36	44	100	104	23	0	255
 63929	36	36	44	100	104	24	0	255
 63974	37	36	44	100	104	23	0	255
 64019	36	36	44	100	104	23	0	255
 64065	36	36	44	100	104	23	0	255
 64110	36	36	44	100	104	23	0	255
 64155	36	36	44	100	104	23	0	255
 64201	36	36	44	100	104	23	0	255
 64246	37	36	44	100	104	23	0	255
 64292	37	36	44	100	104	23	0	255
 64337	36	36	44	100	104	23	0	255
 64382	36	36	44	100	104	23	0	255
 64428	36	36	44	100	104	23	0	255
 64473	37	36	44	100	104	23	0	255
 64518	36	36	44	100	104	22	0	255
 64564	36	36	44	100	104	24	0	255
 64609	37	36	44	100	104	23	0	255
 64654	36	36	44	100	104	22	0	255
 64700	37	36	44	100	104	23	0	255
 64745	36	36	44	100	104	23	0	255
 64790	36	36	44	100	104	22	0	255
 64836	36	36	44	100	104	23	0	255
 64881	36	36	44	100	104	23	0	255
 64927	36	36	44	100	104	23	0	255
 64972	36	36	44	100	104	23	0	255
 65017	36	36	44	100	104	22	0	255
 65063	36	36	44	100	104	22	0	255
 65108	36	36	44	100	104	22	0	255
 65153	36	36	44	100	104	22	0	255
 65199	36	36	44	100	104	22	0	255
 65244	36	36	44	100	104	23	0	255
 65289	36	36	44	100	104	23	0	255
 65335	36	36	44	100	104	22	0	255
 65380	36	36	44	100	104	22	0	255
 65426	37	36	44	100	104	20	0	255
 65471	36	36	44	100	104	22	0	255
 65516	36	36	44	100	104	22	0	255
 65561	36	36	44	100	104	20	0	255
 65607	36	36	44	100	104	22	0	255
 65652	36	36	44	100	104	22	0	255
 65698	36	36	44	100	104	20	0	255
 65788	36	36	44	100	104	22	0	255
 65837	36	36	44	100	104	22	0	255
 65879	36	36	44	100	104	22	0	255
 65924	36	36	44	100	104	22	0	255
 65970	36	36	44	100	104	22	0	255
 66015	36	36	44	100	104	20	0	255
 66060	36	36	44	100	104	22	0	255
 66106	36	36	44	100	104	22	0	255
 66151	36	36	44	100	104	20	0	255
 66196	36	36	44	100	104	20	0	255
 66242	36	36	44	100	104	20	0	255
 66287	36	36	44	100	104	22	0	255
 66333	36	36	44	100	104	22	0	255
 66378	36	36	44	100	104	20	0	255
 66423	36	36	44	100	104	23	0	255
 66469	36	36	44	100	104	20	0	255
 66514	36	36	44	100	104	22	0	255
 66559	36	36	44	100	104	20	0	255
 66605	36	36	44	100	104	20	0	255
 66650	36	36	44	100	104	20	0	255
 66695	36	36	44	100	104	20	0	255
 66741	36	36	44	100	104	20	0	255
 66786	36	36	44	100	104	20	0	255
 66831	36	36	44	100	104	19	0	255
 66877	36	36	44	100	104	20	0	255
 66922	36	36	44	100	104	20	0	255
 66967	36	36	44	100	104	20	0	255
 67013	36	36	44	100	104	22	0	255
 67058	36	36	44	100	104	20	0	255
 67104	36	36	44	100	104	20	0	255
 67149	36	36	44	100	104	19	0	255
 67194	36	36	44	100	104	20	0	255
 67240	36	36	44	100	104	19	0	255
 67285	36	36	44	100	104	20	0	255
 67330	36	36	44	100	104	20	0	255
 67376	36	36	44	100	104	19	0	255
 67421	36	36	44	100	104	19	8	255
 67467	36	36	44	100	104	19	0	255
 67512	36	36	44	100	104	20	0	255
 67557	36	36	44	100	104	19	0	255
 67602	36	36	44	100	104	20	0	255
 67648	36	36	44	100	104	20	0	255
 67693	36	36	44	100	104	19	0	255
 67739	36	36	44	100	104	19	0	255
 67784	36	36	44	100	104	19	0	255
 67829	36	36	44	100	104	20	0	255
 67875	36	36	44	100	104	20	0	255
 67920	36	36	44	100	104	19	0	255
 67965	36	36	44	100	104	20	0	255
 68011	36	36	44	100	104	20	0	255
 68056	36	36	44	100	104	20	0	255
 68101	36	36	44	100	104	19	0	255
 68147	36	36	44	100	104	19	0	255
 68192	36	36	44	100	104	19	0	255
 68237	36	36	44	100	104	20	0	255
 68283	36	36	44	100	104	19	0	255
 68328	36	36	44	100	104	19	0	255
 68373	36	36	44	100	104	19	0	255
 68419	36	36	44	100	104	19	0	255
 68464	36	36	44	100	104	19	0	255
 68555	36	36	44	100	104	19	0	255
 68600	36	36	44	100	104	19	0	255
 68646	36	36	44	100	104	19	0	255
 68691	36	36	44	100	104	19	0	255
 68736	36	36	44	100	104	20	0	255
 68786	36	36	44	100	104	19	0	255
 68827	36	36	44	100	104	19	0	255
 68872	36	36	44	100	104	19	0	255
 68918	36	36	44	100	104	19	0	255
 68963	36	36	44	100	104	19	0	255
 69008	36	36	44	100	104	19	0	255
 69054	36	36	44	100	104	19	0	255
 69099	36	36	44	100	104	19	0	255
 69144	36	36	44	100	104	19	0	255
 69190	36	36	44	100	104	19	0	255
 69235	36	36	44	100	104	19	0	255
 69280	36	36	44	100	104	19	0	255
 69326	36	36	44	100	104	19	0	255
 69371	36	36	44	100	104	19	0	255
 69417	36	36	44	100	104	20	0	255
 69462	36	36	44	100	104	19	0	255
 69507	36	36	44	100	104	19	0	255
 69553	36	36	44	100	104	20	0	255
 69602	36	36	44	100	104	19	0	255
 69643	36	36	44	100	104	19	0	255
 69689	36	36	44	100	104	19	0	255
 69734	36	36	44	100	104	19	0	255
 69779	36	36	44	100	104	19	0	255
 69825	36	36	44	100	104	19	0	255
 69870	36	36	44	100	104	19	0	255
 69915	36	36	44	100	104	19	0	255
 69961	36	36	44	100	104	20	0	255
 70006	36	36	44	100	104	19	0	255
 70052	36	36	44	100	104	20	0	255
 70097	36	36	44	100	104	19	0	255
 70142	36	36	44	100	104	19	0	255
 70188	36	36	44	100	104	20	0	255
 70233	36	36	44	100	104	19	0	255
 70278	36	36	44	100	104	20	0	255
 70324	36	36	44	100	104	19	0	255
 70369	36	36	44	100	104	19	0	255
 70414	36	36	44	100	104	19	0	255
 70460	36	36	44	99	104	20	0	255
 70550	36	36	44	100	104	20	0	255
 70596	36	36	44	100	104	19	0	255
 70641	36	36	44	100	104	19	0	255
 70686	36	36	44	99	104	19	0	255
 70732	36	36	44	99	104	19	0	255
 70777	36	36	44	99	104	20	0	255
 70822	36	36	44	100	104	19	0	255
 70868	36	36	44	99	104	19	0	255
 70913	36	36	44	99	104	19	0	255
 70959	36	36	44	99	104	20	0	255
 71004	36	36	44	99	104	19	0	255
 71049	36	36	44	100	104	20	0	255
 71095	36	36	44	99	104	19	0	255
 71185	36	36	44	99	104	20	0	255
 71231	36	36	44	99	104	19	0	255
 71281	36	36	44	99	104	20	0	255
 71367	36	36	44	99	104	19	0	255
 71412	36	36	44	99	104	20	0	255
 71457	36	36	44	99	104	18	0	255
 71503	36	36	44	99	104	19	0	255
 71548	36	36	44	99	103	19	0	255
 71593	36	36	44	99	103	20	0	255
 71639	36	36	44	99	104	19	0	255
 71684	36	36	44	99	103	20	0	255
 71730	36	36	44	99	104	19	0	255
 71775	36	36	44	99	103	19	0	255
 71820	36	36	44	99	103	19	0	255
 71866	36	36	44	99	103	19	0	255
 71911	36	36	44	99	103	19	0	255
 71956	36	36	44	99	103	19	0	255
 72002	36	36	44	99	103	20	0	255
 72047	36	36	44	99	103	20	0	255
 72092	36	36	44	99	103	19	0	255
 72138	36	36	44	99	103	19	0	255
 72183	36	36	44	99	103	20	0	255
 72228	36	36	44	99	103	19	0	255
 72274	36	36	43	99	103	19	0	255
 72319	36	36	44	99	103	19	0	255
 72364	36	36	44	99	103	19	0	255
 72410	36	36	43	99	103	19	0	255
 72455	36	36	43	99	103	19	0	255
 72500	36	36	43	99	103	19	0	255
 72546	36	36	43	99	103	18	0	255
 72591	36	36	43	99	103	19	0	255
 72637	36	36	43	99	103	19	0	255
 72682	36	36	43	99	103	19	0	255
 72727	36	36	43	99	103	20	0	255
 72773	36	36	43	99	103	19	0	255
 72818	36	36	43	99	103	19	0	255
 72863	36	36	43	99	103	19	0	255
 72909	36	36	43	99	103	19	0	255
 72954	36	36	43	99	103	19	0	255
 72999	36	36	44	99	103	19	0	255
 73045	36	36	43	99	103	19	0	255
 73090	36	36	43	99	103	19	0	255
 73135	36	36	43	99	103	19	0	255
 73181	36	36	43	99	103	18	0	255
 73226	36	36	43	99	103	19	0	255
 73272	36	36	43	99	103	18	0	255
 73362	36	36	43	99	103	20	0	255
 73408	36	36	43	99	103	19	0	255
 73453	36	36	43	99	103	19	0	255
 73498	36	36	43	99	103	19	0	255
 73544	36	36	43	99	103	20	0	255
 73589	36	36	43	99	103	19	0	255
 73634	36	36	43	99	103	19	0	255
 73680	36	36	43	99	103	20	0	255
 73725	36	36	43	99	103	19	0	255
 73770	36	36	43	99	103	19	0	255
 73861	36	36	43	99	103	19	0	255
 73906	36	36	43	99	103	19	0	255
 73952	36	36	43	99	103	19	0	255
 73997	36	36	43	99	103	19	0	255
 74043	36	36	43	99	103	19	0	255
 74088	36	36	43	99	103	19	0	255
 74133	36	36	43	99	103	19	0	255
 74179	36	36	43	99	103	19	0	255
 74224	36	36	43	99	103	18	0	255
 74269	36	36	43	99	103	19	0	255
 74315	36	36	43	99	103	19	0	255
 74360	36	36	43	99	103	18	0	255
 74405	36	36	43	99	103	19	0	255
 74451	36	36	43	99	103	19	0	255
 74496	36	36	43	99	103	19	0	255
 74541	36	36	43	99	103	18	0	255
 74587	36	36	43	99	103	18	0	255
 74632	36	36	43	99	103	18	0	255
 74677	36	36	43	99	103	19	0	255
 74723	36	36	43	99	103	19	0	255
 74768	36	36	43	99	103	19	0	255
 74814	36	36	43	99	103	19	0	255
 74859	36	36	43	99	103	19	0	255
 74904	36	36	43	99	103	19	0	255
 74950	36	36	43	99	103	20	0	255
 74995	36	36	43	99	103	19	0	255
 75040	36	36	43	99	103	19	0	255
 75086	36	36	43	99	103	19	0	255
 75176	36	36	43	99	103	18	0	255
 75222	36	36	43	99	103	19	0	255
 75267	36	36	43	99	103	18	0	255
 75312	36	36	43	99	103	19	0	255
 75358	36	36	43	99	103	19	0	255
 75403	36	36	43	99	103	19	0	255
 75448	36	36	43	99	103	19	0	255
 75494	36	36	43	99	103	18	0	255
 75539	36	36	43	99	103	19	0	255
 75585	36	36	43	99	103	19	0	255
 75630	36	36	43	99	103	19	0	255
 75675	36	36	43	99	103	19	0	255
 75721	36	36	43	99	103	19	0	255
 75766	36	36	43	99	103	19	0	255
 75811	36	36	43	99	103	18	0	255
 75857	36	36	43	99	103	18	0	255
 75902	36	36	43	99	103	19	0	255
 75947	36	36	43	99	103	19	0	255
 75993	36	36	43	99	103	19	0	255
 76038	36	36	43	99	103	19	0	255
 76083	36	36	43	99	103	19	0	255
 76129	36	36	43	99	103	19	0	255
 76174	36	36	43	99	103	19	0	255
 76220	36	36	43	99	103	20	0	255
 76268	36	36	43	99	103	19	0	255
 76310	36	36	43	99	103	19	0	255
 76356	36	36	43	99	103	19	0	255
 76401	36	36	43	99	103	19	0	255
 76446	36	36	43	99	103	19	0	255
 76492	36	36	43	99	103	18	0	255
 76537	36	36	43	99	103	18	0	255
 76582	36	36	43	99	103	19	0	255
 76673	36	36	43	99	103	19	0	255
 76718	36	36	43	99	103	19	0	255
 76764	36	36	43	99	103	19	0	255
 76809	36	36	43	99	103	19	0	255
 76854	36	36	43	99	103	19	0	255
 76900	36	36	43	99	103	19	0	255
 76945	36	36	43	99	103	19	0	255
 76991	36	36	43	99	103	19	0	255
 77036	36	36	43	99	103	19	0	255
 77081	36	36	43	99	103	19	0	255
 77127	36	36	43	99	103	19	0	255
 77172	36	36	43	99	103	19	0	255
 77217	36	36	43	99	103	19	0	255
 77263	36	36	43	99	103	19	0	255
 77308	36	36	43	99	103	18	0	255
 77353	36	36	43	99	103	18	0	255
 77399	36	36	43	99	103	19	0	255
 77444	36	36	43	99	103	18	0	255
 77489	36	36	43	99	103	19	0	255
 77535	36	36	43	99	103	19	0	255
 77580	36	36	43	99	103	19	0	255
 77626	36	36	43	99	103	19	0	255
 77671	36	36	43	99	103	19	0	255
 77716	36	36	43	99	103	19	0	255
 77762	36	36	43	99	103	18	0	255
 77807	36	36	43	99	103	18	0	255
 77852	36	36	43	99	103	19	0	255
 77898	36	36	43	99	103	19	0	255
 77946	36	36	43	99	103	19	0	255
 77988	36	36	43	99	103	18	0	255
 78034	36	36	43	99	103	19	0	255
 78079	36	36	43	99	103	19	0	255
 78124	36	36	43	99	103	19	0	255
 78170	36	36	43	99	103	20	0	255
 78215	36	36	43	99	103	19	0	255
 78260	36	36	43	99	103	19	0	255
 78306	36	36	43	99	103	18	0	255
 78351	36	36	43	99	103	18	0	255
 78442	36	36	43	99	103	19	0	255
 78487	36	36	43	99	103	19	0	255
 78533	36	36	43	99	103	18	0	255
 78578	36	36	43	99	103	19	0	255
 78623	36	36	43	99	103	19	0	255
 78669	36	36	43	99	103	19	0	255
 78714	36	36	43	99	103	19	0	255
 78759	36	36	43	99	103	18	0	255
 78805	36	36	43	99	103	19	0	255
 78850	36	36	43	99	103	18	0	255
 78895	36	36	43	99	103	18	0	255
 78941	36	36	43	99	103	19	0	255
 78986	36	36	43	99	103	18	0	255
 79031	36	36	43	99	103	18	0	255
 79077	36	36	43	99	103	19	0	255
 79122	36	36	43	99	103	19	0	255
 79168	36	36	43	99	103	19	0	255
 79213	36	36	43	99	103	19	0	255
 79258	36	36	43	99	103	19	0	255
 79349	36	36	43	99	103	19	0	255
 79394	36	36	43	99	103	18	0	255
 79440	36	36	43	99	103	19	0	255
 79485	36	36	43	99	103	19	0	255
 79530	36	36	43	99	103	18	0	255
 79576	36	36	43	99	103	19	0	255
 79621	36	36	43	99	103	18	0	255
 79666	36	36	43	99	103	18	0	255
 79712	36	36	43	99	103	19	0	255
 79757	36	36	43	99	103	19	0	255
 79802	36	36	43	99	103	18	0	255
 79848	36	36	43	99	103	18	0	255
 79894	36	36	43	98	103	18	0	255
 79939	36	36	43	98	103	19	0	255
 79984	36	36	43	98	103	18	0	255
 80029	36	36	43	98	103	19	0	255
 80075	36	36	43	98	103	19	0	255
 80120	36	36	43	99	103	19	0	255
 80165	36	36	43	98	103	19	0	255
 80211	36	36	43	99	103	19	0	255
 80256	36	36	43	98	103	18	0	255
 80301	36	36	43	99	103	19	0	255
 80347	36	36	43	98	103	19	0	255
 80392	36	36	43	98	103	19	0	255
 80442	36	36	43	98	103	19	0	255
 80483	36	36	43	98	103	19	0	255
 80528	36	36	43	98	103	19	0	255
 80573	36	36	43	98	103	18	0	255
 80623	36	36	43	98	103	19	0	255
 80664	36	36	43	98	103	19	0	255
 80710	36	36	43	98	103	19	0	255
 80755	36	36	43	98	103	19	0	255
 80800	36	36	43	98	103	19	0	255
 80846	36	36	43	98	102	19	0	255
 80891	36	36	43	98	102	18	0	255
 80936	36	36	43	98	102	18	0	255
 80982	36	36	43	98	103	19	0	255
 81027	36	36	43	98	102	19	0	255
 81072	36	36	43	98	102	18	0	255
 81118	36	36	43	98	102	18	0	255
 81163	36	36	43	98	102	19	0	255
 81208	36	36	43	98	102	19	0	255
 81299	36	36	43	98	102	20	0	255
 81344	36	36	43	98	102	19	0	255
 81390	36	36	43	98	102	19	0	255
 81435	36	36	43	98	102	18	0	255
 81481	36	36	43	98	102	19	0	255
 81526	36	36	43	98	102	19	0	255
 81571	36	36	43	98	102	19	0	255
 81617	36	36	43	98	102	19	0	255
 81662	36	36	43	98	102	19	0	255
 81707	36	36	43	98	102	19	0	255
 81753	36	36	43	98	102	19	0	255
 81798	36	36	43	98	102	19	0	255
 81843	36	36	43	98	102	19	0	255
 81889	36	36	43	98	102	19	0	255
 81934	36	36	43	98	102	18	0	255
 81979	36	36	43	98	102	19	0	255
 82025	36	36	43	98	102	19	0	255
 82070	36	36	43	98	102	18	0	255
 82116	36	36	43	98	102	19	0	255
 82161	36	36	43	98	102	19	0	255
 82206	36	36	43	98	102	19	0	255
 82252	36	36	43	98	102	19	0	255
 82297	36	36	43	98	102	19	0	255
 82342	36	36	43	98	102	18	0	255
 82388	36	36	43	98	102	18	0	255
 82433	36	36	43	98	102	19	0	255
 82478	36	36	43	98	102	19	0	255
 82524	36	36	43	98	102	19	0	255
 82569	36	36	43	98	102	19	0	255
 82614	36	36	43	98	102	19	0	255
 82660	36	36	43	98	102	19	0	255
 82705	36	36	43	98	102	19	0	255
 82750	36	36	43	98	102	19	0	255
 82796	36	36	43	98	102	18	0	255
 82841	36	36	43	98	102	19	0	255
 82887	36	36	43	98	102	18	0	255
 82977	36	36	43	98	102	18	0	255
 83023	36	36	43	98	102	19	0	255
 83068	37	36	43	98	102	19	0	255
 83113	36	36	43	98	102	19	0	255
 83162	36	36	43	98	102	18	0	255
 83204	36	36	43	98	102	19	0	255
 83249	36	36	43	98	102	18	0	255
 83295	37	36	43	98	102	18	0	255
 83340	36	36	43	98	102	19	0	255
 83386	36	36	43	98	102	19	0	255
 83431	37	36	43	98	102	18	0	255
 83476	37	36	43	98	102	18	0	255
 83521	36	36	43	98	102	19	0	255
 83612	36	36	43	98	102	18	0	255
 83658	37	36	43	98	102	19	0	255
 83703	36	36	43	98	102	18	0	255
 83748	37	36	43	98	102	19	0	255
 83794	37	36	43	98	102	18	0	255
 83839	36	36	43	98	102	19	0	255
 83884	37	36	43	98	102	19	0	255
 83930	37	36	43	98	102	18	0	255
 83975	37	36	43	98	102	19	0	255
 84020	37	36	43	98	102	18	0	255
 84066	37	36	43	98	102	19	0	255
 84111	36	37	43	98	102	19	0	255
 84156	37	36	43	98	102	19	0	255
 84203	37	36	43	98	102	18	0	255
 84247	37	36	43	98	102	18	0	255
 84292	37	36	43	98	102	19	0	255
 84338	36	37	43	98	102	19	0	255
 84383	37	36	43	98	102	19	0	255
 84429	36	36	43	98	102	18	0	255
 84474	37	37	43	98	102	19	0	255
 84519	37	36	43	98	102	19	0	255
 84565	37	36	43	98	102	19	0	255
 84610	37	36	43	98	102	19	0	255
 84655	37	36	43	98	102	18	0	255
 84701	37	37	43	98	102	18	0	255
 84746	37	37	43	98	102	19	0	255
 84791	37	36	43	98	102	19	0	255
 84882	37	36	43	98	102	19	0	255
 84927	37	37	43	98	102	20	0	255
 84973	37	37	43	98	102	19	0	255
 85018	37	36	43	98	102	19	0	255
 85063	37	36	43	98	102	19	0	255
 85109	37	36	43	98	102	19	0	255
 85154	37	36	43	98	102	19	0	255
 85200	37	36	43	98	102	18	0	255
 85245	37	36	43	98	102	19	0	255
 85290	37	37	43	98	102	18	0	255
 85336	37	37	43	98	102	19	0	255
 85381	37	37	43	98	102	19	0	255
 85426	37	37	43	98	102	19	0	255
 85472	37	37	43	98	102	19	0	255
 85517	37	37	43	98	102	19	0	255
 85562	37	37	43	98	102	19	0	255
 85608	37	37	43	98	102	19	0	255
 85653	37	37	43	98	102	18	0	255
 85698	37	36	43	98	102	18	0	255
 85744	37	36	43	98	102	19	0	255
 85789	37	37	43	98	102	19	0	255
 85834	37	37	43	98	102	18	0	255
 85880	37	36	43	98	102	19	0	255
 85925	37	37	43	98	102	18	0	255
 85970	37	37	43	98	102	19	0	255
 86016	37	36	43	98	102	18	0	255
 86061	37	36	43	98	102	18	0	255
 86107	37	37	43	98	102	18	0	255
 86152	37	37	43	98	102	19	0	255
 86243	37	37	43	98	102	18	0	255
 86288	37	37	43	98	102	19	0	255
 86333	37	37	43	98	102	18	0	255
 86379	37	37	43	98	102	19	0	255
