HomeCentral
 Falkenstrasse 20
 8630 Rueti
 Datum: 27.10.14 00:00
 
 Startzeit: 2014-10-27 00:00:27 +0100
 73	43	43	68	129	134	11	0	255
 118	43	43	68	129	134	12	0	255
 163	43	43	68	129	134	12	0	255
 254	43	43	68	129	134	12	0	255
 299	43	43	68	129	134	12	0	255
 345	43	43	68	129	134	12	0	255
 390	43	43	68	129	134	10	0	255
 435	43	43	68	129	134	12	0	255
 481	43	43	68	129	134	11	0	255
 526	43	43	68	129	134	12	0	255
 572	43	43	68	129	134	11	0	255
 617	43	43	68	129	134	12	0	255
 662	43	43	68	129	134	11	0	255
 708	43	43	68	129	134	13	0	255
 753	43	43	68	129	134	11	0	255
 798	43	43	68	129	134	12	0	255
 844	43	43	68	129	134	11	0	255
 889	43	43	68	129	134	12	0	255
 934	43	43	68	129	134	11	0	255
 980	43	43	68	129	134	11	0	255
 1025	43	43	68	129	134	11	0	255
 1070	43	43	68	129	134	12	0	255
 1116	43	43	68	129	134	12	0	255
 1161	43	43	68	129	134	12	0	255
 1206	43	43	68	129	134	12	0	255
 1252	43	43	68	129	134	12	0	255
 1297	43	43	68	129	134	11	0	255
 1343	43	43	68	129	134	12	0	255
 1388	43	43	68	129	134	11	0	255
 1433	43	43	68	129	134	11	0	255
 1479	43	43	68	129	134	11	0	255
 1524	43	43	68	129	134	11	0	255
 1569	43	43	68	129	134	11	0	255
 1615	43	43	67	129	134	10	0	255
 1660	43	43	67	129	133	11	0	255
 1705	43	43	66	129	133	11	0	255
 1751	43	43	66	129	133	10	0	255
 1796	43	43	65	129	133	12	0	255
 1841	43	43	65	129	133	12	0	255
 1887	43	43	65	129	133	11	0	255
 1932	43	43	64	129	133	11	0	255
 1977	43	43	64	129	133	10	0	255
 2023	43	43	64	129	133	11	0	255
 2068	43	43	64	129	133	10	0	255
 2114	43	43	63	129	133	11	0	255
 2159	43	43	63	129	133	11	0	255
 2204	43	43	63	129	133	11	0	255
 2250	43	43	63	129	133	12	0	255
 2295	43	43	63	129	133	11	0	255
 2340	43	43	63	129	133	11	0	255
 2390	43	43	63	129	133	12	0	255
 2431	43	43	63	129	133	10	0	255
 2476	43	43	62	129	133	11	0	255
 2522	43	43	62	129	133	11	0	255
 2567	43	43	62	129	133	12	0	255
 2612	43	43	62	129	133	11	0	255
 2703	43	43	62	129	133	10	0	255
 2748	43	43	62	129	133	11	0	255
 2794	43	43	62	129	133	11	0	255
 2839	43	43	62	129	133	11	0	255
 2885	43	43	62	129	133	11	0	255
 2930	43	43	62	129	133	10	0	255
 2975	43	43	62	129	133	11	0	255
 3021	43	43	61	129	133	11	0	255
 3066	43	43	61	129	133	10	0	255
 3111	43	43	61	129	133	11	0	255
 3157	43	43	61	129	133	11	0	255
 3202	43	43	61	129	133	11	0	255
 3247	43	43	61	129	133	10	0	255
 3293	43	43	61	129	133	11	0	255
 3338	43	43	61	129	133	8	0	255
 3383	43	43	61	129	133	10	0	255
 3429	43	43	61	129	133	10	0	255
 3474	43	43	61	129	133	8	0	255
 3519	43	43	61	129	133	10	0	255
 3565	43	43	61	129	133	11	0	255
 3610	43	43	61	128	133	8	0	255
 3656	43	43	61	128	133	10	0	255
 3701	43	43	61	128	133	10	0	255
 3746	43	43	61	128	133	10	0	255
 3792	43	43	61	128	133	8	0	255
 3837	43	43	61	128	133	10	0	255
 3882	43	43	61	128	133	8	0	255
 3928	43	43	61	128	133	10	0	255
 3973	43	43	61	128	133	10	0	255
 4018	43	43	60	128	133	10	0	255
 4064	43	43	60	128	133	10	0	255
 4109	43	43	60	128	133	8	0	255
 4154	43	43	60	128	133	10	0	255
 4200	43	43	60	128	133	8	0	255
 4245	43	43	60	128	133	10	0	255
 4290	43	43	60	128	133	10	0	255
 4336	43	43	60	128	133	8	0	255
 4381	43	43	60	128	133	8	0	255
 4427	43	43	60	128	133	8	0	255
 4472	43	43	60	128	133	8	0	255
 4517	43	43	60	128	133	10	0	255
 4563	43	43	60	128	133	8	0	255
 4608	43	43	60	128	133	8	0	255
 4653	43	43	60	128	133	10	0	255
 4699	43	43	60	128	133	10	0	255
 4744	43	43	60	128	133	10	0	255
 4789	43	43	60	128	133	8	0	255
 4835	43	43	60	128	133	10	0	255
 4881	43	43	60	128	133	10	0	255
 4925	43	43	60	128	133	8	0	255
 4971	43	43	60	128	133	7	0	255
 5016	43	43	60	128	133	8	0	255
 5061	43	43	60	128	133	8	0	255
 5107	43	43	60	128	133	10	0	255
 5152	43	43	60	128	133	8	0	255
 5198	43	43	60	128	133	8	0	255
 5244	43	43	60	128	133	10	0	255
 5288	43	43	60	128	133	10	0	255
 5334	43	43	60	128	133	8	0	255
 5379	43	43	60	128	133	8	0	255
 5424	43	43	60	128	133	8	0	255
 5470	43	43	60	128	133	8	0	255
 5515	43	43	60	128	133	8	0	255
 5560	43	43	60	128	133	8	0	255
 5606	43	43	60	128	133	8	0	255
 5651	43	43	60	128	133	8	0	255
 5696	43	43	60	128	133	10	0	255
 5742	43	43	60	128	133	8	0	255
 5787	43	43	60	128	133	8	0	255
 5832	43	43	60	128	133	8	0	255
 5878	43	43	60	128	133	7	0	255
 5923	43	43	60	128	133	10	0	255
 5969	43	43	60	128	133	11	0	255
 6014	43	43	60	128	133	8	0	255
 6059	43	43	60	128	133	8	0	255
 6105	43	43	60	128	133	7	0	255
 6150	43	43	60	128	133	10	0	255
 6195	43	43	60	128	133	7	0	255
 6241	43	43	60	128	133	8	0	255
 6286	43	43	60	128	133	8	0	255
 6331	43	43	60	128	133	8	0	255
 6377	43	43	60	128	133	8	0	255
 6422	43	43	60	128	133	10	0	255
 6467	43	43	60	128	133	8	0	255
 6513	43	43	60	128	133	8	0	255
 6558	43	43	59	128	133	8	0	255
 6603	43	43	59	128	133	8	0	255
 6649	43	43	59	128	133	10	0	255
 6694	43	43	59	128	133	8	0	255
 6740	43	43	59	128	133	8	0	255
 6785	43	43	59	128	133	8	0	255
 6830	43	43	59	128	133	10	0	255
 6876	43	43	59	128	133	10	0	255
 6921	43	43	59	128	133	8	0	255
 6966	43	43	59	128	133	10	0	255
 7012	43	43	59	128	133	8	0	255
 7057	43	43	59	128	133	8	0	255
 7102	43	43	59	128	133	10	0	255
 7148	43	43	59	128	133	10	0	255
 7193	43	43	59	128	133	10	0	255
 7238	43	43	59	128	133	10	0	255
 7284	43	43	59	128	133	8	0	255
 7329	43	43	59	128	133	10	0	255
 7374	43	43	59	128	133	8	0	255
 7420	43	43	59	128	133	7	0	255
 7465	43	43	59	128	133	8	0	255
 7511	43	43	59	128	133	8	0	255
 7556	43	43	59	128	133	8	0	255
 7601	43	43	59	128	133	8	0	255
 7647	43	43	59	128	133	8	0	255
 7692	43	43	59	128	133	10	0	255
 7737	43	43	59	128	133	7	0	255
 7783	43	43	59	128	133	8	0	255
 7828	43	43	59	128	133	10	0	255
 7873	43	43	59	128	133	8	0	255
 7919	43	42	59	128	133	10	0	255
 7964	43	42	59	128	133	8	0	255
 8009	43	43	59	128	132	8	0	255
 8055	43	42	59	128	132	11	0	255
 8100	43	43	59	128	132	10	0	255
 8145	43	42	59	128	133	8	0	255
 8236	43	43	59	128	132	10	0	255
 8282	43	43	59	128	132	10	0	255
 8327	43	42	59	128	132	10	0	255
 8372	43	42	59	128	133	11	0	255
 8418	43	42	59	128	132	11	0	255
 8463	43	42	59	128	132	10	0	255
 8508	43	42	59	128	132	10	0	255
 8554	43	42	59	128	132	8	0	255
 8599	43	42	59	128	132	10	0	255
 8690	43	42	59	128	132	10	0	255
 8735	43	42	59	128	132	10	0	255
 8780	43	42	59	128	132	8	0	255
 8826	43	42	59	128	132	10	0	255
 8871	43	42	59	128	132	10	0	255
 8916	43	42	59	128	132	10	0	255
 8962	43	42	59	128	132	11	0	255
 9007	43	42	59	128	132	10	0	255
 9052	43	42	59	128	132	10	0	255
 9098	43	42	59	127	132	11	0	255
 9143	43	42	59	127	132	10	0	255
 9189	43	42	59	128	132	8	0	255
 9234	43	42	59	127	132	11	0	255
 9279	43	42	59	127	132	10	0	255
 9325	43	42	59	127	132	10	0	255
 9370	43	42	59	127	132	10	0	255
 9415	43	42	59	127	132	10	0	255
 9461	43	42	59	127	132	10	0	255
 9506	43	42	59	127	132	10	0	255
 9551	43	42	59	127	132	10	0	255
 9597	43	42	59	127	132	10	0	255
 9642	43	42	59	127	132	8	0	255
 9687	43	42	59	127	132	8	0	255
 9733	43	42	59	127	132	10	0	255
 9778	43	42	59	127	132	8	0	255
 9823	43	42	59	127	132	11	0	255
 9869	43	42	59	127	132	8	0	255
 9914	43	42	59	127	132	10	0	255
 9960	43	42	59	127	132	10	0	255
 10005	43	42	59	127	132	8	0	255
 10050	43	42	59	127	132	10	0	255
 10096	43	42	59	127	132	8	0	255
 10141	43	42	59	127	132	8	0	255
 10186	43	42	59	127	132	8	0	255
 10232	43	42	59	127	132	10	0	255
 10277	43	42	59	127	132	8	0	255
 10322	43	42	59	127	132	10	0	255
 10368	43	42	59	127	132	10	0	255
 10413	43	42	59	127	132	8	0	255
 10458	43	42	59	127	132	8	0	255
 10504	43	42	59	127	132	8	0	255
 10549	43	42	59	127	132	10	0	255
 10594	43	42	59	127	132	8	0	255
 10640	43	42	59	127	132	7	0	255
 10685	43	42	59	127	132	7	0	255
 10731	43	42	59	127	132	8	0	255
 10776	43	42	59	127	132	8	0	255
 10821	43	42	59	127	132	8	0	255
 10867	43	42	59	127	132	10	0	255
 10912	43	42	59	127	132	8	0	255
 10957	43	42	59	127	132	7	0	255
 11003	43	42	59	127	132	7	0	255
 11048	43	42	59	127	132	7	0	255
 11093	43	42	59	127	132	8	0	255
 11139	43	42	59	127	132	7	0	255
 11184	43	42	59	127	132	8	0	255
 11229	43	42	59	127	132	7	0	255
 11275	43	42	59	127	132	8	0	255
 11320	43	42	59	127	132	8	0	255
 11366	43	42	59	127	132	8	0	255
 11411	43	42	59	127	132	8	0	255
 11456	43	42	59	127	132	10	0	255
 11502	43	42	59	127	132	7	0	255
 11547	43	42	59	127	132	7	0	255
 11592	43	42	59	127	132	8	0	255
 11638	43	42	59	127	132	7	0	255
 11683	43	42	59	127	132	8	0	255
 11728	43	42	59	127	132	8	0	255
 11774	43	42	59	127	132	8	0	255
 11819	43	42	59	127	132	7	0	255
 11864	43	42	59	127	132	7	0	255
 11910	43	42	59	127	132	8	0	255
 12000	43	42	59	127	132	8	0	255
 12046	43	42	59	127	132	7	0	255
 12091	43	42	59	127	132	8	0	255
 12136	42	42	59	127	132	7	0	255
 12182	43	42	59	127	132	8	0	255
 12227	43	42	59	127	132	7	0	255
 12273	43	42	59	127	132	7	0	255
 12318	43	42	59	127	132	7	0	255
 12364	43	42	59	127	132	8	0	255
 12409	43	42	59	127	132	8	0	255
 12454	42	42	59	127	132	7	0	255
 12499	42	42	59	127	132	8	0	255
 12545	43	42	59	127	132	7	0	255
 12590	42	42	59	127	132	8	0	255
 12635	42	42	59	127	132	8	0	255
 12681	42	42	59	127	132	8	0	255
 12726	42	42	59	127	132	7	0	255
 12771	42	42	59	127	132	7	0	255
 12817	42	42	59	127	132	7	0	255
 12862	42	42	59	127	132	7	0	255
 12907	42	42	59	127	132	8	0	255
 12953	42	42	59	127	132	7	0	255
 13044	42	42	59	127	132	7	0	255
 13089	42	42	59	127	132	8	0	255
 13135	42	42	59	127	132	8	0	255
 13180	42	42	59	127	132	7	0	255
 13225	42	42	59	127	132	7	0	255
 13270	42	42	59	127	132	8	0	255
 13316	42	42	59	127	132	7	0	255
 13361	42	42	59	127	132	8	0	255
 13406	42	42	59	127	132	8	0	255
 13452	42	42	59	127	132	8	0	255
 13497	42	42	59	127	132	8	0	255
 13542	42	42	59	127	132	8	0	255
 13588	42	42	59	127	132	7	0	255
 13633	42	42	59	127	132	7	0	255
 13678	42	42	59	127	132	7	0	255
 13724	42	42	59	127	132	6	0	255
 13769	42	42	59	127	132	6	0	255
 13815	42	42	59	127	132	8	0	255
 13860	42	42	59	127	132	7	0	255
 13905	42	42	59	127	132	7	0	255
 13951	42	42	59	127	132	6	0	255
 13996	42	42	59	127	132	8	0	255
 14041	42	42	59	127	132	7	0	255
 14087	42	42	59	127	132	7	0	255
 14132	42	42	59	127	132	7	0	255
 14177	42	42	59	127	132	6	0	255
 14223	42	42	59	127	132	7	0	255
 14268	42	42	59	127	132	7	0	255
 14313	42	42	59	127	132	7	0	255
 14359	42	42	59	127	132	7	0	255
 14404	42	42	59	127	132	7	0	255
 14449	42	42	59	127	132	7	0	255
 14495	42	42	59	127	132	6	0	255
 14540	42	42	59	127	132	6	0	255
 14586	42	42	59	127	132	6	0	255
 14631	42	42	59	127	132	7	0	255
 14676	42	42	59	127	132	6	0	255
 14722	42	42	59	127	132	6	0	255
 14767	42	42	59	127	132	7	0	255
 14812	42	42	59	127	132	6	0	255
 14858	42	42	59	127	132	6	0	255
 14903	42	42	59	127	132	7	0	255
 14948	42	42	59	127	132	7	0	255
 14994	42	42	59	127	131	6	0	255
 15039	42	42	59	127	132	7	0	255
 15084	42	42	59	127	131	7	0	255
 15130	42	42	59	127	131	6	0	255
 15175	42	42	59	126	131	6	0	255
 15220	42	42	59	127	131	6	0	255
 15266	42	42	59	127	131	7	0	255
 15311	42	42	59	126	131	7	0	255
 15357	42	42	59	126	131	6	0	255
 15402	42	42	59	126	131	6	0	255
 15447	42	42	59	126	131	6	0	255
 15493	42	42	59	126	131	7	0	255
 15538	42	42	59	126	131	5	0	255
 15583	42	42	59	126	131	7	0	255
 15629	42	42	59	126	131	6	0	255
 15674	42	42	59	126	131	7	0	255
 15719	42	42	59	126	131	5	0	255
 15765	42	42	59	126	131	7	0	255
 15810	42	42	59	126	131	6	0	255
 15855	42	42	59	126	131	6	0	255
 15901	42	42	59	126	131	6	0	255
 15946	42	42	59	126	131	6	0	255
 15991	42	42	59	126	131	7	0	255
 16037	42	42	59	126	131	6	0	255
 16082	42	42	59	126	131	6	0	255
 16128	42	42	59	126	131	6	0	255
 16173	42	42	59	126	131	7	0	255
 16218	42	42	59	126	131	6	0	255
 16264	42	42	59	126	131	6	0	255
 16309	42	42	59	126	131	7	0	255
 16354	42	42	59	126	131	6	0	255
 16400	42	42	59	126	131	7	0	255
 16445	42	42	59	126	131	6	0	255
 16490	42	42	59	126	131	7	0	255
 16536	42	42	59	126	131	7	0	255
 16582	42	42	59	126	131	6	0	255
 16626	42	42	59	126	131	5	0	255
 16672	42	42	59	126	131	6	0	255
 16717	42	42	59	126	131	7	0	255
 16762	42	42	59	126	131	6	0	255
 16808	42	42	59	126	131	6	0	255
 16853	42	42	59	126	131	6	0	255
 16899	42	42	59	126	131	6	0	255
 16944	42	42	59	126	131	6	0	255
 16989	42	42	59	126	131	6	0	255
 17035	42	42	59	126	131	6	0	255
 17080	42	42	59	126	131	6	0	255
 17125	42	42	59	126	131	6	0	255
 17171	42	42	59	126	131	6	0	255
 17216	42	42	59	126	131	5	0	255
 17261	42	42	59	126	131	6	0	255
 17307	42	42	59	126	131	6	0	255
 17352	42	42	59	126	131	6	0	255
 17397	42	42	59	126	131	6	0	255
 17443	42	42	59	126	131	5	0	255
 17488	42	42	59	126	131	7	0	255
 17534	42	42	59	126	131	6	0	255
 17579	42	42	59	126	131	7	0	255
 17670	42	42	59	126	131	6	0	255
 17715	42	42	59	126	131	6	0	255
 17760	42	42	59	126	131	6	0	255
 17806	42	42	59	126	131	7	0	255
 17851	42	42	59	126	131	6	0	255
 17896	42	42	59	126	131	6	0	255
 17942	42	42	59	126	131	6	0	255
 17987	42	42	59	126	131	7	0	255
 18032	42	42	59	126	131	7	0	255
 18078	42	42	59	126	131	7	0	255
 18123	42	42	59	126	131	7	0	255
 18168	42	42	59	126	131	7	0	255
 18214	42	42	59	126	131	7	0	255
 18259	42	42	59	126	131	6	0	255
 18304	42	42	59	126	131	7	0	255
 18350	42	42	59	126	131	6	0	255
 18395	42	42	59	126	131	7	0	255
 18441	42	42	59	126	131	6	0	255
 18486	42	42	59	126	131	6	0	255
 18531	42	42	59	126	131	7	0	255
 18577	42	42	59	126	131	7	0	255
 18622	42	42	59	126	131	7	0	255
 18667	42	42	59	126	131	7	0	255
 18713	42	42	59	126	131	7	0	255
 18758	42	42	59	126	131	6	0	255
 18803	42	42	59	126	131	7	0	255
 18849	42	42	59	126	131	7	0	255
 18894	42	42	59	126	131	7	0	255
 18939	42	42	59	126	131	7	0	255
 18985	42	42	59	126	131	7	0	255
 19030	42	42	59	126	131	6	0	255
 19075	42	42	59	126	131	7	0	255
 19121	42	42	59	126	131	6	0	255
 19166	42	42	59	126	131	7	0	255
 19211	42	42	59	126	131	7	0	255
 19257	42	42	59	126	131	7	0	255
 19302	42	42	59	126	131	6	0	255
 19348	42	42	59	126	131	7	0	255
 19393	42	42	59	126	131	7	0	255
 19438	42	42	59	126	131	7	0	255
 19484	42	42	59	126	131	7	0	255
 19529	42	42	59	126	131	7	0	255
 19574	42	42	59	126	131	7	0	255
 19620	42	42	59	126	131	7	0	255
 19665	42	42	59	126	131	7	0	255
 19710	42	42	59	126	131	7	0	255
 19801	42	42	59	126	131	7	0	255
 19846	42	42	59	126	131	7	0	255
 19892	42	42	59	126	131	7	0	255
 19937	42	42	59	126	131	7	0	255
 19982	42	42	59	126	131	7	0	255
 20028	42	42	59	126	131	7	0	255
 20073	42	42	59	126	131	8	0	255
 20119	42	42	59	126	131	8	0	255
 20164	42	42	59	126	131	7	0	255
 20209	42	42	59	126	131	8	0	255
 20255	42	42	59	126	131	7	0	255
 20300	42	42	59	126	131	8	0	255
 20345	42	42	59	126	131	7	0	255
 20391	42	42	59	126	131	8	0	255
 20436	42	42	59	126	131	8	0	255
 20481	42	42	59	126	131	8	0	255
 20527	42	42	59	126	131	8	0	255
 20572	42	42	59	126	131	7	0	255
 20617	42	42	59	126	131	8	0	255
 20663	42	42	59	126	131	7	0	255
 20708	42	42	59	126	131	8	0	255
 20753	42	42	59	126	131	7	0	255
 20799	42	42	59	126	131	8	0	255
 20844	42	42	59	126	131	8	0	255
 20890	42	42	59	126	131	8	0	255
 20935	42	42	59	126	131	7	0	255
 20980	42	42	59	126	131	8	0	255
 21026	42	42	59	126	131	8	0	255
 21071	42	42	59	126	131	8	0	255
 21116	42	42	59	126	131	8	0	255
 21162	42	42	59	126	131	7	0	255
 21207	42	42	59	126	131	8	0	255
 21252	42	42	59	126	131	7	0	255
 21298	42	42	59	126	131	8	0	255
 21343	42	42	59	126	131	8	0	255
 21388	42	41	59	126	131	7	0	255
 21434	42	42	59	125	131	7	0	255
 21479	42	42	59	125	131	7	0	255
 21524	42	41	59	125	131	8	0	255
 21570	42	42	59	125	131	7	0	255
 21615	42	42	59	125	131	7	0	255
 21661	42	41	59	125	131	7	0	255
 21706	42	42	59	125	131	8	0	255
 21751	42	42	59	125	131	7	0	255
 21797	42	41	59	125	131	8	0	255
 21842	42	42	59	125	131	8	0	255
 21887	42	42	59	125	131	8	0	255
 21933	42	42	59	125	130	8	0	255
 21978	42	42	59	125	130	7	0	255
 22023	42	41	59	125	130	8	0	255
 22069	42	42	59	125	130	8	0	255
 22114	42	41	59	125	130	8	0	255
 22159	42	41	59	125	130	8	0	255
 22205	42	42	59	125	130	8	0	255
 22250	42	42	59	125	130	8	0	255
 22296	42	42	59	125	130	8	0	255
 22341	42	41	59	125	130	8	0	255
 22386	42	41	59	125	130	8	0	255
 22432	42	42	59	125	130	8	0	255
 22480	42	41	59	125	130	8	0	255
 22522	42	41	59	125	130	10	0	255
 22568	42	41	59	125	130	10	0	255
 22613	42	41	59	125	130	10	0	255
 22658	42	41	59	125	130	10	0	255
 22704	42	41	59	125	130	7	0	255
 22749	42	41	59	125	130	10	0	255
 22794	42	41	59	125	130	8	0	255
 22840	42	41	59	125	130	10	0	255
 22885	42	41	59	125	130	11	0	255
 22930	42	41	59	125	130	10	0	255
 22976	42	41	59	125	130	10	0	255
 23021	42	41	59	125	130	10	0	255
 23067	42	41	59	125	130	10	0	255
 23112	42	41	59	125	130	10	0	255
 23203	42	41	59	125	130	10	0	255
 23248	42	41	59	125	130	10	0	255
 23293	42	41	59	125	130	10	0	255
 23339	42	41	59	125	130	11	0	255
 23384	42	41	59	125	130	11	0	255
 23429	42	41	59	125	130	11	0	255
 23475	42	41	59	125	130	10	0	255
 23520	42	41	59	125	130	11	0	255
 23565	42	41	59	125	130	11	0	255
 23611	42	41	59	125	130	11	0	255
 23656	42	41	59	125	130	11	0	255
 23701	42	41	59	125	130	10	0	255
 23747	42	41	59	125	130	11	0	255
 23792	42	41	59	125	130	11	0	255
 23838	42	41	59	125	130	11	0	255
 23883	42	41	59	125	130	11	0	255
 23928	42	41	59	125	130	10	0	255
 23974	42	41	59	125	130	11	0	255
 24019	42	41	59	125	130	10	0	255
 24064	42	41	59	125	130	12	0	255
 24110	42	41	59	125	130	11	0	255
 24155	42	41	59	125	130	12	0	255
 24200	42	41	59	125	130	11	0	255
 24246	42	41	59	125	130	12	0	255
 24291	42	41	59	125	130	12	0	255
 24336	42	41	59	125	130	12	0	255
 24382	42	41	59	125	130	11	0	255
 24427	42	41	59	125	130	11	0	255
 24472	42	41	59	125	130	12	0	255
 24518	42	41	59	125	130	12	0	255
 24563	42	41	59	125	130	12	0	255
 24609	42	41	59	125	130	12	0	255
 24654	42	41	59	125	130	12	0	255
 24699	42	41	59	125	130	12	0	255
 24745	42	41	59	125	130	12	0	255
 24790	42	41	59	125	130	11	0	255
 24835	42	41	59	125	130	13	0	255
 24881	42	41	59	125	130	12	0	255
 24926	42	41	59	125	130	12	0	255
 24971	42	41	59	125	130	12	0	255
 25017	42	41	59	125	130	13	0	255
 25062	42	41	59	125	130	12	0	255
 25107	42	41	59	125	130	13	0	255
 25153	42	41	59	125	130	13	0	255
 25198	42	41	59	125	130	12	0	255
 25243	42	41	59	125	130	13	0	255
 25289	42	41	59	125	130	12	0	255
 25334	42	41	59	125	130	13	0	255
 25380	42	41	59	125	130	12	0	255
 25425	42	41	59	125	130	13	0	255
 25470	42	41	59	125	130	13	0	255
 25516	42	41	58	125	130	14	0	255
 25561	42	41	58	125	130	13	0	255
 25606	42	41	57	124	130	14	0	255
 25652	42	41	56	124	130	13	0	255
 25697	42	41	55	124	130	14	0	255
 25743	42	41	55	124	130	14	0	255
 25788	42	41	55	124	130	14	0	255
 25833	42	41	54	124	130	13	0	255
 25878	42	41	54	124	130	13	0	255
 25924	42	41	54	124	130	14	0	255
 25969	42	41	54	124	130	14	0	255
 26014	42	41	54	124	130	14	0	255
 26060	42	41	53	124	130	14	0	255
 26105	42	41	53	124	130	16	0	255
 26151	42	41	53	124	130	13	0	255
 26196	42	41	53	124	130	14	0	255
 26241	42	41	53	124	130	16	0	255
 26287	42	41	53	124	130	16	0	255
 26332	42	41	53	124	130	16	0	255
 26377	42	41	53	124	130	16	0	255
 26423	42	41	53	124	130	16	0	255
 26468	42	41	53	124	130	16	0	255
 26513	42	41	53	124	130	16	0	255
 26559	42	41	52	124	130	16	0	255
 26604	42	41	52	124	130	16	0	255
 26649	42	41	52	124	130	17	0	255
 26695	42	41	52	124	130	16	0	255
 26740	42	41	52	124	130	17	0	255
 26785	42	41	52	124	130	18	0	255
 26831	42	41	52	124	130	18	0	255
 26876	42	41	52	124	130	17	0	255
 26922	42	41	52	124	130	18	0	255
 26967	42	41	52	124	130	19	0	255
 27012	42	41	52	124	130	18	0	255
 27058	42	41	52	124	130	19	0	255
 27103	42	41	52	124	130	19	0	255
 27148	42	41	52	124	130	19	0	255
 27194	42	41	52	124	130	19	0	255
 27239	42	41	52	124	130	19	0	255
 27284	42	41	52	124	130	20	0	255
 27330	42	41	52	124	130	20	0	255
 27375	42	42	52	124	130	20	0	255
 27420	42	42	52	124	130	20	0	255
 27466	42	42	52	124	130	23	0	255
 27511	42	41	52	124	130	22	0	255
 27556	42	42	52	124	130	22	0	255
 27647	42	42	52	124	130	23	0	255
 27693	42	42	52	124	130	24	0	255
 27738	42	42	52	124	130	24	0	255
 27783	42	42	52	124	130	25	0	255
 27829	42	42	52	124	130	25	0	255
 27874	42	42	52	124	130	24	0	255
 27919	42	42	52	124	130	25	0	255
 27965	42	42	52	124	130	25	0	255
 28010	42	42	52	124	130	28	0	255
 28055	42	42	51	124	130	28	0	255
 28101	42	42	52	124	130	28	0	255
 28146	42	42	51	124	130	26	0	255
 28191	42	42	51	124	130	28	0	255
 28237	42	42	51	124	130	28	0	255
 28282	42	42	51	124	130	28	0	255
 28327	42	42	51	124	130	29	0	255
 28373	42	42	51	124	129	28	0	255
 28418	42	42	51	124	129	29	0	255
 28463	42	42	51	124	129	29	0	255
 28513	42	42	51	124	129	29	0	255
 28554	42	42	51	124	129	29	0	255
 28600	42	42	51	124	129	29	0	255
 28645	42	42	51	124	129	30	0	255
 28690	42	42	51	124	129	30	0	255
 28736	42	42	51	124	129	30	0	255
 28781	42	42	51	124	129	31	0	255
 28826	42	42	51	124	129	30	0	255
 28872	42	42	51	124	129	31	0	255
 28917	42	42	51	124	129	32	0	255
 28962	42	42	51	124	129	31	0	255
 29008	42	42	51	124	129	32	0	255
 29053	42	42	51	124	129	32	0	255
 29098	42	42	51	124	129	34	0	255
 29144	42	42	51	124	129	34	0	255
 29189	42	42	51	124	129	34	0	255
 29235	42	42	51	124	129	34	0	255
 29280	42	42	51	124	129	34	0	255
 29325	42	42	51	124	129	35	0	255
 29371	42	42	51	124	129	35	0	255
 29416	42	42	51	124	129	36	0	255
 29461	42	42	51	124	129	35	0	255
 29510	42	42	51	124	129	35	0	255
 29552	42	42	51	124	129	36	0	255
 29597	42	42	51	124	129	36	0	255
 29643	42	42	51	124	129	37	0	255
 29688	42	42	51	124	129	37	0	255
 29733	42	42	51	124	129	37	0	255
 29779	42	42	51	124	129	37	0	255
 29824	42	42	51	124	129	37	0	255
 29869	42	42	51	124	129	37	0	255
 29916	42	42	51	124	129	37	0	255
 29964	42	42	51	124	129	38	0	255
 30006	42	42	51	124	129	38	0	255
 30051	42	42	51	124	129	38	0	255
 30096	42	42	51	124	129	40	0	255
 30142	42	42	51	124	129	38	0	255
 30187	42	42	51	124	129	41	0	255
 30232	42	42	51	124	129	40	0	255
 30278	42	42	51	124	129	41	0	255
 30323	42	42	51	124	129	41	0	255
 30368	42	42	51	124	129	41	0	255
 30414	42	42	51	124	129	42	0	255
 30459	42	42	51	124	129	42	0	255
 30504	42	42	51	124	129	42	0	255
 30550	42	42	51	124	129	44	0	255
 30595	42	42	51	124	129	42	0	255
 30641	42	42	51	124	129	45	0	255
 30686	42	42	51	124	129	45	0	255
 30731	42	42	51	124	129	46	0	255
 30777	42	42	51	124	129	46	0	255
 30822	42	42	51	124	129	45	0	255
 30867	42	42	51	124	129	46	0	255
 30913	42	42	51	124	129	46	0	255
 30958	42	42	51	124	129	46	0	255
 31004	42	42	51	124	129	46	0	255
 31049	42	42	51	124	129	47	0	255
 31094	42	42	51	124	129	45	0	255
 31139	42	42	51	124	129	47	0	255
 31185	42	42	51	124	129	47	0	255
 31230	42	42	51	124	129	47	0	255
 31275	42	42	51	124	129	48	0	255
 31321	42	42	51	124	129	48	0	255
 31366	42	41	51	124	129	48	0	255
 31412	42	41	51	124	129	48	0	255
 31458	42	41	51	124	129	50	0	255
 31502	42	41	51	124	129	50	0	255
 31552	42	41	51	124	129	51	0	255
 31593	42	41	51	124	129	51	0	255
 31638	42	41	51	124	129	51	0	255
 31684	42	41	51	124	129	51	0	255
 31729	42	41	51	124	129	51	0	255
 31774	42	41	51	124	129	53	0	255
 31820	42	41	51	124	129	52	0	255
 31865	42	41	51	124	129	53	0	255
 31910	42	41	51	123	129	56	0	255
 31956	42	41	51	124	129	54	0	255
 32001	42	41	51	124	129	54	0	255
 32047	42	41	51	123	129	53	0	255
 32092	42	41	51	123	129	54	0	255
 32137	42	41	51	123	129	56	0	255
 32183	42	41	51	123	129	56	0	255
 32228	42	41	51	123	129	57	0	255
 32273	42	41	50	123	129	58	0	255
 32319	42	41	50	123	129	58	0	255
 32364	42	41	49	123	129	58	0	255
 32409	41	41	48	123	129	60	0	255
 32455	42	41	48	123	129	60	0	255
 32500	42	41	47	123	129	60	0	255
 32545	42	41	46	123	129	61	0	255
 32591	42	41	45	123	129	61	0	255
 32636	41	41	44	123	129	62	0	255
 32681	42	41	42	122	129	62	0	255
 32727	42	41	41	122	129	62	0	255
 32772	42	41	40	122	129	64	0	255
 32818	42	41	40	122	129	64	0	255
 32863	41	42	39	122	129	65	0	255
 32908	42	42	38	122	129	66	0	255
 32954	42	42	38	122	129	68	0	255
 32999	41	42	37	122	129	68	0	255
 33049	42	42	37	122	129	74	0	255
 33116	41	42	36	121	129	76	0	255
 33161	41	41	36	121	129	82	0	255
 33206	41	41	35	121	129	83	0	255
 33252	42	41	35	121	129	85	0	255
 33297	42	41	35	121	129	85	0	255
 33342	41	41	35	121	129	84	0	255
 33388	41	41	35	121	129	85	0	255
 33433	42	41	34	121	129	88	0	255
 33478	41	41	34	121	129	90	0	255
 33524	41	41	34	121	129	94	0	255
 33569	40	40	34	121	129	101	8	255
 33615	52	40	34	121	129	114	8	255
 33660	67	43	34	121	129	120	8	255
 33705	78	48	34	121	129	116	8	255
 33751	84	51	34	121	129	114	8	255
 33796	87	53	34	121	128	119	8	255
 33841	90	55	34	121	128	123	8	255
 33887	93	56	34	121	128	119	8	255
 33932	94	57	34	121	128	106	8	255
 33978	90	58	34	121	128	98	8	255
 34068	83	59	34	121	128	97	8	255
 34113	82	60	34	121	128	98	8	255
 34159	82	61	34	121	128	100	8	255
 34204	82	61	34	121	128	100	8	255
 34249	82	62	34	121	128	100	8	255
 34295	83	62	35	121	128	102	8	255
 34340	83	62	35	121	128	102	8	255
 34386	83	63	35	121	128	101	8	255
 34431	83	63	35	121	128	98	8	255
 34476	82	63	35	121	128	96	0	255
 34522	81	63	35	121	128	92	0	255
 34567	80	63	35	121	128	94	0	255
 34612	80	62	35	121	128	93	0	255
 34659	79	62	35	121	128	96	0	255
 34703	78	62	35	121	128	93	0	255
 34748	77	61	35	121	128	96	0	255
 34794	76	61	36	121	128	97	0	255
 34839	75	61	36	121	128	94	0	255
 34884	74	60	36	121	128	93	0	255
 34930	74	60	36	121	128	94	0	255
 34975	73	60	36	121	128	97	0	255
 35020	72	60	36	121	128	102	8	255
 35066	73	56	36	121	128	109	8	255
 35111	79	56	36	121	128	116	8	255
 35156	85	58	36	121	128	119	8	255
 35202	89	60	36	121	128	119	8	255
 35247	91	62	36	121	128	114	8	255
 35293	92	63	36	121	128	116	8	255
 35338	94	64	36	121	128	119	8	255
 35383	95	65	36	121	128	118	8	255
 35429	95	65	36	121	128	116	8	255
 35474	95	66	37	121	128	112	8	255
 35519	94	66	37	121	128	112	8	255
 35565	93	67	37	121	128	114	8	255
 35610	93	67	37	121	128	118	8	255
 35655	94	67	37	121	128	119	8	255
 35701	96	68	37	121	128	119	8	255
 35746	97	68	37	121	128	123	8	255
 35791	98	68	37	121	128	124	8	255
 35837	99	69	37	121	128	126	8	255
 35886	100	69	37	121	128	126	8	255
 35973	102	70	38	121	128	124	8	255
 36018	102	70	38	121	128	124	8	255
 36064	102	70	38	121	128	123	8	255
 36109	101	71	38	121	128	122	8	255
 36154	101	71	38	121	128	120	8	255
 36200	100	71	38	121	128	120	8	255
 36245	99	71	39	121	128	119	8	255
 36290	99	72	39	121	128	119	8	255
 36336	98	72	39	121	128	119	8	255
 36381	98	72	39	121	128	120	8	255
 36426	98	73	39	121	128	120	8	255
 36475	99	73	39	121	128	122	8	255
 36517	99	73	39	121	128	123	8	255
 36566	100	73	39	121	128	124	8	255
 36608	101	74	40	121	128	128	8	255
 36653	102	74	40	121	128	128	8	255
 36698	103	74	40	121	128	130	8	255
 36744	104	74	40	121	128	130	8	255
 36789	105	75	40	121	128	131	8	255
 36835	106	75	40	121	128	130	8	255
 36880	106	75	40	121	128	130	8	255
 36925	106	75	41	121	128	130	8	255
 36971	107	76	41	121	128	131	8	255
 37016	107	76	41	121	128	134	8	255
 37061	108	76	41	121	128	134	8	255
 37107	108	77	41	121	128	137	8	255
 37152	109	77	41	121	128	137	8	255
 37197	110	77	41	121	128	137	8	255
 37243	111	77	41	121	128	138	8	255
 37288	111	78	42	121	128	140	8	255
 37333	112	78	42	121	128	140	8	255
 37379	113	78	42	121	128	141	8	255
 37424	114	78	42	121	128	144	8	255
 37469	115	79	42	121	128	142	8	255
 37515	115	79	42	121	128	142	8	255
 37560	116	79	42	121	128	145	8	255
 37651	116	80	43	121	128	142	8	255
 37696	116	80	43	121	128	140	8	255
 37742	115	80	43	121	128	138	8	255
 37787	115	80	43	121	128	141	8	255
 37833	115	80	43	121	128	141	8	255
 37878	115	81	43	121	128	145	8	255
 37923	116	81	44	121	128	146	8	255
 37968	116	81	44	121	128	146	8	255
 38014	117	81	44	121	128	150	8	255
 38059	119	82	44	121	128	151	8	255
 38108	120	82	44	121	128	152	8	255
 38150	121	82	44	121	128	154	8	255
 38195	122	82	44	122	128	151	8	255
 38240	122	83	44	122	128	154	8	255
 38331	124	83	45	122	128	154	8	255
 38376	125	83	45	122	128	155	8	255
 38422	125	83	45	122	128	154	8	255
 38467	124	84	45	122	128	152	8	255
 38513	125	84	45	122	128	156	8	255
 38649	126	84	46	122	128	155	8	255
 38739	125	85	46	123	128	155	8	255
 38785	125	85	46	123	128	156	8	255
 38830	125	85	46	123	128	154	8	255
 38875	125	85	46	123	128	150	8	255
 38921	123	85	47	123	128	148	8	255
 38966	122	86	47	123	128	144	8	255
 39011	120	86	47	123	128	142	8	255
 39057	119	86	47	123	128	142	8	255
 39102	118	86	47	123	128	142	8	255
 39147	117	86	47	123	128	145	8	255
 39193	118	87	47	123	128	146	8	255
 39238	119	87	47	123	127	148	8	255
 39283	120	87	48	123	127	151	8	255
 39329	121	87	48	124	127	152	8	255
 39374	122	88	48	124	127	156	8	255
 39465	126	88	48	124	128	164	8	255
 39510	128	88	48	124	128	162	8	255
 39556	129	88	48	124	128	160	8	255
 39601	128	88	49	124	128	151	8	255
 39646	126	88	49	124	128	151	8	255
 39692	125	89	49	124	128	150	8	255
 39737	124	89	49	125	128	151	8	255
 39782	123	89	49	125	128	152	8	255
 39828	123	89	49	125	128	155	8	255
 39873	124	90	49	125	128	156	8	255
 39918	125	90	49	125	128	158	8	255
 39964	127	90	50	125	128	162	8	255
 40009	128	90	50	125	128	164	8	255
 40054	130	90	50	125	128	166	8	255
 40100	132	90	50	125	128	166	8	255
 40145	133	91	50	125	128	168	8	255
 40191	133	91	50	125	128	168	8	255
 40281	136	91	50	125	128	172	8	255
 40327	137	91	51	126	128	176	8	255
 40372	138	92	51	126	128	174	8	255
 40417	138	92	51	126	129	172	8	255
 40463	138	92	51	126	129	171	8	255
 40508	138	92	51	126	129	172	8	255
 40553	137	92	51	126	129	168	8	255
 40599	137	92	51	126	129	166	8	255
 40644	135	92	51	126	129	162	8	255
 40694	134	92	52	126	129	162	8	255
 40735	133	93	52	126	129	164	8	255
 40780	133	93	52	126	129	165	8	255
 40826	133	93	52	126	129	161	8	255
 40871	132	93	52	126	129	160	8	255
 40916	131	93	52	127	129	156	8	255
 40962	129	93	52	127	129	155	8	255
 41011	128	93	52	127	129	151	8	255
 41052	126	93	53	127	129	150	8	255
 41098	124	93	53	127	129	144	8	255
 41143	122	93	53	127	129	148	8	255
 41188	121	94	53	127	129	150	8	255
 41234	122	94	53	127	129	152	8	255
 41279	123	94	53	127	129	155	8	255
 41324	124	95	53	127	129	158	8	255
 41370	126	95	53	127	129	161	8	255
 41415	128	95	54	127	129	162	8	255
 41461	129	95	54	127	130	165	8	255
 41506	131	95	54	127	130	162	8	255
 41551	131	95	54	127	130	162	8	255
 41597	131	95	54	127	130	160	8	255
 41687	129	96	54	127	130	156	8	255
 41733	128	96	54	127	130	155	8	255
 41778	127	96	54	127	130	155	8	255
 41823	126	96	55	127	130	155	8	255
 41873	126	96	55	127	130	155	8	255
 41914	126	96	55	127	130	155	8	255
 41959	126	96	55	128	130	161	8	255
 42005	128	97	55	128	130	164	8	255
 42050	130	97	55	128	130	161	8	255
 42095	130	97	55	128	130	161	8	255
 42141	131	97	55	128	130	165	8	255
 42186	132	97	55	128	130	171	8	255
 42232	135	97	56	128	130	176	8	255
 42277	137	97	56	128	130	178	8	255
 42368	141	98	56	128	130	182	8	255
 42414	143	98	56	128	131	184	8	255
 42458	145	98	56	128	131	186	8	255
 42508	146	98	56	128	131	186	8	255
 42549	147	98	56	128	131	182	8	255
 42594	146	98	56	128	131	182	8	255
 42640	146	98	57	128	131	178	8	255
 42685	145	98	57	129	131	178	8	255
 42730	144	98	57	129	131	177	8	255
 42776	144	98	57	129	131	182	8	255
 42821	144	99	57	129	131	182	8	255
 42866	144	99	57	129	132	183	8	255
 42912	146	99	57	129	132	186	8	255
 43003	149	99	57	129	132	192	8	255
 43048	150	99	57	129	132	189	8	255
 43093	150	99	58	129	132	184	8	255
 43139	149	99	58	130	132	182	8	255
 43184	147	99	58	130	132	180	8	255
 43229	146	99	58	130	132	177	8	255
 43275	145	99	58	130	133	172	8	255
 43320	143	99	58	130	133	172	8	255
 43365	141	99	58	130	133	172	8	255
 43411	141	100	58	130	133	177	8	255
 43456	142	100	58	130	133	183	8	255
 43506	144	100	59	130	133	186	8	255
 43547	147	100	59	130	133	190	8	255
 43592	149	100	59	131	133	189	8	255
 43637	149	100	59	131	133	184	8	255
 43687	148	100	59	131	133	174	8	255
 43728	145	100	59	131	133	166	8	255
 43774	141	99	59	131	134	160	8	255
 43820	137	99	59	131	134	152	8	255
 43864	132	99	59	131	134	146	8	255
 43910	127	99	59	131	134	140	8	255
 43955	122	100	59	131	134	138	8	255
 44000	119	100	60	131	134	136	8	255
 44046	116	101	60	131	134	132	8	255
 44091	114	101	60	131	134	130	8	255
 44141	112	101	60	131	134	131	8	255
 44182	110	100	60	131	134	128	0	255
 44227	108	100	60	131	134	127	0	255
 44272	107	99	60	131	134	128	0	255
 44318	105	97	60	131	134	128	0	255
 44363	104	96	60	131	134	128	0	255
 44409	103	95	60	131	134	130	0	255
 44454	101	95	60	131	134	130	0	255
 44499	100	94	60	131	134	132	0	255
 44545	98	93	60	131	134	134	0	255
 44590	98	88	60	131	134	141	8	255
 44635	104	91	60	131	134	144	8	255
 44681	109	95	60	131	134	146	8	255
 44771	114	99	61	131	134	140	8	255
 44817	114	99	61	131	134	142	8	255
 44862	115	100	61	131	134	141	8	255
 44907	115	100	61	131	134	137	8	255
 44953	114	100	61	131	134	130	8	255
 44998	112	100	61	131	134	127	0	255
 45043	109	99	61	131	134	127	0	255
 45089	107	98	61	131	134	127	0	255
 45134	106	97	61	131	134	127	0	255
 45180	104	96	61	131	134	128	0	255
 45225	103	95	61	131	134	128	0	255
 45270	101	94	61	131	134	130	0	255
 45361	98	92	61	131	134	128	0	255
 45410	97	91	61	131	134	128	0	255
 45452	96	90	61	131	134	128	0	255
 45501	94	89	61	131	134	128	0	255
 45542	93	88	61	131	134	128	0	255
 45588	92	87	61	131	134	127	0	255
 45633	91	86	61	131	134	127	0	255
 45678	89	85	61	131	134	127	0	255
 45724	88	84	61	131	134	127	0	255
 45769	87	83	61	131	134	126	0	255
 45815	86	82	61	131	134	127	0	255
 45860	85	82	61	131	134	127	0	255
 45905	84	81	61	131	134	126	0	255
 45996	82	79	61	131	134	126	0	255
 46041	81	78	61	131	134	126	0	255
 46088	80	78	62	131	134	127	0	255
 46132	79	77	62	131	134	127	0	255
 46177	78	77	62	131	134	127	0	255
 46223	77	77	62	131	134	128	0	255
 46268	77	76	62	131	134	127	0	255
 46362	75	76	62	131	134	131	0	255
 46404	74	75	62	131	134	132	0	255
 46449	74	75	62	131	134	131	0	255
 46495	73	74	62	131	134	132	0	255
 46540	72	74	62	131	134	132	0	255
 46586	71	73	62	131	134	132	0	255
 46631	71	73	62	131	134	134	0	255
 46676	70	72	62	131	134	134	0	255
 46722	71	72	62	131	134	141	8	255
 46767	85	81	62	131	134	148	8	255
 46812	97	88	62	131	134	146	8	255
 46858	106	92	62	131	134	144	8	255
 46904	109	95	62	131	134	141	8	255
 46946	111	97	62	131	134	144	8	255
 46991	113	98	62	131	134	146	8	255
 47037	115	98	62	131	134	138	8	255
 47082	114	99	62	131	134	126	0	255
 47127	111	98	62	131	134	120	0	255
 47173	108	97	62	131	134	119	0	255
 47218	106	96	62	131	134	120	0	255
 47263	104	95	62	131	134	120	0	255
 47313	103	94	62	131	134	120	0	255
 47354	101	93	62	131	134	120	0	255
 47399	100	92	62	131	134	120	0	255
 47445	99	91	62	131	134	120	0	255
 47490	97	90	62	130	134	120	0	255
 47535	96	89	62	131	134	120	0	255
 47581	95	88	62	131	134	122	0	255
 47626	93	87	62	130	134	122	0	255
 47672	92	87	62	131	134	122	0	255
 47717	91	86	62	130	134	122	0	255
 47762	90	85	62	130	134	123	0	255
 47808	89	84	62	130	134	123	0	255
 47853	87	84	62	130	134	123	0	255
 47898	86	83	62	130	134	123	0	255
 47944	85	82	62	130	134	124	0	255
 47989	84	81	62	130	134	124	0	255
 48034	83	81	62	130	134	126	0	255
 48080	82	80	62	130	134	123	0	255
 48125	81	79	62	130	134	124	0	255
 48170	80	78	62	130	134	124	0	255
 48216	79	77	62	130	134	122	0	255
 48261	79	76	62	130	134	122	0	255
 48352	77	74	62	130	134	122	0	255
 48397	76	74	62	130	134	120	0	255
 48443	75	73	62	130	134	120	0	255
 48488	74	72	62	130	134	122	0	255
 48533	74	72	62	130	134	122	0	255
 48579	73	71	62	130	133	122	0	255
 48624	72	70	62	130	134	122	0	255
 48669	72	70	62	130	133	119	0	255
 48715	71	69	62	130	134	120	0	255
 48760	70	69	62	130	134	119	0	255
 48805	70	68	62	130	133	118	0	255
 48851	69	68	62	130	133	119	0	255
 48896	68	67	62	130	133	118	0	255
 48942	68	67	62	130	133	118	0	255
 48987	67	67	62	130	133	116	0	255
 49032	67	66	62	130	133	116	0	255
 49078	66	66	62	130	133	116	0	255
 49123	66	66	62	130	133	116	0	255
 49168	65	65	62	130	133	114	0	255
 49214	64	65	62	130	133	114	0	255
 49259	64	65	62	130	133	114	0	255
 49304	64	64	62	130	133	112	0	255
 49350	63	64	62	130	133	113	0	255
 49440	62	63	62	130	133	110	0	255
 49486	62	63	62	130	133	110	0	255
 49531	61	63	62	130	133	109	0	255
 49576	61	62	62	130	133	109	0	255
 49622	61	62	62	130	133	109	0	255
 49667	60	62	62	130	133	110	0	255
 49758	59	61	62	130	133	109	0	255
 49803	59	60	62	130	133	108	0	255
 49849	59	60	63	130	133	109	0	255
 49894	58	60	62	130	133	108	0	255
 49939	58	59	62	130	133	108	0	255
 49985	58	59	62	130	133	110	0	255
 50030	57	59	62	130	133	109	0	255
 50075	57	58	62	130	133	109	0	255
 50121	57	58	62	130	133	109	0	255
 50166	56	58	62	130	133	109	0	255
 50211	56	58	63	130	133	109	0	255
 50257	56	57	62	130	133	109	0	255
 50302	56	57	62	130	133	108	0	255
 50351	55	57	63	130	133	109	0	255
 50393	55	56	63	130	133	110	0	255
 50438	55	56	63	130	133	110	0	255
 50484	55	56	63	130	133	109	0	255
 50529	54	55	62	130	133	109	0	255
 50620	54	55	63	130	133	109	0	255
 50668	54	55	63	130	133	109	0	255
 50710	53	54	63	130	133	108	0	255
 50756	53	54	62	130	133	109	0	255
 50801	53	54	62	130	133	108	0	255
 50846	53	54	63	130	133	108	0	255
 50892	53	54	63	130	133	108	0	255
 50937	52	54	63	130	133	106	0	255
 50982	52	53	63	130	133	105	0	255
 51028	52	53	63	130	133	105	0	255
 51073	52	53	63	130	133	105	0	255
 51118	52	53	63	130	133	105	0	255
 51164	51	53	63	130	133	104	0	255
 51209	51	53	63	130	133	102	0	255
 51254	51	53	63	130	133	102	0	255
 51303	51	52	63	130	133	101	0	255
 51345	51	52	63	130	133	101	0	255
 51391	51	52	63	130	133	100	0	255
 51490	50	52	63	130	133	100	0	255
 51536	50	52	63	130	133	98	0	255
 51581	50	51	63	130	133	98	0	255
 51630	50	51	63	130	133	97	0	255
 51672	50	51	63	130	133	96	0	255
 51717	50	51	63	130	133	96	0	255
 51762	50	51	63	130	133	96	0	255
 51808	49	51	63	130	133	94	0	255
 51853	49	51	63	130	133	94	0	255
 51898	49	50	63	130	133	94	0	255
 51944	49	50	63	130	133	92	0	255
 51989	49	50	63	130	133	92	0	255
 52035	49	50	63	130	133	92	0	255
 52080	49	50	63	130	133	90	0	255
 52125	49	50	63	130	133	90	0	255
 52171	48	50	63	130	133	90	0	255
 52216	48	49	63	130	133	89	0	255
 52261	48	49	63	130	133	89	0	255
 52307	48	49	63	130	133	89	0	255
 52352	48	49	63	130	133	88	0	255
 52398	48	49	63	130	133	89	0	255
 52443	48	49	63	130	133	88	0	255
 52492	48	49	63	130	133	88	0	255
 52533	48	49	63	130	133	88	0	255
 52579	48	49	63	130	133	88	0	255
 52624	48	48	63	130	133	86	0	255
 52669	47	48	63	130	133	86	0	255
 52715	47	48	63	130	133	85	0	255
 52760	47	48	63	130	133	84	0	255
 52805	47	48	63	130	133	85	0	255
 52896	47	48	63	129	133	83	0	255
 52942	47	48	63	129	133	83	0	255
 52987	47	48	63	129	133	83	0	255
 53032	47	48	63	129	133	83	0	255
 53078	47	48	63	129	133	82	0	255
 53123	47	47	63	129	133	80	0	255
 53168	47	47	63	129	133	82	0	255
 53214	47	47	63	129	133	80	0	255
 53259	46	47	63	129	133	79	0	255
 53304	46	47	63	129	133	79	0	255
 53350	46	47	63	129	133	79	0	255
 53395	46	47	63	129	133	78	0	255
 53443	46	47	63	129	133	78	0	255
 53486	46	47	63	129	133	78	0	255
 53531	46	47	63	129	133	78	0	255
 53622	46	47	63	129	133	76	0	255
 53667	46	47	63	129	133	76	0	255
 53712	46	46	63	129	133	74	0	255
 53758	46	46	63	129	133	75	0	255
 53803	46	46	63	129	133	72	0	255
 53853	46	46	63	129	133	74	0	255
 53894	46	46	63	129	133	72	0	255
 53939	46	46	63	129	133	72	0	255
 53985	46	46	63	129	133	72	0	255
 54030	46	46	63	129	133	72	0	255
 54075	46	46	63	129	133	71	0	255
 54121	45	46	63	129	133	70	0	255
 54166	45	46	63	129	133	71	0	255
 54211	45	46	63	129	133	70	0	255
 54257	45	46	63	129	133	70	0	255
 54302	45	46	63	129	133	70	0	255
 54347	45	46	63	129	133	70	0	255
 54393	45	46	63	129	133	68	0	255
 54438	45	46	63	129	133	67	0	255
 54483	45	46	63	129	133	67	0	255
 54529	45	45	63	129	133	67	0	255
 54574	45	45	63	129	133	67	0	255
 54620	45	45	63	129	133	66	0	255
 54665	45	45	63	129	133	66	0	255
 54710	45	45	63	129	133	66	0	255
 54756	45	45	63	129	133	66	0	255
 54846	45	45	63	129	133	64	0	255
 54892	45	45	63	129	133	64	0	255
 54937	45	45	63	129	133	65	0	255
 54986	45	45	63	129	133	64	0	255
 55028	45	45	63	129	133	64	0	255
 55073	45	45	63	129	133	62	0	255
 55118	45	45	63	129	133	64	0	255
 55164	45	45	63	129	133	62	0	255
 55209	45	45	63	129	133	62	0	255
 55254	45	45	63	129	133	62	0	255
 55300	45	45	63	129	133	61	0	255
 55345	45	45	63	129	133	60	0	255
 55391	45	45	63	129	133	61	0	255
 55436	45	45	63	129	133	60	0	255
 55481	44	45	63	129	133	60	0	255
 55527	44	45	63	129	133	58	0	255
 55572	44	45	63	129	133	58	0	255
 55663	44	44	63	129	133	58	0	255
 55708	44	44	63	129	133	57	0	255
 55756	44	44	63	129	133	57	0	255
 55799	44	44	63	129	133	57	0	255
 55844	44	44	63	129	133	58	0	255
 55889	44	44	63	129	133	57	0	255
 55935	44	44	63	129	133	54	0	255
 56025	44	44	63	129	133	54	0	255
 56071	44	44	63	129	133	53	0	255
 56116	44	44	63	129	133	56	0	255
 56161	44	44	63	129	133	54	0	255
 56207	44	44	63	129	133	53	0	255
 56252	44	44	63	129	133	53	0	255
 56298	44	44	63	129	133	53	0	255
 56343	44	44	63	129	133	53	0	255
 56388	44	44	63	129	133	53	0	255
 56434	44	44	63	129	133	52	0	255
 56479	44	44	63	129	133	52	0	255
 56524	44	44	63	129	133	53	0	255
 56570	44	44	63	129	133	52	0	255
 56615	44	44	63	129	133	50	0	255
 56660	44	44	63	129	133	51	0	255
 56706	44	44	63	129	133	52	0	255
 56751	44	44	63	129	133	52	0	255
 56842	44	44	63	129	132	50	0	255
 56887	44	44	63	129	133	50	0	255
 56932	44	44	63	129	133	51	0	255
 56978	44	44	63	129	133	51	0	255
 57023	44	44	63	129	132	51	0	255
 57069	44	44	63	129	133	50	0	255
 57114	44	44	63	129	132	48	0	255
 57159	44	44	63	129	133	51	0	255
 57250	44	44	63	129	132	50	0	255
 57295	44	44	63	129	132	47	0	255
 57341	44	44	63	129	132	50	0	255
 57386	44	44	63	129	132	50	0	255
 57431	44	44	63	129	132	47	0	255
 57477	44	44	63	129	132	48	0	255
 57522	44	44	63	129	132	47	0	255
 57567	44	44	63	129	132	48	0	255
 57613	44	44	63	129	132	46	0	255
 57658	44	44	63	129	132	46	0	255
 57703	44	44	63	129	132	47	0	255
 57749	44	44	63	129	132	46	0	255
 57794	44	44	63	129	132	48	0	255
 57840	44	44	63	129	132	46	0	255
 57885	44	43	63	129	132	45	0	255
 57930	44	43	63	129	132	45	0	255
 57976	44	43	63	129	132	45	0	255
 58021	44	43	63	129	132	46	0	255
 58066	44	43	63	129	132	46	0	255
 58112	44	43	63	129	132	45	0	255
 58202	44	43	63	129	132	45	0	255
 58248	44	43	63	129	132	46	0	255
 58293	44	43	63	129	132	44	0	255
 58338	44	43	63	128	132	44	0	255
 58384	44	43	63	129	132	44	0	255
 58429	44	43	63	129	132	44	0	255
 58474	43	43	63	129	132	44	0	255
 58520	43	43	63	128	132	44	0	255
 58565	44	43	63	128	132	44	0	255
 58611	43	43	63	128	132	45	0	255
 58656	43	43	63	128	132	44	0	255
 58701	44	43	63	128	132	42	0	255
 58747	43	43	63	128	132	42	0	255
 58792	43	43	63	128	132	42	0	255
 58837	43	43	63	128	132	42	0	255
 58883	43	43	63	128	132	42	0	255
 58928	43	43	63	128	132	42	0	255
 58973	43	43	63	128	132	41	0	255
 59019	43	43	63	128	132	40	0	255
 59064	43	43	63	128	132	40	0	255
 59109	43	43	63	128	132	40	0	255
 59155	43	43	63	128	132	40	0	255
 59200	43	43	63	128	132	42	0	255
 59245	43	43	63	128	132	41	0	255
 59291	43	43	63	128	132	38	0	255
 59336	43	43	63	128	132	38	0	255
 59382	43	43	63	128	132	40	0	255
 59427	43	43	63	128	132	38	0	255
 59472	43	43	63	128	132	38	0	255
 59518	43	43	63	128	132	37	0	255
 59608	43	43	63	128	132	38	0	255
 59654	43	43	63	128	132	40	0	255
 59699	43	43	63	128	132	38	0	255
 59744	43	43	63	128	132	38	0	255
 59790	43	43	63	128	132	38	0	255
 59838	43	43	63	128	132	37	0	255
 59880	43	43	63	128	132	36	0	255
 59926	43	43	63	128	132	36	0	255
 59971	43	43	63	128	132	37	0	255
 60016	43	43	63	128	132	37	0	255
 60108	43	43	63	128	132	36	0	255
 60152	43	43	63	128	132	36	0	255
 60198	43	43	63	128	132	37	0	255
 60243	43	43	63	128	132	36	0	255
 60289	43	43	63	128	132	36	0	255
 60334	43	43	63	128	132	35	0	255
 60379	43	43	63	128	132	35	0	255
 60425	43	43	63	128	132	37	0	255
 60470	43	43	63	128	132	36	0	255
 60515	43	43	63	128	132	35	0	255
 60561	43	43	63	128	132	36	0	255
 60606	43	43	63	128	132	35	0	255
 60651	43	43	63	128	132	35	0	255
 60697	43	43	63	128	132	34	0	255
 60742	43	43	63	128	132	35	0	255
 60833	43	43	63	128	132	36	0	255
 60878	43	43	63	128	132	36	0	255
 60969	43	43	63	128	132	35	0	255
 61014	43	43	63	128	132	35	0	255
 61059	43	43	63	128	132	34	0	255
 61105	43	43	63	128	132	35	0	255
 61149	43	43	63	128	132	32	0	255
 61248	43	43	63	128	132	34	0	255
 61293	43	43	63	128	132	34	0	255
 61338	43	43	63	128	132	34	0	255
 61384	43	43	63	128	132	34	0	255
 61429	43	43	63	128	132	34	0	255
 61474	43	43	63	128	132	32	0	255
 61520	43	43	63	128	132	32	0	255
 61565	43	43	63	128	132	31	0	255
 61610	43	43	63	128	132	32	0	255
 61656	43	43	63	128	132	32	0	255
 61701	43	43	63	128	132	32	0	255
 61813	43	43	63	128	132	31	0	255
 61858	43	43	63	128	132	31	0	255
 61904	43	43	63	128	132	30	0	255
 61949	43	43	63	128	132	32	0	255
 61994	43	43	63	128	132	30	0	255
 62040	43	43	63	128	132	30	0	255
 62085	43	43	63	128	132	30	0	255
 62130	43	43	63	128	132	31	0	255
 62176	43	43	63	128	132	30	0	255
 62221	43	43	63	128	132	31	0	255
 62266	43	43	63	128	132	31	0	255
 62312	43	43	63	128	132	29	0	255
 62357	43	43	63	128	132	31	0	255
 62402	43	43	63	128	132	30	0	255
 62448	43	43	63	128	132	30	0	255
 62493	43	43	63	128	132	29	0	255
 62538	43	43	63	128	132	30	0	255
 62584	43	43	63	128	132	29	0	255
 62675	43	43	63	128	132	30	0	255
 62720	43	43	63	128	132	30	0	255
 62765	43	43	63	128	132	30	0	255
 62811	43	43	63	128	132	30	0	255
 62856	43	43	63	128	132	29	0	255
 62901	43	43	63	128	132	30	0	255
 62947	43	43	63	128	132	30	0	255
 62992	43	43	63	128	132	30	0	255
 63037	43	43	63	128	132	29	0	255
 63083	43	43	63	128	132	29	0	255
 63128	43	43	63	128	132	29	0	255
 63173	43	43	62	128	132	29	0	255
 63219	43	43	63	128	132	28	0	255
 63264	43	43	63	128	132	29	0	255
 63355	43	43	63	128	132	28	0	255
 63404	43	43	63	128	132	29	0	255
 63445	43	43	63	128	132	29	0	255
 63491	43	43	63	128	132	28	0	255
 63536	43	43	63	128	132	29	0	255
 63582	43	43	63	128	132	28	0	255
 63627	43	43	63	128	132	29	0	255
 63672	43	43	63	128	132	28	0	255
 63718	43	43	63	128	132	28	0	255
 63763	43	43	63	128	132	29	0	255
 63808	43	43	63	128	132	29	0	255
 63899	43	43	63	128	132	29	0	255
 63944	43	43	63	128	132	28	0	255
 64035	43	43	62	128	132	26	0	255
 64080	43	43	63	127	132	29	0	255
 64126	43	43	62	128	132	28	0	255
 64171	43	43	63	128	132	28	0	255
 64216	43	43	63	127	132	26	0	255
 64262	43	43	62	127	132	26	0	255
 64308	43	43	62	127	132	28	0	255
 64352	43	43	63	127	132	28	0	255
 64398	43	43	63	127	132	29	0	255
 64443	43	43	62	127	132	28	0	255
 64489	43	43	62	127	132	28	0	255
 64534	43	43	62	127	132	26	0	255
 64579	43	43	63	127	131	28	0	255
 64625	43	43	62	127	131	25	0	255
 64670	43	43	63	127	131	25	0	255
 64715	43	43	63	127	131	28	0	255
 64761	43	43	62	127	131	28	0	255
 64806	43	43	62	127	131	26	0	255
 64851	43	43	63	127	131	26	0	255
 64897	43	43	62	127	131	26	0	255
 64942	43	43	62	127	131	25	0	255
 64987	43	43	63	127	131	25	0	255
 65033	43	43	62	127	131	25	0	255
 65078	43	43	62	127	131	28	0	255
 65123	43	43	62	127	131	26	0	255
 65169	43	43	63	127	131	26	0	255
 65214	43	43	62	127	131	26	0	255
 65260	43	43	62	127	131	25	0	255
 65350	43	43	62	127	131	25	0	255
 65396	43	43	62	127	131	24	0	255
 65441	43	43	62	127	131	25	0	255
 65490	43	43	63	127	131	26	0	255
 65532	43	43	62	127	131	26	0	255
 65577	43	43	62	127	131	25	0	255
 65622	43	43	62	127	131	25	0	255
 65668	43	43	62	127	131	28	0	255
 65713	43	43	62	127	131	26	0	255
 65758	43	43	62	127	131	26	0	255
 65804	43	43	62	127	131	24	0	255
 65849	43	43	62	127	131	26	0	255
 65894	43	43	62	127	131	26	0	255
 65940	43	43	62	127	131	26	0	255
 65985	43	43	62	127	131	26	0	255
 66031	43	43	62	127	131	26	0	255
 66076	43	43	62	127	131	26	0	255
 66167	43	43	62	127	131	26	0	255
 66212	43	43	62	127	131	24	0	255
 66257	43	43	62	127	131	26	0	255
 66303	43	43	62	127	131	25	0	255
 66348	43	43	62	127	131	26	8	255
 66393	43	43	62	127	131	26	0	255
 66439	43	43	62	127	131	26	0	255
 66484	43	43	62	127	131	26	0	255
 66529	43	43	62	127	131	25	0	255
 66575	43	43	62	127	131	25	0	255
 66620	43	43	62	127	131	24	0	255
 66711	43	43	62	127	131	24	0	255
 66756	43	42	62	127	131	26	0	255
 66802	43	43	62	127	131	25	0	255
 66847	43	43	62	127	131	24	0	255
 66892	43	43	62	127	131	26	0	255
 66938	43	43	62	127	131	26	0	255
 66983	43	43	62	127	131	26	0	255
 67028	43	43	62	127	131	26	0	255
 67119	43	43	62	127	131	25	0	255
 67164	43	42	62	127	131	24	0	255
 67210	43	43	62	127	131	24	0	255
 67300	43	42	62	127	131	26	0	255
 67346	43	43	62	127	131	24	0	255
 67391	43	42	62	127	131	24	0	255
 67436	43	43	62	127	131	24	0	255
 67482	43	43	62	127	131	26	0	255
 67527	43	42	62	127	131	25	0	255
 67573	43	42	62	127	131	25	0	255
 67618	43	42	62	127	131	25	0	255
 67663	43	42	62	127	131	25	0	255
 67709	43	42	62	127	131	26	0	255
 67754	43	43	62	127	131	25	0	255
 67799	43	42	62	127	131	25	0	255
 67845	43	42	62	127	131	25	0	255
 67890	43	42	62	127	131	24	0	255
 67935	43	42	62	127	131	25	0	255
 68026	43	42	62	127	131	26	0	255
 68071	43	43	62	127	131	25	0	255
 68117	43	43	62	127	131	26	0	255
 68162	43	43	62	127	131	24	0	255
 68207	43	42	62	127	131	24	0	255
 68253	43	42	62	127	131	24	0	255
 68298	43	43	62	127	131	24	0	255
 68343	43	42	62	127	131	24	0	255
 68434	43	42	62	127	131	24	0	255
 68479	43	42	62	127	131	24	0	255
 68525	43	42	62	127	131	24	0	255
 68570	43	42	62	127	131	23	0	255
 68616	43	42	62	127	131	24	0	255
 68706	43	42	62	127	131	24	0	255
 68752	43	42	62	127	131	25	0	255
 68798	43	42	62	127	131	24	0	255
 68842	43	42	62	127	131	25	0	255
 68888	43	42	62	127	131	24	0	255
 68933	43	42	62	127	131	24	0	255
 68978	43	42	62	127	131	24	0	255
 69024	43	42	62	127	131	23	0	255
 69069	43	42	62	127	131	25	0	255
 69114	43	42	62	127	131	23	0	255
 69160	43	42	62	127	131	25	0	255
 69205	43	42	62	127	131	24	0	255
 69251	43	42	62	127	131	24	0	255
 69296	43	42	62	127	131	24	0	255
 69341	43	42	62	127	131	24	0	255
 69387	43	42	62	127	131	25	0	255
 69432	43	42	62	127	131	24	0	255
 69477	43	42	62	127	131	23	0	255
 69523	43	42	62	127	131	24	0	255
 69568	43	42	62	127	131	23	0	255
 69613	43	42	62	127	131	25	0	255
 69659	43	42	62	127	131	24	0	255
 69704	43	42	62	127	131	24	0	255
 69749	43	42	62	127	131	24	0	255
 69795	43	42	62	127	131	25	0	255
 69840	43	42	62	127	131	24	0	255
 69885	43	42	62	126	131	23	0	255
 69931	43	42	62	126	131	23	0	255
 69976	43	42	62	126	131	24	0	255
 70022	43	42	62	126	131	24	0	255
 70067	43	42	62	126	131	24	0	255
 70112	43	42	62	126	131	25	0	255
 70158	43	42	62	126	131	24	0	255
 70203	43	42	62	126	131	23	0	255
 70248	43	42	62	126	131	25	0	255
 70294	43	42	62	126	131	23	0	255
 70339	43	42	62	126	131	23	0	255
 70384	43	42	62	126	131	25	0	255
 70430	43	42	62	126	131	24	0	255
 70479	43	42	62	126	131	25	0	255
 70520	43	42	62	126	131	25	0	255
 70566	43	42	62	126	131	23	0	255
 70611	43	42	62	126	131	25	0	255
 70656	43	42	62	126	131	25	0	255
 70702	43	42	62	126	131	24	0	255
 70747	43	42	62	126	131	23	0	255
 70793	43	42	62	126	131	24	0	255
 70838	43	42	62	126	131	24	0	255
 70929	43	42	62	126	131	25	0	255
 70974	43	42	62	126	131	24	0	255
 71019	43	42	62	126	131	24	0	255
 71065	43	42	62	126	131	23	0	255
 71110	43	42	62	126	131	24	0	255
 71155	43	42	62	126	131	24	0	255
 71201	43	42	62	126	131	23	0	255
 71246	43	42	62	126	131	25	0	255
 71291	43	42	62	126	131	25	0	255
 71340	43	42	62	126	131	22	0	255
 71382	43	42	62	126	131	23	0	255
 71427	43	42	62	126	131	24	0	255
 71473	43	42	62	126	131	23	0	255
 71564	43	42	62	126	131	24	0	255
 71609	43	42	62	126	131	25	0	255
 71654	43	42	62	126	131	25	0	255
 71700	43	42	62	126	131	24	0	255
 71745	43	42	62	126	131	24	0	255
 71790	43	42	62	126	131	23	0	255
 71836	43	42	62	126	131	23	0	255
 71881	43	42	62	126	130	23	0	255
 71926	43	42	62	126	130	22	0	255
 71972	43	42	62	126	130	24	0	255
 72017	43	42	62	126	130	24	0	255
 72066	43	42	62	126	130	24	0	255
 72108	43	42	62	126	130	24	0	255
 72198	43	42	62	126	130	23	0	255
 72244	43	42	62	126	130	24	0	255
 72309	43	42	62	126	130	24	0	255
 72355	43	42	62	126	130	24	0	255
 72400	43	42	62	126	130	24	0	255
 72445	43	42	62	126	130	24	0	255
 72491	43	42	62	126	130	24	0	255
 72536	43	42	62	126	130	23	0	255
 72581	43	42	62	126	130	25	0	255
 72627	43	42	62	126	130	23	0	255
 72672	43	42	62	126	130	23	0	255
 72717	43	42	62	126	130	23	0	255
 72763	43	42	62	126	130	24	0	255
 72808	43	42	62	126	130	24	0	255
 72854	43	42	62	126	130	24	0	255
 72899	43	42	62	126	130	24	0	255
 72944	43	42	62	126	130	23	0	255
 72990	43	42	62	126	130	23	0	255
 73035	43	42	62	126	130	23	0	255
 73080	43	42	62	126	130	23	0	255
 73126	43	42	62	126	130	24	0	255
 73171	43	42	62	126	130	23	0	255
 73216	43	42	62	126	130	24	0	255
 73262	43	42	62	126	130	23	0	255
 73307	43	42	62	126	130	23	0	255
 73352	43	42	62	126	130	24	0	255
 73399	43	42	62	126	130	24	0	255
 73443	43	42	62	126	130	24	0	255
 73534	43	42	62	126	130	24	0	255
 73579	43	42	62	126	130	24	0	255
 73625	43	42	62	126	130	24	0	255
 73670	43	42	62	126	130	24	0	255
 73715	43	42	62	126	130	24	0	255
 73761	43	42	62	126	130	23	0	255
 73809	43	42	62	126	130	25	0	255
 73851	43	42	62	126	130	23	0	255
 73897	43	42	62	126	130	23	0	255
 73942	43	42	62	126	130	23	0	255
 73987	43	42	62	126	130	23	0	255
 74033	43	42	62	126	130	24	0	255
 74078	43	42	62	126	130	24	0	255
 74123	43	42	62	126	130	24	0	255
 74169	43	42	62	126	130	25	0	255
 74214	43	42	62	126	130	24	0	255
 74260	43	42	62	126	130	23	0	255
 74305	43	42	62	126	130	24	0	255
 74396	43	42	62	126	130	23	0	255
 74441	43	42	62	126	130	22	0	255
 74486	43	42	62	126	130	24	0	255
 74577	43	42	62	126	130	24	0	255
 74622	43	42	62	126	130	23	0	255
 74668	43	42	62	126	130	24	0	255
 74713	43	42	62	126	130	22	0	255
 74758	43	42	62	126	130	23	0	255
 74804	43	42	62	126	130	24	0	255
 74849	43	42	62	126	130	23	0	255
 74895	43	42	62	126	130	25	0	255
 74940	43	42	62	126	130	23	0	255
 74985	43	42	62	126	130	23	0	255
 75076	43	42	62	126	130	24	0	255
 75121	43	42	62	126	130	23	0	255
 75167	43	42	62	126	130	23	0	255
 75212	43	42	62	126	130	24	0	255
 75303	43	42	62	126	130	24	0	255
 75348	43	42	62	126	130	24	0	255
 75393	43	42	62	126	130	24	0	255
 75439	43	42	62	126	130	23	0	255
 75484	43	42	62	126	130	24	0	255
 75529	43	42	62	125	130	23	0	255
 75575	43	42	62	125	130	23	0	255
 75620	43	42	62	126	130	22	0	255
 75666	43	42	62	126	130	24	0	255
 75711	43	42	62	126	130	23	0	255
 75756	43	42	62	126	130	24	0	255
 75802	43	42	62	126	130	24	0	255
 75847	43	42	62	126	130	22	0	255
 75892	43	42	62	125	130	22	0	255
 75938	43	42	62	125	130	23	0	255
 75983	43	42	62	125	130	23	0	255
 76028	43	42	62	125	130	24	0	255
 76074	43	42	62	125	130	24	0	255
 76119	43	42	62	125	130	23	0	255
 76165	43	42	62	125	130	24	0	255
 76210	43	42	62	125	130	24	0	255
 76255	43	42	62	125	130	24	0	255
 76300	43	42	62	125	130	22	0	255
 76346	43	42	62	125	130	24	0	255
 76391	43	42	62	125	130	24	0	255
 76437	43	42	62	125	130	24	0	255
 76482	43	42	62	125	130	23	0	255
 76527	43	42	62	125	130	22	0	255
 76573	43	42	62	125	130	23	0	255
 76618	43	42	62	125	130	23	0	255
 76663	43	42	62	125	130	22	0	255
 76709	43	42	62	125	130	23	0	255
 76754	43	42	62	125	130	23	0	255
 76799	43	42	62	125	130	23	0	255
 76845	43	42	62	125	130	23	0	255
 76890	43	42	62	125	130	23	0	255
 76935	43	42	62	125	130	23	0	255
 76981	43	42	62	125	130	24	0	255
 77026	43	42	62	125	130	22	0	255
 77071	43	42	62	125	130	24	0	255
 77117	43	42	62	125	130	23	0	255
 77162	43	42	62	125	130	23	0	255
 77208	43	42	62	125	130	23	0	255
 77253	43	42	62	125	130	24	0	255
 77298	43	42	62	125	130	23	0	255
 77344	43	42	62	125	130	24	0	255
 77389	43	42	62	125	130	24	0	255
 77434	43	42	62	125	130	23	0	255
 77480	43	42	62	125	130	24	0	255
 77525	43	42	62	125	130	23	0	255
 77570	43	42	62	125	130	22	0	255
 77616	43	42	62	125	130	23	0	255
 77661	43	42	62	125	130	22	0	255
 77707	43	42	62	125	130	22	0	255
 77752	43	42	62	125	130	24	0	255
 77797	43	42	62	125	130	23	0	255
 77843	43	42	62	125	130	22	0	255
 77888	43	42	62	125	130	23	0	255
 77933	43	42	62	125	130	20	0	255
 77979	43	42	62	125	130	22	0	255
 78028	43	42	62	125	130	23	0	255
 78069	43	42	62	125	130	23	0	255
 78115	43	42	62	125	130	23	0	255
 78160	43	42	62	125	130	23	0	255
 78205	43	42	62	125	130	23	0	255
 78251	43	42	62	125	130	24	0	255
 78296	43	42	62	125	130	23	0	255
 78341	43	42	62	125	130	23	0	255
 78387	43	42	62	125	130	23	0	255
 78432	43	42	62	125	130	24	0	255
 78477	43	42	62	125	130	23	0	255
 78523	43	42	62	125	130	24	0	255
 78568	43	42	62	125	130	24	0	255
 78613	43	42	62	125	130	24	0	255
 78659	43	42	62	125	130	24	0	255
 78704	43	42	62	125	130	24	0	255
 78795	43	42	62	125	130	23	0	255
 78886	43	42	62	125	130	23	0	255
 78931	43	42	62	125	130	24	0	255
 78976	43	42	62	125	130	22	0	255
 79025	43	42	62	125	130	23	0	255
 79112	43	42	62	125	130	24	0	255
 79158	43	42	62	125	130	23	0	255
 79203	43	42	62	125	129	24	0	255
 79248	43	42	62	125	129	23	0	255
 79294	43	42	62	125	129	23	0	255
 79339	43	42	62	125	129	23	0	255
 79384	43	42	62	125	129	23	0	255
 79430	43	42	62	125	129	24	0	255
 79475	43	42	62	125	129	23	0	255
 79521	43	42	62	125	129	23	0	255
 79566	43	42	62	125	129	23	0	255
 79611	43	42	62	125	129	24	0	255
 79702	43	42	62	125	129	24	0	255
 79793	43	42	62	125	129	23	0	255
 79838	43	42	62	125	129	23	0	255
 79883	43	42	62	125	129	23	0	255
 79929	43	42	62	125	129	23	0	255
 80019	43	42	62	125	129	23	0	255
 80110	43	42	62	125	129	23	0	255
 80155	43	42	62	125	129	23	0	255
 80201	43	42	62	125	129	23	0	255
 80246	43	42	62	125	129	23	0	255
 80291	43	42	62	125	129	22	0	255
 80337	43	42	62	125	129	23	0	255
 80382	43	42	62	125	129	23	0	255
 80428	43	42	62	125	129	23	0	255
 80473	43	42	62	125	129	22	0	255
 80518	43	42	62	125	129	23	0	255
 80564	43	42	62	125	129	24	0	255
 80609	43	42	62	125	129	24	0	255
 80654	43	42	62	125	129	22	0	255
 80700	43	42	62	125	129	23	0	255
 80745	43	42	62	125	129	23	0	255
 80790	43	42	62	125	129	23	0	255
 80836	43	42	62	125	129	23	0	255
 80881	43	42	62	125	129	23	0	255
 80926	43	42	62	125	129	23	0	255
 80972	43	42	62	125	129	23	0	255
 81017	43	42	62	125	129	23	0	255
 81062	43	42	62	125	129	23	0	255
 81108	43	42	62	125	129	23	0	255
 81154	43	42	62	125	129	22	0	255
 81199	43	42	62	125	129	23	0	255
 81244	43	42	62	125	129	23	0	255
 81289	43	42	62	125	129	22	0	255
 81335	43	42	62	125	129	22	0	255
 81380	43	42	62	125	129	22	0	255
 81426	43	42	62	125	129	23	0	255
 81471	43	42	62	125	129	23	0	255
 81516	43	42	62	125	129	23	0	255
 81562	42	42	62	125	129	24	0	255
 81607	43	42	62	125	129	22	0	255
 81653	43	42	62	125	129	23	0	255
 81698	43	42	62	125	129	23	0	255
 81743	43	42	62	125	129	23	0	255
 81789	43	42	62	124	129	23	0	255
 81834	43	42	62	124	129	23	0	255
 81879	43	42	62	125	129	23	0	255
 81925	43	42	62	125	129	23	0	255
 81970	43	42	62	125	129	22	0	255
 82015	43	42	62	124	129	22	0	255
 82061	43	42	62	125	129	22	0	255
 82106	42	42	61	124	129	23	0	255
 82151	43	42	61	124	129	23	0	255
 82197	43	42	61	124	129	23	0	255
 82242	43	42	61	124	129	22	0	255
 82288	43	42	61	124	129	23	0	255
 82333	43	42	61	124	129	22	0	255
 82378	43	42	60	124	129	23	0	255
 82428	43	42	60	124	129	23	0	255
 82469	43	42	60	124	129	23	0	255
 82514	43	42	60	124	129	22	0	255
 82560	43	42	60	124	129	23	0	255
 82605	43	42	60	124	129	23	0	255
 82650	43	42	60	124	129	23	0	255
 82699	43	42	60	124	129	23	0	255
 82741	43	42	60	124	129	23	0	255
 82786	43	42	59	124	129	22	0	255
 82832	43	42	59	124	129	23	0	255
 82877	43	42	59	124	129	23	0	255
 82923	43	42	59	124	129	22	0	255
 82968	43	42	59	124	129	23	0	255
 83014	43	42	59	124	129	23	0	255
 83059	43	42	59	124	129	23	0	255
 83104	43	42	59	124	129	23	0	255
 83149	43	42	59	124	129	23	0	255
 83195	43	42	59	124	129	23	0	255
 83240	43	42	59	124	129	22	0	255
 83285	43	42	59	124	129	24	0	255
 83331	43	42	59	124	129	22	0	255
 83376	43	42	59	124	129	22	0	255
 83422	43	42	59	124	129	22	0	255
 83467	43	42	59	124	129	23	0	255
 83512	43	42	59	124	129	23	0	255
 83558	43	42	59	124	129	22	0	255
 83603	43	42	59	124	129	22	0	255
 83648	43	42	58	124	129	23	0	255
 83694	43	42	58	124	129	22	0	255
 83739	43	42	58	124	129	23	0	255
 83830	43	42	58	124	129	23	0	255
 83920	43	42	58	124	129	23	0	255
 83966	43	42	58	124	129	23	0	255
 84011	43	42	58	124	129	22	0	255
 84057	43	42	58	124	129	22	0	255
 84102	43	42	58	124	129	23	0	255
 84147	43	42	58	124	129	22	0	255
 84193	43	42	58	124	129	23	0	255
 84238	43	42	58	124	129	22	0	255
 84283	43	42	58	124	129	22	0	255
 84329	43	42	58	124	129	22	0	255
 84374	43	42	58	124	129	22	0	255
 84419	43	42	58	124	129	23	0	255
 84465	43	42	58	124	129	22	0	255
 84510	43	42	58	124	129	23	0	255
 84555	43	42	58	124	129	23	0	255
 84601	43	42	58	124	129	22	0	255
 84646	43	42	58	124	129	23	0	255
 84692	43	42	58	124	129	22	0	255
 84737	43	42	58	124	129	22	0	255
 84782	43	42	58	124	129	20	0	255
 84828	43	42	58	124	129	22	0	255
 84873	43	42	58	124	129	23	0	255
 84918	43	42	58	124	129	23	0	255
 84964	43	42	58	124	129	23	0	255
 85009	43	42	58	124	129	22	0	255
 85055	43	42	58	124	129	23	0	255
 85100	43	42	58	124	129	22	0	255
 85145	43	42	58	124	129	23	0	255
 85190	43	42	57	124	129	23	0	255
 85236	43	42	57	124	129	22	0	255
 85281	43	42	57	124	129	22	0	255
 85326	43	42	57	124	129	22	0	255
 85372	43	42	57	124	129	23	0	255
 85417	43	42	57	124	129	23	0	255
 85463	43	43	57	124	129	23	0	255
 85553	43	42	57	124	129	20	0	255
 85599	43	43	57	124	129	23	0	255
 85644	43	43	57	124	129	22	0	255
 85689	43	42	57	124	129	23	0	255
 85735	43	42	57	124	129	23	0	255
 85780	43	42	57	124	129	20	0	255
 85825	43	42	57	124	129	23	0	255
 85871	43	42	57	124	129	22	0	255
 85916	43	43	57	124	129	22	0	255
 85961	43	43	57	124	129	23	0	255
 86007	43	42	57	124	129	22	0	255
 86052	43	42	57	124	129	23	0	255
 86097	43	42	57	124	129	22	0	255
 86143	43	43	57	124	129	22	0	255
 86188	43	42	57	124	128	22	0	255
 86234	43	42	57	124	129	23	0	255
 86279	43	42	57	124	128	22	0	255
 86324	43	43	57	124	128	22	0	255
 86370	43	42	57	124	128	22	0	255
