HomeCentral
 Falkenstrasse 20
 8630 Rueti
 Datum: 30.05.14 00:00
 
 Startzeit: 2014-05-30 00:00:11 +0100
 57	55	54	83	142	145	26	0	255
 102	55	54	83	142	145	26	0	255
 147	55	54	83	142	145	25	0	255
 193	55	54	83	142	145	26	0	255
 238	55	54	83	142	145	25	0	255
 283	55	54	83	142	145	26	0	255
 329	55	54	83	142	145	26	0	255
 374	55	54	83	142	145	26	0	255
 419	55	54	83	142	145	25	0	255
 465	55	54	83	142	145	26	0	255
 510	55	54	83	142	145	26	0	255
 556	55	54	83	142	145	25	0	255
 601	55	54	83	142	145	28	0	255
 646	55	54	82	142	145	28	0	255
 692	55	54	83	142	145	26	0	255
 737	55	54	83	142	145	26	0	255
 782	55	54	83	142	145	28	0	255
 828	55	54	82	142	145	26	0	255
 873	55	54	83	142	145	26	0	255
 918	55	54	83	142	145	26	0	255
 964	55	54	82	142	145	26	0	255
 1009	55	54	82	142	145	25	0	255
 1054	55	54	82	142	145	25	0	255
 1100	55	54	82	142	145	26	0	255
 1145	55	54	82	142	145	26	0	255
 1190	55	54	82	142	145	26	0	255
 1236	55	54	82	142	145	26	0	255
 1281	55	54	82	142	145	25	0	255
 1326	55	54	82	142	145	26	0	255
 1372	55	54	82	142	145	25	0	255
 1417	55	54	82	142	145	26	0	255
 1463	55	54	82	142	145	26	0	255
 1508	55	54	82	142	145	26	0	255
 1553	55	54	82	142	145	26	0	255
 1599	55	54	82	142	145	26	0	255
 1644	55	54	82	142	145	26	0	255
 1689	55	54	82	141	145	26	0	255
 1735	55	54	82	141	145	25	0	255
 1780	55	54	82	141	145	26	0	255
 1825	55	54	82	141	145	26	0	255
 1871	55	54	82	141	145	25	0	255
 1916	55	54	82	141	145	26	0	255
 1962	55	54	82	141	145	26	0	255
 2007	55	54	82	141	145	26	0	255
 2052	55	54	82	141	145	26	0	255
 2097	55	54	82	141	145	26	0	255
 2143	55	54	82	141	145	26	0	255
 2188	55	54	82	141	145	26	0	255
 2233	55	54	82	141	145	26	0	255
 2279	55	54	82	141	145	26	0	255
 2324	55	54	82	141	145	26	0	255
 2370	55	54	82	141	145	26	0	255
 2415	55	54	82	141	145	26	0	255
 2460	55	54	82	141	145	26	0	255
 2506	55	54	82	141	145	26	0	255
 2551	55	54	82	141	145	25	0	255
 2596	55	54	82	141	145	26	0	255
 2642	55	54	82	141	145	25	0	255
 2687	55	54	82	141	145	26	0	255
 2732	55	54	82	141	145	26	0	255
 2778	55	54	82	141	145	28	0	255
 2823	55	54	82	141	145	26	0	255
 2868	55	54	82	141	145	26	0	255
 2914	55	54	82	141	145	25	0	255
 2959	55	54	82	141	145	25	0	255
 3004	55	54	82	141	145	26	0	255
 3050	55	54	82	141	145	26	0	255
 3095	55	54	82	141	145	26	0	255
 3140	55	54	82	141	145	26	0	255
 3186	55	54	82	141	145	26	0	255
 3231	55	54	82	141	145	25	0	255
 3277	55	54	82	141	145	26	0	255
 3322	55	54	82	141	145	26	0	255
 3367	55	54	82	141	145	26	0	255
 3413	55	54	82	141	145	26	0	255
 3458	55	54	82	141	145	26	0	255
 3503	55	54	82	141	145	26	0	255
 3549	55	54	82	141	145	26	0	255
 3594	55	54	82	141	145	26	0	255
 3639	55	54	82	141	145	25	0	255
 3685	55	54	82	141	145	26	0	255
 3730	55	54	82	141	145	26	0	255
 3775	55	54	82	141	145	26	0	255
 3822	55	54	82	141	145	26	0	255
 3866	55	54	82	141	145	26	0	255
 3912	55	54	82	141	145	26	0	255
 3957	55	54	82	141	145	26	0	255
 4002	55	54	82	141	145	26	0	255
 4047	55	54	82	141	145	26	0	255
 4093	55	54	82	141	145	26	0	255
 4138	54	54	82	141	145	26	0	255
 4183	55	54	82	141	145	26	0	255
 4229	54	54	82	141	145	26	0	255
 4274	55	54	82	141	145	26	0	255
 4320	54	54	82	141	145	25	0	255
 4365	54	54	82	141	145	28	0	255
 4410	54	54	82	141	145	26	0	255
 4456	54	54	82	141	145	25	0	255
 4501	54	54	82	141	145	25	0	255
 4546	54	54	82	141	145	26	0	255
 4592	54	54	82	141	145	25	0	255
 4637	54	54	82	141	145	26	0	255
 4683	54	54	82	141	145	25	0	255
 4728	54	54	82	141	145	26	0	255
 4773	54	54	82	141	145	26	0	255
 4818	54	54	82	141	145	26	0	255
 4864	54	54	82	141	145	25	0	255
 4909	54	54	82	141	145	26	0	255
 4954	54	54	82	141	145	26	0	255
 5000	54	54	82	141	145	26	0	255
 5045	54	54	82	141	145	26	0	255
 5090	54	54	82	141	145	26	0	255
 5136	54	54	82	141	145	26	0	255
 5181	54	54	82	141	145	25	0	255
 5227	54	54	82	141	145	26	0	255
 5272	54	54	82	141	145	26	0	255
 5317	54	54	82	141	145	26	0	255
 5363	54	54	82	141	145	25	0	255
 5408	54	54	82	141	145	26	0	255
 5453	54	54	81	141	145	26	0	255
 5499	54	54	81	141	145	26	0	255
 5544	54	54	81	141	145	26	0	255
 5589	54	54	81	141	145	26	0	255
 5635	54	54	81	141	145	26	0	255
 5680	54	54	81	141	145	28	0	255
 5725	54	54	81	141	145	26	0	255
 5772	54	54	81	141	145	26	0	255
 5816	54	54	81	141	145	26	0	255
 5861	54	54	81	141	145	26	0	255
 5907	54	54	81	141	145	25	0	255
 5952	54	54	81	141	145	26	0	255
 5997	54	53	81	141	145	26	0	255
 6043	54	53	81	141	145	26	0	255
 6088	54	54	81	141	145	26	0	255
 6134	54	54	81	141	145	26	0	255
 6179	54	53	81	141	145	26	0	255
 6224	54	53	81	141	145	26	0	255
 6270	54	54	81	141	145	26	0	255
 6315	54	54	81	141	145	26	0	255
 6360	54	53	81	141	145	25	0	255
 6406	54	53	81	141	145	26	0	255
 6451	54	54	81	141	145	26	0	255
 6496	54	53	81	141	145	26	0	255
 6542	54	53	81	141	144	26	0	255
 6587	54	53	81	141	144	26	0	255
 6632	54	54	81	141	144	26	0	255
 6678	54	53	81	141	145	28	0	255
 6723	54	53	81	141	144	26	0	255
 6768	54	53	81	141	144	26	0	255
 6814	54	53	81	141	144	26	0	255
 6859	54	53	81	141	145	26	0	255
 6904	54	53	81	141	144	26	0	255
 6950	54	53	81	141	144	25	0	255
 6995	54	53	81	141	144	26	0	255
 7041	54	53	81	141	144	26	0	255
 7086	54	53	81	141	144	25	0	255
 7131	54	53	81	141	144	26	0	255
 7177	54	53	81	141	144	25	0	255
 7222	54	53	81	141	144	26	0	255
 7267	54	53	81	141	144	26	0	255
 7313	54	53	81	141	144	26	0	255
 7358	54	53	81	141	144	25	0	255
 7403	54	53	81	141	144	26	0	255
 7449	54	53	81	141	144	26	0	255
 7494	54	53	81	141	144	26	0	255
 7539	54	53	81	141	144	26	0	255
 7585	54	53	81	140	144	26	0	255
 7630	54	53	81	141	144	26	0	255
 7675	54	53	81	141	144	26	0	255
 7721	54	53	81	140	144	26	0	255
 7766	54	53	81	140	144	26	0	255
 7811	54	53	81	140	144	25	0	255
 7857	54	53	81	140	144	25	0	255
 7902	54	53	81	140	144	26	0	255
 7948	54	53	81	140	144	26	0	255
 7993	54	53	81	140	144	26	0	255
 8038	54	53	81	140	144	25	0	255
 8084	54	53	81	140	144	25	0	255
 8129	54	53	81	140	144	26	0	255
 8174	54	53	81	140	144	25	0	255
 8220	54	53	81	140	144	25	0	255
 8265	54	53	81	140	144	25	0	255
 8310	54	53	81	140	144	25	0	255
 8356	54	53	81	140	144	25	0	255
 8401	54	53	81	140	144	26	0	255
 8446	54	53	81	140	144	26	0	255
 8492	54	53	81	140	144	25	0	255
 8537	54	53	81	140	144	25	0	255
 8582	54	53	81	140	144	26	0	255
 8628	54	53	81	140	144	24	0	255
 8673	54	53	81	140	144	26	0	255
 8718	54	53	81	140	144	25	0	255
 8764	54	53	81	140	144	25	0	255
 8809	54	53	81	140	144	26	0	255
 8855	54	53	81	140	144	25	0	255
 8900	54	53	81	140	144	25	0	255
 8945	54	53	81	140	144	25	0	255
 8991	54	53	81	140	144	25	0	255
 9036	54	53	81	140	144	25	0	255
 9081	54	53	81	140	144	26	0	255
 9127	54	53	81	140	144	25	0	255
 9172	54	53	81	140	144	24	0	255
 9217	54	53	81	140	144	25	0	255
 9263	54	53	81	140	144	26	0	255
 9308	54	53	81	140	144	26	0	255
 9353	54	53	81	140	144	24	0	255
 9399	54	53	81	140	144	26	0	255
 9444	54	53	81	140	144	25	0	255
 9489	54	53	81	140	144	25	0	255
 9535	54	53	81	140	144	25	0	255
 9580	54	53	81	140	144	25	0	255
 9625	54	53	81	140	144	26	0	255
 9671	54	53	81	140	144	26	0	255
 9716	54	53	81	140	144	25	0	255
 9762	54	53	81	140	144	25	0	255
 9807	54	53	81	140	144	25	0	255
 9852	54	53	81	140	144	25	0	255
 9898	54	53	81	140	144	25	0	255
 9943	54	53	81	140	144	25	0	255
 9988	54	53	81	140	144	25	0	255
 10034	54	53	81	140	144	25	0	255
 10079	54	53	81	140	144	25	0	255
 10124	54	53	81	140	144	25	0	255
 10170	54	53	81	140	144	25	0	255
 10215	54	53	81	140	144	25	0	255
 10260	54	53	80	140	144	25	0	255
 10306	54	53	80	140	144	25	0	255
 10351	54	53	81	140	144	25	0	255
 10396	54	53	80	140	144	26	0	255
 10442	54	53	80	140	144	26	0	255
 10487	54	53	80	140	144	25	0	255
 10532	54	53	80	140	144	25	0	255
 10578	54	53	80	140	144	25	0	255
 10623	54	53	80	140	144	26	0	255
 10669	54	53	80	140	144	25	0	255
 10714	54	53	80	140	144	25	0	255
 10759	54	53	80	140	144	25	0	255
 10805	54	53	80	140	144	25	0	255
 10850	54	53	80	140	144	25	0	255
 10895	54	53	80	140	144	25	0	255
 10941	54	53	80	140	144	25	0	255
 10986	54	53	80	140	144	25	0	255
 11031	54	53	80	140	144	25	0	255
 11077	54	53	80	140	144	25	0	255
 11122	54	53	80	140	144	25	0	255
 11167	54	53	80	140	144	25	0	255
 11213	54	53	80	140	144	25	0	255
 11258	54	53	80	140	144	25	0	255
 11303	54	53	80	140	144	25	0	255
 11349	54	53	80	140	144	25	0	255
 11394	54	53	80	140	144	25	0	255
 11439	54	53	80	140	144	25	0	255
 11485	54	53	80	140	144	25	0	255
 11530	54	53	80	140	144	25	0	255
 11575	54	53	80	140	144	25	0	255
 11621	54	53	80	140	144	24	0	255
 11666	54	53	80	140	144	25	0	255
 11712	54	53	80	140	144	25	0	255
 11757	54	53	80	140	144	25	0	255
 11802	54	53	80	140	144	25	0	255
 11848	54	53	80	140	144	25	0	255
 11893	54	53	80	140	144	25	0	255
 11938	54	53	80	140	144	26	0	255
 11984	54	53	80	140	144	25	0	255
 12029	54	53	80	140	144	25	0	255
 12074	54	53	80	140	144	25	0	255
 12120	54	53	80	140	144	25	0	255
 12165	54	53	80	140	144	25	0	255
 12210	54	53	80	140	144	26	0	255
 12256	54	53	80	140	144	25	0	255
 12301	54	53	80	140	144	25	0	255
 12346	54	53	80	140	144	25	0	255
 12392	54	53	80	140	144	25	0	255
 12437	54	53	80	140	144	26	0	255
 12482	54	53	80	140	144	26	0	255
 12528	54	53	80	140	144	25	0	255
 12573	54	53	80	140	144	25	0	255
 12619	54	53	80	140	144	26	0	255
 12664	54	53	80	140	144	26	0	255
 12709	54	53	80	140	144	25	0	255
 12755	54	53	80	140	144	25	0	255
 12800	54	53	80	140	144	25	0	255
 12845	54	53	80	140	144	25	0	255
 12891	54	53	80	140	144	25	0	255
 12936	54	53	80	140	144	25	0	255
 12981	54	53	80	140	144	25	0	255
 13027	54	53	80	140	144	25	0	255
 13072	54	53	80	140	144	26	0	255
 13117	54	53	80	140	144	25	0	255
 13163	54	53	80	140	144	25	0	255
 13208	54	53	80	140	144	26	0	255
 13253	54	53	80	140	144	25	0	255
 13299	54	53	80	140	144	25	0	255
 13344	54	53	80	140	144	26	0	255
 13390	54	53	80	140	144	25	0	255
 13435	54	53	80	140	143	25	0	255
 13480	54	53	80	140	143	25	0	255
 13526	54	53	80	140	144	25	0	255
 13571	54	53	80	140	143	26	0	255
 13616	54	53	80	140	144	25	0	255
 13662	54	53	80	140	143	25	0	255
 13707	54	53	80	140	143	25	0	255
 13752	54	53	80	140	143	25	0	255
 13798	54	53	80	139	143	26	0	255
 13843	54	53	80	139	143	25	0	255
 13888	54	53	80	139	143	25	0	255
 13934	54	53	80	140	143	26	0	255
 13979	54	53	80	139	143	26	0	255
 14024	54	53	80	139	143	26	0	255
 14070	54	53	80	139	143	25	0	255
 14115	54	53	80	139	143	25	0	255
 14160	54	53	80	139	143	25	0	255
 14206	54	53	80	139	143	25	0	255
 14251	54	53	80	139	143	25	0	255
 14296	54	53	80	139	143	25	0	255
 14342	54	53	80	139	143	25	0	255
 14387	54	53	80	139	143	25	0	255
 14433	54	53	80	139	143	25	0	255
 14478	54	53	80	139	143	26	0	255
 14523	54	53	80	139	143	26	0	255
 14569	54	53	80	139	143	25	0	255
 14614	54	53	80	139	143	25	0	255
 14659	54	53	80	139	143	25	0	255
 14705	54	53	80	139	143	25	0	255
 14750	54	53	80	139	143	26	0	255
 14795	54	53	80	139	143	26	0	255
 14841	54	53	80	139	143	25	0	255
 14886	54	53	80	139	143	26	0	255
 14931	54	53	80	139	143	25	0	255
 14977	54	53	80	139	143	25	0	255
 15022	54	53	80	139	143	25	0	255
 15067	54	53	80	139	143	25	0	255
 15113	54	53	80	139	143	25	0	255
 15158	54	53	79	139	143	25	0	255
 15203	54	53	79	139	143	25	0	255
 15249	54	53	80	139	143	25	0	255
 15294	54	53	79	139	143	25	0	255
 15340	54	53	79	139	143	25	0	255
 15385	54	53	79	139	143	25	0	255
 15430	54	53	79	139	143	25	0	255
 15476	54	53	79	139	143	25	0	255
 15521	54	53	79	139	143	26	0	255
 15566	54	53	79	139	143	25	0	255
 15612	54	53	79	139	143	25	0	255
 15657	54	53	79	139	143	25	0	255
 15702	54	53	79	139	143	25	0	255
 15748	54	53	79	139	143	25	0	255
 15793	54	53	79	139	143	26	0	255
 15838	54	53	79	139	143	25	0	255
 15884	54	53	79	139	143	25	0	255
 15929	54	53	79	139	143	25	0	255
 15974	54	53	79	139	143	25	0	255
 16020	54	53	79	139	143	25	0	255
 16065	54	53	79	139	143	25	0	255
 16110	54	53	79	139	143	25	0	255
 16156	54	53	79	139	143	26	0	255
 16201	54	53	79	139	143	26	0	255
 16247	54	53	79	139	143	25	0	255
 16292	54	53	79	139	143	26	0	255
 16337	54	53	79	139	143	26	0	255
 16383	54	53	79	139	143	25	0	255
 16428	54	53	79	139	143	26	0	255
 16473	54	53	79	139	143	25	0	255
 16519	54	53	79	139	143	25	0	255
 16564	54	53	79	139	143	25	0	255
 16609	54	53	79	139	143	25	0	255
 16655	54	53	79	139	143	25	0	255
 16700	54	53	79	139	143	25	0	255
 16745	54	53	79	139	143	25	0	255
 16791	54	53	79	139	143	25	0	255
 16836	54	53	79	139	143	25	0	255
 16881	54	53	79	139	143	25	0	255
 16927	54	53	79	139	143	25	0	255
 16972	54	53	79	139	143	25	0	255
 17017	54	53	79	139	143	26	0	255
 17063	54	53	79	139	143	24	0	255
 17108	54	53	79	139	143	25	0	255
 17154	54	53	79	139	143	25	0	255
 17199	54	53	79	139	143	25	0	255
 17244	54	53	79	139	143	25	0	255
 17290	54	53	79	139	143	25	0	255
 17335	54	53	79	139	143	25	0	255
 17380	54	53	79	139	143	25	0	255
 17426	54	53	79	139	143	26	0	255
 17471	54	53	79	139	143	25	0	255
 17516	54	53	79	139	143	25	0	255
 17562	54	53	79	139	143	25	0	255
 17607	54	53	79	139	143	25	0	255
 17652	54	53	79	139	143	26	0	255
 17698	54	53	79	139	143	26	0	255
 17743	54	53	79	139	143	25	0	255
 17789	54	53	79	139	143	25	0	255
 17834	54	53	79	139	143	25	0	255
 17879	54	53	79	139	143	25	0	255
 17924	54	53	79	139	143	25	0	255
 17970	54	53	79	139	143	25	0	255
 18015	54	53	79	139	143	25	0	255
 18061	54	53	79	139	143	24	0	255
 18106	54	53	79	139	143	25	0	255
 18151	54	53	79	139	143	25	0	255
 18197	54	53	79	139	143	26	0	255
 18242	54	53	79	139	143	26	0	255
 18287	54	53	79	139	143	25	0	255
 18333	54	53	79	139	143	26	0	255
 18378	54	53	79	139	143	25	0	255
 18423	54	53	79	139	143	25	0	255
 18469	54	53	79	139	143	25	0	255
 18514	54	53	79	139	143	25	0	255
 18559	54	53	79	139	143	25	0	255
 18605	54	53	79	139	143	25	0	255
 18650	54	53	79	139	143	26	0	255
 18695	54	53	79	139	143	25	0	255
 18741	54	53	79	139	143	25	0	255
 18786	54	53	79	139	143	25	0	255
 18831	54	53	79	139	143	25	0	255
 18877	54	53	79	139	143	25	0	255
 18922	54	53	79	139	143	25	0	255
 18967	54	53	79	139	143	26	0	255
 19013	54	53	79	139	143	25	0	255
 19058	54	53	79	139	143	26	0	255
 19104	54	53	79	139	143	25	0	255
 19149	54	53	79	139	143	26	0	255
 19194	54	53	79	139	143	25	0	255
 19240	54	53	79	139	143	26	0	255
 19285	54	53	79	139	143	25	0	255
 19330	54	53	79	139	143	25	0	255
 19376	54	53	79	139	143	25	0	255
 19421	54	53	79	139	143	25	0	255
 19466	54	53	79	139	143	25	0	255
 19512	54	53	79	139	143	26	0	255
 19557	54	53	79	139	143	26	0	255
 19602	54	53	79	139	143	25	0	255
 19648	54	53	79	139	143	26	0	255
 19693	54	53	79	139	143	26	0	255
 19738	54	53	79	139	143	25	0	255
 19784	54	53	79	139	143	25	0	255
 19829	54	53	79	139	143	25	0	255
 19874	54	53	79	139	143	26	0	255
 19920	54	53	79	139	143	25	0	255
 19965	54	53	79	139	143	25	0	255
 20011	54	53	79	139	143	25	0	255
 20056	54	53	79	139	143	26	0	255
 20101	54	53	79	139	143	26	0	255
 20147	54	53	79	138	143	26	0	255
 20192	54	53	79	139	143	25	0	255
 20237	54	53	78	139	143	24	0	255
 20283	54	53	78	138	142	26	0	255
 20328	54	53	78	138	143	26	0	255
 20373	54	53	78	138	143	26	0	255
 20419	54	53	78	138	142	25	0	255
 20464	54	53	78	138	142	25	0	255
 20509	54	53	78	138	142	26	0	255
 20555	54	53	78	138	142	26	0	255
 20600	54	53	78	138	142	25	0	255
 20645	54	53	78	138	142	26	0	255
 20691	54	53	78	138	142	26	0	255
 20736	54	53	78	138	142	25	0	255
 20781	54	53	78	138	142	25	0	255
 20827	54	53	78	138	142	26	0	255
 20872	54	53	78	138	142	26	0	255
 20918	54	53	78	138	142	26	0	255
 20963	54	53	78	138	142	26	0	255
 21008	54	53	78	138	142	26	0	255
 21054	54	53	78	138	142	25	0	255
 21099	54	53	78	138	142	26	0	255
 21144	54	53	78	138	142	25	0	255
 21190	54	53	78	138	142	25	0	255
 21235	54	53	78	138	142	26	0	255
 21280	54	53	78	138	142	26	0	255
 21326	54	53	78	138	142	28	0	255
 21371	54	53	78	138	142	25	0	255
 21416	54	53	78	138	142	26	0	255
 21462	54	53	78	138	142	26	0	255
 21507	54	53	78	138	142	26	0	255
 21552	54	53	78	138	142	26	0	255
 21598	54	53	78	138	142	26	0	255
 21643	54	53	78	138	142	28	0	255
 21689	54	53	78	138	142	26	0	255
 21734	54	53	78	138	142	25	0	255
 21779	54	53	78	138	142	26	0	255
 21825	54	53	78	138	142	26	0	255
 21870	54	53	78	138	142	25	0	255
 21915	54	53	78	138	142	26	0	255
 21961	54	53	78	138	142	25	0	255
 22006	54	53	78	138	142	26	0	255
 22051	54	53	78	138	142	26	0	255
 22097	54	53	78	138	142	26	0	255
 22142	54	53	78	138	142	26	0	255
 22187	54	53	78	138	142	25	0	255
 22233	54	53	78	138	142	26	0	255
 22278	54	53	78	138	142	26	0	255
 22323	54	53	78	138	142	25	0	255
 22369	54	53	78	138	142	26	0	255
 22414	54	53	78	138	142	26	0	255
 22459	54	53	78	138	142	28	0	255
 22505	54	53	78	138	142	26	0	255
 22550	54	53	78	138	142	26	0	255
 22595	54	52	78	138	142	26	0	255
 22641	54	53	78	138	142	28	0	255
 22686	54	53	78	138	142	28	0	255
 22732	54	53	78	138	142	26	0	255
 22777	54	53	78	138	142	26	0	255
 22822	54	53	78	138	142	26	0	255
 22868	54	53	78	138	142	28	0	255
 22913	54	53	78	138	142	28	0	255
 22958	54	53	78	138	142	28	0	255
 23004	54	52	78	138	142	28	0	255
 23049	54	52	78	138	142	29	0	255
 23094	54	52	78	138	142	29	0	255
 23140	54	53	78	138	142	29	0	255
 23185	54	52	78	138	142	28	0	255
 23230	54	52	78	138	142	29	0	255
 23276	54	52	78	138	142	29	0	255
 23321	54	52	78	138	142	29	0	255
 23366	54	52	78	138	142	29	0	255
 23412	54	52	78	138	142	29	0	255
 23457	54	52	78	138	142	30	0	255
 23502	54	52	78	138	142	29	0	255
 23548	54	52	78	138	142	29	0	255
 23593	54	52	78	138	142	30	0	255
 23638	54	52	78	138	142	29	0	255
 23684	54	52	78	138	142	30	0	255
 23729	54	52	78	138	142	31	0	255
 23775	54	52	78	138	142	30	0	255
 23820	54	52	78	138	142	31	0	255
 23865	54	52	78	138	142	31	0	255
 23911	54	52	78	138	142	31	0	255
 23956	54	52	78	138	142	32	0	255
 24001	54	52	78	138	142	32	0	255
 24047	54	52	78	138	142	32	0	255
 24092	54	52	78	138	142	32	0	255
 24137	54	52	78	138	142	32	0	255
 24183	54	52	78	138	142	32	0	255
 24228	54	52	78	138	142	32	0	255
 24273	54	52	78	138	142	32	0	255
 24319	54	52	78	138	142	34	0	255
 24364	54	52	78	138	142	34	0	255
 24409	54	52	78	138	142	34	0	255
 24455	54	52	78	138	142	35	0	255
 24500	54	52	78	138	142	34	0	255
 24545	54	52	78	138	142	35	0	255
 24591	54	52	78	138	142	35	0	255
 24636	54	52	78	138	142	35	0	255
 24682	54	52	78	138	142	35	0	255
 24727	54	52	78	138	142	36	0	255
 24772	54	52	78	138	142	36	0	255
 24818	54	52	78	138	142	36	0	255
 24863	54	52	78	138	142	37	0	255
 24908	54	52	78	138	142	37	0	255
 24954	53	52	78	138	142	37	0	255
 24999	54	52	78	138	142	37	0	255
 25044	54	52	78	138	142	37	0	255
 25090	54	52	78	138	142	37	0	255
 25135	54	52	78	138	142	38	0	255
 25180	54	52	78	138	142	38	0	255
 25226	53	52	78	138	142	38	0	255
 25271	53	52	78	138	142	40	0	255
 25316	53	52	78	138	142	40	0	255
 25362	53	52	78	138	142	41	0	255
 25407	53	52	78	138	142	40	0	255
 25452	53	52	78	138	142	41	0	255
 25498	53	52	78	138	142	42	0	255
 25543	53	52	77	138	142	42	0	255
 25589	53	52	77	138	142	42	0	255
 25635	53	52	77	138	142	42	0	255
 25679	53	52	77	138	142	42	0	255
 25725	53	52	77	138	142	42	0	255
 25770	53	52	77	138	142	44	0	255
 25815	53	52	77	138	142	44	0	255
 25861	53	52	77	138	142	45	0	255
 25906	53	52	77	138	142	44	0	255
 25951	53	52	77	138	142	44	0	255
 25997	53	52	77	138	142	45	0	255
 26042	53	52	77	138	142	45	0	255
 26087	53	52	77	138	142	45	0	255
 26133	53	52	77	138	142	46	0	255
 26178	53	52	77	138	142	46	0	255
 26223	53	52	77	138	142	46	0	255
 26269	53	52	77	138	142	47	0	255
 26314	53	52	77	138	142	47	0	255
 26359	53	52	77	138	142	47	0	255
 26405	53	52	77	138	142	48	0	255
 26450	53	52	77	138	142	47	0	255
 26496	53	52	77	137	142	48	0	255
 26541	53	52	77	138	142	48	0	255
 26586	53	52	77	138	142	48	0	255
 26632	53	52	77	137	142	48	0	255
 26677	53	52	77	138	142	50	0	255
 26722	53	52	77	138	142	50	0	255
 26768	53	52	77	137	142	51	0	255
 26813	53	52	77	137	142	51	0	255
 26858	53	52	77	137	142	51	0	255
 26904	53	52	77	137	142	51	0	255
 26949	53	52	77	137	142	51	0	255
 26995	53	52	77	137	142	52	0	255
 27040	53	52	77	137	141	52	0	255
 27085	53	52	77	137	141	52	0	255
 27130	53	52	77	137	142	52	0	255
 27176	53	52	77	137	141	53	0	255
 27221	53	52	77	137	141	53	0	255
 27266	53	52	77	137	142	53	0	255
 27312	53	52	77	137	141	52	0	255
 27357	53	52	77	137	141	53	0	255
 27403	53	52	77	137	141	53	0	255
 27448	53	52	77	137	141	53	0	255
 27493	53	52	77	137	141	54	0	255
 27539	53	52	77	137	141	53	0	255
 27584	53	52	77	137	141	54	0	255
 27629	53	52	77	137	141	56	0	255
 27675	53	52	77	137	141	54	0	255
 27720	53	52	77	137	141	54	0	255
 27765	53	52	77	137	141	56	0	255
 27811	53	52	77	137	141	56	0	255
 27856	53	52	77	137	141	56	0	255
 27901	53	52	77	137	141	56	0	255
 27947	53	52	77	137	141	56	0	255
 27992	53	52	77	137	141	57	0	255
 28037	53	52	77	137	141	56	0	255
 28083	53	52	77	137	141	57	0	255
 28128	53	52	77	137	141	56	0	255
 28173	53	52	77	137	141	58	0	255
 28219	53	52	77	137	141	57	0	255
 28264	53	52	77	137	141	57	0	255
 28310	53	52	77	137	141	57	0	255
 28355	53	52	77	137	141	58	0	255
 28400	53	52	77	137	141	58	0	255
 28446	53	52	77	137	141	58	0	255
 28491	53	52	77	137	141	58	0	255
 28536	53	52	77	137	141	58	0	255
 28582	53	52	77	137	141	60	0	255
 28627	53	52	77	137	141	58	0	255
 28672	53	52	77	137	141	60	0	255
 28718	53	52	77	137	141	60	0	255
 28763	53	52	77	137	141	61	0	255
 28808	53	52	77	137	141	61	0	255
 28854	53	52	77	137	141	60	0	255
 28899	53	52	77	137	141	61	0	255
 28944	53	52	77	137	141	61	0	255
 28990	53	52	77	137	141	62	0	255
 29035	53	52	77	137	141	61	0	255
 29080	53	52	77	137	141	62	0	255
 29126	53	52	77	137	141	62	0	255
 29171	53	52	77	137	141	62	0	255
 29217	53	52	77	137	141	62	0	255
 29262	53	52	77	137	141	62	0	255
 29307	53	52	77	137	141	64	0	255
 29353	53	52	77	137	141	64	0	255
 29398	53	52	77	137	141	64	0	255
 29443	53	52	77	137	141	64	0	255
 29489	53	52	77	137	141	65	0	255
 29535	53	52	77	137	141	65	0	255
 29579	53	52	77	137	141	66	0	255
 29625	53	52	77	137	141	66	0	255
 29670	53	52	77	137	141	66	0	255
 29715	53	52	77	137	141	66	0	255
 29761	53	52	77	137	141	68	0	255
 29806	53	52	77	137	141	68	0	255
 29851	53	52	77	137	141	68	0	255
 29897	53	52	77	137	141	68	0	255
 29942	53	52	77	137	141	70	0	255
 29987	53	52	77	137	141	71	0	255
 30033	53	52	77	137	141	71	0	255
 30078	53	52	77	137	141	72	0	255
 30123	53	52	77	137	141	74	0	255
 30169	53	52	77	137	141	75	0	255
 30214	53	52	77	137	141	74	0	255
 30260	53	52	77	137	141	75	0	255
 30305	53	52	77	137	141	75	0	255
 30350	53	52	77	137	141	76	0	255
 30396	53	52	77	137	141	76	0	255
 30441	53	52	77	137	141	76	0	255
 30486	53	52	77	137	141	76	0	255
 30532	53	52	77	137	141	78	0	255
 30577	53	52	77	137	141	78	0	255
 30623	53	52	77	137	141	78	0	255
 30668	53	52	77	137	141	79	0	255
 30713	53	52	77	137	141	79	0	255
 30758	53	52	77	137	141	80	0	255
 30804	53	52	77	137	141	79	0	255
 30849	53	52	77	137	141	80	0	255
 30894	53	52	77	137	141	80	0	255
 30940	53	52	77	137	141	82	0	255
 30985	53	52	77	137	141	83	0	255
 31030	53	52	77	137	141	82	0	255
 31076	53	52	77	137	141	83	0	255
 31121	53	52	77	137	141	83	0	255
 31167	53	52	77	137	141	83	0	255
 31212	53	52	77	137	141	84	0	255
 31257	53	52	77	137	141	83	0	255
 31303	53	52	77	137	141	83	0	255
 31348	53	52	77	137	141	83	0	255
 31393	53	52	77	137	141	83	0	255
 31439	53	52	76	137	141	83	0	255
 31484	53	52	77	137	141	84	0	255
 31529	53	52	76	137	141	85	0	255
 31575	53	52	76	137	141	84	0	255
 31620	53	52	76	137	141	85	0	255
 31665	53	52	76	137	141	84	0	255
 31711	53	52	76	137	141	85	0	255
 31756	53	52	76	137	141	85	0	255
 31801	53	52	76	137	141	86	0	255
 31847	53	52	76	137	141	86	0	255
 31892	53	52	76	137	141	85	0	255
 31937	53	52	76	137	141	88	0	255
 31983	53	52	76	137	141	88	0	255
 32028	53	52	76	137	141	88	0	255
 32074	53	52	76	137	141	88	0	255
 32119	53	52	76	137	141	88	0	255
 32164	53	52	76	137	141	89	0	255
 32210	53	52	76	137	141	89	0	255
 32255	53	52	76	137	141	89	0	255
 32300	53	52	76	137	141	89	0	255
 32346	53	52	76	137	141	90	0	255
 32392	53	52	76	137	141	90	0	255
 32436	53	52	76	137	141	90	0	255
 32482	53	52	76	137	141	89	0	255
 32527	53	52	76	137	141	90	0	255
 32572	53	52	76	137	141	90	0	255
 32618	53	52	76	137	141	90	0	255
 32663	53	52	76	137	141	90	0	255
 32708	53	52	76	137	141	90	0	255
 32754	53	52	76	137	141	90	0	255
 32799	53	52	76	137	141	90	0	255
 32845	53	52	76	137	141	89	0	255
 32890	53	52	76	137	141	90	0	255
 32935	53	52	76	137	141	89	0	255
 32981	53	52	76	137	141	89	0	255
 33026	53	52	76	137	141	89	0	255
 33071	53	52	76	137	141	89	0	255
 33117	53	52	76	137	141	88	0	255
 33162	53	52	76	137	141	88	0	255
 33207	53	52	76	137	141	88	0	255
 33253	53	52	76	137	141	88	0	255
 33298	53	52	76	137	141	86	0	255
 33343	53	52	76	136	141	86	0	255
 33389	53	52	76	137	141	86	0	255
 33434	53	52	76	137	141	85	0	255
 33480	53	52	76	137	141	85	0	255
 33525	53	52	76	136	141	84	0	255
 33570	53	52	76	136	141	84	0	255
 33615	53	52	76	136	141	83	0	255
 33661	53	52	76	136	141	83	0	255
 33706	53	52	76	136	141	82	0	255
 33752	53	52	76	136	141	80	0	255
 33797	53	52	76	136	141	80	0	255
 33842	53	52	76	136	141	80	0	255
 33888	53	52	76	136	140	80	0	255
 33933	53	52	76	136	140	79	0	255
 33978	53	52	76	136	141	79	0	255
 34024	53	52	76	136	140	79	0	255
 34069	53	52	76	136	140	79	0	255
 34114	53	52	76	136	140	79	0	255
 34160	53	52	76	136	140	78	0	255
 34205	53	52	76	136	140	79	0	255
 34250	53	52	76	136	140	78	0	255
 34296	53	52	76	136	140	78	0	255
 34341	53	52	76	136	140	78	0	255
 34386	53	52	76	136	140	76	0	255
 34432	53	52	76	136	140	76	0	255
 34477	53	52	76	136	140	76	0	255
 34522	53	52	76	136	140	76	0	255
 34568	53	52	76	136	140	78	0	255
 34613	53	52	76	136	140	76	0	255
 34659	53	52	76	136	140	76	0	255
 34704	53	52	76	136	140	76	0	255
 34749	53	52	76	136	140	78	0	255
 34795	53	52	76	136	140	75	0	255
 34840	53	52	76	136	140	75	0	255
 34885	53	52	76	136	140	75	0	255
 34931	53	52	76	136	140	75	0	255
 34976	53	52	76	136	140	75	0	255
 35021	53	52	76	136	140	75	0	255
 35067	53	52	76	136	140	75	0	255
 35112	53	52	76	136	140	75	0	255
 35157	53	52	76	136	140	75	0	255
 35203	53	52	76	136	140	74	0	255
 35248	53	52	76	136	140	75	0	255
 35293	53	52	76	136	140	74	0	255
 35339	53	52	76	136	140	75	0	255
 35384	53	52	76	136	140	75	0	255
 35430	53	52	76	136	140	74	0	255
 35475	53	52	76	136	140	74	0	255
 35520	53	52	76	136	140	74	0	255
 35566	53	52	76	136	140	72	0	255
 35611	53	52	76	136	140	74	0	255
 35656	53	52	76	136	140	72	0	255
 35702	53	52	76	136	140	72	0	255
 35747	53	52	76	136	140	72	0	255
 35792	53	52	76	136	140	74	0	255
 35838	53	52	76	136	140	72	0	255
 35883	53	52	76	136	140	72	0	255
 35928	53	52	76	136	140	72	0	255
 35974	53	52	76	136	140	74	0	255
 36019	53	52	76	136	140	72	0	255
 36064	53	52	76	136	140	72	0	255
 36110	53	52	76	136	140	72	0	255
 36155	53	52	76	136	140	72	0	255
 36201	53	52	76	136	140	72	0	255
 36246	53	52	76	136	140	72	0	255
 36291	53	52	76	136	140	72	0	255
 36337	53	52	76	136	140	72	0	255
 36382	53	52	76	136	140	71	0	255
 36427	53	52	76	136	140	71	0	255
 36473	53	52	76	136	140	71	0	255
 36563	53	52	76	136	140	71	0	255
 36609	53	52	76	136	140	72	0	255
 36654	53	52	76	136	140	71	0	255
 36699	53	52	76	136	140	71	0	255
 36745	53	52	76	136	140	71	0	255
 36790	53	52	76	136	140	71	0	255
 36835	53	52	76	136	140	71	0	255
 36881	53	52	76	136	140	71	0	255
 36926	53	52	76	136	140	72	0	255
 36971	53	52	76	136	140	71	0	255
 37017	53	52	76	136	140	71	0	255
 37062	53	52	76	136	140	72	0	255
 37108	53	52	76	136	140	72	0	255
 37153	53	52	76	136	140	72	0	255
 37198	53	52	76	136	140	74	0	255
 37244	53	52	76	136	140	72	0	255
 37289	53	52	76	136	140	72	0	255
 37334	53	52	76	136	140	74	0	255
 37380	53	52	76	136	140	74	0	255
 37425	53	52	75	136	140	74	0	255
 37470	53	52	76	136	140	74	0	255
 37516	53	52	76	136	140	75	0	255
 37562	53	52	76	136	140	75	0	255
 37606	53	52	76	136	140	75	0	255
 37652	53	52	75	136	140	75	0	255
 37697	53	52	75	136	140	76	0	255
 37742	53	52	75	136	140	78	0	255
 37788	53	52	75	136	140	78	0	255
 37833	53	52	75	136	140	78	0	255
 37879	53	52	75	136	140	79	0	255
 37924	53	52	75	136	140	79	0	255
 37969	53	52	75	136	140	79	0	255
 38015	53	52	75	136	140	79	0	255
 38060	53	52	75	136	140	82	0	255
 38105	53	52	75	136	140	82	0	255
 38151	53	52	75	136	140	83	0	255
 38196	53	52	75	136	140	83	0	255
 38241	53	52	75	136	140	84	0	255
 38287	53	52	75	136	140	85	0	255
 38332	53	52	75	136	140	85	0	255
 38377	53	52	75	136	140	85	0	255
 38423	53	52	75	136	140	86	0	255
 38468	53	52	75	136	140	88	0	255
 38513	53	52	75	136	140	88	0	255
 38559	53	52	75	136	140	89	0	255
 38604	53	52	75	136	140	89	0	255
 38650	53	52	75	136	140	90	0	255
 38695	53	52	75	136	140	90	0	255
 38740	53	52	75	136	140	92	0	255
 38786	53	52	75	136	140	93	0	255
 38831	53	52	75	136	140	93	0	255
 38876	53	52	75	136	140	96	0	255
 38922	53	52	75	136	140	96	0	255
 38967	53	52	75	136	140	97	0	255
 39012	53	52	75	136	140	98	0	255
 39058	53	52	75	136	140	100	0	255
 39103	53	52	75	136	140	102	0	255
 39148	53	52	75	136	140	102	0	255
 39194	53	52	75	136	140	105	0	255
 39239	53	52	75	136	140	105	0	255
 39284	53	52	75	136	140	106	0	255
 39330	53	52	75	136	140	108	0	255
 39375	53	52	75	136	140	110	0	255
 39420	53	52	75	136	140	112	0	255
 39466	53	52	75	136	140	113	0	255
 39511	53	51	75	136	140	114	0	255
 39557	53	51	75	136	140	116	0	255
 39602	53	51	75	136	140	118	0	255
 39647	53	51	75	136	140	118	0	255
 39693	53	51	75	136	140	119	0	255
 39738	53	51	75	136	140	120	0	255
 39783	53	51	75	136	140	120	0	255
 39829	53	51	75	136	140	122	0	255
 39874	53	51	75	136	140	123	0	255
 39919	53	51	75	136	140	124	0	255
 39965	53	51	75	136	140	124	0	255
 40010	53	51	75	136	140	126	0	255
 40055	53	51	75	136	140	127	0	255
 40101	53	51	75	135	140	127	0	255
 40146	53	51	75	136	140	127	0	255
 40191	53	51	75	136	140	127	0	255
 40237	53	51	75	135	140	127	0	255
 40282	53	51	75	136	140	126	0	255
 40327	53	51	75	136	140	126	0	255
 40373	53	51	75	135	140	123	0	255
 40418	53	51	75	135	140	123	0	255
 40464	53	51	75	135	140	122	0	255
 40509	53	51	75	135	140	120	0	255
 40554	53	51	75	135	140	120	0	255
 40600	53	51	75	135	140	119	0	255
 40645	53	51	75	135	140	118	0	255
 40690	53	51	75	135	140	116	0	255
 40736	53	51	75	135	139	114	0	255
 40781	53	51	75	135	139	113	0	255
 40826	53	51	75	135	139	112	0	255
 40872	53	51	75	135	139	109	0	255
 40917	53	52	75	135	139	108	0	255
 40962	53	52	75	135	139	106	0	255
 41008	53	52	75	135	139	105	0	255
 41054	53	52	75	135	139	102	0	255
 41098	53	52	75	135	139	101	0	255
 41144	53	52	75	135	139	100	0	255
 41189	53	53	75	135	139	98	0	255
 41234	53	53	75	135	139	97	0	255
 41280	53	53	75	135	139	96	0	255
 41325	53	53	75	135	139	94	0	255
 41371	53	53	75	135	139	94	0	255
 41416	53	53	75	135	139	93	0	255
 41461	53	53	75	135	139	93	0	255
 41507	53	53	75	135	139	93	0	255
 41552	53	53	75	135	139	92	0	255
 41597	53	53	75	135	139	92	0	255
 41643	53	53	75	135	139	90	0	255
 41688	53	53	75	135	139	89	0	255
 41733	53	53	75	135	139	90	0	255
 41779	53	53	75	135	139	89	0	255
 41824	53	53	75	135	139	89	0	255
 41869	53	53	75	135	139	89	0	255
 41915	53	53	75	135	139	89	0	255
 41960	53	53	75	135	139	89	0	255
 42005	53	53	75	135	139	88	0	255
 42051	53	53	75	135	139	89	0	255
 42096	53	53	75	135	139	89	0	255
 42142	53	53	75	135	139	89	0	255
 42187	53	53	75	135	139	89	0	255
 42232	53	53	75	135	139	89	0	255
 42278	53	53	75	135	139	89	0	255
 42323	53	53	75	135	139	89	0	255
 42368	53	53	75	135	139	90	0	255
 42414	53	53	75	135	139	90	0	255
 42459	53	53	75	135	139	90	0	255
 42504	53	53	75	135	139	90	0	255
 42550	53	53	75	135	139	92	0	255
 42595	53	53	75	135	139	90	0	255
 42640	53	53	75	135	139	92	0	255
 42686	53	53	75	135	139	92	0	255
 42731	53	53	75	135	139	93	0	255
 42776	53	53	75	135	139	92	0	255
 42822	53	53	75	135	139	93	0	255
 42867	53	53	75	135	139	94	0	255
 42912	53	53	75	135	139	94	0	255
 42958	53	53	75	135	139	94	0	255
 43003	53	53	75	135	139	96	0	255
 43049	53	53	75	135	139	96	0	255
 43094	53	53	75	135	139	94	0	255
 43139	53	53	75	135	139	94	0	255
 43185	53	53	75	135	139	97	0	255
 43230	53	53	75	135	139	97	0	255
 43275	53	52	75	135	139	97	0	255
 43321	53	52	75	135	139	96	0	255
 43366	53	52	75	135	139	97	0	255
 43411	53	52	75	135	139	97	0	255
 43457	53	52	75	135	139	98	0	255
 43502	53	52	75	135	139	98	0	255
 43547	53	52	75	135	139	97	0	255
 43593	53	52	75	135	139	97	0	255
 43638	53	52	75	135	139	97	0	255
 43683	53	52	75	135	139	97	0	255
 43729	53	52	75	135	139	98	0	255
 43774	53	52	75	135	139	98	0	255
 43820	53	52	75	135	139	97	0	255
 43865	53	52	75	135	139	97	0	255
 43910	53	52	75	135	139	97	0	255
 43956	53	52	75	135	139	97	0	255
 44001	53	52	75	135	139	97	0	255
 44046	53	52	75	135	139	98	0	255
 44092	53	52	75	135	139	96	0	255
 44137	53	52	75	135	139	97	0	255
 44182	53	52	75	135	139	97	0	255
 44228	53	52	75	135	139	97	0	255
 44273	53	52	75	135	139	96	0	255
 44318	53	52	75	135	139	97	0	255
 44364	53	52	75	135	139	97	0	255
 44409	53	52	75	135	139	97	0	255
 44454	53	52	75	135	139	97	0	255
 44500	53	52	75	135	139	97	0	255
 44545	53	52	75	135	139	97	0	255
 44591	53	52	75	135	139	97	0	255
 44636	53	52	75	135	139	96	0	255
 44681	53	52	74	135	139	97	0	255
 44727	53	52	74	135	139	97	0	255
 44772	53	52	74	135	139	97	0	255
 44817	53	52	74	135	139	96	0	255
 44863	53	52	74	135	139	97	0	255
 44908	53	52	74	135	139	97	0	255
 44953	53	52	74	135	139	98	0	255
 44999	53	52	74	135	139	97	0	255
 45044	53	52	74	135	139	97	0	255
 45089	53	52	74	135	139	98	0	255
 45135	53	52	74	135	139	97	0	255
 45180	53	52	74	135	139	98	0	255
 45225	53	52	74	135	139	97	0	255
 45271	53	52	74	135	139	100	0	255
 45316	53	52	74	135	139	97	0	255
 45362	53	52	74	135	139	97	0	255
 45407	53	52	74	135	139	98	0	255
 45453	53	52	74	135	139	98	0	255
 45498	53	52	74	135	139	100	0	255
 45543	53	52	74	135	139	98	0	255
 45588	53	52	74	135	139	100	0	255
 45634	53	52	74	135	139	100	0	255
 45679	53	52	74	135	139	98	0	255
 45724	53	52	74	135	139	101	0	255
 45770	53	52	74	135	139	100	0	255
 45815	53	52	74	135	139	100	0	255
 45860	53	52	74	135	139	100	0	255
 45906	53	52	74	135	139	100	0	255
 45951	53	52	74	135	139	98	0	255
 45996	53	52	74	135	139	100	0	255
 46042	53	52	74	135	139	100	0	255
 46087	53	52	74	135	139	100	0	255
 46133	53	52	74	135	139	98	0	255
 46178	53	52	74	135	139	98	0	255
 46223	53	52	74	135	139	97	0	255
 46269	53	52	74	135	139	98	0	255
 46314	53	52	74	135	139	98	0	255
 46359	53	52	74	135	139	98	0	255
 46405	53	52	74	135	139	97	0	255
 46450	53	52	74	135	139	100	0	255
 46495	53	52	74	135	139	98	0	255
 46541	53	52	74	135	139	100	0	255
 46586	53	52	74	135	139	98	0	255
 46631	53	52	74	135	139	98	0	255
 46677	53	52	74	135	139	100	0	255
 46722	53	52	74	135	139	100	0	255
 46767	53	52	74	135	139	100	0	255
 46813	53	52	74	135	139	101	0	255
 46858	53	52	74	135	139	102	0	255
 46913	53	52	74	135	139	102	0	255
 46958	53	52	74	135	139	104	0	255
 47003	53	52	74	135	139	104	0	255
 47049	53	52	74	135	139	104	0	255
 47094	53	52	74	135	139	105	0	255
 47139	53	52	74	134	139	105	0	255
 47185	53	52	74	135	139	106	0	255
 47230	53	52	74	134	139	108	0	255
 47275	53	52	74	134	139	109	0	255
 47321	53	52	74	134	139	109	0	255
 47366	53	52	74	134	139	110	0	255
 47411	53	52	74	134	139	110	0	255
 47457	53	52	74	134	139	112	0	255
 47502	53	52	74	134	139	112	0	255
 47547	53	52	74	134	139	113	0	255
 47593	53	52	74	134	138	113	0	255
 47638	53	52	74	134	139	113	0	255
 47684	53	52	74	134	138	113	0	255
 47729	53	52	74	134	138	114	0	255
 47774	53	52	74	134	138	116	0	255
 47820	53	52	74	134	138	116	0	255
 47865	53	52	74	134	138	116	0	255
 47910	53	52	74	134	138	116	0	255
 47956	53	52	74	134	138	116	0	255
 48001	53	52	74	134	138	116	0	255
 48046	53	52	74	134	138	116	0	255
 48092	53	52	74	134	138	114	0	255
 48137	53	52	74	134	138	114	0	255
 48182	53	52	74	134	138	114	0	255
 48228	53	52	74	134	138	114	8	255
 48273	53	52	74	134	138	113	0	255
 48318	53	52	74	134	138	113	0	255
 48364	53	52	74	134	138	113	0	255
 48409	53	52	74	134	138	112	0	255
 48455	53	52	74	134	138	110	0	255
 48500	53	52	74	134	138	110	0	255
 48545	53	52	74	134	138	109	0	255
 48591	53	52	74	134	138	109	0	255
 48636	53	52	74	134	138	108	0	255
 48681	53	52	74	134	138	108	0	255
 48727	53	52	74	134	138	106	0	255
 48772	53	52	74	134	138	106	0	255
 48817	53	52	74	134	138	105	0	255
 48863	53	52	74	134	138	104	0	255
 48908	53	52	74	134	138	104	0	255
 48953	53	52	74	134	138	102	0	255
 48999	53	52	74	134	138	101	0	255
 49044	53	52	74	134	138	100	0	255
 49089	53	52	74	134	138	100	0	255
 49135	53	52	74	134	138	98	0	255
 49180	53	52	74	134	138	97	0	255
 49226	53	52	74	134	138	97	0	255
 49271	53	52	74	134	138	94	0	255
 49316	53	52	74	134	138	94	0	255
 49362	53	52	74	134	138	93	0	255
 49407	53	52	74	134	138	93	0	255
 49452	53	52	74	134	138	90	0	255
 49498	53	52	74	134	138	92	0	255
 49543	53	52	74	134	138	89	0	255
 49588	53	53	74	134	138	89	0	255
 49634	53	53	74	134	138	86	0	255
 49679	53	53	74	134	138	88	0	255
 49724	53	53	74	134	138	86	0	255
 49770	53	53	74	134	138	86	0	255
 49815	53	53	74	134	138	85	0	255
 49860	53	53	74	134	138	84	0	255
 49906	53	53	74	134	138	84	0	255
 49951	53	53	74	134	138	83	0	255
 49997	53	53	74	134	138	83	0	255
 50042	53	53	74	134	138	82	0	255
 50087	53	53	74	134	138	82	0	255
 50133	53	53	74	134	138	80	0	255
 50178	53	53	74	134	138	80	0	255
 50223	53	53	74	134	138	79	0	255
 50269	53	53	74	134	138	79	0	255
 50314	53	53	74	134	138	78	0	255
 50359	53	53	74	134	138	78	0	255
 50405	53	53	74	134	138	76	0	255
 50450	53	53	74	134	138	76	0	255
 50495	53	53	74	134	138	76	0	255
 50541	53	53	74	134	138	75	0	255
 50586	53	53	74	134	138	75	0	255
 50631	53	53	74	134	138	74	0	255
 50677	53	53	74	134	138	74	0	255
 50722	53	53	74	134	138	72	0	255
 50767	53	53	74	134	138	71	0	255
 50813	53	53	74	134	138	72	0	255
 50858	53	53	74	134	138	71	0	255
 50949	53	53	74	134	138	71	0	255
 50994	53	53	74	134	138	71	0	255
 51040	53	53	74	134	138	70	0	255
 51085	53	53	74	134	138	71	0	255
 51130	53	53	74	134	138	70	0	255
 51176	53	53	74	134	138	70	0	255
 51221	53	53	74	134	138	68	0	255
 51266	53	53	74	134	138	68	0	255
 51312	53	53	74	134	138	67	0	255
 51357	53	53	74	134	138	68	0	255
 51402	53	53	74	134	138	68	0	255
 51448	53	53	74	134	138	67	0	255
 51493	53	53	74	134	138	67	0	255
 51538	53	53	74	134	138	66	0	255
 51584	53	53	74	134	138	67	0	255
 51629	53	53	74	134	138	66	0	255
 51675	53	53	74	134	138	67	0	255
 51720	53	53	74	134	138	67	0	255
 51765	53	53	74	134	138	66	0	255
 51811	53	53	73	134	138	65	0	255
 51856	53	53	73	134	138	66	0	255
 51901	53	53	73	134	138	66	0	255
 51950	53	53	73	134	138	65	0	255
 51992	53	53	73	134	138	65	0	255
 52037	53	53	73	134	138	66	0	255
 52083	53	53	73	134	138	65	0	255
 52128	53	53	73	134	138	66	0	255
 52173	53	53	73	134	138	66	0	255
 52219	53	53	73	134	138	65	0	255
 52265	53	53	73	134	138	65	0	255
 52309	53	53	73	134	138	65	0	255
 52355	53	53	73	134	138	64	0	255
 52400	53	53	73	134	138	65	0	255
 52445	53	53	73	134	138	65	0	255
 52491	53	53	73	134	138	64	0	255
 52536	53	53	73	134	138	65	0	255
 52582	53	53	73	134	138	65	0	255
 52672	53	53	73	134	138	64	0	255
 52718	53	53	73	134	138	64	0	255
 52763	53	53	73	134	138	65	0	255
 52808	53	53	73	134	138	65	0	255
 52854	53	53	73	134	138	64	0	255
 52899	53	52	73	134	138	64	0	255
 52946	53	52	73	134	138	64	0	255
 52990	53	52	73	134	138	64	0	255
 53080	53	52	73	134	138	64	0	255
 53126	53	52	73	134	138	62	0	255
 53171	53	52	73	134	138	62	0	255
 53216	53	52	73	134	138	62	0	255
 53262	53	52	73	134	138	62	0	255
 53307	53	52	73	134	138	62	0	255
 53352	53	52	73	134	138	61	0	255
 53398	53	52	73	134	138	62	0	255
 53443	53	52	73	134	138	61	0	255
 53489	53	52	73	134	138	61	0	255
 53625	53	52	73	134	138	60	0	255
 53670	53	52	73	134	138	60	0	255
 53761	53	52	73	134	138	57	0	255
 53806	53	52	73	134	138	57	0	255
 53851	53	52	73	134	138	57	0	255
 53897	53	52	73	134	138	57	0	255
 53942	53	52	73	134	138	56	0	255
 53987	53	52	73	134	138	56	0	255
 54033	53	52	73	134	138	56	0	255
 54078	53	52	73	133	138	56	0	255
 54123	53	52	73	134	138	54	0	255
 54305	53	52	73	133	138	53	0	255
 54350	53	52	73	133	138	52	0	255
 54395	53	52	73	134	138	53	0	255
 54441	53	52	73	133	138	53	0	255
 54486	53	52	73	133	138	53	0	255
 54535	53	52	73	133	137	52	0	255
 54622	53	52	73	133	138	52	0	255
 54713	53	52	73	133	137	51	0	255
 54758	53	52	73	133	137	51	0	255
 54803	53	52	73	133	137	51	0	255
 54894	53	52	73	133	137	51	0	255
 54939	53	52	73	133	137	51	0	255
 55030	53	52	73	133	137	51	0	255
 55075	53	52	73	133	137	51	0	255
 55166	53	52	73	133	137	50	0	255
 55257	53	52	73	133	137	50	0	255
 55302	53	52	73	133	137	48	0	255
 55347	53	52	73	133	137	50	0	255
 55393	53	52	73	133	137	50	0	255
 55438	53	52	73	133	137	50	0	255
 55529	53	52	73	133	137	50	0	255
 55574	53	52	73	133	137	50	0	255
 55620	53	52	73	133	137	50	0	255
 55665	53	52	73	133	137	50	0	255
 55710	53	52	73	133	137	50	0	255
 55801	53	52	73	133	137	50	0	255
 55846	53	52	73	133	137	50	0	255
 55892	53	52	73	133	137	50	0	255
 55937	53	52	73	133	137	50	0	255
 56028	53	52	73	133	137	51	0	255
 56073	53	52	73	133	137	50	0	255
 56119	53	52	73	133	137	51	0	255
 56164	53	52	73	133	137	51	0	255
 56209	53	52	73	133	137	51	0	255
 56254	53	52	73	133	137	52	0	255
 56300	53	52	73	133	137	52	0	255
 56390	53	52	73	133	137	53	0	255
 56436	53	52	73	133	137	53	0	255
 56481	53	52	73	133	137	53	0	255
 56572	53	52	73	133	137	53	0	255
 56617	53	52	73	133	137	56	0	255
 56662	53	52	73	133	137	54	0	255
 56753	53	52	73	133	137	56	0	255
 56798	53	52	73	133	137	56	0	255
 56844	53	52	73	133	137	56	0	255
 56935	53	52	73	133	137	57	0	255
 56980	53	52	73	133	137	57	0	255
 57025	53	52	73	133	137	58	0	255
 57116	53	52	73	133	137	58	0	255
 57161	53	52	73	133	137	58	0	255
 57207	53	52	73	133	137	58	0	255
 57297	53	52	73	133	137	60	0	255
 57343	53	52	73	133	137	58	0	255
 57388	53	52	73	133	137	60	0	255
 57433	53	52	73	133	137	60	0	255
 57479	53	52	73	133	137	60	0	255
 57569	53	52	73	133	137	61	0	255
 57615	53	52	73	133	137	61	0	255
 57660	53	52	73	133	137	61	0	255
 57705	53	52	73	133	137	61	0	255
 57751	53	52	73	133	137	61	0	255
 57796	53	52	73	133	137	61	0	255
 57841	53	52	73	133	137	61	0	255
 57932	53	52	73	133	137	61	0	255
 58023	53	52	73	133	137	62	0	255
 58068	53	52	73	133	137	62	0	255
 58113	53	52	73	133	137	62	0	255
 58159	53	52	73	133	137	62	0	255
 58204	53	51	73	133	137	62	0	255
 58295	53	51	73	133	137	64	0	255
 58385	53	51	73	133	137	62	0	255
 58431	53	51	73	133	137	64	0	255
 58476	53	51	73	133	137	62	0	255
 58521	53	51	73	133	137	65	0	255
 58612	53	51	73	133	137	64	0	255
 58657	53	51	73	133	137	65	0	255
 58748	53	51	73	133	137	64	0	255
 58793	53	51	73	133	137	65	0	255
 58839	52	51	73	133	137	65	0	255
 58929	53	51	73	133	137	66	0	255
 58975	52	51	73	133	137	66	0	255
 59065	53	51	73	133	137	66	0	255
 59111	53	51	73	133	137	66	0	255
 59156	52	51	73	133	137	67	0	255
 59202	52	51	73	133	137	67	0	255
 59292	52	51	73	133	137	66	0	255
 59338	52	51	72	133	137	67	0	255
 59428	52	51	72	133	137	67	0	255
 59474	52	51	72	133	137	67	0	255
 59519	52	51	72	133	137	67	0	255
 59568	52	51	72	133	137	67	0	255
 59610	52	51	72	133	137	67	0	255
 59655	52	51	72	133	137	66	0	255
 59746	52	51	72	133	137	67	0	255
 59927	52	51	72	133	137	67	0	255
 59972	52	51	72	133	137	67	0	255
 60018	52	51	72	133	137	68	0	255
 60154	52	51	72	133	137	66	0	255
 60199	52	51	72	133	137	66	0	255
 60290	52	51	72	133	137	67	0	255
 60335	52	51	72	133	137	65	0	255
 60426	52	51	72	133	137	65	0	255
 60471	52	51	72	133	137	65	0	255
 60516	52	51	72	133	137	65	0	255
 60562	52	51	72	133	137	65	0	255
 60607	52	51	72	133	137	65	0	255
 60652	52	51	72	133	137	66	0	255
 60698	52	51	72	133	137	65	0	255
 60743	52	51	72	133	137	64	0	255
 60788	52	51	72	133	137	64	0	255
 60834	52	51	72	133	137	64	0	255
 60880	52	51	72	133	137	64	0	255
 60970	52	51	72	133	137	64	0	255
 61015	52	51	72	133	137	62	0	255
 61106	52	51	72	133	137	62	0	255
 61201	52	51	72	133	137	62	0	255
 61242	52	51	72	132	137	62	0	255
 61378	52	51	72	132	137	61	0	255
 61423	52	51	72	132	136	62	0	255
 61468	52	51	72	132	136	61	0	255
 61517	52	51	72	132	136	61	0	255
 61559	52	51	72	132	136	61	0	255
 61650	52	51	72	132	136	61	0	255
 61695	52	51	72	132	136	60	0	255
 61786	52	51	72	132	136	60	0	255
 61831	52	51	72	132	136	60	0	255
 61967	52	51	72	132	136	61	0	255
 62012	52	51	72	132	136	60	0	255
 62103	52	51	72	132	136	60	0	255
 62239	52	51	72	132	136	60	0	255
 62330	52	51	72	132	136	60	0	255
 62420	52	51	72	132	136	60	0	255
 62466	52	51	72	132	136	60	0	255
 62556	52	51	72	132	136	60	0	255
 62602	52	51	72	132	136	60	0	255
 62647	52	51	72	132	136	58	0	255
 62651	52	51	72	132	136	58	0	255
 62742	52	51	72	132	136	58	0	255
 62783	52	51	72	132	136	58	0	255
 62874	52	51	72	132	136	57	0	255
 62919	52	51	72	132	136	58	0	255
 63055	52	51	72	132	136	57	0	255
 63191	52	51	72	132	136	58	0	255
 63285	52	51	72	132	136	57	0	255
 63327	52	51	72	132	136	57	0	255
 63554	52	51	72	132	136	56	0	255
 63599	52	51	72	132	136	57	0	255
 63825	52	51	72	132	136	57	0	255
 64007	52	51	72	132	136	56	0	255
 64056	52	51	72	132	136	56	0	255
 64097	52	51	72	132	136	56	0	255
 64143	52	51	72	132	136	56	0	255
 64369	52	51	72	132	136	56	0	255
 64415	52	51	72	132	136	56	0	255
 64461	52	51	72	132	136	56	0	255
 64505	52	51	72	132	136	56	0	255
 64551	52	51	72	132	136	56	0	255
 64687	52	51	72	132	136	56	0	255
 64732	52	51	72	132	136	56	0	255
 64777	52	51	72	132	136	56	0	255
 64872	52	51	72	132	136	56	0	255
 64959	52	51	72	132	136	54	0	255
 65099	52	51	72	132	136	54	0	255
 65185	52	51	72	132	136	56	0	255
 65231	52	51	72	132	136	54	0	255
 65276	52	51	72	132	136	54	0	255
 65412	52	51	72	132	136	54	0	255
 65548	52	51	72	132	136	54	0	255
 65593	52	51	72	132	136	54	0	255
 65684	52	51	72	132	136	54	0	255
 65778	52	51	72	132	136	56	0	255
 65911	52	51	72	132	136	54	0	255
 65956	52	51	72	132	136	56	0	255
 66047	52	51	72	132	136	54	0	255
 66092	52	51	72	132	136	54	0	255
 66183	52	51	72	132	136	54	0	255
 66228	52	51	72	132	136	54	0	255
 66455	52	51	72	132	136	54	0	255
 66504	52	51	72	132	136	53	0	255
 66681	52	51	72	132	136	53	0	255
 66817	52	51	72	132	136	51	0	255
 66863	52	51	71	132	136	51	0	255
 67044	52	51	71	132	136	51	0	255
 67271	52	51	71	132	136	50	0	255
 67316	52	51	71	132	136	50	0	255
 67452	52	51	71	132	136	50	0	255
 67497	52	51	71	132	136	50	0	255
 67592	52	51	71	132	136	51	0	255
 67679	52	51	71	132	136	50	0	255
 67769	52	51	71	132	136	50	0	255
 67909	52	51	71	132	136	50	0	255
 67951	52	51	71	132	136	50	0	255
 67996	52	51	71	132	136	50	0	255
 68041	52	51	71	132	136	50	0	255
 68177	52	51	71	132	136	51	0	255
 68222	52	51	71	132	136	50	0	255
 68268	52	51	71	132	135	50	0	255
 68313	52	51	71	132	136	51	0	255
 68404	52	51	71	132	136	50	0	255
 68453	52	51	71	131	136	50	0	255
 68495	52	51	71	131	136	50	0	255
 68540	52	51	71	131	135	50	0	255
 68585	52	51	71	132	135	50	0	255
 68631	52	51	71	131	135	51	0	255
 68721	52	51	71	131	135	50	0	255
 68812	52	51	71	131	135	50	0	255
 68857	52	51	71	131	135	50	0	255
 68993	52	51	71	131	135	51	0	255
 69356	52	51	71	131	135	50	0	255
 69401	52	51	71	131	135	50	0	255
 69446	52	51	71	131	135	51	0	255
 69492	52	51	71	131	135	50	0	255
 69582	52	51	71	131	135	50	0	255
 69673	52	51	71	131	135	50	0	255
 69718	52	51	71	131	135	51	0	255
 69809	52	51	71	131	135	51	0	255
 69900	52	51	71	131	135	50	0	255
 69945	52	51	71	131	135	48	0	255
 70081	52	51	71	131	135	50	0	255
 70126	52	51	71	131	135	50	0	255
 70217	52	51	71	131	135	50	0	255
 70262	52	51	71	131	135	50	0	255
 70308	52	51	71	131	135	50	0	255
 70398	52	51	71	131	135	50	0	255
 70444	52	51	71	131	135	50	0	255
 70489	52	51	71	131	135	48	0	255
 70670	52	51	71	131	135	50	0	255
 70761	52	51	71	131	135	50	0	255
 70852	52	51	71	131	135	50	0	255
 70942	52	51	71	131	135	51	0	255
 71037	52	51	71	131	135	50	0	255
 71124	52	51	71	131	135	50	0	255
 71260	52	51	71	131	135	50	0	255
 71395	52	51	71	131	135	48	0	255
 71486	52	51	71	131	135	48	0	255
 71667	52	51	71	131	135	48	0	255
 71803	52	51	71	131	135	48	0	255
 71894	52	51	71	131	135	47	0	255
 72030	52	51	71	131	135	47	0	255
 72257	52	51	71	131	135	46	0	255
 72303	52	51	71	131	135	46	0	255
 72574	52	51	71	131	135	45	0	255
 72619	52	51	71	131	135	46	0	255
 72665	52	51	71	131	135	45	0	255
 72941	52	51	71	131	135	44	0	255
 72982	52	51	71	131	135	44	0	255
 73118	52	51	71	131	135	44	0	255
 73163	52	51	71	131	135	44	0	255
 73254	52	51	71	131	135	44	0	255
 73435	52	51	71	131	135	42	0	255
 73480	52	51	71	131	135	42	0	255
 73616	52	51	71	131	135	42	0	255
 73666	52	51	71	131	135	41	0	255
 73707	52	51	71	131	135	41	0	255
 73756	52	51	71	131	135	41	0	255
 73798	52	51	71	131	135	42	0	255
 73843	52	51	71	131	135	41	0	255
 73888	52	51	71	131	135	41	0	255
 73979	52	51	71	131	135	41	0	255
 74024	52	51	71	131	135	41	0	255
 74070	52	51	71	131	135	41	0	255
 74115	52	51	71	131	135	41	0	255
 74251	52	51	71	131	135	40	0	255
 74296	52	51	71	131	135	40	0	255
 74342	52	51	71	131	135	40	0	255
 74387	52	51	71	131	135	40	0	255
 74432	52	51	71	131	135	38	0	255
 74478	52	51	71	131	135	40	0	255
 74568	52	51	71	131	135	38	0	255
 74659	52	51	71	131	135	38	0	255
 74704	52	51	71	131	135	38	0	255
 74795	52	51	71	131	135	37	0	255
 74840	52	51	70	131	135	38	0	255
 74886	52	51	70	131	135	38	0	255
 74931	52	51	71	131	135	38	0	255
 74976	52	51	70	131	135	37	0	255
 75022	52	51	70	131	135	37	0	255
 75067	52	51	70	131	135	37	0	255
 75158	52	51	70	131	135	37	0	255
 75248	52	51	70	131	135	37	0	255
 75344	52	51	70	131	135	36	0	255
 75384	52	51	70	131	135	37	0	255
 75430	52	51	70	131	135	36	0	255
 75475	52	51	70	130	135	37	0	255
 75520	52	51	70	131	135	36	0	255
 75566	52	51	70	131	134	36	0	255
 75613	52	51	70	131	134	36	0	255
 75656	52	51	70	130	134	36	0	255
 75702	52	51	70	131	134	36	0	255
 75747	52	51	70	131	134	36	0	255
 75792	52	51	70	131	134	36	0	255
 75838	52	51	70	130	135	35	0	255
 75974	52	51	70	130	134	35	0	255
 76155	52	51	70	130	134	34	0	255
 76201	52	50	70	130	134	35	0	255
 76291	52	51	70	130	134	34	0	255
 76428	52	51	70	130	134	34	0	255
 76518	52	50	70	130	134	34	0	255
 76564	52	51	70	130	134	32	0	255
 76612	52	51	70	130	134	32	0	255
 76699	52	50	70	130	134	34	0	255
 76744	52	50	70	130	134	32	0	255
 76790	52	50	70	130	134	32	0	255
 76835	52	51	70	130	134	32	0	255
 76880	52	50	70	130	134	31	0	255
 76926	52	50	70	130	134	32	0	255
 76971	52	51	70	130	134	31	0	255
 77062	52	50	70	130	134	31	0	255
 77107	52	50	70	130	134	31	0	255
 77198	52	51	70	130	134	31	0	255
 77246	52	50	70	130	134	31	0	255
 77293	52	50	70	130	134	31	0	255
 77424	52	50	70	130	134	31	0	255
 77515	52	50	70	130	134	31	0	255
 77561	52	50	70	130	134	30	0	255
 77609	52	50	70	130	134	30	0	255
 77651	52	50	70	130	134	31	0	255
 77742	52	50	70	130	134	30	0	255
 77832	52	50	70	130	134	30	0	255
 77878	52	50	70	130	134	29	0	255
 77923	52	50	70	130	134	30	0	255
 77968	52	50	70	130	134	30	0	255
 78014	52	50	70	130	134	30	0	255
 78105	52	50	70	130	134	29	0	255
 78150	52	50	70	130	134	29	0	255
 78199	52	50	70	130	134	29	0	255
 78335	52	50	70	130	134	29	0	255
 78376	52	50	70	130	134	29	0	255
 78467	52	50	70	130	134	30	0	255
 78606	52	50	70	130	134	28	0	255
 78648	52	50	70	130	134	29	0	255
 78697	52	50	70	130	134	28	0	255
 78742	52	50	70	130	134	28	0	255
 78789	51	50	70	130	134	28	0	255
 78830	51	50	70	130	134	29	0	255
 78875	52	50	70	130	134	28	0	255
 78921	51	50	70	130	134	26	0	255
 78966	52	50	70	130	134	28	0	255
 79011	52	50	70	130	134	28	0	255
 79057	51	50	70	130	134	28	0	255
 79147	51	50	70	130	134	28	0	255
 79193	51	50	70	130	134	26	0	255
 79283	51	50	70	130	134	26	0	255
 79374	51	50	70	130	134	26	0	255
 79419	52	50	70	130	134	26	0	255
 79465	52	50	70	130	134	26	0	255
 79555	51	50	70	130	134	25	0	255
 79646	52	50	70	130	134	25	0	255
 79691	51	50	70	130	134	25	0	255
 79737	51	50	70	130	134	25	0	255
 79827	51	50	70	130	134	25	0	255
 79873	51	50	70	130	134	25	0	255
 79918	51	50	70	130	134	25	0	255
 80009	51	50	70	130	134	25	0	255
 80054	51	50	70	130	134	24	0	255
 80099	51	50	70	130	134	25	0	255
 80145	51	50	70	130	134	24	0	255
 80235	51	50	70	130	134	24	0	255
 80281	51	50	70	130	134	24	0	255
 80326	51	50	70	130	134	24	0	255
 80371	51	50	70	130	134	24	0	255
 80462	51	50	70	130	134	24	0	255
 80507	51	50	70	130	134	24	0	255
 80553	51	50	70	130	134	24	0	255
 80689	51	50	70	130	134	23	0	255
 80779	51	50	70	130	134	23	0	255
 80828	51	50	70	130	134	23	0	255
 80870	51	50	70	130	134	23	0	255
 80915	51	50	70	130	134	22	0	255
 80961	51	50	70	130	134	22	0	255
 81051	51	50	70	130	134	23	0	255
 81233	51	50	70	130	134	22	0	255
 81278	51	50	70	130	134	22	0	255
 81323	51	50	70	130	134	22	0	255
 81372	51	50	70	130	134	22	0	255
 81505	51	50	70	130	134	20	0	255
 81550	51	50	70	130	134	20	0	255
 81596	51	50	70	130	134	20	0	255
 81732	51	50	70	130	134	20	0	255
 81822	51	50	70	130	134	22	0	255
 81867	51	50	70	130	134	22	0	255
 81913	51	50	70	130	134	20	0	255
 81958	51	50	70	130	134	20	0	255
 82004	51	50	69	130	134	20	0	255
 82049	51	50	70	130	134	20	0	255
 82139	51	50	70	130	134	20	0	255
 82185	51	50	70	130	134	20	0	255
 82275	51	50	70	130	134	20	0	255
 82321	51	50	69	130	134	19	0	255
 82412	51	50	69	130	134	20	0	255
 82457	51	50	69	130	134	20	0	255
 82502	51	50	69	130	134	20	0	255
 82548	51	50	69	130	133	20	0	255
 82593	51	50	69	130	134	19	0	255
 82688	51	50	69	130	133	19	0	255
 82774	51	50	69	130	133	19	0	255
 82865	51	50	69	130	133	19	0	255
 82910	51	50	69	129	133	19	0	255
 82956	51	50	69	130	133	19	0	255
 83001	51	50	69	129	133	19	0	255
 83046	51	50	69	129	133	19	0	255
 83092	51	50	69	129	133	18	0	255
 83137	51	50	69	129	133	19	0	255
 83182	51	50	69	130	133	19	0	255
 83231	51	50	69	129	133	18	0	255
 83318	51	50	69	129	133	18	0	255
 83364	51	50	69	129	133	19	0	255
 83409	51	50	69	129	133	19	0	255
 83500	51	50	69	129	133	18	0	255
 83545	51	50	69	129	133	18	0	255
 83590	51	50	69	129	133	18	0	255
 83636	51	50	69	129	133	17	0	255
 83681	51	50	69	129	133	18	0	255
 83726	51	50	69	129	133	18	0	255
 83772	51	50	69	129	133	17	0	255
 83819	51	50	69	129	133	17	0	255
 83867	51	50	69	129	133	17	0	255
 83908	51	50	69	129	133	17	0	255
 83998	51	50	69	129	133	17	0	255
 84089	51	50	69	129	133	17	0	255
 84134	51	50	69	129	133	17	0	255
 84180	51	50	69	129	133	17	0	255
 84225	51	50	69	129	133	16	0	255
 84274	51	50	69	129	133	17	0	255
 84316	51	50	69	129	133	17	0	255
 84361	51	50	69	129	133	16	0	255
 84406	51	50	69	129	133	16	0	255
 84497	51	50	69	129	133	16	0	255
 84542	51	50	69	129	133	16	0	255
 84588	51	50	69	129	133	17	0	255
 84633	51	50	69	129	133	16	0	255
 84678	51	50	69	129	133	16	0	255
 84724	51	50	69	129	133	14	0	255
 84814	51	50	69	129	133	16	0	255
 84860	51	50	69	129	133	16	0	255
 84905	51	50	69	129	133	17	0	255
 84950	51	50	69	129	133	16	0	255
 85223	51	50	69	129	133	14	0	255
 85268	51	50	69	129	133	16	0	255
 85313	51	50	69	129	133	14	0	255
 85358	51	50	69	129	133	16	0	255
 85404	51	50	69	129	133	16	0	255
 85494	51	50	69	129	133	16	0	255
 85540	51	50	69	129	133	16	0	255
 85585	51	50	69	129	133	16	0	255
 85676	51	50	69	129	133	14	0	255
 85766	51	50	69	129	133	16	0	255
 85812	51	50	69	129	133	16	0	255
 85857	51	50	69	129	133	14	0	255
 85902	51	50	69	129	133	14	0	255
 86038	51	50	68	129	133	14	0	255
 86084	51	50	68	129	133	14	0	255
 86129	51	50	68	129	133	14	0	255
 86175	51	50	67	129	133	14	0	255
 86220	51	50	67	129	133	14	0	255
 86311	51	50	67	129	133	14	0	255
 86360	51	50	66	129	133	14	0	255
