HomeCentral
 Falkenstrasse 20
 8630 Rueti
 Datum: 26.08.14 00:00
 
 Startzeit: 2014-08-26 00:00:34 +0100
 124	52	51	77	140	144	31	0	255
 170	52	51	77	140	144	31	0	255
 215	52	51	77	140	144	32	0	255
 306	52	51	77	140	144	32	0	255
 351	52	51	77	140	144	32	0	255
 397	52	51	77	140	144	32	0	255
 442	52	51	77	140	144	32	0	255
 487	52	51	77	140	144	31	0	255
 533	52	51	77	140	144	31	0	255
 578	52	51	77	140	144	32	0	255
 623	52	51	77	140	144	32	0	255
 669	52	51	77	140	144	32	0	255
 714	52	51	77	140	144	31	0	255
 759	52	51	77	140	144	34	0	255
 805	52	51	77	140	144	32	0	255
 850	52	51	77	140	144	34	0	255
 895	52	51	77	140	144	32	0	255
 941	52	51	77	140	144	34	0	255
 986	52	51	77	140	144	34	0	255
 1032	52	51	77	140	144	34	0	255
 1077	52	51	77	140	144	31	0	255
 1122	52	51	77	140	144	34	0	255
 1168	52	51	77	140	144	32	0	255
 1213	52	51	77	140	144	34	0	255
 1258	52	51	77	140	144	34	0	255
 1304	52	51	77	140	144	32	0	255
 1349	52	51	77	140	144	34	0	255
 1394	52	51	77	140	144	32	0	255
 1440	52	51	77	140	144	34	0	255
 1485	52	51	77	140	144	34	0	255
 1530	52	51	77	140	144	32	0	255
 1576	52	51	77	140	144	34	0	255
 1621	52	51	77	140	144	32	0	255
 1666	52	51	77	140	144	32	0	255
 1712	52	51	77	140	144	32	0	255
 1757	52	51	77	140	144	32	0	255
 1803	52	51	77	140	144	34	0	255
 1848	52	51	77	140	144	32	0	255
 1939	52	51	77	140	144	32	0	255
 1984	52	51	77	140	144	32	0	255
 2029	52	51	77	140	144	32	0	255
 2075	52	51	77	140	144	32	0	255
 2120	52	51	77	140	144	32	0	255
 2165	52	51	77	140	144	32	0	255
 2211	52	51	77	140	144	34	0	255
 2256	52	51	77	140	144	34	0	255
 2301	52	51	77	140	144	32	0	255
 2347	52	51	77	140	144	32	0	255
 2392	52	51	77	140	144	32	0	255
 2437	52	51	77	140	144	32	0	255
 2483	52	51	77	140	144	32	0	255
 2528	52	51	77	140	144	32	0	255
 2574	52	51	77	140	144	34	0	255
 2619	52	51	77	140	144	32	0	255
 2664	52	51	77	140	144	32	0	255
 2710	52	51	77	140	144	32	0	255
 2755	52	51	77	140	144	32	0	255
 2800	52	51	77	140	144	34	0	255
 2846	52	51	77	140	144	34	0	255
 2891	52	51	77	140	144	32	0	255
 2982	52	51	77	140	144	34	0	255
 3030	52	51	77	140	144	32	0	255
 3072	52	51	77	140	144	32	0	255
 3118	52	51	77	140	144	32	0	255
 3163	52	51	77	140	144	32	0	255
 3208	52	51	77	140	144	34	0	255
 3254	52	51	77	140	144	34	0	255
 3299	52	51	77	140	144	34	0	255
 3344	52	51	77	140	144	32	0	255
 3390	52	51	77	140	144	32	0	255
 3435	52	51	77	140	144	31	0	255
 3481	52	51	77	140	144	32	0	255
 3526	52	51	77	140	144	32	0	255
 3571	52	51	77	140	144	31	0	255
 3617	52	51	77	140	144	32	0	255
 3662	52	51	77	140	144	34	0	255
 3707	52	51	77	140	144	32	0	255
 3798	52	51	77	140	144	34	0	255
 3843	52	51	77	140	144	34	0	255
 3889	52	51	77	140	143	34	0	255
 3934	52	51	77	140	143	31	0	255
 3979	52	51	77	140	143	31	0	255
 4025	52	51	77	140	143	32	0	255
 4070	52	51	77	140	143	34	0	255
 4115	52	51	77	140	143	31	0	255
 4161	52	51	77	140	143	32	0	255
 4208	52	51	77	140	143	32	0	255
 4252	52	51	77	140	143	31	0	255
 4297	52	51	77	140	143	32	0	255
 4342	52	51	77	140	143	31	0	255
 4388	52	51	77	140	143	34	0	255
 4433	52	51	77	140	143	31	0	255
 4478	52	51	77	140	143	32	0	255
 4524	52	51	77	140	143	34	0	255
 4569	52	51	77	140	143	32	0	255
 4614	52	51	77	140	143	34	0	255
 4660	52	51	77	140	143	31	0	255
 4705	52	51	77	140	143	32	0	255
 4750	52	51	77	140	143	34	0	255
 4796	52	51	77	140	143	31	0	255
 4841	52	51	77	140	143	31	0	255
 4886	52	51	77	140	143	34	0	255
 4932	52	51	77	140	143	32	0	255
 4977	52	51	77	140	143	31	0	255
 5023	52	51	77	140	143	32	0	255
 5068	52	51	77	140	143	32	0	255
 5113	52	51	77	140	143	32	0	255
 5159	52	51	77	140	143	32	0	255
 5204	52	51	77	140	143	32	0	255
 5249	52	51	77	140	143	32	0	255
 5295	52	51	77	140	143	34	0	255
 5340	52	51	77	140	143	34	0	255
 5386	52	51	77	140	143	31	0	255
 5431	52	51	77	140	143	34	0	255
 5476	52	51	77	140	143	32	0	255
 5521	52	51	77	140	143	32	0	255
 5567	52	51	77	140	143	31	0	255
 5612	52	51	77	140	143	32	0	255
 5657	52	51	77	140	143	32	0	255
 5703	52	51	77	140	143	32	0	255
 5748	52	51	77	140	143	32	0	255
 5794	52	51	77	140	143	31	0	255
 5839	52	51	77	140	143	34	0	255
 5884	52	51	77	140	143	31	0	255
 5930	52	51	77	140	143	31	0	255
 5975	52	51	77	140	143	31	0	255
 6020	52	51	77	140	143	32	0	255
 6066	52	51	77	140	143	31	0	255
 6111	52	51	77	140	143	31	0	255
 6156	52	51	77	140	143	34	0	255
 6202	52	51	77	140	143	32	0	255
 6247	52	51	77	140	143	31	0	255
 6292	52	51	77	140	143	34	0	255
 6338	52	51	77	140	143	31	0	255
 6383	52	51	77	140	143	32	0	255
 6428	52	51	77	140	143	34	0	255
 6474	52	51	77	140	143	32	0	255
 6519	52	51	77	140	143	31	0	255
 6568	52	51	76	140	143	32	0	255
 6610	52	51	77	140	143	34	0	255
 6655	52	51	77	140	143	32	0	255
 6701	52	51	77	140	143	32	0	255
 6791	52	51	77	140	143	34	0	255
 6837	52	51	76	140	143	32	0	255
 6882	52	51	76	139	143	31	0	255
 6927	52	51	76	139	143	32	0	255
 6973	52	51	76	139	143	34	0	255
 7018	52	51	76	139	143	31	0	255
 7063	52	51	76	139	143	32	0	255
 7109	52	51	76	139	143	34	0	255
 7199	52	51	76	139	143	31	0	255
 7245	52	51	76	139	143	32	0	255
 7290	52	51	76	139	143	32	0	255
 7336	52	51	76	139	143	32	0	255
 7381	52	51	76	139	143	32	0	255
 7426	52	51	76	139	143	32	0	255
 7517	52	51	76	139	143	30	0	255
 7562	52	51	76	139	143	31	0	255
 7608	52	51	76	139	143	31	0	255
 7653	52	51	76	139	143	32	0	255
 7698	52	51	76	139	143	31	0	255
 7744	52	51	76	139	143	31	0	255
 7789	52	51	76	139	143	32	0	255
 7880	52	51	76	139	143	32	0	255
 7925	52	51	76	139	143	31	0	255
 7971	52	51	76	139	143	31	0	255
 8016	52	51	76	139	143	31	0	255
 8061	52	51	76	139	143	32	0	255
 8106	52	51	76	139	143	30	0	255
 8152	52	51	76	139	143	32	0	255
 8197	52	51	76	139	143	31	0	255
 8243	52	51	76	139	143	31	0	255
 8288	52	51	76	139	143	32	0	255
 8333	52	51	76	139	143	31	0	255
 8379	52	51	76	139	143	30	0	255
 8424	52	51	76	139	143	31	0	255
 8469	52	51	76	139	143	31	0	255
 8515	52	51	76	139	143	32	0	255
 8560	52	51	76	139	143	31	0	255
 8605	52	51	76	139	143	31	0	255
 8651	52	51	76	139	143	30	0	255
 8696	52	51	76	139	143	31	0	255
 8741	52	51	76	139	143	31	0	255
 8787	52	51	76	139	143	30	0	255
 8832	52	51	76	139	143	31	0	255
 8877	52	51	76	139	143	30	0	255
 8923	52	51	76	139	143	31	0	255
 8968	52	51	76	139	143	30	0	255
 9014	52	51	76	139	143	32	0	255
 9059	52	51	76	139	143	31	0	255
 9104	52	51	76	139	143	32	0	255
 9150	52	51	76	139	143	31	0	255
 9195	52	51	76	139	143	31	0	255
 9240	52	51	76	139	143	30	0	255
 9286	52	51	76	139	143	31	0	255
 9331	52	51	76	139	143	30	0	255
 9376	52	51	76	139	143	30	0	255
 9422	52	51	76	139	143	30	0	255
 9467	52	51	76	139	143	31	0	255
 9512	52	51	76	139	143	31	0	255
 9558	52	51	76	139	143	30	0	255
 9603	52	51	76	139	143	30	0	255
 9649	52	51	76	139	143	31	0	255
 9694	52	51	76	139	143	31	0	255
 9739	52	51	76	139	143	31	0	255
 9785	52	51	76	139	143	31	0	255
 9830	52	51	76	139	143	30	0	255
 9875	52	51	76	139	143	31	0	255
 9921	52	51	76	139	143	30	0	255
 9966	52	51	76	139	143	30	0	255
 10011	52	51	76	139	143	30	0	255
 10057	52	51	76	139	143	30	0	255
 10102	52	51	76	139	143	30	0	255
 10147	52	51	76	139	143	31	0	255
 10193	52	51	76	139	143	31	0	255
 10238	52	51	76	139	143	31	0	255
 10283	52	51	76	139	143	31	0	255
 10329	52	51	76	139	143	31	0	255
 10374	52	51	76	139	143	30	0	255
 10420	52	51	76	139	143	31	0	255
 10465	52	51	76	139	143	31	0	255
 10510	52	51	76	139	143	32	0	255
 10559	52	51	76	139	143	31	0	255
 10601	52	51	76	139	143	31	0	255
 10650	52	51	76	139	143	30	0	255
 10692	52	51	76	139	143	30	0	255
 10737	52	51	76	139	143	30	0	255
 10782	52	51	76	139	143	30	0	255
 10828	52	51	76	139	142	30	0	255
 10873	52	51	76	139	142	31	0	255
 10918	52	51	76	139	142	31	0	255
 10964	52	51	76	139	142	30	0	255
 11009	52	51	76	139	142	30	0	255
 11054	52	51	76	139	142	30	0	255
 11100	52	51	76	139	142	31	0	255
 11145	52	51	76	139	142	31	0	255
 11191	52	51	76	139	142	31	0	255
 11236	52	51	76	139	142	30	0	255
 11281	52	51	76	139	142	29	0	255
 11327	52	51	76	139	142	30	0	255
 11372	52	51	76	139	142	30	0	255
 11417	52	51	76	139	142	30	0	255
 11463	52	51	76	139	142	31	0	255
 11508	52	51	76	139	142	31	0	255
 11553	52	51	76	139	142	29	0	255
 11599	52	51	76	139	142	31	0	255
 11644	52	51	76	139	142	30	0	255
 11689	52	51	76	139	142	31	0	255
 11735	52	51	76	139	142	30	0	255
 11780	52	51	76	139	142	31	0	255
 11826	52	51	76	139	142	30	0	255
 11871	52	51	76	139	142	31	0	255
 11916	52	51	76	139	142	31	0	255
 11962	52	51	76	139	142	30	0	255
 12007	52	51	76	139	142	30	0	255
 12052	52	51	76	139	142	30	0	255
 12098	52	51	76	139	142	30	0	255
 12143	52	51	76	139	142	30	0	255
 12188	52	51	76	139	142	31	0	255
 12234	52	51	76	139	142	30	0	255
 12279	52	51	76	139	142	30	0	255
 12324	52	51	76	139	142	30	0	255
 12370	52	51	76	139	142	30	0	255
 12415	52	51	76	139	142	30	0	255
 12460	52	51	76	139	142	30	0	255
 12506	52	51	76	139	142	30	0	255
 12551	52	51	76	139	142	30	0	255
 12597	52	51	76	139	142	30	0	255
 12642	52	51	76	139	142	31	0	255
 12687	52	51	76	139	142	31	0	255
 12733	52	51	76	139	142	31	0	255
 12778	52	51	76	139	142	31	0	255
 12823	52	51	76	139	142	31	0	255
 12869	52	51	76	139	142	31	0	255
 12914	52	51	76	139	142	31	0	255
 12959	52	51	76	139	142	30	0	255
 13005	52	51	76	139	142	30	0	255
 13050	52	51	76	139	142	31	0	255
 13095	52	51	76	139	142	30	0	255
 13141	52	51	76	139	142	29	0	255
 13186	52	51	76	139	142	31	0	255
 13231	52	51	76	139	142	30	0	255
 13277	52	51	76	139	142	30	0	255
 13322	52	51	76	139	142	30	0	255
 13368	52	51	76	139	142	30	0	255
 13413	52	51	76	139	142	31	0	255
 13458	52	51	76	139	142	30	0	255
 13504	52	51	76	139	142	29	0	255
 13549	52	51	76	138	142	30	0	255
 13594	52	51	76	138	142	31	0	255
 13640	52	51	76	138	142	31	0	255
 13685	52	51	76	138	142	30	0	255
 13730	52	51	76	138	142	30	0	255
 13776	52	51	76	138	142	31	0	255
 13821	52	51	76	138	142	30	0	255
 13866	52	51	76	138	142	31	0	255
 13912	52	51	76	138	142	31	0	255
 13957	52	51	76	138	142	30	0	255
 14002	52	51	76	138	142	31	0	255
 14048	52	51	76	138	142	31	0	255
 14093	52	51	76	138	142	30	0	255
 14139	52	51	76	138	142	29	0	255
 14184	52	51	76	138	142	31	0	255
 14229	52	51	76	138	142	30	0	255
 14275	52	51	76	138	142	30	0	255
 14320	52	51	76	138	142	31	0	255
 14365	52	51	76	138	142	31	0	255
 14411	52	51	76	138	142	30	0	255
 14456	52	51	76	138	142	30	0	255
 14501	52	51	76	138	142	30	0	255
 14547	52	51	76	138	142	30	0	255
 14592	52	51	76	138	142	30	0	255
 14637	52	51	76	138	142	31	0	255
 14683	52	51	76	138	142	30	0	255
 14728	52	51	76	138	142	31	0	255
 14773	52	51	76	138	142	30	0	255
 14819	52	51	76	138	142	30	0	255
 14864	52	51	76	138	142	31	0	255
 14910	52	51	76	138	142	31	0	255
 14955	52	51	76	138	142	31	0	255
 15000	52	51	75	138	142	30	0	255
 15046	52	51	76	138	142	31	0	255
 15091	52	51	76	138	142	31	0	255
 15136	52	51	75	138	142	30	0	255
 15182	52	51	76	138	142	30	0	255
 15227	52	51	76	138	142	30	0	255
 15272	52	51	75	138	142	31	0	255
 15318	52	51	75	138	142	29	0	255
 15363	52	51	75	138	142	29	0	255
 15408	52	51	75	138	142	30	0	255
 15454	52	51	75	138	142	30	0	255
 15499	52	51	75	138	142	29	0	255
 15544	52	51	75	138	142	30	0	255
 15590	52	51	75	138	142	30	0	255
 15635	52	51	75	138	142	29	0	255
 15681	52	51	75	138	142	29	0	255
 15726	52	51	75	138	142	30	0	255
 15771	52	51	75	138	142	30	0	255
 15817	52	51	75	138	142	31	0	255
 15862	52	51	75	138	142	30	0	255
 15907	52	51	75	138	142	30	0	255
 15998	52	51	75	138	142	29	0	255
 16043	52	51	75	138	142	30	0	255
 16089	52	51	75	138	142	30	0	255
 16134	52	51	75	138	142	30	0	255
 16179	52	51	75	138	142	30	0	255
 16225	52	51	75	138	142	30	0	255
 16270	52	51	75	138	142	30	0	255
 16315	52	51	75	138	142	30	0	255
 16361	52	51	75	138	142	30	0	255
 16406	52	51	75	138	142	30	0	255
 16452	52	51	75	138	142	31	0	255
 16497	52	51	75	138	142	29	0	255
 16542	52	51	75	138	142	30	0	255
 16588	52	51	75	138	142	30	0	255
 16633	52	51	75	138	142	31	0	255
 16678	52	51	75	138	142	30	0	255
 16724	52	51	75	138	142	31	0	255
 16769	52	51	75	138	142	29	0	255
 16814	52	51	75	138	142	30	0	255
 16860	52	51	75	138	142	30	0	255
 16905	52	51	75	138	142	31	0	255
 16950	52	51	75	138	142	30	0	255
 16996	52	51	75	138	142	30	0	255
 17041	52	51	75	138	142	30	0	255
 17087	52	51	75	138	142	30	0	255
 17132	52	51	75	138	142	30	0	255
 17177	52	51	75	138	142	30	0	255
 17223	52	51	75	138	142	30	0	255
 17268	52	51	75	138	142	30	0	255
 17313	52	51	75	138	142	30	0	255
 17359	52	51	75	138	142	29	0	255
 17404	52	51	75	138	142	30	0	255
 17449	52	51	75	138	142	30	0	255
 17495	52	51	75	138	142	31	0	255
 17540	52	51	75	138	142	30	0	255
 17585	52	51	75	138	142	30	0	255
 17631	52	51	75	138	142	30	0	255
 17676	52	51	75	138	142	31	0	255
 17721	52	51	75	138	142	30	0	255
 17767	52	51	75	138	141	31	0	255
 17812	52	51	75	138	141	31	0	255
 17858	52	51	75	138	142	30	0	255
 17903	52	51	75	138	141	29	0	255
 17948	52	51	75	138	141	30	0	255
 17994	52	51	75	138	141	30	0	255
 18039	52	51	75	138	141	30	0	255
 18084	52	51	75	138	141	30	0	255
 18130	52	51	75	138	141	31	0	255
 18175	52	51	75	138	141	30	0	255
 18220	52	51	75	138	141	30	0	255
 18266	52	51	75	138	141	30	0	255
 18311	52	51	75	138	141	30	0	255
 18356	52	51	75	138	141	29	0	255
 18402	52	51	75	138	141	30	0	255
 18447	52	51	75	138	141	30	0	255
 18492	52	51	75	138	141	30	0	255
 18538	52	51	75	138	141	30	0	255
 18583	52	51	75	138	141	30	0	255
 18629	52	51	75	138	141	30	0	255
 18674	52	51	75	138	141	30	0	255
 18719	52	51	75	138	141	30	0	255
 18765	52	51	75	138	141	30	0	255
 18810	52	51	75	138	141	29	0	255
 18855	52	51	75	138	141	30	0	255
 18901	52	51	75	138	141	30	0	255
 18946	52	51	75	138	141	30	0	255
 18991	52	51	75	138	141	29	0	255
 19037	52	51	75	138	141	30	0	255
 19083	52	51	75	138	141	30	0	255
 19127	52	51	75	138	141	30	0	255
 19173	52	51	75	138	141	30	0	255
 19218	52	51	75	138	141	29	0	255
 19263	52	51	75	138	141	29	0	255
 19309	52	51	75	138	141	30	0	255
 19354	52	51	75	138	141	31	0	255
 19400	52	51	75	138	141	30	0	255
 19445	52	51	75	138	141	30	0	255
 19490	52	51	75	138	141	30	0	255
 19536	52	51	75	138	141	30	0	255
 19581	52	51	75	138	141	30	0	255
 19626	52	51	75	138	141	29	0	255
 19672	52	51	75	138	141	29	0	255
 19717	52	51	75	138	141	30	0	255
 19762	52	51	75	138	141	30	0	255
 19808	52	51	75	138	141	30	0	255
 19853	52	51	75	138	141	30	0	255
 19898	52	51	75	138	141	30	0	255
 19944	52	51	75	138	141	30	0	255
 19989	52	51	75	138	141	29	0	255
 20034	52	51	75	138	141	30	0	255
 20080	52	51	75	138	141	30	0	255
 20125	52	51	75	138	141	30	0	255
 20171	52	51	75	138	141	30	0	255
 20216	52	51	75	138	141	30	0	255
 20261	52	51	75	138	141	30	0	255
 20307	52	51	75	138	141	30	0	255
 20352	52	51	75	138	141	30	0	255
 20397	52	51	75	138	141	30	0	255
 20443	52	51	75	137	141	30	0	255
 20488	52	51	75	138	141	30	0	255
 20533	52	51	75	137	141	30	0	255
 20579	52	51	75	138	141	29	0	255
 20624	52	51	75	137	141	30	0	255
 20669	52	51	75	137	141	29	0	255
 20715	52	51	75	137	141	30	0	255
 20760	52	51	75	137	141	30	0	255
 20805	52	51	75	137	141	29	0	255
 20851	52	51	75	137	141	31	0	255
 20896	52	51	75	137	141	30	0	255
 20942	52	51	75	137	141	30	0	255
 20987	52	51	75	137	141	30	0	255
 21032	52	51	75	137	141	30	0	255
 21078	52	51	75	137	141	30	0	255
 21123	52	51	75	137	141	31	0	255
 21168	52	51	75	137	141	30	0	255
 21214	52	51	75	137	141	31	0	255
 21259	52	51	75	137	141	30	0	255
 21304	52	51	75	137	141	30	0	255
 21350	52	51	75	137	141	31	0	255
 21395	52	51	75	137	141	31	0	255
 21440	52	51	75	137	141	30	0	255
 21486	52	51	75	137	141	30	0	255
 21531	52	51	75	137	141	30	0	255
 21577	52	51	75	137	141	31	0	255
 21622	52	51	75	137	141	29	0	255
 21667	52	51	75	137	141	31	0	255
 21713	52	51	75	137	141	30	0	255
 21758	52	51	75	137	141	30	0	255
 21803	52	51	75	137	141	30	0	255
 21849	52	51	75	137	141	30	0	255
 21894	52	51	75	137	141	30	0	255
 21939	52	51	75	137	141	31	0	255
 21985	52	51	75	137	141	30	0	255
 22030	52	51	75	137	141	31	0	255
 22075	52	51	75	137	141	31	0	255
 22121	52	51	75	137	141	30	0	255
 22166	52	51	75	137	141	31	0	255
 22211	52	51	75	137	141	31	0	255
 22257	52	51	75	137	141	30	0	255
 22302	52	51	75	137	141	30	0	255
 22347	52	51	75	137	141	31	0	255
 22393	52	51	75	137	141	30	0	255
 22438	52	51	75	137	141	29	0	255
 22484	52	51	75	137	141	30	0	255
 22529	52	51	74	137	141	30	0	255
 22574	52	51	75	137	141	30	0	255
 22620	52	51	74	137	141	31	0	255
 22665	52	51	74	137	141	30	0	255
 22710	52	51	74	137	141	30	0	255
 22756	52	51	74	137	141	30	0	255
 22801	52	51	74	137	141	30	0	255
 22846	52	51	74	137	141	30	0	255
 22892	52	51	74	137	141	30	0	255
 22937	52	51	74	137	141	30	0	255
 22982	52	51	74	137	141	31	0	255
 23028	52	51	74	137	141	29	0	255
 23073	52	51	74	137	141	30	0	255
 23118	52	51	74	137	141	30	0	255
 23170	52	51	74	137	141	31	0	255
 23209	52	51	74	137	141	29	0	255
 23255	52	51	74	137	141	31	0	255
 23300	52	51	74	137	141	31	0	255
 23345	52	51	74	137	141	31	0	255
 23391	52	51	74	137	141	30	0	255
 23436	52	51	74	137	141	30	0	255
 23481	52	51	74	137	141	30	0	255
 23527	52	51	74	137	141	30	0	255
 23572	52	51	74	137	141	31	0	255
 23617	52	51	74	137	141	31	0	255
 23663	52	51	74	137	141	30	0	255
 23708	52	51	74	137	141	31	0	255
 23799	52	51	74	137	141	30	0	255
 23844	52	51	74	137	141	30	0	255
 23889	52	51	74	137	141	31	0	255
 23935	52	51	74	137	141	31	0	255
 23980	52	51	74	137	141	30	0	255
 24025	52	51	74	137	141	31	0	255
 24071	52	51	74	137	141	31	0	255
 24116	52	51	74	137	141	30	0	255
 24162	52	51	74	137	141	31	0	255
 24207	52	51	74	137	141	32	0	255
 24252	52	51	74	137	141	31	0	255
 24298	52	51	74	137	141	32	0	255
 24343	52	51	74	137	141	31	0	255
 24388	52	51	74	137	141	31	0	255
 24434	52	51	74	137	141	31	0	255
 24479	52	51	74	137	141	31	0	255
 24524	52	51	74	137	141	31	0	255
 24570	52	51	74	137	141	31	0	255
 24615	52	51	74	137	140	31	0	255
 24660	52	51	74	137	141	31	0	255
 24706	52	51	74	137	141	31	0	255
 24796	52	51	74	137	140	31	0	255
 24842	52	51	74	137	140	31	0	255
 24887	52	51	74	137	140	31	0	255
 24933	52	51	74	137	140	31	0	255
 24978	52	51	74	137	140	30	0	255
 25023	52	51	74	137	140	31	0	255
 25069	52	51	74	137	140	30	0	255
 25114	52	51	74	137	140	32	0	255
 25159	52	51	74	137	140	31	0	255
 25205	52	51	74	137	140	31	0	255
 25250	52	51	74	137	140	32	0	255
 25295	52	51	74	137	140	32	0	255
 25341	52	51	74	137	140	31	0	255
 25386	52	51	74	137	140	32	0	255
 25431	52	51	74	137	140	31	0	255
 25477	52	51	74	137	140	31	0	255
 25522	52	51	74	137	140	32	0	255
 25567	52	51	74	137	140	32	0	255
 25613	52	51	74	137	140	32	0	255
 25658	52	51	74	137	140	32	0	255
 25704	52	51	74	137	140	31	0	255
 25749	52	51	74	137	140	32	0	255
 25794	52	51	74	137	140	32	0	255
 25840	52	51	74	137	140	31	0	255
 25885	52	51	74	137	140	31	0	255
 25930	52	51	74	137	140	32	0	255
 25976	52	51	74	137	140	32	0	255
 26021	52	51	74	137	140	32	0	255
 26066	52	51	74	137	140	32	0	255
 26112	52	51	74	137	140	32	0	255
 26157	52	51	74	137	140	32	0	255
 26202	52	51	74	137	140	31	0	255
 26248	52	51	74	137	140	31	0	255
 26293	52	51	74	137	140	32	0	255
 26338	52	51	74	137	140	32	0	255
 26384	52	51	74	137	140	32	0	255
 26429	52	51	74	137	140	32	0	255
 26475	52	51	74	137	140	32	0	255
 26521	52	51	74	137	140	34	0	255
 26565	52	51	74	137	140	34	0	255
 26611	52	51	74	137	140	32	0	255
 26656	52	51	74	137	140	31	0	255
 26701	52	51	74	137	140	32	0	255
 26747	52	51	74	137	140	32	0	255
 26792	52	51	74	137	140	32	0	255
 26837	52	51	74	137	140	32	0	255
 26883	52	51	74	137	140	32	0	255
 26928	52	51	74	137	140	32	0	255
 26973	52	51	74	137	140	32	0	255
 27019	52	51	74	137	140	34	0	255
 27064	52	51	74	137	140	34	0	255
 27109	52	51	74	137	140	32	0	255
 27155	52	51	74	137	140	32	0	255
 27200	52	51	74	137	140	32	0	255
 27249	52	51	74	137	140	34	0	255
 27291	52	51	74	137	140	34	0	255
 27336	52	51	74	137	140	34	0	255
 27382	52	51	74	137	140	32	0	255
 27427	52	51	74	137	140	35	0	255
 27473	52	51	74	137	140	34	0	255
 27518	52	51	74	137	140	34	0	255
 27563	52	51	74	137	140	32	0	255
 27608	52	51	74	137	140	34	0	255
 27654	52	51	74	137	140	32	0	255
 27699	52	51	74	136	140	34	0	255
 27744	52	51	74	136	140	34	0	255
 27790	52	51	74	136	140	34	0	255
 27835	52	51	74	136	140	34	0	255
 27881	52	51	74	136	140	34	0	255
 27926	52	51	74	136	140	34	0	255
 27971	52	51	74	136	140	34	0	255
 28017	52	51	74	137	140	34	0	255
 28062	52	51	74	136	140	35	0	255
 28108	52	51	74	136	140	35	0	255
 28153	52	51	74	136	140	35	0	255
 28198	52	51	74	136	140	35	0	255
 28243	52	51	74	136	140	35	0	255
 28292	52	51	74	136	140	35	0	255
 28334	52	51	74	136	140	34	0	255
 28379	52	51	74	136	140	35	0	255
 28425	52	51	74	136	140	34	0	255
 28470	52	51	74	136	140	35	0	255
 28515	52	51	74	136	140	35	0	255
 28561	52	51	74	136	140	35	0	255
 28606	52	51	74	136	140	35	0	255
 28652	52	51	74	136	140	35	0	255
 28697	52	51	74	136	140	36	0	255
 28742	52	51	74	136	140	35	0	255
 28788	52	51	74	136	140	35	0	255
 28833	52	51	74	136	140	35	0	255
 28878	52	51	74	136	140	35	0	255
 28924	52	51	74	136	140	35	0	255
 28969	52	51	74	136	140	35	0	255
 29014	52	51	74	136	140	35	0	255
 29060	52	51	74	136	140	37	0	255
 29105	52	51	74	136	140	36	0	255
 29155	52	51	74	136	140	36	0	255
 29196	52	51	74	136	140	36	0	255
 29241	52	51	74	136	140	36	0	255
 29286	52	51	73	136	140	35	0	255
 29332	52	51	74	136	140	36	0	255
 29377	52	51	73	136	140	36	0	255
 29423	52	51	73	136	140	37	0	255
 29468	52	51	73	136	140	36	0	255
 29513	52	51	73	136	140	37	0	255
 29559	52	51	73	136	140	36	0	255
 29604	52	51	73	136	140	36	0	255
 29649	52	51	73	136	140	37	0	255
 29695	52	51	73	136	140	37	0	255
 29740	52	51	73	136	140	36	0	255
 29785	52	51	73	136	140	37	0	255
 29834	52	51	73	136	140	37	0	255
 29876	52	51	73	136	140	37	0	255
 29921	52	51	73	136	140	37	0	255
 29967	52	51	73	136	140	38	0	255
 30012	52	51	73	136	140	38	0	255
 30058	52	51	73	136	140	37	0	255
 30103	52	51	73	136	140	37	0	255
 30148	52	51	73	136	140	37	0	255
 30194	52	51	73	136	140	38	0	255
 30239	52	51	73	136	140	37	0	255
 30330	52	51	73	136	140	38	0	255
 30375	52	51	73	136	140	37	0	255
 30420	52	51	73	136	140	38	0	255
 30466	52	51	73	136	140	37	0	255
 30511	52	51	73	136	140	38	0	255
 30556	52	51	73	136	140	38	0	255
 30602	52	51	73	136	140	37	0	255
 30647	52	51	73	136	140	38	0	255
 30692	52	51	73	136	140	37	0	255
 30738	52	51	73	136	140	37	0	255
 30783	52	51	73	136	140	37	0	255
 30828	52	51	73	136	140	37	0	255
 30874	52	51	73	136	140	38	0	255
 30919	52	51	73	136	140	38	0	255
 30965	52	51	73	136	140	38	0	255
 31010	52	51	73	136	140	38	0	255
 31055	52	51	73	136	140	38	0	255
 31101	52	51	73	136	140	40	0	255
 31146	52	51	73	136	140	37	0	255
 31191	52	51	73	136	140	38	0	255
 31237	52	51	73	136	140	38	0	255
 31285	52	51	73	136	140	38	0	255
 31327	52	51	73	136	140	38	0	255
 31373	52	51	73	136	140	40	0	255
 31418	52	51	73	136	140	38	0	255
 31463	52	51	73	136	140	38	0	255
 31509	52	51	73	136	140	38	0	255
 31554	52	51	73	136	140	40	0	255
 31599	52	51	72	136	140	40	0	255
 31645	52	51	72	136	140	40	0	255
 31690	52	51	71	136	140	38	0	255
 31736	52	51	70	136	139	40	0	255
 31781	52	51	68	136	139	38	0	255
 31826	52	51	65	136	139	38	0	255
 31872	52	51	63	136	139	38	0	255
 31962	52	51	58	136	139	41	0	255
 31966	52	51	58	136	139	41	0	255
 32008	52	51	56	136	139	40	0	255
 32053	52	51	54	136	139	40	0	255
 32098	52	51	53	136	139	40	0	255
 32189	52	51	51	136	139	38	0	255
 32235	52	51	51	136	139	40	0	255
 32280	52	51	50	136	139	38	0	255
 32329	52	51	50	136	139	41	0	255
 32370	52	51	50	136	139	40	0	255
 32416	52	51	50	136	139	41	0	255
 32507	52	51	50	136	139	40	0	255
 32552	52	51	49	136	139	42	0	255
 32597	52	51	49	136	139	40	0	255
 32643	52	51	49	136	139	41	0	255
 32692	52	51	49	136	139	42	0	255
 32733	52	51	49	136	139	41	0	255
 32779	52	51	49	136	139	41	0	255
 32869	52	51	49	136	139	42	0	255
 32915	52	51	49	136	139	42	0	255
 32960	52	51	49	135	139	42	0	255
 33005	52	51	49	135	139	42	0	255
 33096	52	51	49	135	139	41	0	255
 33141	52	51	49	135	139	42	0	255
 33187	52	51	49	135	139	42	0	255
 33232	52	51	49	135	139	41	0	255
 33277	52	51	49	135	139	44	0	255
 33323	52	51	50	135	139	42	0	255
 33368	52	51	50	135	139	42	0	255
 33414	52	51	50	135	139	42	0	255
 33459	52	51	50	136	139	44	0	255
 33504	52	51	50	135	139	41	0	255
 33550	52	51	50	135	139	42	0	255
 33595	52	51	50	135	139	41	0	255
 33686	52	51	50	135	139	42	0	255
 33731	52	51	50	135	139	41	0	255
 33776	52	51	50	135	139	41	0	255
 33822	52	51	50	135	139	42	0	255
 33867	52	51	50	135	139	42	0	255
 33912	52	51	50	135	139	42	0	255
 33958	52	51	50	135	139	42	0	255
 34003	52	51	50	135	139	42	0	255
 34048	52	51	50	135	139	41	0	255
 34094	52	51	50	135	139	42	0	255
 34139	52	51	50	135	139	42	0	255
 34184	52	51	50	135	139	44	0	255
 34230	52	51	50	135	139	42	0	255
 34275	52	51	50	135	139	42	0	255
 34321	52	51	50	135	139	44	0	255
 34366	52	51	50	135	139	42	0	255
 34411	52	51	50	135	139	44	0	255
 34457	52	51	50	135	139	44	0	255
 34502	52	51	50	135	139	42	0	255
 34547	52	51	50	135	139	44	0	255
 34593	52	51	50	135	139	45	0	255
 34638	52	51	50	135	139	44	0	255
 34683	52	51	50	135	139	44	0	255
 34729	52	51	50	135	139	45	0	255
 34774	52	51	50	135	139	46	0	255
 34819	52	51	50	135	139	45	0	255
 34865	52	51	50	135	139	46	0	255
 34910	52	51	50	135	139	47	0	255
 34955	52	51	50	135	139	47	0	255
 35001	52	51	50	135	139	48	0	255
 35047	52	51	50	135	139	48	0	255
 35092	52	51	51	135	139	50	0	255
 35137	52	51	51	135	139	51	0	255
 35182	52	51	51	135	139	53	0	255
 35228	52	51	51	135	139	52	0	255
 35273	52	51	51	135	139	53	0	255
 35318	52	51	51	135	139	53	0	255
 35364	52	51	51	135	139	54	0	255
 35409	52	51	51	135	139	54	0	255
 35454	52	51	51	135	139	56	0	255
 35500	52	51	51	135	139	57	0	255
 35545	52	51	51	135	139	58	0	255
 35590	52	51	51	135	139	58	0	255
 35636	52	51	51	135	139	60	0	255
 35681	52	51	51	135	139	60	0	255
 35726	52	51	51	135	139	61	0	255
 35772	52	51	51	135	139	61	0	255
 35817	52	51	51	135	139	62	0	255
 35863	52	51	51	135	139	64	0	255
 35908	52	51	51	135	139	64	0	255
 35953	52	51	51	135	139	65	0	255
 35999	52	51	51	135	139	66	0	255
 36044	52	51	51	135	139	66	0	255
 36089	52	51	51	135	139	67	0	255
 36135	52	51	51	135	139	67	0	255
 36180	52	51	51	135	139	68	0	255
 36225	52	51	51	135	139	70	0	255
 36271	52	51	51	135	139	68	0	255
 36316	52	51	51	135	139	71	0	255
 36361	52	51	51	135	139	71	0	255
 36407	52	51	51	135	139	71	0	255
 36452	52	51	51	135	139	72	0	255
 36497	52	51	51	135	139	72	0	255
 36543	52	51	51	135	139	72	0	255
 36588	52	51	51	135	139	74	0	255
 36634	52	51	51	135	139	74	0	255
 36679	52	51	51	135	139	74	0	255
 36724	52	51	51	135	139	72	0	255
 36770	52	51	51	135	139	72	0	255
 36815	52	51	51	135	139	72	0	255
 36860	52	51	51	135	139	72	0	255
 36906	51	51	51	135	139	72	0	255
 36951	52	51	51	135	139	72	0	255
 36996	52	51	51	135	139	71	0	255
 37042	51	51	51	135	139	71	0	255
 37087	51	51	51	135	138	70	0	255
 37132	51	51	51	135	139	70	0	255
 37181	52	51	51	135	138	68	0	255
 37223	51	51	51	135	139	67	0	255
 37268	51	51	51	135	138	67	0	255
 37314	51	51	51	135	138	67	0	255
 37359	51	51	51	135	138	66	0	255
 37405	51	51	51	135	138	65	0	255
 37450	51	51	52	135	138	66	0	255
 37495	51	51	52	135	138	65	0	255
 37541	51	51	52	135	138	65	0	255
 37586	51	51	52	135	138	64	0	255
 37631	51	51	52	135	138	64	0	255
 37677	51	51	52	135	138	64	0	255
 37722	51	51	52	135	138	66	0	255
 37767	51	51	52	135	138	64	0	255
 37813	51	51	52	135	138	66	0	255
 37858	51	51	52	135	138	65	0	255
 37903	51	51	52	135	138	66	0	255
 37949	51	51	52	135	138	65	0	255
 37994	51	51	52	135	138	66	0	255
 38039	51	51	52	135	138	67	0	255
 38085	51	51	52	135	138	67	0	255
 38130	51	51	52	135	138	67	0	255
 38176	51	51	52	135	138	68	0	255
 38221	51	51	52	135	138	68	0	255
 38266	51	51	52	135	138	70	0	255
 38312	51	51	52	135	138	70	0	255
 38357	51	51	52	135	138	71	0	255
 38402	51	51	52	135	138	71	0	255
 38448	51	51	52	135	138	72	0	255
 38538	51	51	52	135	138	74	0	255
 38584	51	51	52	135	138	75	0	255
 38674	51	51	52	135	138	76	0	255
 38720	51	51	52	135	138	78	0	255
 38765	51	51	52	135	138	78	0	255
 38810	51	51	52	135	138	79	0	255
 38856	51	51	52	135	138	82	0	255
 38901	51	51	52	135	138	83	0	255
 38946	51	51	52	135	138	83	0	255
 38992	51	51	52	135	138	84	0	255
 39037	51	51	52	135	138	86	0	255
 39083	51	51	52	135	138	88	0	255
 39128	51	51	52	135	138	88	0	255
 39173	51	51	52	135	138	89	0	255
 39219	51	51	52	135	138	90	0	255
 39264	51	51	52	135	138	90	0	255
 39309	51	51	52	135	138	90	0	255
 39355	51	51	52	135	138	93	0	255
 39400	51	51	52	135	138	92	0	255
 39445	51	51	52	135	138	92	0	255
 39491	51	51	52	135	138	92	0	255
 39536	51	51	52	135	138	92	0	255
 39581	51	51	52	135	138	93	0	255
 39627	51	51	52	135	138	92	0	255
 39672	51	51	52	135	138	93	0	255
 39717	51	51	52	135	138	93	0	255
 39763	51	51	52	135	138	92	0	255
 39808	51	51	52	135	138	92	0	255
 39853	51	51	52	135	138	92	0	255
 39899	51	51	52	135	138	92	0	255
 39944	51	51	52	135	138	90	0	255
 39990	51	51	52	135	138	92	0	255
 40035	51	51	52	135	138	90	0	255
 40080	51	51	52	135	138	90	0	255
 40126	51	51	52	135	138	90	0	255
 40171	51	51	53	135	138	89	0	255
 40216	51	51	53	135	138	89	0	255
 40262	51	51	53	135	138	89	0	255
 40307	51	51	53	135	138	89	0	255
 40356	51	51	53	135	138	89	0	255
 40398	51	51	53	135	138	88	0	255
 40443	51	51	53	135	138	88	0	255
 40488	51	50	53	135	138	89	0	255
 40534	51	51	53	134	138	88	0	255
 40579	51	51	53	135	138	89	0	255
 40624	51	51	53	135	138	89	0	255
 40670	51	50	53	134	138	88	0	255
 40715	51	50	53	135	138	88	0	255
 40761	51	51	53	134	138	88	0	255
 40806	51	50	53	135	138	89	0	255
 40851	51	51	53	134	138	89	0	255
 40897	51	50	53	135	138	89	0	255
 40942	51	50	53	134	138	89	0	255
 40987	51	50	53	134	138	90	0	255
 41033	51	50	53	134	138	90	0	255
 41078	51	50	53	135	138	90	0	255
 41123	51	51	53	134	138	92	0	255
 41169	51	51	53	134	138	90	0	255
 41305	51	51	53	134	138	90	0	255
 41350	51	51	53	134	138	92	0	255
 41395	51	51	53	134	138	92	0	255
 41441	51	51	53	134	138	93	0	255
 41486	51	51	53	134	138	93	0	255
 41531	51	51	53	134	138	93	0	255
 41577	51	51	53	134	138	93	0	255
 41622	51	51	53	134	138	93	0	255
 41668	51	51	53	134	138	96	0	255
 41713	51	51	53	134	138	96	0	255
 41758	51	51	53	134	138	94	0	255
 41804	51	51	53	134	138	97	0	255
 41849	51	51	53	134	138	98	0	255
 41894	51	51	53	134	138	98	0	255
 41940	51	51	53	134	138	101	0	255
 41985	51	51	53	134	138	102	0	255
 42031	51	51	53	134	138	102	0	255
 42076	51	51	53	134	138	105	0	255
 42121	51	51	53	134	138	106	0	255
 42166	51	51	53	134	138	108	0	255
 42212	51	50	53	134	138	108	0	255
 42257	51	50	53	134	138	108	0	255
 42302	51	50	53	134	138	109	0	255
 42348	51	50	53	134	138	112	0	255
 42393	51	50	53	134	138	113	0	255
 42438	51	50	53	134	138	116	0	255
 42484	51	50	53	134	138	118	0	255
 42529	51	50	53	134	138	119	0	255
 42575	51	50	53	134	138	119	0	255
 42620	51	50	53	134	138	119	0	255
 42665	51	50	53	134	138	118	0	255
 42711	51	50	53	134	138	120	0	255
 42756	51	50	53	134	138	119	0	255
 42801	50	49	53	134	138	123	8	255
 42892	81	65	53	134	138	134	8	255
 42937	91	71	53	134	138	128	8	255
 42983	96	75	54	134	138	124	8	255
 43028	98	78	54	134	138	127	8	255
 43073	101	80	54	134	138	128	8	255
 43119	103	81	54	134	138	123	8	255
 43164	102	82	54	134	138	110	0	255
 43209	100	82	54	134	138	105	0	255
 43255	98	81	54	134	138	105	0	255
 43300	97	81	54	134	138	106	0	255
 43345	96	81	54	134	138	108	0	255
 43391	94	80	54	134	138	109	0	255
 43436	93	80	54	134	138	110	0	255
 43482	92	79	54	134	138	112	0	255
 43527	91	79	54	134	138	113	0	255
 43572	90	78	54	134	138	113	0	255
 43618	89	78	54	134	138	114	0	255
 43663	88	77	54	134	138	114	0	255
 43708	87	77	54	134	138	116	0	255
 43754	87	76	54	134	138	116	0	255
 43800	86	76	54	134	138	116	0	255
 43844	85	75	54	134	138	114	0	255
 43890	84	75	54	134	138	114	0	255
 43935	83	74	55	134	138	114	0	255
 43980	82	74	55	134	138	114	0	255
 44026	81	73	55	134	138	116	0	255
 44071	81	73	55	134	138	116	0	255
 44116	80	73	55	134	138	118	0	255
 44162	79	72	55	134	138	116	0	255
 44207	78	72	55	134	138	118	0	255
 44253	78	72	55	134	138	119	0	255
 44298	77	72	55	134	138	120	0	255
 44343	77	70	55	134	137	123	8	255
 44389	81	71	55	134	138	127	8	255
 44434	90	74	55	134	137	127	8	255
 44479	96	78	55	134	137	127	8	255
 44525	100	80	55	134	137	124	8	255
 44570	101	82	55	134	138	127	8	255
 44615	103	83	55	134	137	130	8	255
 44661	105	84	55	134	137	127	8	255
 44706	105	85	55	134	138	118	0	255
 44751	102	85	55	134	137	112	0	255
 44797	101	84	55	134	137	110	0	255
 44842	99	84	55	134	137	110	0	255
 44887	98	83	55	134	137	109	0	255
 44978	95	82	56	134	137	109	0	255
 45023	94	81	56	134	137	109	0	255
 45069	93	81	56	134	137	108	0	255
 45114	92	80	56	134	137	108	0	255
 45160	91	79	56	134	137	108	0	255
 45205	90	79	56	134	137	106	0	255
 45250	89	78	56	134	137	106	0	255
 45296	88	77	56	134	137	105	0	255
 45341	87	77	56	134	137	106	0	255
 45386	86	76	56	134	137	105	0	255
 45432	85	76	56	134	137	105	0	255
 45477	85	75	56	134	137	105	0	255
 45522	84	74	56	134	137	102	0	255
 45568	83	74	56	134	137	102	0	255
 45613	82	73	56	134	137	104	0	255
 45658	81	73	56	134	137	100	0	255
 45704	80	72	56	134	137	101	0	255
 45749	80	72	56	134	137	101	0	255
 45794	79	71	56	134	137	100	0	255
 45840	78	71	56	134	137	98	0	255
 45885	78	71	56	134	137	97	0	255
 45930	77	71	56	134	137	97	0	255
 45976	76	71	56	134	137	94	0	255
 46021	76	70	56	134	137	94	0	255
 46067	75	70	56	134	137	94	0	255
 46112	74	70	56	134	137	90	0	255
 46203	73	69	56	134	137	89	0	255
 46248	73	69	56	134	137	90	0	255
 46293	72	69	56	134	137	88	0	255
 46339	72	68	56	134	137	88	0	255
 46384	71	68	56	134	137	85	0	255
 46429	71	68	56	134	137	86	0	255
 46475	70	67	56	134	137	85	0	255
 46520	70	67	56	134	137	85	0	255
 46566	69	67	56	134	137	84	0	255
 46611	69	66	56	134	137	83	0	255
 46656	68	66	57	134	137	84	0	255
 46701	68	66	57	134	137	83	0	255
 46792	67	65	57	134	137	84	0	255
 46837	67	65	57	134	137	83	0	255
 46883	66	65	57	134	137	83	0	255
 46928	66	64	57	134	137	83	0	255
 46974	66	64	57	134	137	83	0	255
 47019	65	64	57	134	137	84	0	255
 47064	65	64	57	134	137	85	0	255
 47110	65	63	57	134	137	85	0	255
 47155	64	63	57	134	137	85	0	255
 47200	64	63	57	134	137	84	0	255
 47246	64	62	57	134	137	84	0	255
 47291	63	62	57	134	137	84	0	255
 47336	63	62	57	134	137	83	0	255
 47383	63	62	57	134	137	84	0	255
 47427	63	61	57	134	137	83	0	255
 47472	62	61	57	134	137	83	0	255
 47518	62	61	57	134	137	82	0	255
 47563	62	61	57	134	137	82	0	255
 47609	62	61	57	134	137	80	0	255
 47654	61	61	57	134	137	82	0	255
 47699	61	60	57	134	137	80	0	255
 47745	61	60	57	134	137	82	0	255
 47790	61	60	57	134	137	82	0	255
 47835	60	60	57	134	137	79	0	255
 47881	60	60	57	134	137	80	0	255
 47926	60	59	57	134	137	79	0	255
 47971	60	59	57	134	137	80	0	255
 48017	60	59	57	134	137	80	0	255
 48066	59	59	57	134	137	79	0	255
 48107	59	59	57	134	137	79	0	255
 48153	59	59	57	134	137	79	0	255
 48198	59	59	57	134	137	78	0	255
 48243	59	58	57	133	137	78	0	255
 48289	59	58	57	133	137	76	0	255
 48334	58	58	57	134	137	75	0	255
 48380	58	58	57	134	137	76	0	255
 48425	58	58	57	134	137	74	0	255
 48470	58	58	57	133	137	74	0	255
 48516	58	58	57	134	137	72	0	255
 48561	58	58	57	133	137	72	0	255
 48606	57	57	57	133	137	71	0	255
 48652	57	57	57	133	137	71	0	255
 48697	57	57	57	133	137	71	0	255
 48742	57	57	57	133	137	72	0	255
 48788	57	57	57	133	137	71	0	255
 48833	57	57	57	133	137	71	0	255
 48878	57	57	57	133	137	71	0	255
 48924	57	57	57	133	137	70	0	255
 48969	56	56	57	133	137	68	0	255
 49014	56	56	57	133	137	70	0	255
 49060	56	56	57	133	137	70	0	255
 49105	56	56	57	133	137	68	0	255
 49150	56	56	57	133	137	68	0	255
 49196	56	56	57	133	137	68	0	255
 49241	56	56	57	133	137	67	0	255
 49287	56	56	57	133	137	68	0	255
 49332	56	56	57	133	137	68	0	255
 49377	56	56	57	133	137	68	0	255
 49468	55	55	57	133	137	67	0	255
 49513	55	55	57	133	137	70	0	255
 49559	55	55	57	133	137	68	0	255
 49604	55	55	57	133	137	68	0	255
 49649	55	55	57	133	137	70	0	255
 49696	55	55	57	133	137	68	0	255
 49745	55	55	57	133	137	66	0	255
 49785	55	55	57	133	137	68	0	255
 49831	55	55	57	133	137	66	0	255
 49876	55	55	57	133	137	67	0	255
 49921	54	54	57	133	137	67	0	255
 49967	54	54	57	133	137	66	0	255
 50012	54	54	57	133	137	66	0	255
 50103	54	54	58	133	137	66	0	255
 50194	54	54	58	133	137	67	0	255
 50239	54	54	58	133	137	66	0	255
 50284	54	54	58	133	137	66	0	255
 50330	54	54	58	133	137	66	0	255
 50375	54	54	58	133	137	67	0	255
 50420	54	54	58	133	137	68	0	255
 50466	54	54	58	133	137	68	0	255
 50511	54	54	58	133	137	68	0	255
 50556	54	54	58	133	137	70	0	255
 50602	54	54	58	133	137	71	0	255
 50647	54	53	58	133	137	72	0	255
 50692	54	53	58	133	137	72	0	255
 50738	53	53	58	133	137	72	0	255
 50783	53	54	58	133	137	76	0	255
 50828	53	54	58	133	137	78	0	255
 50874	53	54	58	133	137	78	0	255
 50919	53	54	58	133	137	80	0	255
 50965	53	54	58	133	137	82	0	255
 51010	53	54	58	133	137	82	0	255
 51055	53	54	58	133	137	84	0	255
 51101	53	53	58	133	137	84	0	255
 51191	53	53	58	133	137	85	0	255
 51237	53	53	58	133	137	85	0	255
 51282	53	53	58	133	137	84	0	255
 51327	53	53	58	133	137	84	0	255
 51373	53	53	58	133	137	85	0	255
 51418	53	53	58	133	137	84	0	255
 51467	53	53	58	133	137	84	0	255
 51509	53	53	58	133	137	84	0	255
 51554	53	53	58	133	137	83	0	255
 51599	53	53	58	133	137	84	0	255
 51645	53	53	58	133	137	83	0	255
 51690	53	53	58	133	137	83	0	255
 51735	53	52	58	133	137	83	0	255
 51781	53	52	58	133	137	82	0	255
 51826	52	52	58	133	137	82	0	255
 51872	52	52	58	133	137	80	0	255
 51917	52	52	58	133	137	79	0	255
 51962	52	52	58	133	137	80	0	255
 52008	52	52	58	133	137	80	0	255
 52053	52	52	58	133	137	80	0	255
 52098	52	52	58	133	136	80	0	255
 52144	52	52	58	133	136	82	0	255
 52189	52	52	58	133	136	82	0	255
 52234	52	52	58	133	136	82	0	255
 52280	52	52	58	133	136	80	0	255
 52325	52	52	58	133	136	83	0	255
 52370	52	52	58	133	136	80	0	255
 52416	52	52	58	133	136	82	0	255
 52461	52	52	58	133	136	80	0	255
 52506	52	52	58	133	136	83	0	255
 52552	52	52	58	133	136	79	0	255
 52597	52	52	58	133	136	79	0	255
 52643	52	52	58	133	136	80	0	255
 52688	52	52	58	133	136	80	0	255
 52733	52	52	58	133	136	79	0	255
 52779	52	52	58	133	136	79	0	255
 52824	52	52	58	133	136	80	0	255
 52869	52	51	58	133	136	78	0	255
 52915	52	51	58	133	136	78	0	255
 52960	52	51	58	133	136	78	0	255
 53005	52	51	58	133	136	79	0	255
 53051	52	51	58	133	136	80	0	255
 53096	52	51	58	133	136	79	0	255
 53187	52	51	58	133	136	80	0	255
 53232	52	51	58	133	136	79	0	255
 53277	52	51	58	133	136	80	0	255
 53323	52	51	58	133	136	82	0	255
 53372	52	51	58	133	136	82	0	255
 53414	52	51	58	133	136	82	0	255
 53459	52	51	58	133	136	84	0	255
 53504	52	51	58	133	136	85	0	255
 53550	52	51	58	133	136	84	0	255
 53595	52	51	58	133	136	84	0	255
 53640	52	51	58	133	136	86	0	255
 53686	52	51	58	133	136	86	0	255
 53731	52	51	58	133	136	86	0	255
 53776	51	51	58	133	136	86	0	255
 53822	51	51	58	133	136	85	0	255
 53867	51	51	58	133	136	86	0	255
 53912	51	51	58	133	136	86	0	255
 53958	51	51	58	133	136	85	0	255
 54003	51	51	58	133	136	86	0	255
 54048	51	51	58	133	136	85	0	255
 54094	51	51	58	133	136	85	0	255
 54139	51	51	58	133	136	84	0	255
 54185	51	51	58	133	136	84	0	255
 54230	51	51	58	133	136	84	0	255
 54275	51	51	58	133	136	82	0	255
 54321	51	51	58	133	136	82	0	255
 54366	51	51	58	133	136	80	0	255
 54411	51	51	58	133	136	80	0	255
 54457	51	51	58	133	136	80	0	255
 54502	51	51	58	133	136	79	0	255
 54547	51	51	58	133	136	79	0	255
 54593	51	51	58	133	136	79	0	255
 54638	51	51	58	133	136	79	0	255
 54683	51	51	58	133	136	79	0	255
 54729	51	51	58	133	136	79	0	255
 54774	51	51	59	133	136	76	0	255
 54819	51	51	58	133	136	78	0	255
 54865	51	51	59	133	136	76	0	255
 54910	51	51	59	133	136	76	0	255
 54956	51	51	59	133	136	76	0	255
 55001	51	51	59	133	136	76	0	255
 55046	51	51	59	133	136	76	0	255
 55092	51	51	59	133	136	75	0	255
 55137	51	51	59	133	136	75	0	255
 55186	51	51	59	133	136	75	0	255
 55228	51	51	59	133	136	75	0	255
 55273	51	51	59	133	136	74	0	255
 55318	51	51	59	133	136	74	0	255
 55364	51	51	59	133	136	74	0	255
 55409	51	51	59	133	136	74	0	255
 55454	51	51	59	133	136	71	0	255
 55500	51	51	59	133	136	71	0	255
 55545	51	51	59	133	136	70	0	255
 55590	51	51	59	133	136	71	0	255
 55636	51	51	59	133	136	71	0	255
 55681	51	51	59	133	136	70	0	255
 55727	51	51	59	133	136	70	0	255
 55772	51	51	59	133	136	70	0	255
 55817	51	51	59	133	136	70	0	255
 55863	51	51	59	132	136	70	0	255
 55908	51	51	59	132	136	70	0	255
 55957	51	51	59	132	136	70	0	255
 55999	51	51	59	132	136	70	0	255
 56044	51	51	59	132	136	68	0	255
 56089	51	51	59	132	136	68	0	255
 56135	51	51	59	132	136	67	0	255
 56225	51	51	59	132	136	68	0	255
 56271	51	51	59	132	136	68	0	255
 56316	51	51	59	132	136	70	0	255
 56361	51	51	59	132	136	70	0	255
 56407	51	51	59	132	136	70	0	255
 56452	51	51	59	132	136	70	0	255
 56498	51	51	59	132	136	70	0	255
 56543	51	51	59	132	136	70	0	255
 56588	51	51	59	132	136	70	0	255
 56634	51	51	59	132	136	70	0	255
 56679	51	51	59	132	136	71	0	255
 56724	51	51	59	132	136	71	0	255
 56770	51	51	59	132	136	72	0	255
 56815	51	51	59	132	136	72	0	255
 56860	51	51	59	132	136	72	0	255
 56906	51	51	59	132	136	71	0	255
 56951	51	51	59	132	136	71	0	255
 56996	51	51	59	132	136	74	0	255
 57042	51	51	59	132	136	74	0	255
 57087	51	51	59	132	136	76	0	255
 57132	51	51	59	132	136	76	0	255
 57178	51	51	59	132	136	75	0	255
 57223	51	51	59	132	136	75	0	255
 57314	51	51	59	132	136	78	0	255
 57360	51	51	59	132	136	76	0	255
 57405	51	51	59	132	136	76	0	255
 57450	51	51	59	132	136	76	0	255
 57495	51	51	59	132	136	78	0	255
 57541	51	51	59	132	136	76	0	255
 57586	51	51	59	132	136	75	0	255
 57631	51	51	59	132	136	78	0	255
 57677	51	51	59	132	136	76	0	255
 57722	51	51	59	132	136	76	0	255
 57767	51	50	59	132	136	76	0	255
 57813	51	50	59	132	136	74	0	255
 57858	51	51	59	132	136	75	0	255
 57907	51	50	59	132	136	74	0	255
 57952	51	50	59	132	136	74	0	255
 58039	51	50	59	132	136	72	0	255
 58085	51	50	59	132	136	72	0	255
 58130	51	50	59	132	136	72	0	255
 58176	51	50	59	132	136	71	0	255
 58266	51	50	59	132	136	72	0	255
 58315	51	50	59	132	136	71	0	255
 58357	51	50	59	132	136	71	0	255
 58402	51	50	59	132	136	70	0	255
 58448	51	50	59	132	136	71	0	255
 58493	51	50	59	132	136	68	0	255
 58584	51	50	59	132	136	68	0	255
 58629	51	50	59	132	136	68	0	255
 58674	51	50	59	132	136	68	0	255
 58720	51	50	59	132	136	68	0	255
 58765	51	50	59	132	136	67	0	255
 58810	51	50	59	132	136	68	0	255
 58856	51	50	59	132	136	68	0	255
 58901	51	50	59	132	136	67	0	255
 58946	51	50	59	132	136	67	0	255
 58992	51	50	59	132	136	68	0	255
 59037	51	50	59	132	136	67	0	255
 59083	51	50	59	132	136	68	0	255
 59128	51	50	59	132	136	68	0	255
 59173	51	50	59	132	136	70	0	255
 59219	51	50	59	132	136	68	0	255
 59264	51	50	59	132	136	68	0	255
 59309	51	50	59	132	136	70	0	255
 59355	51	50	59	132	136	68	0	255
 59400	51	50	59	132	136	68	0	255
 59491	51	50	59	132	135	68	0	255
 59536	51	50	59	132	135	67	0	255
 59581	51	50	59	132	135	67	0	255
 59627	51	50	59	132	135	68	0	255
 59672	51	50	59	132	135	66	0	255
 59717	51	50	59	132	135	68	0	255
 59763	51	50	59	132	135	66	0	255
 59808	51	50	59	132	135	67	0	255
 59854	51	50	59	132	135	66	0	255
 59902	51	50	59	132	135	66	0	255
 59993	51	50	59	132	135	66	0	255
 60035	51	50	59	132	135	66	0	255
 60080	51	50	59	132	135	65	0	255
 60126	51	50	59	132	135	65	0	255
 60171	51	50	59	132	135	65	0	255
 60216	51	50	59	132	135	67	0	255
 60262	51	50	59	132	135	66	0	255
 60307	51	50	59	132	135	67	0	255
 60352	51	50	59	132	135	66	0	255
 60398	51	50	59	132	135	66	0	255
 60443	51	50	59	132	135	66	0	255
 60488	51	50	59	132	135	66	0	255
 60537	51	50	59	132	135	67	0	255
 60579	51	50	59	132	135	66	0	255
 60624	51	50	59	132	135	66	0	255
 60670	51	50	59	132	135	67	0	255
 60715	51	50	59	132	135	67	0	255
 60761	51	50	59	132	135	66	0	255
 60806	51	50	59	132	135	66	0	255
 60851	51	50	59	132	135	66	0	255
 60897	51	50	59	132	135	66	0	255
 60942	51	50	59	132	135	65	0	255
 60987	51	50	59	132	135	66	0	255
 61033	51	50	59	132	135	66	0	255
 61078	51	50	59	132	135	65	0	255
 61123	51	50	59	132	135	65	0	255
 61170	51	50	59	132	135	65	0	255
 61214	51	50	59	132	135	64	0	255
 61260	51	50	59	132	135	64	0	255
 61308	51	50	59	132	135	64	0	255
 61350	51	50	59	132	135	65	0	255
 61395	51	50	59	132	135	64	0	255
 61444	51	50	59	132	135	64	0	255
 61486	51	50	59	132	135	64	0	255
 61531	51	50	59	132	135	64	0	255
 61577	51	50	59	132	135	62	0	255
 61622	51	50	59	132	135	64	0	255
 61671	51	50	59	132	135	62	0	255
 61713	51	50	59	132	135	62	0	255
 61758	51	50	59	132	135	64	0	255
 61849	51	50	59	132	135	62	0	255
 61894	51	50	59	132	135	62	0	255
 61940	51	50	59	132	135	62	0	255
 61985	51	50	59	132	135	62	0	255
 62030	51	50	59	132	135	61	0	255
 62076	51	50	59	132	135	61	0	255
 62121	51	50	59	132	135	62	0	255
 62166	51	50	59	132	135	61	0	255
 62212	51	50	59	132	135	60	0	255
 62257	51	50	59	132	135	61	0	255
 62302	51	50	59	132	135	62	0	255
 62348	51	50	59	132	135	61	0	255
 62393	51	50	59	132	135	60	0	255
 62439	51	50	59	132	135	61	0	255
 62484	51	50	59	132	135	61	0	255
 62529	51	50	59	132	135	60	0	255
 62575	51	50	59	132	135	61	0	255
 62620	51	50	59	132	135	60	0	255
 62665	51	50	59	132	135	58	0	255
 62711	51	50	59	132	135	60	0	255
 62756	51	50	59	132	135	58	0	255
 62847	51	50	59	132	135	57	0	255
 62892	51	50	59	132	135	58	0	255
 62938	51	50	59	132	135	57	0	255
 62983	51	50	60	132	135	57	0	255
 63028	51	50	60	132	135	58	0	255
 63073	51	50	60	132	135	56	0	255
 63119	51	50	60	131	135	57	0	255
 63164	51	50	60	131	135	56	0	255
 63210	51	50	60	132	135	56	0	255
 63255	51	50	60	132	135	57	0	255
 63300	51	50	60	132	135	57	0	255
 63346	51	50	60	131	135	56	0	255
 63391	51	50	60	131	135	57	0	255
 63436	51	50	60	131	135	56	0	255
 63482	51	50	60	131	135	57	0	255
 63527	51	50	60	131	135	56	0	255
 63618	51	50	60	131	135	56	0	255
 63663	51	50	60	131	135	56	0	255
 63708	51	50	60	131	135	56	0	255
 63754	51	50	60	131	135	57	0	255
 63799	51	50	60	131	135	54	0	255
 63844	51	50	60	131	135	54	0	255
 63890	51	50	60	131	135	56	0	255
 63935	51	50	60	131	135	54	0	255
 63984	51	50	60	131	135	54	0	255
 64026	51	50	60	131	135	54	0	255
 64071	51	50	60	131	135	54	0	255
 64117	51	50	60	131	135	54	0	255
 64166	51	50	60	131	135	53	0	255
 64207	51	50	60	131	135	53	0	255
 64253	51	50	60	131	135	54	0	255
 64298	51	50	60	131	135	53	0	255
 64343	51	50	60	131	135	53	0	255
 64393	51	50	60	131	135	53	0	255
 64434	51	50	60	131	135	53	0	255
 64479	51	50	60	131	135	52	0	255
 64525	51	50	60	131	135	52	0	255
 64615	51	50	60	131	135	51	0	255
 64661	51	50	60	131	135	52	0	255
 64706	51	50	60	131	135	52	0	255
 64751	51	50	60	131	135	51	0	255
 64797	51	50	60	131	135	52	0	255
 64842	51	50	60	131	135	51	0	255
 64888	51	50	60	131	135	51	0	255
 64933	51	50	60	131	135	52	0	255
 64978	51	50	60	131	135	52	0	255
 65024	51	50	60	131	135	52	0	255
 65069	51	50	60	131	135	51	0	255
 65114	51	50	60	131	135	51	0	255
 65160	51	50	60	131	135	51	0	255
 65205	51	50	60	131	135	50	0	255
 65250	51	50	60	131	135	51	0	255
 65296	51	50	60	131	135	51	0	255
 65386	51	50	60	131	135	51	0	255
 65432	51	50	60	131	135	51	0	255
 65477	51	50	60	131	135	50	0	255
 65523	51	50	60	131	135	50	0	255
 65613	51	50	60	131	135	51	0	255
 65659	51	50	60	131	135	51	0	255
 65704	51	50	60	131	135	52	0	255
 65749	51	50	60	131	135	51	0	255
 65795	51	50	60	131	135	51	0	255
 65840	51	50	60	131	135	52	0	255
 65885	51	50	60	131	135	52	0	255
 65931	51	50	60	131	135	52	0	255
 65976	51	50	60	131	135	52	0	255
 66021	51	50	60	131	135	53	0	255
 66067	51	50	60	131	135	53	0	255
 66112	51	50	60	131	135	53	0	255
 66157	51	50	60	131	135	53	0	255
 66203	51	50	60	131	135	53	0	255
 66248	51	50	60	131	135	53	0	255
 66298	51	50	60	131	135	54	0	255
 66339	51	50	60	131	135	53	0	255
 66384	51	50	60	131	135	54	0	255
 66433	51	50	60	131	135	54	0	255
 66475	51	50	60	131	135	54	0	255
 66520	51	50	60	131	135	56	0	255
 66566	51	50	60	131	135	56	0	255
 66611	51	50	60	131	135	56	0	255
 66656	51	50	60	131	135	57	0	255
 66702	51	50	60	131	135	57	0	255
 66747	51	50	60	131	134	56	0	255
 66792	51	50	60	131	135	57	0	255
 66838	51	50	60	131	135	58	0	255
 66883	51	50	60	131	134	57	0	255
 66928	51	50	60	131	134	58	0	255
 66974	51	50	60	131	134	57	0	255
 67019	51	50	60	131	134	57	0	255
 67065	51	50	60	131	134	57	0	255
 67110	51	50	60	131	134	58	0	255
 67155	51	50	60	131	134	58	0	255
 67201	51	50	60	131	134	57	0	255
 67246	51	50	60	131	134	57	0	255
 67291	51	50	60	131	134	58	0	255
 67337	51	50	60	131	134	57	0	255
 67382	51	50	60	131	134	58	0	255
 67427	50	50	60	131	134	58	0	255
 67518	51	50	60	131	134	58	0	255
 67563	50	50	60	131	134	58	0	255
 67609	51	50	60	131	134	57	0	255
 67654	51	50	60	131	134	57	0	255
 67700	50	50	60	131	134	57	0	255
 67745	50	50	60	131	134	58	0	255
 67790	50	50	60	131	134	57	0	255
 67836	50	50	60	131	134	56	0	255
 67881	50	50	60	131	134	56	0	255
 67926	50	50	60	131	134	56	0	255
 67972	50	50	60	131	134	54	0	255
 68017	51	50	60	131	134	56	0	255
 68066	50	50	60	131	134	54	0	255
 68111	50	50	60	131	134	56	0	255
 68153	50	50	60	131	134	54	0	255
 68198	51	50	60	131	134	54	0	255
 68244	50	50	60	131	134	56	0	255
 68289	50	50	60	131	134	54	0	255
 68334	50	50	60	131	134	54	0	255
 68382	50	50	60	131	134	53	0	255
 68425	50	50	60	131	134	54	0	255
 68470	50	50	60	131	134	53	0	255
 68516	50	50	60	131	134	53	0	255
 68561	50	50	60	131	134	53	0	255
 68607	50	50	60	131	134	54	0	255
 68652	50	50	60	131	134	54	0	255
 68697	50	50	60	131	134	53	0	255
 68743	50	50	60	131	134	53	0	255
 68788	50	50	60	131	134	53	0	255
 68833	50	50	60	131	134	53	0	255
 68879	50	50	60	131	134	53	0	255
 68924	50	50	60	131	134	52	0	255
 68969	50	50	60	131	134	53	0	255
 69015	50	50	60	131	134	53	0	255
 69060	50	50	60	131	134	52	0	255
 69110	50	50	60	131	134	53	0	255
 69151	50	50	60	131	134	52	0	255
 69196	50	50	60	131	134	53	0	255
 69242	50	50	60	131	134	52	0	255
 69287	50	50	60	131	134	52	0	255
 69332	50	50	60	131	134	51	0	255
 69378	50	50	60	131	134	52	0	255
 69423	50	50	60	131	134	52	0	255
 69468	50	50	60	131	134	52	0	255
 69514	50	50	60	131	134	52	0	255
 69559	50	50	60	131	134	51	0	255
 69604	50	50	60	131	134	52	0	255
 69650	50	50	60	131	134	52	0	255
 69695	50	50	60	131	134	52	0	255
 69740	50	50	60	131	134	52	0	255
 69786	50	50	60	131	134	52	0	255
 69831	50	50	60	131	134	51	0	255
 69876	50	50	60	131	134	52	0	255
 69922	50	50	60	131	134	51	0	255
 69967	50	50	60	131	134	52	0	255
 70012	50	50	60	131	134	51	0	255
 70058	50	50	60	131	134	51	0	255
 70103	50	50	60	131	134	51	0	255
 70149	50	50	60	131	134	50	0	255
 70194	50	50	60	131	134	50	0	255
 70239	50	50	60	131	134	50	0	255
 70285	50	50	60	131	134	50	0	255
 70375	50	50	60	131	134	50	0	255
 70421	50	50	60	131	134	50	0	255
 70466	50	50	60	131	134	50	0	255
 70511	50	50	60	131	134	50	0	255
 70561	50	50	60	131	134	48	0	255
 70602	50	50	60	131	134	48	0	255
 70647	50	50	60	131	134	48	0	255
 70693	50	50	60	130	134	48	0	255
 70738	50	50	60	130	134	48	0	255
 70829	50	50	60	130	134	48	0	255
 70920	50	50	60	130	134	47	0	255
 70965	50	50	60	130	134	47	0	255
 71010	50	50	60	130	134	47	0	255
 71056	50	50	60	130	134	35	0	255
 71101	50	50	60	130	134	46	0	255
 71146	50	50	60	130	134	47	0	255
 71192	50	50	60	130	134	46	0	255
 71237	50	50	60	130	134	47	0	255
 71282	50	50	60	130	134	46	0	255
 71328	50	50	60	130	134	45	0	255
 71373	50	50	60	130	134	46	0	255
 71464	50	50	60	130	134	45	0	255
 71512	50	50	60	130	134	45	0	255
 71554	50	50	60	130	134	45	0	255
 71645	50	50	60	130	134	45	0	255
 71737	50	50	60	130	134	45	0	255
 71781	50	50	60	130	134	45	0	255
 71827	50	50	60	130	134	45	0	255
 71872	50	50	60	130	134	45	0	255
 71921	50	50	60	130	134	45	0	255
 71963	50	50	60	130	134	44	0	255
 72008	50	50	60	130	134	45	0	255
 72053	50	50	60	130	134	44	0	255
 72099	50	50	60	130	134	44	0	255
 72144	50	50	60	130	134	45	0	255
 72189	50	50	60	130	134	45	0	255
 72235	50	50	60	130	134	42	0	255
 72280	50	50	60	130	134	42	0	255
 72334	50	50	60	130	134	44	0	255
 72425	50	50	60	130	134	44	0	255
 72474	50	50	60	130	134	44	0	255
 72516	50	50	60	130	134	42	0	255
 72561	50	50	60	130	134	44	0	255
 72607	50	50	60	130	134	42	0	255
 72652	50	50	60	130	134	42	0	255
 72697	50	50	60	130	134	42	0	255
 72747	50	50	60	130	134	42	0	255
 72788	50	50	60	130	134	41	0	255
 72879	50	50	60	130	134	42	0	255
 72929	50	50	60	130	134	42	0	255
 72969	50	50	60	130	134	41	0	255
 73015	50	50	60	130	134	40	0	255
 73060	50	50	60	130	134	42	0	255
 73106	50	50	59	130	134	41	0	255
 73151	50	50	59	130	134	42	0	255
 73196	50	50	59	130	134	41	0	255
 73241	50	50	58	130	134	41	0	255
 73287	50	50	58	130	134	41	0	255
 73332	50	50	58	130	134	42	0	255
 73378	50	50	58	130	134	41	0	255
 73423	50	50	57	130	134	41	0	255
 73468	50	50	57	130	134	41	0	255
 73518	50	50	57	130	134	42	0	255
 73559	50	50	57	130	134	41	0	255
 73604	50	50	57	130	134	40	0	255
 73650	50	50	57	130	134	41	0	255
 73695	50	50	57	130	134	41	0	255
 73740	50	50	57	130	134	41	0	255
 73786	50	50	56	130	134	41	0	255
 73831	50	50	56	130	134	42	0	255
 73876	50	50	56	130	134	40	0	255
 73922	50	50	56	130	134	40	0	255
 73967	50	50	56	130	133	41	0	255
 74012	50	50	56	130	133	41	0	255
 74058	50	50	56	130	134	41	0	255
 74103	50	50	56	130	133	41	0	255
 74149	50	50	56	130	133	41	0	255
 74194	50	50	56	130	133	40	0	255
 74239	50	50	56	130	133	40	0	255
 74285	50	50	56	130	133	40	0	255
 74375	51	50	56	130	133	38	0	255
 74466	51	50	56	130	133	41	0	255
 74515	50	50	56	130	133	40	0	255
 74557	51	50	56	130	133	40	0	255
 74602	50	50	56	130	133	40	0	255
 74647	51	50	56	130	133	41	0	255
 74693	51	50	56	130	133	38	0	255
 74738	51	50	56	130	133	40	0	255
 74874	51	50	55	130	133	38	0	255
 74919	51	50	55	130	133	40	0	255
 74965	51	50	55	130	133	40	0	255
 75010	51	50	55	130	133	38	0	255
 75056	51	50	54	130	133	40	0	255
 75101	51	50	54	130	133	40	0	255
 75195	51	50	54	130	133	38	0	255
 75282	51	50	54	130	133	40	0	255
 75328	51	50	54	130	133	40	0	255
 75376	51	50	54	130	133	38	0	255
 75464	51	50	54	130	133	40	0	255
 75554	51	50	54	130	133	40	0	255
 75600	51	50	54	130	133	38	0	255
 75645	51	50	54	130	133	38	0	255
 75694	51	50	54	130	133	40	0	255
 75736	51	50	54	130	133	38	0	255
 75781	51	50	54	130	133	38	0	255
 75827	51	50	54	130	133	37	0	255
 75917	51	50	54	130	133	38	0	255
 75963	51	50	54	130	133	38	0	255
 76008	51	50	54	130	133	38	0	255
 76053	51	50	54	130	133	37	0	255
 76099	51	50	54	130	133	37	0	255
 76189	51	50	54	130	133	38	0	255
 76235	51	50	54	130	133	38	0	255
 76280	51	50	54	130	133	38	0	255
 76325	51	50	54	130	133	38	0	255
 76374	51	50	54	130	133	38	0	255
 76416	51	50	54	130	133	37	0	255
 76462	51	50	54	130	133	40	0	255
 76552	51	50	54	130	133	38	0	255
 76602	51	50	54	130	133	38	0	255
 76643	51	50	54	130	133	38	0	255
 76688	51	50	54	130	133	38	0	255
 76734	51	50	54	130	133	38	0	255
 76779	51	50	54	130	133	38	0	255
 76824	51	50	54	130	133	38	0	255
 76870	51	50	54	130	133	38	0	255
 76915	51	50	54	130	133	38	0	255
 76964	51	50	54	130	133	38	0	255
 77051	51	50	54	130	133	38	0	255
 77096	51	50	54	130	133	37	0	255
 77145	51	50	54	130	133	37	0	255
 77187	51	50	54	130	133	37	0	255
 77233	51	50	54	130	133	38	0	255
 77278	51	50	54	130	133	38	0	255
 77369	51	50	54	130	133	37	0	255
 77414	51	50	54	130	133	38	0	255
 77459	51	50	54	130	133	38	0	255
 77505	51	50	54	130	133	37	0	255
 77550	51	50	54	130	133	37	0	255
 77595	51	50	54	130	133	38	0	255
 77641	51	50	54	130	133	40	0	255
 77686	51	50	54	130	133	38	0	255
 77735	51	50	54	130	133	38	0	255
 77781	51	50	54	130	133	38	0	255
 77913	51	50	54	130	133	38	0	255
 77958	51	50	54	129	133	37	0	255
 78013	51	50	54	129	133	38	0	255
 78049	51	50	54	129	133	37	0	255
 78094	51	50	54	130	133	38	0	255
 78140	51	50	54	130	133	38	0	255
 78189	51	50	54	129	133	37	0	255
 78230	51	50	54	129	133	37	0	255
 78276	51	50	54	129	133	37	0	255
 78321	51	50	54	129	133	37	0	255
 78366	51	50	54	129	133	37	0	255
 78412	51	50	54	129	133	38	0	255
 78457	51	50	54	129	133	37	0	255
 78502	51	50	54	129	133	38	0	255
 78638	51	50	54	129	133	38	0	255
 78684	51	50	54	129	133	38	0	255
 78774	51	50	54	129	133	38	0	255
 78820	51	50	54	129	133	37	0	255
 78865	51	50	54	129	133	37	0	255
 78911	51	50	54	129	133	37	0	255
 78956	51	50	54	129	133	36	0	255
 79001	51	50	54	129	133	38	0	255
 79047	51	50	54	129	133	37	0	255
 79092	51	50	54	129	133	37	0	255
 79183	51	50	54	129	133	38	0	255
 79273	51	50	54	129	133	38	0	255
 79319	51	50	54	129	133	37	0	255
 79364	51	50	54	129	133	37	0	255
 79409	51	50	54	129	133	37	0	255
 79500	51	50	54	129	133	37	0	255
 79545	51	50	54	129	133	37	0	255
 79636	51	50	54	129	133	37	0	255
 79681	51	50	54	129	133	36	0	255
 79727	51	50	54	129	133	37	0	255
 79772	51	50	54	129	133	36	0	255
 79818	51	50	54	129	133	36	0	255
 79863	51	50	54	129	133	37	0	255
 79954	51	50	54	129	133	36	0	255
 79999	51	50	54	129	133	35	0	255
 80044	51	50	54	129	133	36	0	255
 80093	51	50	54	129	133	35	0	255
 80135	51	50	54	129	133	36	0	255
 80180	51	50	54	129	133	36	0	255
 80226	51	50	54	129	133	36	0	255
 80271	51	50	54	129	133	36	0	255
 80316	51	50	54	129	133	36	0	255
 80365	51	50	54	129	133	36	0	255
 80407	51	50	54	129	133	35	0	255
 80452	51	50	54	129	133	36	0	255
 80543	51	50	54	129	133	36	0	255
 80589	51	50	54	129	133	36	0	255
 80634	51	50	54	129	133	36	0	255
 80679	51	50	54	129	133	35	0	255
 80728	51	50	54	129	133	35	0	255
 80770	51	50	54	129	133	35	0	255
 80815	51	50	54	129	133	35	0	255
 80861	51	50	54	129	133	36	0	255
 80906	51	50	54	129	133	35	0	255
 80951	51	50	54	129	133	35	0	255
 80997	51	50	54	129	133	35	0	255
 81042	51	50	54	129	133	34	0	255
 81087	51	50	54	129	133	36	0	255
 81133	51	50	54	129	133	35	0	255
 81178	51	50	54	129	133	35	0	255
 81227	50	50	54	129	133	34	0	255
 81273	50	50	54	129	133	35	0	255
 81314	50	50	54	129	133	35	0	255
 81359	51	50	54	129	132	34	0	255
 81405	51	50	54	129	132	35	0	255
 81496	51	50	54	129	132	35	0	255
 81541	50	50	54	129	132	34	0	255
 81586	50	50	54	129	132	34	0	255
 81632	50	50	54	129	132	35	0	255
 81677	50	50	54	129	132	35	0	255
 81722	50	50	54	129	132	35	0	255
 81768	50	50	54	129	132	34	0	255
 81817	50	50	54	129	132	34	0	255
 81858	50	50	54	129	132	34	0	255
 81904	50	50	54	129	132	34	0	255
 81949	50	50	54	129	132	35	0	255
 81994	50	50	54	129	132	34	0	255
 82040	50	50	54	129	132	35	0	255
 82085	50	50	54	129	132	34	0	255
 82130	50	50	54	129	132	34	0	255
 82176	50	50	54	129	132	34	0	255
 82221	50	50	54	129	132	34	0	255
 82266	50	50	54	129	132	34	0	255
 82312	50	50	54	129	132	32	0	255
 82357	50	50	54	129	132	32	0	255
 82403	50	50	54	129	132	34	0	255
 82448	50	50	54	129	132	34	0	255
 82493	50	50	54	129	132	34	0	255
 82539	50	50	54	129	132	34	0	255
 82584	50	50	54	129	132	34	0	255
 82629	50	50	54	129	132	34	0	255
 82675	50	50	54	129	132	34	0	255
 82720	50	50	54	129	132	32	0	255
 82765	50	50	54	129	132	34	0	255
 82811	50	50	54	129	132	34	0	255
 82856	50	50	54	129	132	32	0	255
 82901	50	50	54	129	132	32	0	255
 82947	50	50	54	129	132	34	0	255
 82992	50	50	54	129	132	32	0	255
 83037	50	50	54	129	132	32	0	255
 83083	50	50	54	129	132	34	0	255
 83128	50	50	54	129	132	32	0	255
 83174	50	50	54	129	132	32	0	255
 83219	50	50	54	129	132	34	0	255
 83264	50	50	54	129	132	32	0	255
 83310	50	50	54	129	132	32	0	255
 83355	50	50	54	129	132	32	0	255
 83446	50	50	54	129	132	32	0	255
 83491	50	50	54	129	132	34	0	255
 83536	50	50	54	129	132	32	0	255
 83582	50	50	54	129	132	34	0	255
 83627	50	50	54	129	132	32	0	255
 83672	50	50	54	129	132	32	0	255
 83718	50	50	54	129	132	32	0	255
 83763	50	50	54	129	132	32	0	255
 83808	50	50	54	129	132	32	0	255
 83854	50	50	54	129	132	32	0	255
 83899	50	50	54	129	132	34	0	255
 83945	50	50	54	129	132	32	0	255
 83990	50	50	54	129	132	34	0	255
 84035	50	50	54	129	132	31	0	255
 84081	50	50	54	129	132	32	0	255
 84126	50	50	54	129	132	32	0	255
 84171	50	50	54	129	132	32	0	255
 84217	50	50	54	129	132	32	0	255
 84262	50	50	54	129	132	31	0	255
 84307	50	50	54	129	132	32	0	255
 84353	50	50	54	129	132	32	0	255
 84398	50	50	54	129	132	32	0	255
 84443	50	50	54	129	132	31	0	255
 84489	50	50	54	129	132	32	0	255
 84534	50	50	54	129	132	31	0	255
 84582	50	50	54	129	132	32	0	255
 84625	50	50	54	129	132	32	0	255
 84670	50	50	54	129	132	32	0	255
 84716	50	50	54	129	132	32	0	255
 84761	50	50	54	129	132	32	0	255
 84806	50	50	54	129	132	32	0	255
 84852	50	50	54	129	132	32	0	255
 84897	50	50	54	129	132	31	0	255
 84942	50	50	54	129	132	32	0	255
 84988	50	50	54	129	132	32	0	255
 85033	50	50	54	129	132	32	0	255
 85078	50	50	54	129	132	32	0	255
 85124	50	50	54	129	132	31	0	255
 85169	50	50	54	129	132	32	0	255
 85214	50	50	54	129	132	32	0	255
 85260	50	50	54	129	132	32	0	255
 85305	50	50	54	129	132	32	0	255
 85350	50	50	54	129	132	34	0	255
 85396	50	50	54	129	132	32	0	255
 85441	50	50	54	129	132	32	0	255
 85487	50	50	54	129	132	32	0	255
 85532	50	50	54	129	132	34	0	255
 85577	50	50	54	129	132	32	0	255
 85623	50	50	54	128	132	31	0	255
 85668	50	50	54	129	132	32	0	255
 85713	50	50	54	128	132	32	0	255
 85759	50	50	54	128	132	31	0	255
 85804	50	50	54	128	132	34	0	255
 85849	50	50	54	128	132	32	0	255
 85895	50	50	54	128	132	32	0	255
 85940	50	50	54	128	132	32	0	255
 85985	50	50	54	128	132	34	0	255
 86031	50	50	54	128	132	31	0	255
 86076	50	50	54	128	132	32	0	255
 86122	50	50	54	128	132	32	0	255
 86167	50	50	54	128	132	32	0	255
 86212	50	50	54	128	132	34	0	255
 86258	50	50	54	128	132	32	0	255
 86303	50	50	54	128	132	32	0	255
 86348	50	50	55	128	132	31	0	255
 86394	50	50	55	128	132	34	0	255
