HomeCentral
 Falkenstrasse 20
 8630 Rueti
 Datum: 16.06.14 00:00
 
 Startzeit: 2014-06-16 00:00:29 +0100
 75	64	63	92	149	156	29	0	255
 120	64	63	91	149	156	28	0	255
 165	64	63	91	149	156	28	0	255
 211	64	63	91	149	156	29	0	255
 256	64	63	91	149	156	29	0	255
 301	64	63	91	149	156	30	0	255
 347	64	63	91	149	156	28	0	255
 392	64	63	91	149	156	29	0	255
 438	64	63	91	149	156	29	0	255
 483	64	63	90	149	156	29	0	255
 528	64	63	90	149	156	29	0	255
 574	64	63	90	149	156	30	0	255
 619	64	63	90	149	156	29	0	255
 664	64	63	90	149	156	29	0	255
 710	64	63	90	149	156	29	0	255
 755	64	63	90	149	156	29	0	255
 800	64	63	90	149	156	29	0	255
 846	64	63	90	149	156	28	0	255
 891	64	63	90	149	156	29	0	255
 936	64	63	89	149	156	29	0	255
 982	64	63	89	149	156	29	0	255
 1028	64	63	89	149	156	28	0	255
 1072	64	63	89	149	156	29	0	255
 1118	64	63	89	149	156	29	0	255
 1163	64	63	89	149	156	29	0	255
 1208	64	63	89	149	156	29	0	255
 1254	64	63	89	149	156	29	0	255
 1299	64	63	89	149	156	29	0	255
 1345	64	63	89	149	156	28	0	255
 1390	64	63	89	149	156	28	0	255
 1435	64	63	89	149	156	28	0	255
 1481	64	63	89	149	156	28	0	255
 1526	64	63	89	149	156	28	0	255
 1571	64	63	88	149	156	28	0	255
 1617	64	63	88	149	156	29	0	255
 1662	64	63	88	149	156	29	0	255
 1707	64	63	88	149	156	28	0	255
 1753	64	63	88	149	156	28	0	255
 1798	64	63	88	149	156	28	0	255
 1843	64	63	88	149	156	28	0	255
 1889	64	63	88	149	156	29	0	255
 1934	64	63	88	149	156	26	0	255
 1979	64	63	88	149	156	28	0	255
 2025	64	63	88	149	156	26	0	255
 2070	64	63	88	149	156	28	0	255
 2115	64	63	88	149	156	28	0	255
 2161	64	63	88	149	156	29	0	255
 2206	64	63	88	149	156	28	0	255
 2252	64	63	88	149	156	28	0	255
 2297	64	63	88	149	156	28	0	255
 2343	64	63	87	149	156	26	0	255
 2388	64	63	88	149	156	28	0	255
 2433	64	63	87	149	156	28	0	255
 2478	64	63	87	149	156	28	0	255
 2524	64	63	87	149	156	28	0	255
 2569	64	63	87	149	156	26	0	255
 2614	64	63	87	149	156	26	0	255
 2660	64	63	87	149	156	26	0	255
 2705	64	63	87	149	156	26	0	255
 2750	64	63	87	149	156	26	0	255
 2796	64	63	87	149	156	26	0	255
 2841	64	63	87	149	156	28	0	255
 2886	64	63	87	149	156	26	0	255
 2932	64	63	87	149	156	28	0	255
 2977	64	63	87	149	156	26	0	255
 3022	64	63	87	149	156	26	0	255
 3068	64	63	87	149	156	26	0	255
 3113	64	63	87	149	156	26	0	255
 3159	64	63	87	149	156	26	0	255
 3204	64	63	87	149	156	25	0	255
 3249	64	63	87	149	156	26	0	255
 3295	64	63	87	149	156	25	0	255
 3340	64	63	87	149	156	25	0	255
 3385	64	63	87	149	156	25	0	255
 3431	64	63	87	149	156	25	0	255
 3476	64	63	87	148	156	25	0	255
 3521	64	63	87	149	156	26	0	255
 3567	64	63	87	148	156	25	0	255
 3612	64	63	87	149	156	25	0	255
 3657	64	63	87	149	156	25	0	255
 3703	64	63	86	149	156	25	0	255
 3748	64	63	86	149	156	25	0	255
 3793	64	63	86	148	156	26	0	255
 3839	64	63	86	148	156	25	0	255
 3884	64	63	86	148	156	25	0	255
 3929	64	63	86	148	156	25	0	255
 3975	64	63	86	148	156	25	0	255
 4020	64	63	86	148	156	25	0	255
 4066	64	63	86	148	156	25	0	255
 4111	64	63	86	148	156	26	0	255
 4156	64	63	86	148	156	25	0	255
 4202	64	63	86	148	156	25	0	255
 4247	64	63	86	148	156	25	0	255
 4292	64	63	86	148	156	24	0	255
 4338	64	63	86	148	156	24	0	255
 4383	64	63	86	148	156	24	0	255
 4428	64	63	86	148	156	25	0	255
 4474	64	63	86	148	155	24	0	255
 4519	64	63	86	148	155	24	0	255
 4564	64	63	86	148	155	24	0	255
 4610	64	63	86	148	155	24	0	255
 4655	64	63	86	148	155	25	0	255
 4700	64	63	86	148	155	24	0	255
 4746	64	63	86	148	155	24	0	255
 4791	64	63	86	148	155	24	0	255
 4836	64	63	86	148	155	25	0	255
 4882	64	63	86	148	155	25	0	255
 4927	64	63	86	148	155	24	0	255
 4972	64	63	86	148	155	25	0	255
 5018	64	63	86	148	155	24	0	255
 5063	64	63	86	148	155	24	0	255
 5109	64	63	86	148	155	24	0	255
 5154	64	63	86	148	155	24	0	255
 5199	64	63	86	148	155	24	0	255
 5245	64	63	86	148	155	24	0	255
 5290	64	63	86	148	155	25	0	255
 5335	64	63	86	148	155	24	0	255
 5381	64	63	86	148	155	24	0	255
 5426	64	63	86	148	155	24	0	255
 5471	64	63	86	148	155	24	0	255
 5517	64	63	86	148	155	23	0	255
 5562	64	63	86	148	155	24	0	255
 5607	64	63	86	148	155	24	0	255
 5653	64	63	86	148	155	23	0	255
 5698	64	63	86	148	155	24	0	255
 5743	64	63	86	148	155	24	0	255
 5789	64	63	86	148	155	24	0	255
 5834	64	63	86	148	155	24	0	255
 5880	64	63	86	148	155	24	0	255
 5925	64	63	86	148	155	24	0	255
 5970	64	63	86	148	155	23	0	255
 6016	64	63	86	148	155	24	0	255
 6061	64	63	86	148	155	24	0	255
 6106	64	63	86	148	155	24	0	255
 6152	64	63	86	148	155	24	0	255
 6197	64	63	86	148	155	24	0	255
 6242	64	63	86	148	155	23	0	255
 6288	64	63	86	148	155	24	0	255
 6333	64	63	85	148	155	24	0	255
 6378	64	63	85	148	155	24	0	255
 6424	64	63	85	148	155	23	0	255
 6469	64	63	85	148	155	23	0	255
 6514	64	63	85	148	155	24	0	255
 6560	64	63	85	148	155	24	0	255
 6605	64	62	85	148	155	24	0	255
 6650	64	63	85	148	155	24	0	255
 6696	64	62	85	148	155	24	0	255
 6741	64	63	85	148	155	24	0	255
 6787	64	63	85	148	155	24	0	255
 6832	64	62	85	148	155	24	0	255
 6877	64	63	85	148	155	24	0	255
 6923	64	62	85	148	155	24	0	255
 6968	64	63	85	148	155	24	0	255
 7013	64	62	85	148	155	24	0	255
 7059	64	62	85	148	155	24	0	255
 7104	64	62	85	148	155	24	0	255
 7149	64	62	85	148	155	24	0	255
 7195	64	62	85	148	155	24	0	255
 7240	64	62	85	148	155	23	0	255
 7285	64	62	85	148	155	23	0	255
 7331	64	62	85	148	155	23	0	255
 7376	64	62	85	148	155	23	0	255
 7421	64	62	85	148	155	24	0	255
 7467	64	62	85	148	155	23	0	255
 7512	64	62	85	148	155	24	0	255
 7557	64	62	85	148	155	24	0	255
 7603	64	62	85	148	155	23	0	255
 7648	64	62	85	148	155	23	0	255
 7694	64	62	85	148	155	23	0	255
 7739	64	62	85	148	155	23	0	255
 7784	64	62	85	148	155	24	0	255
 7830	64	62	85	148	155	23	0	255
 7875	64	62	85	148	155	23	0	255
 7920	64	62	85	148	155	23	0	255
 7966	64	62	85	148	155	23	0	255
 8011	64	62	85	148	155	23	0	255
 8056	64	62	85	148	155	23	0	255
 8102	64	62	85	148	155	23	0	255
 8147	64	62	85	148	155	23	0	255
 8192	64	62	85	148	155	23	0	255
 8239	64	62	85	148	155	23	0	255
 8283	64	62	85	148	155	23	0	255
 8328	64	62	85	148	155	23	0	255
 8374	64	62	85	148	155	23	0	255
 8419	64	62	85	148	155	22	0	255
 8464	64	62	85	148	155	23	0	255
 8510	64	62	85	148	155	23	0	255
 8555	64	62	85	148	155	23	0	255
 8600	64	62	85	148	155	23	0	255
 8646	64	62	85	148	155	22	0	255
 8691	64	62	85	148	155	23	0	255
 8737	64	62	85	148	155	23	0	255
 8782	64	62	85	148	155	23	0	255
 8827	64	62	85	148	155	23	0	255
 8873	64	62	85	148	155	23	0	255
 8918	64	62	85	148	155	23	0	255
 8963	64	62	85	148	155	22	0	255
 9009	64	62	85	148	155	23	0	255
 9054	64	62	85	148	155	23	0	255
 9099	64	62	85	148	155	22	0	255
 9145	64	62	85	148	155	23	0	255
 9190	64	62	85	148	155	23	0	255
 9235	64	62	85	148	155	22	0	255
 9281	64	62	85	148	155	22	0	255
 9326	64	62	85	148	155	23	0	255
 9371	64	62	85	148	155	22	0	255
 9417	64	62	85	148	155	22	0	255
 9462	64	62	85	148	155	22	0	255
 9507	64	62	85	148	155	22	0	255
 9553	64	62	85	148	155	22	0	255
 9598	64	62	85	148	154	22	0	255
 9644	64	62	85	148	155	22	0	255
 9689	64	62	85	148	154	22	0	255
 9734	64	62	85	148	154	22	0	255
 9780	64	62	85	148	155	22	0	255
 9825	64	62	85	148	154	20	0	255
 9870	64	62	85	148	154	22	0	255
 9916	64	62	85	148	154	22	0	255
 9961	64	62	85	148	154	22	0	255
 10006	64	62	85	148	154	22	0	255
 10052	64	62	85	148	154	22	0	255
 10097	64	62	85	148	154	22	0	255
 10142	64	62	85	148	154	20	0	255
 10188	64	62	85	148	154	22	0	255
 10233	64	62	85	148	154	20	0	255
 10278	64	62	85	148	154	22	0	255
 10324	64	62	85	148	154	22	0	255
 10369	64	62	85	148	154	20	0	255
 10414	64	62	85	148	154	22	0	255
 10460	64	62	85	148	154	20	0	255
 10505	64	62	85	148	154	22	0	255
 10551	64	62	85	148	154	20	0	255
 10596	64	62	85	148	154	22	0	255
 10641	64	62	85	148	154	20	0	255
 10687	64	62	85	148	154	22	0	255
 10732	64	62	85	148	154	20	0	255
 10777	64	62	85	148	154	20	0	255
 10823	64	62	85	148	154	20	0	255
 10868	64	62	85	148	154	20	0	255
 10913	64	62	85	148	154	20	0	255
 10959	64	62	85	148	154	20	0	255
 11004	63	62	85	148	154	20	0	255
 11049	64	62	85	148	154	20	0	255
 11095	64	62	85	148	154	20	0	255
 11140	64	62	85	148	154	20	0	255
 11185	63	62	85	148	154	20	0	255
 11231	64	62	85	148	154	19	0	255
 11276	63	62	85	148	154	20	0	255
 11321	63	62	85	148	154	20	0	255
 11367	63	62	85	148	154	20	0	255
 11412	63	62	85	148	154	20	0	255
 11458	63	62	85	148	154	20	0	255
 11503	63	62	85	148	154	20	0	255
 11548	63	62	85	148	154	20	0	255
 11594	63	62	85	148	154	20	0	255
 14268	63	62	85	147	154	18	0	255
 14312	63	62	85	147	154	19	0	255
 14357	63	62	85	147	154	19	0	255
 14402	63	62	85	147	154	18	0	255
 14448	63	62	85	147	154	19	0	255
 14493	63	62	85	147	154	18	0	255
 14538	63	62	85	147	154	18	0	255
 14584	63	62	85	147	154	19	0	255
 14629	63	62	85	147	154	19	0	255
 14674	63	62	85	147	154	18	0	255
 14720	63	62	85	147	154	19	0	255
 14765	63	62	85	147	154	19	0	255
 14810	63	62	85	147	154	19	0	255
 14856	63	62	84	147	154	18	0	255
 14901	63	62	85	147	154	17	0	255
 14947	63	62	85	147	153	18	0	255
 14992	63	62	85	147	153	19	0	255
 15037	63	62	85	147	153	18	0	255
 15083	63	62	84	147	153	18	0	255
 15128	63	62	85	147	153	18	0	255
 15173	63	62	85	147	153	19	0	255
 15219	63	62	85	147	153	17	0	255
 15264	63	62	85	147	153	18	0	255
 15309	63	62	85	147	153	18	0	255
 15355	63	62	85	147	153	18	0	255
 15400	63	62	84	147	153	18	0	255
 15445	63	62	85	147	153	18	0	255
 15491	63	62	84	147	153	18	0	255
 15536	63	62	85	147	153	18	0	255
 15581	63	62	85	147	153	18	0	255
 15627	63	62	84	147	153	18	0	255
 15672	63	62	84	147	153	18	0	255
 15717	63	62	85	147	153	18	0	255
 15763	63	62	84	147	153	18	0	255
 15808	63	62	84	147	153	17	0	255
 15854	63	62	84	147	153	17	0	255
 15899	63	62	84	147	153	17	0	255
 15944	63	62	84	147	153	17	0	255
 15990	63	62	84	147	153	18	0	255
 16035	63	62	84	147	153	18	0	255
 16080	63	61	84	147	153	17	0	255
 16126	63	62	84	147	153	18	0	255
 16171	63	62	84	147	153	17	0	255
 16216	63	62	84	147	153	17	0	255
 16262	63	62	84	147	153	17	0	255
 16307	63	61	84	147	153	18	0	255
 16352	63	61	84	147	153	18	0	255
 16398	63	61	84	147	153	18	0	255
 16443	63	61	84	147	153	17	0	255
 16488	63	61	84	147	153	17	0	255
 16534	63	61	84	147	153	18	0	255
 16579	63	61	84	147	153	17	0	255
 16625	63	61	84	147	153	18	0	255
 16670	63	61	84	147	153	18	0	255
 16715	63	61	84	147	153	17	0	255
 16761	63	61	84	147	153	17	0	255
 16806	63	61	84	147	153	17	0	255
 16851	63	61	84	147	153	17	0	255
 16897	63	61	84	147	153	17	0	255
 16942	63	61	84	147	153	17	0	255
 16987	63	61	84	147	153	17	0	255
 17033	63	61	84	147	153	17	0	255
 17078	63	61	84	147	153	17	0	255
 17123	63	61	84	147	153	17	0	255
 17169	63	61	84	147	153	17	0	255
 17214	63	61	84	147	153	17	0	255
 17259	63	61	84	147	153	17	0	255
 17305	63	61	84	147	153	17	0	255
 17350	63	61	84	147	153	17	0	255
 17396	63	61	84	147	153	17	0	255
 17441	63	61	84	147	153	17	0	255
 17486	63	61	84	147	153	17	0	255
 17531	63	61	84	147	153	17	0	255
 17577	63	61	84	147	153	17	0	255
 17622	63	61	84	147	153	17	0	255
 17668	63	61	84	147	153	17	0	255
 17713	63	61	84	147	153	17	0	255
 17758	63	61	84	147	153	17	0	255
 17804	63	61	84	147	153	17	0	255
 17849	63	61	84	147	153	17	0	255
 17894	63	61	84	147	153	17	0	255
 17940	63	61	84	147	153	16	0	255
 17985	63	61	84	147	153	17	0	255
 18031	63	61	84	147	153	17	0	255
 18076	63	61	84	147	153	17	0	255
 18121	63	61	84	147	153	17	0	255
 18166	63	61	84	147	153	17	0	255
 18212	63	61	84	147	153	16	0	255
 18257	63	61	84	147	153	17	0	255
 18302	63	61	84	147	153	17	0	255
 18348	63	61	84	147	153	17	0	255
 18393	63	61	84	147	153	16	0	255
 18438	63	61	84	147	153	17	0	255
 18484	63	61	84	147	153	17	0	255
 18529	63	61	84	147	153	17	0	255
 18575	63	61	84	147	153	17	0	255
 18620	63	61	84	147	153	17	0	255
 18665	63	61	84	147	153	17	0	255
 18711	63	61	84	147	153	17	0	255
 18756	63	61	84	147	153	17	0	255
 18801	63	61	84	147	153	17	0	255
 18847	63	61	84	147	153	17	0	255
 18892	63	61	84	147	153	17	0	255
 18937	63	61	84	147	153	17	0	255
 18983	63	61	84	147	153	17	0	255
 19028	63	61	84	147	153	17	0	255
 19073	63	61	84	147	153	17	0	255
 19119	63	61	84	147	153	16	0	255
 19164	63	61	84	147	153	17	0	255
 19209	63	61	84	147	153	17	0	255
 19255	63	61	84	147	153	16	0	255
 19300	63	61	84	147	153	17	0	255
 19345	63	61	84	147	153	17	0	255
 19391	63	61	84	147	153	17	0	255
 19436	63	61	84	147	153	17	0	255
 19482	63	61	84	147	153	16	0	255
 19529	63	61	84	147	153	17	0	255
 19572	63	61	84	147	153	17	0	255
 19618	63	61	84	147	153	17	0	255
 19663	63	61	84	147	153	17	0	255
 19708	63	61	84	147	153	18	0	255
 19754	63	61	84	147	153	17	0	255
 19799	63	61	84	147	153	17	0	255
 19844	63	61	84	147	153	16	0	255
 19890	63	61	84	147	153	17	0	255
 19935	63	61	84	147	153	16	0	255
 19980	63	61	84	147	153	17	0	255
 20026	63	61	84	147	153	17	0	255
 20071	63	61	84	147	153	17	0	255
 20116	63	61	84	147	153	17	0	255
 20162	63	61	84	147	153	17	0	255
 20207	63	61	84	147	153	17	0	255
 20252	63	61	84	147	153	17	0	255
 20298	63	61	84	147	152	17	0	255
 20343	63	61	84	147	152	18	0	255
 20388	63	61	84	147	152	17	0	255
 20434	62	61	84	147	152	18	0	255
 20479	63	61	84	147	152	17	0	255
 20525	63	61	84	147	152	17	0	255
 20570	62	61	84	147	152	17	0	255
 20615	63	61	84	147	152	18	0	255
 20661	62	61	84	147	152	18	0	255
 20706	62	61	84	147	152	17	0	255
 20751	62	61	84	147	152	18	0	255
 20797	62	61	84	147	152	18	0	255
 20842	62	61	84	147	152	18	0	255
 20887	62	61	84	147	152	18	0	255
 20933	62	61	84	147	152	17	0	255
 20978	62	61	84	147	152	18	0	255
 21023	62	61	84	147	152	17	0	255
 21069	62	61	84	147	152	18	0	255
 21114	62	61	84	147	152	18	0	255
 21159	62	61	84	147	152	18	0	255
 21205	62	61	84	147	152	18	0	255
 21250	62	61	84	147	152	19	0	255
 21295	62	61	84	147	152	18	0	255
 21341	62	61	84	147	152	18	0	255
 21386	62	61	84	147	152	18	0	255
 21432	62	61	84	147	152	18	0	255
 21477	62	61	84	147	152	18	0	255
 21522	62	61	84	147	152	19	0	255
 21568	62	61	84	147	152	19	0	255
 21613	62	61	84	147	152	18	0	255
 21658	62	61	84	147	152	18	0	255
 21704	62	61	84	147	152	19	0	255
 21749	62	61	84	147	152	19	0	255
 21794	62	61	84	147	152	18	0	255
 21840	62	61	84	147	152	20	0	255
 21885	62	61	84	147	152	19	0	255
 21930	62	61	84	147	152	19	0	255
 21976	62	61	84	147	152	20	0	255
 22021	62	61	84	147	152	19	0	255
 22066	62	61	84	147	152	20	0	255
 22112	62	61	84	147	152	20	0	255
 22157	62	61	84	147	152	20	0	255
 22203	62	61	84	147	152	20	0	255
 22248	62	61	84	147	152	20	0	255
 22293	62	61	84	147	152	20	0	255
 22339	62	61	84	147	152	20	0	255
 22384	62	61	84	147	152	22	0	255
 22429	62	61	84	146	152	20	0	255
 22475	62	61	84	147	152	22	0	255
 22520	62	61	84	146	152	20	0	255
 22565	62	61	84	146	152	22	0	255
 22611	62	61	84	146	152	22	0	255
 22656	62	61	84	146	152	22	0	255
 22701	62	61	84	146	152	22	0	255
 22747	62	61	84	146	152	22	0	255
 22792	62	61	84	146	152	22	0	255
 22837	62	61	84	146	152	22	0	255
 22883	62	61	84	146	152	22	0	255
 22928	62	61	84	146	152	23	0	255
 22973	62	61	84	146	152	22	0	255
 23019	62	61	84	146	152	22	0	255
 23064	62	61	84	146	152	23	0	255
 23109	62	61	84	146	152	22	0	255
 23155	62	61	84	146	152	23	0	255
 23200	62	61	84	146	152	23	0	255
 23246	62	61	84	146	152	23	0	255
 23291	62	61	84	146	152	23	0	255
 23336	62	61	84	146	152	23	0	255
 23382	62	61	84	146	152	23	0	255
 23427	62	61	84	146	152	23	0	255
 23472	62	61	84	146	152	24	0	255
 23518	62	61	84	146	152	24	0	255
 23563	62	61	84	146	152	24	0	255
 23608	62	61	84	146	152	24	0	255
 23654	62	61	84	146	152	25	0	255
 23699	62	61	84	146	152	24	0	255
 23744	62	61	84	146	152	24	0	255
 23790	62	61	84	146	152	25	0	255
 23835	62	61	84	146	152	24	0	255
 23880	62	61	84	146	152	24	0	255
 23926	62	61	84	146	152	25	0	255
 23971	62	61	84	146	152	25	0	255
 24016	62	61	84	146	152	25	0	255
 24062	62	61	84	146	152	25	0	255
 24107	62	61	84	146	152	25	0	255
 24153	62	61	84	146	152	25	0	255
 24198	62	61	84	146	152	26	0	255
 24243	62	61	84	146	152	26	0	255
 24289	62	61	84	146	152	25	0	255
 24334	62	61	84	146	152	26	0	255
 24379	62	61	84	146	152	26	0	255
 24425	62	61	84	146	152	28	0	255
 24470	62	61	84	146	152	26	0	255
 24516	62	61	84	146	152	26	0	255
 24561	62	61	84	146	152	26	0	255
 24606	62	61	84	146	152	28	0	255
 24651	62	61	84	146	152	28	0	255
 24697	62	61	84	146	152	28	0	255
 24742	62	61	84	146	152	28	0	255
 24787	62	61	84	146	152	28	0	255
 24833	62	61	84	146	152	28	0	255
 24878	62	61	84	146	152	28	0	255
 24924	62	61	84	146	152	28	0	255
 24969	62	61	84	146	152	28	0	255
 25014	62	61	84	146	152	28	0	255
 25060	62	61	84	146	152	28	0	255
 25105	62	61	84	146	152	29	0	255
 25150	62	60	84	146	152	29	0	255
 25196	62	60	84	146	152	30	0	255
 25241	62	61	84	146	152	29	0	255
 25286	62	60	84	146	152	30	0	255
 25332	62	61	84	146	152	30	0	255
 25377	62	60	84	146	152	30	0	255
 25422	62	60	84	146	152	30	0	255
 25468	62	60	84	146	152	30	0	255
 25513	62	60	84	146	152	30	0	255
 25558	62	60	84	146	152	30	0	255
 25604	62	60	84	146	152	30	0	255
 25649	62	60	84	146	152	31	0	255
 25694	62	60	84	146	152	30	0	255
 25740	62	60	84	146	151	31	0	255
 25786	62	60	84	146	151	31	0	255
 25830	62	60	84	146	151	31	0	255
 25876	62	60	84	146	151	31	0	255
 25921	62	60	84	146	151	31	0	255
 25967	62	60	84	146	151	31	0	255
 26012	62	60	84	146	151	31	0	255
 26057	62	60	84	146	151	31	0	255
 26103	62	60	84	146	151	32	0	255
 26148	62	60	84	146	151	32	0	255
 26193	62	60	84	146	151	32	0	255
 26239	62	60	84	146	151	32	0	255
 26284	62	60	84	146	151	32	0	255
 26329	62	60	84	146	151	32	0	255
 26375	62	60	84	146	151	34	0	255
 26420	62	60	83	146	151	32	0	255
 26465	62	60	83	146	151	32	0	255
 26511	62	60	83	146	151	34	0	255
 26556	62	60	83	146	151	34	0	255
 26601	62	60	83	146	151	32	0	255
 26647	62	60	83	146	151	34	0	255
 26692	62	60	83	146	151	34	0	255
 26737	62	60	82	146	151	34	0	255
 26783	62	60	82	146	151	34	0	255
 26828	62	60	82	146	151	34	0	255
 26874	62	60	82	146	151	35	0	255
 26919	62	60	82	146	151	35	0	255
 26964	62	60	82	146	151	35	0	255
 27010	62	60	82	146	151	35	0	255
 27055	62	60	82	146	151	36	0	255
 27100	62	60	82	146	151	35	0	255
 27146	62	60	82	146	151	35	0	255
 27191	62	60	82	146	151	35	0	255
 27236	62	60	82	146	151	36	0	255
 27282	62	60	82	146	151	36	0	255
 27327	62	60	82	146	151	36	0	255
 27372	62	60	82	146	151	35	0	255
 27418	62	60	82	146	151	36	0	255
 27463	62	60	82	146	151	37	0	255
 27508	62	60	82	146	151	37	0	255
 27554	62	60	82	146	151	36	0	255
 27599	62	60	82	146	151	37	0	255
 27644	62	60	82	146	151	37	0	255
 27690	62	60	82	146	151	37	0	255
 27735	62	60	82	146	151	37	0	255
 27781	62	60	82	146	151	37	0	255
 27826	62	60	81	146	151	37	0	255
 27871	62	60	81	146	151	36	0	255
 27917	62	60	81	146	151	38	0	255
 27962	62	60	81	146	151	38	0	255
 28007	62	60	81	146	151	37	0	255
 28053	62	60	81	146	151	38	0	255
 28098	62	60	81	146	151	38	0	255
 28143	62	60	81	146	151	38	0	255
 28189	62	60	81	146	151	38	0	255
 28234	62	60	81	146	151	38	0	255
 28279	62	60	81	146	151	38	0	255
 28325	62	60	81	146	151	40	0	255
 28370	62	60	81	146	151	40	0	255
 28415	62	60	81	146	151	41	0	255
 28461	62	60	81	146	151	41	0	255
 28506	62	60	81	146	151	41	0	255
 28551	62	60	81	146	151	41	0	255
 28597	62	60	81	146	151	41	0	255
 28642	62	60	81	146	151	42	0	255
 28688	62	60	81	146	151	42	0	255
 28733	62	60	81	146	151	42	0	255
 28778	62	60	81	146	151	42	0	255
 28824	62	60	81	146	151	42	0	255
 28869	62	60	81	146	151	44	0	255
 28914	62	60	81	146	151	44	0	255
 28960	62	60	81	146	151	45	0	255
 29005	62	60	81	146	151	44	0	255
 29050	62	60	81	146	151	44	0	255
 29096	61	60	81	146	151	45	0	255
 29141	62	60	81	146	151	45	0	255
 29186	61	60	81	146	151	46	0	255
 29232	61	60	81	146	151	46	0	255
 29277	61	60	81	146	151	46	0	255
 29322	61	60	81	146	151	47	0	255
 29368	61	60	81	146	151	48	0	255
 29413	61	60	80	146	151	47	0	255
 29458	61	60	80	146	151	48	0	255
 29504	61	60	80	146	151	48	0	255
 29549	61	60	80	146	151	50	0	255
 29595	61	60	80	146	151	50	0	255
 29640	61	60	80	146	151	51	0	255
 29685	61	60	80	146	151	52	0	255
 29731	61	60	80	146	151	51	0	255
 29776	61	60	80	146	151	52	0	255
 29821	61	60	80	146	151	52	0	255
 29867	61	60	80	146	151	53	0	255
 29912	61	60	80	146	151	54	0	255
 29958	61	60	80	146	151	53	0	255
 30003	61	60	80	146	151	54	0	255
 30048	61	60	80	146	151	56	0	255
 30093	61	60	80	146	151	56	0	255
 30139	61	60	80	146	151	56	0	255
 30184	61	60	80	146	151	57	0	255
 30229	61	60	80	146	151	57	0	255
 30275	61	60	80	146	151	58	0	255
 30320	61	60	80	146	151	58	0	255
 30365	61	60	80	146	151	60	0	255
 30413	61	60	80	146	151	61	0	255
 30456	61	60	80	146	151	60	0	255
 30502	61	60	80	146	151	61	0	255
 30547	61	60	80	146	151	61	0	255
 30592	61	60	80	146	151	62	0	255
 30638	61	60	80	146	151	62	0	255
 30683	61	60	80	146	151	64	0	255
 30728	61	60	80	146	151	65	0	255
 30774	61	60	80	146	151	65	0	255
 30819	61	60	80	146	151	65	0	255
 30864	61	60	80	146	151	66	0	255
 30910	61	60	80	146	151	67	0	255
 30955	61	60	80	146	151	67	0	255
 31000	61	60	80	146	150	68	0	255
 31046	61	60	80	145	151	70	0	255
 31091	61	60	80	145	150	70	0	255
 31136	61	60	80	145	150	71	0	255
 31182	61	60	80	146	150	71	0	255
 31227	61	60	80	145	150	74	0	255
 31272	61	60	80	145	150	72	0	255
 31318	61	60	80	145	150	74	0	255
 31363	61	60	80	145	150	74	0	255
 31408	61	60	80	145	150	75	0	255
 31454	61	60	80	145	150	76	0	255
 31499	61	60	80	145	150	76	0	255
 31545	61	60	80	145	150	78	0	255
 31590	61	60	80	145	150	79	0	255
 31635	61	60	80	145	150	80	0	255
 31681	61	60	80	145	150	80	0	255
 31726	61	60	80	145	150	82	0	255
 31771	61	60	80	145	150	82	0	255
 31817	61	60	80	145	150	83	0	255
 31862	61	60	80	145	150	84	0	255
 31907	61	60	80	145	150	84	0	255
 31953	61	60	80	145	150	85	0	255
 31998	61	60	80	145	150	86	0	255
 32043	61	60	80	145	150	88	0	255
 32089	61	60	80	145	150	88	0	255
 32134	61	60	80	145	150	89	0	255
 32180	61	60	80	145	150	90	0	255
 32225	61	60	80	145	150	92	0	255
 32270	61	60	80	145	150	92	0	255
 32316	61	60	80	145	150	93	0	255
 32361	61	60	80	145	150	93	0	255
 32406	61	60	80	145	150	96	0	255
 32452	61	60	80	145	150	96	0	255
 32497	61	60	80	145	150	97	0	255
 32543	61	60	80	145	150	98	0	255
 32588	61	60	80	145	150	100	0	255
 44279	165	130	91	154	157	188	8	255
 44325	161	128	91	154	157	180	8	255
 44370	157	128	91	154	157	174	8	255
 44416	153	128	91	154	157	170	8	255
 44461	149	129	91	154	157	165	8	255
 44506	146	129	92	154	157	164	8	255
 44552	143	130	92	154	157	164	8	255
 44597	143	130	92	154	157	171	8	255
 44642	144	131	92	154	157	177	8	255
 44688	147	131	92	154	157	184	8	255
 44733	150	131	92	154	157	192	8	255
 44778	154	132	92	154	157	200	8	255
 44824	159	132	92	154	157	207	8	255
 44869	163	132	92	154	157	208	8	255
 44914	166	132	92	154	157	206	8	255
 44960	167	132	92	154	157	198	8	255
 45005	165	131	92	154	157	190	8	255
 45051	162	130	92	154	157	186	8	255
 45096	159	130	92	154	157	180	8	255
 45141	155	130	92	154	157	171	8	255
 45187	151	130	92	154	157	165	8	255
 45232	147	130	92	154	157	164	8	255
 45277	144	130	92	154	157	162	8	255
 45323	142	131	92	154	157	164	8	255
 45368	141	131	93	154	157	161	8	255
 45413	139	131	93	154	157	160	0	255
 45459	138	130	93	154	157	160	0	255
 45504	136	129	93	154	157	160	0	255
 45549	134	127	93	154	157	158	0	255
 45595	132	126	93	154	157	156	0	255
 45640	131	124	93	154	157	156	0	255
 45685	129	123	93	154	157	155	0	255
 45731	127	121	93	154	157	156	0	255
 45776	126	120	93	154	157	156	0	255
 45822	124	119	93	154	157	158	0	255
 45867	123	118	93	154	157	156	0	255
 45912	121	117	93	154	157	156	0	255
 45958	119	115	93	154	157	156	0	255
 46003	118	115	93	154	157	160	0	255
 46048	117	114	93	154	157	161	0	255
 46094	115	113	93	154	157	161	0	255
 46139	114	112	93	154	157	160	0	255
 46185	112	111	93	154	157	160	0	255
 46230	111	109	93	154	157	156	0	255
 46275	110	107	93	154	157	156	0	255
 46320	109	106	93	154	157	155	0	255
 46366	108	105	93	154	157	154	0	255
 46411	106	104	93	154	157	154	0	255
 46456	105	103	93	154	157	151	0	255
 46502	104	103	93	154	157	151	0	255
 46547	103	102	93	154	157	148	0	255
 46592	102	101	93	154	157	146	0	255
 46638	101	101	93	154	157	146	0	255
 46683	100	100	93	154	157	144	0	255
 46729	99	99	93	154	157	144	0	255
 46774	98	98	93	154	157	144	0	255
 46819	97	98	93	154	157	141	0	255
 46865	96	97	93	154	157	142	0	255
 46910	95	96	93	154	157	141	0	255
 46955	95	96	93	154	157	141	0	255
 47001	94	95	93	154	157	138	0	255
 47046	93	94	93	154	157	138	0	255
 47091	92	94	93	154	157	138	0	255
 47137	92	93	93	154	157	137	0	255
 47182	91	92	93	154	157	138	0	255
 47227	90	92	93	154	157	137	0	255
 47273	90	91	93	154	157	138	0	255
 47318	89	91	93	154	157	141	0	255
 47363	88	91	93	154	157	146	0	255
 47409	88	91	93	154	157	156	0	255
 47454	87	90	93	154	157	168	8	255
 47500	96	97	93	154	157	188	8	255
 47545	118	110	93	154	157	202	8	255
 47590	136	119	93	154	157	212	8	255
 47636	149	124	93	154	157	208	8	255
 47682	156	126	93	154	157	221	8	255
 47726	165	128	93	154	157	234	8	255
 47772	174	129	93	154	157	236	8	255
 47817	179	130	93	154	157	224	8	255
 47862	179	127	93	154	157	213	8	255
 47908	177	127	93	154	157	210	8	255
 47953	174	128	93	154	157	206	8	255
 47998	172	128	93	154	157	200	8	255
 48044	169	129	93	154	157	190	8	255
 48089	165	128	93	154	157	183	8	255
 48134	160	128	93	154	157	176	8	255
 48180	155	128	93	154	157	166	8	255
 48225	149	128	93	154	157	158	0	255
 48271	145	127	93	154	157	154	0	255
 48316	141	126	93	154	157	152	0	255
 48361	138	125	93	154	157	152	0	255
 48407	135	124	93	154	157	155	0	255
 48452	133	123	93	154	157	155	0	255
 48497	131	121	93	154	157	155	0	255
 48543	129	120	93	154	157	158	0	255
 48588	127	120	93	154	157	158	0	255
 48633	125	119	93	154	157	166	8	255
 48679	126	115	93	154	157	178	8	255
 48724	135	121	93	154	157	190	8	255
 48769	144	126	93	154	157	196	8	255
 48815	150	129	93	154	157	196	8	255
 48860	155	130	93	153	157	204	8	255
 48905	160	131	93	153	157	218	8	255
 48951	167	132	94	153	157	224	8	255
 48996	173	133	94	153	157	226	8	255
 49041	176	133	94	153	157	221	8	255
 49087	177	133	94	153	157	216	8	255
 49132	177	132	94	153	157	213	8	255
 49178	175	132	94	153	157	206	8	255
 49223	172	131	94	153	157	198	8	255
 49268	169	130	94	153	157	190	8	255
 49314	164	130	94	153	157	180	8	255
 49359	159	130	94	153	157	171	8	255
 49404	154	130	94	153	157	164	8	255
 49450	148	130	94	153	157	164	0	255
 49495	144	129	94	153	157	165	0	255
 49540	141	127	94	153	157	166	0	255
 49586	138	122	94	153	157	171	8	255
 49631	140	125	94	153	157	174	8	255
 49676	142	129	94	153	157	172	8	255
 49722	144	131	94	153	157	170	8	255
 49767	143	132	94	153	157	166	8	255
 49812	143	133	94	153	157	170	8	255
 49858	143	133	94	153	157	168	8	255
 49903	143	134	94	153	157	164	8	255
 49948	141	133	94	153	157	160	0	255
 49994	140	132	94	153	157	156	0	255
 50039	138	131	95	153	157	156	0	255
 50085	137	129	95	153	157	155	0	255
 50130	135	128	95	153	157	155	0	255
 50175	133	126	95	153	157	154	0	255
 50221	131	125	95	153	157	154	0	255
 50266	130	123	95	153	157	152	0	255
 50311	128	122	95	153	157	152	0	255
 50357	126	120	95	153	157	152	0	255
 50402	125	119	95	153	157	152	0	255
 50447	123	118	95	153	157	151	0	255
 50493	122	117	95	153	157	152	0	255
 50538	120	116	95	153	157	152	0	255
 50583	119	115	95	153	157	154	0	255
 50629	117	114	95	153	157	155	0	255
 50674	116	113	95	153	157	154	0	255
 50719	114	112	95	153	157	154	0	255
 50765	113	111	95	153	157	154	0	255
 50810	112	110	95	153	157	154	0	255
 50855	110	109	95	153	157	154	0	255
 50901	109	108	95	153	157	154	0	255
 50946	108	107	95	153	157	154	0	255
 50992	107	106	95	153	157	155	0	255
 51037	106	106	95	153	157	160	0	255
 51082	104	107	95	153	157	168	0	255
 51128	106	106	95	153	157	184	8	255
 51173	123	116	95	153	157	200	8	255
 51218	138	123	95	153	157	208	8	255
 51264	150	128	95	153	157	210	8	255
 51309	158	130	95	153	157	220	8	255
 51354	165	132	95	153	157	232	8	255
 51400	173	133	95	153	157	240	8	255
 51445	181	133	95	153	157	238	8	255
 51490	184	134	95	153	157	227	8	255
 51536	183	132	95	153	157	222	8	255
 51581	183	133	95	153	156	226	8	255
 51627	183	134	95	153	156	230	8	255
 51672	185	135	95	153	156	235	8	255
 51717	186	135	95	153	156	234	8	255
 51762	188	136	95	153	157	236	8	255
 51808	189	136	95	154	156	234	8	255
 51853	189	136	95	154	156	230	8	255
 51899	188	135	95	154	156	222	8	255
 51944	185	132	95	154	156	212	8	255
 51989	180	131	95	154	156	204	8	255
 52035	175	131	95	154	156	192	8	255
 52080	170	131	95	154	156	188	8	255
 52125	164	131	95	154	156	178	8	255
 52171	159	132	96	154	156	171	8	255
 52216	153	132	96	154	156	164	0	255
 52261	149	131	96	154	156	162	0	255
 52307	145	130	96	154	156	161	0	255
 52352	142	128	96	154	156	161	0	255
 52397	139	127	96	154	156	160	0	255
 52443	137	125	96	154	156	158	0	255
 52488	135	124	96	154	156	160	0	255
 52533	133	122	96	154	156	158	0	255
 52579	131	121	96	154	156	156	0	255
 52624	129	119	96	154	156	156	0	255
 52669	127	118	96	154	156	155	0	255
 52715	125	117	96	154	156	154	0	255
 52760	124	115	96	154	156	155	0	255
 52806	122	114	96	154	156	154	0	255
 52851	121	113	96	154	156	152	0	255
 52896	119	112	96	154	156	152	0	255
 52942	118	111	96	154	156	154	0	255
 52987	116	110	96	154	156	152	0	255
 53032	115	109	96	154	156	152	0	255
 53078	114	108	96	154	156	152	0	255
 53123	112	107	96	154	156	154	0	255
 53168	111	106	96	154	156	154	0	255
 53214	110	107	96	154	156	161	0	255
 53259	108	108	96	154	156	166	0	255
 53304	108	104	96	154	156	180	8	255
 53350	121	113	96	154	156	198	8	255
 53395	137	122	96	154	156	210	8	255
 53440	150	128	96	154	156	213	8	255
 53486	158	131	96	154	156	210	8	255
 53531	163	133	96	154	156	218	8	255
 53576	168	134	96	154	156	224	8	255
 53622	174	135	96	155	156	230	8	255
 53667	178	136	96	154	156	221	8	255
 53713	178	134	96	155	156	213	8	255
 53758	176	134	96	155	156	213	8	255
 53803	176	135	96	155	156	218	8	255
 53849	178	136	96	155	156	224	8	255
 53894	180	137	96	155	157	227	8	255
 53940	182	137	96	155	157	232	8	255
 53985	184	138	96	155	157	232	8	255
 54030	186	138	96	155	157	234	8	255
 54075	187	138	96	155	157	234	8	255
 54121	187	138	96	155	157	234	8	255
 54166	188	138	97	155	157	234	8	255
 54211	188	139	97	155	157	234	8	255
 54257	189	139	97	155	157	235	8	255
 54302	190	139	97	155	157	236	8	255
 54348	190	139	97	155	157	236	8	255
 54393	191	139	97	156	157	238	8	255
 54438	191	139	97	156	157	238	8	255
 54483	192	139	97	156	158	240	8	255
 54529	192	140	97	156	158	238	8	255
 54574	193	140	97	156	158	236	8	255
 54620	193	140	97	156	158	238	8	255
 54665	193	140	97	156	158	238	8	255
 54710	193	140	97	156	158	240	8	255
 54756	193	140	97	156	158	240	8	255
 54801	193	141	97	157	158	238	8	255
 54846	193	140	97	157	158	232	8	255
 54892	191	139	98	157	158	228	8	255
 54937	189	140	98	157	159	228	8	255
 54982	188	140	98	157	159	224	8	255
 55028	186	138	98	157	159	216	8	255
 55073	183	135	98	157	159	206	8	255
 55118	177	134	98	157	159	201	8	255
 55164	174	136	98	157	159	206	8	255
 55209	173	138	98	157	159	210	8	255
 55254	173	140	98	157	159	207	8	255
 55301	172	140	98	157	159	206	8	255
 55345	172	141	98	157	159	210	8	255
 55390	173	141	98	157	159	216	8	255
 55436	175	142	98	158	159	220	8	255
 55481	177	142	98	158	159	220	8	255
 55527	178	142	99	157	159	221	8	255
 55572	179	142	99	158	159	224	8	255
 55617	181	143	99	158	159	227	8	255
 55663	183	143	99	158	159	230	8	255
 55708	185	143	99	158	160	230	8	255
 55753	186	143	99	158	160	230	8	255
 55799	187	143	99	158	160	234	8	255
 55844	188	143	99	159	160	232	8	255
 55889	189	143	99	158	160	234	8	255
 55935	189	143	99	159	160	234	8	255
 55980	190	143	99	159	160	234	8	255
 56025	190	143	99	159	160	235	8	255
 56071	191	143	99	159	160	236	8	255
 56116	191	144	99	159	160	236	8	255
 56161	192	144	99	159	160	236	8	255
 56207	192	144	100	159	160	238	8	255
 56252	192	144	100	159	161	232	8	255
 56297	191	143	100	159	161	230	8	255
 56343	190	142	100	159	161	228	8	255
 56388	189	143	100	159	161	228	8	255
 56434	189	144	100	159	161	232	8	255
 56479	189	144	100	159	161	232	8	255
 56524	189	144	100	159	161	228	8	255
 56570	189	144	100	159	161	226	8	255
 56615	187	142	100	160	161	220	8	255
 56660	184	139	100	160	161	210	8	255
 56706	180	139	100	160	161	201	8	255
 56751	175	137	100	160	161	194	8	255
 56796	170	138	100	160	161	188	8	255
 56842	166	139	100	160	162	188	8	255
 56887	163	141	100	160	162	186	8	255
 56932	160	142	100	160	162	182	8	255
 56978	157	142	101	160	162	177	8	255
 57023	154	141	101	160	162	172	0	255
 57068	152	140	101	160	162	171	0	255
 57114	149	139	101	160	162	170	0	255
 57159	147	137	101	160	162	168	0	255
 57204	144	135	101	160	162	166	0	255
 57250	142	134	101	160	162	166	0	255
 57296	140	132	101	160	162	164	0	255
 57341	138	130	101	160	162	164	0	255
 57386	136	129	101	160	162	162	0	255
 57431	134	127	101	160	162	161	0	255
 57477	133	126	101	160	162	160	0	255
 57522	131	125	101	160	162	161	0	255
 57567	129	123	101	160	162	160	0	255
 57613	127	122	101	160	162	158	0	255
 57658	126	121	101	160	162	158	0	255
 57703	124	120	101	160	162	158	0	255
 57749	122	118	101	160	162	158	0	255
 57794	121	117	101	160	162	158	0	255
 57839	119	116	101	160	162	160	0	255
 57885	118	115	101	160	162	161	0	255
 57930	117	116	101	160	162	165	0	255
 57975	115	116	101	160	162	170	0	255
 58021	114	115	101	160	162	172	0	255
 58066	113	115	101	160	162	172	0	255
 58112	111	114	101	160	162	171	0	255
 58157	110	113	101	160	162	172	0	255
 58202	109	112	101	160	162	174	0	255
 58248	108	111	101	160	162	176	0	255
 58293	107	110	101	160	162	174	0	255
 58338	106	107	101	160	162	182	8	255
 58384	116	113	101	160	162	196	8	255
 58429	133	125	101	160	162	201	8	255
 58474	145	133	101	160	162	200	8	255
 58520	151	137	101	160	162	195	8	255
 58565	155	139	101	160	162	198	8	255
 58610	158	140	101	160	162	201	8	255
 58656	161	141	101	160	162	196	8	255
 58701	161	142	101	160	162	180	8	255
 58746	156	141	101	160	162	165	0	255
 58792	151	139	101	160	162	161	0	255
 58837	148	137	101	160	162	161	0	255
 58883	145	136	101	160	162	161	0	255
 58928	142	134	101	160	162	160	0	255
 58973	140	133	101	160	162	161	0	255
 59019	138	131	101	160	162	161	0	255
 59064	135	129	101	160	162	161	0	255
 59109	134	128	101	160	162	161	0	255
 59155	132	126	101	160	162	158	0	255
 59200	130	124	101	160	162	160	0	255
 59245	128	123	101	160	162	158	0	255
 59291	126	121	101	160	162	156	0	255
 59336	125	117	101	160	162	156	8	255
 59381	127	122	101	160	162	162	8	255
 59427	131	130	101	160	162	164	8	255
 59472	134	136	101	160	162	164	8	255
 59517	136	138	101	160	162	161	8	255
 59564	136	140	101	160	162	161	8	255
 59608	137	141	101	160	162	161	8	255
 59653	137	142	101	160	162	158	8	255
 59699	136	141	101	159	162	152	8	255
 59744	133	141	101	159	162	146	8	255
 59790	130	141	101	159	162	150	8	255
 59835	130	142	101	159	162	155	8	255
 59880	132	142	101	159	162	164	8	255
 59926	136	143	101	159	162	168	0	255
 59971	138	142	101	159	162	166	0	255
 60016	138	140	101	159	162	166	0	255
 60062	138	139	102	159	162	165	0	255
 60107	137	137	102	159	162	165	0	255
 60152	136	135	102	159	162	164	0	255
 60198	134	133	102	159	162	161	0	255
 60243	133	132	102	159	162	161	8	255
 60288	131	131	102	159	162	165	0	255
 60334	129	130	102	159	162	170	0	255
 60379	128	130	102	159	162	174	0	255
 60424	127	128	102	159	162	178	8	255
 60470	132	130	102	159	162	194	8	255
 60515	143	135	102	159	162	201	8	255
 60561	152	139	102	159	162	207	8	255
 60606	159	141	102	159	162	208	8	255
 60651	164	142	102	159	162	213	8	255
 60697	168	142	102	159	162	220	8	255
 60742	173	143	102	159	162	221	8	255
 60787	176	143	102	159	162	216	8	255
 60833	176	142	102	159	162	210	8	255
 60878	175	142	102	159	162	208	8	255
 60923	174	143	102	160	162	213	8	255
 60969	174	143	102	160	162	212	8	255
 61014	175	144	102	160	162	213	8	255
 61059	176	144	102	160	162	214	8	255
 61105	176	144	102	160	162	214	8	255
 61150	177	145	102	160	162	216	8	255
 61195	177	145	102	160	162	212	8	255
 61241	176	144	102	160	162	204	8	255
 61286	173	143	102	160	162	198	8	255
 61331	170	141	102	160	162	190	8	255
 61377	166	141	102	160	162	186	8	255
 61422	163	141	102	160	162	184	8	255
 61468	160	142	102	160	162	184	8	255
 61513	159	143	102	160	162	188	8	255
 61558	159	144	102	160	162	189	8	255
 61604	160	145	102	160	162	195	8	255
 61649	162	145	102	160	162	198	8	255
 61694	164	145	103	160	162	204	8	255
 61740	166	145	103	160	162	208	8	255
 61785	169	145	103	160	162	208	8	255
 61830	171	146	103	160	162	212	8	255
 61876	172	146	103	160	162	213	8	255
 61921	174	146	103	160	162	213	8	255
 61967	175	146	103	160	162	212	8	255
 62012	176	146	103	160	162	214	8	255
 62057	176	146	103	161	162	213	8	255
 62102	177	146	103	161	163	213	8	255
 62148	177	146	103	161	163	213	8	255
 62193	177	146	103	161	163	214	8	255
 62239	177	146	103	161	163	213	8	255
 62284	177	146	103	161	163	212	8	255
 62329	176	146	103	161	163	210	8	255
 62375	176	146	103	161	163	208	8	255
 62420	175	146	103	161	163	208	8	255
 62465	175	146	103	161	163	207	8	255
 62511	174	146	103	161	163	204	8	255
 62556	173	146	103	161	163	206	8	255
 62601	172	146	103	161	163	206	8	255
 62647	172	146	103	161	163	202	8	255
 62692	171	146	103	161	163	202	8	255
 62737	170	146	103	161	163	200	8	255
 62783	169	146	104	161	163	196	8	255
 62828	167	145	104	161	163	190	8	255
 62873	165	144	104	161	163	188	8	255
 62919	163	144	104	161	163	188	8	255
 62964	161	145	104	161	163	189	8	255
 63010	161	145	104	161	163	189	8	255
 63055	160	146	104	162	163	188	8	255
 63100	160	146	104	161	163	188	8	255
 63146	159	146	104	161	163	184	8	255
 63191	157	145	104	161	164	180	8	255
 63236	156	145	104	162	164	177	8	255
 63282	153	144	104	162	164	172	0	255
 63327	151	142	104	162	164	171	0	255
 63372	149	141	104	162	164	168	0	255
 63418	147	139	104	162	164	166	0	255
 63463	145	137	104	162	164	165	0	255
 63511	143	135	104	162	164	164	0	255
 63554	141	134	104	162	164	162	0	255
 63599	139	132	104	162	164	160	0	255
 63644	137	131	104	162	164	158	0	255
 63690	135	129	104	162	164	160	8	255
 63735	135	126	104	162	164	160	8	255
 63780	136	134	104	161	164	158	8	255
 63826	136	138	104	161	164	156	8	255
 63871	135	141	104	161	164	154	8	255
 63917	134	143	104	161	164	154	8	255
 63962	133	144	104	161	163	151	8	255
 64007	132	144	104	161	164	150	8	255
 64053	131	145	104	161	164	145	8	255
 64098	129	144	104	161	164	141	8	255
 64143	127	144	104	161	164	142	8	255
 64189	126	145	104	161	163	146	8	255
 64234	127	146	104	161	163	148	8	255
 64279	128	146	104	161	164	151	8	255
 64325	129	146	104	161	163	151	8	255
 64370	130	146	104	161	163	152	8	255
 64416	131	146	104	161	163	151	8	255
 64461	131	146	105	161	164	152	8	255
 64506	131	146	105	161	163	152	8	255
 64551	131	146	105	161	163	152	8	255
 64597	132	146	105	161	163	154	8	255
 64642	132	146	105	161	163	155	8	255
 64688	132	146	105	160	163	154	8	255
 64733	133	146	105	160	163	154	8	255
 64778	133	146	105	160	163	154	8	255
 64824	133	146	105	160	163	154	8	255
 64869	134	146	105	160	163	155	8	255
 64916	134	146	105	160	163	156	8	255
 64960	134	146	105	160	163	155	8	255
 65005	134	146	105	160	163	154	8	255
 65050	134	146	105	160	163	155	8	255
 65096	134	146	105	160	163	155	8	255
 65141	134	146	105	160	163	154	8	255
 65186	134	146	105	160	163	155	8	255
 65232	134	146	105	160	163	155	8	255
 65277	134	146	105	160	163	156	8	255
 65322	134	146	105	160	163	160	8	255
 65368	135	146	105	160	163	161	8	255
 65413	137	146	105	160	163	164	8	255
 65459	138	146	105	160	163	166	8	255
 65504	140	145	105	160	163	168	0	255
 65549	140	144	105	160	163	171	0	255
 65595	139	143	105	160	163	171	0	255
 65640	138	141	105	160	163	172	0	255
 65685	137	140	105	160	163	174	0	255
 65731	135	138	105	160	163	174	0	255
 65776	134	137	105	159	163	174	0	255
 65821	132	136	105	159	163	177	0	255
 65867	131	135	105	159	163	177	0	255
 65912	130	132	105	159	163	184	8	255
 65957	139	137	105	159	163	195	8	255
 66003	148	141	105	159	163	198	8	255
 66048	154	143	105	159	163	195	8	255
 66093	157	144	105	160	163	196	8	255
 66139	160	145	105	160	163	198	8	255
 66184	162	145	105	160	163	200	8	255
 66230	164	145	105	160	163	194	8	255
 66275	162	145	105	160	163	183	8	255
 66320	159	144	105	160	163	177	8	255
 66366	155	144	105	160	163	176	8	255
 66411	153	144	105	160	163	177	8	255
 66456	152	145	106	160	163	176	8	255
 66502	152	145	106	160	163	176	8	255
 66547	151	145	105	160	163	174	8	255
 66592	150	145	106	160	163	176	8	255
 66638	150	145	106	160	163	174	8	255
 66683	149	145	106	160	163	172	0	255
 66728	148	145	106	160	163	172	0	255
 66774	147	143	106	160	163	171	0	255
 66819	146	142	106	160	163	170	0	255
 66864	144	140	106	160	163	168	0	255
 66910	142	138	106	160	163	168	0	255
 66955	140	137	106	160	163	168	0	255
 67000	139	135	106	160	163	166	0	255
 67046	137	134	106	160	163	165	0	255
 67091	135	132	106	160	163	165	0	255
 67137	133	130	106	160	163	164	0	255
 67182	132	129	106	160	163	162	0	255
 67227	130	127	106	160	163	162	0	255
 67273	128	125	105	160	163	162	0	255
 67318	127	123	105	160	163	160	0	255
 67363	125	122	105	160	163	156	0	255
 67409	125	118	105	160	163	160	8	255
 67454	129	126	105	160	163	164	8	255
 67499	134	134	105	160	163	165	8	255
 67545	136	139	105	160	163	162	8	255
 67590	137	141	105	160	163	160	8	255
 67635	137	142	105	160	163	156	8	255
 67681	136	143	105	160	163	155	8	255
 67726	135	143	105	160	163	150	8	255
 67771	133	142	105	160	163	144	8	255
 67817	129	142	106	160	163	137	8	255
 67862	125	142	105	160	163	138	8	255
 67907	124	143	105	160	163	142	8	255
 67953	125	144	106	160	163	145	8	255
 67998	126	145	106	160	163	145	8	255
 68044	126	145	106	159	163	146	8	255
 68089	127	145	106	159	163	146	8	255
 68134	127	145	106	159	163	148	8	255
 68180	128	145	106	159	163	148	8	255
 68225	128	145	106	159	163	148	8	255
 68270	128	145	106	159	163	148	8	255
 68316	128	145	106	159	163	146	8	255
 68361	128	145	106	159	163	150	8	255
 68406	129	145	106	159	163	151	8	255
 68452	129	145	106	159	163	148	8	255
 68497	129	145	106	159	163	150	8	255
 68542	129	145	106	159	163	150	8	255
 68588	129	145	106	159	163	148	8	255
 68633	129	145	106	159	163	150	8	255
 68679	129	145	106	159	163	148	8	255
 68724	129	145	106	159	163	148	8	255
 68769	129	145	106	159	163	146	8	255
 68815	129	145	106	159	163	150	8	255
 68860	129	145	106	158	163	148	8	255
 68905	129	145	106	158	163	150	8	255
 68951	129	145	106	158	163	150	8	255
 68996	130	145	106	158	163	152	8	255
 69041	130	145	106	158	163	152	8	255
 69087	131	145	106	158	163	154	8	255
 69132	132	145	106	158	163	154	8	255
 69177	132	145	106	158	163	155	8	255
 69223	133	145	106	158	163	156	8	255
 69268	134	145	106	158	163	156	8	255
 69313	134	145	106	158	163	155	8	255
 69359	134	145	106	158	163	156	8	255
 69404	135	145	106	158	163	156	8	255
 69449	135	145	106	158	163	156	8	255
 69495	135	145	106	158	163	155	8	255
 69540	135	145	106	158	163	155	8	255
 69586	134	145	106	158	163	155	8	255
 69631	134	144	106	158	163	154	8	255
 69676	134	144	106	158	163	154	8	255
 69722	134	144	106	158	163	152	8	255
 69767	134	144	106	158	163	154	8	255
 69812	133	144	106	158	163	155	8	255
 69858	133	144	106	158	163	152	8	255
 69903	133	144	106	158	163	152	8	255
 69948	133	144	106	158	163	152	8	255
 69995	132	144	106	158	163	151	8	255
 70039	132	144	106	157	163	152	8	255
 70084	132	144	106	157	163	150	8	255
 70130	131	144	106	157	163	151	8	255
 70175	131	144	106	157	163	150	8	255
 70220	131	144	106	157	163	150	8	255
 70266	131	144	106	157	163	150	8	255
 70311	130	144	106	157	163	150	8	255
 70357	130	144	106	157	163	150	8	255
 70402	130	144	106	157	163	148	8	255
 70447	130	144	106	157	163	150	8	255
 70493	129	144	106	157	163	148	8	255
 70538	129	144	106	157	163	148	8	255
 70584	129	144	106	157	163	148	8	255
 70629	129	144	106	157	163	146	8	255
 70674	128	144	106	157	163	146	8	255
 70719	128	144	106	157	163	145	8	255
 70765	127	143	106	157	163	145	8	255
 70810	127	143	106	157	163	145	8	255
 70855	127	143	106	157	163	142	8	255
 70901	126	143	106	157	163	144	8	255
 70946	126	143	106	157	163	144	8	255
 70991	125	143	106	157	163	142	8	255
 71037	125	143	106	157	163	141	8	255
 71082	125	143	106	157	163	141	8	255
 71127	124	143	106	156	163	141	8	255
 71173	124	143	106	156	163	141	8	255
 71218	124	143	106	156	163	141	8	255
 71264	123	143	106	156	163	140	8	255
 71309	123	143	106	156	163	138	8	255
 71354	123	143	106	156	163	140	8	255
 71400	122	143	106	156	163	138	8	255
 71445	122	143	106	156	163	140	8	255
 71490	122	143	106	156	163	138	8	255
 71536	122	143	106	156	163	138	8	255
 71581	121	143	106	156	163	138	8	255
 71626	121	143	106	156	163	138	8	255
 71672	121	143	106	156	163	137	8	255
 71717	121	143	106	156	163	138	8	255
 71762	121	143	106	156	163	137	8	255
 71808	120	143	106	156	163	136	8	255
 71853	120	143	106	156	163	136	8	255
 71898	120	143	106	155	163	136	8	255
 71944	120	143	106	155	163	137	8	255
 71989	120	143	106	155	163	137	8	255
 72034	120	143	106	155	163	136	8	255
 72080	119	142	106	155	163	136	8	255
 72125	119	142	106	155	163	136	8	255
 72171	119	142	106	155	163	137	8	255
 72216	119	142	106	155	163	134	8	255
 72261	119	142	106	155	163	136	8	255
 72307	119	142	106	155	163	136	8	255
 72352	119	142	106	155	163	136	8	255
 72397	119	142	106	155	162	134	8	255
 72443	118	142	106	155	163	134	8	255
 72488	118	142	106	155	163	136	8	255
 72533	118	142	106	155	162	136	8	255
 72579	118	142	106	154	162	136	8	255
 72624	118	142	106	154	162	134	8	255
 72669	118	142	106	154	162	134	8	255
 72715	118	142	106	154	162	134	8	255
 72760	118	142	106	154	162	134	8	255
 72805	118	142	106	154	162	134	8	255
 72851	118	142	106	154	162	134	8	255
 72896	118	142	106	154	162	136	8	255
 72941	118	142	106	154	162	134	8	255
 72987	118	142	106	154	162	134	8	255
 73032	117	142	106	154	162	132	8	255
 73078	117	141	106	154	162	132	8	255
 73123	117	141	106	154	162	132	8	255
 73168	117	141	106	154	162	134	8	255
 73214	117	141	106	154	162	132	8	255
 73259	117	141	106	154	162	132	8	255
 73304	117	141	106	153	162	132	8	255
 73350	117	141	106	153	162	134	8	255
 73395	117	141	106	153	162	132	8	255
 73441	117	141	106	153	162	134	8	255
 73486	117	141	106	153	162	134	8	255
 73531	117	141	106	153	162	134	8	255
 73576	117	141	106	153	162	132	8	255
 73622	117	141	106	153	162	134	8	255
 73667	117	141	106	153	162	132	8	255
 73712	117	141	106	153	162	132	8	255
 73758	117	141	106	153	162	134	8	255
 73803	117	141	106	153	162	132	8	255
 73849	117	141	106	153	162	132	8	255
 73894	117	141	106	153	162	134	8	255
 73939	117	141	106	152	162	134	8	255
 73985	117	140	106	152	162	132	8	255
 74030	117	140	106	152	162	132	8	255
 74075	117	140	106	152	162	132	8	255
 74121	116	140	106	152	162	132	8	255
 74166	116	140	106	152	162	132	8	255
 74211	116	140	106	152	162	132	8	255
 74257	116	140	106	152	162	132	8	255
 74302	116	140	106	152	162	132	8	255
 74347	116	140	106	152	162	131	8	255
 74393	116	140	106	152	162	131	8	255
 74438	116	140	106	152	162	130	8	255
 74483	116	140	106	152	162	131	8	255
 74529	116	140	106	152	162	130	8	255
 74574	116	140	106	152	162	132	8	255
 74620	115	140	106	152	162	130	8	255
 74665	115	140	106	151	162	131	8	255
 74710	115	140	106	151	162	130	8	255
 74756	115	140	106	151	162	130	8	255
 74801	115	140	106	151	162	130	8	255
 74846	115	139	106	151	162	130	8	255
 74892	115	139	106	151	162	128	8	255
 74937	115	139	106	151	162	130	0	255
 74982	114	137	106	151	162	127	0	255
 75028	114	136	106	151	162	124	0	255
 75073	113	134	106	151	162	123	0	255
 75118	112	133	106	151	162	120	0	255
 75164	111	131	106	151	162	118	0	255
 75209	110	130	106	151	162	116	0	255
 75254	109	128	106	151	162	113	0	255
 75300	108	126	106	151	162	110	0	255
 75345	107	124	106	151	162	109	0	255
 75391	106	122	106	151	162	108	0	255
 75436	105	120	106	151	162	105	0	255
 75481	104	118	105	150	162	104	0	255
 75527	103	117	105	150	162	102	0	255
 75572	102	115	105	150	162	101	0	255
 75617	101	113	105	150	162	100	0	255
 75663	101	111	105	151	162	98	0	255
 75708	100	110	105	150	162	97	0	255
 75753	99	108	105	150	162	97	0	255
 75799	98	107	105	150	162	94	0	255
 75844	98	105	105	151	162	93	0	255
 75889	97	104	105	151	162	92	0	255
 75935	96	102	105	151	162	90	0	255
 75980	95	101	105	151	162	89	0	255
 76025	95	100	105	151	162	88	0	255
 76071	94	99	105	151	162	86	0	255
 76116	93	98	105	150	162	86	0	255
 76162	93	97	105	150	162	85	0	255
 76207	92	96	105	150	162	84	0	255
 76252	91	95	105	151	162	83	0	255
 76298	91	95	105	150	162	82	0	255
 76343	90	94	105	151	162	82	0	255
 76388	90	93	105	151	162	80	0	255
 76434	89	92	105	151	162	80	0	255
 76479	89	92	105	150	162	79	0	255
 76524	88	91	104	151	162	78	0	255
 76570	88	91	104	151	162	78	0	255
 76615	87	90	104	150	162	78	0	255
 76660	87	89	104	151	162	76	0	255
 76706	86	89	104	150	162	75	0	255
 76751	86	88	104	151	162	74	0	255
 76796	85	88	104	150	162	74	0	255
 76842	85	87	104	150	162	72	0	255
 76887	85	87	104	150	162	71	0	255
 76932	84	86	104	150	162	72	0	255
 76978	84	86	104	150	162	70	0	255
 77023	83	85	104	150	162	70	0	255
 77068	83	85	104	150	162	70	0	255
 77114	83	84	104	150	162	68	0	255
 77159	82	84	104	150	162	68	0	255
 77204	82	84	104	151	162	68	0	255
 77250	82	83	104	150	162	67	0	255
 77295	81	83	104	150	162	67	0	255
 77341	81	83	104	151	162	66	0	255
 77386	81	82	104	150	162	66	0	255
 77431	80	82	104	151	162	65	0	255
 77476	80	81	104	150	162	65	0	255
 77522	80	81	104	150	162	64	0	255
 77567	79	81	104	150	162	65	0	255
 77613	79	80	104	150	162	62	0	255
 77658	79	80	104	150	162	62	0	255
 77703	79	80	104	150	162	62	0	255
 77749	78	80	103	150	162	61	0	255
 77794	78	79	103	150	162	61	0	255
 77839	78	79	103	150	162	62	0	255
 77885	78	79	103	150	162	60	0	255
 77930	77	78	103	150	162	58	0	255
 77975	77	78	103	150	162	60	0	255
 78021	77	78	103	150	162	58	0	255
 78066	77	78	103	150	162	60	0	255
 78111	77	77	103	150	162	57	0	255
 78157	76	77	103	150	162	57	0	255
 78202	76	77	103	150	162	57	0	255
 78248	76	77	103	150	161	57	0	255
 78293	76	76	103	150	162	56	0	255
 78338	76	76	103	150	162	57	0	255
 78383	75	76	103	150	162	56	0	255
 78429	75	76	103	150	162	56	0	255
 78474	75	75	103	150	161	56	0	255
 78520	75	75	103	150	161	54	0	255
 78565	75	75	103	150	161	54	0	255
 78610	74	75	103	150	161	54	0	255
 78656	74	75	103	150	161	53	0	255
 78701	74	74	103	150	161	53	0	255
 78746	74	74	103	150	161	52	0	255
 78792	74	74	103	150	161	52	0	255
 78837	74	74	103	150	161	52	0	255
 78882	73	74	103	150	161	51	0	255
 78928	73	73	103	150	161	50	0	255
 78973	73	73	103	150	161	51	0	255
 79018	73	73	103	150	161	51	0	255
 79064	73	73	103	150	161	51	0	255
 79109	73	73	103	150	161	51	0	255
 79155	73	73	103	150	161	50	0	255
 79200	72	73	102	150	161	50	0	255
 79245	72	72	102	150	161	48	0	255
 79291	72	72	102	150	161	47	0	255
 79336	72	72	102	150	161	48	0	255
 79381	72	72	102	150	161	48	0	255
 79427	72	72	102	150	161	47	0	255
 79472	72	72	102	150	161	47	0	255
 79517	72	71	102	150	161	47	0	255
 79563	71	71	102	150	161	47	0	255
 79608	71	71	102	150	161	46	0	255
 79653	71	71	102	150	161	46	0	255
 79699	71	71	102	150	161	46	0	255
 79744	71	71	102	150	161	45	0	255
 79789	71	71	102	150	161	45	0	255
 79835	71	71	102	150	161	45	0	255
 79880	71	70	102	150	161	45	0	255
 79925	71	70	102	150	161	44	0	255
 79971	71	70	102	150	161	45	0	255
 80016	70	70	102	150	161	45	0	255
 80061	70	70	102	150	161	44	0	255
 80107	70	70	102	150	161	44	0	255
 80152	70	70	102	150	161	44	0	255
 80198	70	70	102	150	161	44	0	255
 80243	70	69	102	150	161	44	0	255
 80288	70	69	102	150	161	44	0	255
 80334	70	69	102	150	161	42	0	255
 80379	70	69	102	150	161	41	0	255
 80424	70	69	102	150	161	42	0	255
 80470	70	69	102	150	161	41	0	255
 80515	69	69	102	150	161	41	0	255
 80560	69	69	102	150	161	41	0	255
 80606	69	69	102	150	161	40	0	255
 80651	69	69	102	150	161	41	0	255
 80696	69	69	102	150	161	41	0	255
 80742	69	68	102	150	161	41	0	255
 80787	69	68	102	150	161	40	0	255
 80832	69	68	102	150	161	40	0	255
 80878	69	68	101	150	161	38	0	255
 80923	69	68	101	150	161	38	0	255
 80968	69	68	101	150	161	40	0	255
 81014	69	68	101	150	161	38	0	255
 81059	69	68	101	150	161	38	0	255
 81105	68	68	101	150	161	38	0	255
 81150	68	68	101	150	161	38	0	255
 81195	68	68	101	150	161	37	0	255
 81241	68	68	101	150	161	37	0	255
 81286	68	68	101	150	161	37	0	255
 81331	68	67	101	150	161	37	0	255
 81377	68	67	101	150	161	37	0	255
 81422	68	67	101	150	161	37	0	255
 81467	68	67	101	150	161	37	0	255
 81513	68	67	101	150	161	37	0	255
 81558	68	67	101	150	161	36	0	255
 81603	68	67	101	150	161	36	0	255
 81649	68	67	101	150	161	36	0	255
 81694	68	67	101	150	161	36	0	255
 81739	68	67	101	150	161	36	0	255
 81785	68	67	101	150	161	36	0	255
 81830	68	67	101	150	161	35	0	255
 81876	68	67	101	150	161	36	0	255
 81921	67	67	101	150	161	35	0	255
 81966	67	67	101	150	161	36	0	255
 82012	67	67	101	150	161	35	0	255
 82057	67	67	101	150	161	35	0	255
 82102	67	66	101	150	161	35	0	255
 82148	67	66	101	150	161	35	0	255
 82193	67	66	101	150	161	34	0	255
 82238	67	66	101	150	161	35	0	255
 82284	67	66	101	150	161	34	0	255
 82329	67	66	101	150	161	35	0	255
 82374	67	66	101	150	161	34	0	255
 82420	67	66	101	150	161	34	0	255
 82465	67	66	101	150	161	34	0	255
 82510	67	66	101	150	161	34	0	255
 82556	67	66	101	150	161	35	0	255
 82601	67	66	101	150	161	34	0	255
 82646	67	66	101	150	161	34	0	255
 82692	67	66	100	150	161	34	0	255
 82737	67	66	100	150	161	34	0	255
 82782	67	66	100	150	161	32	0	255
 82828	67	66	100	150	161	34	0	255
 82873	67	66	100	150	161	34	0	255
 82919	67	66	100	150	161	34	0	255
 82964	66	66	100	150	161	32	0	255
 83010	66	66	100	150	161	32	0	255
 83055	66	66	100	150	161	34	0	255
 83100	66	65	100	150	161	34	0	255
 83145	66	65	100	150	161	32	0	255
 83191	66	65	100	150	161	34	0	255
 83236	66	65	100	150	161	32	0	255
 83281	66	65	100	150	161	32	0	255
 83327	66	65	100	150	161	32	0	255
 83372	66	65	100	150	161	31	0	255
 83417	66	65	100	150	161	32	0	255
 83463	66	65	100	150	161	32	0	255
 83508	66	65	100	150	161	32	0	255
 83553	66	65	100	150	161	32	0	255
 83599	66	65	100	150	161	32	0	255
 83644	66	65	100	150	161	32	0	255
 83689	66	65	100	150	161	32	0	255
 83736	66	65	100	150	161	31	0	255
 83780	66	65	100	150	161	32	0	255
 83827	66	65	100	150	161	32	0	255
 83871	66	65	100	150	161	31	0	255
 83916	66	65	100	150	160	31	0	255
 83962	66	65	100	150	160	32	0	255
 84007	66	65	100	150	160	31	0	255
 84052	66	65	100	150	160	32	0	255
 84098	66	65	100	150	160	32	0	255
 84143	66	65	100	150	160	31	0	255
 84188	66	65	100	150	160	31	0	255
 84234	66	65	100	150	160	32	0	255
 84279	66	65	100	150	160	31	0	255
 84324	66	65	100	150	160	32	0	255
 84370	66	65	100	150	160	31	0	255
 84415	66	65	100	150	160	31	0	255
 84460	66	65	100	150	160	31	0	255
 84506	66	64	100	150	160	31	0	255
 84551	66	64	100	150	160	32	0	255
 84596	66	64	100	150	160	32	0	255
 84642	66	64	100	150	160	31	0	255
 84687	65	64	100	150	160	31	0	255
 84733	65	64	100	150	160	31	0	255
 84778	65	64	100	150	160	31	0	255
 84823	65	64	100	150	160	31	0	255
 84869	65	64	99	150	160	31	0	255
 84914	65	64	99	150	160	31	0	255
 84959	65	64	99	150	160	32	0	255
 85005	65	64	99	150	160	31	0	255
 85050	65	64	99	150	160	32	0	255
 85096	65	64	99	150	160	31	0	255
 85141	65	64	99	150	160	31	0	255
 85186	65	64	99	150	160	31	0	255
 85231	65	64	99	150	160	31	0	255
 85277	65	64	99	150	160	31	0	255
 85322	65	64	99	150	160	31	0	255
 85367	65	64	99	150	160	30	0	255
 85413	65	64	99	150	160	31	0	255
 85458	65	64	99	150	160	32	0	255
 85503	65	64	99	150	160	31	0	255
 85549	65	64	99	150	160	31	0	255
 85594	65	64	99	150	160	31	0	255
 85640	65	64	99	150	160	32	0	255
 85685	65	64	99	150	160	31	0	255
 85730	65	64	99	150	160	31	0	255
 85776	65	64	99	150	160	31	0	255
 85821	65	64	99	150	160	31	0	255
 85866	65	64	99	150	160	31	0	255
 85912	65	64	99	150	160	31	0	255
 85957	65	64	99	150	160	31	0	255
 86002	65	64	99	150	160	31	0	255
 86048	65	64	99	150	160	31	0	255
 86093	65	64	99	150	160	30	0	255
 86138	65	64	99	150	160	32	0	255
 86184	65	64	99	150	160	31	0	255
 86229	65	64	99	150	160	31	0	255
 86274	65	64	99	150	160	31	0	255
 86320	65	64	99	150	160	30	0	255
 86365	65	64	99	150	160	31	0	255
