HomeCentral
 Falkenstrasse 20
 8630 Rueti
 Datum: 05.12.14 00:00
 
 Startzeit: 2014-12-05 00:00:10 +0100
 55	31	31	26	92	94	13	0	255
 100	31	31	26	92	94	13	0	255
 146	31	31	26	92	94	13	0	255
 236	31	31	26	92	94	13	0	255
 282	31	31	26	92	94	14	0	255
 327	31	31	26	92	94	14	0	255
 463	31	31	26	92	94	13	0	255
 509	31	31	26	92	94	13	0	255
 554	31	31	26	92	94	13	0	255
 599	31	31	26	92	94	13	0	255
 644	31	31	26	92	94	13	0	255
 690	31	31	26	92	94	13	0	255
 735	31	31	26	92	94	13	0	255
 781	31	31	26	92	94	13	0	255
 871	31	31	26	92	94	13	0	255
 917	31	31	26	92	94	13	0	255
 962	31	31	26	92	94	13	0	255
 1007	31	31	26	92	94	13	0	255
 1053	31	31	26	92	94	14	16	255
 1098	31	31	26	92	94	12	16	255
 1143	31	31	26	92	94	13	16	255
 1189	31	31	26	92	94	13	16	255
 1234	31	31	26	92	94	13	16	255
 1279	31	31	26	92	94	13	16	255
 1325	31	31	26	92	94	13	16	255
 1370	31	31	26	92	94	14	16	255
 1415	31	31	26	92	94	13	16	255
 1461	31	31	26	93	94	14	16	255
 1506	31	31	26	93	95	13	16	255
 1551	31	31	26	93	95	13	16	255
 1597	31	31	26	93	95	13	16	255
 1642	31	31	26	93	95	13	16	255
 1688	31	31	26	93	95	13	16	255
 1733	31	31	26	94	95	14	16	255
 1778	31	31	26	94	95	13	16	255
 1824	31	31	26	94	96	13	16	255
 1869	31	31	26	94	96	13	16	255
 1914	31	31	26	94	96	13	0	255
 1960	31	31	26	95	96	13	0	255
 2005	31	31	26	95	96	14	0	255
 2050	31	31	26	95	96	13	0	255
 2096	31	31	26	95	96	13	0	255
 2141	31	31	26	95	96	13	0	255
 2186	31	31	26	95	96	13	0	255
 2232	31	31	26	95	96	13	0	255
 2277	31	31	26	95	96	13	0	255
 2322	31	31	26	95	96	13	0	255
 2368	31	31	26	95	96	14	0	255
 2413	31	31	26	95	96	13	0	255
 2459	31	31	26	95	96	13	0	255
 2504	31	31	26	95	96	13	0	255
 2549	31	31	26	95	96	13	0	255
 2595	31	31	26	95	96	12	0	255
 2643	31	31	26	95	96	13	0	255
 2685	31	31	26	95	96	13	0	255
 2731	31	31	26	95	96	13	0	255
 2776	31	31	26	95	96	13	0	255
 2821	31	31	26	95	96	13	8	255
 2867	31	31	26	95	96	13	0	255
 2912	31	31	26	95	96	13	0	255
 2957	31	31	26	95	96	13	0	255
 3003	31	31	26	95	96	13	0	255
 3048	31	31	26	95	96	13	0	255
 3093	31	31	26	95	96	13	0	255
 3139	31	31	26	95	96	13	0	255
 3184	31	31	26	94	96	13	0	255
 3230	31	31	26	94	96	14	0	255
 3275	31	31	26	95	96	13	0	255
 3320	31	31	26	95	96	12	0	255
 3411	31	31	26	95	96	13	0	255
 3456	31	31	26	95	96	13	0	255
 3502	31	31	26	94	96	13	0	255
 3547	31	31	26	94	96	13	0	255
 3592	31	31	26	95	96	13	0	255
 3638	31	31	26	95	96	13	0	255
 3683	31	31	26	94	96	13	0	255
 3728	31	31	26	95	96	13	0	255
 3774	31	31	26	95	96	13	0	255
 3819	31	31	26	94	96	13	0	255
 3864	31	31	26	94	96	13	0	255
 3910	31	31	26	94	96	13	0	255
 3955	31	31	26	94	96	13	0	255
 4001	31	31	26	94	96	13	0	255
 4046	31	31	26	94	96	12	0	255
 4096	31	31	26	94	96	13	0	255
 4137	31	31	26	94	96	13	0	255
 4182	31	31	26	94	96	13	0	255
 4227	31	31	26	94	96	13	0	255
 4273	31	31	26	94	96	13	0	255
 4318	31	31	26	94	96	13	0	255
 4363	31	31	26	94	96	14	0	255
 4409	31	31	26	94	96	13	0	255
 4454	31	31	26	94	96	13	0	255
 4499	31	31	26	94	96	13	0	255
 4545	31	31	26	94	96	13	0	255
 4590	31	31	26	94	96	13	0	255
 4636	31	31	26	94	96	13	0	255
 4681	31	31	26	94	96	13	0	255
 4726	31	31	26	94	96	13	0	255
 4775	31	31	26	94	96	13	0	255
 4817	31	31	26	94	96	13	0	255
 4862	31	31	26	94	96	13	0	255
 4908	31	31	26	94	96	13	0	255
 4953	31	31	26	94	96	13	0	255
 4998	31	31	26	94	96	13	0	255
 5046	31	31	26	94	96	13	0	255
 5089	31	31	26	94	96	13	0	255
 5139	31	31	26	94	96	14	0	255
 5180	31	31	26	94	96	13	0	255
 5225	31	31	26	94	96	13	0	255
 5270	31	31	26	94	96	13	0	255
 5316	31	31	26	94	96	13	0	255
 5361	31	31	26	94	96	13	0	255
 5406	31	31	26	94	96	13	0	255
 5455	31	31	26	94	96	13	0	255
 5497	31	31	26	94	96	12	0	255
 5543	31	31	26	94	96	13	0	255
 5588	31	31	26	94	96	13	0	255
 5633	31	31	26	94	96	12	0	255
 5679	31	31	26	94	96	13	0	255
 5724	31	31	26	94	96	13	0	255
 5769	31	31	26	94	96	13	0	255
 5815	31	31	26	94	96	13	0	255
 5905	31	31	26	94	96	13	0	255
 5951	31	31	26	94	96	12	0	255
 5996	31	31	26	94	96	13	0	255
 6041	31	31	26	94	96	13	0	255
 6091	31	31	26	94	96	13	0	255
 6132	31	31	26	94	96	13	0	255
 6177	31	31	26	94	96	13	0	255
 6223	31	31	26	94	96	13	0	255
 6268	31	31	26	94	96	13	0	255
 6314	31	31	26	94	96	13	0	255
 6404	31	31	26	94	96	13	0	255
 6450	31	31	26	94	96	13	0	255
 6495	31	31	26	94	96	13	0	255
 6540	31	31	26	94	96	13	0	255
 6586	31	31	26	94	96	13	0	255
 6631	31	31	26	94	96	13	0	255
 6676	31	31	26	94	96	13	0	255
 6722	31	31	26	94	96	13	0	255
 6767	31	31	26	94	96	13	0	255
 6812	31	31	26	94	96	13	0	255
 6858	31	31	26	94	96	12	0	255
 6903	31	31	26	94	96	13	0	255
 6948	31	31	26	94	96	13	0	255
 6994	31	31	26	94	96	13	0	255
 7039	31	31	26	94	96	13	0	255
 7084	31	31	26	94	96	13	0	255
 7130	31	31	26	94	96	13	0	255
 7175	31	31	26	94	96	13	0	255
 7222	31	31	26	94	96	13	0	255
 7266	31	31	26	94	96	13	0	255
 7311	31	31	26	94	96	13	0	255
 7357	31	31	26	94	96	13	0	255
 7402	31	31	26	94	96	13	0	255
 7447	31	31	26	94	96	13	0	255
 7493	31	31	26	94	96	13	0	255
 7538	31	31	26	94	96	13	0	255
 7583	31	31	26	94	96	13	0	255
 7629	31	31	26	94	96	13	0	255
 7674	31	31	26	94	96	13	0	255
 7719	31	31	26	94	96	13	0	255
 7765	31	31	26	94	96	13	0	255
 7810	31	31	26	94	96	13	0	255
 7855	31	31	26	94	96	13	0	255
 7901	31	31	26	94	96	14	0	255
 7946	31	31	26	94	96	13	0	255
 7992	31	31	26	94	96	13	0	255
 8037	31	31	26	94	96	13	0	255
 8082	31	31	26	94	96	13	0	255
 8128	31	31	26	94	96	12	0	255
 8173	31	31	26	94	96	13	0	255
 8218	31	31	26	94	96	13	0	255
 8264	31	31	26	94	96	13	0	255
 8309	31	31	26	94	96	13	0	255
 8354	31	31	26	94	96	12	0	255
 8400	31	31	26	94	96	12	0	255
 8445	31	31	26	94	96	13	0	255
 8490	31	31	26	94	96	13	0	255
 8536	31	31	26	94	96	13	0	255
 8581	31	31	26	94	96	13	0	255
 8626	31	31	26	94	96	13	0	255
 8672	31	31	26	94	96	13	0	255
 8717	31	31	26	94	96	13	0	255
 8763	31	31	26	94	96	12	0	255
 8808	31	31	26	94	96	13	0	255
 8853	31	31	26	94	96	13	0	255
 8899	31	31	26	94	96	13	0	255
 8944	31	31	26	94	96	13	0	255
 8989	31	31	26	94	96	13	0	255
 9035	31	31	26	94	96	13	0	255
 9080	31	31	26	94	96	13	0	255
 9125	31	31	26	94	96	13	0	255
 9171	31	31	26	94	96	13	0	255
 9216	31	31	26	94	96	12	0	255
 9261	31	31	26	94	96	13	0	255
 9307	31	31	26	94	96	13	0	255
 9352	31	31	26	94	96	13	0	255
 9397	31	31	26	94	96	13	0	255
 9488	31	31	26	94	96	13	0	255
 9534	31	31	26	94	96	13	0	255
 9579	31	31	26	94	96	13	0	255
 9624	31	31	26	94	96	12	0	255
 9670	31	31	26	94	96	13	0	255
 9715	31	31	26	94	96	13	0	255
 9765	31	31	26	94	96	12	0	255
 9806	31	31	26	94	96	13	0	255
 9851	31	31	26	94	96	13	0	255
 9896	31	31	26	94	96	13	0	255
 9942	31	31	26	94	96	13	0	255
 9987	31	31	26	94	96	13	0	255
 10032	31	31	26	94	96	13	0	255
 10078	31	31	26	94	96	13	0	255
 10123	31	31	26	94	96	14	0	255
 10168	31	31	26	94	96	13	0	255
 10214	31	31	26	94	96	13	0	255
 10259	31	31	26	94	96	13	0	255
 10305	31	31	26	94	96	13	0	255
 10350	31	31	26	94	96	13	0	255
 10395	31	31	26	94	96	13	0	255
 10444	31	31	26	94	96	13	0	255
 10486	31	31	26	94	96	12	0	255
 10531	31	31	26	94	96	13	0	255
 10577	31	31	26	94	96	12	0	255
 10622	31	31	26	94	96	13	0	255
 10667	31	31	26	94	96	12	16	255
 10713	31	31	26	94	96	13	16	255
 10758	31	31	26	94	96	13	16	255
 10803	31	31	26	94	96	13	16	255
 10849	31	31	26	94	96	12	16	255
 10894	31	31	26	94	96	13	16	255
 10939	31	31	26	94	96	13	16	255
 10985	31	31	26	94	96	13	16	255
 11030	31	31	26	94	96	13	16	255
 11076	31	31	26	94	96	13	16	255
 11121	31	31	26	95	97	13	16	255
 11166	31	31	26	95	97	13	16	255
 11212	31	31	26	95	97	12	16	255
 11257	31	31	26	95	97	13	0	255
 11302	31	31	26	95	97	13	0	255
 11348	31	31	26	96	97	13	0	255
 11393	31	31	26	96	97	13	0	255
 11438	31	31	26	95	97	14	0	255
 11484	31	31	26	95	97	13	0	255
 11529	31	31	26	95	97	13	0	255
 11574	31	31	26	95	97	13	0	255
 11620	31	31	26	95	97	12	0	255
 11665	31	31	26	95	97	13	0	255
 11710	31	31	26	95	97	13	0	255
 11759	31	31	26	95	97	13	0	255
 11801	31	31	26	95	97	13	0	255
 11847	31	31	26	95	97	13	0	255
 11892	31	31	26	95	97	13	0	255
 11937	31	31	26	95	97	12	0	255
 11983	31	31	26	95	97	13	0	255
 12028	31	31	26	95	97	13	0	255
 12073	31	31	26	95	97	13	0	255
 12119	31	31	26	95	97	14	0	255
 12164	31	31	26	95	97	13	0	255
 12209	31	31	26	95	97	12	0	255
 12255	31	31	26	95	97	13	0	255
 12300	31	31	26	95	97	13	0	255
 12345	31	31	26	95	97	13	0	255
 12391	31	31	26	95	97	13	0	255
 12436	31	31	26	95	97	13	0	255
 12482	31	31	26	95	97	13	0	255
 12527	31	31	26	95	97	13	0	255
 12572	31	31	26	95	97	13	0	255
 12618	31	31	26	95	97	13	0	255
 12663	31	31	26	95	97	13	0	255
 12708	31	31	26	95	97	13	0	255
 12754	31	31	26	95	97	13	0	255
 12799	31	31	26	95	97	13	0	255
 12844	31	31	26	95	97	13	0	255
 12890	31	31	26	95	97	13	0	255
 12935	31	31	26	95	97	13	0	255
 12980	31	31	26	95	97	13	0	255
 13026	31	31	26	95	97	13	0	255
 13071	31	31	26	95	97	13	0	255
 13116	31	31	26	95	97	13	0	255
 13162	31	31	26	95	97	13	0	255
 13207	31	31	26	95	97	13	0	255
 13253	31	31	26	95	97	13	0	255
 13298	31	31	26	95	97	13	0	255
 13343	31	31	26	95	97	13	0	255
 13389	31	31	26	95	97	13	0	255
 13434	31	31	26	95	97	12	0	255
 13479	31	31	26	95	97	12	0	255
 13525	31	31	26	95	97	13	0	255
 13570	31	31	26	95	97	13	0	255
 13615	31	31	26	95	97	13	0	255
 13661	31	31	26	95	97	12	0	255
 13707	31	31	26	95	97	12	0	255
 13751	31	31	26	95	97	13	0	255
 13797	31	31	26	95	97	13	0	255
 13842	31	31	26	95	97	12	0	255
 13887	31	31	26	95	97	13	0	255
 13933	31	31	26	95	97	13	0	255
 13978	31	31	26	95	97	13	0	255
 14024	31	31	26	95	97	12	0	255
 14069	31	31	26	95	97	12	0	255
 14114	31	31	26	95	97	13	0	255
 14160	31	31	26	95	97	12	0	255
 14205	31	31	26	95	97	12	0	255
 14250	31	31	26	95	97	13	0	255
 14296	31	31	26	95	97	13	0	255
 14341	31	31	26	95	97	13	0	255
 14386	31	31	26	95	97	12	0	255
 14432	31	31	26	95	97	12	0	255
 14477	31	31	26	95	97	12	0	255
 14522	31	31	26	95	97	13	0	255
 14568	31	31	26	95	97	13	0	255
 14613	31	31	26	95	97	13	0	255
 14658	31	31	26	95	97	12	0	255
 14704	31	31	26	95	97	12	0	255
 14749	31	31	26	95	97	12	0	255
 14795	31	31	26	95	97	13	0	255
 14840	31	31	26	95	97	12	0	255
 14885	31	31	26	95	97	12	0	255
 14976	31	31	26	95	97	13	0	255
 15021	31	31	26	95	97	12	0	255
 15067	31	31	26	95	97	12	0	255
 15112	31	31	26	95	97	12	0	255
 15157	31	31	26	95	97	13	0	255
 15203	31	31	26	95	97	12	0	255
 15248	31	31	26	95	97	12	0	255
 15293	31	31	26	95	97	13	0	255
 15339	31	31	26	95	97	12	0	255
 15384	31	31	26	95	97	13	0	255
 15429	31	31	26	95	97	12	0	255
 15475	31	31	26	95	97	12	0	255
 15520	31	31	26	95	97	12	0	255
 15565	31	31	26	95	97	12	0	255
 15611	31	31	26	95	97	13	0	255
 15656	31	31	26	95	97	12	0	255
 15702	31	31	26	95	97	12	0	255
 15747	31	31	26	95	97	13	0	255
 15792	31	31	26	95	97	12	0	255
 15838	31	31	26	95	97	12	0	255
 15883	31	31	26	95	97	12	0	255
 15928	31	31	26	95	97	12	0	255
 15974	31	31	26	95	97	12	0	255
 16064	31	31	26	95	97	12	0	255
 16110	31	31	26	95	97	13	0	255
 16155	31	31	26	95	97	12	0	255
 16200	31	31	26	95	97	13	0	255
 16246	31	31	26	95	97	12	0	255
 16291	31	31	26	95	97	12	0	255
 16336	31	31	26	95	97	12	0	255
 16382	31	31	26	95	97	12	0	255
 16427	31	31	26	95	97	12	0	255
 16473	31	31	26	95	97	12	0	255
 16518	31	31	26	95	97	12	0	255
 16563	31	31	26	95	97	12	0	255
 16609	31	31	26	95	97	12	0	255
 16654	31	31	26	95	97	13	0	255
 16699	31	31	26	95	97	13	0	255
 16745	31	31	26	95	97	13	0	255
 16790	31	31	26	95	97	12	0	255
 16835	31	31	26	95	97	13	0	255
 16881	31	31	26	95	97	12	0	255
 16926	31	31	26	95	97	12	0	255
 16971	31	31	26	95	97	13	0	255
 17017	31	31	26	95	97	13	0	255
 17066	31	31	26	95	97	12	0	255
 17107	31	31	26	95	97	12	0	255
 17153	31	31	26	95	97	12	0	255
 17198	31	31	26	95	97	13	0	255
 17244	31	31	26	95	97	12	0	255
 17289	31	31	26	95	97	12	0	255
 17334	31	31	26	95	97	12	0	255
 17380	31	31	26	95	97	12	0	255
 17425	31	31	26	95	97	12	0	255
 17470	31	31	26	95	97	12	0	255
 17516	31	31	26	95	97	12	0	255
 17561	31	31	26	95	97	12	0	255
 17606	31	31	26	95	97	12	0	255
 17652	31	31	26	95	97	12	0	255
 17697	31	31	26	95	97	12	0	255
 17742	31	31	26	95	97	12	0	255
 17788	31	31	26	95	97	12	0	255
 17833	31	31	26	95	97	12	0	255
 17878	31	31	26	95	97	12	0	255
 17924	31	31	26	95	97	12	0	255
 17969	31	31	26	95	97	12	0	255
 18015	31	31	26	95	97	12	0	255
 18060	31	31	26	95	97	12	0	255
 18105	31	31	26	95	97	12	0	255
 18151	31	31	26	95	97	12	0	255
 18196	31	31	26	95	97	12	0	255
 18241	31	31	26	95	97	12	0	255
 18287	31	31	26	95	97	12	0	255
 18332	31	31	26	95	97	12	0	255
 18377	31	31	26	95	97	12	0	255
 18423	31	31	26	95	97	12	0	255
 18468	31	31	26	95	97	12	0	255
 18513	31	31	26	95	97	12	0	255
 18559	31	31	26	95	97	13	0	255
 18604	31	31	26	95	97	12	0	255
 18649	31	31	26	95	97	12	0	255
 18695	31	31	26	95	97	13	0	255
 18740	31	31	26	95	97	12	0	255
 18786	31	31	26	95	97	12	0	255
 18831	31	31	26	95	97	12	0	255
 18876	31	31	26	95	97	12	0	255
 18922	31	31	26	95	97	12	0	255
 18967	31	31	26	95	97	12	0	255
 19012	31	31	26	95	97	12	0	255
 19058	31	31	26	95	97	12	0	255
 19103	31	31	26	95	97	12	0	255
 19148	31	31	26	95	97	12	0	255
 19194	31	31	26	95	97	12	0	255
 19239	31	31	26	95	97	12	0	255
 19284	31	31	26	95	97	12	0	255
 19330	31	31	26	95	97	12	0	255
 19375	31	31	26	95	97	12	0	255
 19420	31	31	26	95	97	13	0	255
 19466	31	31	26	95	97	12	0	255
 19511	31	31	26	95	97	13	0	255
 19557	31	31	26	95	97	12	0	255
 19602	31	31	26	95	97	12	0	255
 19647	31	31	26	95	97	13	0	255
 19693	31	31	26	95	97	12	0	255
 19738	31	31	26	95	97	13	0	255
 19783	31	31	26	94	97	11	0	255
 19829	31	31	26	95	97	12	0	255
 19874	31	31	26	95	97	12	0	255
 19919	31	31	26	94	97	12	0	255
 19965	31	31	26	95	97	12	0	255
 20010	31	31	26	94	97	12	0	255
 20055	31	31	26	95	97	12	0	255
 20101	31	31	26	95	97	12	0	255
 20146	31	31	26	94	97	12	0	255
 20192	31	31	26	94	97	12	0	255
 20237	31	31	26	94	97	12	0	255
 20282	31	31	26	94	97	12	0	255
 20328	31	31	26	94	97	12	0	255
 20373	31	31	26	94	97	12	0	255
 20418	31	31	26	94	97	12	0	255
 20464	31	31	26	94	97	13	0	255
 20509	31	31	26	94	97	12	0	255
 20554	31	31	26	94	97	12	0	255
 20600	31	31	26	94	97	12	0	255
 20645	31	31	26	94	97	12	0	255
 20690	31	31	26	94	97	12	0	255
 20736	31	31	26	94	97	12	0	255
 20781	31	31	26	94	97	12	0	255
 20827	31	31	26	94	97	13	0	255
 20872	31	31	26	94	97	13	0	255
 20917	31	31	26	94	97	13	0	255
 20963	31	31	26	94	97	12	0	255
 21008	31	31	26	94	97	12	0	255
 21053	31	31	26	94	97	12	0	255
 21099	31	31	26	94	97	12	0	255
 21144	31	31	26	94	97	12	0	255
 21189	31	31	26	94	97	12	0	255
 21235	31	31	26	94	97	12	0	255
 21280	31	31	26	94	97	12	0	255
 21325	31	31	26	94	97	12	0	255
 21371	31	31	26	94	97	12	0	255
 21416	31	31	26	94	97	12	0	255
 21461	31	31	26	94	97	12	0	255
 21507	31	31	26	94	97	12	0	255
 21552	31	31	26	94	97	12	0	255
 21597	31	31	26	94	97	12	0	255
 21643	31	31	26	94	97	12	0	255
 21688	31	31	26	94	97	12	0	255
 21734	31	31	26	94	97	12	0	255
 21779	31	31	26	94	97	12	0	255
 21824	31	31	26	94	97	12	0	255
 21870	31	31	26	94	97	12	0	255
 21915	31	31	26	94	97	12	0	255
 21960	31	31	26	94	97	12	0	255
 22006	31	31	26	94	97	12	0	255
 22051	31	31	26	94	97	12	0	255
 22096	31	31	26	94	97	13	0	255
 22142	31	31	26	94	97	12	0	255
 22187	31	31	26	94	97	12	0	255
 22232	31	31	26	94	97	12	0	255
 22278	31	31	26	94	97	12	0	255
 22323	31	31	26	94	97	12	0	255
 22368	31	31	26	94	97	12	0	255
 22414	31	31	26	94	97	13	0	255
 22459	31	31	26	94	97	12	0	255
 22505	31	31	26	94	97	12	0	255
 22595	31	31	26	94	97	12	0	255
 22641	31	31	26	94	97	12	0	255
 22686	31	31	26	94	97	12	0	255
 22731	31	31	26	94	97	13	0	255
 22777	31	31	26	94	97	12	0	255
 22822	31	31	26	94	97	12	0	255
 22867	31	31	26	94	97	12	0	255
 22913	31	31	26	94	97	12	0	255
 22958	31	31	26	94	97	12	0	255
 23003	31	31	26	94	97	12	0	255
 23049	31	31	26	94	97	12	0	255
 23094	31	31	26	94	97	12	0	255
 23139	31	31	26	94	97	12	0	255
 23230	31	31	26	94	97	12	0	255
 23275	31	31	26	94	97	13	0	255
 23321	31	31	26	94	97	12	0	255
 23366	31	31	26	94	97	12	0	255
 23412	31	31	26	94	97	12	0	255
 23457	31	31	26	94	97	12	0	255
 23502	31	31	26	94	97	12	0	255
 23548	31	31	26	94	97	12	0	255
 23593	31	31	26	94	97	12	0	255
 23638	31	31	26	94	97	12	0	255
 23684	31	31	26	94	97	12	0	255
 23729	31	31	26	94	97	12	0	255
 23865	31	31	26	94	97	12	0	255
 23910	31	31	26	94	97	12	0	255
 23956	31	31	26	94	97	12	16	255
 24001	31	31	26	94	97	11	16	255
 24046	31	31	26	94	97	12	16	255
 24092	31	31	26	94	97	12	16	255
 24137	31	31	26	94	97	12	16	255
 24183	31	31	26	94	97	12	16	255
 24228	31	31	26	94	96	12	16	255
 24273	31	31	26	95	97	12	16	255
 24319	31	31	26	95	97	12	16	255
 24364	31	31	26	95	97	12	16	255
 24409	31	31	26	95	97	13	16	255
 24455	31	31	26	95	97	12	16	255
 24500	31	31	26	95	97	13	16	255
 24545	31	31	26	95	97	13	0	255
 24591	31	31	26	96	97	12	0	255
 24636	31	31	26	96	97	12	0	255
 24681	31	31	26	96	98	12	0	255
 24727	31	31	26	96	98	13	0	255
 24772	31	31	26	96	98	12	0	255
 24817	31	31	26	96	98	12	0	255
 24863	31	31	26	96	98	12	0	255
 24908	31	31	26	96	98	13	0	255
 25003	31	31	26	96	98	12	0	255
 25044	31	31	26	96	98	12	0	255
 25090	31	31	26	96	98	13	0	255
 25135	31	31	26	96	98	12	0	255
 25180	31	31	26	96	98	12	0	255
 25226	31	31	26	96	98	13	0	255
 25271	31	31	26	96	98	13	0	255
 25316	31	31	26	96	98	12	0	255
 25362	31	31	26	96	98	12	0	255
 25407	31	31	26	96	98	13	0	255
 25452	31	31	26	96	98	12	0	255
 25498	31	31	26	96	98	12	0	255
 25543	31	31	26	96	98	12	0	255
 25588	31	31	26	96	98	12	0	255
 25634	31	31	26	96	98	12	0	255
 25679	31	31	26	96	98	12	0	255
 25724	31	31	26	96	98	12	0	255
 25770	31	31	26	96	98	13	0	255
 25815	31	31	26	96	98	12	0	255
 25861	31	31	26	96	98	12	0	255
 25951	31	31	26	96	98	13	0	255
 25997	31	31	26	96	98	12	0	255
 26042	31	31	26	95	98	12	0	255
 26087	31	31	26	95	98	12	0	255
 26133	31	31	26	95	98	12	0	255
 26178	31	31	26	95	98	12	0	255
 26223	31	31	26	96	98	13	0	255
 26269	31	31	26	95	98	13	0	255
 26314	31	31	26	95	98	13	0	255
 26359	31	31	26	95	97	13	0	255
 26405	31	31	26	95	98	12	0	255
 26450	31	31	26	96	98	12	0	255
 26495	31	31	26	95	98	12	0	255
 26541	31	31	26	95	98	12	0	255
 26586	31	31	26	95	98	12	0	255
 26632	31	31	26	95	98	12	0	255
 26677	31	31	26	95	98	12	0	255
 26722	31	31	26	95	98	12	0	255
 26768	31	31	26	95	98	12	0	255
 26813	31	31	26	95	97	12	0	255
 26858	31	31	26	95	98	12	0	255
 26904	31	31	26	95	98	12	0	255
 26949	31	31	26	95	97	12	0	255
 26994	31	31	26	95	98	12	0	255
 27040	31	31	26	95	98	12	0	255
 27085	31	31	26	95	97	13	0	255
 27130	31	31	26	95	97	12	0	255
 27176	31	31	26	95	97	13	0	255
 27221	31	31	26	95	97	13	0	255
 27266	31	31	26	95	97	12	0	255
 27312	31	31	26	95	97	12	0	255
 27357	31	31	26	95	97	11	0	255
 27403	31	31	26	95	98	12	0	255
 27448	31	31	26	95	97	12	0	255
 27493	31	31	26	95	97	12	0	255
 27539	31	31	26	95	97	12	0	255
 27584	31	31	26	95	97	12	0	255
 27629	31	31	26	95	97	13	0	255
 27675	31	31	26	95	97	12	0	255
 27720	31	31	26	95	97	12	0	255
 27766	31	31	26	95	97	13	0	255
 27811	31	31	26	95	97	12	0	255
 27856	31	31	26	95	97	12	0	255
 27901	31	31	26	95	97	12	0	255
 27947	31	31	26	95	97	12	0	255
 27992	31	31	26	95	97	12	0	255
 28037	31	31	26	95	97	13	0	255
 28083	31	31	26	95	97	12	0	255
 28128	31	31	26	95	97	12	0	255
 28174	31	31	26	95	97	13	0	255
 28219	31	31	26	95	97	12	0	255
 28264	31	31	26	95	97	12	0	255
 28310	31	31	25	95	97	12	0	255
 28355	31	31	25	95	97	12	0	255
 28400	31	31	25	95	97	12	0	255
 28446	31	31	25	95	97	12	0	255
 28491	31	31	25	95	97	12	0	255
 28536	31	31	25	95	97	12	0	255
 28583	31	31	25	95	97	12	0	255
 28627	31	31	25	95	97	12	0	255
 28672	31	31	25	95	97	12	0	255
 28718	31	31	25	95	97	13	0	255
 28763	31	31	25	95	97	12	0	255
 28808	31	31	25	95	97	13	0	255
 28854	31	31	25	95	97	13	0	255
 28899	31	31	24	95	97	11	0	255
 28945	31	31	24	95	97	13	0	255
 28990	31	31	24	95	97	13	0	255
 29035	31	31	24	95	97	13	0	255
 29081	31	31	24	95	97	12	0	255
 29126	31	31	24	95	97	13	0	255
 29171	31	31	24	95	97	12	0	255
 29217	31	31	24	95	97	12	0	255
 29262	31	31	24	95	97	12	0	255
 29307	31	31	24	95	97	13	0	255
 29353	31	31	24	95	97	12	0	255
 29398	31	31	24	95	97	13	0	255
 29443	31	31	24	95	97	12	0	255
 29489	31	31	24	95	97	12	0	255
 29534	31	31	24	95	97	12	0	255
 29579	31	31	24	95	97	12	0	255
 29628	31	31	24	95	97	12	0	255
 29715	31	31	24	95	97	12	0	255
 29761	31	31	24	95	97	13	0	255
 29806	31	31	24	95	97	13	0	255
 29852	31	31	24	95	97	13	0	255
 29897	31	31	24	95	97	13	0	255
 29942	31	31	24	95	97	13	0	255
 29988	31	31	24	95	97	13	0	255
 30033	31	31	24	95	97	12	0	255
 30080	31	31	24	95	97	13	0	255
 30124	31	31	24	95	97	13	0	255
 30169	31	31	24	95	97	13	0	255
 30214	31	31	24	95	97	13	0	255
 30260	31	31	24	95	97	13	0	255
 30305	31	31	24	95	97	13	0	255
 30350	31	31	24	95	97	13	0	255
 30396	31	31	24	95	97	13	0	255
 30441	31	31	23	95	97	13	0	255
 30486	31	31	24	95	97	13	0	255
 30532	31	31	24	95	97	13	0	255
 30623	31	31	24	94	97	13	0	255
 30668	31	31	24	94	97	13	0	255
 30713	31	31	24	94	97	13	0	255
 30759	31	31	24	95	97	13	0	255
 30804	31	31	24	94	97	14	0	255
 30849	31	31	24	94	97	13	0	255
 30895	31	31	24	94	97	14	0	255
 30940	31	31	24	94	97	13	0	255
 30985	31	31	24	94	97	14	0	255
 31076	31	31	24	94	97	14	0	255
 31121	31	31	24	94	97	13	0	255
 31167	31	31	24	94	97	13	0	255
 31212	31	31	23	94	97	14	0	255
 31257	31	31	24	94	97	14	0	255
 31303	31	31	24	94	97	14	0	255
 31348	31	31	24	94	97	13	0	255
 31393	31	31	23	94	97	14	0	255
 31439	31	31	24	94	97	14	0	255
 31484	31	31	24	94	97	13	0	255
 31530	31	31	23	94	97	14	8	255
 31575	31	31	24	94	97	14	0	255
 31666	31	31	23	94	97	14	0	255
 31711	31	31	23	94	97	16	0	255
 31756	31	31	24	94	97	14	0	255
 31802	31	31	23	94	97	14	0	255
 31847	31	31	23	94	97	14	0	255
 31892	31	31	23	94	97	14	0	255
 31938	31	31	23	94	97	16	0	255
 31983	31	31	23	94	97	14	0	255
 32028	31	31	24	94	97	14	0	255
 32074	31	31	23	94	97	14	0	255
 32119	31	31	24	94	97	16	0	255
 32164	31	31	23	94	97	16	0	255
 32210	31	31	23	94	97	16	0	255
 32255	31	31	23	94	97	14	0	255
 32301	31	31	24	94	97	16	0	255
 32346	31	31	23	94	97	16	0	255
 32391	31	31	23	94	97	16	0	255
 32437	31	31	23	94	97	14	0	255
 32482	31	31	23	94	97	16	0	255
 32527	31	31	23	94	97	16	0	255
 32573	31	31	23	94	97	16	0	255
 32618	31	31	24	94	97	16	0	255
 32663	31	31	24	94	97	16	0	255
 32709	31	31	24	94	97	16	0	255
 32754	31	31	23	94	97	14	0	255
 32799	31	31	23	94	97	17	0	255
 32845	31	31	23	94	97	16	0	255
 32890	31	31	23	94	97	16	0	255
 32935	31	31	23	94	97	16	0	255
 32981	31	31	23	94	97	17	0	255
 33117	31	31	23	94	97	17	0	255
 33162	31	31	23	94	97	16	0	255
 33208	31	31	23	94	97	17	0	255
 33253	31	31	24	94	97	17	0	255
 33298	31	31	24	94	97	17	0	255
 33344	31	31	24	94	97	17	0	255
 33434	31	31	23	94	97	17	0	255
 33480	31	31	23	94	97	18	0	255
 33525	31	31	23	94	97	17	0	255
 33570	31	31	23	94	97	17	0	255
 33616	31	31	23	94	97	17	0	255
 33661	31	31	23	94	97	17	0	255
 33706	31	31	23	94	97	18	0	255
 33752	31	31	23	94	97	17	0	255
 33797	31	31	23	94	97	17	0	255
 33888	31	31	23	94	97	18	0	255
 33933	31	31	24	94	97	17	0	255
 33978	31	31	24	94	97	18	0	255
 34024	31	31	23	94	97	18	0	255
 34069	31	31	23	94	97	18	0	255
 34115	31	31	23	94	97	17	0	255
 34205	31	31	23	94	97	18	0	255
 34296	31	31	24	94	97	19	0	255
 34341	31	31	23	94	97	18	0	255
 34387	31	31	24	94	97	18	0	255
 34432	31	31	23	94	97	18	0	255
 34477	31	31	24	94	97	18	0	255
 34523	31	31	24	94	97	18	0	255
 34568	31	31	23	93	97	18	0	255
 34613	31	31	23	93	97	18	0	255
 34659	31	31	23	93	97	18	0	255
 34704	31	31	24	93	97	19	0	255
 34749	31	31	23	93	97	19	0	255
 34795	31	31	23	93	97	18	0	255
 34840	31	31	23	93	97	19	0	255
 34886	31	31	23	93	97	18	0	255
 34931	31	31	24	93	97	19	0	255
 34976	31	31	23	93	97	19	0	255
 35022	31	31	23	93	97	19	0	255
 35070	31	31	23	93	97	20	0	255
 35112	31	31	23	93	97	19	0	255
 35158	31	31	24	93	97	20	0	255
 35203	31	31	23	93	97	20	0	255
 35248	31	31	24	93	97	20	0	255
 35294	31	31	24	93	97	20	0	255
 35339	31	31	24	93	97	19	0	255
 35384	31	31	24	93	97	20	0	255
 35430	31	31	24	93	97	20	0	255
 35475	31	31	24	93	97	20	0	255
 35520	31	31	24	93	97	19	0	255
 35566	31	31	24	93	97	20	0	255
 35615	31	31	24	93	97	20	0	255
 35657	31	31	24	93	97	20	0	255
 35702	31	31	24	93	97	20	0	255
 35747	31	31	24	93	97	22	0	255
 35793	31	31	24	93	97	20	0	255
 35838	31	31	24	93	97	20	0	255
 35883	31	31	24	93	97	20	0	255
 35929	31	31	24	93	97	22	0	255
 35974	31	31	24	93	97	20	0	255
 36019	31	31	24	93	97	22	0	255
 36065	31	31	24	93	97	22	0	255
 36110	31	31	24	93	97	22	0	255
 36155	31	31	24	93	97	22	0	255
 36201	31	31	24	93	97	22	0	255
 36246	31	31	24	93	97	22	0	255
 36337	31	31	24	93	97	22	0	255
 36382	31	31	24	93	97	22	0	255
 36428	31	31	24	93	97	22	0	255
 36473	31	31	24	93	97	22	0	255
 36518	31	31	24	93	97	23	0	255
 36564	31	31	24	93	97	22	0	255
 36609	31	31	24	93	97	23	0	255
 36654	31	31	24	93	97	23	0	255
 36700	31	31	24	93	97	23	0	255
 36745	31	31	24	93	97	23	0	255
 36793	31	31	24	93	97	24	0	255
 36836	31	31	24	93	97	24	0	255
 36881	31	31	24	93	97	24	0	255
 36926	31	31	24	93	97	24	0	255
 36972	31	31	24	93	97	23	0	255
 37017	31	31	24	93	97	24	0	255
 37063	31	31	24	93	97	24	0	255
 37108	31	31	24	93	97	24	0	255
 37153	31	31	24	93	97	24	0	255
 37199	31	31	24	93	97	24	0	255
 37245	31	31	24	93	97	24	0	255
 37289	31	31	24	92	97	25	0	255
 37335	31	31	24	93	97	24	0	255
 37380	31	31	24	92	97	25	0	255
 37425	31	31	24	92	97	24	0	255
 37471	31	31	24	92	97	25	0	255
 37516	31	31	24	92	97	25	0	255
 37562	31	31	24	92	97	25	0	255
 37652	31	31	24	92	97	25	0	255
 37697	31	31	24	92	97	25	0	255
 37743	31	31	24	92	97	25	0	255
 37788	31	31	24	92	97	25	0	255
 37833	31	31	24	92	97	26	0	255
 37879	31	31	24	92	97	25	0	255
 37924	31	31	24	92	97	26	0	255
 37970	31	31	24	92	97	26	0	255
 38015	31	31	24	92	97	26	0	255
 38060	31	31	24	92	97	26	0	255
 38106	31	31	24	92	97	26	0	255
 38151	31	31	24	92	97	26	0	255
 38196	31	31	24	92	97	25	0	255
 38287	31	31	24	92	97	26	0	255
 38332	31	31	24	92	97	26	0	255
 38378	31	31	24	92	97	28	0	255
 38423	31	31	24	92	97	26	0	255
 38426	31	31	24	92	97	26	0	255
 38468	31	31	24	92	97	28	0	255
 38514	31	31	24	92	97	28	0	255
 38559	31	31	24	92	97	28	0	255
 38604	31	31	24	92	97	28	0	255
 38650	31	31	24	92	97	28	0	255
 38695	31	31	24	92	97	29	0	255
 38741	31	31	24	92	97	28	0	255
 38786	31	31	24	92	97	29	0	255
 38831	31	31	24	92	97	29	0	255
 38877	31	31	24	92	97	28	0	255
 38922	31	31	24	92	97	29	0	255
 38967	31	31	24	92	97	29	0	255
 39013	31	31	24	92	97	29	0	255
 39107	31	31	24	92	97	29	0	255
 39149	31	31	24	92	97	29	0	255
 39194	31	31	24	92	97	29	0	255
 39239	31	31	24	92	97	30	0	255
 39375	31	31	24	92	97	30	0	255
 39424	31	31	24	92	97	30	0	255
 39466	31	31	24	92	97	29	0	255
 39515	31	31	24	92	97	30	0	255
 39557	31	31	24	92	97	29	0	255
 39602	31	31	24	92	97	30	0	255
 39693	31	31	24	92	97	30	0	255
 39738	31	31	24	92	97	30	0	255
 39784	31	31	24	92	97	30	0	255
 39829	31	31	24	92	97	30	0	255
 39874	31	31	24	92	97	30	0	255
 39920	31	31	24	92	97	31	0	255
 39965	31	31	24	92	97	31	0	255
 40010	31	31	24	92	97	30	0	255
 40146	31	31	24	92	97	31	0	255
 40192	31	31	24	92	97	31	0	255
 40237	31	31	24	92	97	31	0	255
 40282	31	31	24	92	96	31	0	255
 40328	31	31	24	92	97	31	0	255
 40373	31	31	24	92	97	32	0	255
 40467	31	31	24	92	96	31	0	255
 40554	31	31	24	92	96	31	0	255
 40600	31	31	24	91	96	31	0	255
 40645	31	31	24	91	96	31	0	255
 40695	31	31	24	91	96	32	0	255
 40736	31	31	24	91	96	31	0	255
 40781	31	31	24	91	96	32	0	255
 40872	31	31	24	91	96	32	0	255
 40917	31	31	24	91	96	32	0	255
 41012	31	31	24	91	96	32	0	255
 41053	31	31	24	91	96	32	0	255
 41099	31	31	24	91	96	31	0	255
 41189	31	31	24	91	96	32	0	255
 41325	31	31	24	91	96	34	0	255
 41371	31	31	24	91	96	34	0	255
 41416	31	31	24	91	96	32	0	255
 41507	31	31	24	91	96	34	0	255
 41555	31	31	24	91	96	32	0	255
 41598	31	31	24	91	96	34	0	255
 41643	31	31	24	91	96	34	0	255
 41688	31	31	24	91	96	34	0	255
 41733	31	31	24	91	96	34	0	255
 41779	31	31	24	91	96	34	0	255
 41824	31	31	24	91	96	35	0	255
 41869	31	31	24	91	96	35	0	255
 41915	31	31	24	91	96	34	0	255
 41960	31	31	24	91	96	35	0	255
 42005	31	31	24	91	96	35	0	255
 42096	31	31	24	91	96	34	0	255
 42142	31	31	24	91	96	34	0	255
 42187	31	31	24	91	96	34	0	255
 42235	31	31	24	91	96	34	0	255
 42278	31	31	24	91	96	35	0	255
 42323	31	31	24	91	96	35	0	255
 42368	31	31	24	91	96	35	0	255
 42459	31	31	24	91	96	34	0	255
 42504	31	31	24	91	96	35	0	255
 42550	31	31	24	91	96	34	0	255
 42595	31	31	24	91	96	35	0	255
 42640	31	31	24	91	96	35	0	255
 42732	31	31	24	91	96	35	0	255
 42781	31	31	24	91	96	34	0	255
 42826	31	31	24	91	96	34	0	255
 42867	31	31	24	91	96	34	0	255
 42912	31	31	24	91	96	34	0	255
 42958	31	31	24	91	96	35	0	255
 43003	31	31	24	91	96	34	0	255
 43053	31	31	24	91	96	34	0	255
 43094	31	31	24	91	96	34	0	255
 43139	31	31	24	91	96	34	0	255
 43185	31	31	24	91	96	34	0	255
 43230	31	31	24	91	96	34	0	255
 43275	31	31	24	91	96	34	0	255
 43321	31	31	24	91	96	34	0	255
 43366	31	31	24	91	96	34	0	255
 43411	31	31	24	91	96	34	0	255
 43457	31	31	24	91	96	34	0	255
 43506	31	31	24	91	96	34	0	255
 43547	31	31	24	91	96	34	0	255
 43593	31	31	24	91	96	34	0	255
 43638	31	31	24	91	96	34	0	255
 43683	31	31	24	91	96	34	0	255
 43729	31	31	24	91	96	35	0	255
 43777	30	31	24	91	96	34	0	255
 43819	31	31	24	91	96	32	0	255
 43865	31	31	24	91	96	34	0	255
 44001	31	31	24	90	96	34	0	255
 44046	30	31	24	90	96	34	0	255
 44092	30	31	24	90	96	35	0	255
 44137	30	31	24	90	96	34	0	255
 44182	31	30	24	90	96	34	0	255
 44228	30	31	24	90	96	35	0	255
 44273	30	31	24	90	96	35	0	255
 44318	31	31	24	90	96	34	0	255
 44364	31	31	24	90	96	34	0	255
 44409	30	31	24	90	96	35	0	255
 44500	30	30	24	90	96	34	0	255
 44590	30	31	24	90	96	34	0	255
 44636	30	30	24	90	96	34	0	255
 44681	30	30	24	90	96	34	0	255
 44726	30	31	24	90	96	34	0	255
 44772	30	30	24	90	96	34	0	255
 44817	30	31	24	90	96	35	0	255
 44863	30	30	24	90	96	35	0	255
 44908	30	30	24	90	96	34	0	255
 44953	30	30	24	90	96	35	0	255
 44999	30	30	24	90	96	34	0	255
 45044	30	31	24	90	96	34	0	255
 45139	30	30	24	90	96	35	0	255
 45180	30	30	24	90	96	36	0	255
 45271	30	30	24	90	96	36	0	255
 45316	30	30	24	90	96	35	0	255
 45407	30	30	24	90	96	35	0	255
 45452	30	30	24	90	96	35	0	255
 45497	30	30	24	90	96	35	0	255
 45588	30	30	24	90	96	35	0	255
 45633	30	30	24	90	96	35	0	255
 45679	30	30	24	90	96	35	0	255
 45724	30	30	24	90	96	35	0	255
 45769	30	30	24	90	96	36	0	255
 45905	30	30	24	90	96	34	0	255
 45951	30	30	24	90	96	36	0	255
 45996	30	30	24	90	96	35	0	255
 46046	30	30	24	90	96	36	0	255
 46087	30	30	24	90	96	36	0	255
 46132	30	30	24	90	96	36	0	255
 46182	30	30	24	90	96	35	0	255
 46223	30	30	24	90	96	35	0	255
 46268	30	30	24	90	96	35	0	255
 46314	30	30	24	90	96	36	0	255
 46359	30	30	24	90	96	35	0	255
 46404	30	30	24	90	96	36	0	255
 46450	30	30	24	90	96	36	0	255
 46498	30	30	24	90	96	35	0	255
 46540	30	30	24	90	96	36	0	255
 46586	30	30	24	90	96	36	0	255
 46631	30	30	24	90	96	35	0	255
 46680	30	30	24	90	96	36	0	255
 46722	30	30	24	90	96	35	0	255
 46767	30	30	24	90	96	35	0	255
 46858	30	30	24	90	96	35	0	255
 46903	30	30	24	90	96	35	0	255
 46998	30	30	24	90	96	35	0	255
 47039	30	30	24	90	96	35	0	255
 47130	30	30	24	90	96	35	0	255
 47266	30	30	24	90	96	34	0	255
 47315	30	30	24	90	96	34	0	255
 47357	30	30	24	90	96	34	0	255
 47402	30	30	24	89	96	34	0	255
 47447	30	30	24	89	96	34	0	255
 47493	30	30	24	89	96	34	0	255
 47538	30	30	24	89	96	35	0	255
 47583	30	30	24	89	96	34	0	255
 47629	30	30	24	89	96	32	0	255
 47674	30	30	24	89	96	34	0	255
 47719	30	30	24	89	96	34	0	255
 47768	30	30	24	89	96	34	0	255
 47810	30	30	24	89	96	34	0	255
 47855	30	30	24	89	96	34	0	255
 47901	30	30	24	89	96	34	0	255
 47946	30	30	24	89	96	32	0	255
 47992	30	30	24	89	96	32	0	255
 48037	30	30	24	89	96	32	0	255
 48082	30	30	24	89	96	32	0	255
 48128	30	30	24	89	96	34	0	255
 48173	30	30	24	89	96	32	0	255
 48218	30	30	24	89	96	32	0	255
 48264	30	30	24	89	96	31	0	255
 48309	30	30	24	89	96	32	0	255
 48354	30	30	24	89	96	32	0	255
 48400	30	30	24	89	96	31	0	255
 48445	30	30	24	89	96	32	0	255
 48490	30	30	24	89	96	31	0	255
 48581	30	30	24	89	96	31	0	255
 48626	30	30	24	89	96	31	0	255
 48672	30	30	24	89	96	31	0	255
 48717	30	30	24	89	96	30	0	255
 48763	30	30	24	89	96	31	0	255
 48808	30	30	24	89	96	31	0	255
 48858	30	30	24	89	96	30	0	255
 48944	30	30	24	89	96	30	0	255
 48989	30	30	24	89	96	30	0	255
 49035	30	30	24	89	96	31	0	255
 49080	30	30	24	89	96	30	0	255
 49125	30	30	24	89	96	30	0	255
 49171	30	30	24	89	96	30	0	255
 49220	30	30	24	89	96	30	0	255
 49307	30	30	24	89	96	30	0	255
 49352	30	30	24	89	96	30	0	255
 49397	30	30	24	89	96	29	0	255
 49443	30	30	24	89	96	29	0	255
 49488	30	30	24	89	96	29	0	255
 49533	30	30	24	89	96	29	0	255
 49579	30	30	24	89	96	29	0	255
 49624	30	30	24	89	96	29	0	255
 49669	30	30	24	89	96	29	0	255
 49715	30	30	24	89	96	29	0	255
 49760	30	30	24	89	96	29	0	255
 49806	30	30	24	89	96	28	0	255
 49851	30	30	24	89	96	29	0	255
 49942	30	30	24	89	96	29	0	255
 49988	30	30	24	89	96	28	0	255
 50032	30	30	24	89	96	29	0	255
 50078	30	30	24	89	96	29	0	255
 50123	30	30	24	89	96	28	0	255
 50168	30	30	24	89	96	28	0	255
 50218	30	30	24	89	96	28	0	255
 50259	30	30	24	89	96	29	0	255
 50304	30	30	24	89	96	26	0	255
 50350	30	30	24	89	96	26	0	255
 50395	30	30	24	89	96	28	0	255
 50440	30	30	24	89	96	28	0	255
 50486	30	30	24	89	96	28	0	255
 50531	30	30	24	89	96	28	0	255
 50577	30	30	24	89	96	28	0	255
 50622	30	30	24	89	96	28	0	255
 50667	30	30	24	89	96	26	0	255
 50712	30	30	24	89	96	28	0	255
 50758	30	30	24	89	96	28	0	255
 50807	30	30	24	89	96	28	0	255
 50849	30	30	24	89	96	28	0	255
 50899	30	30	24	89	96	28	0	255
 50939	30	30	24	88	96	26	0	255
 50985	30	30	24	88	96	26	0	255
 51030	30	30	24	88	96	26	0	255
 51075	30	30	24	88	96	26	0	255
 51121	30	30	24	88	96	26	0	255
 51166	30	30	24	88	96	26	0	255
 51211	30	30	24	88	96	28	0	255
 51302	30	30	24	88	96	26	0	255
 51347	30	30	24	88	96	26	0	255
 51393	30	30	24	88	96	26	0	255
 51483	30	30	24	88	96	25	0	255
 51529	30	30	24	88	96	26	0	255
 51574	30	30	24	88	96	25	0	255
 51619	30	30	24	88	96	25	0	255
 51665	30	30	24	88	96	25	0	255
 51710	30	30	24	88	95	25	0	255
 51756	30	30	24	88	96	25	0	255
 51801	30	30	24	88	96	24	0	255
 51846	30	30	24	88	95	24	0	255
 51937	30	30	24	88	96	26	0	255
 51982	30	30	24	88	95	25	0	255
 52028	30	30	24	88	95	25	0	255
 52077	30	30	24	88	95	25	0	255
 52164	30	30	24	88	95	25	0	255
 52209	30	30	24	88	95	25	0	255
 52254	30	30	24	88	95	25	0	255
 52300	30	30	24	88	95	24	0	255
 52345	30	30	24	88	95	24	0	255
 52390	30	30	24	88	95	24	0	255
 52436	30	30	24	88	95	24	0	255
 52481	30	30	24	88	95	23	0	255
 52526	30	30	24	88	95	25	0	255
 52572	30	30	24	88	95	24	0	255
 52617	30	30	24	88	95	24	0	255
 52667	30	30	24	88	95	24	0	255
 52708	30	30	24	88	95	23	0	255
 52753	30	30	24	88	95	24	0	255
 52799	30	30	24	88	95	24	0	255
 52844	30	30	24	88	95	24	0	255
 52889	30	30	24	88	95	23	0	255
 52935	30	30	24	88	95	23	0	255
 52980	30	30	24	88	95	23	0	255
 53025	30	30	24	88	95	23	0	255
 53071	30	30	24	88	95	23	0	255
 53116	30	30	24	88	95	24	0	255
 53161	30	30	24	88	95	22	0	255
 53207	30	30	24	88	95	23	0	255
 53252	30	30	24	88	95	23	0	255
 53301	30	30	24	88	95	23	0	255
 53343	30	30	24	88	95	22	0	255
 53388	30	30	24	88	95	23	0	255
 53434	30	30	24	88	95	23	0	255
 53479	30	30	24	88	95	22	0	255
 53524	30	30	24	88	95	22	0	255
 53570	30	30	24	88	95	23	0	255
 53615	30	30	24	88	95	22	0	255
 53660	30	30	24	88	95	23	0	255
 53706	30	30	24	88	95	22	0	255
 53751	30	30	24	88	95	23	0	255
 53796	30	30	24	88	95	22	0	255
 53842	30	30	24	88	95	22	0	255
 53887	30	30	24	88	95	22	0	255
 53932	30	30	24	88	95	22	0	255
 53978	30	30	24	88	95	20	0	255
 54023	30	30	24	88	95	22	0	255
 54068	30	30	24	88	95	22	0	255
 54114	30	30	24	88	95	22	0	255
 54159	30	30	24	88	95	20	0	255
 54204	30	30	24	88	95	22	0	255
 54250	30	30	24	88	95	20	0	255
 54295	30	30	24	88	95	20	0	255
 54341	30	30	24	88	95	20	0	255
 54386	30	30	24	88	95	20	0	255
 54431	30	30	24	88	95	20	0	255
 54477	30	30	24	88	95	20	0	255
 54522	30	30	24	88	95	20	0	255
 54567	30	30	24	88	95	20	0	255
 54613	30	30	24	88	95	20	0	255
 54658	30	30	24	87	95	20	0	255
 54703	30	30	24	87	95	20	0	255
 54749	30	30	24	87	95	20	0	255
 54794	30	30	24	87	95	20	0	255
 54839	30	30	24	87	95	20	0	255
 54930	30	30	24	87	95	20	0	255
 54975	30	30	24	87	95	20	0	255
 55021	30	30	24	87	95	20	0	255
 55066	30	30	24	87	95	19	0	255
 55112	30	30	24	87	95	19	0	255
 55157	30	30	24	87	95	19	0	255
 55202	30	30	24	87	95	20	0	255
 55251	30	30	24	87	95	19	0	255
 55293	30	30	24	87	95	19	0	255
 55338	30	30	24	87	95	19	0	255
 55384	30	30	24	87	95	19	0	255
 55429	30	30	24	87	95	18	0	255
 55474	30	30	24	87	95	19	0	255
 55520	30	30	24	87	95	19	0	255
 55565	30	30	24	87	95	18	0	255
 55610	30	30	24	87	95	19	0	255
 55656	30	30	24	87	95	19	0	255
 55701	30	30	24	87	95	19	0	255
 55746	30	30	24	87	95	19	0	255
 55792	30	30	24	87	95	19	0	255
 55837	30	30	24	87	95	19	0	255
 55883	30	30	24	87	95	19	0	255
 55928	30	30	24	87	95	18	0	255
 55973	30	30	24	87	95	19	0	255
 56019	30	30	24	87	95	19	0	255
 56064	30	30	24	87	95	19	0	255
 56109	30	30	24	87	95	18	0	255
 56155	30	30	24	87	95	18	0	255
 56200	30	30	24	87	95	18	0	255
 56245	30	30	24	87	95	19	0	255
 56336	30	30	24	87	95	18	0	255
 56381	30	30	24	87	95	18	0	255
 56427	30	30	24	87	95	18	0	255
 56472	30	30	24	87	95	18	0	255
 56517	30	30	24	87	95	18	0	255
 56563	30	30	24	87	95	18	0	255
 56608	30	30	24	87	95	18	0	255
 56654	30	30	24	87	95	18	0	255
 56699	30	30	24	87	95	18	0	255
 56790	30	30	24	87	95	17	0	255
 56835	30	30	24	87	95	17	0	255
 56926	30	30	24	87	95	18	0	255
 56971	30	30	24	87	95	17	0	255
 57062	30	30	24	87	95	17	0	255
 57107	30	30	24	87	95	17	0	255
 57152	30	30	24	87	95	17	0	255
 57198	30	30	24	87	95	17	0	255
 57243	30	30	24	87	95	18	0	255
 57288	30	30	24	87	95	17	0	255
 57334	30	30	24	87	95	17	0	255
 57379	30	30	24	87	95	18	0	255
 57424	30	30	24	87	95	17	0	255
 57470	30	30	24	87	95	17	0	255
 57519	30	30	24	87	95	17	0	255
 57565	30	30	24	87	95	17	0	255
 57606	30	30	24	87	95	17	0	255
 57651	30	30	24	87	95	17	0	255
 57697	30	30	24	87	95	17	0	255
 57742	30	30	24	87	95	16	0	255
 57787	30	30	24	87	95	17	0	255
 57833	30	30	24	87	95	17	0	255
 57882	30	30	24	87	95	17	0	255
 57923	30	30	24	87	95	17	0	255
 57969	30	30	24	87	95	17	0	255
 58014	30	30	24	87	95	17	0	255
 58059	30	30	24	87	95	17	0	255
 58105	30	30	24	87	95	16	0	255
 58150	30	30	24	87	95	16	0	255
 58195	30	30	24	87	95	16	0	255
 58241	30	30	24	87	95	17	0	255
 58286	30	30	24	87	95	16	0	255
 58331	30	30	24	87	95	16	0	255
 58377	30	30	24	87	95	16	0	255
 58422	30	30	24	87	95	16	0	255
 58467	30	30	24	86	95	16	0	255
 58513	30	30	24	86	95	16	0	255
 58558	30	30	24	86	95	16	0	255
 58604	30	30	24	86	95	16	0	255
 58649	30	30	24	86	95	16	0	255
 58694	30	30	24	86	95	16	0	255
 58740	30	30	24	86	95	16	0	255
 58785	30	30	24	86	95	16	0	255
 58830	30	30	24	86	95	14	0	255
 58876	30	30	24	86	95	16	0	255
 58921	30	30	24	86	95	16	0	255
 58966	30	30	24	86	95	16	0	255
 59012	30	30	24	86	95	16	0	255
 59057	30	30	24	86	95	14	0	255
 59102	30	30	24	86	95	14	0	255
 59148	30	30	24	86	95	14	0	255
 59193	30	30	24	86	95	14	0	255
 59238	30	30	24	86	95	16	0	255
 59284	30	30	24	86	95	16	0	255
 59329	30	30	24	86	95	16	0	255
 59375	30	30	24	86	95	14	0	255
 59420	30	30	24	86	95	14	0	255
 59465	30	30	24	86	95	14	0	255
 59511	30	30	24	86	95	16	0	255
 59556	30	30	24	86	95	14	0	255
 59601	30	30	24	86	95	14	0	255
 59647	30	30	24	86	95	13	0	255
 59692	30	30	24	86	95	14	0	255
 59737	30	30	24	86	95	14	0	255
 59783	30	30	24	86	95	13	0	255
 59828	30	30	24	86	95	14	0	255
 59878	30	30	24	86	95	14	0	255
 59919	30	30	24	86	95	14	0	255
 59964	30	30	24	86	95	14	0	255
 60009	30	30	24	86	95	14	0	255
 60055	30	30	24	86	95	14	0	255
 60100	30	30	24	86	95	14	0	255
 60146	30	30	24	86	95	14	0	255
 60191	30	30	24	86	95	13	0	255
 60236	30	30	24	86	95	14	0	255
 60282	30	30	24	86	95	14	0	255
 60327	30	30	24	86	95	13	0	255
 60372	30	30	24	86	95	13	0	255
 60422	30	30	24	86	95	13	0	255
 60463	30	30	24	86	95	14	0	255
 60508	30	30	24	86	95	13	0	255
 60554	30	30	24	86	95	13	0	255
 60599	30	30	24	86	95	13	0	255
 60644	30	30	24	86	95	13	0	255
 60690	30	30	24	86	95	13	0	255
 60735	30	30	24	86	95	13	0	255
 60780	30	30	24	86	95	13	0	255
 60826	30	30	24	86	95	13	0	255
 60871	30	30	24	86	95	13	0	255
 60920	30	30	24	86	95	13	0	255
 60962	30	30	24	86	95	12	0	255
 61007	30	30	24	86	95	13	0	255
 61053	30	30	24	86	95	13	0	255
 61098	30	30	24	86	95	13	0	255
 61143	30	30	24	86	95	13	0	255
 61189	30	30	24	86	95	13	0	255
 61234	30	30	24	86	95	13	0	255
 61279	30	30	24	86	95	12	0	255
 61325	30	30	24	86	95	14	0	255
 61370	30	30	24	86	95	13	0	255
 61415	30	30	24	86	95	12	0	255
 61461	30	30	24	86	95	13	0	255
 61506	30	30	24	86	95	13	0	255
 61551	30	30	24	86	95	13	0	255
 61597	30	30	24	86	95	12	0	255
 61642	30	30	24	86	95	12	0	255
 61688	30	30	24	86	95	13	0	255
 61733	30	30	24	86	95	13	0	255
 61778	30	30	24	86	95	13	0	255
 61824	30	30	24	86	95	13	0	255
 61869	30	30	24	86	95	13	0	255
 61914	30	30	24	86	95	12	0	255
 61960	30	30	24	86	95	12	0	255
 62009	30	30	24	86	94	13	0	255
 62050	30	30	24	86	94	12	0	255
 62096	30	30	24	86	95	12	0	255
 62141	30	30	24	86	94	13	0	255
 62232	30	30	24	86	94	13	0	255
 62277	30	30	24	86	94	12	0	255
 62322	30	30	24	86	94	12	0	255
 62368	30	30	24	86	94	12	0	255
 62413	30	30	24	86	94	12	0	255
 62504	30	30	24	86	94	12	0	255
 62549	30	30	24	85	94	13	0	255
 62640	30	30	24	85	94	12	0	255
 62689	30	30	24	85	94	12	0	255
 62731	30	30	24	85	94	12	0	255
 62776	30	30	24	85	94	12	0	255
 62821	30	30	24	85	94	12	0	255
 62867	30	30	24	85	94	13	0	255
 62912	30	30	24	85	94	13	0	255
 62957	30	30	24	85	94	12	0	255
 63003	30	30	24	85	94	12	0	255
 63048	30	30	24	85	94	12	0	255
 63093	30	30	24	85	94	12	0	255
 63139	30	30	24	85	94	12	0	255
 63184	30	30	24	85	94	12	0	255
 63229	30	30	24	85	94	12	0	255
 63278	30	30	24	85	94	12	0	255
 63320	30	30	24	85	94	13	0	255
 63365	30	30	24	85	94	13	0	255
 63411	30	30	24	85	94	12	0	255
 63456	30	30	24	85	94	12	0	255
 63502	30	30	24	85	94	12	0	255
 63547	30	30	24	85	94	12	0	255
 63592	30	30	24	85	94	12	0	255
 63638	30	30	24	85	94	12	0	255
 63683	30	30	24	85	94	12	0	255
 63728	30	30	24	85	94	13	0	255
 63774	30	30	24	85	94	12	0	255
 63819	30	30	24	85	94	13	0	255
 63864	30	30	24	85	94	12	0	255
 63910	30	30	24	85	94	11	0	255
 63955	30	30	24	85	94	12	0	255
 64000	30	30	24	85	94	11	0	255
 64046	30	30	24	85	94	11	0	255
 64091	30	30	24	85	94	11	0	255
 64136	30	30	24	85	94	12	0	255
 64182	30	30	24	85	94	12	0	255
 64227	30	30	24	85	94	11	0	255
 64318	30	30	24	85	94	12	0	255
 64363	30	30	24	85	94	12	0	255
 64409	30	30	24	85	94	12	0	255
 64454	30	30	24	85	94	11	0	255
 64499	30	30	24	85	94	12	0	255
 64545	30	30	24	85	94	12	0	255
 64590	30	30	24	85	94	12	0	255
 64639	30	30	24	85	94	12	0	255
 64681	30	30	24	85	94	11	0	255
 64726	30	30	24	85	94	11	0	255
 64771	30	30	24	85	94	11	0	255
 64817	30	30	24	85	94	11	0	255
 64862	30	30	24	85	94	13	0	255
 64907	30	30	24	85	94	12	0	255
 64953	30	30	24	85	94	12	0	255
 64998	30	30	24	85	94	12	0	255
 65044	30	30	24	85	94	12	0	255
 65089	30	30	24	85	94	12	0	255
 65134	30	30	24	85	94	12	0	255
 65180	30	30	24	85	94	12	0	255
 65229	30	30	24	85	94	12	0	255
 65270	30	30	24	85	94	11	0	255
 65316	30	30	24	85	94	11	0	255
 65361	30	30	24	85	94	12	0	255
 65406	30	30	24	85	94	12	0	255
 65452	30	30	24	85	94	11	0	255
 65497	30	30	24	85	94	11	0	255
 65542	30	30	24	85	94	12	0	255
 65588	30	30	24	85	94	12	0	255
 65633	30	30	24	85	94	11	0	255
 65678	30	30	24	85	94	11	0	255
 65724	30	30	24	85	94	11	0	255
 65769	30	30	24	85	94	12	0	255
 65814	30	30	24	85	94	12	0	255
 65860	30	30	24	85	94	11	0	255
 65905	30	30	24	85	94	11	0	255
 65951	30	30	24	85	94	12	0	255
 65996	30	30	24	85	94	11	0	255
 66041	30	30	24	85	94	12	0	255
 66136	30	30	24	85	94	11	0	255
 66177	30	30	24	85	94	12	0	255
 66223	30	30	24	85	94	12	0	255
 66268	30	30	24	85	94	11	0	255
 66313	30	30	24	85	94	12	0	255
 66359	30	30	24	85	94	11	0	255
 66404	30	30	24	85	94	12	0	255
 66449	30	30	24	85	94	11	0	255
 66495	30	30	24	85	94	12	0	255
 66585	30	30	24	85	94	12	0	255
 66631	30	30	24	85	94	11	0	255
 66676	30	30	24	85	94	11	0	255
 66722	30	30	24	85	94	11	0	255
 66767	30	30	24	85	94	12	0	255
 66858	30	30	24	85	94	12	0	255
 66903	30	30	24	84	94	11	0	255
 66948	30	30	24	84	94	11	0	255
 67039	30	30	24	84	94	12	0	255
 67084	30	30	24	84	94	11	0	255
 67130	30	30	24	84	94	11	0	255
 67175	30	30	24	84	94	12	0	255
 67220	30	30	24	84	94	11	0	255
 67266	30	30	24	84	94	12	0	255
 67311	30	30	24	84	94	11	0	255
 67356	30	30	24	84	94	12	0	255
 67402	30	30	24	84	94	11	0	255
 67447	30	30	24	84	94	11	0	255
 67493	30	30	24	84	94	11	0	255
 67538	30	30	24	84	94	12	0	255
 67583	30	30	24	84	94	12	0	255
 67629	30	30	24	84	94	11	0	255
 67674	30	30	24	84	94	11	0	255
 67719	30	30	24	84	94	11	0	255
 67765	30	30	24	84	94	12	0	255
 67810	30	30	24	84	94	11	0	255
 67855	30	30	24	84	94	11	0	255
 67901	30	30	24	84	94	12	0	255
 67946	30	30	24	84	94	11	0	255
 67991	30	30	24	84	94	11	0	255
 68082	30	30	24	84	94	12	0	255
 68127	30	30	24	84	94	12	0	255
 68173	30	30	24	84	94	12	0	255
 68218	30	30	24	84	94	12	0	255
 68264	30	30	24	84	94	11	0	255
 68309	30	30	24	84	94	11	0	255
 68354	30	30	24	84	94	11	0	255
 68400	30	30	24	84	94	11	0	255
 68445	30	30	24	84	94	12	0	255
 68490	30	30	24	84	94	11	0	255
 68536	30	30	24	84	94	11	0	255
 68581	30	30	24	84	94	11	0	255
 68626	30	30	24	84	94	11	0	255
 68672	30	30	24	84	94	11	0	255
 68717	30	30	24	84	94	11	0	255
 68767	30	30	24	84	94	11	0	255
 68808	30	30	24	84	94	11	0	255
 68853	30	30	24	84	94	11	0	255
 68899	30	30	24	84	94	11	0	255
 68944	30	30	24	84	94	11	0	255
 68989	30	30	24	84	94	11	0	255
 69035	30	30	24	84	94	12	0	255
 69080	30	30	24	84	94	12	0	255
 69125	30	30	24	84	94	12	0	255
 69171	30	30	24	84	94	11	0	255
 69216	30	30	24	84	94	11	0	255
 69261	30	30	24	84	94	11	0	255
 69307	30	30	24	84	94	12	0	255
 69352	30	30	24	84	94	11	0	255
 69397	30	30	24	84	94	11	0	255
 69443	30	30	24	84	94	11	0	255
 69488	30	29	24	84	94	11	0	255
 69533	30	30	24	84	94	11	0	255
 69583	30	30	24	84	94	11	0	255
 69624	30	30	24	84	94	11	0	255
 69670	30	30	24	84	94	11	0	255
 69715	30	29	24	84	94	11	0	255
 69760	30	30	24	84	94	12	0	255
 69806	30	30	24	84	94	11	0	255
 69851	30	30	24	84	94	11	0	255
 69896	30	30	24	84	94	11	0	255
 69942	30	30	24	84	94	11	0	255
 69987	30	30	24	84	94	11	0	255
 70078	29	30	24	84	94	12	0	255
 70123	30	30	24	84	94	11	0	255
 70168	29	30	24	84	94	11	0	255
 70214	30	29	24	84	94	11	0	255
 70304	29	30	24	84	94	11	0	255
 70350	30	30	24	84	94	11	0	255
 70395	29	30	24	84	94	11	0	255
 70440	29	30	24	84	94	11	0	255
 70490	29	29	24	84	94	12	0	255
 70531	29	30	24	84	94	11	0	255
 70577	30	30	24	84	94	11	0	255
 70622	29	29	24	84	94	11	0	255
 70667	29	30	24	84	94	11	0	255
 70713	29	30	24	84	94	11	0	255
 70758	29	29	24	84	94	11	0	255
 70803	29	30	24	84	94	11	0	255
 70849	29	29	24	84	94	11	0	255
 70894	29	29	24	84	94	12	0	255
 70939	29	30	24	84	94	11	0	255
 70985	29	30	24	84	94	11	0	255
 71030	29	30	24	84	94	11	0	255
 71075	30	29	24	84	94	11	0	255
 71121	29	30	24	84	94	11	0	255
 71166	29	29	24	83	94	11	0	255
 71211	29	29	24	83	94	11	0	255
 71257	29	30	24	83	94	11	0	255
 71302	29	30	24	83	94	11	0	255
 71348	29	29	24	83	94	11	0	255
 71393	29	29	24	83	94	11	0	255
 71438	29	29	24	83	94	11	0	255
 71484	29	30	24	83	94	12	0	255
 71529	29	29	24	83	94	11	0	255
 71574	30	29	24	83	94	11	0	255
 71665	29	29	24	83	94	11	0	255
 71710	29	30	24	83	94	11	0	255
 71756	29	29	24	83	94	11	0	255
 71801	29	29	24	83	94	11	0	255
 71846	29	29	24	83	93	11	0	255
 71892	29	29	24	83	94	12	0	255
 71937	29	29	24	83	94	11	0	255
 71983	29	29	24	83	93	11	0	255
 72028	29	30	24	83	93	11	0	255
 72073	29	29	24	83	93	11	0	255
 72119	29	29	24	83	93	11	0	255
 72164	29	29	24	83	93	12	0	255
 72209	29	29	24	83	93	11	0	255
 72255	29	29	24	83	93	12	0	255
 72300	29	29	24	83	93	11	0	255
 72345	29	29	24	83	93	11	0	255
 72394	29	29	24	83	93	11	0	255
 72436	29	29	24	83	93	12	0	255
 72481	29	29	24	83	93	11	0	255
 72527	29	29	24	83	93	11	0	255
 72572	29	29	24	83	93	11	0	255
 72617	29	29	24	83	93	11	0	255
 72663	29	29	24	83	93	11	0	255
 72708	29	29	24	83	93	11	0	255
 72754	29	29	24	83	93	11	0	255
 72799	29	29	24	83	93	12	0	255
 72844	29	29	24	83	93	12	0	255
 72890	29	29	24	83	93	11	0	255
 72935	29	29	24	83	93	11	0	255
 72980	29	29	24	83	93	11	0	255
 73026	29	29	24	83	93	11	0	255
 73071	29	29	24	83	93	11	0	255
 73116	29	29	24	83	93	11	0	255
 73162	29	29	24	83	93	11	0	255
 73207	29	29	24	83	93	11	0	255
 73252	29	29	24	83	93	11	0	255
 73298	29	29	24	83	93	11	0	255
 73343	29	29	24	83	93	11	0	255
 73388	29	29	24	83	93	10	0	255
 73434	29	29	24	83	93	11	0	255
 73479	29	29	24	83	93	11	0	255
 73524	29	29	24	83	93	11	0	255
 73574	29	29	24	83	93	11	0	255
 73615	29	29	24	83	93	11	0	255
 73661	29	29	24	83	93	11	0	255
 73706	29	29	24	83	93	11	0	255
 73751	29	29	24	83	93	11	0	255
 73797	29	29	24	83	93	11	0	255
 73842	29	29	24	83	93	11	0	255
 73887	29	29	24	83	93	11	0	255
 73933	29	29	24	83	93	11	0	255
 73978	29	29	24	83	93	11	0	255
 74069	29	29	24	83	93	11	0	255
 74114	29	29	24	83	93	12	0	255
 74159	29	29	24	83	93	11	0	255
 74205	29	29	24	83	93	10	0	255
 74250	29	29	24	83	93	11	0	255
 74295	29	29	24	83	93	11	0	255
 74341	29	29	24	83	93	11	0	255
 74386	29	29	24	83	93	11	0	255
 74432	29	29	24	83	93	11	0	255
 74477	29	29	24	83	93	11	0	255
 74522	29	29	24	83	93	11	0	255
 74568	29	29	24	83	93	11	0	255
 74613	29	29	24	83	93	11	0	255
 74658	29	29	24	83	93	11	0	255
 74704	29	29	24	83	93	11	0	255
 74749	29	29	24	83	93	11	0	255
 74794	29	29	24	83	93	11	0	255
 74840	29	29	24	83	93	12	0	255
 74885	29	29	24	83	93	11	0	255
 74930	29	29	24	83	93	11	0	255
 74976	29	29	24	83	93	11	0	255
 75021	29	29	24	83	93	10	0	255
 75066	29	29	24	83	93	11	0	255
 75112	29	29	24	83	93	11	0	255
 75161	29	29	24	83	93	12	0	255
 75203	29	29	24	83	93	11	0	255
 75248	29	29	24	83	93	11	0	255
 75293	29	29	24	83	93	11	0	255
 75339	29	29	24	83	93	11	0	255
 75384	29	29	24	83	93	11	0	255
 75429	29	29	24	83	93	11	0	255
 75475	29	29	24	83	93	11	0	255
 75520	29	29	24	83	93	11	0	255
 75565	29	29	24	83	93	11	0	255
 75611	29	29	24	83	93	11	0	255
 75656	29	29	24	83	93	11	0	255
 75748	29	29	24	83	93	11	0	255
 75792	29	29	24	83	93	11	0	255
 75837	29	29	24	83	93	11	0	255
 75883	29	29	24	83	93	11	0	255
 75928	29	29	24	82	93	11	0	255
 75974	29	29	24	82	93	11	0	255
 76019	29	29	24	82	93	11	0	255
 76064	29	29	24	82	93	11	0	255
 76110	29	29	24	82	93	12	0	255
 76155	29	29	24	82	93	11	0	255
 76200	29	29	24	82	93	11	0	255
 76246	29	29	24	82	93	11	0	255
 76291	29	29	24	82	93	11	0	255
 76336	29	29	24	82	93	11	0	255
 76382	29	29	24	82	93	11	0	255
 76427	29	29	24	82	93	11	0	255
 76472	29	29	24	82	93	11	0	255
 76518	29	29	24	82	93	11	0	255
 76563	29	29	24	82	93	11	0	255
 76608	29	29	24	82	93	11	0	255
 76654	29	29	24	82	93	12	0	255
 76699	29	29	24	82	93	11	0	255
 76744	29	29	24	82	93	11	0	255
 76790	29	29	24	82	93	11	0	255
 76838	29	29	24	82	93	12	0	255
 76881	29	29	24	82	93	11	0	255
 76926	29	29	24	82	93	11	0	255
 76971	29	29	24	82	93	11	0	255
 77017	29	29	24	82	93	12	0	255
 77062	29	29	24	82	93	11	0	255
 77107	29	29	24	82	93	11	0	255
 77153	29	29	24	82	93	11	0	255
 77198	29	29	24	82	93	11	0	255
 77243	29	29	24	82	93	11	0	255
 77289	29	29	24	82	93	12	0	255
 77334	29	29	24	82	93	12	0	255
 77379	29	29	24	82	93	11	0	255
 77425	29	29	24	82	93	11	0	255
 77470	29	29	24	82	93	11	0	255
 77561	29	29	24	82	93	11	0	255
 77606	29	29	24	82	93	11	0	255
 77652	29	29	24	82	93	11	0	255
 77697	29	29	24	82	93	11	0	255
 77742	29	29	24	82	93	12	0	255
 77788	29	29	24	82	93	11	0	255
 77833	29	29	24	82	93	11	0	255
 77878	29	29	24	82	93	11	0	255
 77924	29	29	24	82	93	11	0	255
 77969	29	29	24	82	93	11	0	255
 78014	29	29	24	82	93	10	0	255
 78060	29	29	24	82	93	11	0	255
 78105	29	29	24	82	93	11	0	255
 78151	29	29	24	82	93	11	0	255
 78196	29	29	24	82	93	11	0	255
 78241	29	29	24	82	93	11	0	255
 78287	29	29	24	82	93	11	0	255
 78332	29	29	24	82	93	11	0	255
 78377	29	29	24	82	93	11	0	255
 78423	29	29	24	82	93	11	0	255
 78468	29	29	24	82	93	11	0	255
 78513	29	29	24	82	93	11	0	255
 78559	29	29	24	82	93	11	0	255
 78604	29	29	24	82	93	10	0	255
 78649	29	29	24	82	93	12	0	255
 78695	29	29	24	82	93	11	0	255
 78740	29	29	24	82	93	11	0	255
 78785	29	29	24	82	93	11	0	255
 78831	29	29	24	82	93	11	0	255
 78876	29	29	24	82	93	11	0	255
 78921	29	29	24	82	93	11	0	255
 78967	29	29	24	82	93	11	0	255
 79012	29	29	24	82	93	11	0	255
 79057	29	29	24	82	93	11	0	255
 79103	29	29	24	82	93	11	0	255
 79194	29	29	24	82	93	11	0	255
 79239	29	29	24	82	93	11	0	255
 79284	29	29	24	82	93	11	16	255
 79330	29	29	24	82	93	11	16	255
 79375	29	29	24	82	93	11	16	255
 79420	29	29	24	82	93	11	16	255
 79466	29	29	24	82	93	11	16	255
 79511	29	29	24	82	93	10	16	255
 79560	29	29	24	82	93	11	16	255
 79602	29	29	24	82	93	11	16	255
 79647	29	29	24	82	93	11	16	255
 79697	29	29	24	82	93	11	16	255
 79738	29	29	24	82	93	11	16	255
 79783	29	29	24	82	93	11	16	255
 79828	29	29	24	82	93	11	16	255
 79874	29	29	24	81	93	11	16	255
 79919	29	29	24	81	93	11	16	255
 79965	29	29	24	81	93	12	16	255
 80010	29	29	24	81	93	11	16	255
 80055	29	29	24	81	93	11	16	255
 80101	29	29	24	81	93	11	16	255
 80146	29	29	24	81	93	11	16	255
 80191	29	29	24	82	93	12	16	255
 80237	29	29	24	82	93	12	16	255
 80282	29	29	24	82	93	11	16	255
 80327	29	29	24	83	93	11	16	255
 80373	29	29	24	83	93	11	16	255
 80418	29	29	24	84	93	11	16	255
 80463	29	29	24	84	93	11	16	255
 80509	29	29	24	85	93	11	16	255
 80554	29	29	24	85	93	11	16	255
 80599	29	29	24	85	93	11	16	255
 80645	29	29	24	86	93	11	16	255
 80690	29	29	24	86	93	11	16	255
 80739	29	29	24	87	93	11	16	255
 80781	29	29	24	87	93	11	16	255
 80826	29	29	24	87	93	11	16	255
 80872	29	29	24	88	93	11	16	255
 80917	29	29	24	88	93	11	16	255
 80962	29	29	24	89	93	11	16	255
 81008	29	29	24	89	93	11	16	255
 81053	29	29	24	89	93	12	16	255
 81098	29	29	24	89	93	11	16	255
 81144	29	29	24	90	93	11	16	255
 81189	29	29	24	90	93	11	16	255
 81234	29	29	24	90	92	11	16	255
 81280	29	29	24	90	92	11	16	255
 81325	29	29	24	90	93	11	16	255
 81370	29	29	24	90	93	12	16	255
 81416	29	29	24	91	93	12	16	255
 81461	29	29	24	91	93	11	16	255
 81506	29	29	24	91	93	11	16	255
 81552	29	29	24	91	93	11	16	255
 81597	29	29	24	91	93	10	16	255
 81643	29	29	24	92	93	11	16	255
 81688	29	29	24	92	94	11	16	255
 81733	29	29	24	92	94	11	16	255
 81779	29	29	24	92	94	11	16	255
 81824	29	29	24	92	94	11	16	255
 81869	29	29	24	93	94	11	0	255
 81915	29	29	24	93	94	11	0	255
 81960	29	29	24	93	95	11	0	255
 82005	29	29	24	93	95	11	0	255
 82051	29	29	24	93	95	11	0	255
 82096	29	29	24	93	95	11	0	255
 82141	29	29	24	93	95	11	0	255
 82187	29	29	24	93	95	11	0	255
 82232	29	29	24	93	95	11	0	255
 82277	29	29	24	93	95	11	0	255
 82323	29	29	24	93	95	12	0	255
 82368	29	29	24	93	95	12	0	255
 82414	29	29	24	93	95	11	0	255
 82459	29	29	24	93	95	11	0	255
 82504	29	29	24	93	95	12	0	255
 82550	29	29	24	93	95	11	0	255
 82595	29	29	24	93	95	11	0	255
 82640	29	29	24	93	95	11	0	255
 82686	29	29	24	93	95	11	0	255
 82731	29	29	24	93	95	11	0	255
 82776	29	29	24	93	95	11	0	255
 82822	29	29	24	93	95	12	0	255
 82867	29	29	24	93	95	12	0	255
 82912	29	29	24	93	95	11	0	255
 82958	29	29	24	93	95	11	0	255
 83003	29	29	24	93	95	11	0	255
 83049	29	29	24	93	95	11	0	255
 83094	29	30	24	93	95	11	0	255
 83139	29	29	24	93	95	11	0	255
 83185	29	30	24	93	95	11	0	255
 83230	29	29	24	93	95	11	0	255
 83275	29	30	24	93	95	11	0	255
 83321	29	30	24	93	95	11	0	255
 83366	29	30	24	93	95	11	0	255
 83416	29	30	24	93	95	11	0	255
 83461	29	30	24	93	95	11	0	255
 83502	29	30	24	93	95	11	0	255
 83547	29	30	24	93	95	12	0	255
 83593	29	30	24	93	95	10	0	255
 83638	29	30	24	93	95	11	0	255
 83683	29	30	24	93	95	11	0	255
 83729	29	30	24	93	95	12	0	255
 83775	30	30	24	93	95	10	0	255
 83819	29	30	24	93	95	12	0	255
 83865	29	30	24	93	95	11	0	255
 83910	30	30	24	93	95	11	0	255
 83955	29	30	24	93	95	11	0	255
 84001	30	30	24	93	95	11	0	255
 84046	30	30	24	93	95	11	0	255
 84092	30	30	24	93	95	11	0	255
 84137	30	30	24	93	95	11	0	255
 84182	30	30	24	93	95	11	0	255
 84228	29	30	24	93	95	11	0	255
 84273	30	30	24	93	95	10	0	255
 84318	30	30	24	93	95	11	0	255
 84364	30	30	24	93	95	11	0	255
 84409	30	30	24	93	95	11	0	255
 84454	30	30	24	93	95	11	0	255
 84500	30	30	24	93	95	11	0	255
 84545	29	30	24	93	95	11	0	255
 84590	30	30	24	93	95	11	0	255
 84636	30	30	24	93	95	11	0	255
 84681	30	30	24	93	95	11	0	255
 84726	30	30	24	93	95	11	0	255
 84772	30	30	24	93	95	11	0	255
 84817	30	30	24	92	95	11	0	255
 84863	30	30	24	93	95	10	0	255
 84908	30	30	24	92	95	11	0	255
 84958	30	30	24	92	95	11	0	255
 84999	30	30	24	93	95	11	0	255
 85044	30	30	24	92	95	11	0	255
 85089	30	30	24	92	95	12	0	255
 85135	30	30	24	92	95	11	0	255
 85181	30	30	24	92	95	11	0	255
 85225	30	30	24	92	95	11	0	255
 85271	30	30	24	92	95	11	0	255
 85316	30	30	24	92	95	10	0	255
 85361	30	30	24	92	95	11	0	255
 85407	30	30	24	92	95	11	0	255
 85452	30	30	24	92	95	11	0	255
 85497	30	30	24	92	95	11	0	255
 85543	30	30	24	92	95	11	0	255
 85588	30	30	24	92	95	11	0	255
 85634	30	30	24	92	95	11	0	255
 85679	30	30	24	92	95	11	0	255
 85770	30	30	24	92	95	11	0	255
 85815	30	30	24	92	95	11	0	255
 85860	30	30	24	92	95	11	0	255
 85906	30	30	24	92	95	10	0	255
 85951	30	30	24	92	95	11	0	255
 85996	30	30	24	92	95	11	0	255
 86042	30	30	24	92	95	12	0	255
 86087	30	30	24	92	95	11	0	255
 86132	30	30	24	92	95	11	0	255
 86178	30	30	24	92	95	11	0	255
 86223	30	30	24	92	95	12	0	255
 86268	30	30	24	92	95	11	0	255
 86314	30	30	24	92	95	11	0	255
 86359	30	30	24	92	95	11	0	255
