HomeCentral
 Falkenstrasse 20
 8630 Rueti
 Datum: 13.04.14 00:00
 
 Startzeit: 2014-04-13 00:00:25 +0100
 70	56	56	92	149	160	31	0	255
 116	56	56	92	149	160	31	0	255
 161	56	56	92	149	160	31	0	255
 206	56	56	92	149	160	31	0	255
 252	56	56	92	149	160	31	0	255
 297	56	56	92	149	160	31	0	255
 342	56	56	92	149	160	31	0	255
 388	56	56	92	149	160	31	0	255
 433	56	56	92	149	160	31	0	255
 479	56	56	92	149	160	31	0	255
 524	56	56	92	149	160	31	0	255
 569	56	56	92	149	160	31	0	255
 615	56	56	92	149	160	31	0	255
 660	56	56	92	149	160	32	0	255
 705	56	56	92	149	160	31	0	255
 751	56	56	92	149	160	31	0	255
 796	56	56	92	149	160	31	0	255
 841	56	56	92	149	160	31	0	255
 887	56	56	92	149	160	31	0	255
 932	56	56	92	149	160	31	0	255
 977	56	56	92	149	160	31	0	255
 1023	56	56	92	149	160	31	0	255
 1068	56	55	92	149	160	31	0	255
 1113	56	56	92	149	160	31	0	255
 1159	56	56	92	149	160	31	0	255
 1204	56	55	92	149	160	31	0	255
 1251	56	55	92	149	160	31	0	255
 1295	56	55	92	149	160	31	0	255
 1340	56	55	91	149	160	31	0	255
 1386	56	55	92	149	160	31	0	255
 1431	56	55	92	149	160	31	0	255
 1476	56	55	91	149	160	31	0	255
 1522	56	55	91	149	160	31	0	255
 1567	56	55	91	149	160	31	0	255
 1612	56	55	91	149	160	31	0	255
 1658	56	55	91	149	160	31	0	255
 1703	56	55	91	149	160	31	0	255
 1748	56	55	91	149	160	31	0	255
 1794	56	55	91	149	160	31	0	255
 1839	56	55	91	149	160	30	0	255
 1884	56	55	91	149	160	31	0	255
 1930	56	55	91	149	160	31	0	255
 1975	56	55	91	149	160	31	0	255
 2020	56	55	91	149	160	31	0	255
 2066	56	55	91	149	159	31	0	255
 2111	56	55	91	149	160	30	0	255
 2156	56	55	91	149	160	31	0	255
 2202	56	55	91	149	160	30	0	255
 2247	56	55	91	149	159	31	0	255
 2293	56	55	91	149	159	31	0	255
 2338	56	55	91	149	159	31	0	255
 2383	56	55	91	149	159	31	0	255
 2429	56	55	91	149	159	31	0	255
 2475	56	55	91	149	159	31	0	255
 2519	56	55	91	149	159	31	0	255
 2565	56	55	91	149	159	31	0	255
 2610	56	55	91	149	159	31	0	255
 2655	56	55	91	149	159	31	0	255
 2701	56	55	91	149	159	31	0	255
 2746	56	55	91	149	159	31	0	255
 2791	56	55	91	149	159	31	0	255
 2837	56	55	91	149	159	31	0	255
 2882	56	55	91	148	159	31	0	255
 2927	56	55	91	149	159	31	0	255
 2973	56	55	91	149	159	31	0	255
 3018	56	55	91	149	159	31	0	255
 3063	56	55	91	148	159	30	0	255
 3109	56	55	91	148	159	31	0	255
 3154	56	55	91	148	159	31	0	255
 3200	56	55	91	148	159	30	0	255
 3245	56	55	91	148	159	31	0	255
 3290	56	55	91	148	159	30	0	255
 3336	56	55	91	148	159	31	0	255
 3381	56	55	91	148	159	32	0	255
 3426	56	55	91	148	159	30	0	255
 3472	56	55	91	148	159	30	0	255
 3517	56	55	91	148	159	31	0	255
 3562	56	55	91	148	159	30	0	255
 3608	56	55	91	148	159	30	0	255
 3653	56	55	91	148	159	31	0	255
 3698	56	55	91	148	159	31	0	255
 3745	56	55	91	148	159	31	0	255
 3789	56	55	91	148	159	31	0	255
 3834	56	55	91	148	159	30	0	255
 3880	56	55	91	148	159	31	0	255
 3925	56	55	91	148	159	31	0	255
 3970	56	55	91	148	159	31	0	255
 4016	56	55	90	148	159	31	0	255
 4061	56	55	90	148	159	30	0	255
 4107	56	55	90	148	159	30	0	255
 4152	56	55	90	148	159	31	0	255
 4197	56	55	90	148	159	30	0	255
 4243	56	55	90	148	159	30	0	255
 4288	56	55	90	148	159	30	0	255
 4333	56	55	90	148	159	31	0	255
 4379	56	55	90	148	159	30	0	255
 4424	56	55	90	148	159	30	0	255
 4469	56	55	90	148	159	30	0	255
 4515	56	55	90	148	159	30	0	255
 4560	56	55	90	148	159	31	0	255
 4605	56	55	90	148	159	31	0	255
 4651	56	55	90	148	159	31	0	255
 4696	56	55	90	148	159	31	0	255
 4741	56	55	90	148	159	30	0	255
 4787	56	55	90	148	159	30	0	255
 4832	56	55	90	148	159	30	0	255
 4877	56	55	90	148	159	30	0	255
 4923	56	55	90	148	159	30	0	255
 4968	56	55	90	148	159	31	0	255
 5014	56	55	90	148	159	31	0	255
 5059	56	55	90	148	159	30	0	255
 5104	56	55	90	148	159	30	0	255
 5150	56	55	90	148	159	30	0	255
 5195	56	55	90	148	159	30	0	255
 5240	56	55	90	148	159	29	0	255
 5286	56	55	90	148	159	30	0	255
 5331	56	55	90	148	159	30	0	255
 5376	56	55	90	148	159	31	0	255
 5422	56	55	90	148	159	30	0	255
 5467	56	55	90	148	159	30	0	255
 5512	56	55	90	148	159	30	0	255
 5558	56	55	90	148	159	30	0	255
 5603	56	55	90	148	159	30	0	255
 5648	56	55	90	148	159	30	0	255
 5694	56	55	90	148	159	30	0	255
 5739	56	55	90	148	159	30	0	255
 5784	56	55	90	148	159	30	0	255
 5830	56	55	90	148	159	30	0	255
 5875	56	55	90	148	159	31	0	255
 5920	56	55	90	148	159	30	0	255
 5966	56	55	90	148	159	30	0	255
 6011	56	55	90	148	159	30	0	255
 6057	56	55	90	148	159	30	0	255
 6102	56	55	90	148	159	30	0	255
 6147	56	55	90	148	159	30	0	255
 6193	56	55	90	148	159	31	0	255
 6238	56	55	90	148	159	30	0	255
 6283	56	55	90	148	159	29	0	255
 6329	56	55	90	148	159	30	0	255
 6374	56	55	90	148	159	30	0	255
 6419	56	55	90	148	159	30	0	255
 6465	56	55	90	148	159	30	0	255
 6510	56	55	90	148	159	30	0	255
 6555	56	55	90	148	159	29	0	255
 6601	56	55	89	148	159	30	0	255
 6646	56	55	90	148	159	30	0	255
 6691	56	55	89	148	159	30	0	255
 6737	56	55	89	148	159	30	0	255
 6782	56	55	89	148	159	29	0	255
 6828	56	55	89	148	159	30	0	255
 6873	56	55	89	148	159	30	0	255
 6918	56	55	89	148	158	30	0	255
 6964	56	55	89	148	158	30	0	255
 7009	56	55	89	148	158	30	0	255
 7054	56	55	89	148	159	30	0	255
 7100	56	55	89	148	158	30	0	255
 7145	56	55	89	148	159	30	0	255
 7190	56	55	89	148	158	30	0	255
 7237	56	55	89	148	158	30	0	255
 7281	56	55	89	148	158	30	0	255
 7326	56	55	89	148	158	29	0	255
 7372	56	55	89	148	158	30	0	255
 7417	56	55	89	148	158	29	0	255
 7462	56	55	89	148	158	30	0	255
 7508	56	55	89	148	158	29	0	255
 7553	56	55	89	148	158	30	0	255
 7598	56	55	89	148	158	30	0	255
 7644	56	55	89	148	158	30	0	255
 7689	56	55	89	148	158	30	0	255
 7735	56	55	89	148	158	30	0	255
 7780	56	55	89	148	158	30	0	255
 7825	55	55	89	148	158	29	0	255
 7871	56	55	89	148	158	29	0	255
 7916	55	55	89	148	158	30	0	255
 7961	55	55	89	148	158	30	0	255
 8007	56	55	89	148	158	29	0	255
 8052	55	55	89	148	158	29	0	255
 8097	56	55	89	148	158	29	0	255
 8143	55	55	89	148	158	30	0	255
 8188	55	55	89	148	158	29	0	255
 8233	55	55	89	148	158	29	0	255
 8279	55	55	89	148	158	29	0	255
 8324	55	55	89	148	158	29	0	255
 8369	55	55	89	148	158	30	0	255
 8415	55	55	89	148	158	29	0	255
 8460	55	55	89	148	158	30	0	255
 8505	55	55	89	148	158	30	0	255
 8551	55	55	89	148	158	29	0	255
 8596	55	55	89	148	158	30	0	255
 8642	55	55	89	148	158	30	0	255
 8687	55	55	89	148	158	29	0	255
 8732	55	55	89	148	158	30	0	255
 8778	55	55	89	148	158	30	0	255
 8823	55	55	89	148	158	30	0	255
 8868	55	55	89	148	158	30	0	255
 8914	55	55	89	148	158	29	0	255
 8959	55	55	89	148	158	30	0	255
 9004	55	55	89	148	158	29	0	255
 9050	55	55	89	148	158	29	0	255
 9095	55	55	89	148	158	29	0	255
 9140	55	55	89	148	158	30	0	255
 9186	55	55	89	148	158	29	0	255
 9231	55	55	89	148	158	29	0	255
 9276	55	55	89	148	158	29	0	255
 9322	55	55	89	148	158	29	0	255
 9367	55	55	89	148	158	29	0	255
 9412	55	55	89	148	158	30	0	255
 9458	55	55	89	148	158	30	0	255
 9503	55	55	89	148	158	30	0	255
 9548	55	55	89	148	158	30	0	255
 9594	55	55	89	148	158	29	0	255
 9639	55	55	89	148	158	29	0	255
 9685	55	55	88	148	158	29	0	255
 9730	55	55	88	148	158	29	0	255
 9775	55	55	88	148	158	30	0	255
 9821	55	55	88	148	158	30	0	255
 9866	55	55	88	148	158	29	0	255
 9911	55	55	88	148	158	29	0	255
 9957	55	55	88	148	158	29	0	255
 10002	55	55	88	148	158	29	0	255
 10047	55	55	88	148	158	29	0	255
 10093	55	55	88	148	158	29	0	255
 10138	55	55	88	148	158	29	0	255
 10183	55	55	88	148	158	29	0	255
 10229	55	55	88	148	158	29	0	255
 10274	55	55	88	148	158	29	0	255
 10319	55	55	88	148	158	30	0	255
 10365	55	55	88	148	158	29	0	255
 10410	55	55	88	148	158	29	0	255
 10455	55	55	88	148	158	30	0	255
 10501	55	55	88	148	158	29	0	255
 10546	55	55	88	148	158	29	0	255
 10592	55	55	88	148	158	29	0	255
 10637	55	55	88	148	158	29	0	255
 10682	55	55	88	148	158	30	0	255
 10728	55	55	88	148	158	29	0	255
 10773	55	55	88	148	158	29	0	255
 10818	55	55	88	148	158	29	0	255
 10864	55	55	88	148	158	30	0	255
 10909	55	55	88	148	158	30	0	255
 10954	55	55	88	148	158	29	0	255
 11000	55	55	88	148	158	29	0	255
 11045	55	55	88	148	158	29	0	255
 11090	55	55	88	148	158	30	0	255
 11136	55	55	88	148	158	29	0	255
 11181	55	55	88	148	158	29	0	255
 11226	55	55	88	148	158	29	0	255
 11272	55	55	88	148	158	29	0	255
 11317	55	55	88	148	158	29	0	255
 11362	55	55	88	148	158	29	0	255
 11408	55	55	88	148	158	28	0	255
 11453	55	55	88	148	158	28	0	255
 11498	55	55	88	148	158	29	0	255
 11544	55	55	88	148	158	29	0	255
 11589	55	55	88	148	158	29	0	255
 11635	55	55	88	148	157	29	0	255
 11680	55	55	88	148	157	29	0	255
 11725	55	55	88	148	157	29	0	255
 11771	55	55	88	148	157	29	0	255
 11816	55	55	88	148	157	29	0	255
 11861	55	55	88	148	157	29	0	255
 11907	55	55	88	148	157	29	0	255
 11952	55	55	88	147	157	29	0	255
 11997	55	55	88	148	157	29	0	255
 12043	55	55	88	148	157	29	0	255
 12088	55	55	88	147	157	28	0	255
 12133	55	55	88	148	157	28	0	255
 12179	55	55	88	148	157	29	0	255
 12224	55	55	88	147	157	28	0	255
 12269	55	55	88	147	157	28	0	255
 12315	55	55	88	147	157	28	0	255
 12360	55	55	88	148	157	28	0	255
 12405	55	55	88	147	157	29	0	255
 12451	55	55	88	147	157	28	0	255
 12496	55	55	88	147	157	28	0	255
 12542	55	55	88	147	157	28	0	255
 12587	55	54	88	147	157	28	0	255
 12632	55	55	88	147	157	29	0	255
 12678	55	55	88	147	157	28	0	255
 12723	55	55	88	147	157	28	0	255
 12768	55	54	87	147	157	29	0	255
 12814	55	54	87	147	157	28	0	255
 12859	55	54	87	147	157	28	0	255
 12904	55	54	87	147	157	28	0	255
 12950	55	54	87	147	157	29	0	255
 12995	55	54	87	147	157	29	0	255
 13040	55	54	87	147	157	29	0	255
 13086	55	54	87	147	157	28	0	255
 13131	55	54	87	147	157	28	0	255
 13176	55	54	87	147	157	29	0	255
 13222	55	54	87	147	157	28	0	255
 13267	55	55	87	147	157	28	0	255
 13312	55	55	87	147	157	28	0	255
 13358	55	54	87	147	157	28	0	255
 13403	55	54	87	147	157	28	0	255
 13449	55	54	87	147	157	28	0	255
 13494	55	54	87	147	157	28	0	255
 13539	55	54	87	147	157	29	0	255
 13585	55	55	87	147	157	28	0	255
 13630	55	54	87	147	157	28	0	255
 13675	55	54	87	147	157	28	0	255
 13721	55	54	87	147	157	28	0	255
 13766	55	54	87	147	157	28	0	255
 13812	55	54	87	147	157	29	0	255
 13857	55	54	87	147	157	28	0	255
 13902	55	54	87	147	157	28	0	255
 13948	55	54	87	147	157	28	0	255
 13993	55	54	87	147	157	28	0	255
 14038	55	54	87	147	157	28	0	255
 14083	55	54	87	147	157	28	0	255
 14129	55	54	87	147	157	28	0	255
 14174	55	54	87	147	157	26	0	255
 14219	55	54	87	147	157	28	0	255
 14265	55	54	87	147	157	28	0	255
 14310	55	54	87	147	157	28	0	255
 14356	55	54	87	147	157	28	0	255
 14401	55	54	87	147	157	28	0	255
 14448	55	54	87	147	157	28	0	255
 14492	55	54	87	147	157	28	0	255
 14537	55	54	87	147	157	28	0	255
 14582	55	54	87	147	157	28	0	255
 14628	55	54	87	147	157	26	0	255
 14673	55	54	87	147	157	26	0	255
 14718	55	54	87	147	157	28	0	255
 14764	55	54	87	147	157	28	0	255
 14809	55	54	87	147	157	26	0	255
 14854	55	54	87	147	157	28	0	255
 14900	55	54	87	147	157	28	0	255
 14945	55	54	87	147	157	28	0	255
 14990	55	54	87	147	157	28	0	255
 15036	55	54	87	147	157	26	0	255
 15081	55	54	87	147	157	28	0	255
 15126	55	54	87	147	157	28	0	255
 15172	55	54	87	147	157	26	0	255
 15217	55	54	87	147	157	28	0	255
 15263	55	54	87	147	157	26	0	255
 15308	55	54	87	147	157	26	0	255
 15353	55	54	87	147	157	26	0	255
 15399	55	54	87	147	157	28	0	255
 15444	55	54	87	147	157	26	0	255
 15489	55	54	87	147	157	26	0	255
 15535	55	54	87	147	157	26	0	255
 15580	55	54	87	147	157	26	0	255
 15625	55	54	87	147	157	26	0	255
 15671	55	54	87	147	157	28	0	255
 15716	55	54	87	147	157	26	0	255
 15761	55	54	87	147	157	28	0	255
 15807	55	54	86	147	157	28	0	255
 15852	55	54	87	147	157	28	0	255
 15897	55	54	86	147	157	26	0	255
 15943	55	54	86	147	157	26	0	255
 15988	55	54	86	147	157	26	0	255
 16033	55	54	86	147	157	26	0	255
 16079	55	54	86	147	157	28	0	255
 16124	55	54	86	147	157	28	0	255
 16170	55	54	86	147	157	28	0	255
 16215	55	54	86	147	157	26	0	255
 16260	55	54	86	147	157	26	0	255
 16306	55	54	86	147	157	26	0	255
 16353	55	54	86	147	156	28	0	255
 16396	55	54	86	147	156	28	0	255
 16442	55	54	86	147	156	28	0	255
 16487	55	54	86	147	156	26	0	255
 16532	55	54	86	147	156	26	0	255
 16578	55	54	86	147	156	28	0	255
 16623	55	54	86	147	156	26	0	255
 16668	55	54	86	147	156	28	0	255
 16714	55	54	86	147	156	28	0	255
 16759	55	54	86	147	156	26	0	255
 16805	55	54	86	147	156	26	0	255
 16850	55	54	86	147	156	26	0	255
 16895	55	54	86	147	156	26	0	255
 16941	55	54	86	147	156	25	0	255
 16986	55	54	86	147	156	26	0	255
 17031	55	54	86	147	156	28	0	255
 17077	55	54	86	147	156	26	0	255
 17122	55	54	86	147	156	26	0	255
 17167	55	54	86	147	156	26	0	255
 17213	55	54	86	147	156	26	0	255
 17258	55	54	86	147	156	26	0	255
 17304	55	54	86	147	156	26	0	255
 17349	55	54	86	147	156	26	0	255
 17394	55	54	86	147	156	26	0	255
 17440	55	54	86	147	156	28	0	255
 17485	55	54	86	147	156	28	0	255
 17530	55	54	86	147	156	26	0	255
 17576	55	54	86	147	156	28	0	255
 17621	55	54	86	147	156	26	0	255
 17666	55	54	86	147	156	26	0	255
 17712	55	54	86	147	156	25	0	255
 17757	55	54	86	147	156	28	0	255
 17802	55	54	86	147	156	28	0	255
 17848	55	54	86	147	156	26	0	255
 17893	55	54	86	147	156	28	0	255
 17938	55	54	86	147	156	26	0	255
 17984	55	54	86	147	156	26	0	255
 18029	55	54	86	147	156	26	0	255
 18074	55	54	86	147	156	26	0	255
 18120	55	54	86	147	156	26	0	255
 18165	55	54	86	147	156	26	0	255
 18210	55	54	86	147	156	26	0	255
 18256	55	54	86	147	156	25	0	255
 18301	55	54	86	147	156	26	0	255
 18347	55	54	86	147	156	26	0	255
 18392	55	54	86	147	156	26	0	255
 18437	55	54	86	147	156	26	0	255
 18483	55	54	86	147	156	28	0	255
 18528	55	54	86	147	156	26	0	255
 18573	55	54	86	147	156	26	0	255
 18619	55	54	86	147	156	26	0	255
 18664	55	54	86	147	156	26	0	255
 18709	55	54	86	147	156	26	0	255
 18755	55	54	86	147	156	26	0	255
 18800	55	54	86	147	156	26	0	255
 18845	55	54	86	147	156	26	0	255
 18891	55	54	86	147	156	26	0	255
 18936	55	54	86	147	156	26	0	255
 18981	55	54	86	147	156	26	0	255
 19027	55	54	86	147	156	26	0	255
 19072	55	54	86	147	156	26	0	255
 19117	55	54	86	147	156	26	0	255
 19163	55	54	86	147	156	25	0	255
 19208	55	54	85	147	156	26	0	255
 19254	55	54	86	147	156	26	0	255
 19299	55	54	85	147	156	28	0	255
 19344	55	54	85	147	156	26	0	255
 19390	55	54	85	147	156	25	0	255
 19435	55	54	85	147	156	26	0	255
 19480	55	54	85	147	156	26	0	255
 19526	55	54	85	147	156	26	0	255
 19571	55	54	85	147	156	26	0	255
 19616	55	54	85	147	156	26	0	255
 19662	55	54	85	147	156	26	0	255
 19707	55	54	85	147	156	28	0	255
 19752	55	54	85	147	156	26	0	255
 19798	55	54	85	147	156	26	0	255
 19843	55	54	85	147	156	26	0	255
 19888	55	54	85	147	156	25	0	255
 19934	55	54	85	147	156	26	0	255
 19979	55	54	85	147	156	25	0	255
 20024	55	54	85	147	156	26	0	255
 20070	55	54	85	147	156	25	0	255
 20115	55	54	85	147	156	26	0	255
 20161	55	54	85	147	156	25	0	255
 20206	55	54	85	147	156	25	0	255
 20251	55	54	85	147	156	25	0	255
 20297	55	54	85	147	156	26	0	255
 20342	55	54	85	147	156	25	0	255
 20387	55	54	85	147	156	25	0	255
 20433	55	54	85	147	156	26	0	255
 20478	55	54	85	147	156	26	0	255
 20523	55	54	85	147	156	25	0	255
 20569	55	54	85	147	156	25	0	255
 20614	55	54	85	147	156	26	0	255
 20659	55	54	85	147	156	25	0	255
 20705	55	54	85	147	156	25	0	255
 20750	55	54	85	147	156	26	0	255
 20795	55	54	85	147	156	26	0	255
 20841	55	54	85	147	156	26	0	255
 20886	55	54	85	147	156	26	0	255
 20931	55	54	85	147	156	25	0	255
 20977	55	54	85	147	155	24	0	255
 21022	55	54	85	147	155	25	0	255
 21068	55	54	85	147	155	26	0	255
 21113	55	54	85	147	155	25	0	255
 21158	55	54	85	147	155	25	0	255
 21204	55	54	85	147	155	25	0	255
 21249	55	54	85	147	155	26	0	255
 21294	55	54	85	147	155	25	0	255
 21340	55	54	85	147	155	25	0	255
 21385	55	54	85	147	155	25	0	255
 21430	55	54	85	146	155	25	0	255
 21476	55	54	85	146	155	25	0	255
 21521	55	54	85	146	155	25	0	255
 21566	55	54	85	147	155	25	0	255
 21612	54	54	85	146	155	25	0	255
 21657	54	54	85	146	155	25	0	255
 21702	54	54	85	146	155	25	0	255
 21748	54	54	85	146	155	25	0	255
 21793	54	54	85	146	155	25	0	255
 21838	54	54	85	146	155	25	0	255
 21884	54	54	85	146	155	25	0	255
 21929	54	54	85	146	155	25	0	255
 21975	54	54	85	146	155	25	0	255
 22020	54	54	85	146	155	25	0	255
 22065	54	54	85	146	155	24	0	255
 22111	54	54	85	146	155	25	0	255
 22156	54	54	85	146	155	25	0	255
 22201	54	54	85	146	155	25	0	255
 22247	54	54	85	146	155	25	0	255
 22292	55	54	85	146	155	25	0	255
 22337	54	54	85	146	155	24	0	255
 22383	54	54	85	146	155	25	0	255
 22428	54	54	85	146	155	24	0	255
 22473	54	54	85	146	155	24	0	255
 22519	54	54	85	146	155	25	0	255
 22564	54	54	85	146	155	24	0	255
 22609	54	54	85	146	155	25	0	255
 22655	54	54	85	146	155	25	0	255
 22700	54	54	85	146	155	25	0	255
 22745	54	54	85	146	155	25	0	255
 22791	54	54	85	146	155	25	0	255
 22836	54	54	84	146	155	25	0	255
 22881	54	54	85	146	155	25	0	255
 22927	54	54	84	146	155	25	0	255
 22972	54	54	84	146	155	25	0	255
 23018	54	54	84	146	155	26	0	255
 23063	54	54	84	146	155	25	0	255
 23108	54	54	84	146	155	25	0	255
 23154	54	54	84	146	155	25	0	255
 23199	54	54	84	146	155	25	0	255
 23244	54	54	84	146	155	25	0	255
 23290	54	54	84	146	155	25	0	255
 23335	54	54	84	146	155	26	0	255
 23380	54	54	84	146	155	25	0	255
 23426	54	54	84	146	155	25	0	255
 23471	54	54	84	146	155	25	0	255
 23516	54	54	84	146	155	24	0	255
 23562	54	54	84	146	155	24	0	255
 23607	54	54	84	146	155	25	0	255
 23652	54	54	84	146	155	25	0	255
 23698	54	54	84	146	155	25	0	255
 23743	54	54	84	146	155	25	0	255
 23788	54	54	84	146	155	25	0	255
 23834	54	54	84	146	155	25	0	255
 23879	54	54	84	146	155	25	0	255
 23925	54	54	84	146	155	25	0	255
 23970	54	54	84	146	155	25	0	255
 24015	54	54	84	146	155	25	0	255
 24061	54	54	84	146	155	25	0	255
 24106	54	54	84	146	155	25	0	255
 24151	54	54	84	146	155	25	0	255
 24197	54	54	84	146	155	25	0	255
 24242	54	54	84	146	155	25	0	255
 24287	54	54	84	146	155	24	0	255
 24333	54	54	84	146	155	25	0	255
 24378	54	54	84	146	155	24	0	255
 24423	54	54	84	146	155	25	0	255
 24469	54	54	84	146	155	25	0	255
 24514	54	54	84	146	155	25	0	255
 24559	54	54	84	146	155	25	0	255
 24605	54	54	84	146	155	24	0	255
 24650	54	54	84	146	155	25	0	255
 24695	54	54	84	146	155	24	0	255
 24741	54	54	84	146	155	26	0	255
 24786	54	54	84	146	155	25	0	255
 24832	54	54	84	146	155	25	0	255
 24877	54	54	84	146	155	25	0	255
 24922	54	54	84	146	155	25	0	255
 24968	54	54	84	146	155	25	0	255
 25013	54	54	84	146	155	25	0	255
 25058	54	54	84	146	155	25	0	255
 25104	54	54	84	146	155	25	0	255
 25149	54	54	84	146	155	25	0	255
 25194	54	54	84	146	155	25	0	255
 25240	54	54	84	146	155	25	0	255
 25285	54	54	84	146	155	25	0	255
 25330	54	54	84	146	155	25	0	255
 25376	54	54	84	146	155	25	0	255
 25421	54	54	84	146	155	25	0	255
 25466	54	54	84	146	155	25	0	255
 25512	54	54	84	146	155	25	0	255
 25557	54	54	84	146	155	25	0	255
 25602	54	54	84	146	155	25	0	255
 25648	54	54	84	146	154	26	0	255
 25693	54	54	84	146	154	26	0	255
 25739	54	54	84	146	154	25	0	255
 25784	54	54	84	146	154	26	0	255
 25829	54	54	84	146	154	26	0	255
 25875	54	54	84	146	154	26	0	255
 25920	54	54	84	146	154	26	0	255
 25965	54	54	84	146	154	26	0	255
 26011	54	54	84	146	154	26	0	255
 26056	54	54	84	146	154	26	0	255
 26101	54	54	84	146	154	26	0	255
 26147	54	54	84	146	154	26	0	255
 26192	54	54	84	146	154	26	0	255
 26237	54	53	84	146	154	26	0	255
 26283	54	54	84	146	154	28	0	255
 26328	54	54	83	146	154	26	0	255
 26373	54	54	84	146	154	26	0	255
 26419	54	54	84	146	154	28	0	255
 26464	54	54	83	146	154	26	0	255
 26509	54	53	84	146	154	26	0	255
 26555	54	54	83	146	154	26	0	255
 26600	54	54	83	146	154	26	0	255
 26646	54	54	83	146	154	28	0	255
 26691	54	54	83	146	154	26	0	255
 26736	54	53	83	146	154	28	0	255
 26782	54	54	83	146	154	28	0	255
 26827	54	54	83	146	154	28	0	255
 26872	54	53	83	146	154	26	0	255
 26918	54	53	83	146	154	28	0	255
 26963	54	54	83	146	154	28	0	255
 27008	54	54	83	146	154	29	0	255
 27054	54	53	83	146	154	29	0	255
 27099	54	53	83	146	154	29	0	255
 27144	54	54	83	146	154	28	0	255
 27190	54	53	83	146	154	29	0	255
 27235	54	53	83	146	154	29	0	255
 27280	54	53	83	146	154	29	0	255
 27326	54	53	83	146	154	29	0	255
 27371	54	53	83	146	154	30	0	255
 27416	54	53	83	146	154	30	0	255
 27462	54	53	83	146	154	31	0	255
 27507	54	53	83	146	154	31	0	255
 27553	54	53	83	146	154	30	0	255
 27598	54	53	83	146	154	31	0	255
 27643	54	53	83	146	154	30	0	255
 27689	54	53	83	146	154	31	0	255
 27734	54	53	83	146	154	32	0	255
 27779	54	53	83	146	154	32	0	255
 27825	54	53	83	146	154	32	0	255
 27870	54	53	83	146	154	32	0	255
 27915	54	53	83	146	154	32	0	255
 27961	54	53	83	146	154	32	0	255
 28006	54	53	83	146	154	34	0	255
 28051	54	53	83	146	154	34	0	255
 28097	54	53	83	146	154	34	0	255
 28142	54	53	83	146	154	34	0	255
 28187	54	53	83	146	154	35	0	255
 28233	54	53	83	146	154	35	0	255
 28278	54	53	83	146	154	34	0	255
 28323	54	53	83	146	154	34	0	255
 28369	54	53	83	146	154	35	0	255
 28414	54	53	83	146	154	35	0	255
 28460	54	53	83	146	154	35	0	255
 28505	54	53	83	146	154	36	0	255
 28550	54	53	83	146	154	35	0	255
 28596	54	53	83	146	154	35	0	255
 28641	54	53	83	146	154	35	0	255
 28686	54	53	83	146	154	36	0	255
 28732	54	53	83	146	154	35	0	255
 28777	54	53	83	146	154	36	0	255
 28822	54	53	83	146	154	36	0	255
 28868	54	53	83	146	154	36	0	255
 28913	54	53	83	146	154	37	0	255
 28958	54	53	83	146	154	37	0	255
 29004	54	53	83	146	154	37	0	255
 29049	54	53	83	146	154	37	0	255
 29094	54	53	83	146	154	37	0	255
 29140	54	53	83	146	154	37	0	255
 29185	54	53	83	146	154	37	0	255
 29230	54	53	83	146	154	37	0	255
 29276	54	53	83	146	154	38	0	255
 29321	54	53	83	146	154	37	0	255
 29366	54	53	83	146	154	38	0	255
 29412	54	53	83	146	154	37	0	255
 29457	54	53	83	146	154	38	0	255
 29503	54	53	83	146	154	37	0	255
 29548	54	53	83	146	154	38	0	255
 29593	54	53	83	146	154	38	0	255
 29639	54	53	83	146	154	40	0	255
 29684	54	53	83	146	154	40	0	255
 29729	54	53	83	146	154	38	0	255
 29775	54	53	83	146	154	40	0	255
 29820	54	53	83	146	154	40	0	255
 29865	54	53	83	146	154	41	0	255
 29911	54	53	83	146	154	41	0	255
 29957	54	53	83	146	154	41	0	255
 30001	54	53	83	146	154	42	0	255
 30047	54	53	83	146	154	42	0	255
 30092	54	53	83	146	154	42	0	255
 30137	54	53	83	146	154	42	0	255
 30183	54	53	83	146	154	42	0	255
 30228	54	53	83	146	154	42	0	255
 30273	54	53	83	145	154	42	0	255
 30319	54	53	83	146	154	44	0	255
 30364	54	53	82	146	154	42	0	255
 30410	54	53	82	146	153	44	0	255
 30455	54	53	83	145	153	44	0	255
 30500	54	53	82	145	153	44	0	255
 30546	54	53	83	145	153	45	0	255
 30591	54	53	82	146	153	44	0	255
 30636	54	53	82	145	153	44	0	255
 30682	54	53	82	145	153	44	0	255
 30727	54	53	82	145	153	45	0	255
 30772	54	53	82	145	153	45	0	255
 30818	54	53	82	145	153	45	0	255
 30863	54	53	82	145	153	45	0	255
 30908	54	53	82	145	153	46	0	255
 30954	54	53	82	145	153	45	0	255
 30999	54	53	82	145	153	46	0	255
 31044	54	53	82	145	153	46	0	255
 31090	54	53	82	145	153	46	0	255
 31135	54	53	82	145	153	46	0	255
 31180	54	53	82	145	153	47	0	255
 31226	54	53	82	145	153	46	0	255
 31271	54	53	82	145	153	47	0	255
 31317	54	53	82	145	153	47	0	255
 31362	54	53	82	145	153	47	0	255
 31407	54	53	82	145	153	46	0	255
 31453	54	53	82	145	153	47	0	255
 31498	54	53	82	145	153	47	0	255
 31543	54	53	82	145	153	47	0	255
 31589	54	53	82	145	153	47	0	255
 31634	54	53	82	145	153	48	0	255
 31679	54	53	82	145	153	50	0	255
 31725	54	53	82	145	153	48	0	255
 31770	54	53	82	145	153	48	0	255
 31815	54	53	82	145	153	50	0	255
 31861	54	53	82	145	153	50	0	255
 31906	54	53	82	145	153	48	0	255
 31951	54	53	82	145	153	50	0	255
 31997	54	53	82	145	153	51	0	255
 32042	54	53	82	145	153	51	0	255
 32088	54	53	82	145	153	51	0	255
 32133	54	53	82	145	153	51	0	255
 32178	54	53	82	145	153	52	0	255
 32224	54	53	82	145	153	52	0	255
 32269	54	53	82	145	153	52	0	255
 32314	54	53	82	145	153	52	0	255
 32360	54	53	82	145	153	52	0	255
 32405	54	53	82	145	153	53	0	255
 32450	54	53	82	145	153	53	0	255
 32496	54	53	82	145	153	54	0	255
 32541	54	53	82	145	153	53	0	255
 32586	54	53	82	145	153	54	0	255
 32632	54	53	82	145	153	54	0	255
 32677	54	53	82	145	153	54	0	255
 32722	54	53	82	145	153	54	0	255
 32768	54	53	82	145	153	56	0	255
 32813	54	53	82	145	153	57	0	255
 32858	54	53	82	145	153	56	0	255
 32904	54	53	82	145	153	57	0	255
 32949	54	53	82	145	153	57	0	255
 32995	54	53	82	145	153	57	0	255
 33040	54	53	82	145	153	57	0	255
 33085	54	53	82	145	153	57	0	255
 33131	54	53	82	145	153	58	0	255
 33176	54	53	82	145	153	58	0	255
 33221	54	53	82	145	153	58	0	255
 33267	54	53	82	145	153	60	0	255
 33312	54	53	82	145	153	61	0	255
 33357	54	53	82	145	153	62	0	255
 33403	54	53	82	145	153	61	0	255
 33448	54	53	82	145	153	62	0	255
 33493	54	53	82	145	153	64	0	255
 33539	54	53	82	145	153	64	0	255
 33584	54	53	82	145	153	65	0	255
 33629	54	53	82	145	153	65	0	255
 33675	54	53	82	145	153	66	0	255
 33720	54	53	82	145	153	67	0	255
 33766	54	53	82	145	153	67	0	255
 33811	54	53	82	145	153	68	0	255
 33856	54	53	82	145	153	68	0	255
 33902	54	53	82	145	153	70	0	255
 33947	54	53	82	145	153	70	0	255
 33992	54	53	82	145	153	72	0	255
 34038	54	53	82	145	153	72	0	255
 34083	54	53	82	145	153	72	0	255
 34128	54	53	82	145	153	75	0	255
 34174	54	53	82	145	153	78	0	255
 34219	54	53	82	145	153	78	0	255
 34264	54	53	82	145	153	78	0	255
 34310	54	53	82	145	153	79	0	255
 34355	54	53	82	145	153	79	0	255
 34400	54	53	82	145	153	80	0	255
 34446	54	53	82	145	153	82	0	255
 34491	54	53	81	145	153	82	0	255
 34536	54	53	82	145	153	83	0	255
 34582	54	53	82	145	153	83	0	255
 34627	54	53	81	145	153	84	0	255
 34673	54	53	82	145	153	85	0	255
 34718	54	53	81	145	153	85	0	255
 34763	54	53	81	145	153	88	0	255
 34809	54	53	81	145	153	88	0	255
 34854	54	53	81	145	153	88	0	255
 34899	54	53	81	145	153	89	0	255
 34945	54	53	81	145	153	92	0	255
 34990	54	53	81	145	153	90	0	255
 35035	54	53	81	145	153	93	0	255
 35081	54	53	81	145	153	90	0	255
 35126	54	53	81	145	152	93	0	255
 35171	54	53	81	145	153	94	0	255
 35217	54	53	81	145	152	93	0	255
 35262	54	53	81	145	152	93	0	255
 35307	54	53	81	145	152	93	0	255
 35353	54	53	81	145	152	93	0	255
 35398	54	53	81	145	152	94	0	255
 35444	54	53	81	145	152	93	0	255
 35490	54	53	81	145	152	93	0	255
 35535	54	53	81	145	152	93	0	255
 35580	53	53	81	145	152	93	0	255
 35625	54	53	81	145	152	93	0	255
 35670	54	53	81	145	152	93	0	255
 35716	53	53	81	145	152	93	0	255
 35761	54	53	81	145	152	93	0	255
 35806	53	53	81	145	152	93	0	255
 35852	53	53	81	145	152	92	0	255
 35897	53	53	81	145	152	93	0	255
 35942	53	53	81	145	152	93	0	255
 35988	53	53	81	145	152	93	0	255
 36033	54	53	81	145	152	93	0	255
 36078	53	53	81	145	152	93	0	255
 36124	53	53	81	145	152	93	0	255
 36169	53	53	81	145	152	94	0	255
 36215	53	53	81	145	152	94	0	255
 36260	53	53	81	145	152	94	0	255
 36305	53	53	81	145	152	96	0	255
 36351	53	53	81	145	152	97	0	255
 36396	53	53	81	145	152	97	0	255
 36441	53	53	81	145	152	100	0	255
 36487	53	53	81	145	152	100	0	255
 36532	53	53	81	145	152	100	0	255
 36577	53	53	81	145	152	101	0	255
 36623	53	53	81	145	152	104	0	255
 36668	53	53	81	145	152	106	0	255
 36713	53	53	81	145	152	109	0	255
 36759	53	52	81	145	152	110	0	255
 36804	53	52	81	145	152	112	0	255
 36849	53	52	81	145	152	114	0	255
 36895	53	52	81	145	152	118	0	255
 36940	53	52	81	145	152	119	0	255
 36985	53	52	81	145	152	122	0	255
 37031	54	52	81	145	152	123	0	255
 37076	53	51	81	145	152	127	0	255
 37122	53	51	81	145	152	128	0	255
 37167	53	51	81	145	152	131	0	255
 37212	53	51	81	145	152	132	0	255
 37258	53	51	81	145	152	131	0	255
 37303	53	51	81	145	152	131	0	255
 37348	53	51	81	145	152	131	0	255
 37394	53	51	81	145	152	130	0	255
 37439	53	51	81	145	152	130	0	255
 37484	53	51	81	145	152	131	0	255
 37530	53	52	81	145	152	130	0	255
 37575	53	52	81	145	152	131	0	255
 37620	53	52	81	145	152	134	0	255
 37666	53	52	81	145	152	136	0	255
 37711	53	52	81	145	152	138	0	255
 37756	53	52	81	145	152	141	0	255
 37802	53	51	81	145	152	141	0	255
 37847	53	51	81	145	152	144	0	255
 37893	53	51	81	145	152	145	0	255
 37938	53	51	81	145	152	145	0	255
 37983	53	51	81	145	152	146	0	255
 38029	53	51	81	145	152	150	0	255
 38074	53	51	81	145	152	150	8	255
 38119	54	61	81	145	152	161	8	255
 38165	79	81	81	145	152	170	8	255
 38210	100	94	81	145	152	176	8	255
 38255	114	101	81	145	152	161	8	255
 38301	119	106	81	145	152	162	8	255
 38346	124	108	81	145	152	171	8	255
 38391	129	110	81	145	152	171	8	255
 38437	131	112	81	145	152	154	8	255
 38482	128	112	81	145	152	136	0	255
 38527	123	112	81	145	152	132	0	255
 38573	120	111	81	145	152	134	0	255
 38618	118	110	81	145	152	136	0	255
 38663	115	109	81	145	152	136	0	255
 38709	114	108	81	145	152	137	0	255
 38754	112	107	81	145	152	137	0	255
 38800	111	105	81	145	152	138	0	255
 38845	109	104	81	145	152	138	0	255
 38890	108	104	81	145	152	142	0	255
 38936	106	103	81	145	152	144	0	255
 38981	105	103	81	145	152	148	0	255
 39026	104	102	81	145	152	150	0	255
 39072	102	101	81	145	152	150	8	255
 39117	102	99	81	145	152	152	8	255
 39162	110	104	81	145	152	155	8	255
 39208	116	108	81	145	152	155	8	255
 39253	121	111	81	145	152	151	8	255
 39298	122	113	81	145	152	154	8	255
 39344	124	114	81	145	152	158	8	255
 39389	127	114	81	145	152	158	8	255
 39434	128	115	81	145	152	152	8	255
 39480	127	115	81	145	152	146	8	255
 39525	124	115	81	145	152	145	0	255
 39571	122	114	81	145	152	146	0	255
 39616	120	113	81	145	152	150	0	255
 39661	118	112	81	145	152	150	0	255
 39707	117	109	81	145	152	152	8	255
 39752	120	111	81	145	152	154	8	255
 39797	123	113	82	145	152	155	8	255
 39843	125	114	82	145	152	154	8	255
 39888	126	115	82	145	152	152	8	255
 39934	126	116	82	145	152	152	8	255
 39979	126	116	82	145	151	152	8	255
 40024	126	116	82	145	152	150	8	255
 40069	125	116	82	145	152	144	0	255
 40115	124	116	82	145	152	145	0	255
 40160	122	115	82	145	151	150	0	255
 40205	121	113	82	145	151	155	8	255
 40251	123	113	82	145	151	160	8	255
 40296	126	115	82	145	151	164	8	255
 40342	130	116	82	145	151	166	8	255
 40387	132	117	82	145	151	168	8	255
 40432	134	117	82	145	151	174	8	255
 40478	137	118	82	145	151	178	8	255
 40523	140	118	82	145	151	177	8	255
 40568	142	118	82	145	151	176	8	255
 40614	142	118	82	145	151	172	8	255
 40659	142	118	82	145	151	170	8	255
 40704	141	118	82	145	151	166	8	255
 40750	140	118	82	145	151	168	8	255
 40795	139	118	82	145	151	170	8	255
 40840	139	119	82	145	151	168	8	255
 40886	139	119	82	145	151	171	8	255
 40931	140	119	82	145	151	172	8	255
 40976	140	119	82	145	151	172	8	255
 41022	141	119	83	146	151	176	8	255
 41067	142	119	83	146	151	176	8	255
 41112	143	120	83	146	151	178	8	255
 41158	144	120	83	146	151	180	8	255
 41203	145	120	83	146	151	180	8	255
 41249	146	120	83	146	151	182	8	255
 41294	147	120	83	146	151	183	8	255
 41339	148	120	83	146	151	183	8	255
 41385	148	120	83	146	151	183	8	255
 41431	149	120	83	146	151	183	8	255
 41475	149	121	83	146	151	183	8	255
 41521	150	121	83	146	151	184	8	255
 41566	150	121	83	146	151	186	8	255
 41611	151	121	83	147	151	186	8	255
 41657	151	121	83	147	151	188	8	255
 41702	152	121	83	147	151	188	8	255
 41747	152	121	83	147	151	189	8	255
 41793	153	121	83	147	151	189	8	255
 41838	153	121	83	147	151	190	8	255
 41883	153	121	83	147	151	189	8	255
 41929	154	122	83	147	151	189	8	255
 41974	154	122	84	147	151	190	8	255
 42020	154	122	84	147	151	189	8	255
 42065	155	122	84	147	151	189	8	255
 42110	155	122	84	148	151	190	8	255
 42156	155	122	84	148	151	192	8	255
 42201	155	122	84	148	151	194	8	255
 42246	156	122	84	148	151	192	8	255
 42292	156	122	84	148	151	190	8	255
 42337	156	122	84	148	151	194	8	255
 42382	156	123	84	148	151	192	8	255
 42428	156	123	84	148	151	194	8	255
 42473	156	123	84	148	152	194	8	255
 42518	157	123	84	149	152	194	8	255
 42564	157	123	84	149	152	194	8	255
 42609	157	123	84	149	152	195	8	255
 42654	158	123	84	149	152	195	8	255
 42700	158	123	84	149	152	194	8	255
 42745	158	123	84	149	152	196	8	255
 42790	159	123	84	149	152	196	8	255
 42836	159	123	84	149	152	196	8	255
 42881	159	124	84	149	152	198	8	255
 42927	159	124	84	149	152	198	8	255
 42972	160	124	84	149	152	198	8	255
 43017	160	124	84	149	152	198	8	255
 43063	161	124	85	150	153	198	8	255
 43108	161	124	85	150	153	201	8	255
 43153	161	124	85	150	153	201	8	255
 43199	162	124	85	150	153	202	8	255
 43244	162	124	85	150	153	201	8	255
 43289	163	124	85	150	153	201	8	255
 43335	163	124	85	150	153	195	8	255
 43380	161	124	85	150	153	189	8	255
 43425	158	123	85	150	153	182	8	255
 43471	155	122	85	150	153	177	8	255
 43516	151	121	85	150	153	171	8	255
 43561	147	121	85	151	153	165	8	255
 43607	143	121	85	151	153	160	8	255
 43652	139	123	85	151	153	155	8	255
 43697	136	123	85	151	153	154	0	255
 43743	133	123	85	151	153	155	0	255
 43788	131	122	85	151	153	160	8	255
 43834	130	118	85	151	153	162	8	255
 43879	132	120	85	151	153	164	8	255
 43924	134	122	85	151	153	164	8	255
 43970	134	123	85	151	153	162	8	255
 44015	134	124	85	151	153	161	8	255
 44060	134	125	86	151	153	162	8	255
 44106	134	125	86	151	153	164	8	255
 44151	135	125	86	151	153	160	8	255
 44196	134	125	86	151	153	154	8	255
 44242	132	125	86	151	153	152	0	255
 44287	130	123	86	151	153	152	0	255
 44332	128	122	86	151	153	151	0	255
 44378	126	121	86	151	153	152	0	255
 44423	124	119	86	151	153	151	0	255
 44468	123	118	86	151	153	151	0	255
 44514	121	116	86	151	153	151	0	255
 44560	119	115	86	151	153	150	0	255
 44605	118	113	86	151	153	148	0	255
 44650	116	112	86	151	153	148	0	255
 44695	115	110	86	151	153	148	0	255
 44741	113	109	86	151	153	148	0	255
 44786	112	108	86	150	153	148	0	255
 44831	110	107	86	151	153	148	0	255
 44877	109	105	86	150	153	148	0	255
 44922	107	104	86	151	153	148	0	255
 44967	106	103	86	150	153	146	0	255
 45013	105	102	86	150	153	146	0	255
 45058	103	101	86	150	153	148	0	255
 45103	102	100	86	150	153	148	0	255
 45149	101	100	86	150	153	150	0	255
 45194	100	99	86	150	153	151	0	255
 45239	99	99	86	150	153	151	0	255
 45285	97	98	86	150	153	152	0	255
 45330	96	98	86	150	153	152	0	255
 45375	95	97	86	150	153	154	0	255
 45421	94	96	86	150	153	154	0	255
 45466	93	96	86	150	153	154	0	255
 45512	92	94	86	150	153	152	0	255
 45557	91	93	86	150	153	152	0	255
 45602	90	92	86	150	153	151	0	255
 45648	90	90	86	150	153	151	0	255
 45693	89	89	86	150	153	151	0	255
 45738	88	88	86	150	153	150	0	255
 45784	87	90	86	150	153	158	0	255
 45829	89	90	86	150	153	172	8	255
 45874	106	101	86	150	153	189	8	255
 45920	123	111	86	150	153	194	8	255
 45965	134	116	86	150	153	183	8	255
 46010	139	119	86	150	153	177	8	255
 46056	141	120	86	150	153	182	8	255
 46101	143	121	86	150	153	184	8	255
 46146	146	122	86	150	153	182	8	255
 46192	145	123	86	150	153	172	8	255
 46237	143	122	86	151	154	170	8	255
 46283	142	123	86	151	154	176	8	255
 46328	143	124	86	151	154	184	8	255
 46373	146	124	86	151	154	194	8	255
 46419	151	125	86	151	154	202	8	255
 46464	156	125	86	151	154	208	8	255
 46509	161	125	86	151	154	213	8	255
 46556	164	126	86	151	154	213	8	255
 46600	167	126	86	151	154	212	8	255
 46645	168	126	86	151	154	207	8	255
 46691	167	125	86	151	154	204	8	255
 46736	166	125	86	151	154	200	8	255
 46781	165	125	87	151	154	198	8	255
 46827	163	125	87	152	154	192	8	255
 46872	160	124	87	152	155	183	8	255
 46917	156	123	87	152	155	180	8	255
 46963	153	123	87	152	155	177	8	255
 47008	150	123	87	152	155	174	8	255
 47054	147	123	87	152	155	170	8	255
 47099	144	123	87	152	155	165	8	255
 47144	141	124	87	152	155	165	8	255
 47190	140	125	87	152	155	164	8	255
 47235	139	126	87	152	155	164	8	255
 47280	137	126	87	152	155	158	8	255
 47326	135	126	87	152	155	156	8	255
 47371	134	126	87	152	155	156	8	255
 47416	133	126	87	152	155	158	8	255
 47462	133	126	87	152	155	161	8	255
 47507	134	127	87	152	155	170	8	255
 47552	137	126	87	152	155	178	8	255
 47598	141	127	87	152	155	183	8	255
 47643	144	127	87	152	155	189	8	255
 47688	148	127	87	152	155	195	8	255
 47734	152	127	87	152	155	204	8	255
 47779	157	128	87	152	155	204	8	255
 47824	160	128	87	152	155	202	8	255
 47870	161	128	87	152	155	196	8	255
 47915	160	127	88	152	155	194	8	255
 47961	159	127	88	152	155	195	8	255
 48006	159	127	88	153	155	195	8	255
 48051	159	128	88	153	155	194	8	255
 48097	158	128	88	153	155	192	8	255
 48142	158	128	88	153	156	190	8	255
 48187	158	128	88	153	156	194	8	255
 48233	158	128	88	153	156	195	8	255
 48278	159	128	88	153	156	196	8	255
 48323	159	128	88	153	156	194	8	255
 48369	159	128	88	153	156	194	8	255
 48414	158	128	88	153	156	192	8	255
 48459	158	128	88	153	156	190	8	255
 48505	157	128	88	153	156	189	8	255
 48550	157	128	88	153	156	190	8	255
 48595	156	128	88	153	156	188	8	255
 48641	156	128	88	153	156	190	8	255
 48686	156	129	88	154	156	194	8	255
 48732	157	129	88	154	156	200	8	255
 48777	159	129	88	154	156	201	8	255
 48822	161	129	88	154	157	204	8	255
 48868	162	129	88	154	157	202	8	255
 48913	163	129	88	154	157	202	8	255
 48958	164	129	88	154	157	207	8	255
 49004	165	129	89	154	157	207	8	255
 49049	166	129	89	154	157	210	8	255
 49094	167	129	89	154	157	210	8	255
 49140	168	130	89	154	157	212	8	255
 49185	169	130	89	154	157	212	8	255
 49231	170	130	89	154	157	214	8	255
 49276	171	130	89	154	157	216	8	255
 49321	172	130	89	154	157	214	8	255
 49366	173	130	89	154	157	214	8	255
 49412	173	130	89	154	157	213	8	255
 49458	173	130	89	154	157	218	8	255
 49503	174	131	89	154	157	216	8	255
 49548	174	131	89	154	157	218	8	255
 49593	174	131	89	154	157	216	8	255
 49639	174	131	89	154	157	213	8	255
 49684	174	131	89	154	157	213	8	255
 49729	173	131	89	154	157	210	8	255
 49775	172	131	89	154	157	208	8	255
 49820	171	131	89	154	157	208	8	255
 49865	170	131	89	154	157	204	8	255
 49911	168	131	89	154	157	204	8	255
 49956	167	131	89	154	157	202	8	255
 50001	166	132	89	154	157	200	8	255
 50047	164	131	89	154	157	194	8	255
 50092	162	131	90	154	157	189	8	255
 50137	159	130	90	154	157	186	8	255
 50183	157	130	90	154	157	183	8	255
 50228	154	130	90	154	157	182	8	255
 50274	153	131	90	154	157	186	8	255
 50319	153	132	90	154	157	190	8	255
 50364	156	132	90	154	157	200	8	255
 50410	159	132	90	154	157	207	8	255
 50455	163	133	90	154	157	214	8	255
 50500	167	133	90	154	157	224	8	255
 50546	173	133	90	154	157	230	8	255
 50591	177	133	90	154	157	236	8	255
 50636	180	133	90	154	157	236	8	255
 50682	182	133	90	154	157	234	8	255
 50727	183	133	90	154	157	232	8	255
 50772	183	133	90	154	157	230	8	255
 50818	183	133	90	154	157	224	8	255
 50863	181	133	90	154	157	221	8	255
 50908	179	132	90	154	157	214	8	255
 50954	177	132	90	154	157	210	8	255
 50999	175	133	90	154	157	210	8	255
 51044	172	133	90	154	157	207	8	255
 51090	171	133	90	154	157	207	8	255
 51135	170	134	90	154	157	210	8	255
 51182	170	134	91	154	157	207	8	255
 51226	169	135	91	154	157	207	8	255
 51271	169	135	91	154	157	207	8	255
 51317	168	135	91	154	157	207	8	255
 51362	169	135	91	153	157	214	8	255
 51407	171	135	91	153	157	220	8	255
 51453	173	135	91	153	157	221	8	255
 51498	175	136	91	153	157	226	8	255
 51543	177	136	91	153	157	228	8	255
 51589	179	136	91	153	157	232	8	255
 51634	181	136	91	153	157	234	8	255
 51679	183	136	91	153	157	234	8	255
 51725	184	136	91	154	157	236	8	255
 51770	185	136	91	154	157	240	8	255
 51815	187	137	91	154	157	242	8	255
 51861	188	137	91	154	157	242	8	255
 51906	189	137	91	154	157	242	8	255
 51951	190	137	91	154	157	242	8	255
 51997	190	137	92	154	157	236	8	255
 52042	189	137	92	155	157	236	8	255
 52088	188	137	92	155	157	235	8	255
 52133	187	136	92	155	157	230	8	255
 52178	185	136	92	155	157	227	8	255
 52224	184	136	92	155	157	224	8	255
 52269	182	136	92	155	157	224	8	255
 52314	181	137	92	155	157	221	8	255
 52360	180	137	92	155	157	221	8	255
 52405	179	138	92	155	157	222	8	255
 52450	179	138	92	155	157	227	8	255
 52496	180	138	92	155	157	226	8	255
 52541	181	138	92	155	157	227	8	255
 52586	181	139	92	155	158	230	8	255
 52632	182	139	92	156	158	228	8	255
 52677	183	139	92	156	158	234	8	255
 52722	185	139	92	156	158	238	8	255
 52768	186	139	93	156	158	238	8	255
 52813	187	139	93	156	158	238	8	255
 52859	187	139	93	156	158	236	8	255
 52904	187	139	93	156	158	235	8	255
 52949	187	139	93	156	158	232	8	255
 52995	187	140	93	156	158	230	8	255
 53040	186	140	93	156	158	232	8	255
 53085	186	140	93	156	158	230	8	255
 53131	185	140	93	156	158	228	8	255
 53176	184	140	93	157	159	228	8	255
 53221	183	140	93	157	159	228	8	255
 53267	183	140	93	157	159	228	8	255
 53312	183	141	93	157	159	232	8	255
 53357	184	141	93	157	159	234	8	255
 53403	185	141	93	157	159	236	8	255
 53448	186	141	93	157	159	235	8	255
 53493	187	141	94	157	159	236	8	255
 53539	188	141	94	157	159	240	8	255
 53584	189	141	94	157	159	240	8	255
 53629	190	141	94	157	159	243	8	255
 53675	190	141	94	157	159	240	8	255
 53720	190	142	94	158	160	240	8	255
 53765	190	142	94	158	160	242	8	255
 53811	190	142	94	158	160	238	8	255
 53856	190	142	94	158	160	238	8	255
 53902	190	142	94	158	160	235	8	255
 53947	189	142	94	158	160	234	8	255
 53992	187	141	94	158	160	228	8	255
 54039	185	140	94	158	160	224	8	255
 54083	183	140	94	158	160	222	8	255
 54128	182	140	94	158	160	221	8	255
 54174	180	141	94	159	160	218	8	255
 54220	179	141	95	159	160	218	8	255
 54264	177	141	95	159	161	214	8	255
 54310	176	141	95	159	161	213	8	255
 54355	175	142	95	159	161	213	8	255
 54400	174	143	95	159	161	213	8	255
 54446	174	143	95	159	161	213	8	255
 54491	173	143	95	159	161	212	8	255
 54538	173	143	95	159	161	213	8	255
 54717	171	143	95	159	161	208	8	255
 54763	171	143	95	159	161	210	8	255
 54865	170	144	95	159	161	210	8	255
 54910	170	144	96	160	161	207	8	255
 54955	169	144	96	160	161	202	8	255
 55001	168	143	96	160	161	200	8	255
 55047	166	142	96	160	161	196	8	255
 55091	164	142	96	160	161	192	8	255
 55137	162	141	96	160	161	188	8	255
 55182	159	141	96	160	161	184	8	255
 55317	152	141	96	160	161	178	8	255
 55363	151	141	96	159	162	178	8	255
 55408	150	142	96	159	162	178	8	255
 55453	149	142	96	159	162	178	8	255
 55499	149	143	97	159	162	178	8	255
 55544	148	143	97	159	162	177	8	255
 55589	148	144	97	159	162	177	8	255
 55635	148	144	97	159	162	178	8	255
 55680	149	144	97	159	162	182	8	255
 55725	149	144	97	159	162	180	8	255
 55771	149	144	97	159	162	182	8	255
 55816	149	144	97	159	162	182	8	255
 55862	150	144	97	159	162	184	8	255
 55907	151	144	97	159	162	186	8	255
 55952	152	144	97	159	162	189	8	255
 55998	153	144	97	159	162	189	8	255
 56043	154	144	97	159	162	189	8	255
 56088	155	145	97	159	162	192	8	255
 56134	156	145	97	159	162	195	8	255
 56179	157	145	97	160	162	198	8	255
 56224	159	145	97	160	162	200	8	255
 56270	161	145	97	160	162	204	8	255
 56315	163	145	97	160	162	207	8	255
 56360	165	145	98	160	162	210	8	255
 56406	168	145	98	160	162	216	8	255
 56451	170	145	98	160	162	220	8	255
 56496	172	145	98	160	162	220	8	255
 56542	174	145	98	160	162	221	8	255
 56587	176	145	98	160	162	227	8	255
 56632	178	145	98	160	162	224	8	255
 56678	179	146	98	160	162	222	8	255
 56723	179	146	98	160	162	221	8	255
 56768	178	145	98	160	162	221	8	255
 56814	178	145	98	160	162	218	8	255
 56859	177	145	98	160	162	213	8	255
 56905	175	145	98	160	162	210	8	255
 56950	173	145	98	160	163	208	8	255
 56995	172	144	98	160	163	210	8	255
 57041	172	145	98	160	163	213	8	255
 57086	172	145	98	161	163	213	8	255
 57131	173	146	98	161	163	213	8	255
 57177	173	146	98	161	163	216	8	255
 57222	174	146	98	161	163	220	8	255
 57267	175	146	98	161	163	220	8	255
 57313	176	146	98	161	163	221	8	255
 57358	176	146	98	161	163	220	8	255
 57403	177	146	99	161	163	221	8	255
 57449	177	146	99	161	163	222	8	255
 57495	178	146	99	161	163	221	8	255
 57539	178	146	99	161	163	222	8	255
 57585	178	146	99	161	163	224	8	255
 57630	179	146	99	161	163	220	8	255
 57676	179	146	99	161	163	224	8	255
 57721	179	146	99	161	163	221	8	255
 57766	179	146	99	161	163	222	8	255
 57812	179	146	99	161	164	224	8	255
 57857	180	146	99	161	164	224	8	255
 57902	180	147	99	162	164	226	8	255
 57948	180	147	99	162	164	224	8	255
 57993	180	147	99	162	164	226	8	255
 58038	180	147	99	162	164	226	8	255
 58084	180	147	99	162	164	222	8	255
 58129	180	147	99	162	164	222	8	255
 58174	180	147	99	162	164	224	8	255
 58220	180	147	99	162	164	224	8	255
 58265	180	147	100	162	164	224	8	255
 58310	180	147	100	162	164	222	8	255
 58356	180	147	100	162	164	218	8	255
 58401	178	145	100	162	164	213	8	255
 58446	176	145	100	162	164	212	8	255
 58494	174	146	100	162	164	208	8	255
 58537	173	146	100	162	164	208	8	255
 58583	171	145	100	162	164	204	8	255
 58628	169	145	100	162	165	202	8	255
 58673	169	146	100	162	165	207	8	255
 58719	169	146	100	163	165	210	8	255
 58764	170	147	100	162	165	212	8	255
 58809	171	147	100	163	165	213	8	255
 58855	171	148	100	163	165	213	8	255
 58900	172	148	100	163	165	212	8	255
 58945	172	148	100	163	165	214	8	255
 58991	173	148	100	163	165	214	8	255
 59036	173	148	100	163	165	213	8	255
 59081	174	148	100	163	165	216	8	255
 59127	174	148	100	163	165	213	8	255
 59172	174	148	100	163	165	216	8	255
 59217	175	148	100	163	165	216	8	255
 59263	175	148	101	163	165	218	8	255
 59308	176	148	101	163	165	214	8	255
 59353	175	148	101	163	165	213	8	255
 59399	174	148	101	163	165	210	8	255
 59444	172	146	101	163	165	206	8	255
 59490	171	145	101	163	165	206	8	255
 59535	169	146	101	163	165	206	8	255
 59580	169	147	101	163	165	207	8	255
 59626	169	148	101	163	166	207	8	255
 59671	169	148	101	163	166	208	8	255
 59716	169	148	101	163	166	208	8	255
 59762	170	148	101	163	166	213	8	255
 59807	171	148	101	163	166	216	8	255
 59852	172	148	101	164	166	214	8	255
 59898	173	148	101	164	166	214	8	255
 59943	173	148	101	164	166	214	8	255
 59988	174	148	101	164	166	214	8	255
 60034	174	148	101	164	166	216	8	255
 60079	174	148	101	164	166	214	8	255
 60129	174	148	101	164	166	213	0	255
 60175	173	148	101	164	166	214	0	255
 60220	172	146	101	164	166	214	0	255
 60296	168	144	101	164	166	220	0	255
 60341	166	143	101	164	166	221	0	255
 60387	164	142	101	164	166	227	0	255
 60436	163	140	101	164	166	240	0	255
 60516	172	138	101	164	166	244	0	255
 60561	177	137	101	164	166	246	0	255
 60606	183	136	101	164	166	250	0	255
 60652	187	135	101	164	166	250	0	255
 60697	191	134	101	164	166	250	0	255
 60742	193	134	101	164	166	248	0	255
 60788	194	133	101	164	166	246	0	255
 60833	194	133	101	164	166	246	0	255
 60878	194	132	101	164	166	244	0	255
 60924	195	132	101	164	166	248	0	255
 60969	195	132	101	164	166	246	0	255
 61015	196	132	101	164	166	251	0	255
 61060	197	134	101	164	166	251	0	255
 61105	198	135	101	164	166	252	0	255
 61151	198	137	101	164	166	250	0	255
 61196	198	139	101	164	166	250	0	255
 61241	198	141	101	164	166	248	0	255
 61287	199	144	101	164	166	250	0	255
 61332	199	146	101	164	166	250	0	255
 61377	199	148	101	164	166	248	0	255
 61423	198	149	101	164	166	250	0	255
 61468	197	151	101	164	166	248	0	255
 61513	197	153	101	164	166	250	0	255
 61559	196	154	101	164	166	250	0	255
 61604	195	156	101	164	166	246	0	255
 61649	195	157	101	164	167	246	0	255
 61695	194	158	101	164	166	248	0	255
 61740	193	160	101	164	166	248	0	255
 61786	193	160	101	164	166	246	0	255
 61831	192	165	101	164	166	248	0	255
 61876	191	182	101	164	166	246	0	255
 61922	191	190	101	164	167	246	0	255
 61967	190	193	101	164	167	244	0	255
 62012	188	194	101	164	166	244	0	255
 62058	187	193	101	164	166	244	0	255
 62103	185	192	101	164	167	242	0	255
 62148	184	191	101	164	166	238	0	255
 62194	183	189	101	164	166	242	0	255
 62239	182	188	101	164	166	240	0	255
 62284	181	187	101	164	166	238	0	255
 62330	180	186	101	164	166	235	0	255
 62375	178	184	101	164	166	235	0	255
 62420	176	183	101	164	166	234	0	255
 62466	175	179	101	164	166	232	0	255
 62511	173	172	101	164	166	228	0	255
 62557	171	165	101	164	166	230	0	255
 62602	169	158	101	164	166	227	0	255
 62647	167	151	101	164	166	227	0	255
 62693	165	145	100	164	166	226	0	255
 62738	163	140	100	164	166	226	0	255
 62783	160	135	100	164	166	226	0	255
 62829	157	130	100	164	166	224	0	255
 62875	154	126	100	164	166	226	0	255
 62919	151	122	100	164	166	226	0	255
 62965	148	118	100	164	166	224	0	255
 63010	146	115	100	164	166	222	0	255
 63055	143	112	99	164	166	224	0	255
 63101	141	109	99	164	166	222	0	255
 63146	138	106	99	164	166	221	0	255
 63191	136	104	99	164	166	221	0	255
 63237	134	102	99	164	166	221	0	255
 63282	132	104	99	164	166	220	0	255
 63327	130	105	99	164	166	218	0	255
 63373	128	106	99	164	166	216	0	255
 63418	126	107	99	164	166	216	0	255
 63464	124	109	99	164	166	214	0	255
 63509	123	110	99	164	166	213	0	255
 63555	121	110	99	164	166	212	0	255
 63600	119	110	99	164	166	210	0	255
 63645	117	110	99	164	166	207	0	255
 63690	116	110	99	164	166	206	0	255
 63736	114	109	99	164	166	204	0	255
 63781	113	109	99	164	166	202	0	255
 63826	111	108	99	164	166	201	0	255
 63872	110	108	99	164	166	201	0	255
 63917	108	107	99	164	166	200	0	255
 63962	107	106	99	164	166	198	0	255
 64008	106	106	99	164	166	196	0	255
 64053	104	106	99	164	166	195	0	255
 64098	103	121	99	164	166	198	0	255
 64144	102	127	99	164	166	198	0	255
 64189	101	129	98	164	166	196	0	255
 64235	100	129	98	164	166	195	0	255
 64280	99	128	98	164	166	195	0	255
 64325	98	126	98	164	166	190	0	255
 64371	97	125	98	164	166	190	0	255
 64416	96	125	98	164	166	189	0	255
 64461	95	126	98	164	166	188	0	255
 64507	94	126	98	164	166	186	0	255
 64552	94	126	98	164	166	183	0	255
 64597	93	126	98	164	166	182	0	255
 64643	92	126	98	164	166	180	0	255
 64688	92	126	97	164	166	180	0	255
 64733	91	127	97	164	166	180	0	255
 64779	90	128	97	164	166	178	0	255
 64824	90	128	97	164	166	178	0	255
 64869	89	128	97	164	166	178	0	255
 64915	89	127	97	164	166	176	0	255
 64960	88	127	97	164	166	174	0	255
 65006	88	127	97	164	166	177	0	255
 65051	87	127	97	164	166	174	0	255
 65096	87	127	97	164	166	172	0	255
 65142	86	126	96	164	166	171	0	255
 65187	86	125	96	164	166	170	0	255
 65232	86	125	96	164	166	170	0	255
 65278	85	126	96	164	166	168	0	255
 65323	85	126	96	164	166	166	0	255
 65368	85	126	96	164	166	164	0	255
 65414	84	126	96	163	166	164	0	255
 65459	84	127	96	163	166	162	8	255
 65504	84	101	96	163	166	161	8	255
 65550	84	90	96	163	166	160	8	255
 65595	83	85	96	163	166	158	8	255
 65640	83	83	96	163	166	177	0	255
 65686	82	82	96	163	166	189	0	255
 65731	81	81	96	163	166	192	0	255
 65776	80	80	96	163	166	189	0	255
 65822	79	79	96	163	166	188	0	255
 65867	79	79	96	163	166	183	0	255
 65913	78	78	96	163	166	182	0	255
 65958	78	78	96	163	166	177	0	255
 66003	77	78	96	163	166	176	0	255
 66049	76	77	96	163	166	174	0	255
 66094	76	77	96	163	166	171	0	255
 66139	75	77	96	163	166	170	0	255
 66185	75	76	96	163	166	168	0	255
 66230	75	76	96	163	166	165	0	255
 66275	74	76	96	163	166	165	0	255
 66321	74	76	96	163	166	162	8	255
 66366	82	91	96	163	166	172	8	255
 66411	102	105	96	163	166	177	0	255
 66457	115	110	96	163	166	174	0	255
 66502	122	112	96	163	166	172	0	255
 66547	126	113	96	163	166	170	0	255
 66593	128	113	96	163	166	166	0	255
 66638	128	112	96	163	166	164	0	255
 66684	128	111	96	163	166	164	8	255
 66729	130	121	96	163	166	170	8	255
 66774	134	129	96	163	166	166	8	255
 66820	135	133	96	163	166	156	8	255
 66865	132	133	96	163	166	148	8	255
 66910	129	134	96	163	166	141	8	255
 66956	125	135	96	163	166	131	8	255
 67001	119	135	96	163	166	124	8	255
 67046	115	136	96	163	166	127	8	255
 67092	113	138	96	163	166	132	8	255
 67137	114	139	96	163	166	142	8	255
 67182	117	140	96	162	166	146	8	255
 67228	120	141	96	162	166	146	8	255
 67273	122	141	96	162	166	146	8	255
 67319	123	141	96	162	166	145	8	255
 67364	123	142	97	162	166	146	8	255
 67409	124	142	97	162	166	148	8	255
 67455	124	142	97	162	166	146	8	255
 67500	125	142	97	162	166	150	8	255
 67545	126	142	97	162	166	150	8	255
 67591	126	142	97	162	166	151	8	255
 67636	127	142	97	162	166	151	8	255
 67681	127	143	97	162	166	150	8	255
 67727	127	143	97	162	166	150	8	255
 67772	127	143	97	161	166	150	8	255
 67817	127	143	97	161	166	150	8	255
 67863	127	143	97	161	166	150	8	255
 67908	127	143	97	161	166	151	8	255
 67953	127	143	97	161	166	148	8	255
 67999	127	143	97	161	166	150	8	255
 68044	127	143	98	161	166	150	8	255
 68089	127	143	98	161	166	148	8	255
 68135	127	143	98	161	166	148	8	255
 68180	127	143	98	161	166	150	8	255
 68226	126	143	98	161	166	150	8	255
 68271	126	143	98	161	166	148	8	255
 68316	126	143	98	161	166	148	8	255
 68362	126	143	98	161	166	146	8	255
 68407	126	143	98	161	166	148	8	255
 68452	126	143	98	161	166	146	8	255
 68498	125	143	98	160	166	146	8	255
 68545	125	143	98	160	166	145	8	255
 68588	125	143	98	160	166	145	8	255
 68634	125	143	98	160	166	145	8	255
 68679	124	143	98	160	166	145	8	255
 68724	124	143	98	160	166	145	8	255
 68770	124	143	98	160	166	144	8	255
 68815	123	143	98	160	166	142	8	255
 68860	123	143	99	160	166	142	8	255
 68906	123	143	99	160	166	142	8	255
 68951	122	143	99	160	166	142	8	255
 68996	122	143	99	160	166	141	8	255
 69042	122	143	99	160	166	141	8	255
 69087	121	143	99	160	166	141	8	255
 69133	121	143	99	160	166	141	8	255
 69178	121	143	99	160	166	140	8	255
 69223	121	143	99	159	166	140	8	255
 69269	120	143	99	159	166	140	8	255
 69314	120	143	99	159	166	140	8	255
 69359	120	143	99	159	166	140	8	255
 69405	120	143	99	159	166	140	8	255
 69450	119	143	99	159	166	140	8	255
 69495	119	143	99	159	166	138	8	255
 69541	119	143	99	159	166	138	8	255
 69586	119	143	99	159	166	138	8	255
 69631	119	143	99	159	166	137	8	255
 69677	119	143	99	159	166	138	8	255
 69722	119	143	99	159	166	138	8	255
 69767	119	143	99	159	166	138	8	255
 69813	118	143	99	158	166	140	8	255
 69858	118	143	99	158	166	138	8	255
 69904	118	143	99	158	166	137	8	255
 69949	118	143	99	158	166	137	8	255
 69994	118	143	99	158	166	138	8	255
 70040	118	143	99	158	166	138	8	255
 70085	118	143	100	158	166	137	8	255
 70130	118	143	100	158	166	138	8	255
 70176	118	143	100	158	166	137	8	255
 70221	118	143	100	158	166	138	8	255
 70266	118	143	100	158	166	137	8	255
 70312	118	143	100	158	166	137	8	255
 70357	117	143	100	158	166	136	8	255
 70402	117	143	100	157	166	137	8	255
 70448	117	143	100	157	166	136	8	255
 70493	117	143	100	157	166	136	8	255
 70538	117	143	100	157	166	137	8	255
 70584	117	143	100	157	166	136	8	255
 70629	117	143	100	157	166	136	8	255
 70675	117	142	100	157	166	136	8	255
 70720	117	142	100	157	166	136	8	255
 70765	117	143	100	157	166	136	8	255
 70811	117	142	100	157	166	136	8	255
 70856	117	142	100	157	166	137	8	255
 70901	116	142	100	157	166	137	8	255
 70947	116	142	100	157	166	136	8	255
 70992	116	142	100	157	166	134	8	255
 71037	116	142	100	157	166	134	8	255
 71083	116	142	100	156	166	134	8	255
 71128	116	142	100	156	166	136	8	255
 71173	116	142	100	156	166	132	8	255
 71219	116	142	100	156	166	134	8	255
 71264	115	142	100	156	166	136	8	255
 71309	115	142	100	156	166	136	8	255
 71355	115	142	100	156	166	136	8	255
 71400	115	142	100	156	165	132	8	255
 71446	115	142	100	156	166	132	8	255
 71491	115	142	100	156	165	134	8	255
 71536	115	142	100	156	165	132	8	255
 71582	115	141	100	155	165	132	8	255
 71627	115	141	100	155	165	132	8	255
 71672	115	141	100	155	165	134	8	255
 71718	114	141	100	155	165	132	8	255
 71763	114	141	100	155	165	134	8	255
 71808	114	141	100	155	165	134	8	255
 71854	114	141	100	155	165	132	8	255
 71899	114	141	100	155	165	132	8	255
 71944	114	141	100	155	165	131	8	255
 71990	114	141	100	155	165	132	8	255
 72036	114	141	100	155	165	132	8	255
 72080	114	141	100	155	165	131	8	255
 72126	114	141	100	155	165	131	8	255
 72171	114	141	100	155	165	132	8	255
 72216	114	141	100	154	165	132	8	255
 72262	114	141	100	154	165	131	8	255
 72307	114	141	100	154	165	132	8	255
 72353	114	141	100	154	165	130	8	255
 72398	113	141	100	154	165	130	8	255
 72443	113	140	100	154	165	132	8	255
 72489	113	140	100	154	165	131	8	255
 72534	113	140	100	154	165	131	8	255
 72579	113	140	100	154	165	131	8	255
 72625	113	140	100	153	165	131	8	255
 72670	113	140	100	153	165	131	8	255
 72715	113	140	100	153	165	130	8	255
 72761	113	140	100	153	165	132	8	255
 72807	113	140	100	153	165	131	8	255
 72851	113	140	100	153	165	131	8	255
 72897	113	140	100	153	165	132	8	255
 72942	113	140	100	153	165	130	8	255
 72987	113	140	100	153	165	131	8	255
 73033	113	140	100	153	165	130	8	255
 73078	112	140	100	153	165	131	8	255
 73124	112	140	100	153	165	130	8	255
 73169	112	140	100	153	165	131	8	255
 73214	112	139	100	153	165	128	8	255
 73260	112	139	100	153	165	131	8	255
 73305	112	139	100	152	165	130	8	255
 73350	112	139	100	152	165	128	8	255
 73396	112	139	100	152	165	130	8	255
 73441	112	139	100	152	165	130	8	255
 73486	112	139	100	152	165	130	8	255
 73532	112	139	100	152	165	130	8	255
 73577	112	139	100	152	165	128	8	255
 73622	112	139	100	152	165	130	8	255
 73668	112	139	100	152	165	131	8	255
 73713	112	139	100	152	165	128	8	255
 73758	112	139	100	152	165	128	8	255
 73804	111	139	100	151	165	130	8	255
 73849	111	139	100	151	165	128	8	255
 73894	111	139	100	151	165	130	8	255
 73940	111	139	100	151	165	128	8	255
 73985	111	139	100	151	165	130	8	255
 74031	111	138	100	151	165	127	8	255
 74076	111	138	100	151	165	128	8	255
 74121	111	138	100	151	165	130	8	255
 74167	111	138	100	151	165	128	8	255
 74212	111	138	100	151	165	128	8	255
 74257	111	137	100	151	165	127	0	255
 74303	110	136	100	151	165	124	0	255
 74348	109	134	100	151	165	122	0	255
 74393	108	133	100	151	165	119	0	255
 74439	107	131	100	150	165	116	0	255
 74484	106	129	100	150	165	112	0	255
 74529	105	128	100	150	165	109	0	255
 74575	104	126	100	150	165	109	0	255
 74620	103	124	100	150	165	105	0	255
 74666	102	123	100	150	165	102	0	255
 74711	101	121	100	150	165	101	0	255
 74756	100	120	100	150	165	98	0	255
 74802	99	118	100	150	165	98	0	255
 74847	99	117	100	150	165	96	0	255
 74892	98	116	99	150	165	93	0	255
 74938	97	114	99	150	165	92	0	255
 74983	96	113	99	150	165	90	0	255
 75028	95	112	99	150	165	88	0	255
 75074	94	110	99	150	165	86	0	255
 75119	93	109	99	150	165	86	0	255
 75164	93	108	99	150	165	84	0	255
 75210	92	107	99	150	165	83	0	255
 75257	91	106	99	150	165	82	0	255
 75300	90	104	99	150	165	80	0	255
 75346	90	103	99	150	165	79	0	255
 75391	89	102	99	150	165	79	0	255
 75436	88	101	99	150	165	75	0	255
 75482	87	100	99	150	165	75	0	255
 75527	87	99	99	150	165	74	0	255
 75573	86	98	99	150	165	72	0	255
 75618	86	98	99	150	165	71	0	255
 75663	85	97	99	150	165	71	0	255
 75709	84	96	99	150	165	71	0	255
 75754	84	95	99	150	165	67	0	255
 75799	83	94	99	150	165	68	0	255
 75845	83	93	99	150	165	66	0	255
 75890	82	92	98	150	165	66	0	255
 75935	82	91	98	150	165	65	0	255
 75981	81	90	98	150	165	65	0	255
 76026	81	89	98	150	165	64	0	255
 76071	80	88	98	150	165	64	0	255
 76117	80	87	98	150	165	62	0	255
 76162	79	86	98	150	165	61	0	255
 76207	79	85	98	150	165	61	0	255
 76253	79	84	98	150	165	60	0	255
 76298	78	84	98	150	165	60	0	255
 76344	78	83	98	150	165	57	0	255
 76389	77	82	98	150	165	57	0	255
 76434	77	81	98	150	165	56	0	255
 76480	77	81	98	150	165	56	0	255
 76525	76	80	98	150	165	53	0	255
 76570	76	80	98	150	165	54	0	255
 76616	76	79	98	150	165	54	0	255
 76661	75	78	98	150	165	52	0	255
 76706	75	78	98	150	165	52	0	255
 76752	75	77	98	150	165	52	0	255
 76797	74	77	98	150	165	52	0	255
 76842	74	76	98	150	165	51	0	255
 76888	74	76	98	150	165	50	0	255
 76933	73	76	98	150	165	51	0	255
 76978	73	75	98	150	165	50	0	255
 77024	73	75	97	150	165	50	0	255
 77069	73	74	97	150	165	47	0	255
 77114	72	74	97	150	165	47	0	255
 77160	72	74	97	150	165	46	0	255
 77205	72	73	97	150	164	47	0	255
 77251	72	73	97	150	165	47	0	255
 77296	71	73	97	150	165	45	0	255
 77341	71	72	97	150	164	46	0	255
 77387	71	72	97	150	164	46	0	255
 77432	71	72	97	150	164	44	0	255
 77477	70	72	97	150	164	44	0	255
 77523	70	71	97	150	164	42	0	255
 77568	70	71	97	150	164	45	0	255
 77613	70	71	97	150	164	44	0	255
 77659	70	71	97	150	164	42	0	255
 77704	69	70	97	150	164	41	0	255
 77749	69	70	97	150	164	41	0	255
 77795	69	70	97	150	164	41	0	255
 77840	69	70	97	150	164	41	0	255
 77886	69	69	97	150	164	40	0	255
 77932	68	69	97	150	164	40	0	255
 77976	68	69	97	150	164	40	0	255
 78022	68	69	97	150	164	38	0	255
 78067	68	69	97	150	164	38	0	255
 78112	68	68	97	150	164	37	0	255
 78158	68	68	97	150	164	37	0	255
 78203	67	68	97	150	164	37	0	255
 78248	67	68	97	150	164	37	0	255
 78294	67	68	96	150	164	37	0	255
 78339	67	67	96	150	164	36	0	255
 78384	67	67	96	150	164	35	0	255
 78430	67	67	96	150	164	36	0	255
 78475	67	67	96	150	164	36	0	255
 78520	66	67	96	150	164	36	0	255
 78566	66	67	96	150	164	35	0	255
 78611	66	66	96	150	164	35	0	255
 78656	66	66	96	150	164	34	0	255
 78702	66	66	96	150	164	34	0	255
 78747	66	66	96	150	164	34	0	255
 78793	66	66	96	150	164	34	0	255
 78838	66	66	96	150	164	34	0	255
 78883	65	66	96	150	164	34	0	255
 78929	65	65	96	150	164	32	0	255
 78974	65	65	96	150	164	34	0	255
 79019	65	65	96	150	164	31	0	255
 79065	65	65	96	150	164	32	0	255
 79110	65	65	96	150	164	32	0	255
 79155	65	65	96	150	164	31	0	255
 79201	65	65	96	150	164	31	0	255
 79246	65	64	96	150	164	30	0	255
 79291	64	64	96	150	164	31	0	255
 79337	64	64	96	150	164	30	0	255
 79382	64	64	96	150	164	30	0	255
 79427	64	64	96	150	164	30	0	255
 79473	64	64	96	150	164	30	0	255
 79518	64	64	96	150	164	29	0	255
 79563	64	64	96	150	164	29	0	255
 79610	64	64	96	150	164	29	0	255
 79654	64	63	96	150	164	29	0	255
 79700	64	63	96	150	164	29	0	255
 79745	64	63	96	150	164	29	0	255
 79790	63	63	96	150	164	29	0	255
 79836	63	63	95	150	164	28	0	255
 79881	63	63	95	150	164	28	0	255
 79926	63	63	95	150	164	28	0	255
 79972	63	63	95	150	164	28	0	255
 80017	63	63	95	150	164	28	0	255
 80062	63	63	95	150	164	26	0	255
 80108	63	63	95	150	164	26	0	255
 80153	63	62	95	150	164	26	0	255
 80198	63	62	95	150	164	25	0	255
 80244	63	62	95	150	164	26	0	255
 80289	63	62	95	150	164	26	0	255
 80334	63	62	95	150	164	25	0	255
 80380	63	62	95	150	164	25	0	255
 80425	63	62	95	150	164	25	0	255
 80471	62	62	95	150	164	25	0	255
 80517	62	62	95	150	164	24	0	255
 80561	62	62	95	150	164	25	0	255
 80607	62	62	95	150	164	25	0	255
 80652	62	62	95	150	164	24	0	255
 80697	62	62	95	150	164	25	0	255
 80743	62	61	95	150	164	24	0	255
 80788	62	61	95	150	164	24	0	255
 80833	62	61	95	150	164	24	0	255
 80879	62	61	95	150	164	24	0	255
 80924	62	61	95	150	164	23	0	255
 80969	62	61	95	150	164	24	0	255
 81015	62	61	95	150	164	24	0	255
 81060	62	61	95	150	164	24	0	255
 81105	62	61	95	150	164	23	0	255
 81151	62	61	95	150	164	23	0	255
 81196	62	61	95	150	164	23	0	255
 81242	62	61	95	150	164	23	0	255
 81287	62	61	95	150	164	23	0	255
 81332	62	61	95	150	164	23	0	255
 81378	62	61	95	150	164	23	0	255
 81423	61	61	95	150	164	22	0	255
 81468	61	61	95	150	164	22	0	255
 81514	61	60	95	150	164	23	0	255
 81559	61	60	95	150	164	23	0	255
 81604	61	60	94	150	164	22	0	255
 81650	61	60	94	150	164	22	0	255
 81695	61	60	94	150	164	22	0	255
 81740	61	60	94	150	164	22	0	255
 81786	61	60	94	150	164	22	0	255
 81831	61	60	94	150	164	22	0	255
 81876	61	60	94	150	164	22	0	255
 81922	61	60	94	150	164	20	0	255
 81967	61	60	94	150	164	20	0	255
 82012	61	60	94	150	164	20	0	255
 82058	61	60	94	150	164	20	0	255
 82103	61	60	94	150	164	20	0	255
 82149	61	60	94	150	164	20	0	255
 82194	61	60	94	150	164	20	0	255
 82239	61	60	94	150	164	20	0	255
 82285	61	60	94	150	163	20	0	255
 82330	61	60	94	150	163	20	0	255
 82375	61	60	94	150	163	19	0	255
 82421	61	60	94	150	163	19	0	255
 82466	61	60	94	150	163	19	0	255
 82511	61	60	94	150	163	19	0	255
 82557	61	60	94	150	163	19	0	255
 82602	61	60	94	150	163	19	0	255
 82647	61	59	94	150	163	19	0	255
 82693	61	59	94	150	163	19	0	255
 82738	61	59	94	150	163	20	0	255
 82783	60	59	94	150	163	19	0	255
 82829	60	59	94	149	163	19	0	255
 82874	60	59	94	150	163	19	0	255
 82919	60	59	94	150	163	19	0	255
 82965	60	59	94	149	163	19	0	255
 83010	60	59	94	149	163	19	0	255
 83056	60	59	94	149	163	18	0	255
 83101	60	59	94	149	163	19	0	255
 83146	60	59	94	149	163	18	0	255
 83192	60	59	94	149	163	18	0	255
 83237	60	59	94	149	163	18	0	255
 83282	60	59	94	149	163	18	0	255
 83328	60	59	94	149	163	18	0	255
 83373	60	59	94	149	163	18	0	255
 83418	60	59	94	149	163	18	0	255
 83464	60	59	94	149	163	18	0	255
 83509	60	59	94	149	163	18	0	255
 83554	60	59	94	149	163	18	0	255
 83600	60	59	94	149	163	18	0	255
 83645	60	59	93	149	163	18	0	255
 83690	60	59	93	149	163	18	0	255
 83736	60	59	93	149	163	17	0	255
 83781	60	59	93	149	163	18	0	255
 83826	60	59	93	149	163	17	0	255
 83872	60	59	93	149	163	17	0	255
 83917	60	59	93	149	163	17	0	255
 83963	60	59	93	149	163	18	0	255
 84008	60	59	93	149	163	18	0	255
 84053	60	59	93	149	163	17	0	255
 84099	60	59	93	149	163	17	0	255
 84144	60	59	93	149	163	17	0	255
 84189	60	59	93	149	163	17	0	255
 84235	60	59	93	149	163	17	0	255
 84280	60	59	93	149	163	17	0	255
 84325	60	58	93	149	163	17	0	255
 84371	60	58	93	149	163	17	0	255
 84416	60	58	93	149	163	17	0	255
 84461	60	58	93	149	163	17	0	255
 84507	60	58	93	149	163	17	0	255
 84552	60	58	93	149	163	17	0	255
 84597	60	58	93	149	163	16	0	255
 84643	60	58	93	149	163	17	0	255
 84688	60	58	93	149	163	17	0	255
 84733	60	58	93	149	163	17	0	255
 84779	60	58	93	149	163	16	0	255
 84824	60	58	93	149	163	17	0	255
 84870	60	58	93	149	163	17	0	255
 84915	60	58	93	149	163	16	0	255
 84960	60	58	93	149	163	16	0	255
 85006	59	58	93	149	163	16	0	255
 85051	60	58	93	149	163	17	0	255
 85096	59	58	93	149	163	16	0	255
 85142	60	58	93	149	163	16	0	255
 85188	59	58	93	149	163	16	0	255
 85232	59	58	93	149	163	14	0	255
 85278	59	58	93	149	163	16	0	255
 85323	59	58	93	149	163	16	0	255
 85368	59	58	93	149	163	16	0	255
 85414	59	58	93	149	163	16	0	255
 85459	59	58	93	149	163	16	0	255
 85504	59	58	93	149	163	16	0	255
 85550	59	58	93	149	163	16	0	255
 85595	59	58	93	149	163	16	0	255
 85640	59	58	93	149	163	16	0	255
 85686	59	58	93	149	163	14	0	255
 85731	59	58	93	149	163	16	0	255
 85777	59	58	93	149	163	14	0	255
 85822	59	58	93	149	163	16	0	255
 85867	59	58	92	149	163	16	0	255
 85913	59	58	93	149	163	16	0	255
 85958	59	58	92	149	163	14	0	255
 86003	59	58	92	149	163	14	0	255
 86049	59	58	92	149	163	14	0	255
 86094	59	58	92	149	163	14	0	255
 86139	59	58	92	149	163	14	0	255
 86185	59	58	92	149	163	14	0	255
 86230	59	58	92	149	163	14	0	255
 86275	59	58	92	149	163	14	0	255
 86321	59	58	92	149	163	14	0	255
 86366	59	58	92	149	163	13	0	255
