HomeCentral
 Falkenstrasse 20
 8630 Rueti
 Datum: 27.11.14 00:00
 
 Startzeit: 2014-11-27 00:00:44 +0100
 89	36	36	39	89	90	22	0	255
 135	36	36	39	89	90	23	0	255
 180	36	36	39	89	90	23	0	255
 225	36	36	39	89	90	22	0	255
 271	36	36	39	89	90	22	0	255
 316	36	36	39	89	90	22	0	255
 361	36	36	39	89	90	22	0	255
 407	36	36	39	89	90	22	0	255
 497	36	36	39	89	90	22	0	255
 543	36	36	39	89	90	22	0	255
 588	36	36	39	89	90	22	0	255
 634	36	36	39	89	90	22	0	255
 679	36	36	39	89	90	22	0	255
 724	36	36	39	89	90	22	0	255
 770	36	36	39	89	90	22	0	255
 815	36	36	39	89	90	22	0	255
 860	36	36	39	89	90	20	0	255
 906	36	36	39	89	90	22	0	255
 951	36	36	39	89	90	22	0	255
 996	36	36	39	89	90	22	0	255
 1042	36	36	39	89	90	22	0	255
 1087	36	36	39	89	90	22	0	255
 1132	36	36	39	89	90	22	0	255
 1178	36	36	39	89	90	22	0	255
 1223	36	36	39	89	90	22	0	255
 1268	36	36	39	89	90	22	0	255
 1314	36	36	39	89	90	22	0	255
 1359	36	36	39	89	90	22	0	255
 1405	36	36	39	89	90	22	0	255
 1450	36	36	39	89	90	23	0	255
 1495	36	36	39	89	90	22	0	255
 1541	36	36	39	89	90	22	0	255
 1586	36	36	39	89	90	22	0	255
 1631	36	36	39	89	90	22	0	255
 1677	36	36	39	89	90	20	0	255
 1722	36	36	39	89	90	22	0	255
 1767	36	36	39	89	90	22	0	255
 1813	36	36	39	89	90	20	0	255
 1858	36	36	39	89	90	22	0	255
 1903	36	36	39	89	90	22	0	255
 1949	36	36	39	89	90	22	0	255
 1994	36	36	39	89	90	22	0	255
 2039	36	36	39	89	90	22	0	255
 2085	36	36	39	89	90	22	0	255
 2130	36	36	39	89	90	20	0	255
 2176	36	36	39	88	90	22	0	255
 2221	36	36	39	88	90	22	0	255
 2266	36	36	39	88	90	22	0	255
 2312	36	36	39	88	90	22	0	255
 2357	36	36	39	88	90	22	0	255
 2402	36	36	39	89	90	22	0	255
 2448	36	36	39	88	90	22	0	255
 2493	36	36	39	88	90	22	0	255
 2538	36	36	39	88	90	22	0	255
 2584	36	36	39	88	90	22	0	255
 2629	36	36	39	88	90	22	0	255
 2674	36	36	39	88	90	22	0	255
 2720	36	36	39	88	90	22	0	255
 2765	36	36	39	88	90	22	0	255
 2810	36	36	39	88	90	23	0	255
 2856	36	36	39	88	90	22	0	255
 2901	36	36	39	88	90	22	0	255
 2947	36	36	39	88	90	22	0	255
 2992	36	36	39	88	90	23	0	255
 3037	36	36	39	88	90	22	0	255
 3083	36	36	39	88	90	22	0	255
 3128	36	36	39	88	90	22	0	255
 3173	36	36	39	88	90	22	0	255
 3219	36	36	39	88	90	22	0	255
 3264	36	36	39	88	90	22	0	255
 3309	36	36	39	88	90	22	0	255
 3355	36	36	39	88	90	22	0	255
 3400	36	36	39	88	90	22	0	255
 3445	36	36	39	88	90	22	0	255
 3491	36	36	39	88	90	23	0	255
 3536	36	36	39	88	90	22	0	255
 3581	36	36	39	88	90	20	0	255
 3627	36	36	39	88	90	22	0	255
 3672	36	36	39	88	90	22	0	255
 3718	36	36	39	88	90	20	0	255
 3763	36	36	39	88	90	23	0	255
 3808	36	36	39	88	90	22	0	255
 3854	36	36	39	88	90	22	0	255
 3899	36	36	39	88	90	22	0	255
 3944	36	36	39	88	90	22	0	255
 3990	36	36	39	88	90	22	0	255
 4035	36	36	39	88	90	22	0	255
 4080	36	36	39	88	90	22	0	255
 4126	36	36	39	88	90	20	0	255
 4171	36	36	39	88	90	22	0	255
 4218	36	36	39	88	90	22	0	255
 4262	36	36	39	88	90	22	0	255
 4307	36	36	39	88	90	20	0	255
 4353	36	36	39	88	90	22	0	255
 4398	36	36	39	88	90	22	0	255
 4443	36	36	39	88	90	22	0	255
 4489	36	36	39	88	90	22	0	255
 4534	36	36	39	88	90	22	0	255
 4579	36	36	39	88	90	20	0	255
 4625	36	36	39	88	90	22	0	255
 4671	36	36	39	88	90	20	0	255
 4720	36	36	39	88	90	23	0	255
 4761	36	36	39	88	90	22	0	255
 4819	36	36	39	88	90	22	0	255
 4851	36	36	39	88	90	22	0	255
 4897	36	36	39	88	90	22	0	255
 4942	36	36	39	88	90	23	0	255
 4987	36	36	39	88	90	22	0	255
 5033	36	36	39	88	90	22	0	255
 5078	36	36	39	88	90	22	0	255
 5123	36	36	39	88	90	22	0	255
 5169	36	36	39	88	90	22	0	255
 5214	36	36	39	88	90	22	0	255
 5260	36	36	39	88	90	23	0	255
 5305	36	36	39	88	90	22	0	255
 5350	36	36	39	88	90	22	0	255
 5396	36	36	39	88	90	22	0	255
 5445	36	36	39	88	90	22	0	255
 5486	36	36	39	88	90	22	0	255
 5532	36	36	39	88	90	22	0	255
 5577	36	36	39	88	90	20	0	255
 5622	36	36	39	88	90	22	0	255
 5668	36	36	39	88	90	20	0	255
 5713	36	36	39	88	90	22	0	255
 5758	36	36	39	88	90	22	0	255
 5804	36	36	39	88	90	22	0	255
 5849	36	36	39	88	90	22	0	255
 5895	36	36	39	88	90	22	0	255
 5940	36	36	39	88	90	22	0	255
 5985	36	36	39	88	90	22	0	255
 6031	36	36	39	88	90	22	0	255
 6076	36	36	39	88	90	22	0	255
 6121	36	36	39	88	90	22	0	255
 6167	36	36	39	88	90	20	0	255
 6212	36	36	39	88	90	22	0	255
 6257	36	36	39	88	90	22	0	255
 6303	36	36	39	88	90	22	0	255
 6348	36	36	39	88	90	20	0	255
 6393	36	36	39	88	90	20	0	255
 6439	36	36	39	88	90	22	0	255
 6484	36	36	39	88	90	22	0	255
 6529	36	36	39	88	90	22	0	255
 6575	36	36	39	88	90	22	0	255
 6620	36	36	39	88	90	22	0	255
 6665	36	36	39	88	90	20	0	255
 6715	36	36	39	88	90	22	0	255
 6756	36	36	39	88	90	20	0	255
 6802	36	36	39	88	90	22	0	255
 6847	36	36	39	88	90	22	0	255
 6892	36	36	39	88	90	20	0	255
 6938	36	36	39	88	90	20	0	255
 6983	36	36	39	88	90	20	0	255
 7028	36	36	39	88	90	22	0	255
 7074	36	36	39	88	90	22	0	255
 7119	36	36	39	88	90	22	0	255
 7164	36	36	39	88	90	22	0	255
 7210	36	36	39	88	90	20	0	255
 7255	36	36	39	88	90	22	0	255
 7300	36	36	39	88	90	22	0	255
 7346	36	36	39	88	90	20	0	255
 7391	36	36	39	88	90	22	0	255
 7437	36	36	39	88	90	22	0	255
 7482	36	36	39	88	90	22	0	255
 7527	36	36	39	88	90	22	16	255
 7573	36	36	39	88	90	22	16	255
 7618	36	36	39	88	90	20	16	255
 7663	36	36	39	88	90	22	16	255
 7709	36	36	39	88	90	22	16	255
 7754	36	36	39	88	90	22	16	255
 7799	36	36	39	89	90	22	16	255
 7845	36	36	39	89	90	22	16	255
 7890	36	36	39	89	90	22	16	255
 7935	36	36	39	89	91	22	16	255
 7981	36	36	39	89	91	22	16	255
 8026	36	36	39	89	91	22	16	255
 8071	36	36	39	90	91	22	16	255
 8117	36	36	39	90	91	22	16	255
 8162	36	36	39	90	91	20	16	255
 8208	36	36	39	90	92	22	16	255
 8253	36	36	39	90	92	22	0	255
 8298	36	36	39	91	92	20	0	255
 8344	36	36	38	91	92	22	0	255
 8389	36	36	38	91	92	20	0	255
 8480	36	36	38	91	92	22	0	255
 8525	36	36	38	91	92	20	0	255
 8570	36	36	38	91	92	22	0	255
 8616	36	36	38	91	92	22	0	255
 8661	36	36	38	91	92	23	0	255
 8706	36	36	38	91	92	22	0	255
 8752	36	36	38	91	92	22	0	255
 8797	36	36	38	91	92	23	0	255
 8842	36	36	38	91	92	22	0	255
 8888	36	36	38	91	92	22	0	255
 8933	36	36	38	91	92	20	0	255
 8978	36	36	38	91	92	22	0	255
 9024	36	36	38	91	92	22	0	255
 9069	36	36	38	91	92	22	0	255
 9115	36	36	38	91	92	22	0	255
 9160	36	36	38	91	92	22	0	255
 9205	36	36	38	91	92	22	0	255
 9251	36	36	38	91	92	22	0	255
 9296	36	36	38	91	92	22	0	255
 9341	36	36	38	91	92	22	0	255
 9387	36	36	38	91	92	20	0	255
 9432	36	36	38	91	92	23	0	255
 9477	36	36	38	91	92	20	0	255
 9523	36	36	38	91	92	20	0	255
 9568	36	36	38	91	92	20	0	255
 9613	36	36	38	91	92	20	0	255
 9659	36	36	38	91	92	20	0	255
 9704	36	36	38	91	92	22	0	255
 9750	36	36	38	91	92	20	0	255
 9795	36	36	38	91	92	20	0	255
 9840	36	36	38	91	92	22	0	255
 9886	36	36	38	91	92	22	0	255
 9931	36	36	38	91	92	22	0	255
 9976	36	36	38	91	92	22	0	255
 10022	36	36	38	91	92	20	0	255
 10067	36	36	38	91	92	22	0	255
 10115	36	36	38	91	92	22	0	255
 10158	36	36	38	91	92	22	0	255
 10203	36	36	38	91	92	22	0	255
 10248	36	36	38	91	92	20	0	255
 10294	36	36	38	91	92	20	0	255
 10339	36	36	38	91	92	22	0	255
 10384	36	36	38	91	92	20	0	255
 10430	36	36	38	91	92	22	0	255
 10475	36	36	38	91	92	22	0	255
 10524	36	36	38	91	92	20	0	255
 10566	36	36	38	91	92	22	0	255
 10611	36	36	38	91	92	20	0	255
 10657	36	36	38	91	92	22	0	255
 10702	36	36	38	91	92	22	0	255
 10747	36	36	38	91	92	22	0	255
 10793	36	36	38	91	92	22	0	255
 10838	36	36	38	91	92	20	0	255
 10883	36	36	38	91	92	22	0	255
 10929	36	36	38	91	92	22	0	255
 10974	36	36	38	91	92	22	0	255
 11019	36	36	38	90	92	22	0	255
 11065	36	36	38	91	92	22	0	255
 11110	36	36	38	90	92	20	0	255
 11159	36	36	38	91	92	22	0	255
 11201	36	36	38	90	92	22	0	255
 11246	36	36	38	90	92	20	0	255
 11292	36	36	38	90	92	22	0	255
 11337	36	36	38	90	92	20	0	255
 11382	36	36	38	90	92	22	0	255
 11428	36	36	38	90	92	22	0	255
 11473	36	36	38	90	92	22	0	255
 11518	36	36	38	90	92	22	0	255
 11568	36	36	38	90	92	20	0	255
 11609	36	36	38	90	92	22	0	255
 11654	36	36	38	90	92	22	0	255
 11700	36	36	38	90	92	20	0	255
 11745	36	36	38	90	92	20	0	255
 11790	36	36	38	90	92	20	0	255
 11836	36	36	38	90	92	22	0	255
 11881	36	36	38	90	92	22	0	255
 11926	36	36	38	90	92	22	0	255
 11972	36	36	38	90	92	20	0	255
 12017	36	36	38	90	92	22	0	255
 12063	36	36	38	90	92	22	0	255
 12108	36	36	38	90	92	20	0	255
 12153	36	36	38	90	92	22	0	255
 12199	36	36	38	90	92	22	0	255
 12244	36	36	38	90	92	22	0	255
 12289	36	36	38	90	92	20	0	255
 12335	36	36	38	90	92	20	0	255
 12380	36	36	38	90	92	22	0	255
 12425	36	36	38	90	92	20	0	255
 12471	36	36	38	90	92	22	0	255
 12516	36	36	38	90	92	20	0	255
 12561	36	36	38	90	92	20	0	255
 12607	36	36	38	90	92	22	0	255
 12652	36	36	38	90	92	20	0	255
 12743	36	36	38	90	92	20	0	255
 12788	36	36	38	90	92	22	0	255
 12834	36	36	38	90	92	20	0	255
 12879	36	36	38	90	92	20	0	255
 12924	36	36	38	90	92	22	0	255
 12970	36	36	38	90	92	20	0	255
 13015	36	36	38	90	92	22	0	255
 13060	36	36	38	90	92	22	0	255
 13106	36	36	38	90	92	20	0	255
 13151	36	36	38	90	92	22	0	255
 13196	36	36	38	90	92	20	0	255
 13242	36	36	38	90	92	22	0	255
 13287	36	36	38	90	92	20	0	255
 13332	36	36	38	90	92	22	0	255
 13379	36	36	38	90	92	20	0	255
 13423	36	36	38	90	92	20	0	255
 13468	36	36	38	90	92	22	0	255
 13514	36	36	38	90	92	20	0	255
 13559	36	36	38	90	92	20	0	255
 13605	36	36	38	90	92	22	0	255
 13650	36	36	38	90	92	22	0	255
 13695	36	36	38	90	92	22	0	255
 13741	36	36	38	90	92	20	0	255
 13786	36	36	38	90	92	20	0	255
 13831	36	36	38	90	92	20	0	255
 13877	36	36	38	90	92	20	0	255
 13922	36	36	38	90	92	20	0	255
 13967	36	36	38	90	92	22	0	255
 14013	36	36	38	90	92	20	0	255
 14058	36	36	38	90	92	22	0	255
 14103	36	36	38	90	92	22	0	255
 14149	36	36	38	90	92	22	0	255
 14194	36	36	38	90	92	22	0	255
 14239	36	36	38	90	92	22	0	255
 14285	36	36	38	90	92	22	0	255
 14330	36	36	38	90	92	22	0	255
 14376	36	36	38	90	92	20	0	255
 14421	36	36	38	90	92	20	0	255
 14466	36	36	38	90	92	22	0	255
 14512	36	36	38	90	92	20	0	255
 14557	36	36	38	90	92	22	0	255
 14602	36	36	38	90	92	22	0	255
 14648	36	36	38	90	92	20	0	255
 14693	36	36	38	90	92	22	0	255
 14738	36	36	38	90	92	20	0	255
 14784	36	36	38	90	92	22	0	255
 14829	36	36	38	90	92	20	0	255
 14874	36	36	38	90	92	22	0	255
 14920	36	36	38	90	92	20	0	255
 14965	36	36	38	90	92	22	0	255
 15010	36	36	38	90	92	22	0	255
 15056	36	36	38	90	92	20	0	255
 15101	36	36	38	90	92	20	0	255
 15147	36	36	38	90	92	22	0	255
 15237	36	36	38	90	92	22	0	255
 15283	36	36	38	90	92	22	0	255
 15328	36	36	38	90	92	20	0	255
 15373	36	36	38	90	92	20	0	255
 15419	36	36	38	90	92	20	0	255
 15464	36	36	38	90	92	22	0	255
 15509	36	36	38	90	92	22	0	255
 15555	36	36	38	90	92	20	0	255
 15600	36	36	38	90	92	22	0	255
 15645	36	36	38	90	92	20	0	255
 15736	36	36	38	90	92	22	0	255
 15781	36	36	38	90	92	22	0	255
 15827	36	36	38	90	92	20	0	255
 15872	36	36	38	90	92	22	0	255
 15917	36	36	38	90	92	20	0	255
 15963	36	36	38	90	92	20	0	255
 16008	36	36	38	90	92	20	0	255
 16054	36	36	38	90	92	22	0	255
 16099	36	36	38	90	92	20	0	255
 16144	36	36	38	90	92	20	0	255
 16190	36	36	38	90	92	22	0	255
 16235	36	36	38	90	92	22	0	255
 16280	36	36	38	90	92	20	0	255
 16326	36	36	38	90	92	22	0	255
 16371	36	36	38	90	92	20	0	255
 16416	36	36	38	90	92	20	0	255
 16462	36	36	38	90	92	22	0	255
 16507	36	36	38	90	92	20	0	255
 16552	36	36	38	90	92	20	0	255
 16598	36	36	38	90	92	22	0	255
 16643	36	36	38	90	92	22	0	255
 16688	36	36	38	90	92	20	0	255
 16734	36	36	38	90	92	20	0	255
 16779	36	36	38	90	92	20	0	255
 16825	36	36	38	90	92	22	0	255
 16870	36	36	38	90	92	20	0	255
 16961	36	36	38	90	92	22	0	255
 17006	36	36	38	90	92	22	0	255
 17051	36	36	38	90	92	20	0	255
 17097	36	36	38	90	92	20	0	255
 17142	36	36	38	90	92	22	0	255
 17187	36	36	38	90	92	20	0	255
 17233	36	36	38	90	92	20	0	255
 17278	36	36	38	90	92	20	0	255
 17323	36	36	38	90	92	20	0	255
 17372	36	36	38	90	92	20	0	255
 17414	36	36	38	90	92	20	0	255
 17459	36	36	38	90	92	20	0	255
 17505	36	36	38	90	92	20	0	255
 17550	36	36	38	90	92	20	0	255
 17596	36	36	38	90	92	20	0	255
 17641	36	36	38	90	92	19	0	255
 17686	36	36	38	90	92	20	0	255
 17732	36	36	38	90	92	20	0	255
 17777	36	36	38	90	92	20	0	255
 17822	36	36	38	90	92	20	0	255
 17871	36	36	38	90	92	20	0	255
 17913	36	36	38	90	92	20	0	255
 17958	36	36	38	90	92	20	0	255
 18004	36	36	38	90	92	20	0	255
 18049	36	36	38	90	92	20	0	255
 18094	36	36	38	90	92	20	0	255
 18140	36	36	38	90	92	20	0	255
 18185	36	36	38	90	92	20	0	255
 18230	36	36	38	90	92	20	0	255
 18276	36	36	38	90	92	20	0	255
 18325	36	36	38	90	92	22	0	255
 18367	36	36	38	90	92	20	0	255
 18412	36	36	38	90	92	20	0	255
 18457	36	36	38	90	92	22	0	255
 18503	36	36	38	90	92	20	0	255
 18548	36	36	38	90	92	20	0	255
 18593	36	36	38	90	92	20	0	255
 18639	36	36	38	90	92	20	0	255
 18684	36	36	38	90	92	20	0	255
 18729	36	36	38	90	92	20	0	255
 18775	36	36	38	90	92	22	0	255
 18820	36	36	38	90	92	22	0	255
 18865	36	36	38	90	92	20	0	255
 18911	36	36	38	90	92	20	0	255
 18956	36	36	38	90	92	20	0	255
 19001	36	36	38	90	92	19	0	255
 19047	36	36	38	90	92	20	0	255
 19092	36	36	38	90	92	20	0	255
 19138	36	36	38	90	92	22	0	255
 19183	36	36	38	90	92	20	0	255
 19228	36	36	38	90	92	20	0	255
 19274	36	36	38	90	92	20	0	255
 19319	36	36	38	90	92	20	0	255
 19364	36	36	38	90	92	22	0	255
 19410	36	36	38	90	92	20	0	255
 19455	36	36	38	90	92	20	0	255
 19546	36	36	38	90	92	22	0	255
 19591	36	36	38	90	92	20	0	255
 19636	36	36	38	90	92	20	0	255
 19682	36	36	38	90	92	20	0	255
 19727	36	36	38	90	92	20	0	255
 19772	36	36	38	90	92	20	0	255
 19818	36	36	38	90	92	20	0	255
 19863	36	36	38	90	92	20	0	255
 19908	36	36	38	90	92	20	0	255
 19954	36	36	38	90	92	20	0	255
 19999	36	36	38	90	92	20	0	255
 20045	36	36	38	90	92	20	0	255
 20090	36	36	38	90	92	20	0	255
 20135	36	36	38	90	92	20	0	255
 20181	36	36	38	90	92	20	0	255
 20226	36	36	38	90	92	20	0	255
 20271	36	36	38	90	92	20	0	255
 20317	36	36	38	90	92	22	0	255
 20362	36	36	38	90	92	19	0	255
 20407	36	36	38	90	92	20	0	255
 20453	36	36	38	90	92	22	0	255
 20498	36	36	38	90	92	20	0	255
 20543	36	36	38	90	92	20	0	255
 20589	36	36	38	90	92	22	0	255
 20634	36	36	38	90	92	20	0	255
 20679	36	36	38	90	92	20	0	255
 20725	36	36	38	90	92	22	0	255
 20770	36	36	38	90	92	19	0	255
 20816	36	36	38	90	92	20	0	255
 20861	36	36	38	90	92	22	0	255
 20906	36	36	38	90	92	20	0	255
 20952	36	36	38	90	92	20	0	255
 20997	36	36	38	90	92	20	0	255
 21042	36	36	38	90	92	20	0	255
 21088	36	36	38	90	92	20	0	255
 21133	36	36	38	90	92	20	0	255
 21178	36	36	38	90	92	20	0	255
 21224	36	36	38	90	92	20	0	255
 21269	36	36	38	90	92	22	0	255
 21314	36	36	38	90	92	20	0	255
 21360	36	36	38	90	92	19	0	255
 21405	36	36	38	90	92	19	0	255
 21455	36	36	38	90	92	20	0	255
 21496	36	36	38	90	92	19	0	255
 21541	36	36	38	90	92	20	0	255
 21587	36	36	38	90	92	20	0	255
 21632	36	36	38	90	92	20	0	255
 21677	36	36	38	90	92	20	0	255
 21723	36	36	38	90	92	20	0	255
 21768	36	36	38	90	92	19	0	255
 21813	36	36	38	90	92	20	0	255
 21859	36	36	38	90	92	20	0	255
 21904	36	36	38	90	92	20	0	255
 21949	36	36	38	90	92	20	0	255
 21995	36	36	38	90	92	20	0	255
 22040	36	36	38	90	92	20	0	255
 22085	36	36	38	90	92	20	0	255
 22131	36	36	38	90	92	20	0	255
 22176	36	36	38	90	92	20	0	255
 22221	36	36	38	90	92	20	0	255
 22267	36	36	38	90	92	20	0	255
 22312	36	36	38	89	92	19	0	255
 22358	36	36	38	90	92	20	0	255
 22403	36	36	38	89	92	20	0	255
 22448	36	36	38	89	92	20	0	255
 22494	36	36	38	89	92	20	0	255
 22539	36	36	38	89	92	20	0	255
 22584	36	36	38	89	92	19	0	255
 22630	36	36	38	90	92	19	0	255
 22675	36	36	38	89	92	20	0	255
 22720	36	36	38	89	92	19	0	255
 22766	36	36	38	89	92	20	0	255
 22811	36	36	38	89	92	20	0	255
 22856	36	36	38	89	92	19	0	255
 22902	36	36	38	89	92	20	0	255
 22947	36	36	38	89	92	20	0	255
 22993	36	36	38	89	92	20	0	255
 23038	36	36	38	89	92	19	0	255
 23083	36	36	38	89	92	20	0	255
 23129	36	36	38	89	92	20	0	255
 23174	36	36	38	89	92	20	0	255
 23219	36	36	38	89	92	20	0	255
 23265	36	36	38	89	91	20	8	255
 23310	36	36	38	89	91	20	0	255
 23355	36	36	38	89	91	20	0	255
 23401	36	36	38	89	92	20	0	255
 23446	36	36	38	89	91	20	0	255
 23491	36	36	38	89	91	20	0	255
 23537	36	36	38	89	91	20	0	255
 23582	36	36	38	89	91	19	0	255
 23627	36	36	38	89	91	20	0	255
 23673	36	36	38	89	91	19	0	255
 23718	36	36	38	89	91	20	0	255
 23764	36	36	38	89	91	20	0	255
 23809	36	36	38	89	91	20	0	255
 23854	36	36	38	89	91	19	0	255
 23900	36	36	38	89	91	20	0	255
 23945	36	36	38	89	91	19	0	255
 23990	36	36	38	89	91	20	0	255
 24036	36	36	38	89	91	19	0	255
 24081	36	36	38	89	91	20	0	255
 24126	36	36	38	89	91	19	0	255
 24172	36	36	38	89	91	19	0	255
 24217	36	36	38	89	91	20	0	255
 24262	36	36	38	89	91	19	0	255
 24308	36	36	38	89	91	19	0	255
 24353	36	36	38	89	91	20	0	255
 24398	36	36	38	89	91	20	0	255
 24444	36	36	38	89	91	19	0	255
 24489	36	36	38	89	91	20	0	255
 24535	36	36	38	89	91	20	0	255
 24580	36	36	38	89	91	20	0	255
 24625	36	36	38	89	91	20	0	255
 24671	36	36	38	89	91	19	0	255
 24716	36	36	38	89	91	19	0	255
 24761	36	36	38	89	91	20	0	255
 24807	36	36	38	89	91	20	0	255
 24852	36	36	38	89	91	19	0	255
 24897	36	36	38	89	91	20	0	255
 24943	36	36	38	89	91	19	0	255
 24988	36	36	38	89	91	20	0	255
 25033	36	36	38	89	91	19	0	255
 25079	36	36	38	89	91	19	0	255
 25124	36	36	38	89	91	20	0	255
 25169	36	36	38	89	91	20	0	255
 25215	36	36	38	89	91	19	0	255
 25261	36	36	38	89	91	20	0	255
 25306	36	36	38	89	91	20	0	255
 25351	36	36	38	89	91	19	0	255
 25396	36	36	38	89	91	19	0	255
 25442	36	36	38	89	91	19	0	255
 25487	36	36	38	89	91	19	0	255
 25532	36	36	38	89	91	19	0	255
 25578	36	36	38	89	91	19	0	255
 25623	36	36	38	89	91	19	0	255
 25668	36	36	38	89	91	19	0	255
 25714	36	36	38	89	91	20	0	255
 25804	36	36	38	89	91	20	0	255
 25850	36	36	38	89	91	19	0	255
 25895	36	36	38	89	91	20	0	255
 25940	36	36	38	89	91	20	0	255
 25990	36	36	38	89	91	19	0	255
 26031	36	36	38	89	91	19	0	255
 26076	36	36	38	89	91	20	0	255
 26122	36	36	38	89	91	19	0	255
 26167	36	36	38	89	91	19	0	255
 26213	36	36	38	89	91	19	0	255
 26258	36	36	38	89	91	20	0	255
 26303	36	36	38	89	91	19	0	255
 26349	36	36	38	89	91	19	0	255
 26394	36	36	38	89	91	19	0	255
 26439	36	36	38	89	91	19	0	255
 26485	36	36	38	89	91	19	0	255
 26530	36	36	38	89	91	19	0	255
 26575	36	36	38	89	91	19	0	255
 26621	36	36	38	89	91	19	0	255
 26666	36	36	38	89	91	19	0	255
 26711	36	36	38	89	91	19	0	255
 26757	36	36	38	89	91	19	0	255
 26802	36	36	38	89	91	19	0	255
 26847	36	36	38	89	91	19	0	255
 26893	36	36	38	89	91	19	0	255
 26938	36	36	38	89	91	19	0	255
 26984	36	36	38	89	91	20	0	255
 27029	36	36	38	89	91	19	0	255
 27074	36	36	38	89	91	18	0	255
 27120	36	36	38	89	91	19	0	255
 27165	36	36	38	89	91	19	0	255
 27210	36	36	38	89	91	19	0	255
 27256	36	36	38	89	91	19	0	255
 27301	36	36	38	89	91	19	0	255
 27346	36	36	38	89	91	19	0	255
 27392	36	36	38	89	91	19	0	255
 27437	36	36	38	89	91	19	0	255
 27482	36	36	38	89	91	19	0	255
 27528	36	36	38	89	91	19	0	255
 27573	36	36	38	89	91	19	0	255
 27618	36	36	38	89	91	19	0	255
 27664	36	36	38	89	91	19	0	255
 27709	36	36	38	89	91	19	0	255
 27755	36	36	38	89	91	19	0	255
 27800	36	36	38	89	91	19	0	255
 27891	36	36	38	89	91	18	0	255
 27936	36	36	38	89	91	19	0	255
 27981	36	36	38	89	91	19	0	255
 28027	36	36	38	89	91	19	0	255
 28072	36	36	38	89	91	19	0	255
 28117	36	36	38	89	91	19	0	255
 28208	36	36	38	89	91	19	0	255
 28253	36	36	38	89	91	19	0	255
 28299	36	36	38	89	91	19	0	255
 28344	36	36	38	89	91	19	0	255
 28389	36	36	38	89	91	20	0	255
 28435	36	36	38	89	91	19	0	255
 28525	36	36	38	89	91	19	0	255
 28616	36	35	38	89	91	20	0	255
 28662	36	36	38	89	91	20	0	255
 28707	36	36	38	89	91	19	0	255
 28752	36	36	38	89	91	19	0	255
 28798	36	36	38	89	91	20	0	255
 28843	36	36	38	89	91	20	0	255
 28888	36	36	38	89	91	20	0	255
 28934	36	36	38	89	91	20	0	255
 28979	36	36	38	89	91	20	0	255
 29024	36	36	38	89	91	19	0	255
 29070	36	36	38	89	91	19	0	255
 29115	36	36	38	89	91	20	0	255
 29160	36	36	38	89	91	20	0	255
 29206	36	36	38	89	91	20	0	255
 29251	36	36	38	89	91	20	0	255
 29296	36	36	38	89	91	20	0	255
 29342	36	36	38	89	91	22	0	255
 29387	36	36	38	89	91	22	0	255
 29433	36	36	38	89	91	20	0	255
 29478	36	36	38	89	91	20	0	255
 29528	35	36	38	89	91	20	0	255
 29569	36	36	38	89	91	20	0	255
 29614	36	36	38	89	91	22	0	255
 29659	36	36	38	89	91	22	0	255
 29705	35	36	38	89	91	22	0	255
 29750	36	36	38	89	91	22	0	255
 29795	36	36	38	89	91	20	0	255
 29841	36	36	38	89	91	23	0	255
 29886	36	36	38	89	91	22	0	255
 29931	35	36	38	89	91	23	0	255
 29977	36	36	38	89	91	23	0	255
 30022	35	36	38	89	91	23	0	255
 30067	35	36	38	89	91	23	0	255
 30116	35	35	38	89	91	23	0	255
 30158	36	36	38	89	91	23	0	255
 30204	36	36	38	89	91	22	0	255
 30249	36	36	38	89	91	23	0	255
 30294	36	36	38	89	91	23	0	255
 30340	36	36	38	89	91	24	0	255
 30385	36	36	38	89	91	23	0	255
 30430	35	36	38	89	91	24	0	255
 30521	35	36	38	89	91	24	0	255
 30566	35	36	38	89	91	24	0	255
 30612	35	35	38	89	91	25	0	255
 30657	35	36	38	89	91	24	0	255
 30702	35	36	38	89	91	25	0	255
 30748	35	35	38	89	91	24	0	255
 30793	35	36	38	89	91	24	0	255
 30838	36	36	38	89	91	24	0	255
 30884	35	36	38	89	91	25	0	255
 30929	35	36	38	89	91	25	0	255
 30975	36	36	38	89	91	25	0	255
 31065	35	36	38	89	91	25	0	255
 31111	35	36	38	89	91	26	0	255
 31156	35	36	38	89	91	25	0	255
 31201	35	36	38	89	91	26	0	255
 31247	35	36	38	89	91	26	0	255
 31292	35	36	38	89	91	26	0	255
 31337	35	36	38	89	91	26	0	255
 31383	35	35	38	89	91	28	0	255
 31432	35	36	38	89	91	28	0	255
 31473	35	36	38	89	91	26	0	255
 31519	35	35	38	89	91	28	0	255
 31564	35	36	38	89	91	28	0	255
 31613	35	36	38	89	91	28	0	255
 31659	36	36	38	89	91	29	0	255
 31700	36	35	38	89	91	28	0	255
 31746	35	36	38	89	91	29	0	255
 31791	36	36	38	89	91	29	0	255
 31836	35	36	38	89	91	28	0	255
 31882	35	36	38	89	91	29	0	255
 31972	35	36	38	89	91	30	0	255
 32018	35	36	38	89	91	30	0	255
 32063	35	35	38	89	91	30	0	255
 32111	35	35	38	89	91	30	0	255
 32154	35	36	38	89	91	30	0	255
 32199	35	36	38	89	91	30	0	255
 32244	35	35	38	89	91	30	0	255
 32290	35	36	38	89	91	30	0	255
 32335	35	36	38	89	91	31	0	255
 32381	35	36	38	89	91	31	0	255
 32426	35	36	38	89	91	30	0	255
 32471	35	36	38	89	91	32	0	255
 32517	35	35	38	89	91	31	0	255
 32562	35	35	38	89	91	32	0	255
 32607	35	36	38	89	91	32	0	255
 32653	35	36	38	89	91	32	0	255
 32698	35	36	38	88	91	32	0	255
 32743	35	36	38	89	91	32	0	255
 32789	35	36	38	88	91	34	0	255
 32834	35	36	38	88	91	34	0	255
 32879	35	36	38	88	91	34	0	255
 32925	35	36	38	89	91	34	0	255
 32970	35	36	38	88	91	35	0	255
 33016	35	36	38	88	91	35	0	255
 33061	35	36	38	88	91	35	0	255
 33106	35	36	38	88	91	35	0	255
 33152	35	36	38	88	91	36	0	255
 33197	35	36	38	88	91	36	0	255
 33242	35	36	38	88	91	36	0	255
 33291	35	36	38	88	91	37	0	255
 33336	35	36	38	88	91	37	0	255
 33380	35	36	38	88	91	38	0	255
 33424	35	36	38	88	91	38	0	255
 33469	35	36	38	88	91	38	0	255
 33514	35	36	38	88	91	38	0	255
 33560	35	36	38	88	91	40	0	255
 33605	35	36	38	88	91	40	0	255
 33650	35	36	38	88	91	41	0	255
 33696	35	36	38	88	91	41	0	255
 33741	35	36	38	88	91	42	0	255
 33786	35	36	38	88	91	44	0	255
 33832	35	36	38	88	91	44	0	255
 33877	35	36	38	88	91	45	0	255
 33923	35	36	38	88	91	45	0	255
 34013	35	36	38	88	91	46	0	255
 34059	35	36	38	88	91	45	0	255
 34104	35	36	38	88	91	46	0	255
 34149	35	36	38	88	91	46	0	255
 34195	35	36	38	88	91	47	0	255
 34240	35	36	38	88	91	47	0	255
 34285	35	36	38	88	91	47	0	255
 34331	35	36	38	88	91	50	0	255
 34376	35	36	38	88	91	50	0	255
 34421	35	36	38	88	91	50	0	255
 34467	35	36	38	88	91	50	0	255
 34516	35	36	38	88	91	50	0	255
 34558	35	36	38	88	91	51	0	255
 34607	35	36	38	88	91	50	0	255
 34648	35	36	38	88	91	50	0	255
 34694	35	36	38	88	91	50	0	255
 34739	35	36	38	88	91	50	0	255
 34784	35	36	38	88	91	50	0	255
 34830	35	36	38	88	91	51	0	255
 34875	35	36	38	88	91	50	0	255
 34966	35	36	38	88	91	50	0	255
 35011	35	36	38	88	91	51	0	255
 35056	35	36	38	88	91	51	0	255
 35102	35	36	38	88	91	51	0	255
 35147	35	36	38	88	91	52	0	255
 35192	35	36	38	88	91	52	0	255
 35238	35	36	38	88	91	51	0	255
 35283	35	36	38	88	91	52	0	255
 35328	35	36	38	88	91	52	0	255
 35374	35	36	38	88	91	53	0	255
 35419	35	36	38	88	91	52	0	255
 35465	35	36	38	88	91	52	0	255
 35510	35	36	38	88	91	53	0	255
 35555	35	36	38	88	91	53	0	255
 35605	35	36	38	88	91	53	0	255
 35646	35	36	38	88	91	53	0	255
 35691	35	36	38	88	91	53	0	255
 35737	35	36	38	88	91	54	0	255
 35782	35	36	38	88	91	54	0	255
 35827	35	36	38	88	91	56	0	255
 35873	35	36	38	88	91	54	0	255
 35918	35	36	38	88	91	56	0	255
 35963	35	36	38	88	91	57	0	255
 36009	35	36	38	88	91	56	0	255
 36054	35	36	38	88	91	56	0	255
 36100	35	36	38	88	91	57	0	255
 36145	35	36	37	88	91	56	0	255
 36190	36	36	37	88	91	57	0	255
 36236	36	36	37	88	91	56	0	255
 36281	36	36	37	88	91	57	0	255
 36326	35	36	37	88	91	57	0	255
 36372	36	36	37	88	91	58	0	255
 36417	36	36	37	88	91	57	0	255
 36462	35	36	37	88	91	58	0	255
 36508	36	36	37	88	91	58	0	255
 36553	36	36	37	88	91	58	0	255
 36598	36	36	37	88	91	58	0	255
 36644	36	36	37	88	90	58	0	255
 36689	36	36	37	88	91	58	0	255
 36734	36	36	37	88	91	60	0	255
 36780	35	36	37	88	90	58	0	255
 36825	36	36	37	88	91	58	0	255
 36871	36	36	37	88	91	58	0	255
 36916	35	36	37	88	90	58	0	255
 36961	36	36	37	88	90	60	0	255
 37007	36	36	37	88	90	58	0	255
 37052	35	36	37	88	90	58	0	255
 37097	36	36	37	88	90	60	0	255
 37143	36	36	37	88	90	57	0	255
 37188	36	36	37	88	90	57	0	255
 37233	36	36	37	88	90	58	0	255
 37279	36	36	37	88	90	57	0	255
 37324	36	36	37	88	90	57	0	255
 37369	36	36	37	88	90	57	0	255
 37415	36	36	37	88	90	56	0	255
 37460	36	36	37	88	90	56	0	255
 37505	36	36	37	88	90	56	0	255
 37551	36	36	37	88	90	56	0	255
 37596	36	36	37	88	90	57	0	255
 37642	36	36	37	88	90	54	0	255
 37687	36	36	37	88	90	56	0	255
 37732	36	36	37	88	90	54	0	255
 37778	36	36	37	88	90	54	0	255
 37823	36	36	37	88	90	53	0	255
 37868	36	36	37	88	90	53	0	255
 37914	36	36	37	88	90	53	0	255
 37959	36	36	37	88	90	53	0	255
 38004	36	36	37	88	90	54	0	255
 38050	36	36	37	88	90	52	0	255
 38095	36	36	37	88	90	53	0	255
 38140	36	36	37	88	90	53	0	255
 38186	36	36	37	88	90	53	0	255
 38231	36	36	37	88	90	53	0	255
 38276	36	36	37	88	90	52	0	255
 38322	36	35	37	88	90	53	0	255
 38367	36	36	37	88	90	52	0	255
 38413	36	36	37	88	90	53	0	255
 38462	36	36	37	88	90	53	0	255
 38503	36	36	37	88	90	52	0	255
 38549	36	36	37	88	90	52	0	255
 38595	36	35	37	88	90	52	0	255
 38639	36	36	37	88	90	52	0	255
 38685	36	35	37	88	90	52	0	255
 38730	36	36	37	88	90	53	0	255
 38775	36	36	37	88	90	52	0	255
 38821	36	36	37	88	90	52	0	255
 38866	36	36	37	88	90	52	0	255
 38911	36	36	37	88	90	53	0	255
 38957	36	36	37	88	90	52	0	255
 39002	36	35	37	88	90	52	0	255
 39047	36	36	37	88	90	53	0	255
 39138	36	36	37	88	90	51	0	255
 39184	36	36	37	88	90	52	0	255
 39229	36	36	37	88	90	51	0	255
 39274	36	36	37	88	90	52	0	255
 39320	36	36	37	88	90	52	0	255
 39365	36	36	37	88	90	52	0	255
 39410	36	36	37	88	90	52	0	255
 39456	36	36	37	88	90	52	0	255
 39506	36	36	37	88	90	52	0	255
 39546	36	36	37	88	90	53	0	255
 39592	36	36	37	88	90	52	0	255
 39637	36	36	37	88	90	52	0	255
 39687	36	36	37	88	90	52	0	255
 39728	36	36	37	88	90	52	0	255
 39773	36	36	37	88	90	52	0	255
 39819	36	36	37	88	90	52	0	255
 39864	36	36	37	88	90	52	0	255
 39909	36	36	37	88	90	53	0	255
 39954	36	36	37	88	90	52	0	255
 40000	36	36	37	88	90	52	0	255
 40091	36	36	37	88	90	53	0	255
 40136	36	36	37	88	90	53	0	255
 40182	36	36	37	88	90	53	0	255
 40227	36	36	37	88	90	53	0	255
 40272	36	36	37	88	90	53	0	255
 40317	36	36	37	88	90	53	0	255
 40363	36	36	37	88	90	54	0	255
 40408	36	36	37	88	90	56	0	255
 40499	36	36	37	88	90	56	0	255
 40544	36	36	37	88	90	56	0	255
 40589	36	36	37	88	90	56	0	255
 40639	36	36	37	88	90	56	0	255
 40680	36	36	37	88	90	56	0	255
 40725	36	36	37	88	90	57	0	255
 40816	36	36	37	88	90	57	0	255
 40861	36	36	37	88	90	58	0	255
 40907	36	36	36	88	90	58	0	255
 40952	36	36	37	88	90	58	0	255
 40998	36	36	37	88	90	60	0	255
 41043	36	36	37	88	90	58	0	255
 41088	36	36	37	88	90	60	0	255
 41134	36	36	37	88	90	60	0	255
 41179	36	36	37	88	90	60	0	255
 41270	36	36	37	88	90	61	0	255
 41318	36	36	37	88	90	61	0	255
 41360	36	36	36	88	90	60	0	255
 41406	36	36	37	88	90	60	0	255
 41451	36	36	36	88	90	60	0	255
 41496	36	36	36	88	90	60	0	255
 41542	36	36	37	88	90	60	0	255
 41587	36	36	37	88	90	58	0	255
 41632	36	36	36	88	90	60	0	255
 41678	36	36	37	88	90	60	0	255
 41723	36	36	37	88	90	58	0	255
 41769	36	36	36	88	90	58	0	255
 41814	36	36	37	88	90	58	0	255
 41859	36	36	37	88	90	60	0	255
 41905	36	36	36	88	90	58	0	255
 41950	36	36	37	88	90	58	0	255
 41995	35	36	37	88	90	58	0	255
 42041	36	36	37	88	90	57	0	255
 42086	36	36	37	88	90	58	0	255
 42131	36	36	37	87	90	58	0	255
 42177	36	36	36	87	90	58	0	255
 42222	36	36	36	88	90	58	0	255
 42267	36	36	36	87	90	58	0	255
 42313	36	36	37	87	90	57	0	255
 42358	36	36	37	88	90	58	0	255
 42403	35	36	36	87	90	58	0	255
 42449	36	36	36	87	90	58	0	255
 42494	36	36	37	87	90	58	0	255
 42540	35	36	37	87	90	58	0	255
 42585	36	36	36	87	90	58	0	255
 42676	36	36	36	87	90	58	0	255
 42721	35	36	36	87	90	58	0	255
 42766	35	36	36	87	90	60	0	255
 42812	35	36	36	87	90	58	0	255
 42857	36	36	37	87	90	58	0	255
 42902	36	36	36	87	90	58	0	255
 42948	35	36	37	87	90	58	0	255
 42996	36	36	36	87	90	58	0	255
 43038	36	36	37	87	90	58	0	255
 43084	36	36	37	87	90	57	0	255
 43130	35	36	37	87	90	57	0	255
 43176	36	36	37	87	90	57	0	255
 43220	36	35	37	87	90	56	0	255
 43265	36	36	36	87	90	58	0	255
 43311	36	35	37	87	90	57	0	255
 43356	36	35	36	87	90	57	0	255
 43401	35	35	37	87	90	56	0	255
 43447	35	35	37	87	90	56	0	255
 43492	36	35	37	87	90	54	0	255
 43537	35	35	37	87	90	56	0	255
 43583	36	35	36	87	90	56	0	255
 43628	35	35	36	87	90	54	0	255
 43673	35	35	37	87	90	53	0	255
 43719	36	35	37	87	90	54	0	255
 43764	36	35	36	87	90	53	0	255
 43809	35	35	37	87	90	53	0	255
 43855	35	35	37	87	90	53	0	255
 43900	35	35	37	87	90	52	0	255
 43945	35	35	37	87	90	52	0	255
 43991	35	35	37	87	90	52	0	255
 44040	35	35	37	87	90	52	0	255
 44081	35	35	37	87	90	52	0	255
 44127	35	35	37	87	90	51	0	255
 44172	35	35	37	87	90	51	0	255
 44218	35	35	37	87	90	50	0	255
 44263	35	35	36	87	90	51	0	255
 44312	35	35	37	87	90	50	0	255
 44354	35	35	37	87	90	50	0	255
 44399	35	35	37	87	90	50	0	255
 44444	35	35	36	87	90	50	0	255
 44490	35	35	36	87	90	50	0	255
 44535	35	35	36	87	90	48	0	255
 44580	35	35	37	87	90	48	0	255
 44626	35	35	37	87	90	50	0	255
 44671	35	35	36	87	90	48	0	255
 44716	35	35	37	87	90	50	0	255
 44762	35	35	37	87	90	48	0	255
 44807	36	35	37	87	90	48	0	255
 44852	35	35	37	87	90	48	0	255
 44898	35	35	37	87	90	47	0	255
 44943	35	35	37	87	90	48	0	255
 44989	35	35	37	87	90	48	0	255
 45034	35	35	37	87	90	47	0	255
 45079	35	35	37	87	90	48	0	255
 45125	35	35	37	87	90	48	0	255
 45170	35	35	37	87	90	48	0	255
 45215	35	35	37	87	90	48	0	255
 45261	35	35	37	87	90	50	0	255
 45306	35	35	37	87	90	50	0	255
 45351	35	35	37	87	90	50	0	255
 45397	35	35	37	87	90	51	0	255
 45442	35	35	37	87	90	50	0	255
 45487	35	35	37	87	90	51	0	255
 45533	35	35	37	87	90	52	0	255
 45578	35	35	36	87	90	51	0	255
 45623	35	35	37	87	90	52	0	255
 45669	35	35	36	87	90	52	0	255
 45714	35	35	37	87	90	52	0	255
 45760	35	35	37	87	90	52	0	255
 45805	35	36	37	87	90	52	0	255
 45850	35	36	36	87	90	52	0	255
 45896	35	35	37	87	90	53	0	255
 45941	35	35	37	87	90	52	0	255
 45986	35	35	37	87	90	52	0	255
 46032	35	36	37	87	90	52	0	255
 46077	35	35	37	87	90	52	0	255
 46122	35	35	37	87	90	53	0	255
 46168	35	35	37	87	90	52	0	255
 46213	35	35	37	87	90	52	0	255
 46258	35	35	37	87	90	52	0	255
 46304	35	35	37	87	90	52	0	255
 46349	35	35	37	87	90	51	0	255
 46394	35	35	37	87	90	51	0	255
 46485	35	35	37	87	90	51	0	255
 46531	35	35	37	87	90	50	0	255
 46576	35	35	37	87	90	50	0	255
 46621	35	35	37	87	90	50	0	255
 46667	35	35	37	87	90	50	0	255
 46712	35	35	37	87	90	48	0	255
 46757	35	35	37	87	90	48	0	255
 46803	35	35	37	87	90	50	0	255
 46848	35	35	37	87	90	47	0	255
 46893	35	35	37	87	90	48	0	255
 46939	35	35	37	87	90	47	0	255
 46984	35	35	37	87	90	47	0	255
 47033	35	35	37	87	90	47	0	255
 47075	35	35	37	87	90	48	0	255
 47120	35	35	37	87	90	47	0	255
 47165	35	35	37	87	90	47	0	255
 47211	35	35	37	87	90	48	0	255
 47256	35	35	37	87	90	47	0	255
 47302	35	35	37	87	90	48	0	255
 47347	35	35	37	87	90	47	0	255
 47392	35	35	37	87	90	47	0	255
 47438	35	35	37	87	90	48	0	255
 47483	35	35	37	87	90	47	0	255
 47528	35	35	37	87	90	48	0	255
 47574	35	35	37	87	90	48	0	255
 47619	35	35	37	87	90	48	0	255
 47664	35	35	37	87	90	48	0	255
 47710	35	35	37	87	90	48	0	255
 47755	35	35	37	87	90	48	0	255
 47800	35	35	37	87	90	48	0	255
 47846	35	35	37	87	90	48	0	255
 47891	35	35	37	87	90	48	0	255
 47936	35	35	37	87	90	48	0	255
 47982	35	35	37	87	90	48	0	255
 48027	35	35	37	87	90	48	0	255
 48077	35	35	37	87	90	48	0	255
 48118	35	35	37	87	90	48	0	255
 48166	35	35	37	87	90	48	0	255
 48213	35	35	37	87	90	48	0	255
 48254	35	35	37	87	90	48	0	255
 48299	35	35	37	87	90	48	0	255
 48345	35	35	37	87	90	48	0	255
 48390	35	35	37	87	90	48	0	255
 48435	35	35	37	87	90	47	0	255
 48481	35	35	37	87	90	48	0	255
 48526	35	35	37	87	90	48	0	255
 48571	35	35	37	87	90	48	0	255
 48617	35	35	37	87	90	48	0	255
 48662	35	35	37	87	90	48	0	255
 48707	35	35	37	87	90	48	0	255
 48753	35	35	37	87	90	48	0	255
 48798	35	35	37	87	90	48	0	255
 48843	35	35	37	87	90	50	0	255
 48934	35	35	37	87	90	48	0	255
 48980	35	35	37	87	90	50	0	255
 49025	35	35	37	87	90	50	0	255
 49070	35	35	37	87	90	50	0	255
 49116	35	35	37	87	90	48	0	255
 49161	35	35	37	87	90	50	0	255
 49206	35	35	37	87	90	50	0	255
 49252	35	35	37	87	90	50	0	255
 49297	35	35	37	87	90	50	0	255
 49342	35	35	37	87	90	51	0	255
 49388	35	35	37	87	90	51	0	255
 49433	35	35	37	87	90	51	0	255
 49478	35	35	37	87	90	51	0	255
 49524	35	35	37	87	90	51	0	255
 49569	35	35	37	87	90	52	0	255
 49614	35	35	37	87	90	52	0	255
 49661	35	35	37	87	90	51	0	255
 49705	35	35	37	87	90	52	0	255
 49750	35	35	37	87	90	51	0	255
 49796	35	35	37	87	90	53	0	255
 49841	35	35	37	87	90	52	0	255
 49887	35	35	37	87	90	52	0	255
 49932	35	35	37	87	90	51	0	255
 49977	35	35	37	87	90	52	0	255
 50023	35	35	37	87	90	52	0	255
 50068	35	35	37	87	90	52	0	255
 50113	35	35	37	87	90	52	0	255
 50159	35	35	37	87	90	53	0	255
 50204	35	35	37	87	90	52	0	255
 50249	35	35	37	87	89	52	0	255
 50295	35	35	37	87	89	52	0	255
 50344	35	35	37	87	90	52	0	255
 50385	35	35	37	87	90	53	0	255
 50431	35	35	37	87	90	53	0	255
 50476	35	35	37	87	89	54	0	255
 50522	35	35	37	87	90	53	0	255
 50567	35	35	37	87	89	54	0	255
 50612	35	35	37	87	89	56	0	255
 50658	35	35	37	87	89	56	0	255
 50703	35	35	37	87	89	56	0	255
 50748	35	35	37	87	89	57	0	255
 50794	35	35	37	87	89	58	0	255
 50839	35	35	37	87	90	58	0	255
 50884	35	35	37	87	89	58	0	255
 50930	35	35	37	87	89	60	0	255
 50975	35	35	37	87	89	60	0	255
 51020	35	35	37	87	89	61	0	255
 51066	35	36	37	87	89	60	0	255
 51111	35	35	37	87	89	61	0	255
 51156	35	35	37	87	89	61	0	255
 51247	35	35	37	87	89	61	0	255
 51292	35	35	37	87	89	61	0	255
 51338	35	35	37	87	89	62	0	255
 51383	35	35	37	87	89	62	0	255
 51429	35	36	37	87	89	62	0	255
 51474	35	35	37	87	89	62	0	255
 51519	35	35	37	87	89	62	0	255
 51565	35	35	37	87	89	62	0	255
 51610	35	35	37	87	89	62	0	255
 51655	35	35	37	87	89	62	0	255
 51701	35	35	37	87	89	64	0	255
 51746	35	35	37	87	89	64	0	255
 51791	35	35	37	87	89	64	0	255
 51882	35	35	37	87	89	62	0	255
 51927	35	35	37	87	89	64	0	255
 51973	35	35	37	87	89	64	0	255
 52018	35	35	37	87	89	64	0	255
 52063	35	35	37	87	89	62	0	255
 52109	35	35	37	86	89	62	0	255
 52154	35	35	37	87	89	62	0	255
 52200	35	35	37	86	89	62	0	255
 52245	35	35	37	86	89	61	0	255
 52290	35	35	37	86	89	61	0	255
 52336	35	35	37	86	89	61	0	255
 52381	35	35	37	86	89	60	0	255
 52430	35	35	37	86	89	60	0	255
 52472	35	35	37	86	89	61	0	255
 52517	35	35	37	86	89	60	0	255
 52562	35	35	37	86	89	60	0	255
 52653	35	35	37	86	89	58	0	255
 52698	35	35	37	86	89	58	0	255
 52744	35	35	37	86	89	58	0	255
 52789	35	35	37	86	89	58	0	255
 52834	35	35	37	86	89	58	0	255
 52880	35	35	37	86	89	57	0	255
 52925	35	35	37	86	89	58	0	255
 52971	35	35	37	86	89	58	0	255
 53016	35	35	37	86	89	58	0	255
 53061	35	35	37	86	89	57	0	255
 53107	35	35	37	86	89	57	0	255
 53152	35	35	37	86	89	57	0	255
 53197	35	35	37	86	89	56	0	255
 53243	35	35	37	86	89	56	0	255
 53288	35	35	37	86	89	56	0	255
 53333	35	35	37	86	89	57	0	255
 53379	35	35	37	86	89	56	0	255
 53424	35	35	37	86	89	56	0	255
 53469	35	35	37	86	89	56	0	255
 53515	35	35	37	86	89	56	0	255
 53560	35	35	37	86	89	54	0	255
 53605	35	35	37	86	89	56	0	255
 53651	35	35	37	86	89	53	0	255
 53697	35	35	37	86	89	54	0	255
 53742	35	35	37	86	89	54	0	255
 53787	35	35	37	86	89	53	0	255
 53832	35	35	37	86	89	53	0	255
 53878	35	35	37	86	89	53	0	255
 53923	35	35	37	86	89	53	0	255
 53968	35	35	37	86	89	53	0	255
 54014	35	35	37	86	89	53	0	255
 54059	35	35	37	86	89	53	0	255
 54104	35	35	37	86	89	54	0	255
 54150	35	35	37	86	89	53	0	255
 54195	35	35	37	86	89	54	0	255
 54241	35	35	37	86	89	53	0	255
 54286	35	35	37	86	89	52	0	255
 54331	35	35	37	86	89	52	0	255
 54376	35	35	37	86	89	52	0	255
 54422	35	35	37	86	89	52	0	255
 54467	35	35	37	86	89	52	0	255
 54558	35	35	37	86	89	51	0	255
 54603	35	35	37	86	89	51	0	255
 54649	35	35	37	86	89	51	0	255
 54694	35	35	37	86	89	52	0	255
 54739	35	35	37	86	89	50	0	255
 54785	35	35	37	86	89	50	0	255
 54830	35	35	37	86	89	50	0	255
 54875	35	35	37	86	89	50	0	255
 54921	35	35	37	86	89	50	0	255
 54966	35	35	37	86	89	50	0	255
 55011	35	35	37	86	89	48	0	255
 55057	35	35	37	86	89	48	0	255
 55102	35	35	37	86	89	47	0	255
 55147	35	35	37	86	89	48	0	255
 55196	35	35	37	86	89	47	0	255
 55238	35	35	37	86	89	48	0	255
 55284	35	35	37	86	89	47	0	255
 55329	35	35	37	86	89	47	0	255
 55374	35	35	37	86	89	47	0	255
 55420	35	35	37	86	89	47	0	255
 55465	35	35	37	86	89	47	0	255
 55514	35	35	37	86	89	46	0	255
 55556	35	35	37	86	89	46	0	255
 55601	35	35	37	86	89	47	0	255
 55646	35	35	37	86	89	46	0	255
 55696	35	35	37	86	89	45	0	255
 55737	35	35	37	86	89	45	0	255
 55782	35	35	37	86	89	46	0	255
 55828	35	35	37	86	89	45	0	255
 55873	35	35	37	86	89	44	0	255
 55964	35	35	37	86	89	45	0	255
 56009	35	35	37	86	89	45	0	255
 56100	35	35	37	86	89	44	0	255
 56145	35	35	37	86	89	44	0	255
 56191	35	35	37	86	89	42	0	255
 56236	35	35	37	86	89	44	0	255
 56281	35	35	37	86	89	42	0	255
 56327	35	35	37	86	89	42	0	255
 56372	35	35	37	86	89	42	0	255
 56417	35	35	37	86	89	42	0	255
 56463	35	35	37	86	89	42	0	255
 56508	35	35	37	86	89	42	0	255
 56553	35	35	37	86	89	41	0	255
 56599	35	35	37	86	89	42	0	255
 56644	35	35	37	86	89	41	0	255
 56690	35	35	37	86	89	41	0	255
 56735	35	35	37	86	89	41	0	255
 56780	35	35	37	86	89	41	0	255
 56826	35	35	37	86	89	41	0	255
 56871	35	35	37	86	89	41	0	255
 56916	35	35	37	86	89	41	0	255
 56962	35	35	37	86	89	41	0	255
 57007	35	35	37	86	89	40	0	255
 57052	35	35	37	86	89	40	0	255
 57098	35	35	37	86	89	40	0	255
 57143	35	35	37	86	89	40	0	255
 57188	35	35	37	86	89	40	0	255
 57234	35	35	37	86	89	40	0	255
 57279	35	35	37	86	89	40	0	255
 57324	35	35	37	86	89	38	0	255
 57370	35	35	37	86	89	38	0	255
 57415	35	35	37	86	89	38	0	255
 57461	35	35	37	86	89	38	0	255
 57506	35	35	37	86	89	38	0	255
 57551	35	35	37	86	89	38	0	255
 57597	35	35	37	86	89	38	0	255
 57642	35	35	37	86	89	37	0	255
 57687	35	35	37	86	89	37	0	255
 57733	35	35	37	86	89	37	0	255
 57778	35	35	37	86	89	37	0	255
 57823	35	35	37	86	89	37	0	255
 57869	35	35	37	86	89	36	0	255
 57914	35	35	37	86	89	36	0	255
 57959	35	35	37	86	89	36	0	255
 58005	35	35	37	86	89	36	0	255
 58095	35	35	37	86	89	36	0	255
 58141	35	35	37	86	89	36	0	255
 58186	35	35	37	86	89	36	0	255
 58232	35	35	37	86	89	35	0	255
 58277	35	35	37	86	89	36	0	255
 58368	35	35	37	86	89	35	0	255
 58413	35	35	37	86	89	34	0	255
 58458	35	35	37	86	89	34	0	255
 58504	35	35	37	86	89	35	0	255
 58549	35	35	37	86	89	34	0	255
 58594	35	35	37	86	89	34	0	255
 58640	35	35	37	86	89	35	0	255
 58689	35	35	37	86	89	34	0	255
 58730	35	35	37	86	89	32	0	255
 58779	35	35	37	86	89	34	0	255
 58821	35	35	37	86	89	32	0	255
 58866	35	35	37	86	89	32	0	255
 58912	35	35	37	86	89	34	0	255
 58957	35	35	37	86	89	32	0	255
 59003	35	35	37	86	89	31	0	255
 59048	35	35	37	86	89	32	0	255
 59093	35	35	37	86	89	32	0	255
 59139	35	35	37	86	89	32	0	255
 59184	35	35	37	86	89	32	0	255
 59229	35	35	37	86	89	32	0	255
 59275	35	35	37	86	89	31	0	255
 59320	35	35	37	86	89	31	0	255
 59411	35	35	37	86	89	31	0	255
 59456	35	35	37	86	89	31	0	255
 59501	35	35	37	86	89	31	0	255
 59547	35	35	37	86	89	31	0	255
 59594	35	35	37	86	89	30	0	255
 59637	35	35	37	86	89	30	0	255
 59683	35	35	37	86	89	30	0	255
 59728	35	35	37	86	89	30	0	255
 59774	35	35	37	86	89	30	0	255
 59823	35	35	37	86	89	30	0	255
 59864	35	35	37	86	89	29	0	255
 59911	35	35	37	86	89	29	0	255
 59955	35	35	37	86	89	29	0	255
 60004	35	35	37	86	89	29	0	255
 60046	35	35	37	86	89	29	0	255
 60091	35	35	37	86	89	30	0	255
 60136	35	35	37	86	89	29	0	255
 60182	35	35	37	86	89	29	0	255
 60227	35	35	37	86	89	29	0	255
 60272	35	35	37	86	89	29	0	255
 60318	35	35	37	86	89	28	0	255
 60363	35	35	37	86	89	29	0	255
 60408	35	35	37	86	89	29	0	255
 60454	35	35	37	86	89	29	0	255
 60499	35	35	37	86	89	28	0	255
 60545	35	35	37	86	89	28	0	255
 60590	35	35	37	86	89	28	0	255
 60635	35	35	37	86	89	28	0	255
 60681	35	35	37	86	89	28	0	255
 60726	35	35	37	86	89	28	0	255
 60817	35	35	37	86	89	28	0	255
 60862	35	35	37	86	89	26	0	255
 60953	35	35	37	86	89	28	0	255
 60998	35	35	37	86	89	28	0	255
 61043	35	35	37	86	89	25	0	255
 61089	35	35	37	86	89	28	0	255
 61134	35	35	37	86	89	26	0	255
 61179	35	35	37	86	89	26	0	255
 61225	35	35	37	86	89	28	0	255
 61270	35	35	37	86	89	26	0	255
 61316	35	35	37	86	89	25	0	255
 61361	35	35	37	86	89	26	0	255
 61406	35	35	37	86	89	25	0	255
 61456	35	35	37	86	89	26	0	255
 61497	35	35	37	86	89	25	0	255
 61542	35	35	37	86	89	26	0	255
 61588	35	35	37	86	89	26	0	255
 61633	35	35	37	86	89	26	0	255
 61678	35	35	37	86	89	26	0	255
 61724	35	35	37	86	89	25	0	255
 61769	35	35	37	85	89	26	0	255
 61814	35	35	37	85	89	25	0	255
 61860	35	35	37	85	89	25	0	255
 61905	35	35	37	85	89	25	0	255
 61951	35	35	37	85	89	25	0	255
 61996	35	35	37	85	89	25	0	255
 62041	35	35	37	85	89	25	0	255
 62087	35	35	37	85	89	26	0	255
 62132	35	35	37	85	89	26	0	255
 62177	35	35	37	85	89	24	0	255
 62223	35	35	37	85	89	25	0	255
 62268	35	35	37	85	89	25	0	255
 62313	35	35	37	85	89	25	0	255
 62359	35	35	37	85	89	25	0	255
 62404	35	35	37	85	89	25	0	255
 62449	35	35	37	85	89	25	0	255
 62495	35	35	37	85	89	24	0	255
 62540	35	35	37	85	89	25	0	255
 62586	35	35	37	85	89	25	0	255
 62631	35	35	37	85	89	25	0	255
 62676	35	35	37	85	89	25	0	255
 62722	35	35	37	85	89	24	0	255
 62767	35	35	37	85	89	25	0	255
 62812	35	35	37	85	89	24	0	255
 62858	35	35	37	85	89	24	0	255
 62903	35	35	37	85	89	24	0	255
 62948	35	35	37	85	89	24	0	255
 62994	35	35	37	85	89	24	0	255
 63039	35	35	37	85	89	24	0	255
 63084	35	35	37	85	89	24	0	255
 63130	35	35	37	85	89	23	0	255
 63175	35	35	37	85	89	24	0	255
 63220	35	35	37	85	89	24	0	255
 63266	35	35	37	85	88	24	0	255
 63311	35	35	37	85	89	24	0	255
 63357	35	35	37	85	89	24	0	255
 63402	35	35	37	85	88	24	0	255
 63447	35	35	37	85	89	24	0	255
 63493	35	35	37	85	89	24	0	255
 63538	35	35	37	85	88	24	0	255
 63583	35	35	37	85	88	24	0	255
 63629	35	35	37	85	88	24	0	255
 63674	35	35	37	85	88	24	0	255
 63719	35	35	37	85	88	24	0	255
 63765	35	35	37	85	88	23	0	255
 63810	35	35	37	85	88	24	0	255
 63855	35	35	37	85	88	24	0	255
 63901	35	35	37	85	88	24	0	255
 63946	35	35	37	85	88	24	0	255
 63991	35	35	37	85	88	24	0	255
 64037	35	35	37	85	88	23	0	255
 64082	35	35	37	85	88	23	0	255
 64128	35	35	37	85	88	23	0	255
 64173	35	35	37	85	88	23	0	255
 64218	35	35	37	85	88	23	0	255
 64264	35	35	37	85	88	23	0	255
 64309	35	35	37	85	88	24	0	255
 64354	35	35	37	85	88	24	0	255
 64400	35	35	37	85	88	23	0	255
 64445	35	35	37	85	88	23	0	255
 64490	35	35	37	85	88	24	0	255
 64536	35	35	37	85	88	24	0	255
 64581	35	35	37	85	88	23	0	255
 64626	35	35	37	85	88	23	0	255
 64672	35	35	37	85	88	23	0	255
 64717	35	35	37	85	88	23	0	255
 64763	35	35	37	85	88	23	0	255
 64808	35	35	37	85	88	23	0	255
 64853	35	35	37	85	88	24	0	255
 64899	35	35	37	85	88	24	0	255
 64944	35	35	37	85	88	24	0	255
 64989	35	35	37	85	88	23	0	255
 65035	35	35	37	85	88	23	0	255
 65080	35	35	37	85	88	23	0	255
 65125	35	35	37	85	88	23	0	255
 65171	35	35	37	85	88	23	0	255
 65216	35	35	37	85	88	23	0	255
 65261	35	35	37	85	88	23	0	255
 65307	35	35	37	85	88	23	0	255
 65356	35	35	37	85	88	23	0	255
 65397	35	35	37	85	88	22	0	255
 65443	35	35	37	85	88	23	0	255
 65488	35	35	37	85	88	23	0	255
 65533	35	35	37	85	88	23	0	255
 65579	35	35	37	85	88	23	0	255
 65624	35	35	37	85	88	23	0	255
 65670	35	35	37	85	88	23	0	255
 65715	35	35	37	85	88	22	0	255
 65760	35	35	37	85	88	23	0	255
 65806	35	35	37	85	88	23	0	255
 65851	35	35	37	85	88	23	0	255
 65896	35	35	37	85	88	23	0	255
 65942	35	35	37	85	88	22	0	255
 65987	35	35	37	85	88	23	0	255
 66032	35	35	37	85	88	23	0	255
 66123	35	35	37	85	88	22	0	255
 66168	35	35	37	85	88	22	0	255
 66218	35	35	37	85	88	23	0	255
 66259	35	35	37	85	88	23	0	255
 66350	35	35	37	85	88	23	0	255
 66395	35	35	37	85	88	23	0	255
 66441	35	35	37	85	88	22	0	255
 66486	35	35	37	85	88	22	0	255
 66531	35	35	37	85	88	22	0	255
 66577	35	35	37	85	88	22	0	255
 66622	35	35	37	85	88	22	0	255
 66667	35	35	37	85	88	22	0	255
 66713	35	35	37	85	88	22	0	255
 66758	35	35	37	85	88	22	0	255
 66803	35	35	37	85	88	22	0	255
 66849	35	35	37	85	88	22	0	255
 66894	35	35	37	85	88	22	0	255
 66943	35	35	37	85	88	23	0	255
 66985	35	35	37	85	88	22	0	255
 67030	35	35	37	85	88	22	0	255
 67075	35	35	37	85	88	22	0	255
 67121	35	35	37	85	88	23	0	255
 67166	35	35	37	85	88	22	0	255
 67212	35	35	37	85	88	22	0	255
 67257	35	35	37	85	88	22	0	255
 67302	35	35	37	85	88	23	0	255
 67348	35	35	37	85	88	23	0	255
 67393	35	35	37	85	88	22	0	255
 67438	35	35	37	85	88	22	0	255
 67484	35	35	37	85	88	22	0	255
 67529	35	35	37	85	88	22	0	255
 67574	35	35	37	85	88	22	0	255
 67620	35	35	37	85	88	22	0	255
 67665	35	35	37	85	88	23	0	255
 67756	35	35	37	85	88	22	0	255
 67801	35	35	37	85	88	22	0	255
 67846	35	35	37	85	88	22	0	255
 67892	35	35	37	85	88	22	0	255
 67937	35	35	37	85	88	22	0	255
 67983	35	35	37	85	88	22	0	255
 68028	35	35	37	85	88	22	0	255
 68073	35	35	37	85	88	23	0	255
 68119	35	35	37	85	88	22	0	255
 68164	35	35	37	85	88	23	0	255
 68209	35	35	37	85	88	22	0	255
 68255	35	35	37	85	88	22	0	255
 68300	35	35	37	85	88	22	0	255
 68345	35	35	37	85	88	22	0	255
 68391	35	35	37	85	88	22	0	255
 68436	35	35	37	85	88	22	0	255
 68481	35	35	37	85	88	22	0	255
 68527	35	35	37	85	88	22	0	255
 68572	35	35	37	85	88	22	0	255
 68617	35	35	37	85	88	20	0	255
 68711	35	35	37	85	88	22	0	255
 68754	35	35	37	85	88	22	0	255
 68799	35	35	37	85	88	22	0	255
 68844	35	35	37	85	88	22	0	255
 68890	35	35	37	85	88	22	0	255
 68935	35	35	37	85	88	22	0	255
 68980	35	35	37	85	88	20	0	255
 69026	35	35	37	85	88	22	0	255
 69071	35	35	37	85	88	22	0	255
 69116	35	35	37	85	88	22	0	255
 69162	35	35	37	85	88	22	0	255
 69211	35	35	37	85	88	20	0	255
 69252	35	35	37	85	88	22	0	255
 69298	35	35	37	85	88	22	0	255
 69343	35	35	37	85	88	22	0	255
 69388	35	35	37	85	88	22	0	255
 69434	35	35	37	85	88	22	0	255
 69479	35	35	37	85	88	22	0	255
 69525	35	35	37	85	88	20	0	255
 69570	35	35	37	85	88	22	0	255
 69615	35	35	37	85	88	22	0	255
 69661	35	35	37	85	88	22	0	255
 69706	35	35	37	85	88	22	0	255
 69751	35	35	37	85	88	22	0	255
 69797	35	35	37	85	88	22	0	255
 69842	35	35	37	85	88	22	0	255
 69891	35	35	37	85	88	22	0	255
 69933	35	35	37	85	88	22	0	255
 69978	35	35	37	85	88	20	0	255
 70023	35	35	37	85	88	22	0	255
 70069	35	35	37	85	88	22	0	255
 70114	35	35	37	85	88	22	0	255
 70159	35	35	37	85	88	22	0	255
 70205	35	35	37	85	88	20	0	255
 70250	35	35	37	85	88	22	0	255
 70296	35	35	37	85	88	22	0	255
 70341	35	35	37	85	88	22	0	255
 70386	35	35	37	85	88	20	0	255
 70432	35	35	37	85	88	22	0	255
 70477	35	35	37	85	88	22	0	255
 70522	35	35	37	85	88	22	0	255
 70568	35	35	37	85	88	22	0	255
 70613	35	35	37	85	88	22	0	255
 70658	35	35	37	85	88	20	0	255
 70704	35	35	37	85	88	22	0	255
 70749	35	35	37	85	88	22	0	255
 70794	35	35	37	85	88	22	0	255
 70840	35	35	37	85	88	22	0	255
 70885	35	35	37	85	88	22	0	255
 70931	35	35	37	85	88	22	0	255
 71021	35	35	37	84	88	22	0	255
 71067	35	35	37	85	88	22	0	255
 71112	35	35	37	85	88	22	0	255
 71157	35	35	37	85	88	20	0	255
 71203	35	35	37	84	88	22	0	255
 71248	35	35	37	84	88	22	0	255
 71293	35	35	37	84	88	20	0	255
 71339	35	35	37	84	88	22	0	255
 71384	35	35	37	84	88	22	0	255
 71429	35	35	37	84	88	20	0	255
 71475	35	35	37	84	88	22	0	255
 71520	35	35	37	84	88	22	0	255
 71565	35	35	37	84	88	22	0	255
 71615	35	35	37	84	88	22	0	255
 71656	35	35	37	84	88	22	0	255
 71701	35	35	37	84	88	20	0	255
 71792	35	35	37	84	88	22	0	255
 71838	35	35	37	84	88	22	0	255
 71883	35	35	37	84	88	22	0	255
 71928	35	35	37	84	88	20	0	255
 71974	35	35	37	84	88	20	0	255
 72019	35	35	37	84	88	20	0	255
 72064	35	35	37	84	88	22	0	255
 72110	35	35	37	84	88	20	0	255
 72155	35	35	37	84	88	22	0	255
 72200	35	35	37	84	88	20	0	255
 72246	35	35	37	84	88	22	0	255
 72291	35	35	37	84	88	22	0	255
 72336	35	35	37	84	88	20	0	255
 72386	35	35	37	84	88	22	0	255
 72427	35	35	37	84	88	22	0	255
 72473	35	35	37	84	88	20	0	255
 72518	35	35	37	84	88	22	0	255
 72563	35	35	37	84	88	20	0	255
 72609	35	35	37	84	88	22	0	255
 72654	35	35	37	84	88	22	0	255
 72699	35	35	37	84	88	20	0	255
 72745	35	35	37	84	88	22	0	255
 72790	35	35	37	84	88	20	0	255
 72835	35	35	37	84	88	20	0	255
 72881	35	35	37	84	88	20	0	255
 72926	35	35	37	84	88	20	0	255
 72971	35	35	37	84	88	20	0	255
 73017	35	35	37	84	88	20	0	255
 73062	35	35	37	84	88	22	0	255
 73108	35	35	37	84	88	20	0	255
 73153	35	35	37	84	88	22	0	255
 73198	35	35	37	84	88	22	0	255
 73244	35	35	37	84	88	22	0	255
 73289	35	35	37	84	88	22	0	255
 73334	35	35	37	84	88	20	0	255
 73380	35	35	37	84	88	20	0	255
 73425	35	35	37	84	88	20	0	255
 73470	35	35	37	84	88	20	0	255
 73561	35	35	37	84	88	20	0	255
 73606	35	35	37	84	88	20	0	255
 73652	35	35	37	84	88	22	0	255
 73697	35	35	37	84	88	20	0	255
 73742	35	35	37	84	88	20	0	255
 73788	35	35	37	84	88	20	0	255
 73833	35	35	37	84	88	20	0	255
 73879	35	35	37	84	88	22	0	255
 73924	35	35	37	84	88	20	0	255
 73969	35	35	37	84	88	22	0	255
 74015	35	35	37	84	88	20	0	255
 74060	35	35	37	84	88	20	0	255
 74105	35	35	37	84	88	20	0	255
 74151	35	35	37	84	88	20	0	255
 74196	35	35	37	84	88	20	0	255
 74241	35	35	37	84	88	20	0	255
 74287	35	35	37	84	88	20	0	255
 74332	35	35	37	84	88	20	0	255
 74377	35	35	37	84	88	20	0	255
 74423	35	35	37	84	88	20	0	255
 74468	35	35	37	84	88	20	0	255
 74513	35	35	37	84	88	20	0	255
 74559	35	35	37	84	88	22	0	255
 74604	35	35	37	84	88	20	0	255
 74650	35	35	37	84	88	19	0	255
 74695	35	35	37	84	88	20	0	255
 74740	35	35	37	84	88	20	0	255
 74786	35	35	37	84	88	20	0	255
 74831	35	35	37	84	88	19	0	255
 74876	35	35	37	84	88	20	0	255
 74925	35	35	37	84	88	20	0	255
 74967	35	35	37	84	88	20	0	255
 75012	35	35	37	84	88	20	0	255
 75058	35	35	37	84	88	20	0	255
 75103	35	35	37	84	88	22	0	255
 75149	35	35	37	84	88	20	0	255
 75194	35	35	37	84	88	20	0	255
 75239	35	35	37	84	88	20	0	255
 75285	35	35	37	84	88	20	0	255
 75330	35	35	37	84	88	20	0	255
 75378	35	35	37	84	88	20	0	255
 75421	35	35	37	84	88	22	0	255
 75466	35	35	37	84	88	22	0	255
 75511	35	35	37	84	88	20	0	255
 75557	35	35	37	84	88	20	0	255
 75602	35	35	37	84	88	20	0	255
 75647	35	35	37	84	88	20	0	255
 75693	35	35	37	84	88	20	0	255
 75783	35	35	37	84	88	20	0	255
 75829	35	35	37	84	88	20	0	255
 75874	35	35	37	84	88	20	0	255
 75923	35	35	37	84	88	20	0	255
 75965	35	35	37	84	88	19	0	255
 76056	35	35	37	84	88	20	0	255
 76101	35	35	37	84	88	20	0	255
 76146	35	35	37	84	88	20	0	255
 76192	35	35	37	84	88	20	0	255
 76237	35	35	37	84	87	20	0	255
 76282	35	35	37	84	87	20	0	255
 76373	35	35	37	84	88	20	0	255
 76418	35	35	37	84	87	22	0	255
 76464	35	35	37	84	88	20	0	255
 76509	35	35	37	84	87	20	0	255
 76554	35	35	37	84	87	19	0	255
 76600	35	35	37	84	87	20	0	255
 76645	35	35	37	84	88	20	0	255
 76691	35	35	37	84	87	20	0	255
 76736	35	35	37	84	87	20	0	255
 76781	35	35	37	84	87	20	0	255
 76827	35	35	37	84	87	20	0	255
 76872	35	35	37	84	87	20	0	255
 76917	35	35	37	84	87	20	0	255
 76963	35	35	37	84	87	19	0	255
 77008	35	35	37	84	87	20	0	255
 77053	35	35	37	84	87	20	0	255
 77099	35	35	37	84	87	20	0	255
 77144	35	35	37	84	87	20	0	255
 77189	35	35	37	84	87	20	0	255
 77235	35	35	37	84	87	20	0	255
 77280	35	35	37	84	87	20	0	255
 77326	35	35	37	84	87	20	0	255
 77371	35	35	37	84	87	20	0	255
 77416	35	35	37	84	87	20	0	255
 77462	35	35	37	84	87	20	0	255
 77507	35	35	37	84	87	20	0	255
 77552	35	35	37	84	87	20	0	255
 77598	35	35	37	84	87	20	0	255
 77643	35	35	37	84	87	20	0	255
 77688	35	35	37	84	87	20	0	255
 77734	35	35	37	84	87	19	0	255
 77779	35	35	37	84	87	19	0	255
 77824	35	35	37	84	87	19	0	255
 77870	35	35	37	84	87	20	0	255
 77915	35	35	37	84	87	20	0	255
 77960	35	35	37	84	87	20	0	255
 78006	35	35	37	84	87	20	0	255
 78051	35	35	37	84	87	20	0	255
 78097	35	35	37	84	87	19	0	255
 78142	35	35	37	84	87	20	0	255
 78187	35	35	37	84	87	19	0	255
 78278	35	35	37	84	87	19	0	255
 78323	35	35	37	84	87	20	0	255
 78369	35	35	37	84	87	19	0	255
 78414	35	35	37	84	87	19	0	255
 78459	35	35	37	84	87	20	0	255
 78505	35	35	37	84	87	20	0	255
 78550	35	35	37	84	87	19	0	255
 78595	35	35	37	84	87	20	0	255
 78641	35	35	37	84	87	20	0	255
 78686	35	35	37	84	87	20	0	255
 78777	35	35	37	84	87	19	0	255
 78822	35	35	37	84	87	20	0	255
 78868	35	35	37	84	87	19	0	255
 78913	35	35	37	84	87	19	0	255
 78958	35	35	37	84	87	20	0	255
 79004	35	35	37	84	87	20	0	255
 79049	35	35	37	84	87	19	0	255
 79094	35	35	37	84	87	19	0	255
 79140	35	35	37	84	87	19	0	255
 79185	35	35	37	84	87	19	0	255
 79230	35	35	37	84	87	19	0	255
 79276	35	35	37	84	87	19	16	255
 79321	35	35	37	84	87	20	16	255
 79366	35	35	37	84	87	19	16	255
 79412	35	35	37	84	87	19	16	255
 79457	35	35	37	84	87	19	16	255
 79502	35	35	37	84	87	19	16	255
 79548	35	35	37	84	87	19	16	255
 79593	35	35	37	84	87	19	16	255
 79638	35	35	37	84	87	20	16	255
 79687	35	35	37	85	87	19	16	255
 79775	35	35	37	85	87	19	16	255
 79824	35	35	37	85	87	19	16	255
 79865	35	35	37	85	87	20	16	255
 79911	35	35	37	86	87	20	16	255
 79956	35	35	37	86	87	19	16	255
 80001	35	35	37	86	88	19	16	255
 80047	35	35	37	86	88	19	16	255
 80092	35	35	37	87	88	20	16	255
 80141	35	35	37	87	88	20	16	255
 80183	35	35	37	87	88	20	16	255
 80228	35	35	37	87	88	19	16	255
 80273	35	35	37	87	89	19	16	255
 80319	35	35	37	88	89	19	16	255
 80364	35	35	37	88	89	19	16	255
 80409	35	35	37	88	89	20	16	255
 80455	35	35	37	88	89	19	16	255
 80500	35	35	37	88	89	19	16	255
 80546	35	35	37	88	90	19	16	255
 80591	35	35	37	89	90	20	16	255
 80636	35	35	37	89	90	19	16	255
 80682	35	35	37	89	90	19	16	255
 80727	35	35	37	89	90	19	0	255
 80772	35	35	37	89	91	19	0	255
 80818	35	35	37	90	91	19	0	255
 80863	35	35	37	90	91	19	0	255
 80908	35	35	37	89	91	19	0	255
 80954	35	35	37	89	91	19	0	255
 80999	35	35	37	89	91	19	0	255
 81044	35	35	37	89	91	19	0	255
 81090	35	35	37	89	91	19	0	255
 81135	35	35	37	89	91	19	0	255
 81180	35	35	37	89	91	20	0	255
 81230	35	35	37	89	91	19	0	255
 81317	35	35	37	89	91	19	0	255
 81362	35	35	37	89	91	19	0	255
 81407	35	35	37	89	91	19	0	255
 81453	35	35	37	89	91	19	0	255
 81498	35	35	37	89	91	19	0	255
 81543	35	35	37	89	91	19	0	255
 81589	35	35	37	89	91	19	0	255
 81634	35	35	37	89	91	19	0	255
 81679	35	35	37	89	91	19	0	255
 81725	35	35	37	89	91	20	0	255
 81770	35	35	37	89	91	19	0	255
 81815	35	35	37	89	91	19	0	255
 81861	35	35	37	89	91	19	0	255
 81906	35	35	37	89	91	19	0	255
 81951	35	35	37	89	91	19	0	255
 81997	35	35	37	89	91	19	0	255
 82042	35	35	37	89	91	19	0	255
 82088	35	35	37	89	91	19	0	255
 82133	35	35	37	89	91	18	0	255
 82178	35	35	37	89	91	20	0	255
 82224	35	35	37	89	91	19	0	255
 82269	35	35	37	89	91	19	0	255
 82314	35	35	37	89	91	19	0	255
 82360	35	35	37	89	91	19	0	255
 82405	35	35	37	89	91	19	0	255
 82450	35	35	37	89	91	19	0	255
 82496	35	35	37	89	91	19	0	255
 82541	35	35	37	89	91	19	0	255
 82586	35	35	37	89	91	19	0	255
 82632	35	35	37	89	91	20	0	255
 82722	35	35	37	89	91	19	0	255
 82768	35	35	37	89	91	20	0	255
 82813	35	35	37	89	91	19	0	255
 82858	35	35	37	89	91	19	0	255
 82904	35	35	37	89	91	19	0	255
 82949	35	35	37	89	91	20	0	255
 82995	35	35	37	89	91	19	0	255
 83040	35	35	37	89	91	19	0	255
 83085	35	35	37	89	91	19	0	255
 83131	35	35	37	89	91	19	0	255
 83176	35	35	37	89	91	19	0	255
 83221	35	35	37	89	91	19	0	255
 83267	35	35	37	89	91	19	0	255
 83312	35	35	37	89	91	18	0	255
 83357	35	35	37	89	91	19	0	255
 83403	35	35	37	89	91	19	0	255
 83448	35	35	37	89	91	19	0	255
 83493	35	35	37	89	91	19	0	255
 83539	35	35	37	89	91	19	0	255
 83584	35	35	37	89	91	19	0	255
 83629	35	35	37	89	91	19	0	255
 83675	35	35	37	89	91	19	0	255
 83720	35	35	37	89	91	20	0	255
 83766	35	35	37	89	91	19	0	255
 83811	35	35	37	89	91	19	0	255
 83856	35	35	37	89	91	19	0	255
 83902	35	35	37	89	91	19	0	255
 83947	35	35	37	89	91	19	0	255
 83992	35	35	37	89	91	19	0	255
 84038	35	35	37	89	91	19	0	255
 84083	35	35	37	89	91	19	0	255
 84128	35	35	37	89	91	20	0	255
 84175	35	35	37	89	91	19	0	255
 84405	35	35	37	89	91	19	0	255
 84468	35	35	37	89	91	18	0	255
 84491	35	35	37	89	91	19	0	255
 84536	35	35	37	89	91	19	0	255
 84582	35	35	37	89	91	19	0	255
 84627	35	35	37	89	91	19	0	255
 84672	35	35	37	89	91	19	0	255
 84718	35	35	37	89	91	19	0	255
 84763	35	35	37	89	91	19	0	255
 84808	35	35	37	89	91	20	0	255
 84854	35	35	37	89	91	19	0	255
 84899	35	35	37	89	91	19	0	255
 84990	35	35	37	89	91	19	0	255
 85035	35	35	37	89	91	19	0	255
 85084	35	35	37	89	91	19	0	255
 85130	35	35	37	89	91	19	0	255
 85175	35	35	37	89	91	19	0	255
 85262	35	35	37	89	91	18	0	255
 85307	35	35	37	89	91	19	0	255
 85353	35	35	37	89	91	19	0	255
 85398	35	35	37	89	91	19	0	255
 85443	35	35	37	89	91	19	0	255
 85489	35	35	37	89	91	19	0	255
 85534	35	35	37	89	91	19	0	255
 85579	35	35	37	89	91	20	0	255
 85625	35	35	37	89	91	19	0	255
 85670	35	35	37	89	91	19	0	255
 85715	35	35	37	89	91	19	0	255
 85761	35	35	37	89	91	19	0	255
 85806	35	35	37	89	91	18	0	255
 85851	35	35	37	89	91	19	0	255
 85897	35	35	37	89	91	19	0	255
 85942	35	35	37	89	91	19	0	255
 85988	35	35	37	89	91	19	0	255
 86033	35	35	37	89	91	19	0	255
 86078	35	35	37	89	91	19	0	255
 86124	35	35	37	89	91	19	0	255
 86169	35	35	37	89	91	19	0	255
 86214	35	35	37	89	91	19	0	255
 86260	35	35	37	89	91	19	0	255
 86305	35	35	37	89	91	19	0	255
 86350	35	35	37	89	91	19	0	255
 86396	35	35	37	89	91	19	0	255
