HomeCentral
 Falkenstrasse 20
 8630 Rueti
 Datum: 11.08.14 00:00
 
 Startzeit: 2014-08-11 00:00:06 +0100
 51	71	69	100	150	163	42	0	255
 97	71	69	100	150	163	41	0	255
 142	71	69	100	150	163	42	0	255
 192	71	69	99	150	163	42	0	255
 233	71	69	99	150	163	44	0	255
 278	71	69	99	150	163	42	0	255
 323	71	69	99	150	163	42	0	255
 414	71	69	99	150	163	42	0	255
 459	71	69	99	150	163	42	0	255
 505	71	69	99	150	163	42	0	255
 550	71	69	99	150	163	42	0	255
 595	71	69	98	150	163	42	0	255
 641	71	69	98	150	163	42	0	255
 732	71	69	98	150	163	42	0	255
 777	71	69	98	150	163	41	0	255
 822	71	69	98	150	163	44	0	255
 868	71	69	98	150	163	41	0	255
 913	70	69	98	150	163	42	0	255
 958	71	69	98	150	163	42	0	255
 1004	71	69	98	150	163	42	0	255
 1049	71	69	98	150	163	42	0	255
 1098	71	69	98	150	163	42	0	255
 1140	70	69	97	150	163	42	0	255
 1185	70	69	97	150	163	41	0	255
 1276	70	69	97	150	163	41	0	255
 1321	70	69	97	150	163	41	0	255
 1370	70	69	97	150	163	41	0	255
 1412	70	69	97	150	163	41	0	255
 1457	70	69	97	150	163	42	0	255
 1506	70	69	97	150	163	42	0	255
 1548	70	69	97	150	163	42	0	255
 1639	70	69	97	150	163	41	0	255
 1729	70	69	97	150	163	42	0	255
 1775	70	69	96	150	163	41	0	255
 1820	70	69	96	150	163	41	0	255
 1865	70	69	96	150	163	42	0	255
 1911	70	69	96	150	163	42	0	255
 1959	70	69	96	150	163	41	0	255
 2001	70	69	96	150	163	41	0	255
 2047	70	69	96	150	163	41	0	255
 2092	70	69	96	150	163	42	0	255
 2137	70	69	96	150	163	41	0	255
 2183	70	69	96	150	163	42	0	255
 2273	70	69	96	150	163	41	0	255
 2319	70	69	96	150	163	41	0	255
 2364	70	69	96	150	163	41	0	255
 2409	70	69	96	150	163	42	0	255
 2455	70	69	96	150	163	41	0	255
 2500	70	69	96	150	163	42	0	255
 2546	70	69	95	150	163	42	0	255
 2591	70	69	95	150	163	42	0	255
 2636	70	69	95	150	163	41	0	255
 2686	70	69	95	150	163	41	0	255
 2730	70	69	95	150	163	41	0	255
 2772	70	69	95	150	163	41	0	255
 2818	70	69	95	150	162	41	0	255
 2863	70	69	95	150	163	41	0	255
 2908	70	69	95	150	162	40	0	255
 2954	70	69	95	150	162	42	0	255
 2999	70	69	95	150	162	41	0	255
 3044	70	69	95	150	162	41	0	255
 3090	70	69	95	150	162	41	0	255
 3135	70	69	95	150	162	41	0	255
 3180	70	69	95	150	162	41	0	255
 3226	70	69	95	150	162	41	0	255
 3271	70	69	95	150	162	41	0	255
 3317	70	69	95	150	162	41	0	255
 3362	70	69	95	150	162	41	0	255
 3407	70	69	95	150	162	41	0	255
 3453	70	69	95	150	162	42	0	255
 3498	70	69	95	150	162	42	0	255
 3543	70	69	95	149	162	42	0	255
 3589	70	69	95	149	162	41	0	255
 3634	70	69	95	149	162	41	0	255
 3679	70	69	94	149	162	42	0	255
 3725	70	69	94	149	162	41	0	255
 3770	70	69	94	149	162	41	0	255
 3815	70	69	94	149	162	41	0	255
 3861	70	69	94	149	162	41	0	255
 3906	70	68	94	149	162	41	0	255
 3951	70	69	94	149	162	40	0	255
 3997	70	68	94	149	162	41	0	255
 4042	70	68	94	149	162	41	0	255
 4089	70	68	94	149	162	41	0	255
 4133	70	68	94	149	162	41	0	255
 4178	70	68	94	149	162	41	0	255
 4224	70	68	94	149	162	42	0	255
 4269	70	68	94	149	162	40	0	255
 4314	70	68	94	149	162	41	0	255
 4360	70	68	94	149	162	42	0	255
 4405	70	68	94	149	162	41	0	255
 4450	70	68	94	149	162	41	0	255
 4497	70	68	94	149	162	41	0	255
 4541	70	68	94	149	162	41	0	255
 4586	70	68	94	149	162	42	0	255
 4632	70	68	94	149	162	42	0	255
 4677	70	68	94	149	162	41	0	255
 4723	70	68	94	149	162	41	0	255
 4768	70	68	94	149	162	41	0	255
 4813	70	68	94	149	162	41	0	255
 4859	70	68	94	149	162	41	0	255
 4904	70	68	94	149	162	40	0	255
 4949	70	68	94	149	162	41	0	255
 4995	70	68	94	149	162	41	0	255
 5040	70	68	94	149	162	42	0	255
 5085	70	68	94	149	162	41	0	255
 5131	70	68	94	149	162	41	0	255
 5176	70	68	94	149	162	40	0	255
 5221	70	68	94	149	162	41	0	255
 5267	70	68	94	149	162	41	0	255
 5312	70	68	94	149	162	41	0	255
 5357	70	68	93	149	162	40	0	255
 5403	70	68	94	149	162	41	0	255
 5448	70	68	93	149	162	41	0	255
 5493	70	68	93	149	162	40	0	255
 5539	70	68	93	149	162	40	0	255
 5584	70	68	93	149	162	41	0	255
 5630	70	68	93	149	162	41	0	255
 5675	70	68	93	149	162	41	0	255
 5720	70	68	93	149	162	40	0	255
 5766	70	68	93	149	162	41	0	255
 5811	70	68	93	149	162	41	0	255
 5856	70	68	93	149	162	41	0	255
 5902	70	68	93	149	162	41	0	255
 5947	70	68	93	149	162	41	0	255
 5992	70	68	93	149	162	41	0	255
 6038	70	68	93	149	162	41	0	255
 6083	70	68	93	149	162	41	0	255
 6128	70	68	93	149	162	41	0	255
 6174	70	68	93	149	162	41	0	255
 6219	70	68	93	149	162	40	0	255
 6264	70	68	93	149	162	40	0	255
 6310	70	68	93	149	162	41	0	255
 6355	70	68	93	149	162	41	0	255
 6401	70	68	93	149	162	41	0	255
 6446	70	68	93	149	162	41	0	255
 6491	70	68	93	149	162	41	0	255
 6537	70	68	93	149	162	41	0	255
 6582	70	68	93	149	162	40	0	255
 6627	70	68	93	149	162	41	0	255
 6673	70	68	93	149	162	40	0	255
 6718	70	68	93	149	162	41	0	255
 6763	70	68	93	149	162	41	0	255
 6809	70	68	93	149	162	41	0	255
 6854	70	68	93	149	162	41	0	255
 6899	70	68	93	149	162	41	0	255
 6990	70	68	93	149	162	41	0	255
 7035	70	68	93	149	162	41	0	255
 7081	70	68	93	149	162	41	0	255
 7126	70	68	93	149	162	41	0	255
 7172	70	68	93	149	162	41	0	255
 7217	70	68	93	149	162	41	0	255
 7262	70	68	93	149	162	40	0	255
 7308	70	68	93	149	162	41	0	255
 7353	70	68	93	149	162	41	0	255
 7398	70	68	93	149	162	41	0	255
 7444	70	68	93	149	162	41	0	255
 7489	70	68	93	149	162	40	0	255
 7534	70	68	93	149	162	40	0	255
 7580	70	68	93	149	161	40	0	255
 7625	70	68	93	149	161	40	0	255
 7670	70	68	93	149	161	40	0	255
 7716	70	68	93	149	161	41	0	255
 7761	70	68	93	149	161	42	0	255
 7806	70	68	93	149	161	40	0	255
 7852	70	68	93	149	161	40	0	255
 7897	70	68	93	149	161	41	0	255
 7943	70	68	93	149	161	40	0	255
 7988	70	68	93	149	161	41	0	255
 8033	70	68	93	149	161	41	0	255
 8079	70	68	93	149	161	41	0	255
 8124	70	68	93	149	161	41	0	255
 8173	70	68	93	149	161	40	0	255
 8215	70	68	93	149	161	40	0	255
 8260	70	68	93	149	161	40	0	255
 8305	70	68	93	149	161	41	0	255
 8351	70	68	93	149	161	40	0	255
 8396	70	68	93	149	161	40	0	255
 8441	70	68	93	149	161	40	0	255
 8487	70	68	93	149	161	41	0	255
 8532	70	68	93	149	161	41	0	255
 8577	70	68	93	149	161	40	0	255
 8623	70	68	93	149	161	41	0	255
 8668	70	68	93	149	161	41	0	255
 8714	70	68	93	149	161	40	0	255
 8759	70	68	92	149	161	40	0	255
 8804	70	68	93	149	161	40	0	255
 8850	70	68	92	149	161	40	0	255
 8895	70	68	92	149	161	41	0	255
 8940	70	68	92	149	161	41	0	255
 8986	70	68	92	149	161	40	0	255
 9031	70	68	92	149	161	40	0	255
 9076	70	68	92	149	161	41	0	255
 9122	70	68	92	149	161	38	0	255
 9167	70	68	92	149	161	40	0	255
 9212	70	68	92	149	161	41	0	255
 9258	70	68	92	149	161	40	0	255
 9304	70	68	92	149	161	40	0	255
 9348	70	68	92	149	161	41	0	255
 9394	70	68	92	149	161	41	0	255
 9439	70	68	92	149	161	40	0	255
 9485	70	68	92	149	161	40	0	255
 9530	70	68	92	149	161	41	0	255
 9575	70	68	92	149	161	40	0	255
 9621	70	68	92	149	161	40	0	255
 9666	70	68	92	149	161	41	0	255
 9711	70	68	92	149	161	41	0	255
 9757	70	68	92	149	161	40	0	255
 9802	70	68	92	149	161	40	0	255
 9847	70	68	92	149	161	40	0	255
 9893	70	68	92	149	161	40	0	255
 9938	70	68	92	149	161	41	0	255
 9983	70	68	92	149	161	41	0	255
 10029	69	68	92	149	161	40	0	255
 10074	70	68	92	149	161	40	0	255
 10119	70	68	92	149	161	40	0	255
 10165	69	68	92	149	161	40	0	255
 10210	69	68	92	149	161	40	0	255
 10256	70	68	92	149	161	41	0	255
 10301	70	68	92	149	161	40	0	255
 10346	70	68	92	149	161	41	0	255
 10392	69	68	92	149	161	40	0	255
 10437	69	68	92	149	161	41	0	255
 10482	69	68	92	149	161	40	0	255
 10528	69	68	92	149	161	41	0	255
 10573	69	68	92	149	161	40	0	255
 10618	69	68	92	149	161	41	0	255
 10664	70	68	92	149	161	40	0	255
 10709	69	68	92	149	161	41	0	255
 10754	69	68	92	149	161	41	0	255
 10800	69	68	92	149	161	40	0	255
 10845	69	68	92	149	161	40	0	255
 10890	69	68	92	149	161	40	0	255
 10936	69	68	92	149	161	40	0	255
 10981	69	68	92	149	161	40	0	255
 11027	69	68	92	149	161	41	0	255
 11072	69	68	92	149	161	41	0	255
 11117	69	68	92	149	161	40	0	255
 11163	69	68	92	149	161	41	0	255
 11208	69	68	92	149	161	41	0	255
 11253	69	68	92	149	161	40	0	255
 11299	69	68	92	149	161	40	0	255
 11344	70	68	92	149	161	40	0	255
 11389	69	68	92	149	161	41	0	255
 11435	69	68	92	149	161	40	0	255
 11480	69	68	92	149	161	41	0	255
 11525	69	68	92	149	161	41	0	255
 11571	69	68	92	149	161	40	0	255
 11616	69	68	92	149	161	40	0	255
 11662	69	68	92	149	161	41	0	255
 11707	69	68	92	149	161	41	0	255
 11752	69	68	92	149	161	38	0	255
 11798	69	68	92	149	161	40	0	255
 11843	69	68	92	149	161	40	0	255
 11888	69	68	92	149	161	40	0	255
 11934	69	68	92	149	161	40	0	255
 11979	69	68	92	149	161	40	0	255
 12024	69	68	92	149	161	40	0	255
 12070	69	68	92	149	161	40	0	255
 12115	69	68	92	149	161	41	0	255
 12160	69	68	92	149	161	40	0	255
 12206	69	68	92	149	161	41	0	255
 12251	69	68	92	149	161	40	0	255
 12296	69	68	92	149	161	40	0	255
 12342	69	68	92	149	160	40	0	255
 12387	69	68	92	149	161	40	0	255
 12433	69	68	92	149	161	40	0	255
 12478	69	68	92	149	160	40	0	255
 12523	69	68	92	149	160	40	0	255
 12569	69	68	92	149	160	40	0	255
 12614	69	68	92	149	160	40	0	255
 12659	69	68	92	149	160	40	0	255
 12705	69	68	92	149	160	40	0	255
 12750	69	68	92	149	160	40	0	255
 12795	69	68	92	149	160	40	0	255
 12841	69	68	92	149	160	41	0	255
 12889	69	68	92	149	160	41	0	255
 12931	69	68	92	149	160	40	0	255
 12977	69	68	92	149	160	40	0	255
 13022	69	68	92	149	160	40	0	255
 13067	69	68	92	149	160	40	0	255
 13113	69	67	92	149	160	41	0	255
 13158	69	68	92	149	160	40	0	255
 13204	69	68	92	149	160	40	0	255
 13249	69	68	92	149	160	41	0	255
 13294	69	68	92	149	160	40	0	255
 13340	69	68	92	149	160	40	0	255
 13385	69	68	92	149	160	40	0	255
 13430	69	68	92	149	160	40	0	255
 13476	69	68	92	149	160	40	0	255
 13521	69	68	92	149	160	41	0	255
 13566	69	67	92	149	160	41	0	255
 13612	69	68	92	149	160	40	0	255
 13657	69	68	92	149	160	40	0	255
 13702	69	68	92	149	160	40	0	255
 13748	69	68	92	149	160	38	0	255
 13793	69	68	92	149	160	40	0	255
 13838	69	67	92	149	160	40	0	255
 13884	69	67	92	149	160	41	0	255
 13929	69	67	92	148	160	40	0	255
 13975	69	67	92	149	160	40	0	255
 14024	69	68	92	149	160	40	0	255
 14065	69	67	92	148	160	40	0	255
 14111	69	67	92	148	160	40	0	255
 14156	69	67	92	148	160	40	0	255
 14201	69	67	92	149	160	40	0	255
 14247	69	67	92	149	160	40	0	255
 14292	69	67	92	148	160	40	0	255
 14337	69	67	92	149	160	40	0	255
 14383	69	67	92	148	160	41	0	255
 14428	69	67	92	148	160	41	0	255
 14473	69	67	92	148	160	40	0	255
 14519	69	67	92	148	160	40	0	255
 14564	69	67	92	148	160	38	0	255
 14609	69	67	92	148	160	41	0	255
 14655	69	67	92	148	160	38	0	255
 14700	69	67	92	148	160	40	0	255
 14746	69	67	92	148	160	40	0	255
 14791	69	67	92	148	160	40	0	255
 14836	69	67	92	148	160	40	0	255
 14882	69	67	92	148	160	40	0	255
 14972	69	67	92	148	160	40	0	255
 15018	69	67	92	148	160	40	0	255
 15063	69	67	92	148	160	40	0	255
 15108	69	67	92	148	160	40	0	255
 15154	69	67	92	148	160	40	0	255
 15199	69	67	92	148	160	40	0	255
 15244	69	67	92	148	160	40	0	255
 15290	69	67	92	148	160	41	0	255
 15335	69	67	92	148	160	40	0	255
 15380	69	67	92	148	160	41	0	255
 15426	69	67	92	148	160	41	0	255
 15471	69	67	92	148	160	40	0	255
 15517	69	67	92	148	160	40	0	255
 15562	69	67	92	148	160	38	0	255
 15607	69	67	92	148	160	40	0	255
 15653	69	67	92	148	160	40	0	255
 15698	69	67	92	148	160	40	0	255
 15743	69	67	92	148	160	40	0	255
 15789	69	67	92	148	160	40	0	255
 15834	69	67	92	148	160	40	0	255
 15879	69	67	92	148	160	38	0	255
 15925	69	67	92	148	160	40	0	255
 15970	69	67	92	148	160	41	0	255
 16015	69	67	92	148	160	40	0	255
 16061	69	67	92	148	160	40	0	255
 16106	69	67	92	148	160	40	0	255
 16151	69	67	92	148	160	40	0	255
 16197	69	67	92	148	160	40	0	255
 16242	69	67	92	148	160	40	0	255
 16288	69	67	92	148	160	40	0	255
 16333	69	67	91	148	160	40	0	255
 16378	69	67	92	148	160	40	0	255
 16424	69	67	91	148	160	40	0	255
 16469	69	67	91	148	160	40	0	255
 16514	69	67	91	148	160	40	0	255
 16560	69	67	91	148	160	40	0	255
 16605	69	67	91	148	160	40	0	255
 16650	69	67	91	148	160	40	0	255
 16696	69	67	91	148	160	38	0	255
 16741	69	67	91	148	160	40	0	255
 16786	69	67	91	148	160	40	0	255
 16832	69	67	91	148	160	40	0	255
 16877	69	67	91	148	160	40	0	255
 16922	69	67	91	148	160	40	0	255
 16968	69	67	91	148	160	40	0	255
 17013	69	67	91	148	159	40	0	255
 17059	69	67	91	148	159	40	0	255
 17104	69	67	91	148	159	40	0	255
 17149	69	67	91	148	159	40	0	255
 17195	69	67	91	148	159	40	0	255
 17240	69	67	91	148	159	40	0	255
 17285	69	67	91	148	159	40	0	255
 17331	69	67	91	148	159	40	0	255
 17376	69	67	91	148	159	40	0	255
 17421	69	67	91	148	159	38	0	255
 17471	69	67	91	148	159	40	0	255
 17512	69	67	91	148	159	40	0	255
 17557	69	67	91	148	159	40	0	255
 17603	69	67	91	148	159	40	0	255
 17648	69	67	91	148	159	40	0	255
 17694	69	67	91	148	159	40	0	255
 17739	69	67	91	148	159	40	0	255
 17784	69	67	91	148	159	40	0	255
 17830	69	67	91	148	159	40	0	255
 17875	69	67	91	148	159	38	0	255
 17920	69	67	91	148	159	40	0	255
 17966	69	67	91	148	159	40	0	255
 18011	69	67	91	148	159	38	0	255
 18056	69	67	91	148	159	40	0	255
 18102	69	67	91	148	159	40	0	255
 18147	69	67	91	148	159	40	0	255
 18192	69	67	91	148	159	40	0	255
 18238	69	67	91	148	159	40	0	255
 18283	69	67	91	148	159	38	0	255
 18328	69	67	91	148	159	38	0	255
 18374	69	67	91	148	159	40	0	255
 18419	69	67	91	148	159	38	0	255
 18464	69	67	91	148	159	38	0	255
 18510	69	67	91	148	159	40	0	255
 18555	69	67	91	148	159	38	0	255
 18601	69	67	91	148	159	38	0	255
 18646	69	67	91	148	159	38	0	255
 18691	69	67	91	148	159	40	0	255
 18737	69	67	91	148	159	38	0	255
 18782	69	67	91	148	159	40	0	255
 18827	69	67	91	148	159	40	0	255
 18873	69	67	91	148	159	40	0	255
 18918	69	67	91	148	159	40	0	255
 18963	69	67	91	148	159	40	0	255
 19009	69	67	91	148	159	38	0	255
 19054	69	67	91	148	159	40	0	255
 19099	69	67	91	148	159	38	0	255
 19145	69	67	91	148	159	38	0	255
 19190	69	67	91	148	159	38	0	255
 19235	69	67	91	148	159	40	0	255
 19281	69	67	91	148	159	38	0	255
 19326	69	67	91	148	159	40	0	255
 19372	69	67	91	148	159	38	0	255
 19417	69	67	91	148	159	37	0	255
 19462	69	67	91	148	159	38	0	255
 19508	69	67	91	148	159	40	0	255
 19553	69	67	91	148	159	38	0	255
 19598	69	67	91	148	159	38	0	255
 19644	69	67	91	148	159	40	0	255
 19689	69	67	91	148	159	38	0	255
 19734	69	67	91	148	159	37	0	255
 19780	69	67	91	148	159	37	0	255
 19825	69	67	91	148	159	38	0	255
 19870	69	67	91	148	159	38	0	255
 19916	69	67	91	148	159	40	0	255
 19961	69	67	91	148	159	38	0	255
 20007	69	67	91	148	159	38	0	255
 20052	69	67	91	148	159	37	0	255
 20097	69	67	91	148	159	37	0	255
 20143	69	67	91	148	159	37	0	255
 20188	69	67	91	148	159	40	0	255
 20233	69	67	91	148	159	38	0	255
 20279	69	67	91	148	159	38	0	255
 20324	69	67	91	148	159	37	0	255
 20369	68	67	91	148	159	38	0	255
 20415	68	67	91	148	159	40	0	255
 20460	68	67	91	148	159	40	0	255
 20505	68	67	91	148	159	38	0	255
 20551	68	67	91	148	159	40	0	255
 20596	68	67	91	148	159	38	0	255
 20641	68	67	91	148	159	38	0	255
 20687	68	67	91	148	159	38	0	255
 20732	68	67	91	148	159	37	0	255
 20777	68	67	91	148	159	37	0	255
 20823	68	67	91	148	159	38	0	255
 20868	68	67	91	148	159	38	0	255
 20914	68	67	91	148	159	37	0	255
 20959	68	67	91	148	159	38	0	255
 21004	68	67	91	148	159	37	0	255
 21050	68	67	91	148	159	40	0	255
 21099	68	67	91	148	159	38	0	255
 21140	68	67	91	148	159	38	0	255
 21186	68	67	91	148	159	37	0	255
 21231	68	67	91	148	159	38	0	255
 21276	68	67	91	148	159	38	0	255
 21322	68	67	91	148	159	38	0	255
 21367	68	67	91	148	159	40	0	255
 21412	68	67	91	148	159	37	0	255
 21458	68	67	91	148	159	38	0	255
 21503	68	67	91	148	159	40	0	255
 21549	68	67	91	148	159	37	0	255
 21594	68	67	91	148	159	37	0	255
 21639	68	67	91	148	158	37	0	255
 21685	68	67	91	148	159	37	0	255
 21730	68	67	91	148	159	37	0	255
 21775	68	67	91	148	158	38	0	255
 21821	68	67	91	148	159	38	0	255
 21866	68	67	91	148	158	38	0	255
 21911	68	67	91	148	158	37	0	255
 21957	68	67	91	148	158	38	0	255
 22002	68	67	91	148	158	37	0	255
 22047	68	67	91	148	158	37	0	255
 22093	68	67	91	148	158	38	0	255
 22138	68	67	91	148	158	38	0	255
 22183	68	67	91	148	158	37	0	255
 22233	68	67	91	148	158	37	0	255
 22274	68	67	91	148	158	37	0	255
 22320	68	67	91	148	158	38	0	255
 22365	68	67	91	148	158	37	0	255
 22410	68	67	91	148	158	36	0	255
 22456	68	67	91	148	158	38	0	255
 22501	68	67	91	148	158	38	0	255
 22546	68	67	91	148	158	37	0	255
 22592	68	67	91	148	158	38	0	255
 22637	68	67	91	148	158	37	0	255
 22682	68	67	91	148	158	37	0	255
 22728	68	67	91	148	158	37	0	255
 22773	68	67	91	148	158	37	0	255
 22818	68	66	91	148	158	38	0	255
 22864	68	66	91	148	158	37	0	255
 22909	68	66	91	148	158	38	0	255
 22954	68	67	91	148	158	37	0	255
 23000	68	67	91	148	158	37	0	255
 23045	68	66	91	148	158	38	0	255
 23091	68	67	91	148	158	36	0	255
 23136	68	66	90	148	158	37	0	255
 23181	68	66	91	148	158	37	0	255
 23227	68	66	91	148	158	37	0	255
 23272	68	66	91	148	158	37	0	255
 23317	68	66	91	148	158	37	0	255
 23363	68	66	90	148	158	38	0	255
 23408	68	66	90	148	158	38	0	255
 23453	68	66	91	148	158	37	0	255
 23499	68	66	90	148	158	37	0	255
 23544	68	66	90	148	158	38	0	255
 23589	68	66	90	148	158	38	0	255
 23635	68	66	90	148	158	38	0	255
 23680	68	66	90	148	158	38	0	255
 23725	68	66	90	148	158	37	0	255
 23771	68	66	90	148	158	37	0	255
 23816	68	66	90	148	158	38	0	255
 23862	68	66	90	148	158	38	0	255
 23907	68	66	90	148	158	38	0	255
 23952	68	66	90	148	158	37	0	255
 23998	68	66	90	148	158	38	0	255
 24043	68	66	90	148	158	37	0	255
 24088	68	66	90	148	158	38	0	255
 24134	68	66	90	148	158	37	0	255
 24179	68	66	90	148	158	37	0	255
 24224	68	66	90	148	158	38	0	255
 24270	68	66	90	148	158	37	0	255
 24315	68	66	90	148	158	38	0	255
 24360	68	66	90	148	158	37	0	255
 24406	68	66	90	148	158	38	0	255
 24451	68	66	90	148	158	37	0	255
 24501	68	66	90	148	158	37	0	255
 24542	68	66	90	148	158	38	0	255
 24587	68	66	90	148	158	38	0	255
 24633	68	66	90	148	158	37	0	255
 24678	68	66	90	148	158	40	0	255
 24723	68	66	90	147	158	38	0	255
 24769	68	66	90	148	158	40	0	255
 24814	68	66	90	147	158	37	0	255
 24859	68	66	90	147	158	37	0	255
 24905	68	66	90	148	158	37	0	255
 24950	68	66	90	148	158	37	0	255
 24995	68	66	90	148	158	38	0	255
 25041	68	66	90	147	158	40	0	255
 25086	68	66	90	147	158	40	0	255
 25131	68	66	90	147	158	40	0	255
 25177	68	66	90	147	158	40	0	255
 25222	68	66	90	147	158	38	0	255
 25267	68	66	90	147	158	38	0	255
 25313	68	66	90	147	158	40	0	255
 25358	68	66	90	147	158	40	0	255
 25404	68	66	90	147	158	40	0	255
 25449	68	66	90	147	158	40	0	255
 25494	68	66	90	147	158	38	0	255
 25540	68	66	90	147	158	40	0	255
 25585	68	66	90	147	158	40	0	255
 25630	68	66	90	147	158	40	0	255
 25676	68	66	90	147	158	41	0	255
 25721	68	66	90	147	158	41	0	255
 25766	68	66	90	147	158	41	0	255
 25812	68	66	90	147	158	40	0	255
 25857	68	66	90	147	158	41	0	255
 25902	68	66	90	147	158	41	0	255
 25948	68	66	90	147	158	42	0	255
 25993	68	66	90	147	158	42	0	255
 26038	68	66	90	147	158	42	0	255
 26084	68	66	90	147	158	42	0	255
 26129	68	66	90	147	158	44	0	255
 26175	68	66	90	147	158	42	0	255
 26223	68	66	90	147	158	42	0	255
 26265	68	66	90	147	158	44	0	255
 26311	68	66	90	147	158	41	0	255
 26356	68	66	90	147	158	42	0	255
 26401	68	66	90	147	158	42	0	255
 26447	68	66	90	147	158	44	0	255
 26492	68	66	90	147	157	44	0	255
 26537	68	66	90	147	157	44	0	255
 26583	68	66	90	147	157	42	0	255
 26628	68	66	90	147	157	44	0	255
 26673	68	66	90	147	157	45	0	255
 26719	68	66	90	147	157	42	0	255
 26764	68	66	90	147	157	42	0	255
 26810	68	66	90	147	157	41	0	255
 26855	68	66	90	147	157	42	0	255
 26900	68	66	90	147	157	42	0	255
 26946	68	66	90	147	157	44	0	255
 26991	68	66	90	147	157	44	0	255
 27036	68	66	90	147	157	44	0	255
 27085	68	66	90	147	157	44	0	255
 27127	68	66	90	147	157	44	0	255
 27172	68	66	90	147	157	44	0	255
 27218	68	66	90	147	157	45	0	255
 27263	68	66	90	147	157	44	0	255
 27308	68	66	90	147	157	44	0	255
 27354	68	66	90	147	157	45	0	255
 27399	68	66	90	147	157	46	0	255
 27444	68	66	90	147	157	46	0	255
 27490	68	66	90	147	157	45	0	255
 27535	68	66	90	147	157	46	0	255
 27581	68	66	90	147	157	46	0	255
 27671	68	66	90	147	157	46	0	255
 27717	68	66	90	147	157	47	0	255
 27762	68	66	90	147	157	46	0	255
 27807	68	66	90	147	157	46	0	255
 27898	68	66	89	147	157	45	0	255
 27943	68	66	89	147	157	46	0	255
 27989	68	66	89	147	157	47	0	255
 28034	68	66	89	147	157	47	0	255
 28079	68	66	88	147	157	46	0	255
 28125	68	66	88	147	157	47	0	255
 28170	68	66	88	147	157	48	0	255
 28215	68	66	88	147	157	48	0	255
 28261	68	66	88	147	157	47	0	255
 28306	68	66	88	147	157	48	0	255
 28351	68	66	88	147	157	50	0	255
 28397	68	66	88	147	157	50	0	255
 28442	68	66	88	147	157	48	0	255
 28488	68	66	88	147	157	50	0	255
 28533	68	66	87	147	157	51	0	255
 28578	68	66	87	147	157	50	0	255
 28624	68	66	87	147	157	51	0	255
 28669	68	66	87	147	157	51	0	255
 28714	68	66	87	147	157	51	0	255
 28760	68	66	87	147	157	51	0	255
 28805	68	66	87	147	157	52	0	255
 28850	68	66	87	147	157	52	0	255
 28896	68	66	87	147	157	52	0	255
 28941	68	66	87	147	157	53	0	255
 28986	68	66	87	147	157	52	0	255
 29032	68	66	87	147	157	52	0	255
 29077	68	66	87	147	157	53	0	255
 29122	68	66	87	147	157	54	0	255
 29168	68	66	87	147	157	53	0	255
 29213	68	66	87	147	157	56	0	255
 29259	68	66	87	147	157	54	0	255
 29304	68	66	86	147	157	56	0	255
 29349	68	66	86	147	157	58	0	255
 29395	68	66	86	147	157	57	0	255
 29444	68	66	86	147	157	58	0	255
 29485	68	66	86	147	157	58	0	255
 29531	68	66	86	147	157	60	0	255
 29576	68	66	86	147	157	61	0	255
 29621	68	66	86	147	157	61	0	255
 29667	68	66	86	147	157	61	0	255
 29712	68	66	86	147	157	62	0	255
 29757	68	66	86	147	157	64	0	255
 29803	68	66	85	147	157	64	0	255
 29850	68	66	85	147	157	64	0	255
 29894	67	66	84	147	157	64	0	255
 29939	67	66	83	147	157	64	0	255
 29984	67	66	82	147	157	64	0	255
 30030	67	66	80	147	157	64	0	255
 30075	67	66	79	147	157	64	0	255
 30120	67	66	77	147	157	64	0	255
 30211	67	66	73	147	157	64	0	255
 30256	67	66	71	147	157	64	0	255
 30302	67	66	69	147	157	64	0	255
 30347	67	66	67	147	157	64	0	255
 30392	67	66	66	147	157	61	0	255
 30438	67	66	65	147	157	62	0	255
 30483	67	66	64	147	156	64	0	255
 30528	67	66	63	147	156	64	0	255
 30574	67	66	63	147	156	64	0	255
 30619	67	66	62	147	156	64	0	255
 30664	67	66	62	147	156	65	0	255
 30710	67	66	62	147	156	65	0	255
 30755	67	66	62	147	156	64	0	255
 30801	67	66	62	147	156	64	0	255
 30846	67	66	62	147	156	64	0	255
 30891	67	66	61	147	156	64	0	255
 30937	67	66	61	147	156	62	0	255
 31027	67	66	61	147	156	64	0	255
 31073	67	66	61	147	156	64	0	255
 31118	67	66	61	147	156	64	0	255
 31163	67	66	61	147	156	64	0	255
 31209	67	66	61	147	156	64	0	255
 31254	67	65	61	147	156	64	0	255
 31299	67	66	61	147	156	64	0	255
 31345	67	65	61	147	156	64	0	255
 31390	67	66	61	147	156	65	0	255
 31437	67	65	61	147	156	64	0	255
 31526	67	65	61	147	156	64	0	255
 31572	67	65	61	147	156	65	0	255
 31617	67	65	61	147	156	65	0	255
 31662	67	65	61	147	156	66	0	255
 31708	67	65	61	147	156	67	0	255
 31753	67	65	61	147	156	65	0	255
 31798	67	65	61	147	156	68	0	255
 31844	67	65	61	147	156	68	0	255
 31889	67	65	61	147	156	70	0	255
 31934	67	65	61	147	156	71	0	255
 31980	67	65	61	147	156	71	0	255
 32025	67	65	61	147	156	72	0	255
 32070	67	65	61	147	156	71	0	255
 32116	66	65	61	147	156	71	0	255
 32161	66	65	61	147	156	71	0	255
 32206	67	65	61	147	156	71	0	255
 32252	66	65	61	147	156	71	0	255
 32297	66	65	61	147	156	72	0	255
 32342	66	65	61	147	156	71	0	255
 32388	66	65	61	147	156	72	0	255
 32433	66	65	62	147	156	72	0	255
 32479	66	65	62	147	156	74	0	255
 32524	66	65	62	147	156	74	0	255
 32569	66	65	62	147	156	75	0	255
 32615	66	65	62	147	156	75	0	255
 32663	66	65	62	147	156	75	0	255
 32705	66	65	62	147	156	75	0	255
 32751	66	65	62	147	156	76	0	255
 32796	66	65	62	147	156	78	0	255
 32841	66	65	62	147	156	78	0	255
 32887	66	65	62	147	156	79	0	255
 32932	66	65	62	147	156	78	0	255
 32977	66	65	62	147	156	79	0	255
 33023	66	65	62	147	156	78	0	255
 33072	66	65	62	147	156	78	0	255
 33113	66	65	62	147	156	80	0	255
 33159	66	65	62	146	156	78	0	255
 33204	66	65	62	146	156	79	0	255
 33251	66	65	62	146	156	78	0	255
 33295	66	65	62	147	156	78	0	255
 33340	66	65	62	146	155	79	0	255
 33386	66	65	62	146	155	79	0	255
 33431	66	65	62	146	155	79	0	255
 33522	66	65	62	146	155	79	0	255
 33567	66	65	62	146	155	78	0	255
 33612	66	65	62	146	155	79	0	255
 33658	66	65	62	146	155	79	0	255
 33703	66	65	62	146	155	78	0	255
 33748	66	65	62	146	155	79	0	255
 33794	66	65	62	146	155	79	0	255
 33839	66	65	62	146	155	79	0	255
 33884	66	65	62	146	155	80	0	255
 33930	66	65	62	146	155	79	0	255
 33979	66	65	62	146	155	80	0	255
 34021	66	65	62	146	155	80	0	255
 34066	66	65	62	146	155	79	0	255
 34111	66	65	62	146	155	80	0	255
 34157	66	65	62	146	155	79	0	255
 34202	66	65	62	146	155	79	0	255
 34247	66	65	62	146	155	79	0	255
 34293	66	65	62	146	155	78	0	255
 34338	66	65	62	146	155	78	0	255
 34383	66	65	62	146	155	78	0	255
 34478	66	65	62	146	155	76	0	255
 34519	66	65	62	146	155	78	0	255
 34565	66	65	62	146	155	76	0	255
 34610	66	65	62	146	155	76	0	255
 34656	66	65	62	146	155	76	0	255
 34701	66	65	62	146	155	76	0	255
 34746	66	65	62	146	155	75	0	255
 34792	66	65	63	146	155	75	0	255
 34837	66	65	62	146	155	75	0	255
 34882	66	65	63	146	155	75	0	255
 34928	66	65	63	146	155	75	0	255
 34973	66	65	63	146	155	75	0	255
 35018	66	65	63	146	155	75	0	255
 35064	66	65	63	146	155	75	0	255
 35109	66	65	63	146	155	75	0	255
 35154	66	65	63	146	155	74	0	255
 35200	66	65	63	146	155	75	0	255
 35245	66	65	63	146	155	75	0	255
 35291	66	65	63	146	155	75	0	255
 35336	66	65	63	146	155	74	0	255
 35381	66	65	63	146	155	74	0	255
 35430	66	65	63	146	155	74	0	255
 35476	66	65	63	146	155	74	0	255
 35517	66	65	63	146	155	74	0	255
 35563	66	65	63	146	155	72	0	255
 35608	66	65	63	146	155	72	0	255
 35653	66	65	63	146	155	72	0	255
 35744	66	65	63	146	155	71	0	255
 35789	66	65	63	146	155	71	0	255
 35835	66	65	63	146	155	71	0	255
 35880	66	65	63	146	155	71	0	255
 35926	66	65	63	146	155	70	0	255
 35971	66	65	63	146	155	70	0	255
 36016	66	65	63	146	155	70	0	255
 36062	66	65	63	146	155	71	0	255
 36107	66	65	63	146	155	70	0	255
 36156	66	65	63	146	155	71	0	255
 36198	66	65	63	146	155	71	0	255
 36243	66	65	63	146	155	72	0	255
 36288	66	65	63	146	155	71	0	255
 36334	66	65	63	146	155	71	0	255
 36379	66	65	63	146	155	72	0	255
 36425	66	65	63	146	155	71	0	255
 36470	66	65	63	146	155	71	0	255
 36515	66	65	63	146	155	74	0	255
 36561	66	65	63	146	155	74	0	255
 36606	66	65	63	146	155	74	0	255
 36651	66	65	63	146	155	75	0	255
 36697	66	65	63	146	155	74	0	255
 36742	66	65	63	146	155	76	0	255
 36788	66	65	63	146	155	75	0	255
 36833	66	65	63	146	155	75	0	255
 36878	66	65	63	146	155	75	0	255
 36924	66	65	63	146	155	74	0	255
 36973	66	65	63	146	155	75	0	255
 37014	66	65	63	146	154	75	0	255
 37060	66	65	63	146	154	74	0	255
 37105	66	65	63	146	154	74	0	255
 37150	66	65	63	146	154	74	0	255
 37196	66	65	63	146	154	74	0	255
 37245	66	65	64	146	154	72	0	255
 37286	66	65	64	146	154	74	0	255
 37332	66	65	64	146	154	72	0	255
 37377	66	65	64	146	154	72	0	255
 37422	66	65	64	146	154	72	0	255
 37468	66	65	64	146	154	72	0	255
 37513	66	65	64	146	154	72	0	255
 37562	66	65	64	146	154	72	0	255
 37604	66	65	64	146	154	71	0	255
 37649	66	65	64	146	154	71	0	255
 37695	66	65	64	146	154	71	0	255
 37740	66	65	64	146	154	72	0	255
 37785	66	65	64	146	154	71	0	255
 37831	66	65	64	146	154	72	0	255
 37876	66	65	64	146	154	72	0	255
 37925	66	65	64	146	154	72	0	255
 37967	66	65	64	146	154	72	0	255
 38016	66	65	64	146	154	72	0	255
 38057	66	65	64	146	154	72	0	255
 38103	66	65	64	146	154	72	0	255
 38148	66	65	64	146	154	72	0	255
 38194	66	65	64	146	154	72	0	255
 38242	66	65	64	146	154	72	0	255
 38284	66	65	64	146	154	72	0	255
 38329	66	65	64	146	154	72	0	255
 38375	66	65	64	146	154	72	0	255
 38420	66	65	64	146	154	71	0	255
 38466	66	65	64	146	154	71	0	255
 38511	66	65	64	146	154	71	0	255
 38602	66	65	64	146	154	70	0	255
 38692	66	65	64	146	154	70	0	255
 38738	66	65	64	146	154	70	0	255
 38783	66	65	64	146	154	70	0	255
 38828	66	65	64	146	154	68	0	255
 38919	66	65	64	146	154	68	0	255
 38964	66	65	64	146	154	67	0	255
 39010	66	65	64	146	154	67	0	255
 39055	66	65	64	146	154	67	0	255
 39101	66	65	64	146	154	66	0	255
 39146	66	65	64	146	154	66	0	255
 39191	66	65	64	146	154	66	0	255
 39237	66	65	64	146	154	65	0	255
 39282	66	65	64	146	154	65	0	255
 39327	66	65	64	146	154	65	0	255
 39373	66	65	64	146	154	64	0	255
 39418	66	65	64	146	154	64	0	255
 39463	66	65	64	146	154	62	0	255
 39509	66	65	64	146	154	62	0	255
 39554	66	65	64	146	154	61	0	255
 39599	66	65	64	146	154	61	0	255
 39645	66	65	64	146	154	60	0	255
 39735	66	65	64	146	154	60	0	255
 39781	66	65	65	146	154	58	0	255
 39826	66	65	65	146	154	58	0	255
 39917	66	65	65	146	154	57	0	255
 39962	66	65	65	146	154	57	0	255
 40008	66	65	65	146	154	56	0	255
 40053	66	65	65	146	154	56	0	255
 40098	66	65	65	146	154	56	0	255
 40144	66	65	65	146	154	56	0	255
 40189	66	65	65	146	154	56	0	255
 40234	66	65	65	146	154	54	0	255
 40280	66	65	65	146	154	54	0	255
 40325	66	65	65	146	154	54	0	255
 40370	66	65	65	146	154	54	0	255
 40461	66	65	65	146	154	54	0	255
 40506	66	65	65	146	154	53	0	255
 40552	66	65	65	146	154	53	0	255
 40597	66	65	65	146	154	53	0	255
 40643	66	65	65	146	154	53	0	255
 40688	66	65	65	146	154	54	0	255
 40733	66	65	65	146	154	53	0	255
 40779	66	65	65	146	154	54	0	255
 40824	66	65	65	146	154	53	0	255
 40869	66	65	65	146	154	54	0	255
 40918	66	65	65	146	154	54	0	255
 40960	66	65	65	146	154	54	0	255
 41005	66	65	65	146	154	56	0	255
 41051	66	65	65	146	154	57	0	255
 41096	66	65	65	146	154	56	0	255
 41145	66	65	65	146	154	57	0	255
 41187	66	65	65	146	154	57	0	255
 41232	66	65	65	146	154	56	0	255
 41277	66	65	65	146	154	57	0	255
 41413	66	65	65	146	153	57	0	255
 41459	66	64	65	146	153	56	0	255
 41504	66	64	65	146	153	57	0	255
 41595	66	65	65	146	153	56	0	255
 41640	66	64	65	146	153	56	0	255
 41690	66	64	65	146	153	56	0	255
 41731	66	65	65	146	153	56	0	255
 41776	66	64	65	146	153	54	0	255
 41822	66	65	65	146	153	54	0	255
 41867	66	64	65	146	153	54	0	255
 41912	66	64	65	146	153	54	0	255
 41958	66	64	65	146	153	54	0	255
 42003	66	64	65	146	153	54	0	255
 42048	66	64	65	146	153	54	0	255
 42094	66	64	65	146	153	53	0	255
 42139	66	64	65	146	153	54	0	255
 42184	66	64	65	146	153	53	0	255
 42230	66	64	65	146	153	53	0	255
 42275	66	64	65	146	153	53	0	255
 42366	66	64	65	145	153	53	0	255
 42411	66	64	65	145	153	53	0	255
 42457	66	64	65	145	153	54	0	255
 42502	66	64	65	145	153	54	0	255
 42547	66	64	65	146	153	54	0	255
 42593	66	64	66	145	153	56	0	255
 42638	66	64	65	145	153	54	0	255
 42683	66	64	65	145	153	54	0	255
 42729	66	64	65	145	153	56	0	255
 42778	66	64	66	145	153	56	0	255
 42819	66	64	66	145	153	56	0	255
 42869	66	64	66	145	153	57	0	255
 42910	66	64	66	145	153	57	0	255
 42956	66	64	66	145	153	57	0	255
 43001	66	64	66	145	153	57	0	255
 43046	66	64	66	145	153	57	0	255
 43092	66	64	66	145	153	58	0	255
 43137	66	64	66	145	153	58	0	255
 43182	66	64	66	145	153	60	0	255
 43228	66	64	66	145	153	61	0	255
 43273	66	64	66	145	153	61	0	255
 43318	66	64	66	145	153	62	0	255
 43364	66	64	66	145	153	62	0	255
 43409	66	64	66	145	153	64	0	255
 43454	66	64	66	145	153	64	0	255
 43500	66	64	66	145	153	66	0	255
 43545	66	64	66	145	153	66	0	255
 43591	66	64	66	145	153	67	0	255
 43636	66	64	66	145	153	68	0	255
 43681	66	64	66	145	153	68	0	255
 43727	66	64	66	145	153	70	0	255
 43772	66	64	66	145	153	70	0	255
 43817	66	64	66	145	153	71	0	255
 43863	66	64	66	145	153	71	0	255
 43909	66	64	66	145	153	72	0	255
 43953	66	64	66	145	153	72	0	255
 43999	66	64	66	145	153	74	0	255
 44045	66	64	66	145	153	74	0	255
 44089	66	64	66	145	153	76	0	255
 44135	66	64	66	145	153	78	0	255
 44184	66	64	66	145	153	79	0	255
 44225	66	64	66	145	153	80	0	255
 44271	66	64	66	145	153	80	0	255
 44316	66	64	66	145	153	82	0	255
 44362	66	64	66	145	153	82	0	255
 44498	66	64	66	145	153	82	0	255
 44588	66	64	66	145	153	80	0	255
 44634	66	64	66	145	153	80	0	255
 44683	66	64	66	145	153	79	0	255
 44770	66	64	66	145	153	79	0	255
 44815	66	64	66	145	153	78	0	255
 44860	66	64	66	145	153	78	0	255
 44906	66	64	66	145	153	78	0	255
 44951	66	64	66	145	153	79	0	255
 44996	66	64	66	145	153	78	0	255
 45042	66	64	66	145	153	79	0	255
 45087	66	64	66	145	153	79	0	255
 45132	66	64	66	145	153	79	0	255
 45182	66	64	66	145	153	79	0	255
 45223	66	64	66	145	153	79	0	255
 45269	66	64	66	145	153	78	0	255
 45314	66	64	66	145	153	78	0	255
 45359	65	64	66	145	153	78	0	255
 45405	65	64	66	145	153	76	0	255
 45450	65	64	66	145	153	76	0	255
 45495	65	64	66	145	153	78	0	255
 45541	66	64	66	145	153	76	0	255
 45586	66	64	66	145	153	76	0	255
 45631	65	64	66	145	153	76	0	255
 45677	65	64	66	145	153	76	0	255
 45722	65	64	66	145	153	78	0	255
 45767	65	64	66	145	153	78	0	255
 45813	65	64	66	145	153	78	0	255
 45904	65	64	67	145	153	78	0	255
 45949	65	64	67	145	153	79	0	255
 45994	65	64	67	145	153	79	0	255
 46040	65	64	67	145	153	80	0	255
 46085	65	64	67	145	153	82	0	255
 46130	65	64	67	145	152	80	0	255
 46221	65	64	67	145	152	80	0	255
 46266	65	64	67	145	152	80	0	255
 46312	65	64	67	145	152	79	0	255
 46403	65	64	67	145	152	80	0	255
 46448	65	64	67	145	152	82	0	255
 46493	65	64	67	145	152	82	0	255
 46538	65	64	67	145	152	83	0	255
 46584	65	64	67	145	152	83	0	255
 46629	65	64	67	145	152	82	0	255
 46675	65	64	67	145	152	83	0	255
 46720	65	64	67	145	152	82	0	255
 46765	65	64	67	145	152	82	0	255
 46811	66	64	67	145	152	80	0	255
 46856	65	64	67	145	152	80	0	255
 46901	65	64	67	145	152	80	0	255
 46947	65	64	67	145	152	79	0	255
 46992	65	64	67	145	152	78	0	255
 47037	65	64	67	145	152	78	0	255
 47083	65	64	67	145	152	78	0	255
 47128	65	64	67	145	152	76	0	255
 47173	65	64	67	145	152	76	0	255
 47219	65	64	67	145	152	76	0	255
 47264	65	64	67	145	152	75	0	255
 47355	65	64	67	145	152	75	0	255
 47400	65	64	67	145	152	75	0	255
 47445	65	64	67	145	152	74	0	255
 47491	65	64	67	145	152	74	0	255
 47536	65	64	67	145	152	75	0	255
 47582	65	64	67	145	152	74	0	255
 47627	65	64	67	145	152	74	0	255
 47672	65	64	67	145	152	74	0	255
 47722	65	64	67	145	152	75	0	255
 47763	65	64	67	145	152	72	0	255
 47808	65	64	67	145	152	74	0	255
 47854	65	64	67	145	152	72	0	255
 47899	65	64	67	145	152	72	0	255
 47944	65	64	67	145	152	71	0	255
 47990	65	64	67	145	152	71	0	255
 48035	65	64	67	145	152	71	0	255
 48171	65	64	67	145	152	70	0	255
 48216	65	64	67	145	152	70	0	255
 48265	65	64	67	145	152	70	0	255
 48307	65	64	67	145	152	70	0	255
 48353	65	64	67	145	152	70	0	255
 48398	65	64	67	145	152	71	0	255
 48443	65	64	67	145	152	71	0	255
 48489	65	64	67	145	152	71	0	255
 48534	66	64	67	145	152	71	0	255
 48579	65	64	67	145	152	71	0	255
 48625	65	64	67	145	152	71	0	255
 48674	65	64	67	145	152	71	0	255
 48715	65	64	67	145	152	71	0	255
 48761	65	64	67	145	152	71	0	255
 48810	65	64	67	145	152	71	0	255
 48851	65	64	67	145	152	71	0	255
 48901	65	64	67	145	152	72	0	255
 48942	65	64	67	145	152	72	0	255
 48988	65	64	67	145	152	71	0	255
 49033	65	64	67	145	152	72	0	255
 49078	65	64	67	145	152	71	0	255
 49124	65	64	67	145	152	72	0	255
 49169	65	64	67	145	152	72	0	255
 49214	65	64	67	145	152	74	0	255
 49260	65	64	67	145	152	74	0	255
 49305	65	64	67	145	152	74	0	255
 49351	65	64	67	145	152	75	0	255
 49396	65	64	67	145	152	75	0	255
 49441	65	64	67	145	152	75	0	255
 49577	65	64	68	145	152	74	0	255
 49626	65	64	68	145	152	74	0	255
 49668	65	64	68	145	152	74	0	255
 49713	65	64	68	145	152	74	0	255
 49759	65	64	68	145	152	75	0	255
 49849	65	64	68	145	152	76	0	255
 49895	65	64	68	145	152	79	0	255
 49940	65	64	68	145	152	80	0	255
 49985	65	64	68	145	152	82	0	255
 50031	65	64	68	145	152	83	0	255
 50080	65	64	68	145	152	84	0	255
 50121	65	64	68	145	152	85	0	255
 50170	65	64	68	145	152	86	0	255
 50215	65	64	68	145	152	88	0	255
 50257	65	64	68	145	152	90	0	255
 50303	65	64	68	145	152	90	0	255
 50397	65	63	68	145	152	94	0	255
 50439	65	63	68	145	152	96	0	255
 50575	65	63	68	145	152	100	0	255
 50620	65	63	68	145	152	104	0	255
 50711	65	63	68	145	152	104	0	255
 50756	65	63	68	145	152	104	0	255
 50802	65	63	68	145	152	105	0	255
 50847	65	63	68	145	152	106	0	255
 50892	65	63	68	145	152	106	0	255
 50938	65	63	68	145	152	106	0	255
 50983	65	63	68	145	152	106	0	255
 51028	65	63	68	145	152	106	0	255
 51119	65	63	68	145	152	105	0	255
 51164	65	63	68	145	152	105	0	255
 51210	65	63	68	145	152	105	0	255
 51255	65	63	68	145	151	105	0	255
 51300	65	63	68	145	152	104	0	255
 51346	65	63	68	145	152	102	0	255
 51391	65	63	68	145	152	101	0	255
 51440	65	63	68	145	151	102	0	255
 51482	65	63	68	145	152	100	0	255
 51527	65	63	68	145	151	101	0	255
 51572	65	63	68	144	151	100	0	255
 51618	65	63	68	145	151	100	0	255
 51663	65	63	68	145	151	98	0	255
 51709	65	63	68	145	151	98	0	255
 51754	65	63	68	145	151	97	0	255
 51799	65	63	68	145	151	97	0	255
 51845	65	63	68	145	151	96	0	255
 51890	65	63	68	145	151	94	0	255
 51935	65	63	68	144	151	94	0	255
 51981	65	63	68	144	151	94	0	255
 52026	65	63	68	144	151	93	0	255
 52072	65	63	68	144	151	93	0	255
 52117	65	63	68	144	151	92	0	255
 52211	65	63	68	144	151	92	0	255
 52253	65	63	68	144	151	89	0	255
 52298	65	63	68	144	151	89	0	255
 52344	65	63	68	144	151	88	0	255
 52389	65	64	68	144	151	88	0	255
 52434	65	64	68	144	151	88	0	255
 52480	65	64	68	144	151	86	0	255
 52525	65	64	68	144	151	86	0	255
 52570	65	64	68	144	151	85	0	255
 52661	65	64	68	144	151	84	0	255
 52706	65	64	68	144	151	83	0	255
 52797	65	64	68	144	151	82	0	255
 52842	65	64	68	144	151	82	0	255
 52888	65	64	68	144	151	82	0	255
 52933	65	64	68	144	151	80	0	255
 52978	65	64	68	144	151	80	0	255
 53024	65	64	68	144	151	80	0	255
 53069	65	64	68	144	151	80	0	255
 53115	65	64	68	144	151	79	0	255
 53160	65	64	68	144	151	80	0	255
 53205	65	64	68	144	151	80	0	255
 53251	65	64	68	144	151	83	0	255
 53296	65	64	68	144	151	82	0	255
 53344	65	64	68	144	151	83	0	255
 53387	65	64	68	144	151	84	0	255
 53477	65	64	68	144	151	84	0	255
 53523	65	64	68	144	151	85	0	255
 53568	65	64	68	144	151	85	0	255
 53613	65	64	68	144	151	85	0	255
 53659	65	64	68	144	151	85	0	255
 53707	65	64	68	144	151	85	0	255
 53749	65	64	68	144	151	86	0	255
 53799	65	64	68	144	151	86	0	255
 53840	65	64	68	144	151	85	0	255
 53931	65	64	68	144	151	88	0	255
 53976	65	64	68	144	151	86	0	255
 54022	65	64	68	144	151	88	0	255
 54067	65	64	68	144	151	88	0	255
 54112	65	64	68	144	151	88	0	255
 54158	65	64	68	144	151	86	0	255
 54203	65	64	69	144	151	86	0	255
 54294	65	64	69	144	151	85	0	255
 54340	65	64	69	144	151	86	0	255
 54384	65	64	69	144	151	85	0	255
 54434	65	64	69	144	151	86	0	255
 54475	65	64	69	144	151	86	0	255
 54520	65	64	69	144	151	85	0	255
 54611	65	64	69	144	151	86	0	255
 54656	65	64	69	144	151	86	0	255
 54747	65	64	69	144	151	84	0	255
 54793	65	64	69	144	151	84	0	255
 54838	65	64	69	144	151	84	0	255
 54883	65	64	69	144	151	84	0	255
 54932	65	64	69	144	151	84	0	255
 54974	65	64	69	144	151	83	0	255
 55019	65	64	69	144	151	83	0	255
 55065	65	64	69	144	151	83	0	255
 55110	65	64	69	144	151	83	0	255
 55155	65	64	69	144	151	83	0	255
 55246	65	64	69	144	151	83	0	255
 55337	65	64	69	144	151	84	0	255
 55382	65	64	69	144	151	83	0	255
 55427	65	64	69	144	151	84	0	255
 55473	65	64	69	144	151	83	0	255
 55564	65	64	69	144	151	84	0	255
 55609	65	64	69	144	151	84	0	255
 55654	65	64	69	144	151	84	0	255
 55700	65	64	69	144	151	85	0	255
 55745	65	64	69	144	151	84	0	255
 55836	65	64	69	144	151	84	0	255
 55881	65	64	69	144	151	84	0	255
 55926	65	64	69	144	151	84	0	255
 55972	65	64	69	144	151	83	0	255
 56017	65	64	69	144	151	83	0	255
 56062	65	64	69	144	151	82	0	255
 56108	65	64	69	144	151	83	0	255
 56153	65	64	69	144	151	83	0	255
 56198	65	64	69	144	151	82	0	255
 56244	65	64	69	144	151	83	0	255
 56293	65	64	69	144	151	82	0	255
 56335	65	64	69	144	151	82	0	255
 56380	65	64	69	144	151	79	0	255
 56425	65	64	69	144	151	80	0	255
 56471	65	64	69	144	151	80	0	255
 56561	65	64	69	144	151	79	0	255
 56607	65	64	69	144	151	79	0	255
 56697	65	64	69	144	150	79	0	255
 56833	65	64	69	144	150	79	0	255
 56879	65	64	69	144	150	78	0	255
 56924	65	64	69	144	150	78	0	255
 56969	65	64	69	144	150	79	0	255
 57015	65	64	69	144	150	78	0	255
 57060	65	64	69	144	150	78	0	255
 57106	65	64	69	144	150	76	0	255
 57151	65	64	69	144	150	78	0	255
 57196	65	64	69	144	150	78	0	255
 57242	65	64	69	144	150	78	0	255
 57287	65	64	69	144	150	78	0	255
 57332	65	64	69	144	150	78	0	255
 57378	65	64	69	144	150	76	0	255
 57423	65	64	69	144	150	76	0	255
 57468	65	64	69	144	150	78	0	255
 57514	65	64	69	144	150	78	0	255
 57559	65	64	69	144	150	76	0	255
 57604	65	64	69	144	150	76	0	255
 57650	65	64	69	144	150	76	0	255
 57695	65	64	69	144	150	75	0	255
 57740	65	64	69	144	150	76	0	255
 57831	65	64	69	144	150	75	0	255
 57876	65	64	69	144	150	75	0	255
 57922	65	64	69	144	150	75	0	255
 57967	65	64	69	144	150	75	0	255
 58013	65	64	69	144	150	74	0	255
 58058	65	64	69	144	150	75	0	255
 58103	65	64	69	144	150	75	0	255
 58149	65	63	69	144	150	75	0	255
 58239	65	64	69	144	150	75	0	255
 58289	65	64	69	144	150	74	0	255
 58421	65	64	69	144	150	72	0	255
 58466	65	64	69	144	150	72	0	255
 58515	65	64	69	144	150	72	0	255
 58648	65	64	69	144	150	71	0	255
 58693	65	64	69	144	150	71	0	255
 58738	65	64	69	144	150	70	0	255
 58784	65	64	69	144	150	71	0	255
 58829	65	64	69	144	150	70	0	255
 58874	65	64	69	144	150	70	0	255
 58920	65	64	69	144	150	71	0	255
 58965	65	64	69	144	150	71	0	255
 59010	65	64	69	144	150	70	0	255
 59056	65	64	69	144	150	70	0	255
 59101	65	64	69	144	150	70	0	255
 59146	65	64	69	144	150	70	0	255
 59192	65	64	69	144	150	70	0	255
 59237	65	64	69	144	150	70	0	255
 59282	65	64	69	144	150	70	0	255
 59328	65	64	69	144	150	70	0	255
 59373	65	63	69	144	150	70	0	255
 59423	65	64	69	144	150	70	0	255
 59464	65	64	69	144	150	70	0	255
 59509	65	64	69	144	150	68	0	255
 59558	65	63	69	144	150	70	0	255
 59647	65	64	69	144	150	70	0	255
 59691	65	63	69	144	150	70	0	255
 59781	65	63	69	144	150	70	0	255
 59872	65	63	69	144	150	68	0	255
 59963	65	63	69	144	150	68	0	255
 60008	65	63	69	144	150	68	0	255
 60053	65	63	69	144	150	68	0	255
 60103	65	63	69	144	150	70	0	255
 60144	65	63	69	144	150	68	0	255
 60190	65	63	69	144	150	70	0	255
 60235	65	63	69	144	150	70	0	255
 60280	65	63	69	144	150	68	0	255
 60326	65	63	69	144	150	68	0	255
 60416	65	63	69	144	150	71	0	255
 60465	65	63	69	144	150	72	0	255
 60507	65	63	69	144	150	71	0	255
 60552	65	63	69	144	150	70	0	255
 60601	65	63	69	144	150	71	0	255
 60643	65	63	69	144	150	72	0	255
 60688	65	63	69	144	150	72	0	255
 60734	65	63	69	144	150	74	0	255
 60779	65	63	69	144	150	75	0	255
 60870	65	63	69	144	150	74	0	255
 60915	65	63	69	144	150	75	0	255
 60961	65	63	70	144	150	75	0	255
 61006	65	63	69	144	150	75	0	255
 61056	65	63	69	144	150	74	0	255
 61097	65	63	70	144	150	75	0	255
 61142	65	63	70	144	150	74	0	255
 61187	65	63	69	143	150	74	0	255
 61278	65	63	70	144	150	75	0	255
 61323	65	63	70	143	150	78	0	255
 61369	65	63	70	144	150	76	0	255
 61414	65	63	70	143	150	76	0	255
 61505	65	63	70	143	150	76	0	255
 61554	65	63	70	143	150	78	0	255
 61595	65	63	70	143	150	78	0	255
 61645	65	63	70	143	150	78	0	255
 61686	65	63	70	143	150	78	0	255
 61732	65	63	70	143	150	79	0	255
 61777	65	63	70	143	150	78	0	255
 61822	65	63	70	143	150	79	0	255
 61872	65	63	70	143	150	79	0	255
 61913	65	63	70	143	150	78	0	255
 61958	65	63	70	143	150	78	0	255
 62004	65	63	70	143	150	78	0	255
 62049	65	63	70	143	150	79	0	255
 62097	65	63	70	143	150	79	0	255
 62232	65	63	70	143	149	79	0	255
 62276	65	63	70	143	149	78	0	255
 62321	65	63	70	143	149	78	0	255
 62366	65	63	70	143	149	78	0	255
 62412	65	63	70	143	149	78	0	255
 62457	65	63	70	143	149	76	0	255
 62503	65	63	70	143	149	76	0	255
 62548	65	63	70	143	149	76	0	255
 62593	65	63	70	143	149	75	0	255
 62639	65	63	70	143	149	75	0	255
 62684	65	63	70	143	149	74	0	255
 62778	65	63	70	143	149	72	0	255
 62820	65	63	70	143	149	72	0	255
 62865	65	63	70	143	149	72	0	255
 62911	65	63	70	143	149	72	0	255
 63001	65	63	70	143	149	71	0	255
 63092	65	63	70	143	149	70	0	255
 63137	64	63	70	143	149	70	0	255
 63228	65	63	70	143	149	70	0	255
 63273	65	63	70	143	149	68	0	255
 63319	64	63	70	143	149	70	0	255
 63364	64	63	70	143	149	68	0	255
 63410	64	63	70	143	149	68	0	255
 63459	65	63	70	143	149	68	0	255
 63549	65	63	70	143	149	67	0	255
 63591	64	63	70	143	149	67	0	255
 63682	65	63	70	143	149	67	0	255
 63727	64	63	70	143	149	66	0	255
 63772	64	63	70	143	149	66	0	255
 63818	65	63	70	143	149	66	0	255
 63863	64	63	70	143	149	66	0	255
 63954	64	63	70	143	149	65	0	255
 63999	64	63	70	143	149	65	0	255
 64044	64	63	70	143	149	64	0	255
 64091	64	63	70	143	149	64	0	255
 64135	64	63	70	143	149	64	0	255
 64180	64	63	70	143	149	64	0	255
 64316	64	63	70	143	149	62	0	255
 64365	64	63	70	143	149	62	0	255
 64407	64	63	70	143	149	62	0	255
 64452	64	63	70	143	149	62	0	255
 64498	64	63	70	143	149	61	0	255
 64589	64	63	70	143	149	61	0	255
 64679	64	63	70	143	149	60	0	255
 64725	64	63	70	143	149	60	0	255
 64865	64	63	70	143	149	58	0	255
 64906	64	63	70	143	149	58	0	255
 64951	64	63	70	143	149	58	0	255
 64997	64	63	70	143	149	57	0	255
 65133	64	63	70	143	149	58	0	255
 65178	64	63	70	143	149	57	0	255
 65223	64	63	70	143	149	58	0	255
 65272	64	63	70	143	149	57	0	255
 65318	64	63	70	143	149	57	0	255
 65450	64	63	70	143	149	56	0	255
 65495	64	63	70	143	149	57	0	255
 65541	64	63	70	143	149	57	0	255
 65590	64	63	70	143	149	56	0	255
 65635	64	63	70	143	149	57	0	255
 65677	64	63	70	143	149	56	0	255
 65722	64	63	70	143	149	57	0	255
 65767	64	63	70	143	149	57	0	255
 65813	64	63	70	143	149	56	0	255
 65858	64	63	70	143	149	56	0	255
 65904	64	63	70	143	149	57	0	255
 65949	64	63	70	143	149	56	0	255
 65999	64	63	70	143	149	56	0	255
 66040	64	63	70	143	149	57	0	255
 66085	64	63	70	143	149	57	0	255
 66130	64	63	70	143	149	57	0	255
 66176	64	63	70	143	149	57	0	255
 66221	64	63	70	143	149	58	0	255
 66266	64	63	70	143	149	57	0	255
 66312	64	63	70	143	149	57	0	255
 66360	64	63	70	143	149	57	0	255
 66448	64	63	70	143	149	57	0	255
 66493	64	63	70	143	149	56	0	255
 66539	64	63	70	143	149	56	0	255
 66584	64	63	70	143	149	56	0	255
 66629	64	63	70	143	149	56	0	255
 66678	64	63	70	143	149	56	0	255
 66724	64	63	70	143	149	54	0	255
 66769	64	63	70	143	149	54	0	255
 66811	64	63	70	143	149	54	0	255
 66856	64	63	70	143	149	54	0	255
 66901	64	63	70	143	149	54	0	255
 66947	64	63	70	143	149	54	0	255
 66996	64	63	70	143	149	54	0	255
 67128	64	63	70	143	149	54	0	255
 67173	64	63	70	143	149	53	0	255
 67219	64	63	70	143	149	52	0	255
 67264	64	63	70	143	149	53	0	255
 67310	64	63	70	143	149	53	0	255
 67358	64	63	70	143	149	53	0	255
 67400	64	63	70	143	149	53	0	255
 67491	64	63	70	143	149	52	0	255
 67536	64	63	70	143	148	52	0	255
 67582	64	63	70	143	149	52	0	255
 67627	64	63	70	143	148	52	0	255
 67763	64	63	70	143	148	50	0	255
 67854	64	63	70	143	148	50	0	255
 67899	64	63	70	143	148	50	0	255
 67944	64	63	70	143	148	51	0	255
 67993	64	63	70	143	148	50	0	255
 68035	64	63	70	143	148	50	0	255
 68080	64	63	70	143	148	50	0	255
 68126	64	63	70	143	148	50	0	255
 68216	64	63	70	143	148	48	0	255
 68262	64	63	70	143	148	48	0	255
 68307	64	63	70	143	148	48	0	255
 68352	64	63	70	143	148	47	0	255
 68398	64	63	70	143	148	48	0	255
 68624	64	63	70	143	148	47	0	255
 68674	64	63	70	143	148	47	0	255
 68715	64	63	70	143	148	47	0	255
 68761	64	63	70	143	148	47	0	255
 68897	64	63	70	143	148	47	0	255
 68987	64	63	70	143	148	45	0	255
 69082	64	63	70	143	148	46	0	255
 69127	64	63	70	143	148	45	0	255
 69218	64	63	70	143	148	46	0	255
 69218	64	63	70	143	148	46	0	255
 69259	64	63	70	143	148	46	0	255
 69350	64	63	70	143	148	45	0	255
 69400	64	63	70	143	148	45	0	255
 69441	64	63	70	143	148	45	0	255
 69486	64	63	70	143	148	45	0	255
 69577	64	63	70	143	148	45	0	255
 69626	64	63	70	143	148	45	0	255
 69667	64	63	70	143	148	44	0	255
 69713	64	63	70	143	148	45	0	255
 69807	64	63	70	143	148	45	0	255
 69894	64	63	70	143	148	44	0	255
 69939	64	63	70	143	148	44	0	255
 69985	64	63	70	143	148	44	0	255
 70030	64	63	70	142	148	44	0	255
 70076	64	63	70	143	148	44	0	255
 70121	64	62	70	142	148	42	0	255
 70166	64	62	70	143	148	44	0	255
 70212	64	62	70	143	148	44	0	255
 70302	64	62	70	143	148	42	0	255
 70348	64	62	70	142	148	44	0	255
 70438	64	62	70	142	148	42	0	255
 70484	64	62	70	142	148	42	0	255
 70529	64	62	70	142	148	42	0	255
 70574	64	62	70	142	148	42	0	255
 70620	64	62	70	142	148	41	0	255
 70665	64	62	70	142	148	41	0	255
 70710	64	62	70	142	148	41	0	255
 70756	64	62	70	142	148	42	0	255
 70801	64	62	70	142	148	41	0	255
 70892	64	62	70	142	148	41	0	255
 70941	64	62	70	142	148	41	0	255
 70983	64	62	70	142	148	41	0	255
 71031	64	62	70	142	148	41	0	255
 71164	64	62	70	142	148	41	0	255
 71209	64	62	70	142	148	41	0	255
 71255	64	62	70	142	148	40	0	255
 71300	64	62	70	142	148	40	0	255
 71345	64	62	70	142	148	40	0	255
 71391	64	62	70	142	148	41	0	255
 71481	64	62	70	142	148	40	0	255
 71527	64	62	70	142	148	40	0	255
 71620	64	62	70	142	148	40	0	255
 71708	64	62	70	142	148	38	0	255
 71753	64	62	70	142	148	40	0	255
 71799	64	62	70	142	148	40	0	255
 71844	64	62	70	142	148	40	0	255
 71889	64	62	70	142	148	38	0	255
 71980	64	62	70	142	148	40	0	255
 72026	64	62	70	142	148	38	0	255
 72029	64	62	70	142	148	38	0	255
 72120	64	62	70	142	148	38	0	255
 72162	64	62	70	142	148	38	0	255
 72207	64	62	70	142	148	38	0	255
 72252	64	62	70	142	148	38	0	255
 72298	64	62	70	142	148	38	0	255
 72343	64	62	70	142	148	38	0	255
 72438	64	62	70	142	148	38	0	255
 72482	64	62	70	142	148	38	0	255
 72615	64	62	70	142	148	38	0	255
 72796	64	62	70	142	148	37	0	255
 72842	64	62	70	142	148	36	0	255
 72887	64	62	70	142	148	37	0	255
 72932	64	62	70	142	148	37	0	255
 72978	64	62	70	142	148	37	0	255
 73068	64	62	70	142	148	36	0	255
 73123	64	62	70	142	147	37	0	255
 73163	64	62	70	142	148	37	0	255
 73204	64	62	70	142	148	37	0	255
 73208	64	62	70	142	148	37	0	255
 73250	64	62	70	142	147	37	0	255
 73341	64	62	70	142	147	37	0	255
 73431	64	62	70	142	147	36	0	255
 73477	64	62	70	142	147	36	0	255
 73567	64	62	70	142	147	36	0	255
 73617	64	62	70	142	147	36	0	255
 73662	64	62	70	142	147	36	0	255
 73749	64	62	70	142	147	36	0	255
 73794	64	62	70	142	147	35	0	255
 73839	64	62	70	142	147	36	0	255
 73889	64	62	70	142	147	36	0	255
 73930	64	62	70	142	147	36	0	255
 74021	64	62	70	142	147	36	0	255
 74069	63	62	70	142	147	36	0	255
 74111	64	62	70	142	147	35	0	255
 74202	63	62	70	142	147	35	0	255
 74247	63	62	70	142	147	36	0	255
 74293	63	62	70	142	147	35	0	255
 74388	63	62	70	142	147	36	0	255
 74429	63	62	70	142	147	35	0	255
 74474	63	62	70	142	147	35	0	255
 74520	63	62	70	142	147	35	0	255
 74565	63	62	70	142	147	36	0	255
 74656	63	62	70	142	147	35	0	255
 74701	63	62	70	142	147	35	0	255
 74837	63	62	70	142	147	35	0	255
 74928	63	62	70	142	147	35	0	255
 74973	63	62	70	142	147	35	0	255
 75023	63	62	70	142	147	34	0	255
 75109	63	62	70	142	147	35	0	255
 75158	63	62	70	142	147	35	0	255
 75200	63	62	70	142	147	35	0	255
 75249	63	62	70	142	147	34	0	255
 75290	63	62	70	142	147	34	0	255
 75381	63	62	70	142	147	34	0	255
 75426	63	62	70	142	147	35	0	255
 75517	63	62	70	142	147	34	0	255
 75562	63	62	70	142	147	34	0	255
 75653	63	62	70	142	147	34	0	255
 75744	63	62	70	142	147	34	0	255
 75789	63	62	70	142	147	35	0	255
 75835	63	62	70	142	147	34	0	255
 75880	63	62	70	142	147	34	0	255
 75925	63	62	70	142	147	34	0	255
 75971	63	62	70	142	147	35	0	255
 76016	63	62	70	142	147	34	0	255
 76061	63	62	70	142	147	35	0	255
 76107	63	62	70	142	147	34	0	255
 76201	63	62	70	142	147	34	0	255
 76243	63	62	70	142	147	34	0	255
 76288	63	62	70	142	147	34	0	255
 76338	63	62	70	142	147	34	0	255
 76379	63	62	70	142	147	34	0	255
 76424	63	62	70	142	147	34	0	255
 76515	63	62	70	142	147	34	0	255
 76605	63	62	70	142	147	35	0	255
 76651	63	62	70	142	147	34	0	255
 76655	63	62	70	142	147	34	0	255
 76699	63	62	70	142	147	34	0	255
 76741	63	62	70	142	147	34	0	255
 76923	63	62	70	142	147	34	0	255
 77013	63	62	70	142	147	34	0	255
 77062	63	62	71	142	147	32	0	255
 77149	63	62	70	142	147	34	0	255
 77198	63	62	71	142	147	34	0	255
 77240	63	62	70	142	147	32	0	255
 77289	63	62	71	142	147	34	0	255
 77331	63	62	71	142	147	34	0	255
 77376	63	62	70	142	147	34	0	255
 77422	63	62	71	142	147	34	0	255
 77467	63	62	71	142	147	34	0	255
 77517	63	62	71	142	147	32	0	255
 77558	63	62	70	142	147	34	0	255
 77648	63	62	71	142	147	32	0	255
 77743	63	61	71	142	147	34	0	255
 77784	63	62	71	142	147	34	0	255
 77878	63	62	71	142	147	32	0	255
 77924	63	62	71	142	147	32	0	255
 78056	63	61	71	142	147	32	0	255
 78102	63	61	71	142	147	32	0	255
 78283	63	61	71	142	147	32	0	255
 78329	63	61	71	142	147	32	0	255
 78374	63	61	71	141	147	32	0	255
 78419	63	61	71	142	147	32	0	255
 78465	63	61	71	142	147	32	0	255
 78510	63	61	71	142	147	32	0	255
 78601	63	61	71	141	147	32	0	255
 78650	63	61	70	142	147	32	0	255
 78695	63	61	71	141	147	34	0	255
 78737	63	61	71	141	147	32	0	255
 78786	63	61	71	141	147	32	0	255
 78827	63	61	71	141	147	32	0	255
 78918	63	61	71	141	147	32	0	255
 78967	63	61	71	141	146	32	0	255
 78968	63	61	71	141	146	32	0	255
 79057	63	61	71	141	146	32	0	255
 79099	63	61	71	141	146	32	0	255
 79190	63	61	71	141	146	32	0	255
 79236	63	61	71	141	146	34	0	255
 79281	63	61	71	141	146	32	0	255
 79330	63	61	71	141	146	32	0	255
 79371	63	61	71	141	146	32	0	255
 79462	63	61	71	141	146	32	0	255
 79510	63	61	71	141	146	34	0	255
 79598	63	61	71	141	146	32	0	255
 79643	63	61	71	141	146	32	0	255
 79870	63	61	71	141	146	32	0	255
 79916	63	61	71	141	146	32	0	255
 79964	63	61	71	141	146	34	0	255
 80010	63	61	71	141	146	32	0	255
 80097	63	61	71	141	146	32	0	255
 80191	63	61	71	141	146	32	0	255
 80233	63	61	71	141	146	34	0	255
 80278	63	61	71	141	146	32	0	255
 80327	63	61	71	141	146	34	0	255
 80369	63	61	71	141	146	32	0	255
 80460	63	61	71	141	146	32	0	255
 80596	63	61	71	141	146	32	0	255
 80690	63	61	71	141	146	34	0	255
 80732	63	61	71	141	146	32	0	255
 80777	63	61	71	141	146	32	0	255
 80822	63	61	71	141	146	32	0	255
 80871	63	61	71	141	146	34	0	255
 80913	63	61	71	141	146	34	0	255
 80962	63	61	71	141	146	32	0	255
 81004	63	61	71	141	146	34	0	255
 81049	63	61	71	141	146	32	0	255
 81095	63	61	71	141	146	32	0	255
 81099	63	61	71	141	146	32	0	255
 81140	63	61	71	141	146	32	0	255
 81185	63	61	71	141	146	34	0	255
 81276	63	61	71	141	146	32	0	255
 81506	63	61	71	141	146	32	0	255
 81548	63	61	71	141	146	34	0	255
 81639	63	61	71	141	146	34	0	255
 81684	63	61	71	141	146	32	0	255
 81729	63	61	71	141	146	34	0	255
 81820	63	61	71	141	146	34	0	255
 81865	63	61	71	141	146	32	0	255
 81956	63	61	71	141	146	34	0	255
 82137	63	61	71	141	146	32	0	255
 82183	63	61	71	141	146	34	0	255
 82228	63	61	71	141	146	32	0	255
 82274	63	61	71	141	146	32	0	255
 82319	63	61	71	141	146	32	0	255
 82413	63	61	71	141	146	32	0	255
 82455	63	61	71	141	146	32	0	255
 82500	62	61	71	141	146	32	0	255
 82546	62	61	71	141	146	32	0	255
 82636	63	61	71	141	146	31	0	255
 82682	62	61	71	141	146	32	0	255
 82685	62	61	71	141	146	32	0	255
 82727	62	61	71	141	146	34	0	255
 82773	63	61	71	141	146	34	0	255
 82818	62	61	71	141	146	32	0	255
 82863	62	61	71	141	146	32	0	255
 82908	62	61	71	141	146	32	0	255
 82957	62	61	71	141	146	32	0	255
 82999	62	61	71	141	146	32	0	255
 83045	62	61	71	141	146	32	0	255
 83090	62	61	71	141	146	32	0	255
 83230	62	61	71	141	146	32	0	255
 83271	62	61	71	141	146	32	0	255
 83317	62	61	71	141	146	32	0	255
 83407	62	61	71	141	146	32	0	255
 83498	62	61	71	141	146	32	0	255
 83543	62	61	71	141	146	32	0	255
 83589	62	61	71	141	146	32	0	255
 83725	62	61	71	141	146	32	0	255
 83770	62	61	71	141	146	32	0	255
 83816	62	61	71	141	146	32	0	255
 83864	62	61	71	141	146	32	0	255
 83906	62	61	71	141	146	32	0	255
 83952	62	61	71	141	146	31	0	255
 83997	62	61	71	141	146	32	0	255
 84042	62	61	71	141	146	32	0	255
 84088	62	61	71	141	146	31	0	255
 84137	62	61	71	141	146	31	0	255
 84178	62	61	71	141	146	34	0	255
 84224	62	61	71	141	146	31	0	255
 84269	62	61	71	141	146	31	0	255
 84314	62	61	71	141	146	32	0	255
 84360	62	61	71	141	146	31	0	255
 84405	62	61	71	141	146	31	0	255
 84451	62	61	71	141	146	32	0	255
 84496	62	61	71	141	146	32	0	255
 84541	62	61	71	141	146	31	0	255
 84587	62	61	71	141	146	32	0	255
 84632	62	61	71	141	146	31	0	255
 84677	62	61	71	141	146	32	0	255
 84727	62	61	71	141	146	32	0	255
 84768	62	61	71	141	145	32	0	255
 84817	62	61	71	141	145	32	0	255
 84904	62	61	71	141	146	31	0	255
 84950	62	61	71	141	146	32	0	255
 84995	62	61	71	141	145	31	0	255
 85040	62	61	71	141	145	31	0	255
 85085	62	61	71	141	145	32	0	255
 85131	62	61	71	141	145	31	0	255
 85176	62	61	71	141	145	31	0	255
 85222	62	61	71	141	145	32	0	255
 85267	62	61	71	141	145	32	0	255
 85312	62	61	71	141	145	31	0	255
 85358	62	61	71	141	145	32	0	255
 85403	62	61	71	141	145	31	0	255
 85448	62	61	71	141	145	31	0	255
 85494	62	61	71	141	145	32	0	255
 85539	62	61	71	141	145	31	0	255
 85584	62	61	71	141	145	31	0	255
 85630	62	61	71	141	145	32	0	255
 85680	62	61	71	141	145	31	0	255
 85720	62	61	71	141	145	32	0	255
 85766	62	61	71	141	145	31	0	255
 85856	62	61	71	141	145	30	0	255
 85902	62	61	71	141	145	32	0	255
 85947	62	61	71	141	145	31	0	255
 85993	62	61	71	141	145	31	0	255
 86038	62	61	71	141	145	31	0	255
 86129	62	61	71	141	145	31	0	255
 86174	62	61	71	141	145	31	0	255
 86219	62	61	71	141	145	31	0	255
 86265	62	61	71	141	145	32	0	255
 86310	62	61	71	141	145	32	0	255
 86355	62	61	71	141	145	31	0	255
