HomeCentral
 Falkenstrasse 20
 8630 Rueti
 Datum: 12.01.14 00:00
 
 Startzeit: 2014-01-12 00:00:37 +0100
 83	32	32	47	90	93	16	0	255
 128	32	32	47	90	93	14	0	255
 173	32	32	47	90	93	16	0	255
 219	32	32	47	90	93	16	0	255
 264	32	32	47	90	93	16	0	255
 310	32	32	47	90	93	16	0	255
 355	32	32	47	90	93	16	0	255
 400	32	32	47	90	93	16	0	255
 446	32	32	47	90	93	16	0	255
 491	32	32	47	90	93	16	0	255
 536	32	32	47	90	93	16	0	255
 582	32	32	47	90	93	16	0	255
 627	32	32	47	90	93	16	0	255
 672	32	32	47	90	93	16	0	255
 718	32	32	47	90	93	16	0	255
 763	32	32	47	90	93	16	0	255
 808	32	32	47	90	93	16	0	255
 854	32	32	47	90	93	16	0	255
 899	32	32	47	90	93	16	0	255
 944	32	32	47	90	93	16	0	255
 990	32	32	47	90	93	16	0	255
 1035	32	32	47	90	93	16	0	255
 1080	32	32	47	90	93	17	0	255
 1126	32	32	47	90	93	16	0	255
 1171	32	32	47	90	93	16	0	255
 1216	32	32	47	90	93	16	0	255
 1262	32	32	47	90	93	16	0	255
 1307	32	32	47	90	93	16	0	255
 1353	32	32	47	90	93	16	0	255
 1398	32	32	47	90	93	16	0	255
 1443	32	32	47	90	93	16	0	255
 1489	32	32	47	90	93	16	0	255
 1534	32	32	47	90	93	16	0	255
 1579	32	32	47	90	93	16	0	255
 1625	32	32	47	90	93	16	0	255
 1670	32	32	47	90	93	16	0	255
 1715	32	32	47	90	93	16	0	255
 1761	32	32	47	90	93	16	0	255
 1806	32	32	47	90	93	16	0	255
 1851	32	32	47	90	93	16	0	255
 1897	32	32	47	90	93	17	0	255
 1942	32	32	47	90	93	14	0	255
 1987	32	32	47	90	93	16	0	255
 2033	32	32	47	90	93	16	0	255
 2078	32	32	47	90	93	16	0	255
 2123	32	32	47	90	93	16	0	255
 2169	32	32	47	90	93	14	0	255
 2214	32	32	47	90	93	16	0	255
 2260	32	32	47	90	93	17	0	255
 2305	32	32	47	90	93	16	0	255
 2350	32	32	47	90	93	16	0	255
 2396	32	32	47	90	93	16	0	255
 2441	32	32	47	90	93	17	0	255
 2486	32	32	47	90	93	14	0	255
 2532	32	32	47	90	93	16	0	255
 2577	32	32	47	90	93	14	0	255
 2622	32	32	47	90	93	16	0	255
 2668	32	32	47	90	93	16	0	255
 2713	32	32	47	90	93	16	0	255
 2758	32	32	47	90	93	16	0	255
 2804	32	32	47	90	93	16	0	255
 2849	32	32	47	90	93	17	0	255
 2894	32	32	47	90	93	16	0	255
 2940	32	32	47	90	93	17	0	255
 2985	32	32	47	90	93	16	0	255
 3030	32	32	47	90	93	16	0	255
 3076	32	32	47	90	93	16	0	255
 3121	32	32	47	90	93	17	0	255
 3167	32	32	47	90	93	16	0	255
 3212	32	32	47	90	93	16	0	255
 3257	32	32	47	90	93	17	0	255
 3303	32	32	47	90	93	16	0	255
 3348	32	32	47	90	93	16	0	255
 3393	32	32	47	90	93	16	0	255
 3439	32	32	47	90	93	16	0	255
 3484	32	32	47	90	93	16	0	255
 3529	32	32	47	90	93	16	0	255
 3575	32	32	47	90	93	17	0	255
 3624	32	32	47	90	93	16	0	255
 3665	32	32	47	90	93	16	0	255
 3711	32	32	47	90	93	17	0	255
 3756	32	32	47	90	93	17	0	255
 3801	32	32	47	90	93	16	0	255
 3847	32	32	47	90	93	16	0	255
 3892	32	32	47	90	93	17	0	255
 3937	32	32	47	90	93	16	0	255
 3983	32	32	47	90	93	16	0	255
 4028	32	32	47	90	93	16	0	255
 4074	32	32	47	90	93	16	0	255
 4119	32	32	47	90	93	16	0	255
 4164	32	32	47	90	93	16	0	255
 4210	32	32	47	90	93	16	0	255
 4255	32	32	47	90	93	16	0	255
 4301	32	32	47	90	93	16	0	255
 4346	32	32	47	90	93	16	0	255
 4391	32	32	47	90	93	16	0	255
 4436	32	32	47	90	93	16	0	255
 4482	32	32	47	90	93	16	0	255
 4527	32	32	47	90	93	16	0	255
 4572	32	32	47	90	93	16	0	255
 4618	32	32	47	90	93	16	0	255
 4663	32	32	47	90	93	16	0	255
 4708	32	32	47	90	93	16	0	255
 4754	32	32	47	90	93	16	0	255
 4799	32	32	47	90	93	16	0	255
 4845	32	32	47	90	93	16	0	255
 4890	32	32	47	90	93	16	0	255
 4935	32	32	47	90	93	17	0	255
 4981	32	32	46	90	93	17	0	255
 5026	32	32	47	90	93	16	0	255
 5071	32	32	46	90	93	16	0	255
 5117	32	32	47	90	93	16	0	255
 5162	32	32	47	90	93	16	0	255
 5207	32	32	46	90	93	16	0	255
 5253	32	32	47	90	93	16	0	255
 5298	32	32	46	90	93	16	0	255
 5343	32	32	47	90	93	16	0	255
 5389	32	32	46	90	93	16	0	255
 5435	32	32	46	90	93	16	0	255
 5479	32	32	47	90	93	16	0	255
 5525	32	32	47	90	93	16	0	255
 5570	32	32	46	90	93	16	0	255
 5615	32	32	46	90	93	16	0	255
 5661	32	32	47	90	93	16	0	255
 5706	32	32	46	90	93	16	0	255
 5751	32	32	46	90	93	16	0	255
 5797	32	32	46	90	93	16	0	255
 5842	32	32	46	89	93	16	0	255
 5888	32	32	46	90	93	16	0	255
 5933	32	32	46	90	93	16	0	255
 5978	32	32	46	90	93	16	0	255
 6024	32	32	46	90	93	16	0	255
 6069	32	32	46	90	93	16	0	255
 6114	32	32	46	89	93	16	0	255
 6160	32	32	46	90	93	16	0	255
 6205	32	32	46	90	93	16	0	255
 6250	32	32	46	90	93	16	0	255
 6296	32	32	46	90	93	14	0	255
 6341	32	32	46	90	93	16	0	255
 6386	32	32	46	89	93	16	0	255
 6432	32	32	46	90	93	16	0	255
 6477	32	32	46	89	93	16	0	255
 6522	32	32	46	89	93	16	0	255
 6568	32	32	46	89	93	16	0	255
 6613	32	31	46	89	93	16	0	255
 6658	32	32	46	89	93	16	0	255
 6704	32	32	46	89	93	16	0	255
 6749	32	32	46	89	93	16	0	255
 6794	32	32	46	89	93	16	0	255
 6840	32	32	46	90	93	16	0	255
 6885	32	32	46	89	93	16	0	255
 6931	32	32	46	89	93	16	0	255
 6976	32	32	46	89	93	16	0	255
 7021	32	32	46	89	93	16	0	255
 7067	32	32	46	89	93	16	0	255
 7112	32	32	46	89	93	16	0	255
 7157	32	32	46	89	93	16	0	255
 7203	32	32	46	89	93	14	0	255
 7248	32	32	46	89	93	16	0	255
 7294	32	32	46	89	93	16	0	255
 7339	32	32	46	89	93	16	0	255
 7384	32	32	46	89	92	16	0	255
 7429	32	32	46	89	93	16	0	255
 7475	32	32	46	89	92	16	0	255
 7520	32	32	46	89	92	16	0	255
 7565	32	32	46	89	92	16	0	255
 7611	32	32	46	89	93	16	0	255
 7656	32	32	46	89	93	16	0	255
 7701	32	31	46	89	92	16	0	255
 7747	32	32	46	89	93	16	0	255
 7792	32	32	46	89	92	16	0	255
 7838	32	32	46	89	92	16	0	255
 7883	32	32	46	89	92	16	0	255
 7928	32	32	46	89	92	16	0	255
 7974	32	32	46	89	92	14	0	255
 8019	32	32	46	89	92	14	0	255
 8064	32	32	46	89	92	16	0	255
 8110	32	31	46	89	92	16	0	255
 8155	32	31	46	89	92	14	0	255
 8200	32	31	46	89	92	16	0	255
 8246	32	31	46	89	92	14	0	255
 8291	32	31	46	89	92	14	0	255
 8336	32	32	46	89	92	16	0	255
 8382	32	31	46	89	92	14	0	255
 8427	32	32	46	89	92	16	0	255
 8472	32	31	46	89	92	16	0	255
 8518	32	31	46	89	92	16	0	255
 8563	32	31	46	89	92	14	0	255
 8608	32	32	46	89	92	16	0	255
 8654	32	31	46	89	92	14	0	255
 8699	32	32	46	89	92	14	0	255
 8745	32	31	46	89	92	14	0	255
 8790	32	31	46	89	92	14	0	255
 8835	32	31	46	89	92	14	0	255
 8881	32	32	46	89	92	14	0	255
 8926	32	32	46	89	92	14	0	255
 8971	32	31	46	89	92	13	0	255
 9017	32	31	46	89	92	13	0	255
 9062	32	31	46	89	92	13	0	255
 9107	32	31	46	89	92	13	0	255
 9153	32	31	46	89	92	13	0	255
 9198	32	31	46	89	92	13	0	255
 9243	32	31	46	89	92	13	0	255
 9289	32	31	46	89	92	13	0	255
 9336	32	31	46	89	92	13	0	255
 9379	32	31	46	89	92	13	0	255
 9425	32	31	46	89	92	13	0	255
 9470	32	31	46	89	92	13	0	255
 9516	32	31	46	89	92	13	0	255
 9561	32	31	46	89	92	12	0	255
 9606	32	31	46	89	92	13	0	255
 9652	32	31	46	89	92	13	0	255
 9697	32	31	46	89	92	12	0	255
 9742	32	31	46	89	92	12	0	255
 9788	32	31	46	89	92	12	0	255
 9833	32	31	46	89	92	12	0	255
 9878	32	31	46	89	92	12	0	255
 9924	32	31	46	89	92	12	0	255
 9969	32	31	46	89	92	11	0	255
 10014	32	31	46	89	92	12	0	255
 10060	32	31	46	89	92	11	0	255
 10105	32	31	46	89	92	12	0	255
 10152	32	31	46	89	92	11	0	255
 10196	32	31	46	89	92	12	0	255
 10241	32	31	46	89	92	11	0	255
 10286	32	31	46	89	92	11	0	255
 10332	32	31	46	89	92	11	0	255
 10377	32	31	46	89	92	11	0	255
 10423	32	31	46	89	92	11	0	255
 10468	32	31	46	89	92	12	0	255
 10513	32	31	46	89	92	11	0	255
 10559	32	31	46	89	92	11	0	255
 10604	32	31	46	89	92	11	0	255
 10649	32	31	46	89	92	11	0	255
 10695	32	31	46	89	92	11	0	255
 10740	32	31	46	89	92	11	0	255
 10785	32	31	46	89	92	11	0	255
 10831	32	31	46	89	92	11	0	255
 10876	32	31	46	89	92	11	0	255
 10921	32	31	46	89	92	11	0	255
 10967	32	31	46	89	92	11	0	255
 11012	32	31	46	89	92	10	0	255
 11057	32	31	46	89	92	10	0	255
 11103	32	31	46	89	92	11	0	255
 11148	32	31	46	89	92	11	0	255
 11193	32	31	46	89	92	10	0	255
 11239	32	31	46	89	92	10	0	255
 11284	32	31	46	89	92	10	0	255
 11329	32	31	46	89	92	10	0	255
 11375	32	31	46	89	92	10	0	255
 11422	32	31	46	89	92	11	0	255
 11466	32	31	46	89	92	10	0	255
 11511	32	31	46	89	92	10	0	255
 11556	32	31	46	89	92	10	0	255
 11602	32	31	46	89	92	10	0	255
 11647	32	31	46	89	92	10	0	255
 11692	32	31	46	89	92	11	0	255
 11738	32	31	46	89	92	10	0	255
 11783	32	31	46	89	92	10	0	255
 11828	32	31	46	89	92	10	0	255
 11874	32	31	46	89	92	10	0	255
 11919	32	31	46	89	92	10	0	255
 11964	32	31	46	89	92	10	0	255
 12010	32	31	46	89	92	10	0	255
 12055	32	31	46	89	92	10	0	255
 12100	32	31	46	89	92	8	0	255
 12146	32	31	46	89	92	8	0	255
 12191	32	31	46	89	92	8	0	255
 12236	32	31	46	89	92	10	0	255
 12282	32	31	46	89	92	8	0	255
 12327	32	31	46	89	92	7	0	255
 12373	32	31	46	89	92	10	0	255
 12418	32	31	46	89	92	8	0	255
 12463	32	31	46	89	92	7	0	255
 12509	32	31	46	89	92	8	0	255
 12554	32	31	46	89	92	8	0	255
 12599	32	31	46	89	92	8	0	255
 12645	32	31	46	89	92	7	0	255
 12690	32	31	46	89	92	7	0	255
 12735	32	31	46	89	92	7	0	255
 12781	32	31	46	89	92	8	0	255
 12826	32	31	46	89	92	7	0	255
 12871	32	31	46	89	92	7	0	255
 12917	32	31	46	89	92	7	0	255
 12962	32	31	46	89	92	7	0	255
 13007	32	31	46	89	92	7	0	255
 13053	31	31	46	89	92	7	0	255
 13098	32	31	46	89	92	7	0	255
 13143	32	31	46	89	92	7	0	255
 13189	32	31	46	89	92	7	0	255
 13235	32	31	46	89	92	6	0	255
 13279	32	31	46	89	92	7	0	255
 13325	32	31	46	89	92	6	0	255
 13370	32	31	46	89	92	6	0	255
 13416	31	31	46	89	92	6	0	255
 13461	31	31	46	89	92	7	0	255
 13507	31	31	46	89	92	7	0	255
 13552	31	31	46	89	92	6	0	255
 13597	31	31	46	89	92	7	0	255
 13642	32	31	46	89	92	7	0	255
 13688	32	31	46	89	92	6	0	255
 13733	32	31	46	89	92	6	0	255
 13778	32	31	46	89	92	6	0	255
 13824	31	31	46	89	92	6	0	255
 13869	32	31	46	89	92	6	0	255
 13914	31	31	46	89	92	5	0	255
 13960	31	31	46	89	92	6	0	255
 14005	31	31	46	89	92	5	0	255
 14050	31	31	46	89	92	6	0	255
 14096	31	31	46	89	92	6	0	255
 14141	32	31	46	89	92	6	0	255
 14186	31	31	46	89	92	5	0	255
 14232	31	31	46	89	92	5	0	255
 14277	31	31	46	89	92	5	0	255
 14323	32	31	46	89	92	5	0	255
 14368	31	31	46	89	92	5	0	255
 14413	32	31	46	89	92	6	0	255
 14459	31	31	46	89	92	4	0	255
 14504	31	31	46	89	92	5	0	255
 14549	31	31	46	89	92	5	0	255
 14595	31	31	46	89	92	5	0	255
 14640	32	31	46	89	92	5	0	255
 14685	31	31	46	89	92	4	0	255
 14731	31	31	46	89	92	4	0	255
 14776	31	31	46	89	92	4	0	255
 14821	31	31	46	89	92	5	0	255
 14868	31	31	46	89	92	4	0	255
 14912	31	31	46	89	92	5	0	255
 14957	31	31	46	89	92	5	0	255
 15003	31	31	46	89	92	4	0	255
 15048	31	31	46	89	92	5	0	255
 15093	31	31	46	89	92	4	0	255
 15139	31	31	46	89	92	4	0	255
 15184	31	31	46	89	92	4	0	255
 15230	31	31	46	89	92	4	0	255
 15275	31	31	46	89	92	4	0	255
 15320	31	31	46	89	92	5	0	255
 15366	31	31	46	89	92	4	0	255
 15411	31	31	46	89	92	4	0	255
 15456	31	31	46	89	92	4	0	255
 15502	31	31	46	89	92	4	0	255
 15547	31	31	46	89	92	4	0	255
 15592	31	31	46	89	92	4	0	255
 15638	31	31	46	89	92	4	0	255
 15683	31	31	46	89	92	4	0	255
 15728	31	31	46	89	92	4	0	255
 15774	31	31	46	89	92	4	0	255
 15819	31	31	46	89	92	4	0	255
 15864	31	31	46	89	92	4	0	255
 15910	31	31	46	89	92	4	0	255
 15955	31	31	46	89	92	4	0	255
 16000	31	31	46	89	92	4	0	255
 16046	31	31	46	89	92	4	0	255
 16091	31	31	46	89	92	4	0	255
 16137	31	31	46	89	92	4	0	255
 16182	31	31	46	89	92	4	0	255
 16227	31	31	46	89	92	4	0	255
 16273	31	31	46	89	92	4	0	255
 16318	31	31	46	89	92	4	0	255
 16363	31	31	46	89	92	3	0	255
 16409	31	31	46	89	92	3	0	255
 16454	31	31	46	89	92	3	0	255
 16499	31	31	46	89	92	4	0	255
 16545	31	31	46	89	92	3	0	255
 16590	31	31	46	89	92	4	0	255
 16635	31	31	46	89	92	3	0	255
 16681	31	31	46	89	92	3	0	255
 16726	31	31	46	89	92	2	0	255
 16771	31	31	46	89	92	4	0	255
 16817	31	31	46	89	92	3	0	255
 16862	31	31	46	89	92	3	0	255
 16907	31	31	46	89	92	4	0	255
 16953	31	31	46	89	92	3	0	255
 16998	31	31	46	89	92	3	0	255
 17044	31	31	46	89	92	3	0	255
 17089	31	31	46	89	92	2	0	255
 17134	31	31	46	89	92	3	0	255
 17180	31	31	46	89	92	3	0	255
 17225	31	31	46	89	92	3	0	255
 17270	31	31	46	89	92	3	0	255
 17316	31	31	46	89	92	3	0	255
 17361	31	31	46	89	92	3	0	255
 17406	31	31	46	89	92	3	0	255
 17452	31	31	46	89	92	3	0	255
 17497	31	31	46	88	92	2	0	255
 17542	31	31	46	89	92	2	0	255
 17588	31	31	46	88	92	2	0	255
 17633	31	31	46	88	92	3	0	255
 17678	31	31	46	88	92	3	0	255
 17724	31	31	46	89	92	3	0	255
 17769	31	31	46	89	92	2	0	255
 17814	31	31	46	88	92	2	0	255
 17860	31	31	46	88	92	2	0	255
 17905	31	31	46	88	92	2	0	255
 17951	31	31	46	88	92	2	0	255
 17996	31	31	46	88	92	2	0	255
 18041	31	31	46	88	92	2	0	255
 18087	31	31	46	88	92	3	0	255
 18132	31	31	46	88	92	2	0	255
 18177	31	31	46	88	92	2	0	255
 18223	31	31	46	88	92	3	0	255
 18268	31	31	46	88	92	3	0	255
 18313	31	31	46	88	92	2	0	255
 18359	31	31	46	88	92	2	0	255
 18404	31	31	46	88	92	2	0	255
 18449	31	31	46	88	92	2	0	255
 18495	31	31	46	88	92	2	0	255
 18540	31	31	46	88	91	2	0	255
 18585	31	31	46	88	91	2	0	255
 18631	31	31	46	88	92	0	0	255
 18676	31	31	46	88	91	2	0	255
 18721	31	31	46	88	91	2	0	255
 18767	31	31	46	88	91	2	0	255
 18812	31	31	46	88	92	2	0	255
 18857	31	31	46	88	91	2	0	255
 18903	31	31	46	88	91	2	0	255
 18948	31	31	46	88	91	2	0	255
 18994	31	31	46	88	91	0	0	255
 19039	31	31	46	88	91	0	0	255
 19084	31	31	46	88	91	2	0	255
 19130	31	31	46	88	91	2	0	255
 19175	31	31	46	88	91	0	0	255
 19220	31	31	46	88	91	2	0	255
 19266	31	31	46	88	91	0	0	255
 19311	31	31	46	88	91	2	0	255
 19356	31	31	46	88	91	2	0	255
 19402	31	31	46	88	91	2	0	255
 19447	31	31	46	88	91	0	0	255
 19492	31	31	46	88	91	2	0	255
 19538	31	31	46	88	91	2	0	255
 19583	31	31	46	88	91	2	0	255
 19628	31	31	46	88	91	2	0	255
 19674	31	31	46	88	91	2	0	255
 19719	31	31	46	88	91	0	0	255
 19764	31	31	46	88	91	2	0	255
 19810	31	31	46	88	91	2	0	255
 19855	31	31	46	88	91	2	0	255
 19901	31	31	46	88	91	0	0	255
 19946	31	31	46	88	91	2	0	255
 19991	31	31	46	88	91	0	0	255
 20037	31	31	46	88	91	2	0	255
 20082	31	31	46	88	91	0	0	255
 20127	31	31	46	88	91	2	0	255
 20173	31	31	46	88	91	0	0	255
 20218	31	31	46	88	91	0	0	255
 20263	31	31	46	88	91	0	0	255
 20309	31	31	46	88	91	0	0	255
 20354	31	31	46	88	91	0	0	255
 20399	31	31	46	88	91	2	0	255
 20445	31	31	46	88	91	2	0	255
 20490	31	31	46	88	91	2	0	255
 20535	31	31	46	88	91	0	0	255
 20581	31	31	46	88	91	0	0	255
 20626	31	31	46	88	91	0	0	255
 20671	31	31	45	88	91	2	0	255
 20717	31	31	45	88	91	2	0	255
 20762	31	31	46	88	91	0	0	255
 20808	31	31	45	88	91	2	0	255
 20853	31	31	45	88	91	0	0	255
 20898	31	31	45	88	91	2	0	255
 20944	31	31	46	88	91	0	0	255
 20989	31	31	45	88	91	0	0	255
 21034	31	31	45	88	91	2	0	255
 21080	31	31	45	88	91	0	0	255
 21125	31	31	45	88	91	0	0	255
 21170	31	31	45	88	91	2	0	255
 21216	31	31	45	88	91	0	0	255
 21261	31	31	45	88	91	0	0	255
 21306	31	31	45	88	91	0	0	255
 21352	31	31	45	88	91	0	0	255
 21397	31	31	45	88	91	0	0	255
 21442	31	31	45	88	91	2	0	255
 21488	31	31	45	88	91	2	0	255
 21534	31	31	45	88	91	2	0	255
 21578	31	31	45	88	91	0	0	255
 21624	31	31	45	88	91	0	0	255
 21669	31	31	45	88	91	0	0	255
 21715	31	31	45	88	91	2	0	255
 21760	31	31	45	88	91	2	0	255
 21805	31	31	45	88	91	2	0	255
 21851	31	31	45	88	91	2	0	255
 21896	31	31	45	88	91	2	0	255
 21941	31	31	45	88	91	0	0	255
 21987	31	31	45	88	91	0	0	255
 22032	31	31	45	88	91	0	0	255
 22077	31	31	45	88	91	0	0	255
 22123	31	31	45	88	91	0	0	255
 22168	31	31	45	88	91	0	0	255
 22213	31	31	45	88	91	0	0	255
 22259	31	31	45	88	91	0	0	255
 22304	31	31	45	88	91	0	0	255
 22349	31	31	45	88	91	0	0	255
 22395	31	31	45	88	91	2	0	255
 22440	31	31	45	88	91	0	0	255
 22485	31	31	45	88	91	0	0	255
 22531	31	31	45	88	91	0	0	255
 22576	31	31	45	88	91	0	0	255
 22622	31	31	45	88	91	0	0	255
 22667	31	31	45	88	91	0	0	255
 22712	31	31	45	88	91	0	0	255
 22758	31	31	45	88	91	2	0	255
 22803	31	31	45	88	91	0	0	255
 22848	31	31	45	88	91	0	0	255
 22894	31	31	45	88	91	0	0	255
 22940	31	31	45	88	91	0	0	255
 22984	31	31	45	88	91	0	0	255
 23030	31	31	45	88	91	0	0	255
 23075	31	31	45	88	91	0	0	255
 23120	31	31	45	88	91	0	0	255
 23166	31	31	45	88	91	0	0	255
 23212	31	31	45	88	91	0	0	255
 23256	31	31	45	88	91	0	0	255
 23302	31	31	45	88	91	0	0	255
 23347	31	31	45	88	91	0	0	255
 23392	31	31	45	88	91	0	0	255
 23438	31	31	45	88	91	0	0	255
 23483	31	31	45	88	91	0	0	255
 23528	31	31	45	88	91	0	0	255
 23574	31	31	45	88	91	0	0	255
 23619	31	31	45	88	91	0	0	255
 23665	31	31	45	88	91	0	0	255
 23710	31	31	45	88	91	0	0	255
 23755	31	31	45	88	91	0	0	255
 23801	31	31	45	88	91	0	0	255
 23846	31	31	45	88	91	0	0	255
 23891	31	31	45	88	91	0	0	255
 23937	31	31	45	88	91	0	0	255
 23982	31	31	45	88	91	0	0	255
 24027	31	31	45	88	91	0	0	255
 24073	31	31	45	88	91	0	0	255
 24118	31	31	45	88	91	0	0	255
 24163	31	31	45	88	91	0	0	255
 24209	31	31	45	88	91	0	0	255
 24254	31	31	45	88	91	0	0	255
 24299	31	31	45	88	91	0	0	255
 24345	31	31	45	88	91	0	0	255
 24390	31	31	45	88	91	0	0	255
 24435	31	31	45	88	91	0	0	255
 24481	31	31	45	88	91	0	0	255
 24526	31	31	45	88	91	0	0	255
 24572	31	31	45	88	91	0	0	255
 24617	31	31	45	88	91	0	0	255
 24662	31	31	45	88	91	0	0	255
 24708	31	31	45	88	91	0	0	255
 24753	31	31	45	88	91	0	0	255
 24798	31	31	45	88	91	0	0	255
 24844	31	31	45	88	91	0	0	255
 24889	31	31	45	88	91	0	0	255
 24934	31	31	45	88	91	0	0	255
 24980	31	31	45	88	91	0	0	255
 25025	31	31	45	88	91	0	0	255
 25070	31	31	45	88	91	0	0	255
 25116	31	31	45	88	91	0	0	255
 25161	31	31	45	88	91	0	0	255
 25206	31	31	45	88	91	0	0	255
 25252	31	31	45	88	91	0	0	255
 25297	31	31	45	88	91	0	0	255
 25342	31	31	45	88	91	0	0	255
 25388	31	31	45	88	91	0	0	255
 25433	31	31	45	88	91	0	0	255
 25479	31	31	45	88	91	0	0	255
 25524	31	31	45	88	91	0	0	255
 25569	31	31	45	88	91	0	0	255
 25615	31	31	45	88	91	0	0	255
 25660	31	31	45	88	91	0	0	255
 25705	31	31	45	88	91	0	0	255
 25751	31	31	45	88	91	0	0	255
 25796	31	31	45	88	91	0	0	255
 25841	31	31	45	88	91	0	0	255
 25887	31	31	45	88	91	0	0	255
 25933	31	31	45	88	91	0	0	255
 25977	31	31	45	88	91	0	0	255
 26023	31	31	45	88	91	0	0	255
 26068	31	31	45	88	91	0	0	255
 26113	31	31	45	88	91	0	0	255
 26159	31	31	45	88	91	0	0	255
 26204	31	31	45	88	91	0	0	255
 26249	31	31	45	88	91	0	0	255
 26295	31	31	45	88	91	0	0	255
 26340	31	31	45	88	91	0	0	255
 26386	31	31	45	88	91	0	0	255
 26431	31	31	45	88	91	0	0	255
 26476	31	31	45	88	91	0	0	255
 26522	31	31	45	88	91	0	0	255
 26567	31	31	45	88	91	0	0	255
 26612	31	31	45	88	91	0	0	255
 26658	31	31	45	88	91	0	0	255
 26703	31	31	45	88	91	0	0	255
 26748	31	31	45	88	91	0	0	255
 26794	31	31	45	88	91	0	0	255
 26839	31	31	45	88	91	0	0	255
 26884	31	31	45	88	91	0	0	255
 26930	31	31	45	88	91	0	0	255
 26975	31	31	45	88	91	0	0	255
 27020	31	31	45	88	91	0	0	255
 27066	31	31	45	88	91	0	0	255
 27111	31	31	45	88	91	0	0	255
 27156	31	31	45	88	91	0	0	255
 27202	31	31	45	88	91	0	0	255
 27247	31	31	45	88	91	0	0	255
 27293	31	31	45	88	91	0	0	255
 27338	31	31	45	88	91	0	0	255
 27383	31	31	45	88	91	0	0	255
 27429	31	31	45	88	91	0	0	255
 27474	31	31	45	88	91	0	0	255
 27519	31	31	45	88	91	0	0	255
 27565	31	31	45	88	91	0	0	255
 27610	31	31	45	88	91	0	0	255
 27655	31	31	45	88	91	0	0	255
 27701	31	31	45	88	91	0	0	255
 27746	31	31	45	88	91	0	0	255
 27791	31	31	45	88	91	0	0	255
 27837	31	31	45	88	91	0	0	255
 27882	31	31	45	88	91	0	0	255
 27927	31	31	45	88	91	0	0	255
 27973	31	31	45	88	91	0	0	255
 28018	31	31	45	88	91	0	0	255
 28064	31	31	45	88	91	0	0	255
 28109	31	31	45	88	91	0	0	255
 28154	31	31	45	88	91	0	0	255
 28199	31	31	45	88	91	0	0	255
 28245	31	31	45	88	91	0	0	255
 28290	31	31	45	88	91	0	0	255
 28336	31	31	45	87	91	0	0	255
 28381	31	31	45	88	91	0	0	255
 28426	31	31	45	87	91	0	0	255
 28472	31	31	45	88	91	0	0	255
 28517	31	31	45	88	91	0	0	255
 28562	31	31	45	87	91	0	0	255
 28608	31	31	45	88	91	0	0	255
 28653	31	31	45	87	91	0	0	255
 28698	31	31	45	87	91	0	0	255
 28744	31	31	45	87	91	0	0	255
 28789	31	31	45	87	91	0	0	255
 28834	31	31	45	87	91	0	0	255
 28880	31	31	45	87	91	0	0	255
 28925	31	31	45	87	91	0	0	255
 28970	31	31	45	87	91	0	0	255
 29016	31	31	45	87	91	0	0	255
 29061	31	31	45	87	91	0	0	255
 29106	31	31	45	87	91	0	0	255
 29152	31	31	45	87	91	0	0	255
 29197	31	31	45	87	91	0	0	255
 29243	31	31	45	87	91	0	0	255
 29288	31	31	45	87	90	0	0	255
 29333	31	31	45	87	91	0	0	255
 29379	31	31	45	87	91	0	0	255
 29424	31	31	45	87	91	0	0	255
 29469	31	31	45	87	91	0	0	255
 29515	31	31	45	87	91	0	0	255
 29560	31	31	45	87	90	0	0	255
 29605	31	31	45	87	90	0	0	255
 29651	31	31	45	87	90	0	0	255
 29696	31	31	45	87	91	0	0	255
 29741	31	31	45	87	90	0	0	255
 29787	31	31	45	87	90	0	0	255
 29832	31	31	45	87	91	0	0	255
 29877	31	31	45	87	91	0	0	255
 29923	31	31	45	87	90	0	0	255
 29968	31	31	45	87	90	0	0	255
 30013	31	31	45	87	90	0	0	255
 30059	31	31	45	87	90	0	0	255
 30104	31	31	45	87	90	0	0	255
 30150	31	31	45	87	90	0	0	255
 30195	31	31	45	87	90	0	0	255
 30240	31	31	45	87	90	0	0	255
 30286	31	31	45	87	90	0	0	255
 30331	31	31	45	87	90	0	0	255
 30376	31	31	45	87	90	0	0	255
 30422	31	31	45	87	90	0	0	255
 30467	31	31	45	87	90	0	0	255
 30512	31	31	45	87	90	0	0	255
 30558	31	31	45	87	90	0	0	255
 30603	31	31	45	87	90	0	0	255
 30648	31	31	45	87	90	0	0	255
 30694	31	31	45	87	90	0	0	255
 30739	31	31	45	87	90	0	0	255
 30784	31	31	45	87	90	0	0	255
 30830	31	31	45	87	90	0	0	255
 30875	31	31	45	87	90	0	0	255
 30955	31	31	45	87	90	0	0	255
 31001	31	31	45	87	90	0	0	255
 31046	31	31	45	87	90	0	0	255
 31091	31	31	45	87	90	0	0	255
 31137	31	31	45	87	90	0	0	255
 31182	31	31	45	87	90	0	0	255
 31227	31	31	45	87	90	2	0	255
 31273	31	31	45	87	90	0	0	255
 31318	31	31	45	87	90	2	0	255
 31363	31	31	45	87	90	2	0	255
 31409	31	31	45	87	90	2	0	255
 31454	31	31	45	87	90	2	0	255
 31499	31	31	45	87	90	2	0	255
 31545	31	31	45	87	90	2	0	255
 31590	31	31	45	87	90	3	0	255
 31636	31	31	45	87	90	3	0	255
 31681	31	31	45	87	90	3	0	255
 31726	31	31	45	87	90	3	0	255
 31772	31	31	45	87	90	4	0	255
 31817	31	31	45	87	90	4	0	255
 31862	31	31	45	87	90	4	0	255
 31908	31	31	45	87	90	4	0	255
 31953	31	31	45	87	90	4	0	255
 31998	31	31	45	87	90	4	0	255
 32044	31	31	45	87	90	3	0	255
 32089	31	31	45	87	90	4	0	255
 32134	31	31	45	87	90	4	0	255
 32180	31	31	45	87	90	4	0	255
 32225	31	31	45	87	90	5	0	255
 32270	31	31	45	87	90	5	0	255
 32316	31	31	45	87	90	5	0	255
 32361	31	31	45	87	90	5	0	255
 32406	31	31	45	87	90	5	0	255
 32452	31	31	45	87	90	5	0	255
 32497	31	31	45	87	90	5	0	255
 32543	31	31	45	87	90	6	0	255
 32588	31	31	45	87	90	5	0	255
 32633	31	31	45	87	90	6	0	255
 32679	31	31	45	87	90	6	0	255
 32724	31	31	45	87	90	6	0	255
 32769	31	31	45	87	90	6	0	255
 32815	31	31	45	87	90	7	0	255
 32860	31	31	45	87	90	6	0	255
 32905	31	31	45	87	90	6	0	255
 32951	31	31	45	87	90	6	0	255
 32996	31	31	45	87	90	7	0	255
 33041	31	31	45	87	90	7	0	255
 33087	31	31	45	87	90	7	0	255
 33132	31	31	45	87	90	7	0	255
 33177	31	31	45	87	90	8	0	255
 33223	31	31	45	87	90	8	0	255
 33268	31	31	45	87	90	8	0	255
 33313	31	31	45	87	90	8	0	255
 33359	31	31	45	87	90	8	0	255
 33404	31	31	45	87	90	8	0	255
 33450	31	31	45	87	90	8	0	255
 33495	31	31	45	87	90	8	0	255
 33540	31	31	45	87	90	10	0	255
 33586	31	31	45	87	90	10	0	255
 33631	31	31	45	87	90	11	0	255
 33676	31	31	45	87	90	10	0	255
 33722	31	31	45	87	90	10	0	255
 33767	31	31	45	87	90	10	0	255
 33812	31	31	45	87	90	11	0	255
 33858	31	31	45	87	90	11	0	255
 33903	31	31	45	87	90	11	0	255
 33948	31	31	45	87	90	11	0	255
 33994	31	31	45	87	90	11	0	255
 34039	31	31	45	87	90	11	0	255
 34084	31	31	45	87	90	11	0	255
 34130	31	31	45	87	90	11	0	255
 34175	31	31	45	87	90	11	0	255
 34220	31	31	45	87	90	12	0	255
 34266	31	31	45	87	90	13	0	255
 34311	31	31	45	87	90	13	0	255
 34357	31	31	45	87	90	14	0	255
 34402	31	31	45	87	90	14	0	255
 34447	31	31	45	87	90	17	0	255
 34493	31	31	45	87	90	17	0	255
 34538	31	31	45	87	90	18	0	255
 34583	31	31	45	87	90	20	0	255
 34629	31	31	45	87	90	20	0	255
 34674	31	31	45	87	90	22	0	255
 34719	31	31	45	87	90	23	0	255
 34765	31	31	45	87	90	25	0	255
 34810	31	31	45	87	90	25	0	255
 34855	31	31	45	87	90	26	0	255
 34901	31	31	45	87	90	28	0	255
 34946	31	31	45	87	90	30	0	255
 34991	31	31	45	87	90	31	0	255
 35037	31	31	45	87	90	32	0	255
 35082	31	31	45	87	90	35	0	255
 35128	31	31	45	87	90	34	0	255
 35173	31	31	45	87	90	36	0	255
 35218	31	31	45	87	90	38	0	255
 35264	31	31	45	87	90	40	0	255
 35309	31	31	45	87	90	40	0	255
 35354	31	31	45	87	90	42	0	255
 35400	31	31	45	87	90	45	0	255
 35445	31	31	44	87	90	46	0	255
 35490	31	31	45	87	90	47	0	255
 35536	31	31	45	87	90	47	0	255
 35581	31	31	45	87	90	50	0	255
 35626	31	31	45	87	90	51	0	255
 35672	31	31	44	87	90	52	0	255
 35717	31	31	45	87	90	53	0	255
 35762	31	31	44	87	90	54	0	255
 35808	31	31	45	87	90	57	0	255
 35853	31	31	44	87	90	58	0	255
 35899	31	31	45	87	90	60	0	255
 35944	31	30	44	87	90	61	0	255
 35989	31	30	44	87	90	62	0	255
 36035	31	30	44	87	90	64	0	255
 36080	31	30	45	87	90	66	0	255
 36125	31	30	45	87	90	67	0	255
 36171	31	30	45	87	90	70	0	255
 36216	31	30	44	87	90	71	0	255
 36261	31	30	45	87	90	71	0	255
 36307	31	30	45	87	90	72	0	255
 36352	31	30	44	87	90	74	0	255
 36397	31	30	44	87	90	76	0	255
 36443	31	30	44	87	90	78	0	255
 36488	31	30	44	87	90	80	0	255
 36533	31	30	45	87	90	82	0	255
 36579	31	30	44	87	90	83	0	255
 36624	31	30	44	87	90	84	0	255
 36669	31	30	44	87	90	85	0	255
 36715	31	30	44	87	90	86	8	255
 36760	30	35	44	87	90	97	8	255
 36806	45	44	44	87	90	116	8	255
 36851	62	50	44	87	90	127	8	255
 36896	76	54	44	87	90	119	8	255
 36942	81	57	45	87	90	109	8	255
 36987	82	59	44	87	90	112	8	255
 37032	84	60	44	87	90	114	8	255
 37078	86	61	44	87	90	108	8	255
 37123	85	61	44	87	90	96	8	255
 37168	81	61	45	87	90	90	8	255
 37214	77	62	45	87	90	89	8	255
 37260	75	62	45	87	90	92	8	255
 37304	74	63	45	87	90	94	8	255
 37350	75	63	45	87	90	96	8	255
 37395	76	63	45	87	90	97	8	255
 37440	77	64	45	87	90	98	8	255
 37486	77	64	45	87	90	97	8	255
 37531	78	64	45	87	90	100	8	255
 37577	78	64	45	87	90	100	8	255
 37622	79	64	45	87	90	100	8	255
 37667	79	64	45	87	90	101	8	255
 37713	80	64	45	87	90	101	8	255
 37758	80	65	45	87	90	102	8	255
 37803	81	65	45	87	90	102	8	255
 37849	81	65	45	87	90	104	8	255
 37894	82	65	45	87	90	104	8	255
 37939	82	65	45	87	90	104	8	255
 37985	82	65	45	87	90	104	8	255
 38030	83	65	45	87	90	104	8	255
 38075	83	65	45	87	90	105	8	255
 38121	83	66	45	87	90	105	8	255
 38166	83	66	45	87	90	106	8	255
 38215	84	66	45	87	90	106	8	255
 38257	84	66	45	87	90	106	8	255
 38302	84	66	45	87	90	106	8	255
 38347	85	66	45	87	90	106	8	255
 38393	85	66	45	87	90	106	8	255
 38438	85	66	45	87	90	109	8	255
 38484	86	66	45	87	90	109	8	255
 38529	86	67	45	87	90	110	8	255
 38574	86	67	45	87	90	108	8	255
 38620	87	67	45	87	90	109	8	255
 38665	87	67	45	87	90	110	8	255
 38710	87	67	45	87	90	110	8	255
 38756	87	67	45	87	90	109	8	255
 38801	88	67	45	87	90	110	8	255
 38846	88	67	45	88	90	112	8	255
 38892	88	67	45	88	90	110	8	255
 38937	88	67	45	88	90	112	8	255
 38982	89	67	45	88	90	112	8	255
 39028	89	68	45	88	90	112	8	255
 39073	89	68	45	88	90	114	8	255
 39118	90	68	45	88	90	114	8	255
 39164	90	68	46	88	90	113	8	255
 39209	90	68	45	88	90	114	8	255
 39254	91	68	46	88	90	114	8	255
 39300	91	68	46	88	90	116	8	255
 39345	92	68	46	88	90	116	8	255
 39391	92	68	46	88	90	118	8	255
 39436	92	68	46	88	90	118	8	255
 39481	93	68	46	88	90	118	8	255
 39527	93	69	46	88	90	118	8	255
 39572	93	69	46	88	90	118	8	255
 39617	94	69	46	88	90	119	8	255
 39663	94	69	46	88	90	120	8	255
 39708	94	69	46	88	90	120	8	255
 39753	94	69	46	88	90	119	8	255
 39799	95	69	46	88	90	120	8	255
 39844	95	69	46	88	90	120	8	255
 39889	95	69	46	88	90	119	8	255
 39935	95	69	46	88	91	120	8	255
 39980	96	69	46	88	91	122	8	255
 40025	96	69	46	88	91	123	8	255
 40071	96	70	46	89	91	123	8	255
 40116	96	70	46	89	91	122	8	255
 40163	97	70	46	89	91	122	8	255
 40207	97	70	46	89	91	123	8	255
 40252	97	70	46	89	91	122	8	255
 40298	97	70	46	89	91	123	8	255
 40343	98	70	46	89	91	124	8	255
 40388	98	70	46	89	91	124	8	255
 40434	98	70	46	89	91	124	8	255
 40479	98	70	46	89	91	126	8	255
 40524	99	70	46	89	91	124	8	255
 40570	99	70	46	89	91	126	8	255
 40615	99	71	46	89	91	126	8	255
 40660	99	71	46	89	91	126	8	255
 40706	100	71	47	89	91	127	8	255
 40751	100	71	47	89	91	126	8	255
 40796	100	71	47	89	92	127	8	255
 40842	100	71	47	89	92	127	8	255
 40887	101	71	47	90	92	127	8	255
 40932	101	71	47	90	92	127	8	255
 40978	101	71	47	90	92	128	8	255
 41023	101	71	47	90	92	130	8	255
 41069	102	71	47	90	92	128	8	255
 41114	102	71	47	90	92	128	8	255
 41159	102	71	47	90	92	128	8	255
 41205	102	72	47	90	92	130	8	255
 41250	102	72	47	90	92	130	8	255
 41295	103	72	47	90	92	130	8	255
 41341	103	72	47	90	92	131	8	255
 41386	103	72	47	90	92	131	8	255
 41431	104	72	47	90	92	131	8	255
 41477	104	72	47	90	93	131	8	255
 41522	104	72	47	90	93	132	8	255
 41567	104	72	47	90	93	132	8	255
 41613	104	72	47	91	93	131	8	255
 41658	105	72	47	91	93	132	8	255
 41703	105	72	47	91	93	132	8	255
 41749	105	72	47	91	93	132	8	255
 41795	105	72	47	91	93	132	8	255
 41840	105	73	47	91	93	134	8	255
 41885	105	73	47	91	93	134	8	255
 41930	106	73	47	91	93	136	8	255
 41976	106	73	47	91	93	134	8	255
 42021	106	73	47	91	93	136	8	255
 42066	106	73	47	91	93	132	8	255
 42112	106	73	48	91	93	134	8	255
 42157	106	73	48	91	94	136	8	255
 42202	106	73	48	92	94	134	8	255
 42248	106	73	48	92	94	136	8	255
 42294	107	73	48	92	94	136	8	255
 42338	107	73	48	92	94	136	8	255
 42384	107	73	48	92	94	136	8	255
 42429	107	73	48	92	94	136	8	255
 42474	108	73	48	92	94	137	8	255
 42520	108	74	48	92	94	137	8	255
 42565	108	74	48	92	94	137	8	255
 42610	108	74	48	92	94	138	8	255
 42656	109	74	48	92	94	137	8	255
 42701	109	74	48	92	95	137	8	255
 42747	109	74	48	92	95	138	8	255
 42792	109	74	48	93	95	140	8	255
 42837	109	74	48	93	95	138	8	255
 42883	110	74	48	93	95	140	8	255
 42928	110	74	48	93	95	138	8	255
 42973	110	74	48	93	95	140	8	255
 43019	110	74	48	93	95	138	8	255
 43067	111	74	48	93	95	140	8	255
 43109	111	74	48	93	95	140	8	255
 43155	111	74	48	93	95	140	8	255
 43200	111	74	48	93	95	141	8	255
 43245	111	75	48	93	96	141	8	255
 43291	111	75	49	94	96	141	8	255
 43336	111	75	49	94	96	141	8	255
 43381	111	75	49	94	96	141	8	255
 43427	112	75	49	94	96	141	8	255
 43472	112	75	49	94	96	141	8	255
 43518	112	75	49	94	96	142	8	255
 43563	112	75	49	94	96	142	8	255
 43608	112	75	49	94	96	141	8	255
 43654	112	75	49	94	96	141	8	255
 43699	112	75	49	94	96	142	8	255
 43744	112	75	49	94	97	142	8	255
 43790	113	75	49	94	97	144	8	255
 43835	113	75	49	95	97	142	8	255
 43880	113	75	49	95	97	144	8	255
 43926	113	75	49	95	97	142	8	255
 43971	113	75	49	95	97	144	8	255
 44016	114	75	49	95	97	142	8	255
 44062	114	76	49	95	97	145	8	255
 44107	114	76	49	95	97	144	8	255
 44152	114	76	49	95	97	144	8	255
 44198	114	76	49	95	97	145	8	255
 44243	114	76	49	95	98	144	8	255
 44288	114	76	49	96	98	145	8	255
 44334	114	76	49	96	98	145	8	255
 44379	114	76	49	96	98	145	8	255
 44425	115	76	49	96	98	145	8	255
 44470	115	76	50	96	98	144	8	255
 44515	115	76	49	96	98	144	8	255
 44561	115	76	50	96	98	145	8	255
 44606	115	76	50	96	98	145	8	255
 44651	115	76	50	96	98	146	8	255
 44700	115	76	50	96	98	146	8	255
 44742	115	76	50	96	99	146	8	255
 44787	116	76	50	97	99	146	8	255
 44833	116	76	50	97	99	146	8	255
 44878	116	77	50	97	99	148	8	255
 44924	116	77	50	97	99	145	8	255
 44969	116	77	50	97	99	146	8	255
 45014	116	77	50	97	99	145	8	255
 45059	116	77	50	97	99	146	8	255
 45105	116	77	50	97	99	146	8	255
 45150	116	77	50	97	99	148	8	255
 45195	116	77	50	97	100	148	8	255
 45241	116	77	50	97	100	146	8	255
 45286	116	77	50	98	100	146	8	255
 45332	116	77	50	98	100	146	8	255
 45377	116	77	50	98	100	148	8	255
 45422	117	77	50	98	100	146	8	255
 45468	117	77	50	98	100	148	8	255
 45513	117	77	50	98	100	148	8	255
 45558	117	77	50	98	100	150	8	255
 45604	117	77	50	98	100	150	8	255
 45649	117	77	50	98	101	150	8	255
 45694	118	77	50	98	101	148	8	255
 45740	118	77	50	99	101	150	8	255
 45785	118	78	50	99	101	148	8	255
 45830	118	78	51	99	101	148	8	255
 45876	118	78	51	99	101	148	8	255
 45921	118	78	51	99	101	148	8	255
 45966	118	78	51	99	101	148	8	255
 46012	118	78	51	99	101	150	8	255
 46057	118	78	51	99	101	150	8	255
 46102	118	78	51	99	101	150	8	255
 46148	118	78	51	99	102	150	8	255
 46193	118	78	51	99	102	150	8	255
 46240	118	78	51	100	102	150	8	255
 46284	118	78	51	100	102	150	8	255
 46329	119	78	51	100	102	150	8	255
 46375	119	78	51	100	102	150	8	255
 46420	119	78	51	100	102	151	8	255
 46465	119	78	51	100	102	151	8	255
 46511	119	78	51	100	102	151	8	255
 46556	119	78	51	100	102	150	8	255
 46601	119	78	51	100	103	151	8	255
 46647	119	78	51	100	103	151	8	255
 46692	119	79	51	101	103	151	8	255
 46737	119	79	51	101	103	151	8	255
 46783	119	79	51	101	103	151	8	255
 46828	119	79	51	101	103	151	8	255
 46873	119	79	51	101	103	152	8	255
 46919	119	79	51	101	103	151	8	255
 46964	119	79	51	101	103	150	8	255
 47009	119	79	51	101	103	151	8	255
 47055	119	79	51	101	103	151	8	255
 47100	119	79	52	101	104	151	8	255
 47146	119	79	52	101	104	151	8	255
 47191	119	79	52	101	104	150	8	255
 47236	119	79	52	102	104	150	8	255
 47282	119	79	52	102	104	151	8	255
 47327	119	79	52	102	104	151	8	255
 47372	119	79	52	102	104	151	8	255
 47418	119	79	52	102	104	151	8	255
 47463	119	79	52	102	104	152	8	255
 47508	119	79	52	102	104	151	8	255
 47554	119	79	52	102	105	151	8	255
 47599	120	79	52	102	105	151	8	255
 47644	120	80	52	102	105	151	8	255
 47690	120	80	52	102	105	151	8	255
 47735	120	80	52	103	105	151	8	255
 47780	120	80	52	103	105	151	8	255
 47826	120	80	52	103	105	151	8	255
 47871	120	80	52	103	105	151	8	255
 47916	120	80	52	103	105	152	8	255
 47962	120	80	52	103	105	151	8	255
 48007	120	80	52	103	105	151	8	255
 48052	120	80	52	103	106	152	8	255
 48098	120	80	52	103	106	152	8	255
 48143	120	80	52	103	106	152	8	255
 48189	120	80	52	103	106	151	8	255
 48234	120	80	52	104	106	151	8	255
 48279	120	80	52	104	106	151	8	255
 48325	120	80	52	104	106	151	8	255
 48370	120	80	52	104	106	151	8	255
 48415	120	80	52	104	106	152	8	255
 48461	120	80	52	104	106	152	8	255
 48506	120	80	53	104	106	152	8	255
 48551	120	81	53	104	106	151	8	255
 48597	120	81	53	104	107	151	8	255
 48642	120	81	53	104	107	151	8	255
 48687	120	81	53	104	107	151	8	255
 48733	120	81	53	105	107	152	8	255
 48778	120	81	53	105	107	151	8	255
 48823	120	81	53	105	107	152	8	255
 48869	120	81	53	105	107	152	8	255
 48914	120	81	53	105	107	152	8	255
 48959	120	81	53	105	107	151	8	255
 49005	120	81	53	105	107	151	8	255
 49050	120	81	53	105	107	152	8	255
 49096	120	81	53	105	108	152	8	255
 49141	120	81	53	105	108	152	8	255
 49186	120	81	53	105	108	151	8	255
 49232	120	81	53	105	108	151	8	255
 49277	120	81	53	106	108	151	8	255
 49322	120	81	53	106	108	151	8	255
 49368	120	81	53	106	108	152	8	255
 49413	120	81	53	106	108	151	8	255
 49458	120	81	53	106	108	151	8	255
 49504	120	81	53	106	108	152	8	255
 49549	120	82	53	106	108	151	8	255
 49594	120	82	53	106	108	152	8	255
 49640	120	82	53	106	109	151	8	255
 49685	120	82	53	106	109	151	8	255
 49730	120	82	53	106	109	151	8	255
 49776	120	82	53	106	109	151	8	255
 49821	120	82	53	106	109	151	8	255
 49866	120	82	53	107	109	150	8	255
 49912	120	82	53	107	109	151	8	255
 49957	120	82	54	107	109	151	8	255
 50003	120	82	54	107	109	151	8	255
 50048	120	82	54	107	109	152	8	255
 50093	120	82	54	107	109	151	8	255
 50139	120	82	54	107	109	151	8	255
 50184	120	82	54	107	109	152	8	255
 50229	120	82	54	107	110	151	8	255
 50275	120	82	54	107	110	150	8	255
 50320	120	82	54	107	110	150	8	255
 50365	120	82	54	107	110	152	8	255
 50411	120	82	54	107	110	150	8	255
 50456	120	82	54	108	110	151	8	255
 50501	120	83	54	108	110	150	8	255
 50547	119	83	54	108	110	151	8	255
 50592	119	83	54	108	110	151	8	255
 50637	119	83	54	108	110	150	8	255
 50683	119	83	54	108	110	151	8	255
 50728	119	83	54	108	110	150	8	255
 50773	119	83	54	108	110	150	8	255
 50819	119	83	54	108	111	150	8	255
 50864	119	83	54	108	111	150	8	255
 50910	119	83	54	108	111	148	8	255
 50955	118	83	54	108	111	148	8	255
 51000	118	83	54	108	111	148	8	255
 51046	118	83	54	108	111	148	8	255
 51091	118	83	54	109	111	150	8	255
 51136	118	83	54	109	111	150	8	255
 51182	118	83	54	109	111	150	8	255
 51227	118	83	54	109	111	148	8	255
 51272	118	83	54	109	111	148	8	255
 51318	118	83	54	109	111	148	8	255
 51363	118	83	54	109	111	148	8	255
 51408	118	83	55	109	111	146	8	255
 51454	118	83	55	109	111	148	8	255
 51499	118	84	55	109	112	146	8	255
 51544	117	84	55	109	112	148	8	255
 51590	117	84	55	109	112	146	8	255
 51635	117	84	55	109	112	146	8	255
 51681	117	84	55	109	112	146	8	255
 51726	117	84	55	109	112	148	8	255
 51771	117	84	55	109	112	148	8	255
 51817	117	84	55	109	112	145	8	255
 51862	117	84	55	110	112	146	8	255
 51907	116	84	55	110	112	146	8	255
 51953	116	84	55	110	112	146	8	255
 51998	116	84	55	110	112	145	8	255
 52043	116	84	55	110	112	145	8	255
 52089	116	84	55	110	112	146	8	255
 52134	116	84	55	110	112	145	8	255
 52179	116	84	55	110	112	146	8	255
 52225	116	84	55	110	112	145	8	255
 52271	116	84	55	110	112	145	8	255
 52315	116	84	55	110	113	145	8	255
 52361	116	84	55	110	113	145	8	255
 52406	116	84	55	110	113	145	8	255
 52451	115	85	55	110	113	145	8	255
 52497	115	85	55	110	113	144	8	255
 52542	115	85	55	110	113	144	8	255
 52587	115	85	55	110	113	144	8	255
 52633	115	85	55	110	113	144	8	255
 52678	115	85	55	111	113	144	8	255
 52724	115	85	55	111	113	144	8	255
 52769	114	85	55	111	113	142	8	255
 52814	114	85	55	111	113	144	8	255
 52860	114	85	55	111	113	144	8	255
 52905	114	85	56	111	113	142	8	255
 52950	114	85	55	111	113	142	8	255
 52996	114	85	56	111	113	142	8	255
 53041	114	85	56	111	113	142	8	255
 53086	113	85	56	111	113	141	8	255
 53132	113	85	56	111	113	141	8	255
 53177	113	85	56	111	113	141	8	255
 53222	113	85	56	111	113	141	8	255
 53268	113	85	56	111	114	142	8	255
 53313	113	85	56	111	114	142	8	255
 53358	113	85	56	111	114	141	8	255
 53404	113	86	56	111	114	141	8	255
 53449	113	86	56	111	114	141	8	255
 53494	113	86	56	111	114	140	8	255
 53540	113	86	56	111	114	141	8	255
 53585	112	86	56	111	114	140	8	255
 53631	112	86	56	111	114	140	8	255
 53676	112	86	56	112	114	140	8	255
 53721	112	86	56	112	114	140	8	255
 53767	111	86	56	112	114	138	8	255
 53812	111	86	56	112	114	140	8	255
 53857	111	86	56	112	114	138	8	255
 53903	111	86	56	112	114	138	8	255
 53948	111	86	56	112	114	137	8	255
 53993	111	86	56	112	114	138	8	255
 54039	111	86	56	112	114	137	8	255
 54084	110	86	56	112	114	138	8	255
 54129	110	86	56	112	114	137	8	255
 54175	110	86	56	112	114	137	8	255
 54220	110	86	56	112	114	136	8	255
 54265	110	86	56	112	114	136	8	255
 54311	109	86	56	112	114	136	8	255
 54356	109	86	56	112	114	132	8	255
 54401	108	86	56	112	114	132	8	255
 54447	107	86	57	112	114	132	8	255
 54492	107	86	57	112	114	131	8	255
 54538	107	87	57	112	114	132	8	255
 54583	106	87	57	112	114	131	8	255
 54628	106	87	57	112	114	131	8	255
 54674	106	87	57	112	114	131	8	255
 54719	106	87	57	112	114	131	8	255
 54764	105	87	57	112	114	130	8	255
 54810	105	87	57	112	114	130	8	255
 54855	105	87	57	112	114	128	8	255
 54900	105	87	57	112	114	130	8	255
 54946	105	87	57	112	114	130	8	255
 54991	104	87	57	112	114	130	8	255
 55036	105	87	57	112	114	130	8	255
 55082	105	87	57	112	114	132	8	255
 55127	105	87	57	112	114	131	8	255
 55172	105	87	57	112	114	132	8	255
 55218	106	87	57	112	114	132	8	255
 55263	106	87	57	112	115	132	8	255
 55308	106	87	57	112	115	132	8	255
 55354	106	87	57	112	115	131	8	255
 55399	106	87	57	112	115	132	8	255
 55444	106	87	57	112	115	130	8	255
 55490	105	87	57	112	115	130	8	255
 55535	105	87	57	112	115	128	8	255
 55581	104	87	57	112	115	128	8	255
 55626	103	87	57	112	115	126	8	255
 55671	102	87	57	112	115	123	8	255
 55717	101	88	57	112	115	120	8	255
 55762	99	88	57	112	115	118	8	255
 55807	98	88	57	112	115	113	8	255
 55853	95	87	57	112	115	110	0	255
 55898	93	87	57	112	115	108	0	255
 55948	92	86	57	112	115	106	0	255
 55989	90	85	58	112	115	106	0	255
 56034	89	83	58	112	115	104	0	255
 56079	88	82	57	112	115	104	0	255
 56125	86	81	58	112	115	102	0	255
 56170	85	80	58	112	115	101	0	255
 56215	84	79	58	112	115	100	0	255
 56261	83	78	58	112	115	98	0	255
 56307	82	77	58	112	115	98	0	255
 56352	81	76	58	112	115	98	0	255
 56397	79	75	58	112	115	97	0	255
 56442	78	74	58	112	115	97	0	255
 56488	77	73	58	112	115	97	0	255
 56533	76	73	58	112	115	97	0	255
 56578	75	72	58	112	115	97	0	255
 56624	74	71	58	112	115	96	0	255
 56669	74	70	58	112	115	96	0	255
 56714	73	70	58	112	115	96	0	255
 56760	72	69	58	112	115	96	0	255
 56805	71	68	58	112	115	96	0	255
 56850	70	68	58	112	115	96	0	255
 56896	69	67	58	112	115	96	0	255
 56941	69	66	58	112	115	96	0	255
 56986	68	66	58	112	115	94	0	255
 57033	67	65	58	112	115	96	0	255
 57077	66	65	58	112	115	94	0	255
 57123	66	64	58	112	115	94	0	255
 57168	65	63	58	112	115	93	0	255
 57213	64	62	58	112	115	92	0	255
 57259	64	61	58	112	115	92	0	255
 57304	63	61	58	112	115	90	0	255
 57349	62	60	58	112	115	90	0	255
 57395	62	59	58	112	115	90	0	255
 57440	61	59	58	112	115	89	0	255
 57485	61	58	58	112	115	86	0	255
 57531	60	58	58	112	115	88	0	255
 57576	60	57	58	112	115	86	0	255
 57621	59	57	58	112	115	85	0	255
 57667	59	56	58	112	115	85	0	255
 57712	58	56	58	112	115	84	0	255
 57757	58	55	58	112	115	84	0	255
 57803	57	55	58	112	115	84	0	255
 57848	57	55	58	112	115	83	0	255
 57894	56	54	58	112	115	83	0	255
 57939	56	54	58	112	115	83	0	255
 57988	55	53	58	112	115	80	0	255
 58030	55	53	58	112	115	82	0	255
 58075	55	53	58	112	115	82	0	255
 58120	54	53	58	112	115	82	0	255
 58211	53	52	58	112	115	80	0	255
 58256	53	52	58	112	115	82	0	255
 58302	53	51	58	112	115	82	0	255
 58347	52	51	58	112	115	82	0	255
 58392	52	51	58	112	115	82	0	255
 58438	52	50	58	112	115	80	0	255
 58483	51	50	58	112	115	80	0	255
 58528	51	50	58	112	115	79	0	255
 58574	51	50	58	112	114	79	0	255
 58619	50	49	58	112	114	78	0	255
 58664	50	49	58	112	115	76	0	255
 58710	50	48	58	112	115	76	0	255
 58755	50	48	58	112	115	74	0	255
 58801	49	48	58	112	115	75	0	255
 58846	49	48	58	112	114	74	0	255
 58891	49	47	57	112	114	72	0	255
 58937	48	47	58	112	115	72	0	255
 58982	48	47	57	112	114	71	0	255
 59027	48	47	58	112	114	70	0	255
 59073	48	46	57	112	114	70	0	255
 59118	47	46	57	112	114	68	0	255
 59163	47	46	57	112	114	67	0	255
 59209	47	46	57	112	114	67	0	255
 59254	47	46	57	112	114	66	0	255
 59299	47	45	57	112	114	65	0	255
 59345	46	45	57	112	114	65	0	255
 59390	46	45	57	112	114	64	0	255
 59436	46	45	57	112	114	62	0	255
 59481	46	45	57	112	114	62	0	255
 59526	45	45	57	112	114	61	0	255
 59572	45	44	57	112	114	61	0	255
 59617	45	44	57	112	114	60	0	255
 59662	45	44	57	112	114	60	0	255
 59708	45	44	57	112	114	58	0	255
 59753	45	44	57	112	114	57	0	255
 59798	44	44	57	112	114	56	0	255
 59844	44	44	57	112	114	56	0	255
 59889	44	43	57	112	114	56	0	255
 59934	44	43	57	112	114	54	0	255
 59980	44	43	57	112	114	54	0	255
 60025	44	43	57	112	114	53	0	255
 60070	43	43	57	112	114	53	0	255
 60116	43	43	57	112	114	52	0	255
 60161	43	43	57	112	114	51	0	255
 60206	43	43	57	112	114	51	0	255
 60252	43	42	57	112	114	51	0	255
 60297	43	42	57	112	114	50	0	255
 60342	43	42	57	112	114	50	0	255
 60388	42	42	57	112	114	48	0	255
 60433	42	42	57	112	114	47	0	255
 60478	42	42	57	112	114	47	0	255
 60524	42	42	57	112	114	47	0	255
 60569	42	41	57	112	114	46	0	255
 60615	42	41	57	111	114	46	0	255
 60660	42	41	57	112	114	45	0	255
 60705	42	41	57	112	114	45	0	255
 60751	41	41	57	111	114	44	0	255
 60796	41	41	57	111	114	45	0	255
 60841	41	41	57	111	114	44	0	255
 60887	41	41	57	111	114	44	0	255
 60932	41	41	57	111	114	42	0	255
 60977	41	40	57	111	114	41	0	255
 61023	41	40	57	111	114	42	0	255
 61068	41	40	57	111	114	41	0	255
 61113	41	40	57	111	114	40	0	255
 61159	40	40	57	111	114	41	0	255
 61204	40	40	57	111	114	40	0	255
 61249	40	40	57	111	114	40	0	255
 61295	40	40	57	111	114	38	0	255
 61340	40	40	57	111	114	38	0	255
 61385	40	40	57	111	114	38	0	255
 61431	40	40	57	111	114	37	0	255
 61476	40	39	57	111	114	37	0	255
 61521	40	39	57	111	114	37	0	255
 61567	40	39	57	111	114	36	0	255
 61612	40	39	57	111	114	36	0	255
 61658	39	39	57	111	114	36	0	255
 61703	39	39	57	111	114	35	0	255
 61748	39	39	57	111	114	35	0	255
 61794	39	39	57	111	114	35	0	255
 61839	39	39	57	111	114	35	0	255
 61884	39	39	57	111	114	34	0	255
 61930	39	39	57	111	114	34	0	255
 61975	39	39	57	111	114	34	0	255
 62020	39	38	57	111	114	34	0	255
 62066	39	38	57	111	114	32	0	255
 62111	39	38	57	111	114	34	0	255
 62156	39	38	57	111	114	32	0	255
 62202	39	38	57	111	114	31	0	255
 62247	39	38	57	111	114	32	0	255
 62292	38	38	57	111	114	32	0	255
 62338	38	38	57	111	114	32	0	255
 62383	38	38	57	111	114	31	0	255
 62428	38	38	57	111	114	31	0	255
 62474	38	38	57	111	114	32	0	255
 62519	38	38	57	111	114	30	0	255
 62565	38	38	57	111	114	31	0	255
 62610	38	38	57	111	114	31	0	255
 62655	38	38	57	111	114	30	0	255
 62701	38	38	57	111	114	29	0	255
 62746	38	37	57	111	114	29	0	255
 62791	38	37	57	111	114	29	0	255
 62837	38	37	57	111	114	29	0	255
 62882	38	37	57	111	114	29	0	255
 62927	38	37	57	111	114	29	0	255
 62973	38	37	57	111	114	29	0	255
 63018	38	37	57	111	114	26	0	255
 63063	38	37	57	111	114	28	0	255
 63109	37	37	57	111	114	28	0	255
 63154	37	37	57	111	114	28	0	255
 63199	37	37	57	111	114	28	0	255
 63245	37	37	57	111	114	28	0	255
 63290	37	37	57	111	114	28	0	255
 63335	37	37	57	111	114	28	0	255
 63381	37	37	57	111	114	26	0	255
 63426	37	37	57	111	114	26	0	255
 63472	37	37	57	111	114	25	0	255
 63517	37	37	57	111	114	26	0	255
 63562	37	37	57	111	114	26	0	255
 63608	37	37	57	111	114	26	0	255
 63653	37	37	57	111	114	26	0	255
 63698	37	37	57	111	114	26	0	255
 63744	37	37	57	111	114	25	0	255
 63789	37	36	57	111	114	25	0	255
 63834	37	36	57	111	114	25	0	255
 63880	37	36	57	111	114	25	0	255
 63925	37	36	57	111	114	25	0	255
 63970	37	36	57	111	114	25	0	255
 64016	37	36	57	111	114	25	0	255
 64061	37	36	57	111	114	25	0	255
 64106	37	36	57	111	114	25	0	255
 64152	37	36	57	111	114	24	0	255
 64197	37	36	57	111	114	25	0	255
 64242	37	36	57	111	114	24	0	255
 64288	36	36	57	111	114	25	0	255
 64333	36	36	57	111	114	24	0	255
 64378	36	36	57	111	114	24	0	255
 64424	36	36	57	111	114	24	0	255
 64469	36	36	57	111	114	23	0	255
 64515	36	36	57	111	114	24	0	255
 64560	36	36	57	111	114	24	0	255
 64605	36	36	57	111	114	23	0	255
 64651	36	36	57	111	114	23	0	255
 64696	36	36	57	111	114	23	0	255
 64741	36	36	57	111	114	23	0	255
 64790	36	36	57	111	114	23	0	255
 64832	36	36	57	111	114	23	0	255
 64877	36	36	57	111	114	23	0	255
 64923	36	36	57	111	114	23	0	255
 64968	36	36	57	111	114	22	0	255
 65013	36	36	57	111	114	23	0	255
 65059	36	36	57	111	114	22	0	255
 65104	36	36	57	111	114	22	0	255
 65149	36	36	57	111	114	22	0	255
 65195	36	36	57	111	114	22	0	255
 65240	36	36	57	111	114	22	0	255
 65286	36	36	57	111	114	22	0	255
 65331	36	36	57	111	114	22	0	255
 65376	36	35	57	111	114	22	0	255
 65422	36	35	57	111	114	22	0	255
 65467	36	35	57	111	114	22	0	255
 65512	36	35	57	111	114	20	0	255
 65558	36	35	57	111	114	22	0	255
 65603	36	35	57	111	114	20	0	255
 65648	36	35	57	111	114	20	0	255
 65694	36	35	57	111	114	22	0	255
 65739	36	35	57	111	114	20	0	255
 65784	36	35	57	111	114	20	0	255
 65830	36	35	57	111	114	20	0	255
 65875	36	35	57	111	114	20	0	255
 65920	36	35	57	111	114	19	0	255
 65966	36	35	57	111	114	20	0	255
 66011	36	35	57	111	114	20	0	255
 66056	36	35	57	111	114	19	0	255
 66102	35	35	57	111	114	20	0	255
 66147	36	35	57	111	114	19	0	255
 66192	35	35	57	111	114	19	0	255
 66238	35	35	57	111	114	19	0	255
 66283	35	35	57	111	114	19	0	255
 66329	35	35	57	111	114	19	0	255
 66374	35	35	57	111	114	19	0	255
 66419	35	35	57	111	114	19	0	255
 66465	35	35	57	111	114	18	0	255
 66510	35	35	57	111	114	18	0	255
 66555	35	35	57	111	114	19	0	255
 66601	35	35	57	111	114	18	0	255
 66646	35	35	57	111	114	18	0	255
 66691	35	35	57	111	114	18	0	255
 66737	35	35	57	110	114	18	0	255
 66782	35	35	57	110	114	17	0	255
 66827	35	35	57	110	114	18	0	255
 66873	35	35	57	110	114	17	0	255
 66918	35	35	57	110	114	18	0	255
 66963	35	35	57	110	114	18	0	255
 67009	35	35	57	110	114	17	0	255
 67054	35	35	57	110	114	17	0	255
 67100	35	35	57	110	114	17	0	255
 67145	35	35	57	110	114	17	0	255
 67190	35	35	57	110	114	17	0	255
 67236	35	35	57	110	114	17	0	255
 67281	35	35	57	110	114	17	0	255
 67326	35	35	57	110	114	16	0	255
 67372	35	35	57	110	114	16	0	255
 67417	35	35	57	110	114	16	0	255
 67462	35	35	57	110	114	16	0	255
 67508	35	35	57	110	114	16	0	255
 67553	35	35	57	110	114	16	0	255
 67598	35	35	57	110	114	16	0	255
 67644	35	35	57	110	114	16	0	255
 67689	35	35	57	110	114	14	0	255
 67734	35	35	57	110	114	14	0	255
 67780	35	35	57	110	114	14	0	255
 67825	35	35	57	110	114	14	0	255
 67870	35	35	57	110	114	14	0	255
 67916	35	35	57	110	114	13	0	255
 67961	35	35	57	110	114	13	0	255
 68007	35	35	57	110	114	13	0	255
 68052	35	35	57	110	114	13	0	255
 68097	35	35	57	110	114	13	0	255
 68143	35	35	57	110	114	13	0	255
 68188	35	35	57	110	114	13	0	255
 68233	35	35	57	110	114	13	0	255
 68279	35	35	57	110	114	13	0	255
 68324	35	35	57	110	114	12	0	255
 68369	35	35	57	110	114	12	0	255
 68415	35	35	57	110	114	12	0	255
 68460	35	35	57	110	114	13	0	255
 68505	35	35	57	110	114	12	0	255
 68551	35	34	57	110	114	12	0	255
 68596	35	35	57	110	114	12	0	255
 68641	35	34	57	110	114	13	0	255
 68687	35	35	57	110	114	12	0	255
 68732	35	34	57	110	114	12	0	255
 68778	35	34	57	110	114	11	0	255
 68823	35	34	57	110	114	11	0	255
 68868	35	34	56	110	114	12	0	255
 68914	35	34	57	110	114	11	0	255
 68959	35	34	56	110	114	12	0	255
 69004	35	34	56	110	114	11	0	255
 69050	35	34	57	110	114	11	0	255
 69095	35	34	56	110	113	12	0	255
 69140	35	34	56	110	113	11	0	255
 69186	35	34	57	110	113	11	0	255
 69231	35	34	56	110	114	11	0	255
 69276	35	34	56	110	113	11	0	255
 69322	35	34	56	110	113	11	0	255
 69367	35	34	56	110	113	10	0	255
 69412	35	34	56	110	113	10	0	255
 69458	35	34	56	110	113	11	0	255
 69503	35	34	56	110	113	11	0	255
 69548	35	34	56	110	113	10	0	255
 69594	35	34	56	110	113	11	0	255
 69639	35	34	56	110	113	11	0	255
 69685	35	34	56	110	113	10	0	255
 69730	35	34	56	110	113	10	0	255
 69775	35	34	56	110	113	11	0	255
 69821	35	34	56	110	113	11	0	255
 69866	35	34	56	110	113	10	0	255
 69911	35	34	56	110	113	10	0	255
 69957	35	34	56	110	113	11	0	255
 70002	35	34	56	110	113	11	0	255
 70047	35	34	56	110	113	10	0	255
 70093	34	34	56	110	113	11	0	255
 70138	34	34	56	110	113	11	0	255
 70183	35	34	56	110	113	10	0	255
 70229	34	34	56	110	113	10	0	255
 70274	34	34	56	110	113	11	0	255
 70319	34	34	56	110	113	11	0	255
 70365	34	34	56	110	113	11	0	255
 70410	34	34	56	110	113	10	0	255
 70456	34	34	56	110	113	10	0	255
 70501	34	34	56	110	113	10	0	255
 70546	34	34	56	110	113	11	0	255
 70592	34	34	56	110	113	11	0	255
 70637	34	34	56	110	113	10	0	255
 70687	34	34	56	110	113	11	0	255
 70728	34	34	56	110	113	10	0	255
 70773	34	34	56	110	113	11	0	255
 70818	34	34	56	110	113	11	0	255
 70864	34	34	56	110	113	11	0	255
 70909	34	34	56	110	113	11	0	255
 70954	34	34	56	110	113	10	0	255
 71000	34	34	56	110	113	11	0	255
 71045	34	34	56	110	113	10	0	255
 71090	34	34	56	110	113	10	0	255
 71136	34	34	56	110	113	11	0	255
 71181	34	34	56	110	113	10	0	255
 71227	34	34	56	110	113	11	0	255
 71272	34	34	56	110	113	11	0	255
 71317	34	34	56	110	113	11	0	255
 71363	34	34	56	110	113	11	0	255
 71408	34	34	56	110	113	10	0	255
 71453	34	34	56	110	113	11	0	255
 71499	34	34	56	110	113	11	0	255
 71544	34	34	56	110	113	11	0	255
 71589	34	34	56	110	113	11	0	255
 71635	34	34	56	110	113	11	0	255
 71680	34	34	56	110	113	11	0	255
 71725	34	34	56	110	113	11	0	255
 71772	34	34	56	110	113	11	0	255
 71816	34	34	56	110	113	11	0	255
 71861	34	34	56	110	113	11	0	255
 71907	34	34	56	110	113	11	0	255
 71952	34	34	56	110	113	11	0	255
 71997	34	34	56	110	113	11	0	255
 72043	34	34	56	110	113	11	0	255
 72088	34	34	56	110	113	11	0	255
 72134	34	34	56	110	113	11	0	255
 72179	34	34	56	110	113	11	0	255
 72224	34	34	56	110	113	11	0	255
 72270	34	34	56	110	113	11	0	255
 72315	34	34	56	110	113	11	0	255
 72360	34	34	56	110	113	11	0	255
 72406	34	34	56	110	113	11	0	255
 72451	34	34	56	110	113	11	0	255
 72496	34	34	56	110	113	11	0	255
 72542	34	34	56	110	113	11	0	255
 72587	34	34	56	110	113	11	0	255
 72632	34	34	56	110	113	11	0	255
 72678	34	34	56	110	113	12	0	255
 72723	34	34	56	110	113	11	0	255
 72769	34	34	56	110	113	11	0	255
 72814	34	34	56	110	113	11	0	255
 72859	34	34	56	110	113	11	0	255
 72905	34	34	56	109	113	11	0	255
 72950	34	34	56	110	113	11	0	255
 72995	34	34	56	110	113	11	0	255
 73041	34	34	56	109	113	11	0	255
 73086	34	34	56	109	113	11	0	255
 73131	34	34	56	109	113	11	0	255
 73177	34	34	56	109	113	11	0	255
 73222	34	34	56	109	113	11	0	255
 73267	34	34	56	109	113	11	0	255
 73313	34	34	56	109	113	11	0	255
 73358	34	34	56	109	113	11	0	255
 73403	34	34	56	109	113	11	0	255
 73449	34	34	56	109	113	11	0	255
 73494	34	34	56	109	113	11	0	255
 73539	34	34	56	109	113	11	0	255
 73585	34	34	56	109	113	11	0	255
 73630	34	34	56	109	113	11	0	255
 73676	34	34	56	109	113	11	0	255
 73721	34	34	56	109	113	11	0	255
 73766	34	34	56	109	113	10	0	255
 73812	34	34	56	109	113	11	0	255
 73857	34	34	56	109	113	11	0	255
 73902	34	34	56	109	113	11	0	255
 73948	34	34	56	109	113	11	0	255
 73993	34	34	56	109	113	10	0	255
 74038	34	34	56	109	113	11	0	255
 74084	34	34	56	109	113	11	0	255
 74129	34	34	56	109	113	11	0	255
 74174	34	34	56	109	113	11	0	255
 74220	34	34	56	109	113	11	0	255
 74265	34	34	56	109	113	11	0	255
 74310	34	34	56	109	113	11	0	255
 74356	34	34	56	109	113	11	0	255
 74401	34	34	56	109	113	11	0	255
 74446	34	34	56	109	113	11	0	255
 74492	34	34	56	109	113	11	0	255
 74537	34	34	56	109	113	11	0	255
 74583	34	34	56	109	113	11	0	255
 74628	34	34	56	109	113	11	0	255
 74673	34	34	56	109	113	11	0	255
 74719	34	34	56	109	113	11	0	255
 74764	34	34	56	109	113	11	0	255
 74809	34	34	56	109	113	11	0	255
 74855	34	34	56	109	113	11	0	255
 74900	34	34	56	109	113	11	0	255
 74945	34	34	56	109	113	11	0	255
 74991	34	34	56	109	113	11	0	255
 75036	34	34	56	109	113	11	0	255
 75081	34	34	56	109	113	11	0	255
 75127	34	34	56	109	113	11	0	255
 75172	34	34	56	109	113	11	0	255
 75217	34	34	56	109	113	11	0	255
 75263	34	34	56	109	113	11	0	255
 75308	34	34	56	109	113	11	0	255
 75353	34	34	56	109	113	11	0	255
 75399	34	34	56	109	113	11	0	255
 75444	34	34	56	109	113	11	0	255
 75490	34	34	56	109	113	11	0	255
 75535	34	34	56	109	113	11	0	255
 75580	34	34	56	109	113	11	0	255
 75626	34	34	56	109	113	11	0	255
 75671	34	34	56	109	113	11	0	255
 75716	34	34	56	109	113	10	0	255
 75763	34	34	56	109	113	11	0	255
 75807	34	34	56	109	113	11	0	255
 75852	34	34	56	109	113	11	0	255
 75898	34	34	56	109	113	11	0	255
 75943	34	34	56	109	113	11	0	255
 75988	34	34	56	109	113	11	0	255
 76034	34	34	56	109	113	11	0	255
 76079	34	34	56	109	113	11	0	255
 76124	34	34	56	109	113	11	0	255
 76170	34	34	56	109	113	11	0	255
 76215	34	34	56	109	113	11	0	255
 76261	34	34	56	109	113	11	0	255
 76306	34	34	56	109	113	11	0	255
 76351	34	34	56	109	113	11	0	255
 76397	34	34	56	109	113	11	0	255
 76442	34	34	56	109	113	11	0	255
 76487	34	34	56	109	113	11	0	255
 76533	34	34	56	109	113	11	0	255
 76578	34	34	56	109	113	11	0	255
 76623	34	34	56	109	113	11	0	255
 76669	34	34	56	109	113	11	0	255
 76714	34	34	56	109	113	11	0	255
 76759	34	34	56	109	113	11	0	255
 76805	34	34	56	109	113	11	0	255
 76850	34	34	56	109	113	11	0	255
 76895	34	34	56	109	113	11	0	255
 76941	34	34	56	109	113	11	0	255
 76986	34	34	56	109	113	11	0	255
 77031	34	34	56	109	113	11	0	255
 77077	34	34	56	109	113	11	0	255
 77122	34	34	56	109	113	11	0	255
 77167	34	34	56	109	113	11	0	255
 77213	34	34	56	109	113	11	0	255
 77258	34	34	56	109	113	11	0	255
 77304	34	34	56	109	113	11	0	255
 77349	34	34	56	109	113	11	0	255
 77394	34	34	56	109	113	10	0	255
 77440	34	34	56	109	113	11	0	255
 77485	34	34	56	109	113	11	0	255
 77530	34	34	56	109	113	11	0	255
 77576	34	34	56	109	113	11	0	255
 77621	34	34	56	109	113	11	0	255
 77666	34	34	56	109	113	11	0	255
 77712	34	34	56	109	113	11	0	255
 77757	34	34	56	109	113	11	0	255
 77802	34	34	56	109	113	10	0	255
 77848	34	34	56	109	113	11	0	255
 77893	34	34	56	109	113	11	0	255
 77939	34	34	56	109	113	11	0	255
 77984	34	34	56	109	113	11	0	255
 78029	34	34	56	109	113	11	0	255
 78074	34	34	56	109	113	11	0	255
 78120	34	34	56	109	113	11	0	255
 78165	34	34	56	109	113	11	0	255
 78211	34	34	56	109	113	11	0	255
 78256	34	34	56	109	112	11	0	255
 78301	34	34	56	109	112	11	0	255
 78347	34	34	56	109	113	10	0	255
 78392	34	34	56	109	112	11	0	255
 78437	34	34	56	109	112	11	0	255
 78483	34	34	56	109	113	11	0	255
 78528	34	34	56	109	112	11	0	255
 78573	34	34	56	109	112	11	0	255
 78619	34	34	56	109	112	11	0	255
 78664	34	34	56	109	112	11	0	255
 78710	34	34	56	109	112	11	0	255
 78755	34	34	56	109	112	10	0	255
 78800	34	34	56	109	112	11	0	255
 78845	34	34	56	109	112	11	0	255
 78891	34	34	56	109	112	11	0	255
 78936	34	34	56	109	112	10	0	255
 78981	34	34	56	109	112	11	0	255
 79027	34	34	56	109	112	11	0	255
 79072	34	34	56	109	112	11	0	255
 79118	34	34	56	109	112	10	0	255
 79163	34	34	56	109	112	11	0	255
 79208	34	34	56	109	112	11	0	255
 79254	34	34	56	109	112	11	0	255
 79299	34	34	56	109	112	11	0	255
 79344	34	34	56	109	112	11	0	255
 79390	34	34	56	108	112	11	0	255
 79435	34	34	56	108	112	10	0	255
 79480	34	34	56	108	112	11	0	255
 79526	34	34	56	108	112	11	0	255
 79571	34	34	56	108	112	11	0	255
 79616	34	34	56	108	112	11	0	255
 79662	34	34	56	108	112	11	0	255
 79707	34	34	56	108	112	11	0	255
 79752	34	34	55	108	112	11	0	255
 79798	34	34	56	108	112	11	0	255
 79843	34	34	56	108	112	11	0	255
 79888	34	34	56	108	112	11	0	255
 79934	34	34	56	108	112	11	0	255
 79979	34	34	56	108	112	10	0	255
 80024	34	34	56	108	112	11	0	255
 80070	34	34	56	108	112	10	0	255
 80115	34	34	55	108	112	11	0	255
 80161	34	34	55	108	112	11	0	255
 80206	34	34	55	108	112	11	0	255
 80251	34	34	55	108	112	11	0	255
 80297	34	34	55	108	112	10	0	255
 80342	34	34	55	108	112	11	0	255
 80387	34	34	55	108	112	11	0	255
 80433	34	34	55	108	112	11	0	255
 80478	34	34	55	108	112	11	0	255
 80523	34	34	55	108	112	11	0	255
 80569	34	34	55	108	112	11	0	255
 80614	34	34	55	108	112	10	0	255
 80659	34	34	55	108	112	11	0	255
 80705	34	34	55	108	112	11	0	255
 80750	34	34	55	108	112	11	0	255
 80795	34	34	55	108	112	11	0	255
 80841	34	34	55	108	112	10	0	255
 80886	34	34	55	108	112	11	0	255
 80931	34	34	55	108	112	10	0	255
 80977	34	34	55	108	112	10	0	255
 81022	34	34	55	108	112	10	0	255
 81068	34	34	55	108	112	10	0	255
 81113	34	34	55	108	112	10	0	255
 81158	34	34	55	108	112	8	0	255
 81204	34	34	55	108	112	8	0	255
 81249	34	34	55	108	112	10	0	255
 81294	34	34	55	108	112	10	0	255
 81340	34	34	55	108	112	10	0	255
 81385	34	34	55	108	112	8	0	255
 81430	34	34	55	108	112	8	0	255
 81476	34	34	55	108	112	8	0	255
 81521	34	34	55	108	112	10	0	255
 81566	34	34	55	108	112	8	0	255
 81612	34	34	55	108	112	8	0	255
 81657	34	34	55	108	112	7	0	255
 81702	34	34	55	108	112	8	0	255
 81748	34	34	55	108	112	7	0	255
 81793	34	34	55	108	112	8	0	255
 81838	34	34	55	108	112	8	0	255
 81884	34	34	55	108	112	8	0	255
 81929	34	34	55	108	112	7	0	255
 81975	34	34	55	108	112	7	0	255
 82021	34	34	55	108	112	8	0	255
 82065	34	34	55	108	112	7	0	255
 82111	34	34	55	108	112	7	0	255
 82156	34	34	55	108	112	7	0	255
 82201	34	34	55	108	112	7	0	255
 82247	34	34	55	108	112	7	0	255
 82292	34	34	55	108	112	7	0	255
 82337	34	34	55	108	112	7	0	255
 82383	34	34	55	108	112	7	0	255
 82428	34	34	55	108	112	6	0	255
 82473	34	34	55	108	112	7	0	255
 82519	34	34	55	108	112	7	0	255
 82564	34	34	55	108	112	7	0	255
 82609	34	34	55	108	112	6	0	255
 82655	34	34	55	108	112	7	0	255
 82700	34	34	55	108	112	7	0	255
 82745	34	34	55	108	112	6	0	255
 82791	34	34	55	108	112	7	0	255
 82837	34	34	55	108	112	7	0	255
 82882	34	34	55	108	112	6	0	255
 82927	34	34	55	108	112	7	0	255
 82972	34	34	55	108	112	6	0	255
 83018	34	34	55	108	112	7	0	255
 83063	34	34	55	108	112	7	0	255
 83108	34	34	55	108	112	7	0	255
 83154	34	34	55	108	112	7	0	255
 83199	34	34	55	108	112	7	0	255
 83244	34	34	55	108	112	7	0	255
 83290	34	34	55	108	112	7	0	255
 83335	34	34	55	108	112	6	0	255
 83380	34	34	55	108	112	7	0	255
 83426	34	34	55	108	112	7	0	255
 83472	34	34	55	108	112	7	0	255
 83516	34	34	55	108	112	6	0	255
 83562	34	34	55	108	112	7	0	255
 83607	34	34	55	108	112	7	0	255
 83652	34	34	55	108	112	7	0	255
 83698	34	34	55	108	112	7	0	255
 83743	34	34	55	108	112	7	0	255
 83789	34	34	55	108	112	8	0	255
 83834	34	34	55	108	112	7	0	255
 83879	34	34	55	108	112	8	0	255
 83925	34	34	55	108	112	8	0	255
 83970	34	34	55	108	112	7	0	255
 84016	34	34	55	108	112	7	0	255
 84061	34	34	55	108	112	7	0	255
 84106	34	34	55	108	112	7	0	255
 84151	34	34	55	108	112	7	0	255
 84197	34	34	55	108	112	7	0	255
 84242	34	34	55	108	112	7	0	255
 84287	34	34	55	108	112	7	0	255
 84333	34	34	55	108	112	7	0	255
 84378	34	34	55	108	112	6	0	255
 84423	34	34	55	108	112	7	0	255
 84469	34	34	55	108	112	7	0	255
 84514	34	34	55	108	112	7	0	255
 84559	34	34	55	108	112	7	0	255
 84605	34	34	55	108	112	7	0	255
 84650	34	34	55	108	112	6	0	255
 84696	34	34	55	108	112	7	0	255
 84741	34	34	55	108	112	6	0	255
 84786	34	34	55	108	112	6	0	255
 84832	34	34	55	108	112	7	0	255
 84877	34	34	55	108	112	6	0	255
 84922	34	34	55	108	112	6	0	255
 84968	34	34	55	108	112	7	0	255
 85013	34	34	55	108	112	6	0	255
 85058	34	34	55	108	112	6	0	255
 85105	34	34	55	108	112	5	0	255
 85149	34	34	55	108	112	6	0	255
 85194	34	34	55	108	112	6	0	255
 85240	34	34	55	108	112	6	0	255
 85285	34	34	55	108	112	6	0	255
 85330	34	34	55	108	112	6	0	255
 85376	34	34	55	108	112	6	0	255
 85421	34	34	55	108	112	5	0	255
 85466	34	34	55	108	112	5	0	255
 85512	34	34	55	108	112	5	0	255
 85557	34	34	55	108	112	5	0	255
 85602	34	34	55	108	112	5	0	255
 85648	34	34	55	108	112	5	0	255
 85693	34	34	55	108	112	5	0	255
 85739	34	34	55	107	112	5	0	255
 85784	34	34	55	108	112	5	0	255
 85830	34	34	55	108	112	5	0	255
 85875	34	34	55	108	112	5	0	255
 85920	34	34	55	108	112	5	0	255
 85965	34	34	55	107	112	5	0	255
 86011	34	34	55	108	112	5	0	255
 86056	34	34	55	108	112	5	0	255
 86101	34	34	55	108	112	4	0	255
 86147	34	34	55	107	112	5	0	255
 86192	34	34	55	107	112	5	0	255
 86237	34	34	55	107	112	5	0	255
 86283	34	34	55	107	112	5	0	255
 86328	34	34	55	107	112	5	0	255
 86373	34	34	55	107	112	4	0	255
