HomeCentral
 Falkenstrasse 20
 8630 Rueti
 Datum: 06.06.14 00:00
 
 Startzeit: 2014-06-06 00:00:07 +0100
 52	62	60	95	150	163	26	0	255
 97	62	60	95	149	163	26	0	255
 143	62	60	95	150	163	25	0	255
 188	62	60	95	149	163	26	0	255
 234	62	60	95	149	163	26	0	255
 6802	61	59	93	149	162	23	0	255
 6847	61	59	93	149	162	22	0	255
 6893	61	59	93	149	161	22	0	255
 6938	61	59	93	149	162	22	0	255
 6983	61	59	93	149	161	22	0	255
 7029	61	59	93	149	161	22	0	255
 7074	61	59	93	149	161	23	0	255
 7119	61	59	93	149	161	20	0	255
 7165	61	59	93	149	161	22	0	255
 7210	61	59	93	149	161	22	0	255
 7255	61	59	93	149	161	22	0	255
 7301	61	59	92	149	161	20	0	255
 7346	61	59	92	149	161	22	0	255
 7391	61	59	93	149	161	22	0	255
 7437	61	59	92	149	161	22	0	255
 7482	61	59	92	149	161	22	0	255
 7528	61	59	92	149	161	22	0	255
 7573	61	59	92	149	161	22	0	255
 7618	61	59	92	149	161	20	0	255
 7664	61	59	92	149	161	22	0	255
 7709	61	59	92	149	161	20	0	255
 7755	61	59	92	149	161	22	0	255
 7800	61	59	92	149	161	20	0	255
 7845	61	59	92	149	161	22	0	255
 7890	61	59	92	149	161	20	0	255
 7936	61	59	92	149	161	20	0	255
 7981	61	59	92	149	161	20	0	255
 8026	61	59	92	149	161	22	0	255
 8072	61	59	92	149	161	20	0	255
 8117	61	59	92	149	161	22	0	255
 8162	61	59	92	149	161	20	0	255
 8208	61	59	92	149	161	20	0	255
 8253	61	59	92	149	161	22	0	255
 8298	61	59	92	149	161	20	0	255
 8344	61	59	92	149	161	22	0	255
 8389	61	59	92	149	161	22	0	255
 8435	61	59	92	149	161	22	0	255
 8480	61	59	92	149	161	20	0	255
 8525	61	59	92	149	161	20	0	255
 8571	61	59	92	149	161	20	0	255
 8616	61	59	92	149	161	19	0	255
 8661	61	59	92	149	161	20	0	255
 8707	61	59	92	149	161	20	0	255
 8752	61	59	92	149	161	20	0	255
 8797	61	59	92	149	161	20	0	255
 8843	61	59	92	149	161	20	0	255
 8888	61	59	92	149	161	20	0	255
 8933	61	59	92	149	161	20	0	255
 8979	61	59	92	149	161	20	0	255
 9024	61	59	92	149	161	20	0	255
 9069	61	59	92	149	161	20	0	255
 9115	61	59	92	149	161	20	0	255
 9160	61	59	92	149	161	20	0	255
 9205	61	59	92	149	161	19	0	255
 9251	61	59	92	149	161	20	0	255
 9296	61	59	92	149	161	20	0	255
 9342	61	59	92	149	161	20	0	255
 9387	61	59	92	149	161	20	0	255
 9432	61	59	92	149	161	20	0	255
 9478	61	59	92	149	161	20	0	255
 9523	61	59	92	149	161	20	0	255
 9568	61	59	92	149	161	19	0	255
 9614	61	59	92	149	161	20	0	255
 9659	61	59	92	149	161	20	0	255
 9704	61	59	92	149	161	20	0	255
 9750	61	59	92	149	161	19	0	255
 9795	61	59	92	149	161	20	0	255
 9840	61	59	92	149	161	20	0	255
 9886	61	59	92	149	161	20	0	255
 9931	61	59	92	149	161	20	0	255
 9976	61	59	92	149	161	20	0	255
 10022	61	59	92	149	161	20	0	255
 10067	61	59	92	149	161	20	0	255
 10112	61	59	92	148	161	19	0	255
 10158	61	59	92	148	161	20	0	255
 10203	61	59	92	148	161	20	0	255
 10249	61	59	92	148	161	20	0	255
 10294	61	59	92	149	161	20	0	255
 10339	61	59	91	148	161	19	0	255
 10385	61	59	92	148	161	20	0	255
 10430	61	59	91	148	161	20	0	255
 10475	61	59	91	148	161	20	0	255
 10521	61	59	91	148	161	20	0	255
 10566	61	59	91	148	161	19	0	255
 10611	61	59	91	148	161	20	0	255
 10657	61	59	91	148	161	20	0	255
 10702	61	59	91	148	161	20	0	255
 10747	61	59	91	148	161	20	0	255
 10793	61	59	91	148	161	20	0	255
 10838	61	59	91	148	161	22	0	255
 10883	61	59	91	148	161	20	0	255
 10929	61	59	91	148	161	22	0	255
 10974	61	59	91	148	161	20	0	255
 11019	61	59	91	148	161	20	0	255
 11065	61	58	91	148	161	20	0	255
 11110	61	59	91	148	161	20	0	255
 11156	61	59	91	148	161	20	0	255
 11201	61	59	91	148	161	19	0	255
 11246	61	59	91	148	161	19	0	255
 11292	61	59	91	148	161	20	0	255
 11337	61	58	91	148	161	20	0	255
 11382	61	59	91	148	160	20	0	255
 11428	61	59	91	148	160	20	0	255
 11473	61	58	91	148	160	20	0	255
 11518	61	58	91	148	160	20	0	255
 11564	61	58	91	148	160	20	0	255
 11609	61	58	91	148	160	20	0	255
 11654	61	58	91	148	160	20	0	255
 11700	61	58	91	148	160	20	0	255
 11745	61	58	91	148	160	20	0	255
 11790	61	58	91	148	160	20	0	255
 11836	61	58	91	148	160	20	0	255
 11881	61	58	91	148	160	19	0	255
 11926	61	58	91	148	160	20	0	255
 11972	60	58	91	148	160	20	0	255
 12017	60	58	91	148	160	20	0	255
 12063	61	58	91	148	160	20	0	255
 12108	61	58	91	148	160	20	0	255
 12153	61	58	91	148	160	20	0	255
 12199	60	58	91	148	160	20	0	255
 12244	60	58	91	148	160	20	0	255
 12289	60	58	91	148	160	22	0	255
 12335	60	58	91	148	160	20	0	255
 12380	60	58	91	148	160	20	0	255
 12425	60	58	91	148	160	20	0	255
 12471	60	58	91	148	160	20	0	255
 12516	60	58	91	148	160	20	0	255
 12561	60	58	91	148	160	20	0	255
 12607	60	58	91	148	160	20	0	255
 12652	60	58	91	148	160	19	0	255
 12697	60	58	91	148	160	20	0	255
 12743	60	58	91	148	160	22	0	255
 12788	60	58	91	148	160	20	0	255
 12833	60	58	91	148	160	20	0	255
 12879	60	58	91	148	160	19	0	255
 12924	60	58	91	148	160	19	0	255
 12970	60	58	91	148	160	20	0	255
 13015	60	58	91	148	160	20	0	255
 13060	60	58	91	148	160	20	0	255
 13106	60	58	91	148	160	20	0	255
 13151	60	58	91	148	160	20	0	255
 13196	60	58	91	148	160	20	0	255
 13242	60	58	91	148	160	19	0	255
 13287	60	58	91	148	160	20	0	255
 13332	60	58	91	148	160	19	0	255
 13378	60	58	91	148	160	20	0	255
 13423	60	58	91	148	160	20	0	255
 13468	60	58	91	148	160	19	0	255
 13514	60	58	91	148	160	22	0	255
 13559	60	58	91	148	160	20	0	255
 13604	60	58	90	148	160	20	0	255
 13650	60	58	90	148	160	20	0	255
 13695	60	58	90	148	160	22	0	255
 13740	60	58	90	148	160	19	0	255
 13786	60	58	90	148	160	20	0	255
 13831	60	58	90	148	160	20	0	255
 13876	60	58	90	148	160	20	0	255
 13922	60	58	90	148	160	20	0	255
 13967	60	58	90	148	160	20	0	255
 14013	60	58	90	148	160	20	0	255
 14058	60	58	90	148	160	20	0	255
 14103	60	58	90	148	160	23	0	255
 14149	60	58	90	148	160	20	0	255
 14194	60	58	90	148	160	20	0	255
 14239	60	58	90	148	160	22	0	255
 14285	60	58	90	148	160	20	0	255
 14330	60	58	90	148	160	20	0	255
 14375	60	58	90	148	160	20	0	255
 14421	60	58	90	148	160	19	0	255
 14467	60	58	90	148	160	20	0	255
 14511	60	58	90	148	160	20	0	255
 14557	60	58	90	148	160	22	0	255
 14602	60	58	90	148	160	20	0	255
 14647	60	58	90	148	160	20	0	255
 14693	60	58	90	148	160	20	0	255
 14738	60	58	90	148	160	22	0	255
 14783	60	58	90	148	160	20	0	255
 14829	60	58	90	148	160	20	0	255
 14874	60	58	90	148	160	20	0	255
 14920	60	58	90	148	160	20	0	255
 14965	60	58	90	148	160	20	0	255
 15010	60	58	90	148	160	20	0	255
 15056	60	58	90	148	160	22	0	255
 15101	60	58	90	148	160	22	0	255
 15146	60	58	90	148	160	22	0	255
 15192	60	58	90	148	160	20	0	255
 15237	60	58	90	148	160	20	0	255
 15282	60	58	90	148	160	20	0	255
 15328	60	58	90	148	160	20	0	255
 15373	60	58	90	148	160	20	0	255
 15418	60	58	90	148	160	22	0	255
 15464	60	58	90	148	160	19	0	255
 15509	60	58	90	148	160	19	0	255
 15555	60	58	90	148	160	20	0	255
 15600	60	58	90	148	160	20	0	255
 15645	60	58	90	148	160	20	0	255
 15690	60	58	90	148	160	20	0	255
 15736	60	58	90	148	160	20	0	255
 15781	60	58	90	148	160	20	0	255
 15827	60	58	90	148	160	20	0	255
 15872	60	58	90	148	159	20	0	255
 15917	60	58	90	148	159	20	0	255
 15963	60	58	90	148	159	20	0	255
 16008	60	58	90	148	159	19	0	255
 16053	60	58	90	148	159	20	0	255
 16099	60	58	90	148	159	20	0	255
 16144	60	58	90	148	159	22	0	255
 16189	60	58	90	148	159	20	0	255
 16235	60	58	90	148	159	20	0	255
 16280	60	58	90	148	159	22	0	255
 16325	60	58	90	148	159	22	0	255
 16371	60	58	90	148	159	20	0	255
 16416	60	58	90	148	159	20	0	255
 16461	60	58	90	148	159	22	0	255
 16507	60	58	89	148	159	20	0	255
 16552	60	58	90	148	159	22	0	255
 16597	60	58	89	148	159	20	0	255
 16643	60	58	90	148	159	20	0	255
 16688	60	58	89	148	159	22	0	255
 16734	60	58	89	148	159	20	0	255
 16779	60	58	89	148	159	20	0	255
 16824	60	58	89	148	159	20	0	255
 16870	60	58	89	148	159	20	0	255
 16915	60	58	89	148	159	20	0	255
 16960	60	58	89	148	159	22	0	255
 17006	60	58	89	148	159	22	0	255
 17051	60	58	89	148	159	23	0	255
 17096	60	58	89	148	159	22	0	255
 17142	60	58	89	148	159	22	0	255
 17187	60	58	89	148	159	23	0	255
 17232	60	58	89	148	159	22	0	255
 17278	60	58	89	148	159	23	0	255
 17323	60	58	89	148	159	22	0	255
 17368	60	58	89	148	159	22	0	255
 17414	60	58	89	148	159	22	0	255
 17460	60	58	89	148	159	22	0	255
 17505	60	58	89	148	159	22	0	255
 17550	60	58	89	148	159	22	0	255
 17595	60	58	89	148	159	22	0	255
 17641	60	58	89	148	159	23	0	255
 17686	60	58	89	148	159	22	0	255
 17731	60	58	89	148	159	23	0	255
 17777	60	58	89	148	159	22	0	255
 17822	60	58	89	148	159	22	0	255
 17867	60	58	89	148	159	22	0	255
 17913	60	58	89	148	159	22	0	255
 17958	60	58	89	148	159	20	0	255
 18003	60	58	89	148	159	20	0	255
 18051	60	58	89	148	159	22	0	255
 18094	60	58	89	148	159	22	0	255
 18139	60	58	89	148	159	20	0	255
 18185	60	58	89	148	159	20	0	255
 18230	60	58	89	148	159	22	0	255
 18276	60	57	89	148	159	22	0	255
 18321	60	58	89	148	159	22	0	255
 18366	60	58	89	148	159	23	0	255
 18411	60	58	89	148	159	20	0	255
 18457	60	58	89	148	159	20	0	255
 18502	60	58	89	148	159	20	0	255
 18548	60	58	89	148	159	23	0	255
 18593	60	57	89	148	159	22	0	255
 18638	60	57	89	148	159	23	0	255
 18684	60	57	89	148	159	20	0	255
 18729	60	58	89	148	159	20	0	255
 18774	60	58	89	148	159	20	0	255
 18820	60	57	89	148	159	22	0	255
 18865	60	57	89	148	159	20	0	255
 18910	60	57	89	148	159	22	0	255
 18956	60	57	89	148	159	23	0	255
 19001	59	57	89	148	159	20	0	255
 19046	60	57	89	148	159	19	0	255
 19092	59	57	89	148	159	22	0	255
 19137	59	57	89	148	159	23	0	255
 19182	59	57	89	148	159	20	0	255
 19228	59	57	89	148	159	22	0	255
 19273	59	57	89	148	159	20	0	255
 19318	59	57	89	148	159	22	0	255
 19364	59	57	89	148	159	23	0	255
 19409	59	57	89	148	159	23	0	255
 19455	59	57	89	148	159	20	0	255
 19500	59	57	89	148	159	23	0	255
 19545	59	57	89	148	159	23	0	255
 19591	59	57	89	148	159	23	0	255
 19636	59	57	89	147	159	20	0	255
 19681	59	57	89	148	159	23	0	255
 19727	59	57	89	148	159	23	0	255
 19772	59	57	89	148	159	22	0	255
 19817	59	57	89	148	159	22	0	255
 19863	59	57	89	148	159	22	0	255
 19908	59	57	88	147	159	22	0	255
 19953	59	57	88	148	159	23	0	255
 19999	59	57	88	147	159	24	0	255
 20044	59	57	88	147	159	23	0	255
 20090	59	57	88	147	159	22	0	255
 20135	59	57	88	147	158	23	0	255
 20180	59	57	88	147	158	24	0	255
 20225	59	57	88	147	159	23	0	255
 20271	59	57	88	147	158	25	0	255
 20316	59	57	88	147	158	23	0	255
 20362	59	57	88	147	158	23	0	255
 20407	59	57	88	147	158	24	0	255
 20452	59	57	88	147	158	23	0	255
 20498	59	57	88	147	158	24	0	255
 20543	59	57	88	147	158	23	0	255
 20588	59	57	88	147	158	23	0	255
 20634	59	57	88	147	158	23	0	255
 20679	59	57	88	147	158	23	0	255
 20724	59	57	88	147	158	24	0	255
 20770	59	57	88	147	158	24	0	255
 20815	59	57	88	147	158	24	0	255
 20860	59	57	88	147	158	24	0	255
 20906	59	57	88	147	158	24	0	255
 20951	59	57	88	147	158	24	0	255
 20996	59	57	88	147	158	25	0	255
 21042	59	57	88	147	158	24	0	255
 21087	59	57	88	147	158	23	0	255
 21132	59	57	88	147	158	26	0	255
 21178	59	57	88	147	158	24	0	255
 21223	59	57	88	147	158	24	0	255
 21269	59	57	88	147	158	25	0	255
 21314	59	57	88	147	158	25	0	255
 21359	59	57	88	147	158	24	0	255
 21405	59	57	88	147	158	26	0	255
 21450	59	57	88	147	158	25	0	255
 21495	59	57	88	147	158	26	0	255
 21541	59	57	88	147	158	26	0	255
 21586	59	57	88	147	158	25	0	255
 21631	59	57	88	147	158	26	0	255
 21677	59	57	88	147	158	25	0	255
 21722	59	57	88	147	158	26	0	255
 21767	59	57	88	147	158	26	0	255
 21813	59	57	88	147	158	25	0	255
 21858	59	57	88	147	158	26	0	255
 21903	59	57	88	147	158	25	0	255
 21949	59	57	88	147	158	26	0	255
 21994	59	57	88	147	158	26	0	255
 22039	59	57	88	147	158	28	0	255
 22085	59	57	88	147	158	25	0	255
 22130	59	57	88	147	158	28	0	255
 22175	59	57	88	147	158	26	0	255
 22221	59	57	88	147	158	26	0	255
 22266	59	57	88	147	158	28	0	255
 22312	59	57	88	147	158	26	0	255
 22357	59	57	88	147	158	28	0	255
 22402	59	57	88	147	158	29	0	255
 22448	59	57	88	147	158	28	0	255
 22493	59	57	88	147	158	29	0	255
 22538	59	57	88	147	158	29	0	255
 22584	59	57	88	147	158	28	0	255
 22629	59	57	88	147	158	29	0	255
 22674	59	57	88	147	158	28	0	255
 22720	59	57	88	147	158	29	0	255
 22765	59	57	88	147	158	29	0	255
 22810	59	57	88	147	158	29	0	255
 22856	59	57	88	147	158	29	0	255
 22901	59	57	88	147	158	29	0	255
 22946	59	57	88	147	158	28	0	255
 22992	59	57	88	147	158	29	0	255
 23037	59	57	88	147	158	29	0	255
 23082	59	57	88	147	158	29	0	255
 23128	59	57	87	147	158	30	0	255
 23173	59	57	87	147	158	30	0	255
 23219	59	57	87	147	158	30	0	255
 23264	59	57	87	147	158	30	0	255
 23309	59	57	87	147	158	30	0	255
 23355	59	57	87	147	158	30	0	255
 23400	59	57	87	147	158	30	0	255
 23445	59	57	87	147	158	30	0	255
 23491	59	57	87	147	158	30	0	255
 23536	59	57	87	147	158	31	0	255
 23581	59	57	87	147	158	30	0	255
 23627	59	57	87	147	158	30	0	255
 23672	59	57	87	147	158	31	0	255
 23717	59	57	87	147	158	31	0	255
 23764	59	57	87	147	158	32	0	255
 23808	59	57	87	147	158	31	0	255
 23853	59	57	87	147	158	31	0	255
 23899	59	57	87	147	158	30	0	255
 23944	59	57	87	147	158	31	0	255
 23989	59	57	87	147	158	31	0	255
 24035	59	57	87	147	158	31	0	255
 24080	59	57	87	147	158	31	0	255
 24126	59	57	87	147	158	31	0	255
 24171	59	57	87	147	158	31	0	255
 24216	59	57	87	147	158	32	0	255
 24262	59	57	87	147	158	32	0	255
 24307	59	57	87	147	158	31	0	255
 24352	59	57	87	147	158	32	0	255
 24398	59	57	87	147	158	32	0	255
 24443	59	57	87	147	158	32	0	255
 24488	59	57	87	147	158	32	0	255
 24534	59	57	87	147	158	32	0	255
 24579	59	57	87	147	157	34	0	255
 24624	59	57	87	147	157	34	0	255
 24670	59	57	87	147	157	34	0	255
 24715	59	57	87	147	157	32	0	255
 24760	59	57	87	147	157	34	0	255
 24806	59	57	87	147	157	34	0	255
 24851	59	57	87	147	157	34	0	255
 24897	59	57	87	147	157	35	0	255
 24942	59	57	87	147	157	34	0	255
 24987	59	57	87	147	157	35	0	255
 25033	59	57	87	147	157	34	0	255
 25078	59	57	87	147	157	34	0	255
 25123	59	57	87	147	157	32	0	255
 25169	59	57	87	147	157	32	0	255
 25214	59	57	87	147	157	34	0	255
 25259	59	57	87	147	157	34	0	255
 25305	59	57	87	147	157	34	0	255
 25350	59	57	87	147	157	34	0	255
 25395	59	57	87	147	157	34	0	255
 25441	59	57	87	147	157	35	0	255
 25486	59	57	87	147	157	34	0	255
 25531	59	57	87	147	157	35	0	255
 25577	59	57	87	147	157	35	0	255
 25622	59	57	87	147	157	35	0	255
 25667	59	57	87	147	157	34	0	255
 25713	59	57	87	147	157	36	0	255
 25758	59	57	87	147	157	35	0	255
 25803	59	57	87	147	157	35	0	255
 25849	59	57	87	147	157	36	0	255
 25894	59	57	87	147	157	35	0	255
 25940	59	57	87	147	157	36	0	255
 25985	59	57	87	147	157	35	0	255
 26030	59	57	87	147	157	36	0	255
 26076	59	57	87	147	157	35	0	255
 26121	59	57	87	147	157	35	0	255
 26166	59	57	87	147	157	36	0	255
 26212	59	57	87	147	157	37	0	255
 26257	59	57	87	147	157	37	0	255
 26302	59	57	87	147	157	36	0	255
 26348	59	57	87	147	157	36	0	255
 26393	59	57	87	147	157	36	0	255
 26438	59	57	87	147	157	37	0	255
 26484	59	57	87	147	157	37	0	255
 26529	59	57	87	147	157	36	0	255
 26574	59	57	87	147	157	35	0	255
 26620	59	57	87	147	157	36	0	255
 26665	59	57	87	147	157	37	0	255
 26710	59	57	87	147	157	38	0	255
 26756	59	57	87	147	157	38	0	255
 26801	59	57	87	147	157	38	0	255
 26847	59	57	87	147	157	37	0	255
 26892	59	57	87	147	157	38	0	255
 26937	59	57	87	147	157	37	0	255
 26983	59	57	87	147	157	38	0	255
 27028	59	57	87	147	157	38	0	255
 27073	59	57	87	147	157	37	0	255
 27119	59	57	86	147	157	38	0	255
 27164	59	57	86	147	157	36	0	255
 27209	59	57	86	147	157	37	0	255
 27255	59	57	86	147	157	38	0	255
 27300	59	57	86	147	157	38	0	255
 27345	59	57	86	147	157	38	0	255
 27391	59	57	86	147	157	38	0	255
 27436	59	57	86	147	157	37	0	255
 27481	59	57	86	147	157	38	0	255
 27527	59	56	86	147	157	40	0	255
 27572	59	56	86	147	157	40	0	255
 27617	59	57	86	147	157	40	0	255
 27663	59	57	86	147	157	40	0	255
 27708	59	57	86	147	157	38	0	255
 27754	59	57	86	147	157	40	0	255
 27799	59	56	86	147	157	38	0	255
 27844	59	57	86	147	157	38	0	255
 27890	59	56	86	147	157	40	0	255
 27935	59	56	86	147	157	38	0	255
 27980	59	56	86	147	157	41	0	255
 28026	59	57	86	147	157	41	0	255
 28071	59	56	86	147	157	40	0	255
 28116	59	56	86	147	157	41	0	255
 28162	59	56	86	147	157	41	0	255
 28207	59	57	86	147	157	41	0	255
 28252	59	56	86	147	157	40	0	255
 28298	59	56	86	147	157	42	0	255
 28343	59	56	86	147	157	41	0	255
 28388	59	56	86	147	157	42	0	255
 28434	59	56	86	147	157	42	0	255
 28479	59	56	86	147	157	44	0	255
 28524	59	56	86	147	157	44	0	255
 28570	59	56	86	147	157	44	0	255
 28615	59	56	86	147	157	44	0	255
 28661	59	56	86	147	157	45	0	255
 28706	59	56	86	147	157	45	0	255
 28751	59	56	86	147	157	45	0	255
 28797	59	56	86	147	157	45	0	255
 28842	59	56	86	147	157	45	0	255
 28887	58	56	86	147	157	46	0	255
 28933	58	56	86	147	156	45	0	255
 28978	58	56	86	147	156	46	0	255
 29023	59	56	86	147	156	46	0	255
 29069	58	56	86	147	156	47	0	255
 29114	58	56	86	147	156	47	0	255
 29159	58	56	86	147	156	47	0	255
 29205	58	56	86	147	156	48	0	255
 29250	58	56	86	147	156	50	0	255
 29295	58	56	86	147	156	48	0	255
 29341	58	56	86	147	156	48	0	255
 29386	58	56	86	147	156	50	0	255
 29431	58	56	86	147	156	50	0	255
 29477	58	56	86	147	156	51	0	255
 29522	58	56	86	147	156	52	0	255
 29568	58	56	86	147	156	51	0	255
 29613	58	56	86	147	156	51	0	255
 29658	58	56	86	147	156	52	0	255
 29704	58	56	86	147	156	52	0	255
 29749	58	56	86	147	156	53	0	255
 29794	58	56	86	146	156	54	0	255
 29840	58	56	86	146	156	54	0	255
 29885	58	56	86	146	156	54	0	255
 29930	58	56	86	146	156	56	0	255
 29976	58	56	86	147	156	56	0	255
 30021	58	56	86	146	156	57	0	255
 30067	58	56	86	146	156	56	0	255
 30112	58	56	86	146	156	57	0	255
 30157	58	56	86	146	156	58	0	255
 30202	58	56	86	146	156	60	0	255
 30248	58	56	86	146	156	60	0	255
 30293	58	56	86	146	156	61	0	255
 30338	58	56	86	146	156	61	0	255
 30384	58	56	86	146	156	62	0	255
 30429	58	56	86	146	156	64	0	255
 30474	58	56	86	146	156	64	0	255
 30520	58	56	86	146	156	65	0	255
 30565	58	56	86	146	156	66	0	255
 30611	58	56	86	146	156	66	0	255
 30656	58	56	86	146	156	67	0	255
 30701	58	56	86	146	156	67	0	255
 30747	58	56	86	146	156	66	0	255
 30792	58	56	86	146	156	68	0	255
 30837	58	56	86	146	156	68	0	255
 30883	58	56	86	146	156	71	0	255
 30928	58	56	86	146	156	71	0	255
 30973	58	56	86	146	156	71	0	255
 31019	58	56	86	146	156	74	0	255
 31064	58	56	85	146	156	74	0	255
 31109	58	56	86	146	156	74	0	255
 31155	58	56	85	146	156	76	0	255
 31200	58	56	85	146	156	76	0	255
 31245	58	56	85	146	156	78	0	255
 31291	58	56	85	146	156	78	0	255
 31336	58	56	85	146	156	78	0	255
 31381	58	56	85	146	156	80	0	255
 31427	58	56	85	146	156	82	0	255
 31472	58	56	85	146	156	82	0	255
 31518	58	56	85	146	156	83	0	255
 31563	58	56	85	146	156	84	0	255
 31608	58	56	85	146	156	85	0	255
 31654	58	56	85	146	156	85	0	255
 31699	58	56	85	146	156	86	0	255
 31744	58	56	85	146	156	86	0	255
 31790	58	56	85	146	156	89	0	255
 31835	58	56	85	146	156	90	0	255
 31880	58	56	85	146	156	90	0	255
 31926	58	56	85	146	156	92	0	255
 31971	58	56	85	146	156	92	0	255
 32016	58	56	85	146	156	94	0	255
 32062	58	56	85	146	156	94	0	255
 32107	58	56	85	146	156	96	0	255
 32152	58	56	85	146	156	97	0	255
 32198	58	56	85	146	156	98	0	255
 32243	58	56	85	146	156	100	0	255
 32288	58	56	85	146	156	100	0	255
 32334	58	56	85	146	156	101	0	255
 32379	58	55	85	146	156	102	0	255
 32425	58	55	85	146	156	104	0	255
 32470	58	55	85	146	156	104	0	255
 32515	58	55	85	146	156	105	0	255
 32561	58	55	85	146	156	106	0	255
 32607	58	55	85	146	156	108	0	255
 32651	58	55	85	146	156	109	0	255
 32697	58	55	85	146	156	109	0	255
 32742	58	55	85	146	156	112	0	255
 32787	58	55	85	146	156	112	0	255
 32833	58	55	85	146	156	113	0	255
 32878	58	55	85	146	156	114	0	255
 32923	58	55	85	146	156	118	0	255
 32969	58	55	85	146	156	118	0	255
 33014	58	55	85	146	156	118	0	255
 33059	58	55	85	146	156	119	0	255
 33105	58	55	85	146	156	122	0	255
 33150	58	55	85	146	156	122	0	255
 33195	58	55	85	146	156	123	0	255
 33241	58	55	85	146	156	123	0	255
 33286	58	55	85	146	156	126	0	255
 33332	58	55	85	146	156	124	0	255
 33377	58	55	85	146	155	127	0	255
 33422	57	55	85	146	155	128	0	255
 33468	57	55	85	146	155	128	0	255
 33513	57	55	85	146	155	130	0	255
 33558	57	55	85	146	155	130	0	255
 33604	57	55	85	146	155	131	0	255
 33649	57	55	85	146	155	134	0	255
 33694	57	55	85	146	155	131	0	255
 33740	57	55	85	146	155	134	0	255
 33785	57	55	85	146	155	134	0	255
 33830	57	55	85	146	155	136	0	255
 33876	57	55	85	146	155	136	0	255
 33921	57	55	85	146	155	136	0	255
 33966	57	55	85	146	155	137	0	255
 34012	57	55	85	146	155	136	0	255
 34057	57	55	85	146	155	138	0	255
 34102	57	55	85	146	155	140	0	255
 34148	57	55	85	146	155	140	0	255
 34193	57	55	85	146	155	141	0	255
 34239	57	55	85	146	155	140	0	255
 34284	57	55	85	146	155	141	0	255
 34329	57	54	85	146	155	142	0	255
 34375	57	54	85	146	155	144	0	255
 34420	57	54	85	146	155	145	0	255
 34465	57	55	85	146	155	148	0	255
 34511	57	54	85	146	155	145	0	255
 34556	57	54	85	146	155	148	0	255
 34602	57	54	85	146	155	148	0	255
 34647	57	54	85	146	155	148	0	255
 34692	57	54	85	146	155	150	0	255
 34737	57	54	85	146	155	151	0	255
 34783	57	56	85	146	155	152	8	255
 34828	66	73	85	146	155	155	8	255
 34873	88	88	85	146	155	160	8	255
 34919	104	99	85	146	155	158	8	255
 34964	112	105	85	146	155	146	0	255
 35010	114	108	85	146	155	144	0	255
 35055	115	109	85	146	155	144	0	255
 35100	115	109	85	146	155	148	0	255
 35146	115	109	85	146	155	148	0	255
 35191	114	108	85	146	155	148	0	255
 35236	113	106	85	146	155	154	8	255
 35282	116	109	85	146	155	160	8	255
 35327	122	112	85	146	155	161	8	255
 35372	126	114	85	146	155	150	8	255
 35418	125	115	85	146	155	138	0	255
 35463	123	114	85	146	155	134	0	255
 35508	122	113	85	146	155	138	0	255
 35554	120	112	85	146	155	138	0	255
 35599	119	112	85	146	155	142	0	255
 35644	118	111	85	146	155	144	0	255
 35690	116	110	85	146	155	146	0	255
 35735	115	109	85	146	155	148	0	255
 35781	113	107	85	146	155	151	8	255
 35826	114	108	85	146	155	151	8	255
 35871	118	111	85	146	155	154	8	255
 35917	122	114	85	146	155	155	8	255
 35962	125	116	85	146	155	151	8	255
 36007	125	117	85	146	155	154	8	255
 36053	126	117	85	146	155	158	8	255
 36098	128	118	85	146	155	160	8	255
 36143	129	118	85	146	155	155	8	255
 36189	129	118	85	146	155	151	8	255
 36234	128	118	85	146	155	151	8	255
 36279	127	119	85	146	155	151	8	255
 36325	127	119	85	146	155	154	8	255
 36370	128	119	85	146	155	156	8	255
 36415	129	119	85	146	155	156	8	255
 36461	130	119	85	146	155	158	8	255
 36506	131	120	85	146	155	158	8	255
 36551	131	120	85	146	155	161	8	255
 36597	132	120	86	146	155	161	8	255
 36642	133	120	86	146	155	160	8	255
 36688	133	120	86	146	155	161	8	255
 36733	134	120	86	146	155	162	8	255
 36778	134	120	86	146	155	164	8	255
 36824	134	120	86	146	155	161	8	255
 36869	135	121	86	146	155	162	8	255
 36914	135	121	86	146	155	164	8	255
 36960	135	121	86	146	155	161	8	255
 37005	135	121	86	146	155	161	8	255
 37050	136	121	86	146	155	162	8	255
 37096	136	121	86	146	155	165	8	255
 37141	136	121	86	146	155	162	8	255
 37186	136	121	86	146	155	164	8	255
 37232	137	122	86	146	155	164	8	255
 37277	137	122	86	146	155	165	8	255
 37322	137	122	86	146	155	165	8	255
 37368	137	122	86	146	155	165	8	255
 37413	138	122	86	146	155	165	8	255
 37459	138	122	86	146	155	166	8	255
 37504	139	122	86	146	155	168	8	255
 37549	139	122	86	146	155	168	8	255
 37595	140	122	86	146	155	170	8	255
 37640	140	122	86	146	155	170	8	255
 37685	141	122	87	146	155	170	8	255
 37731	141	123	87	146	155	170	8	255
 37776	142	123	87	146	155	171	8	255
 37821	142	123	87	146	155	170	8	255
 37867	142	123	87	146	155	171	8	255
 37912	143	123	87	146	155	171	8	255
 37957	143	123	87	146	155	171	8	255
 38003	143	123	87	147	154	171	8	255
 38048	143	123	87	147	155	172	8	255
 38093	144	123	87	147	155	172	8	255
 38139	144	123	87	147	154	174	8	255
 38184	144	123	87	147	154	174	8	255
 38229	144	123	87	147	154	174	8	255
 38275	145	124	87	147	154	174	8	255
 38320	145	124	87	147	154	174	8	255
 38366	145	124	87	147	154	174	8	255
 38411	145	124	87	147	154	176	8	255
 38456	146	124	87	147	154	176	8	255
 38502	146	124	87	147	154	176	8	255
 38547	146	124	87	147	154	177	8	255
 38592	147	124	87	147	154	178	8	255
 38638	147	124	87	147	154	178	8	255
 38683	147	124	87	148	154	178	8	255
 38728	148	124	87	148	154	178	8	255
 38774	148	124	88	148	154	177	8	255
 38819	148	125	88	148	154	178	8	255
 38864	149	125	88	148	154	180	8	255
 38910	149	125	88	148	154	180	8	255
 38955	149	125	88	148	154	180	8	255
 39000	150	125	88	148	154	180	8	255
 39046	150	125	88	148	154	180	8	255
 39091	150	125	88	148	154	183	8	255
 39136	151	125	88	148	154	180	8	255
 39182	151	125	88	149	154	183	8	255
 39227	151	125	88	149	154	183	8	255
 39273	151	125	88	149	154	183	8	255
 39318	151	125	88	149	154	183	8	255
 39363	152	125	88	149	154	183	8	255
 39409	152	126	88	149	154	184	8	255
 39454	152	126	88	149	154	184	8	255
 39499	152	126	88	149	154	184	8	255
 39545	153	126	88	149	154	184	8	255
 39590	153	126	88	149	154	186	8	255
 39635	153	126	88	150	154	186	8	255
 39681	154	126	88	150	154	188	8	255
 39726	154	126	88	150	154	188	8	255
 39771	155	126	88	150	154	189	8	255
 39817	155	126	88	150	154	188	8	255
 39862	155	126	88	150	154	189	8	255
 39907	156	126	89	150	154	190	8	255
 39953	156	126	89	150	154	189	8	255
 39998	157	127	89	150	154	190	8	255
 40043	157	127	89	150	154	192	8	255
 40089	157	127	89	151	154	190	8	255
 40134	158	127	89	151	154	192	8	255
 40180	158	127	89	151	154	192	8	255
 40225	158	127	89	151	154	192	8	255
 40270	159	127	89	151	154	192	8	255
 40316	159	127	89	151	154	192	8	255
 40361	159	127	89	151	154	192	8	255
 40406	159	127	89	151	154	194	8	255
 40452	160	127	89	151	155	194	8	255
 40497	160	127	89	152	155	194	8	255
 40542	160	127	89	152	155	195	8	255
 40588	160	127	89	152	155	194	8	255
 40633	161	127	89	152	155	196	8	255
 40678	161	127	89	152	155	196	8	255
 40724	162	128	89	152	155	196	8	255
 40769	162	128	89	152	155	196	8	255
 40814	163	128	89	152	155	198	8	255
 40860	163	128	89	152	155	200	8	255
 40905	163	128	89	153	155	198	8	255
 40950	164	128	90	153	155	198	8	255
 40996	164	128	90	153	155	198	8	255
 41041	164	128	90	153	155	198	8	255
 41086	164	128	90	153	156	196	8	255
 41132	164	128	90	153	156	198	8	255
 41177	164	128	90	153	156	196	8	255
 41223	163	128	90	153	156	198	8	255
 41268	163	128	90	153	156	198	8	255
 41313	163	128	90	153	156	196	8	255
 41359	164	128	90	153	156	198	8	255
 41404	164	129	90	153	156	198	8	255
 41449	164	129	90	154	156	196	8	255
 41495	164	129	90	154	156	196	8	255
 41540	163	129	90	154	156	194	8	255
 41585	162	128	90	154	157	192	8	255
 41631	161	128	90	154	157	190	8	255
 41676	160	128	90	154	157	190	8	255
 41721	159	128	90	154	157	189	8	255
 41767	158	128	90	154	157	190	8	255
 41812	158	129	90	154	157	189	8	255
 41857	158	129	90	154	157	189	8	255
 41903	158	129	90	154	157	189	8	255
 41948	158	129	90	154	157	188	8	255
 41993	158	129	91	154	157	189	8	255
 42039	157	129	91	154	157	188	8	255
 42084	157	129	91	154	157	184	8	255
 42130	156	129	91	154	157	184	8	255
 42175	155	129	91	154	157	184	8	255
 42220	155	129	91	154	157	184	8	255
 42266	154	129	91	154	157	184	8	255
 42311	154	130	91	154	157	184	8	255
 42356	154	130	91	154	157	188	8	255
 42402	154	130	91	154	157	188	8	255
 42447	155	130	91	154	157	188	8	255
 42492	156	130	91	154	157	189	8	255
 42538	156	130	91	154	157	188	8	255
 42583	156	131	91	154	157	189	8	255
 42628	157	131	91	154	157	190	8	255
 42674	157	131	91	154	157	192	8	255
 42719	158	131	91	154	157	192	8	255
 42764	159	131	91	154	157	192	8	255
 42810	159	131	91	154	157	192	8	255
 42855	159	131	91	154	157	190	8	255
 42900	159	131	91	154	157	190	8	255
 42946	159	131	91	154	157	190	8	255
 42991	159	131	91	154	157	189	8	255
 43037	158	131	91	154	157	190	8	255
 43082	158	132	92	154	157	188	8	255
 43127	158	132	92	154	157	188	8	255
 43173	157	132	92	154	157	188	8	255
 43218	157	132	92	154	157	189	8	255
 43263	157	132	92	154	157	189	8	255
 43309	157	132	92	154	157	188	8	255
 43354	157	132	92	154	157	188	8	255
 43399	156	132	92	154	157	186	8	255
 43445	156	132	92	154	157	184	8	255
 43490	156	132	92	154	157	186	8	255
 43535	156	132	92	154	157	184	8	255
 43581	155	132	92	154	157	184	8	255
 43626	155	132	92	154	157	186	8	255
 43671	155	133	92	154	157	189	8	255
 43717	156	133	92	154	157	189	8	255
 43762	156	133	92	154	157	189	8	255
 43807	156	133	92	154	157	189	8	255
 43853	156	133	92	154	157	186	8	255
 43898	156	133	92	154	157	186	8	255
 43944	156	133	92	154	157	186	8	255
 43989	155	133	92	154	157	186	8	255
 44034	155	133	92	154	157	186	8	255
 44080	156	133	92	154	157	188	8	255
 44125	156	133	93	154	157	189	8	255
 44170	157	133	93	154	157	189	8	255
 44216	157	134	93	154	157	190	8	255
 44261	158	134	93	154	157	190	8	255
 44306	158	134	93	154	157	190	8	255
 44352	158	134	93	154	157	192	8	255
 44397	158	134	93	154	157	189	8	255
 44442	158	134	93	154	157	189	8	255
 44488	158	134	93	154	157	189	8	255
 44533	158	134	93	154	157	188	8	255
 44578	157	134	93	154	157	186	8	255
 44624	157	134	93	154	157	189	8	255
 44669	157	134	93	154	157	190	8	255
 44715	157	134	93	154	157	190	8	255
 44760	158	135	93	154	157	192	8	255
 44805	159	135	93	154	157	195	8	255
 44851	160	135	93	154	157	196	8	255
 44896	161	135	93	154	157	198	8	255
 44941	163	135	93	154	157	200	8	255
 44987	164	135	93	154	157	201	8	255
 45032	165	135	93	154	157	201	8	255
 45077	165	135	93	154	157	202	8	255
 45124	166	135	94	154	157	202	8	255
 45168	167	135	94	154	157	202	8	255
 45213	168	135	94	154	157	206	8	255
 45259	169	136	94	153	157	207	8	255
 45304	170	136	94	153	157	208	8	255
 45349	171	136	94	153	157	208	8	255
 45395	172	136	94	153	157	212	8	255
 45440	173	136	94	153	157	212	8	255
 45485	173	136	94	153	157	212	8	255
 45531	174	136	94	153	157	208	8	255
 45576	173	136	94	153	157	208	8	255
 45621	173	136	94	153	157	206	8	255
 45667	172	136	94	153	157	206	8	255
 45712	171	136	94	153	157	204	8	255
 45758	171	137	94	153	157	206	8	255
 45803	171	137	94	153	157	207	8	255
 45848	171	137	94	153	157	210	8	255
 45894	172	137	94	153	157	210	8	255
 45939	173	137	94	154	157	212	8	255
 45984	174	137	94	154	157	216	8	255
 46030	175	137	95	154	157	218	8	255
 46075	176	138	95	154	157	218	8	255
 46120	177	138	95	154	157	218	8	255
 46166	178	138	95	154	157	220	8	255
 46211	179	138	95	154	157	221	8	255
 46256	180	138	95	154	157	222	8	255
 46302	180	138	95	154	157	222	8	255
 46347	181	138	95	154	156	221	8	255
 46392	181	138	95	154	157	221	8	255
 46438	181	138	95	154	157	221	8	255
 46483	181	138	95	155	157	216	8	255
 46528	180	138	95	155	157	216	8	255
 46574	179	138	95	155	157	213	8	255
 46619	178	137	95	155	157	212	8	255
 46665	176	137	95	155	157	207	8	255
 46710	175	138	95	155	157	204	8	255
 46755	173	138	95	155	157	202	8	255
 46801	171	137	95	155	157	201	8	255
 46846	170	137	95	155	157	200	8	255
 46891	168	138	96	155	157	198	8	255
 46937	167	138	96	155	157	198	8	255
 46982	166	138	96	155	157	196	8	255
 47027	165	139	96	155	157	196	8	255
 47073	165	139	96	155	157	196	8	255
 47118	164	139	96	156	157	196	8	255
 47163	164	140	96	156	157	196	8	255
 47209	164	140	96	156	157	198	8	255
 47254	165	140	96	155	157	198	8	255
 47299	165	140	96	155	157	200	8	255
 47345	165	140	96	156	157	200	8	255
 47390	166	140	96	156	157	201	8	255
 47436	166	140	96	156	158	200	8	255
 47481	166	140	96	156	158	200	8	255
 47526	166	140	96	156	158	200	8	255
 47572	165	140	96	156	158	198	8	255
 47617	165	140	96	156	158	196	8	255
 47662	164	140	97	156	158	195	8	255
 47708	163	140	97	156	158	192	8	255
 47753	162	140	97	156	158	190	8	255
 47798	161	140	97	156	158	190	8	255
 47844	160	140	97	156	158	189	8	255
 47889	160	140	97	156	158	188	8	255
 47934	159	140	97	156	158	188	8	255
 47980	158	140	97	156	158	186	8	255
 48025	157	140	97	156	158	184	8	255
 48070	156	140	97	156	158	184	8	255
 48116	156	140	97	156	158	183	8	255
 48161	155	140	97	156	158	184	8	255
 48206	155	141	97	156	158	188	8	255
 48252	156	141	97	156	158	192	8	255
 48297	158	141	97	156	158	198	8	255
 48343	161	141	97	156	158	201	8	255
 48388	163	141	97	156	158	207	8	255
 48433	166	142	97	156	158	212	8	255
 48479	169	142	97	156	158	216	8	255
 48524	173	142	98	156	158	220	8	255
 48569	176	142	98	156	158	222	8	255
 48615	178	142	98	156	158	224	8	255
 48660	180	142	98	156	158	226	8	255
 48705	182	142	98	156	159	227	8	255
 48751	183	142	98	157	159	228	8	255
 48796	185	142	98	157	159	230	8	255
 48841	186	143	98	157	159	230	8	255
 48887	186	143	98	157	159	230	8	255
 48932	187	143	98	157	159	230	8	255
 48977	187	143	98	157	159	228	8	255
 49023	187	143	98	157	159	228	8	255
 49068	187	143	98	157	159	227	8	255
 49113	187	143	98	157	159	227	8	255
 49159	187	143	98	158	159	228	8	255
 49204	187	143	98	158	159	230	8	255
 49249	187	143	98	158	159	228	8	255
 49295	187	143	98	158	160	230	8	255
 49340	188	143	98	158	160	232	8	255
 49386	188	143	98	158	160	232	8	255
 49431	189	144	98	158	160	232	8	255
 49476	189	144	98	158	160	232	8	255
 49522	189	144	99	158	160	234	8	255
 49567	190	144	99	158	160	234	8	255
 49612	190	144	99	158	160	232	8	255
 49658	190	144	99	158	160	234	8	255
 49703	190	144	99	159	160	232	8	255
 49748	190	144	99	159	160	234	8	255
 49794	190	144	99	159	161	234	8	255
 49839	190	144	99	159	161	232	8	255
 49884	190	144	99	159	161	234	8	255
 49930	190	144	99	159	161	234	8	255
 49975	190	144	99	159	161	232	8	255
 50020	190	144	99	159	161	234	8	255
 50066	190	145	99	159	161	232	8	255
 50111	190	145	99	159	161	234	8	255
 50156	190	145	99	160	161	234	8	255
 50202	191	145	99	160	161	234	8	255
 50247	191	145	99	160	161	232	8	255
 50293	191	145	100	160	162	234	8	255
 50338	191	145	100	160	162	235	8	255
 50383	191	145	100	160	162	234	8	255
 50429	191	145	100	160	162	232	8	255
 50474	191	145	100	160	162	232	8	255
 50519	191	145	100	160	162	234	8	255
 50565	191	145	100	160	162	234	8	255
 50610	191	145	100	160	162	234	8	255
 50655	191	145	100	160	162	234	8	255
 50701	191	145	100	161	162	234	8	255
 50746	191	145	100	161	162	234	8	255
 50791	191	146	100	161	163	232	8	255
 50837	191	146	100	161	163	235	8	255
 50882	191	146	100	161	163	236	8	255
 50927	192	146	100	161	163	235	8	255
 50973	192	146	100	161	163	234	8	255
 51018	192	146	100	161	163	235	8	255
 51063	192	146	100	161	163	235	8	255
 51109	192	146	100	161	163	236	8	255
 51154	192	146	100	161	163	234	8	255
 51200	192	146	100	161	163	235	8	255
 51245	192	146	101	161	163	235	8	255
 51290	192	146	101	162	163	235	8	255
 51336	193	147	101	162	164	236	8	255
 51381	193	147	101	162	164	235	8	255
 51426	193	147	101	162	164	235	8	255
 51472	193	147	101	162	164	236	8	255
 51517	193	147	101	162	164	235	8	255
 51562	193	147	101	162	164	236	8	255
 51608	193	147	101	162	164	236	8	255
 51653	193	147	101	162	164	236	8	255
 51698	193	147	101	162	164	235	8	255
 51744	193	147	101	162	164	236	8	255
 51789	194	147	101	163	164	238	8	255
 51834	194	147	101	163	165	236	8	255
 51880	194	147	101	163	165	235	8	255
 51925	193	147	101	163	165	235	8	255
 51970	193	147	101	163	165	234	8	255
 52016	192	147	101	163	165	230	8	255
 52061	190	147	101	163	165	227	8	255
 52107	189	147	101	163	165	226	8	255
 52152	187	146	101	163	165	226	8	255
 52197	186	147	101	163	165	222	8	255
 52243	185	147	102	163	165	222	8	255
 52288	185	147	102	163	165	222	8	255
 52333	184	148	102	164	165	226	8	255
 52379	185	148	102	164	165	226	8	255
 52424	186	148	102	164	165	228	8	255
 52469	187	148	102	164	166	230	8	255
 52515	188	148	102	164	166	234	8	255
 52560	189	148	102	164	166	236	8	255
 52605	190	148	102	164	166	238	8	255
 52651	191	148	102	164	166	238	8	255
 52696	192	148	102	164	166	238	0	255
 52741	192	147	102	164	166	242	0	255
 52787	193	147	102	164	166	244	0	255
 52832	193	145	102	164	166	248	0	255
 52877	195	144	102	164	166	248	0	255
 52923	196	143	102	164	166	248	0	255
 52968	198	142	102	164	166	250	0	255
 53014	199	141	102	164	166	251	0	255
 53059	200	140	102	164	166	251	0	255
 53104	201	139	102	164	166	251	0	255
 53150	201	139	102	165	166	252	0	255
 53195	201	138	102	164	166	254	0	255
 53240	202	138	102	165	167	252	0	255
 53286	203	137	102	165	167	254	0	255
 53331	204	138	102	165	167	254	0	255
 53376	205	138	102	165	167	254	0	255
 53422	205	138	102	165	167	254	0	255
 53467	205	140	102	165	167	254	0	255
 53512	205	143	102	165	167	254	0	255
 53558	205	147	102	165	167	254	0	255
 53603	204	151	102	166	167	254	0	255
 53648	202	155	102	166	167	254	0	255
 53694	200	159	102	165	168	254	0	255
 53739	198	163	102	166	168	254	0	255
 53784	196	166	102	166	168	254	0	255
 53830	194	177	102	166	168	254	0	255
 53875	193	187	102	166	168	254	0	255
 53921	191	192	102	166	168	254	0	255
 53966	189	193	102	165	168	254	0	255
 54011	187	193	102	165	168	254	0	255
 54057	185	191	102	165	168	254	0	255
 54102	182	188	102	165	168	254	0	255
 54147	180	185	102	165	168	254	0	255
 54193	177	183	102	165	168	254	0	255
 54238	175	178	102	165	168	254	0	255
 54283	172	171	102	165	168	254	0	255
 54329	170	164	102	165	168	254	0	255
 54374	167	158	102	165	168	254	0	255
 54419	164	151	101	165	168	254	0	255
 54465	161	146	101	165	168	254	0	255
 54510	158	140	101	165	168	254	0	255
 54555	155	135	101	165	168	254	0	255
 54601	153	131	101	165	168	254	0	255
 54646	150	127	101	165	168	254	0	255
 54691	147	127	101	165	168	254	0	255
 54737	145	127	101	165	168	254	0	255
 54782	142	127	101	165	168	254	0	255
 54827	140	127	101	165	168	254	0	255
 54873	137	126	101	165	168	254	0	255
 54918	135	126	101	165	168	254	0	255
 54964	133	125	101	165	168	254	0	255
 55009	131	124	101	165	168	254	0	255
 55054	129	123	101	165	168	254	0	255
 55100	126	122	101	165	168	254	0	255
 55145	125	120	101	165	168	254	0	255
 55190	123	119	101	165	168	254	0	255
 55236	121	118	101	165	168	254	0	255
 55281	119	117	101	165	168	254	0	255
 55326	118	116	100	165	168	254	0	255
 55372	116	115	100	165	168	254	0	255
 55417	114	113	100	165	168	254	0	255
 55462	113	112	100	165	168	254	0	255
 55508	111	111	100	165	168	254	0	255
 55553	110	110	100	165	168	254	0	255
 55598	109	109	100	165	168	254	0	255
 55644	107	108	100	165	168	254	0	255
 55689	106	107	100	165	168	2	0	255
 55734	105	106	100	165	168	254	0	255
 55780	104	105	100	165	168	254	0	255
 55825	103	104	100	165	168	254	0	255
 55871	102	103	100	165	168	254	0	255
 55916	101	103	100	165	168	254	0	255
 55961	100	102	100	165	168	254	0	255
 56007	99	101	100	165	168	254	0	255
 56052	98	100	100	165	168	254	0	255
 56097	97	100	100	165	168	254	0	255
 56143	96	99	100	165	168	254	0	255
 56188	95	98	100	165	168	254	0	255
 56233	95	97	100	165	168	254	0	255
 56279	94	97	100	165	168	254	0	255
 56324	93	96	100	165	168	254	0	255
 56369	92	95	100	165	168	254	0	255
 56415	92	94	100	165	167	254	0	255
 56460	91	94	100	165	168	254	0	255
 56505	90	93	100	165	167	254	0	255
 56551	90	92	100	165	167	254	0	255
 56596	89	92	100	165	168	254	0	255
 56642	88	91	100	165	167	254	0	255
 56687	88	98	100	165	167	254	0	255
 56732	87	101	100	165	168	254	0	255
 56778	87	101	100	165	167	254	0	255
 56823	86	100	99	165	167	254	0	255
 56868	86	98	99	165	167	254	0	255
 56914	85	96	99	165	167	254	0	255
 56959	85	93	99	165	167	254	0	255
 57004	84	91	99	165	167	254	0	255
 57050	84	90	99	165	167	254	0	255
 57095	83	89	99	165	167	254	0	255
 57140	83	89	99	165	167	254	0	255
 57186	83	88	99	165	167	254	0	255
 57231	82	87	99	165	167	254	0	255
 57276	82	86	99	165	167	254	0	255
 57322	82	85	99	165	167	254	0	255
 57367	81	84	99	165	167	254	0	255
 57412	81	84	99	165	167	254	0	255
 57458	81	84	99	165	167	254	0	255
 57503	80	84	99	165	167	254	0	255
 57548	80	84	99	165	167	254	0	255
 57594	80	84	99	165	167	254	0	255
 57639	79	83	99	165	167	254	0	255
 57685	79	83	99	165	167	254	0	255
 57730	79	83	99	165	167	254	0	255
 57775	79	83	99	165	167	254	0	255
 57821	78	83	99	165	167	250	0	255
 57866	78	83	99	165	167	248	0	255
 57911	78	82	99	165	167	242	0	255
 57957	78	83	99	165	167	238	0	255
 58002	77	83	99	165	167	234	0	255
 58047	77	83	99	165	167	230	0	255
 58093	77	82	99	165	167	227	0	255
 58138	77	82	99	165	167	227	0	255
 58183	76	81	99	165	167	228	0	255
 58229	76	81	99	165	167	234	0	255
 58274	76	80	99	165	167	242	0	255
 58319	76	79	99	165	167	243	0	255
 58365	76	79	99	165	167	250	0	255
 58410	75	78	99	165	167	251	0	255
 58455	75	77	99	165	167	254	0	255
 58501	75	76	99	165	167	254	0	255
 58546	75	76	99	165	167	254	0	255
 58592	75	75	99	165	167	254	0	255
 58637	74	74	99	165	167	254	0	255
 58682	74	74	99	165	167	254	0	255
 58728	74	74	99	165	167	254	0	255
 58773	74	74	99	165	167	254	0	255
 58818	74	73	99	165	167	254	0	255
 58864	74	73	99	165	167	254	0	255
 58909	73	73	99	165	167	254	0	255
 58954	73	73	99	165	167	254	0	255
 59000	73	73	99	165	167	254	0	255
 59045	73	73	99	165	167	254	0	255
 59090	73	73	99	165	167	254	0	255
 59136	73	72	99	165	167	254	0	255
 59181	72	72	99	165	167	254	0	255
 59226	72	72	99	165	167	254	0	255
 59272	72	72	99	165	167	254	0	255
 59317	72	72	99	165	167	254	0	255
 59363	72	71	99	165	167	254	0	255
 59408	72	71	99	165	167	254	0	255
 59453	72	71	99	165	167	254	0	255
 59499	71	71	99	165	167	254	0	255
 59544	71	71	99	165	167	254	0	255
 59589	71	71	99	165	167	254	0	255
 59635	71	71	99	165	167	250	0	255
 59680	71	71	99	165	167	251	0	255
 59725	71	71	99	164	167	254	0	255
 59771	71	71	99	165	167	254	0	255
 59816	71	71	99	164	167	254	0	255
 59861	71	70	99	164	167	254	0	255
 59907	70	70	99	164	167	254	0	255
 59952	70	70	99	164	167	254	0	255
 59997	70	70	99	164	167	254	0	255
 60043	70	70	99	164	167	254	0	255
 60088	70	70	99	164	167	254	0	255
 60133	70	69	99	164	167	254	0	255
 60179	70	69	99	164	167	254	0	255
 60224	70	69	99	164	167	254	0	255
 60270	70	69	99	164	167	254	0	255
 60315	70	69	99	164	167	254	0	255
 60360	69	70	99	164	167	246	0	255
 60406	69	70	99	164	167	235	0	255
 60451	69	70	99	164	167	228	0	255
 60496	69	71	99	164	167	224	0	255
 60542	69	72	99	164	167	221	0	255
 60587	69	72	99	164	167	216	0	255
 60632	69	80	99	164	167	210	0	255
 60678	69	91	99	164	167	213	0	255
 60723	69	94	99	164	167	214	0	255
 60768	69	95	99	164	167	218	0	255
 60814	69	93	98	164	167	224	0	255
 60859	69	89	98	164	167	230	0	255
 60904	69	84	98	164	167	236	0	255
 60950	69	80	98	164	167	244	0	255
 60995	69	78	98	164	167	248	0	255
 61040	69	77	98	164	167	251	0	255
 61086	69	76	98	164	167	252	0	255
 61131	69	76	98	164	167	251	0	255
 61177	69	76	98	164	167	252	0	255
 61222	69	77	98	164	167	252	0	255
 61267	69	77	98	164	167	251	0	255
 61313	69	78	98	164	167	250	0	255
 61358	69	80	98	164	167	248	0	255
 61403	69	80	98	164	167	244	0	255
 61449	69	81	98	164	167	242	0	255
 61494	69	80	98	164	167	236	0	255
 61539	69	80	98	164	167	235	0	255
 61585	69	80	98	164	167	235	0	255
 61630	69	80	98	164	167	234	0	255
 61675	69	80	98	164	167	234	0	255
 61721	69	79	98	164	167	234	0	255
 61766	69	79	98	164	167	235	0	255
 61811	69	78	98	164	167	236	0	255
 61857	69	78	98	164	167	238	0	255
 61902	69	78	98	164	167	238	0	255
 61947	69	77	98	164	167	240	0	255
 61993	69	77	98	164	167	240	0	255
 62038	68	76	98	164	167	240	0	255
 62084	68	76	98	164	167	240	0	255
 62129	68	76	98	164	167	240	0	255
 62174	68	75	98	164	167	243	0	255
 62220	68	75	98	164	167	242	0	255
 62265	68	75	98	164	167	243	0	255
 62310	68	75	98	164	167	244	0	255
 62356	68	74	98	164	167	244	0	255
 62401	68	74	98	164	167	244	0	255
 62446	68	74	98	164	167	246	0	255
 62492	68	73	98	164	167	244	0	255
 62538	68	73	98	164	167	243	0	255
 62582	68	73	98	164	167	243	0	255
 62628	68	73	98	164	167	243	0	255
 62673	68	73	98	164	167	240	0	255
 62719	68	72	98	164	167	236	0	255
 62764	68	72	98	164	167	236	0	255
 62809	68	72	98	164	167	240	0	255
 62854	68	72	98	164	167	240	0	255
 62900	68	72	98	164	167	236	0	255
 62945	68	71	98	164	167	236	0	255
 62991	68	71	98	164	167	232	0	255
 63036	68	71	98	164	167	227	0	255
 63081	68	71	98	164	167	222	0	255
 63127	68	72	98	164	167	218	0	255
 63172	68	73	98	164	167	214	0	255
 63217	68	73	98	164	167	213	0	255
 63263	68	72	98	164	167	214	0	255
 63308	68	72	98	164	167	214	0	255
 63353	68	72	98	164	167	213	0	255
 63399	68	72	98	164	167	212	0	255
 63444	68	71	98	164	167	213	0	255
 63489	68	71	98	164	167	214	0	255
 63535	68	71	98	164	167	216	0	255
 63580	68	71	98	164	167	218	0	255
 63625	68	71	98	164	167	221	0	255
 63671	68	70	98	164	167	221	0	255
 63716	68	70	98	164	167	222	0	255
 63762	68	70	98	164	167	224	0	255
 63807	68	70	98	164	167	226	0	255
 63852	68	70	98	164	167	224	0	255
 63898	68	69	98	164	167	224	0	255
 63943	68	69	98	164	167	221	0	255
 63988	68	69	98	164	167	218	0	255
 64034	68	69	98	164	167	214	0	255
 64079	68	70	98	164	167	210	0	255
 64124	67	70	98	164	167	206	0	255
 64170	67	71	98	164	167	204	0	255
 64215	67	73	98	164	167	202	0	255
 64260	67	89	98	164	167	201	0	255
 64306	67	99	98	164	167	202	0	255
 64351	67	103	98	164	167	204	0	255
 64396	67	104	98	164	167	204	0	255
 64442	67	105	98	164	167	204	0	255
 64487	68	104	98	164	167	202	0	255
 64532	68	103	98	164	167	204	0	255
 64578	68	101	98	164	167	206	0	255
 64623	68	98	98	164	167	207	0	255
 64669	68	94	98	164	167	208	0	255
 64714	68	91	98	164	167	212	0	255
 64759	68	88	98	164	167	213	0	255
 64805	68	86	98	164	167	214	0	255
 64850	68	85	98	164	167	216	0	255
 64895	68	85	97	164	167	212	0	255
 64941	68	86	98	164	166	208	0	255
 64986	68	86	98	164	166	207	0	255
 65031	68	86	97	164	166	207	0	255
 65077	68	85	97	164	166	206	0	255
 65122	68	85	97	164	166	206	0	255
 65167	68	84	97	164	166	206	0	255
 65213	68	84	97	164	167	204	0	255
 65258	68	84	97	164	167	201	0	255
 65303	68	83	97	164	166	201	0	255
 65349	68	83	97	164	166	202	0	255
 65394	68	82	97	164	166	202	0	255
 65440	68	82	97	164	166	202	0	255
 65485	68	81	97	164	166	201	0	255
 65530	68	81	97	164	166	201	0	255
 65576	68	80	97	164	166	200	0	255
 65621	69	80	97	164	166	196	0	255
 65666	69	80	97	164	166	196	0	255
 65712	69	80	97	164	166	194	0	255
 65757	69	80	97	164	166	192	0	255
 65802	69	80	97	164	166	189	0	255
 65848	69	81	97	164	166	188	0	255
 65893	69	82	97	164	166	186	0	255
 65938	69	99	97	164	166	184	0	255
 65984	69	114	97	164	166	184	0	255
 66029	68	123	97	164	166	183	0	255
 66074	69	128	97	164	166	183	0	255
 66120	69	130	97	164	166	180	0	255
 66165	69	104	97	164	166	178	8	255
 66211	69	88	97	164	166	180	8	255
 66256	69	81	97	164	166	182	8	255
 66301	69	78	97	164	166	182	8	255
 66347	69	76	97	163	166	184	8	255
 66392	91	93	97	163	166	184	8	255
 66437	112	111	97	163	166	174	8	255
 66483	123	121	97	163	166	158	8	255
 66528	127	125	97	163	166	145	8	255
 66573	125	128	97	163	166	131	8	255
 66619	119	131	97	163	166	123	8	255
 66664	114	133	97	163	166	118	8	255
 66709	110	134	97	163	166	118	8	255
 66755	107	136	97	163	166	120	8	255
 66800	107	137	97	163	166	127	8	255
 66845	110	137	97	163	166	140	8	255
 66891	115	138	97	162	166	148	8	255
 66937	120	138	97	162	166	152	8	255
 66981	125	138	97	162	166	155	8	255
 67027	127	139	97	162	166	156	8	255
 67072	129	139	97	162	166	154	8	255
 67118	130	139	97	162	166	154	8	255
 67163	131	139	97	162	166	152	8	255
 67208	131	139	98	162	166	152	8	255
 67254	131	140	98	162	166	152	8	255
 67299	131	140	98	162	166	152	8	255
 67344	131	140	98	162	166	151	8	255
 67390	131	140	98	162	166	150	8	255
 67435	130	140	98	162	166	151	8	255
 67480	130	140	98	162	166	150	8	255
 67526	129	140	98	162	166	150	8	255
 67571	129	140	98	161	166	150	8	255
 67616	129	141	98	161	166	148	8	255
 67662	128	141	98	161	166	150	8	255
 67707	128	141	98	161	166	148	8	255
 67752	128	141	98	161	166	150	8	255
 67798	129	141	98	161	166	150	8	255
 67843	129	141	99	161	166	150	8	255
 67889	129	141	99	161	166	150	8	255
 67934	129	141	99	161	166	150	8	255
 67979	129	141	99	161	166	148	8	255
 68025	129	141	99	161	166	148	8	255
 68070	129	142	99	161	166	148	8	255
 68115	128	142	99	161	166	148	8	255
 68161	128	142	99	161	166	148	8	255
 68206	128	142	99	161	166	148	8	255
 68251	128	142	99	161	166	148	8	255
 68297	128	142	99	160	166	146	8	255
 68343	128	142	99	160	166	148	8	255
 68387	128	142	99	160	166	146	8	255
 68433	128	142	99	160	166	148	8	255
 68478	127	142	100	160	166	146	8	255
 68523	127	142	100	160	166	146	8	255
 68569	127	142	100	160	166	146	8	255
 68614	127	142	100	160	166	146	8	255
 68660	127	142	100	160	166	145	8	255
 68705	127	142	100	160	166	145	8	255
 68750	126	142	100	160	166	145	8	255
 68796	126	142	100	160	166	145	8	255
 68842	126	142	100	160	166	145	8	255
 68886	126	143	100	160	166	145	8	255
 68932	126	143	100	160	166	144	8	255
 68977	126	143	100	160	166	145	8	255
 69022	126	143	100	160	166	144	8	255
 69068	125	143	100	159	166	144	8	255
 69113	125	143	100	159	166	144	8	255
 69158	125	143	100	159	166	144	8	255
 69204	125	143	100	159	166	144	8	255
 69249	125	143	100	159	166	144	8	255
 69294	125	143	101	159	166	144	8	255
 69340	125	143	101	159	166	144	8	255
 69385	125	143	101	159	166	144	8	255
 69431	125	143	101	159	166	144	8	255
 69476	125	143	101	159	166	144	8	255
 69521	125	143	101	159	166	142	8	255
 69567	124	143	101	159	166	142	8	255
 69612	124	143	101	159	166	142	8	255
 69657	124	143	101	159	166	142	8	255
 69703	124	143	101	159	166	142	8	255
 69748	124	143	101	158	166	142	8	255
 69793	124	143	101	158	166	142	8	255
 69839	124	143	101	158	166	144	8	255
 69884	124	143	101	159	166	142	8	255
 69929	124	143	101	158	166	142	8	255
 69975	124	143	101	158	166	144	8	255
 70020	124	143	101	158	166	144	8	255
 70065	125	143	101	158	166	144	8	255
 70111	125	143	101	158	166	144	8	255
 70156	125	143	101	158	166	144	8	255
 70201	125	143	102	158	166	142	8	255
 70247	125	143	101	158	166	142	8	255
 70292	125	143	102	158	166	142	8	255
 70339	124	143	102	158	166	142	8	255
 70383	124	143	102	158	166	142	8	255
 70428	124	143	102	158	166	142	8	255
 70474	124	143	102	158	166	142	8	255
 70519	124	143	102	157	166	141	8	255
 70564	124	143	102	157	166	142	8	255
 70610	124	143	102	157	166	142	8	255
 70655	124	143	102	157	166	142	8	255
 70700	123	143	102	157	166	141	8	255
 70746	123	143	102	157	166	141	8	255
 70791	123	143	102	157	166	142	8	255
 70836	123	143	102	157	166	141	8	255
 70882	123	143	102	157	166	141	8	255
 70927	123	143	102	157	166	142	8	255
 70972	123	143	102	157	166	142	8	255
 71018	123	143	102	157	166	141	8	255
 71063	123	143	102	157	166	141	8	255
 71109	123	143	102	157	166	142	8	255
 71154	123	143	102	157	166	142	8	255
 71199	123	143	102	157	166	141	8	255
 71245	123	143	102	157	166	141	8	255
 71290	123	143	102	156	166	142	8	255
 71335	123	143	102	156	166	142	8	255
 71381	123	143	102	156	166	141	8	255
 71426	123	143	102	156	166	141	8	255
 71471	123	143	102	156	166	141	8	255
 71517	123	142	102	156	166	141	8	255
 71562	123	142	102	156	166	141	8	255
 71607	123	142	102	156	166	141	8	255
 71653	123	142	102	156	166	142	8	255
 71698	123	142	102	156	166	142	8	255
 71743	123	142	102	156	166	141	8	255
 71789	123	142	102	156	166	142	8	255
 71834	123	142	102	156	166	141	8	255
 71880	123	142	102	156	166	142	8	255
 71925	123	142	102	156	166	142	8	255
 71970	123	142	103	156	165	141	8	255
 72016	123	142	103	156	165	141	8	255
 72061	123	142	103	156	166	142	8	255
 72106	123	142	103	156	165	141	8	255
 72152	123	142	103	155	165	142	8	255
 72197	123	142	103	155	165	141	8	255
 72242	123	142	103	155	165	141	8	255
 72288	123	142	103	155	165	141	8	255
 72333	123	142	103	155	165	142	8	255
 72379	123	142	103	155	165	142	8	255
 72424	123	142	103	155	165	141	8	255
 72469	123	142	103	155	165	140	8	255
 72514	123	142	103	155	165	142	8	255
 72560	123	142	103	155	165	142	8	255
 72605	123	142	103	155	165	141	8	255
 72650	123	142	103	155	165	141	8	255
 72696	123	142	103	155	165	142	8	255
 72741	123	142	103	155	165	142	8	255
 72787	123	142	103	155	165	141	8	255
 72832	123	142	103	155	165	142	8	255
 72877	123	142	103	155	165	141	8	255
 72923	123	142	103	154	165	141	8	255
 72968	123	142	103	154	165	141	8	255
 73013	123	141	103	154	165	142	8	255
 73059	123	141	103	154	165	141	8	255
 73104	123	141	103	154	165	141	8	255
 73149	123	141	103	154	165	141	8	255
 73195	123	141	103	154	165	141	8	255
 73240	123	141	103	154	165	141	8	255
 73285	123	141	103	154	165	140	8	255
 73331	123	141	103	154	165	141	8	255
 73376	122	141	103	154	165	140	8	255
 73421	122	141	103	154	165	140	8	255
 73467	122	141	103	154	165	140	8	255
 73512	122	141	103	154	165	140	8	255
 73557	122	141	103	154	165	140	8	255
 73603	122	141	103	154	165	140	8	255
 73648	122	141	103	154	165	140	8	255
 73694	122	141	103	154	165	138	8	255
 73739	122	141	103	154	165	140	8	255
 73784	122	141	103	153	165	138	8	255
 73830	121	141	103	153	165	138	8	255
 73875	121	141	103	153	165	138	8	255
 73920	121	141	103	153	165	138	8	255
 73966	121	141	103	153	165	138	8	255
 74011	121	140	103	153	165	138	8	255
 74056	121	140	103	153	165	138	8	255
 74102	121	140	103	153	165	138	8	255
 74147	121	140	103	153	165	138	8	255
 74192	120	140	103	153	165	137	8	255
 74238	120	140	103	153	165	137	8	255
 74283	120	140	103	153	165	137	8	255
 74328	120	140	103	153	165	137	8	255
 74374	120	140	103	153	165	137	8	255
 74420	120	140	103	153	165	136	8	255
 74465	119	140	103	153	165	136	8	255
 74510	119	140	103	153	165	136	8	255
 74555	119	140	103	152	165	137	8	255
 74601	119	140	103	152	165	136	8	255
 74646	119	140	103	152	165	136	8	255
 74691	119	140	103	152	165	136	8	255
 74737	119	140	103	152	165	136	8	255
 74782	119	140	103	152	165	134	8	255
 74827	118	140	103	152	165	136	8	255
 74873	118	140	103	152	165	134	8	255
 74918	118	140	103	152	165	136	8	255
 74963	118	140	103	152	165	134	8	255
 75009	118	140	103	152	165	134	8	255
 75054	118	140	103	152	165	134	8	255
 75099	118	139	103	152	165	134	8	255
 75145	118	139	103	152	165	134	8	255
 75191	117	139	103	152	165	134	8	255
 75236	117	139	103	151	165	134	8	255
 75281	117	139	103	151	165	134	8	255
 75326	117	139	103	151	165	134	8	255
 75372	117	139	103	151	165	132	8	255
 75417	117	139	103	151	165	132	8	255
 75462	117	139	103	151	165	132	8	255
 75508	117	139	103	151	165	134	8	255
 75553	117	139	103	151	165	132	8	255
 75598	117	139	103	151	165	134	0	255
 75644	116	138	103	151	165	131	0	255
 75689	116	136	103	151	165	130	0	255
 75734	115	135	103	151	165	127	0	255
 75780	114	133	103	151	165	124	0	255
 75825	113	131	103	151	165	123	0	255
 75870	112	130	103	151	165	119	0	255
 75916	111	128	103	151	165	119	0	255
 75961	110	127	103	151	165	114	0	255
 76006	109	125	103	151	165	114	0	255
 76052	108	124	102	150	165	113	0	255
 76097	107	123	102	151	165	110	0	255
 76143	106	121	102	151	165	109	0	255
 76188	105	120	102	151	165	108	0	255
 76233	104	119	102	150	165	106	0	255
 76279	103	117	102	150	165	104	0	255
 76324	102	116	102	150	165	102	0	255
 76369	101	115	102	150	165	101	0	255
 76415	100	114	102	150	165	100	0	255
 76460	99	112	102	150	165	98	0	255
 76505	98	111	102	150	165	96	0	255
 76551	97	110	102	150	165	96	0	255
 76596	97	109	102	150	165	96	0	255
 76641	96	108	102	150	165	94	0	255
 76687	95	107	102	150	165	92	0	255
 76732	94	106	102	151	165	90	0	255
 76777	94	105	102	150	165	90	0	255
 76823	93	104	102	150	165	89	0	255
 76868	92	103	102	150	165	89	0	255
 76914	92	102	102	151	165	86	0	255
 76959	91	101	102	151	165	85	0	255
 77004	90	100	102	151	165	85	0	255
 77050	90	100	102	151	165	83	0	255
 77095	89	99	102	151	165	84	0	255
 77140	89	98	102	150	165	83	0	255
 77186	88	97	102	150	165	82	0	255
 77231	87	96	101	151	165	82	0	255
 77276	87	96	101	150	165	80	0	255
 77322	86	95	101	151	165	79	0	255
 77367	86	94	101	151	165	79	0	255
 77412	85	93	101	151	165	78	0	255
 77458	85	93	101	150	165	76	0	255
 77503	84	92	101	150	165	75	0	255
 77548	84	91	101	150	165	75	0	255
 77594	83	91	101	151	165	75	0	255
 77639	83	90	101	150	165	74	0	255
 77685	83	89	101	151	165	72	0	255
 77730	82	89	101	150	165	72	0	255
 77775	82	88	101	150	164	71	0	255
 77821	81	88	101	150	165	71	0	255
 77866	81	87	101	150	165	71	0	255
 77911	81	87	101	150	164	70	0	255
 77957	80	86	101	150	164	68	0	255
 78002	80	85	101	150	164	68	0	255
 78047	80	85	101	150	164	68	0	255
 78093	79	84	101	150	164	67	0	255
 78138	79	84	101	150	164	67	0	255
 78183	78	84	101	150	164	67	0	255
 78229	78	83	101	150	164	66	0	255
 78274	78	83	101	150	164	66	0	255
 78319	77	82	101	150	164	66	0	255
 78365	77	82	101	150	164	64	0	255
 78410	77	81	101	150	164	64	0	255
 78455	77	81	101	150	164	64	0	255
 78501	76	81	101	150	164	62	0	255
 78546	76	80	101	150	164	62	0	255
 78592	76	80	101	150	164	62	0	255
 78637	76	79	100	150	164	62	0	255
 78682	75	79	100	150	164	62	0	255
 78728	75	79	100	150	164	60	0	255
 78773	75	78	100	150	164	60	0	255
 78818	75	78	100	150	164	60	0	255
 78864	74	78	100	150	164	60	0	255
 78909	74	77	100	150	164	58	0	255
 78954	74	77	100	150	164	58	0	255
 79000	74	77	100	150	164	58	0	255
 79045	73	76	100	150	164	58	0	255
 79090	73	76	100	150	164	58	0	255
 79136	73	76	100	150	164	57	0	255
 79181	73	75	100	150	164	57	0	255
 79226	73	75	100	150	164	56	0	255
 79272	72	75	100	150	164	57	0	255
 79317	72	75	100	150	164	56	0	255
 79363	72	74	100	150	164	56	0	255
 79408	72	74	100	150	164	56	0	255
 79453	72	74	100	150	164	54	0	255
 79499	71	74	100	150	164	54	0	255
 79544	71	73	100	150	164	53	0	255
 79589	71	73	100	150	164	53	0	255
 79635	71	73	100	150	164	53	0	255
 79680	71	73	100	150	164	53	0	255
 79725	71	73	100	150	164	53	0	255
 79771	70	72	100	150	164	52	0	255
 79816	70	72	100	150	164	53	0	255
 79861	70	72	100	150	164	52	0	255
 79907	70	72	100	150	164	52	0	255
 79952	70	72	100	150	164	51	0	255
 79997	70	71	100	150	164	52	0	255
 80043	70	71	100	150	164	51	0	255
 80088	69	71	100	150	164	52	0	255
 80135	69	71	100	150	164	51	0	255
 80179	69	71	100	150	164	51	0	255
 80224	69	70	100	150	164	51	0	255
 80270	69	70	100	150	164	50	0	255
 80315	69	70	100	150	164	48	0	255
 80360	69	70	99	150	164	50	0	255
 80406	69	70	99	150	164	50	0	255
 80451	68	70	99	150	164	48	0	255
 80496	68	69	99	150	164	48	0	255
 80542	68	69	99	150	164	50	0	255
 80587	68	69	99	150	164	47	0	255
 80632	68	69	99	150	164	47	0	255
 80678	68	69	99	150	164	48	0	255
 80723	68	69	99	150	164	47	0	255
 80768	68	69	99	150	164	48	0	255
 80814	68	68	99	150	164	47	0	255
 80859	67	68	99	150	164	47	0	255
 80904	67	68	99	150	164	48	0	255
 80950	67	68	99	150	164	48	0	255
 80995	67	68	99	150	164	47	0	255
 81040	67	68	99	150	164	46	0	255
 81086	67	68	99	150	164	46	0	255
 81131	67	68	99	150	164	47	0	255
 81177	67	68	99	150	164	46	0	255
 81222	67	67	99	150	164	46	0	255
 81268	67	67	99	150	164	46	0	255
 81313	67	67	99	150	164	46	0	255
 81358	66	67	99	150	164	45	0	255
 81403	66	67	99	150	164	46	0	255
 81449	66	67	99	150	164	46	0	255
 81494	66	67	99	150	164	45	0	255
 81539	66	67	99	150	164	45	0	255
 81585	66	67	99	150	164	45	0	255
 81630	66	67	99	150	164	45	0	255
 81675	66	66	99	150	164	44	0	255
 81721	66	66	99	150	164	44	0	255
 81766	66	66	99	150	164	44	0	255
 81811	66	66	99	150	164	44	0	255
 81857	66	66	99	150	164	45	0	255
 81902	66	66	99	150	164	45	0	255
 81947	66	66	99	150	164	42	0	255
 81993	66	66	99	150	164	45	0	255
 82038	66	66	99	150	164	44	0	255
 82084	65	66	99	150	164	44	0	255
 82129	65	66	99	150	164	42	0	255
 82174	65	66	99	150	164	44	0	255
 82220	65	66	99	150	164	44	0	255
 82265	65	65	99	150	164	44	0	255
 82310	65	65	99	150	164	44	0	255
 82356	65	65	99	150	164	41	0	255
 82401	65	65	99	150	164	44	0	255
 82446	65	65	98	150	164	44	0	255
 82492	65	65	98	150	164	44	0	255
 82537	65	65	98	150	164	42	0	255
 82582	65	65	98	150	164	41	0	255
 82630	65	65	98	150	164	42	0	255
 82673	65	65	98	150	164	41	0	255
 82718	65	65	98	150	164	40	0	255
 82764	65	65	98	150	164	40	0	255
 82809	65	65	98	150	164	42	0	255
 82854	65	65	98	150	164	41	0	255
 82900	65	65	98	150	164	41	0	255
 82945	65	65	98	150	164	40	0	255
 82991	65	64	98	150	164	41	0	255
 83036	65	64	98	150	164	40	0	255
 83081	65	64	98	150	164	41	0	255
 83127	65	64	98	150	164	41	0	255
 83172	64	64	98	150	163	41	0	255
 83217	64	64	98	150	164	40	0	255
 83263	64	64	98	150	163	41	0	255
 83308	64	64	98	150	163	40	0	255
 83353	64	64	98	150	163	40	0	255
 83399	64	64	98	150	163	40	0	255
 83445	64	64	98	150	163	38	0	255
 83489	64	64	98	150	163	40	0	255
 83535	64	64	98	150	163	41	0	255
 83580	64	64	98	150	163	40	0	255
 83625	64	64	98	150	163	38	0	255
 83671	64	64	98	150	163	38	0	255
 83716	64	64	98	150	163	38	0	255
 83761	64	64	98	150	163	38	0	255
 83807	64	64	98	150	163	37	0	255
 83852	64	64	98	150	163	38	0	255
 83898	64	64	98	150	163	38	0	255
 83947	64	64	98	150	163	38	0	255
 83988	64	64	98	150	163	38	0	255
 84034	64	64	98	150	163	38	0	255
 84079	64	64	98	150	163	38	0	255
 84124	64	64	98	150	163	37	0	255
 84170	64	63	98	150	163	37	0	255
 84215	64	64	98	150	163	37	0	255
 84260	64	63	98	150	163	38	0	255
 84306	64	63	98	150	163	37	0	255
 84351	64	63	98	150	163	36	0	255
 84396	64	63	98	150	163	36	0	255
 84442	64	63	98	150	163	36	0	255
 84487	64	63	98	150	163	38	0	255
 84532	64	63	98	150	163	38	0	255
 84578	64	63	98	150	163	38	0	255
 84623	64	63	98	150	163	38	0	255
 84668	63	63	98	150	163	37	0	255
 84714	63	63	98	150	163	36	0	255
 84759	63	63	98	150	163	37	0	255
 84805	63	63	97	150	163	37	0	255
 84850	63	63	98	150	163	36	0	255
 84895	63	63	97	150	163	36	0	255
 84941	63	63	97	150	163	37	0	255
 84986	63	63	97	150	163	36	0	255
 85031	63	63	97	150	163	37	0	255
 85077	63	63	97	150	163	38	0	255
 85122	63	63	97	150	163	37	0	255
 85167	63	63	97	150	163	37	0	255
 85213	63	63	97	150	163	36	0	255
 85258	63	63	97	150	163	37	0	255
 85303	63	63	97	150	163	36	0	255
 85349	63	63	97	150	163	36	0	255
 85395	63	63	97	150	163	35	0	255
 85439	63	63	97	150	163	35	0	255
 85485	63	63	97	150	163	37	0	255
 85530	63	63	97	150	163	36	0	255
 85576	63	63	96	150	163	36	0	255
 85621	63	63	96	150	163	35	0	255
 85666	63	63	96	150	163	36	0	255
 85712	63	63	96	150	163	37	0	255
 85757	63	63	95	150	163	36	0	255
 85802	63	63	95	150	163	37	0	255
 85848	63	63	95	150	163	35	0	255
 85893	63	63	95	150	163	35	0	255
 85938	63	63	95	150	163	36	0	255
 85984	63	63	95	150	163	35	0	255
 86029	63	63	95	150	163	36	0	255
 86074	63	63	95	150	163	35	0	255
 86120	63	62	94	150	163	35	0	255
 86165	63	62	94	150	163	36	0	255
 86210	63	62	94	150	163	35	0	255
 86256	63	62	94	150	163	37	0	255
 86301	63	62	94	150	163	36	0	255
 86346	63	62	94	150	163	36	0	255
 86392	63	62	94	150	163	35	0	255
