HomeCentral
 Falkenstrasse 20
 8630 Rueti
 Datum: 18.06.14 00:00
 
 Startzeit: 2014-06-18 00:00:12 +0100
 58	65	64	98	150	162	34	0	255
 103	65	64	98	149	162	34	0	255
 149	65	64	98	149	162	34	0	255
 194	65	64	98	149	162	34	0	255
 239	65	64	98	150	162	34	0	255
 285	65	64	98	149	162	34	0	255
 330	65	64	97	149	162	34	0	255
 375	65	64	97	149	162	34	0	255
 421	65	64	97	149	162	34	0	255
 466	65	64	97	149	162	32	0	255
 511	65	64	97	149	162	34	0	255
 557	65	64	97	149	162	34	0	255
 602	65	64	97	149	162	34	0	255
 647	65	64	97	149	162	34	0	255
 693	65	64	97	149	162	32	0	255
 738	65	63	97	149	162	34	0	255
 783	65	63	97	149	162	34	0	255
 829	65	63	97	149	162	34	0	255
 874	65	63	97	149	162	34	0	255
 919	65	63	97	149	162	34	0	255
 965	65	63	97	149	162	34	0	255
 1010	65	63	97	149	162	34	0	255
 1055	65	63	97	149	162	32	0	255
 1101	65	63	97	149	162	34	0	255
 1146	65	63	97	149	162	34	0	255
 1192	65	63	97	149	162	32	0	255
 1237	65	63	97	149	162	32	0	255
 1282	65	63	97	149	162	32	0	255
 1328	65	63	97	149	162	32	0	255
 1373	65	63	97	149	162	31	0	255
 1418	65	63	97	149	162	32	0	255
 1464	65	63	97	149	162	32	0	255
 1509	65	63	97	149	162	32	0	255
 1554	65	63	97	149	162	34	0	255
 1600	65	63	97	149	162	32	0	255
 1645	65	63	97	149	162	31	0	255
 1690	65	63	97	149	162	32	0	255
 1736	65	63	97	149	162	32	0	255
 1781	65	63	97	149	162	32	0	255
 1826	65	63	97	149	162	32	0	255
 1872	65	63	97	149	162	32	0	255
 1917	65	63	97	149	162	32	0	255
 1962	65	63	97	149	162	32	0	255
 2008	65	63	97	149	162	32	0	255
 2053	65	63	97	149	162	32	0	255
 2099	65	63	97	149	162	32	0	255
 2144	65	63	97	149	162	31	0	255
 2189	65	63	97	149	162	32	0	255
 2235	65	63	97	149	162	34	0	255
 2280	65	63	97	149	162	31	0	255
 2325	65	63	97	149	162	32	0	255
 2371	65	63	97	149	162	31	0	255
 2416	65	63	97	149	162	31	0	255
 2461	65	63	97	149	162	32	0	255
 2507	65	63	97	149	162	31	0	255
 2552	65	63	97	149	162	31	0	255
 2597	65	63	97	149	162	31	0	255
 2643	65	63	97	149	162	32	0	255
 2688	65	63	97	149	162	31	0	255
 2733	65	63	97	149	162	31	0	255
 2779	65	63	97	149	162	31	0	255
 2824	65	63	97	149	162	31	0	255
 2869	65	63	97	149	162	31	0	255
 2915	65	63	97	149	162	32	0	255
 2960	65	63	96	149	162	31	0	255
 3006	65	63	96	149	162	32	0	255
 3051	65	63	96	149	162	31	0	255
 3096	65	63	96	149	162	31	0	255
 3142	65	63	96	149	162	31	0	255
 3187	65	63	96	149	162	31	0	255
 3232	65	63	96	149	162	31	0	255
 3278	65	63	96	149	162	31	0	255
 3323	65	63	96	149	162	31	0	255
 3368	65	63	96	149	162	31	0	255
 3414	65	63	96	149	162	31	0	255
 3459	65	63	96	149	162	31	0	255
 3504	65	63	96	149	162	31	0	255
 3550	65	63	96	149	162	31	0	255
 3595	65	63	96	149	162	30	0	255
 3640	65	63	96	149	162	31	0	255
 3686	65	63	96	149	162	31	0	255
 3731	65	63	96	149	162	31	0	255
 3777	65	63	96	149	162	31	0	255
 3822	65	63	96	149	162	31	0	255
 3867	65	63	96	149	162	31	0	255
 3913	65	63	96	149	162	30	0	255
 3958	65	63	96	149	162	30	0	255
 4003	65	63	96	149	162	31	0	255
 4049	65	63	96	149	162	30	0	255
 4094	65	63	96	149	162	30	0	255
 4139	65	63	96	149	162	30	0	255
 4185	65	63	96	149	162	30	0	255
 4230	65	63	96	149	162	30	0	255
 4275	65	63	96	149	162	30	0	255
 4321	65	63	96	149	161	30	0	255
 4366	65	63	96	149	161	29	0	255
 4411	65	63	96	149	161	30	0	255
 4457	65	63	96	149	161	30	0	255
 4502	65	63	96	149	161	30	0	255
 4548	65	63	96	149	161	30	0	255
 4593	65	63	96	149	161	30	0	255
 4638	65	63	96	149	161	31	0	255
 4684	65	63	96	149	161	30	0	255
 4729	65	63	96	149	161	30	0	255
 4774	65	63	96	149	161	30	0	255
 4820	65	63	96	149	161	30	0	255
 4865	65	63	96	149	161	30	0	255
 4910	65	63	96	149	161	30	0	255
 4956	65	63	96	149	161	30	0	255
 5001	65	63	96	149	161	30	0	255
 5046	65	63	96	149	161	30	0	255
 5092	65	63	96	149	161	30	0	255
 5137	65	63	96	149	161	30	0	255
 5182	65	63	96	149	161	30	0	255
 5228	65	63	96	149	161	30	0	255
 5273	65	63	96	149	161	29	0	255
 5318	65	63	96	149	161	30	0	255
 5364	65	63	96	149	161	30	0	255
 5409	65	63	96	149	161	30	0	255
 5454	65	63	96	149	161	30	0	255
 5500	65	63	96	149	161	29	0	255
 5545	65	63	96	149	161	30	0	255
 5590	65	63	96	149	161	30	0	255
 5636	65	63	96	149	161	29	0	255
 5681	65	63	96	149	161	29	0	255
 5727	65	63	96	149	161	30	0	255
 5772	65	63	95	149	161	30	0	255
 5817	65	63	95	149	161	30	0	255
 5863	65	63	96	149	161	30	0	255
 5908	65	63	95	149	161	30	0	255
 5953	65	63	95	149	161	29	0	255
 5999	65	63	95	149	161	29	0	255
 6044	65	63	95	149	161	29	0	255
 6089	65	63	95	149	161	29	0	255
 6135	64	63	95	149	161	30	0	255
 6180	65	63	95	149	161	29	0	255
 6225	65	63	95	149	161	29	0	255
 6271	64	63	95	149	161	29	0	255
 6316	65	63	95	149	161	29	0	255
 6361	65	63	95	149	161	29	0	255
 6407	64	63	95	149	161	30	0	255
 6452	65	63	95	149	161	30	0	255
 6497	64	63	95	149	161	29	0	255
 6543	64	63	95	149	161	29	0	255
 6588	64	63	95	149	161	30	0	255
 6633	64	63	95	149	161	29	0	255
 6679	64	63	95	149	161	30	0	255
 6724	64	63	95	149	161	29	0	255
 6770	64	63	95	149	161	29	0	255
 6815	64	63	95	149	161	29	0	255
 6860	64	63	95	149	161	29	0	255
 6906	64	63	95	149	161	29	0	255
 6951	64	63	95	149	161	29	0	255
 6996	64	63	95	149	161	29	0	255
 7042	64	63	95	149	161	29	0	255
 7087	64	63	95	149	161	29	0	255
 7132	64	63	95	149	161	29	0	255
 7178	64	63	95	149	161	29	0	255
 7223	64	63	95	149	161	29	0	255
 7268	64	63	95	149	161	29	0	255
 7314	64	63	95	149	161	29	0	255
 7359	64	63	95	149	161	29	0	255
 7404	64	62	95	149	161	29	0	255
 7450	64	63	95	149	161	29	0	255
 7495	64	63	95	149	161	29	0	255
 7540	64	63	95	149	161	29	0	255
 7586	64	63	95	149	161	29	0	255
 7631	64	63	95	149	161	29	0	255
 7677	64	62	95	149	161	29	0	255
 7722	64	62	95	149	161	28	0	255
 7767	64	63	95	149	161	29	0	255
 7817	64	63	95	149	161	28	0	255
 7858	64	62	95	149	161	29	0	255
 7903	64	62	95	149	161	28	0	255
 7949	64	62	95	149	161	29	0	255
 7994	64	62	95	149	161	28	0	255
 8039	64	62	95	149	161	28	0	255
 8085	64	62	95	149	161	29	0	255
 8130	64	62	95	149	161	29	0	255
 8175	64	62	95	149	161	28	0	255
 8221	64	62	95	149	161	28	0	255
 8266	64	62	95	149	161	28	0	255
 8311	64	62	95	149	161	28	0	255
 8357	64	62	95	149	161	28	0	255
 8402	64	62	95	149	161	29	0	255
 8447	64	62	95	149	161	28	0	255
 8493	64	62	95	149	161	28	0	255
 8539	64	62	95	149	161	29	0	255
 8584	64	62	95	149	161	28	0	255
 8629	64	62	95	149	161	28	0	255
 8674	64	62	95	149	161	29	0	255
 8720	64	62	95	149	161	28	0	255
 8765	64	62	95	149	161	28	0	255
 8810	64	62	94	149	161	28	0	255
 8856	64	62	94	149	161	28	0	255
 8901	64	62	94	149	161	28	0	255
 8946	64	62	94	149	161	28	0	255
 8992	64	62	94	149	161	28	0	255
 9037	64	62	94	149	160	28	0	255
 9082	64	62	94	149	160	29	0	255
 9128	64	62	94	149	160	28	0	255
 9173	64	62	94	149	160	28	0	255
 9218	64	62	94	149	160	28	0	255
 9264	64	62	94	149	160	28	0	255
 9309	64	62	94	149	160	29	0	255
 9354	64	62	94	149	160	28	0	255
 9400	64	62	94	149	160	26	0	255
 9445	64	62	94	149	160	28	0	255
 9491	64	62	94	149	160	26	0	255
 9536	64	62	94	149	160	26	0	255
 9581	64	62	94	149	160	28	0	255
 9627	64	62	94	149	160	28	0	255
 9672	64	62	94	149	160	26	0	255
 9717	64	62	94	149	160	28	0	255
 9763	64	62	94	149	160	28	0	255
 9808	64	62	94	149	160	28	0	255
 9853	64	62	94	149	160	28	0	255
 9899	64	62	94	149	160	26	0	255
 9944	64	62	94	149	160	28	0	255
 9989	64	62	94	149	160	26	0	255
 10035	64	62	94	149	160	26	0	255
 10080	64	62	94	149	160	28	0	255
 10125	64	62	94	149	160	26	0	255
 10171	64	62	94	149	160	26	0	255
 10216	64	62	94	149	160	28	0	255
 10261	64	62	94	149	160	26	0	255
 10307	64	62	94	149	160	26	0	255
 10352	64	62	94	149	160	26	0	255
 10398	64	62	94	148	160	26	0	255
 10443	64	62	94	149	160	28	0	255
 10488	64	62	94	149	160	26	0	255
 10534	64	62	94	149	160	26	0	255
 10579	64	62	94	149	160	26	0	255
 10624	64	62	94	149	160	26	0	255
 10670	64	62	94	148	160	26	0	255
 10715	64	62	94	148	160	26	0	255
 10760	64	62	94	148	160	26	0	255
 10806	64	62	94	148	160	28	0	255
 10851	64	62	94	148	160	26	0	255
 10896	64	62	94	148	160	26	0	255
 10942	64	62	94	148	160	26	0	255
 10987	64	62	94	148	160	25	0	255
 11032	64	62	94	148	160	26	0	255
 11078	64	62	94	148	160	25	0	255
 11123	64	62	94	148	160	25	0	255
 11168	64	62	94	148	160	26	0	255
 11214	64	62	94	148	160	25	0	255
 11259	64	62	94	148	160	26	0	255
 11305	64	62	94	148	160	26	0	255
 11350	64	62	94	148	160	26	0	255
 11395	64	62	94	148	160	25	0	255
 11441	64	62	94	148	160	25	0	255
 11486	64	62	94	148	160	25	0	255
 11531	64	62	94	148	160	25	0	255
 11577	64	62	94	148	160	25	0	255
 11622	64	62	94	148	160	25	0	255
 11667	64	62	94	148	160	25	0	255
 11713	64	62	94	148	160	25	0	255
 11758	64	62	94	148	160	25	0	255
 11804	64	62	93	148	160	25	0	255
 11849	64	62	94	148	160	25	0	255
 11894	64	62	94	148	160	26	0	255
 11939	64	62	93	148	160	25	0	255
 11985	64	62	94	148	160	26	0	255
 12030	64	62	93	148	160	25	0	255
 12075	64	62	93	148	160	25	0	255
 12121	64	62	93	148	160	25	0	255
 12166	64	62	93	148	160	25	0	255
 12212	64	62	93	148	160	25	0	255
 12257	64	62	93	148	160	25	0	255
 12302	64	62	93	148	160	24	0	255
 12348	64	62	93	148	160	25	0	255
 12393	64	62	93	148	160	25	0	255
 12438	64	62	93	148	160	25	0	255
 12484	64	62	93	148	160	25	0	255
 12529	64	62	93	148	160	24	0	255
 12574	64	62	93	148	160	24	0	255
 12620	64	62	93	148	160	25	0	255
 12665	64	62	93	148	160	24	0	255
 12710	64	62	93	148	160	25	0	255
 12756	64	62	93	148	160	25	0	255
 12801	64	62	93	148	160	24	0	255
 12846	64	62	93	148	160	24	0	255
 12892	64	62	93	148	160	24	0	255
 12937	64	62	93	148	160	25	0	255
 12982	64	62	93	148	160	24	0	255
 13028	64	62	93	148	160	25	0	255
 13073	64	62	93	148	160	24	0	255
 13118	64	62	93	148	160	24	0	255
 13164	64	62	93	148	160	24	0	255
 13210	64	62	93	148	160	24	0	255
 13255	64	62	93	148	160	25	0	255
 13300	64	62	93	148	160	25	0	255
 13345	64	62	93	148	160	24	0	255
 13391	64	62	93	148	160	24	0	255
 13436	64	62	93	148	160	24	0	255
 13481	64	62	93	148	160	24	0	255
 13527	64	62	93	148	160	24	0	255
 13572	64	62	93	148	160	24	0	255
 13617	64	62	93	148	160	24	0	255
 13663	64	62	93	148	159	24	0	255
 13708	64	62	93	148	159	24	0	255
 13753	64	62	93	148	159	24	0	255
 13799	64	62	93	148	159	23	0	255
 13844	64	62	93	148	159	24	0	255
 13889	64	62	93	148	159	24	0	255
 13935	64	62	93	148	159	23	0	255
 13980	64	62	93	148	159	23	0	255
 14025	64	62	93	148	159	24	0	255
 14071	64	62	93	148	159	24	0	255
 14116	64	62	93	148	159	23	0	255
 14162	64	62	93	148	159	23	0	255
 14207	64	62	93	148	159	24	0	255
 14252	64	62	93	148	159	24	0	255
 14298	64	62	93	148	159	23	0	255
 14343	64	62	93	148	159	23	0	255
 14388	64	62	93	148	159	23	0	255
 14434	64	62	93	148	159	23	0	255
 14479	64	62	93	148	159	23	0	255
 14524	64	62	93	148	159	23	0	255
 14570	64	62	93	148	159	23	0	255
 14615	64	62	93	148	159	23	0	255
 14660	64	62	93	148	159	23	0	255
 14706	64	62	93	148	159	23	0	255
 14751	64	62	93	148	159	23	0	255
 14796	64	62	93	148	159	23	0	255
 14842	64	62	93	148	159	23	0	255
 14887	64	62	93	148	159	23	0	255
 14932	64	62	93	148	159	23	0	255
 14978	64	62	93	148	159	23	0	255
 15023	64	62	93	148	159	23	0	255
 15069	64	62	93	148	159	23	0	255
 15114	64	62	93	148	159	23	0	255
 15159	64	62	93	148	159	23	0	255
 15205	64	62	93	148	159	23	0	255
 15250	64	62	93	148	159	23	0	255
 15295	64	62	92	148	159	24	0	255
 15341	64	62	93	148	159	23	0	255
 15386	63	62	92	148	159	22	0	255
 15431	64	62	92	148	159	23	0	255
 15477	64	62	92	148	159	23	0	255
 15522	63	62	92	148	159	23	0	255
 15567	63	62	92	148	159	22	0	255
 15613	63	62	92	148	159	23	0	255
 15658	63	62	92	148	159	23	0	255
 15703	63	62	92	148	159	22	0	255
 15749	63	62	92	148	159	22	0	255
 15794	63	62	92	148	159	22	0	255
 15839	63	62	92	148	159	22	0	255
 15885	63	62	92	148	159	23	0	255
 15930	63	62	92	148	159	22	0	255
 15976	63	62	92	148	159	22	0	255
 16021	63	62	92	148	159	22	0	255
 16066	63	62	92	148	159	23	0	255
 16112	63	62	92	148	159	22	0	255
 16157	63	62	92	148	159	22	0	255
 16202	63	62	92	148	159	22	0	255
 16248	63	62	92	148	159	22	0	255
 16293	63	62	92	148	159	23	0	255
 16338	63	62	92	148	159	23	0	255
 16384	63	62	92	148	159	22	0	255
 16430	63	62	92	148	159	22	0	255
 16474	63	62	92	148	159	22	0	255
 16520	63	62	92	148	159	22	0	255
 16565	63	62	92	148	159	22	0	255
 16610	63	62	92	148	159	22	0	255
 16656	63	61	92	148	159	22	0	255
 16701	63	62	92	148	159	22	0	255
 16746	63	62	92	148	159	22	0	255
 16792	63	62	92	148	159	22	0	255
 16837	63	61	92	148	159	22	0	255
 16883	63	61	92	148	159	23	0	255
 16928	63	61	92	148	159	22	0	255
 16973	63	61	92	148	159	22	0	255
 17019	63	61	92	148	159	22	0	255
 17064	63	61	92	148	159	22	0	255
 17109	63	61	92	148	159	22	0	255
 17155	63	61	92	148	159	22	0	255
 17200	63	61	92	148	159	22	0	255
 17245	63	61	92	148	159	22	0	255
 17291	63	61	92	148	159	22	0	255
 17336	63	61	92	148	159	22	0	255
 17381	63	61	92	148	159	22	0	255
 17427	63	61	92	148	159	22	0	255
 17472	63	61	92	148	159	20	0	255
 17517	63	61	92	148	159	22	0	255
 17563	63	61	92	148	159	22	0	255
 17608	63	61	92	148	159	22	0	255
 17653	63	61	92	148	159	22	0	255
 17699	63	61	92	148	159	22	0	255
 17745	63	61	92	148	159	20	0	255
 17790	63	61	92	148	159	20	0	255
 17835	63	61	92	148	159	20	0	255
 17880	63	61	92	148	159	20	0	255
 17926	63	61	92	148	159	20	0	255
 17971	63	61	92	148	159	20	0	255
 18016	63	61	92	148	159	22	0	255
 18062	63	61	92	148	158	20	0	255
 18107	63	61	92	148	159	20	0	255
 18152	63	61	92	148	158	22	0	255
 18198	63	61	92	148	158	20	0	255
 18243	63	61	92	148	158	20	0	255
 18288	63	61	92	148	158	22	0	255
 18334	63	61	92	148	158	22	0	255
 18379	63	61	92	148	158	20	0	255
 18424	63	61	92	148	158	22	0	255
 18470	63	61	92	148	158	20	0	255
 18515	63	61	92	148	158	20	0	255
 18560	63	61	92	148	158	20	0	255
 18606	63	61	92	148	158	20	0	255
 18651	63	61	91	148	158	20	0	255
 18696	63	61	91	148	158	22	0	255
 18742	63	61	91	148	158	20	0	255
 18787	63	61	91	148	158	20	0	255
 18833	63	61	91	148	158	19	0	255
 18878	63	61	91	148	158	22	0	255
 18923	63	61	91	148	158	20	0	255
 18969	63	61	91	148	158	22	0	255
 19014	63	61	91	148	158	22	0	255
 19059	63	61	91	148	158	20	0	255
 19105	63	61	91	148	158	19	0	255
 19150	63	61	91	148	158	20	0	255
 19195	63	61	91	148	158	20	0	255
 19241	63	61	91	148	158	20	0	255
 19286	63	61	91	148	158	20	0	255
 19331	63	61	91	148	158	20	0	255
 19377	63	61	91	148	158	20	0	255
 19422	63	61	91	148	158	20	0	255
 19467	63	61	91	148	158	19	0	255
 19513	63	61	91	148	158	20	0	255
 19558	63	61	91	148	158	20	0	255
 19603	63	61	91	148	158	20	0	255
 19649	63	61	91	148	158	20	0	255
 19694	63	61	91	148	158	20	0	255
 19740	63	61	91	148	158	20	0	255
 19785	63	61	91	148	158	20	0	255
 19830	63	61	91	148	158	20	0	255
 19876	63	61	91	148	158	20	0	255
 19921	63	61	91	148	158	20	0	255
 19966	63	61	91	148	158	20	0	255
 20012	63	61	91	148	158	20	0	255
 20057	63	61	91	148	158	20	0	255
 20102	63	61	91	148	158	20	0	255
 20148	63	61	91	148	158	22	0	255
 20193	63	61	91	148	158	20	0	255
 20238	63	61	91	148	158	22	0	255
 20284	63	61	91	148	158	22	0	255
 20329	63	61	91	148	158	20	0	255
 20374	63	61	91	148	158	20	0	255
 20420	63	61	91	148	158	22	0	255
 20465	63	61	91	148	158	20	0	255
 20510	63	61	91	148	158	22	0	255
 20556	63	61	91	148	158	22	0	255
 20601	63	61	91	148	158	22	0	255
 20647	63	61	91	148	158	23	0	255
 20692	63	61	91	147	158	22	0	255
 20737	63	61	91	147	158	22	0	255
 20783	63	61	91	147	158	22	0	255
 20828	63	61	91	148	158	23	0	255
 20873	63	61	91	148	158	23	0	255
 20919	63	61	91	147	158	23	0	255
 20964	63	61	91	147	158	23	0	255
 21009	63	61	91	147	158	23	0	255
 21055	63	61	91	147	158	22	0	255
 21100	63	61	91	147	158	23	0	255
 21145	63	61	91	147	158	24	0	255
 21191	63	61	91	147	158	23	0	255
 21236	63	61	91	147	158	23	0	255
 21281	63	61	91	147	158	23	0	255
 21327	63	61	91	147	158	23	0	255
 21372	63	61	91	147	158	24	0	255
 21417	63	61	91	147	158	23	0	255
 21463	63	61	91	147	158	23	0	255
 21508	63	61	91	147	158	24	0	255
 21554	63	61	91	147	158	24	0	255
 21599	63	61	91	147	158	23	0	255
 21645	63	61	91	147	158	24	0	255
 21690	63	61	91	147	158	24	0	255
 21735	63	61	91	147	158	25	0	255
 21780	63	61	91	147	158	24	0	255
 21826	63	61	91	147	158	24	0	255
 21871	63	61	91	147	158	24	0	255
 21916	63	61	91	147	158	24	0	255
 21962	63	61	91	147	158	24	0	255
 22007	63	61	91	147	158	25	0	255
 22052	63	61	91	147	158	25	0	255
 22098	63	61	91	147	158	25	0	255
 22143	63	61	90	147	158	25	0	255
 22188	63	61	90	147	158	25	0	255
 22234	63	61	90	147	158	25	0	255
 22279	63	61	90	147	158	25	0	255
 22324	63	61	90	147	158	25	0	255
 22370	63	61	90	147	158	25	0	255
 22415	63	61	90	147	158	25	0	255
 22461	63	61	90	147	158	25	0	255
 22506	63	61	90	147	158	25	0	255
 22551	63	61	90	147	158	26	0	255
 22597	63	61	90	147	158	26	0	255
 22642	63	61	90	147	158	26	0	255
 22687	63	61	90	147	157	26	0	255
 22733	63	61	90	147	157	26	0	255
 22778	63	61	90	147	157	26	0	255
 22823	63	61	90	147	157	26	0	255
 22869	63	61	90	147	157	28	0	255
 22914	63	61	90	147	157	26	0	255
 22959	63	61	90	147	157	28	0	255
 23005	63	61	90	147	157	26	0	255
 23050	63	61	90	147	157	26	0	255
 23095	63	61	90	147	157	29	0	255
 23141	63	61	90	147	157	28	0	255
 23186	63	61	90	147	157	28	0	255
 23231	63	61	90	147	157	28	0	255
 23277	63	61	90	147	157	28	0	255
 23322	63	61	90	147	157	29	0	255
 23368	62	61	90	147	157	28	0	255
 23413	63	61	90	147	157	26	0	255
 23458	63	61	90	147	157	29	0	255
 23504	62	61	90	147	157	29	0	255
 23549	62	61	90	147	157	28	0	255
 23594	62	61	90	147	157	28	0	255
 23640	62	61	90	147	157	28	0	255
 23685	62	61	90	147	157	28	0	255
 23730	62	61	90	147	157	29	0	255
 23776	62	61	90	147	157	29	0	255
 23821	62	61	90	147	157	30	0	255
 23866	62	60	90	147	157	30	0	255
 23912	62	61	90	147	157	29	0	255
 23957	62	61	90	147	157	29	0	255
 24002	62	61	90	147	157	29	0	255
 24048	62	61	90	147	157	30	0	255
 24093	62	61	90	147	157	30	0	255
 24138	62	61	90	147	157	30	0	255
 24184	62	60	90	147	157	30	0	255
 24229	62	60	90	147	157	30	0	255
 24275	62	60	90	147	157	30	0	255
 24320	62	60	90	147	157	31	0	255
 24365	62	60	90	147	157	31	0	255
 24411	62	60	90	147	157	30	0	255
 24456	62	60	90	147	157	30	0	255
 24501	62	60	90	147	157	30	0	255
 24547	62	60	90	147	157	30	0	255
 24592	62	60	90	147	157	31	0	255
 24638	62	60	90	147	157	32	0	255
 24683	62	60	90	147	157	31	0	255
 24728	62	60	90	147	157	32	0	255
 24773	62	60	90	147	157	32	0	255
 24819	62	60	90	147	157	31	0	255
 24864	62	60	90	147	157	32	0	255
 24912	62	60	90	147	157	32	0	255
 24955	62	60	90	147	157	34	0	255
 25000	62	60	90	147	157	34	0	255
 25045	62	60	90	147	157	34	0	255
 25091	62	60	90	147	157	34	0	255
 25136	62	60	90	147	157	34	0	255
 25181	62	60	90	147	157	32	0	255
 25227	62	60	90	147	157	34	0	255
 25272	62	60	90	147	157	32	0	255
 25318	62	60	90	147	157	32	0	255
 25363	62	60	90	147	157	34	0	255
 25408	62	60	90	147	157	34	0	255
 25454	62	60	90	147	157	34	0	255
 25499	62	60	90	147	157	34	0	255
 25544	62	60	90	147	157	35	0	255
 25590	62	60	90	147	157	35	0	255
 25635	62	60	90	147	157	35	0	255
 25680	62	60	90	147	157	35	0	255
 25726	62	60	90	147	157	35	0	255
 25771	62	60	89	147	157	36	0	255
 25816	62	60	89	147	157	35	0	255
 25862	62	60	89	147	157	35	0	255
 25907	62	60	89	147	157	35	0	255
 25952	62	60	89	147	157	36	0	255
 25998	62	60	89	147	157	36	0	255
 26043	62	60	89	147	157	36	0	255
 26088	62	60	89	147	157	37	0	255
 26134	62	60	89	147	157	36	0	255
 26179	62	60	89	147	157	36	0	255
 26225	62	60	89	147	157	37	0	255
 26270	62	60	89	147	157	37	0	255
 26315	62	60	89	147	157	37	0	255
 26361	62	60	89	147	157	37	0	255
 26406	62	60	89	147	157	37	0	255
 26451	62	60	89	147	157	37	0	255
 26497	62	60	89	147	157	38	0	255
 26542	62	60	89	147	157	38	0	255
 26587	62	60	89	147	157	38	0	255
 26633	62	60	89	147	157	38	0	255
 26678	62	60	89	147	157	38	0	255
 26723	62	60	89	147	157	40	0	255
 26769	62	60	89	147	157	38	0	255
 26814	62	60	89	147	157	38	0	255
 26859	62	60	89	147	157	40	0	255
 26905	62	60	89	147	157	40	0	255
 26950	62	60	89	147	157	40	0	255
 26995	62	60	89	147	157	40	0	255
 27041	62	60	89	147	157	41	0	255
 27086	62	60	89	147	157	41	0	255
 27132	62	60	89	147	157	41	0	255
 27177	62	60	89	147	157	41	0	255
 27222	62	60	89	147	156	41	0	255
 27268	62	60	89	147	156	41	0	255
 27313	62	60	89	147	156	41	0	255
 27358	62	60	89	147	156	42	0	255
 27404	62	60	89	147	156	41	0	255
 27449	62	60	89	147	156	42	0	255
 27494	62	60	89	147	156	42	0	255
 27540	62	60	89	147	156	44	0	255
 27585	62	60	89	147	156	41	0	255
 27630	62	60	89	147	156	42	0	255
 27676	62	60	89	147	156	42	0	255
 27721	62	60	89	147	156	42	0	255
 27766	62	60	89	147	156	44	0	255
 27812	62	60	89	147	156	42	0	255
 27857	62	60	89	147	156	44	0	255
 27902	62	60	89	147	156	42	0	255
 27948	62	60	89	147	156	44	0	255
 27993	62	60	89	147	156	44	0	255
 28039	62	60	89	147	156	45	0	255
 28084	62	60	89	147	156	44	0	255
 28129	62	60	89	147	156	45	0	255
 28175	62	60	89	147	156	45	0	255
 28220	62	60	89	147	156	45	0	255
 28265	62	60	89	147	156	45	0	255
 28311	62	60	89	147	156	45	0	255
 28357	62	60	89	147	156	46	0	255
 28401	62	60	89	147	156	46	0	255
 28447	62	60	89	147	156	46	0	255
 28492	62	60	89	147	156	46	0	255
 28537	62	60	89	147	156	48	0	255
 28583	62	60	89	147	156	47	0	255
 28628	62	60	89	147	156	47	0	255
 28673	62	60	89	147	156	48	0	255
 28719	62	60	89	147	156	47	0	255
 28764	62	60	89	147	156	50	0	255
 28809	62	60	89	147	156	48	0	255
 28855	62	60	89	147	156	50	0	255
 28900	62	60	89	147	156	50	0	255
 28945	62	60	89	147	156	50	0	255
 28991	62	60	89	147	156	50	0	255
 29036	62	60	89	147	156	51	0	255
 29082	62	60	89	147	156	51	0	255
 29127	62	60	89	147	156	51	0	255
 29172	62	60	89	147	156	52	0	255
 29218	62	60	89	147	156	52	0	255
 29263	62	60	89	147	156	52	0	255
 29308	62	60	89	147	156	53	0	255
 29354	62	60	89	147	156	53	0	255
 29399	62	60	89	147	156	53	0	255
 29444	62	60	89	147	156	54	0	255
 29490	62	60	89	147	156	54	0	255
 29535	62	60	89	147	156	56	0	255
 29580	62	60	89	147	156	56	0	255
 29626	62	60	89	147	156	57	0	255
 29671	62	60	88	147	156	57	0	255
 29716	62	60	88	147	156	56	0	255
 29762	62	60	88	147	156	58	0	255
 29807	62	60	88	147	156	58	0	255
 29853	62	60	88	147	156	58	0	255
 29898	62	60	88	147	156	60	0	255
 29943	62	60	88	147	156	58	0	255
 29989	62	60	88	147	156	61	0	255
 30034	62	60	88	147	156	61	0	255
 30079	62	60	88	147	156	62	0	255
 30125	62	60	88	147	156	61	0	255
 30170	62	60	88	147	156	61	0	255
 30215	62	60	88	147	156	62	0	255
 30261	62	60	88	147	156	62	0	255
 30306	62	60	88	147	156	61	0	255
 30351	62	60	88	147	156	64	0	255
 30397	62	60	88	147	156	65	0	255
 30442	62	60	88	147	156	65	0	255
 30487	62	60	88	147	156	65	0	255
 30533	62	60	88	147	156	66	0	255
 30578	62	60	88	147	156	66	0	255
 30624	62	60	88	147	156	67	0	255
 30669	62	60	88	147	156	67	0	255
 30714	62	60	88	147	156	67	0	255
 30759	62	60	88	147	156	68	0	255
 30805	62	60	88	147	156	70	0	255
 30850	62	60	88	147	156	70	0	255
 30896	62	60	88	147	156	71	0	255
 30941	62	60	88	147	156	72	0	255
 30986	62	60	88	147	156	74	0	255
 31032	62	60	88	147	156	74	0	255
 31077	62	60	88	146	156	75	0	255
 31122	62	60	88	147	156	75	0	255
 31168	62	60	88	147	156	75	0	255
 31213	62	60	88	147	156	76	0	255
 31258	62	60	88	147	156	76	0	255
 31304	62	60	88	147	156	78	0	255
 31349	62	60	88	146	156	78	0	255
 31394	62	60	88	147	156	79	0	255
 31440	62	60	88	147	156	80	0	255
 31485	62	60	88	146	156	82	0	255
 31530	62	60	88	146	156	82	0	255
 31576	62	60	88	146	156	83	0	255
 31621	62	60	88	146	156	83	0	255
 31666	62	60	88	146	156	84	0	255
 31712	62	60	88	146	156	84	0	255
 31757	62	60	88	146	156	85	0	255
 31803	62	60	88	146	155	86	0	255
 31848	62	60	88	146	156	86	0	255
 31893	62	60	88	146	155	89	0	255
 31939	62	60	88	146	155	89	0	255
 31984	62	60	88	146	155	90	0	255
 32029	62	60	88	146	155	92	0	255
 32075	62	60	88	146	155	94	0	255
 32120	62	60	88	146	155	93	0	255
 32165	62	60	88	146	155	94	0	255
 32211	62	60	88	146	155	96	0	255
 32256	62	60	88	146	155	97	0	255
 32301	62	60	88	146	155	97	0	255
 32347	62	60	88	146	155	98	0	255
 32392	62	60	88	146	155	100	0	255
 32437	62	59	88	146	155	101	0	255
 32483	62	59	88	146	155	101	0	255
 32528	62	59	88	146	155	101	0	255
 32573	62	59	88	146	155	102	0	255
 32619	62	59	88	146	155	102	0	255
 32664	62	59	88	146	155	102	0	255
 32710	62	59	88	146	155	104	0	255
 32755	62	59	88	146	155	104	0	255
 32800	62	59	88	146	155	102	0	255
 32846	62	59	88	146	155	102	0	255
 32891	62	59	88	146	155	101	0	255
 32936	62	59	88	146	155	102	0	255
 32982	62	59	88	146	155	101	0	255
 33027	62	59	88	146	155	101	0	255
 33072	62	59	88	146	155	102	0	255
 33118	61	59	88	146	155	104	0	255
 33163	62	59	88	146	155	105	0	255
 33208	62	59	88	146	155	106	0	255
 33254	61	59	88	146	155	106	0	255
 33299	61	59	88	146	155	108	0	255
 33344	62	59	88	146	155	109	0	255
 33390	61	59	88	146	155	109	0	255
 33435	61	59	88	146	155	109	0	255
 33481	61	59	88	146	155	110	0	255
 33526	61	59	88	146	155	112	0	255
 33571	61	59	88	146	155	113	0	255
 33617	62	59	88	146	155	114	0	255
 33662	61	59	88	146	155	116	0	255
 33707	61	59	88	146	155	116	0	255
 33753	61	59	88	146	155	118	0	255
 33798	61	59	88	146	155	119	0	255
 33843	61	59	88	146	155	122	0	255
 33889	61	59	88	146	155	122	0	255
 33934	61	59	88	146	155	123	0	255
 33979	61	59	88	146	155	124	0	255
 34025	61	59	88	146	155	124	0	255
 34070	61	59	88	146	155	126	0	255
 34115	61	59	88	146	155	127	0	255
 34161	61	59	88	146	155	127	0	255
 34206	61	59	88	146	155	128	0	255
 34251	61	59	88	146	155	131	0	255
 34297	61	59	88	146	155	132	0	255
 34342	61	59	88	146	155	132	0	255
 34387	61	59	88	146	155	136	0	255
 34433	61	59	88	146	155	137	0	255
 34478	61	59	87	146	155	138	0	255
 34524	61	59	88	146	155	138	0	255
 34569	61	59	87	146	155	138	0	255
 34614	61	58	87	146	155	141	0	255
 34660	61	58	88	146	155	141	0	255
 34705	61	58	88	146	155	142	0	255
 34750	61	58	88	146	155	145	0	255
 34796	61	58	87	146	155	146	0	255
 34841	61	58	87	146	155	146	0	255
 34886	61	58	87	146	155	146	0	255
 34932	61	58	87	146	155	150	0	255
 34977	61	58	87	146	155	151	0	255
 35022	61	58	87	146	155	152	0	255
 35068	61	66	87	146	155	154	8	255
 35113	82	81	87	146	155	161	8	255
 35158	100	95	87	146	155	164	8	255
 35204	112	104	87	146	155	150	8	255
 35249	116	109	87	146	155	144	0	255
 35294	117	110	87	146	155	145	0	255
 35340	117	110	87	146	155	148	0	255
 35385	117	110	88	146	155	150	0	255
 35431	116	110	88	146	155	152	8	255
 35476	116	110	88	146	155	156	8	255
 35521	122	113	88	146	155	162	8	255
 35567	127	115	88	146	155	160	8	255
 35612	129	116	88	146	155	144	0	255
 35657	126	116	88	146	155	140	0	255
 35703	124	116	88	146	155	140	0	255
 35748	122	115	88	146	155	141	0	255
 35793	121	114	88	146	155	144	0	255
 35839	119	113	88	146	155	145	0	255
 35884	118	112	88	146	155	150	0	255
 35929	117	111	88	146	155	152	8	255
 35975	119	112	88	146	155	152	8	255
 36021	123	115	88	146	155	156	8	255
 36065	126	116	88	146	155	156	8	255
 36111	128	118	88	146	155	154	8	255
 36156	129	118	88	146	155	156	8	255
 36202	130	119	88	146	155	160	8	255
 36247	132	119	88	146	155	158	8	255
 36292	132	120	88	146	155	151	8	255
 36338	130	120	88	146	155	145	0	255
 36383	128	119	88	146	155	145	0	255
 36428	126	118	88	146	155	148	0	255
 36474	124	117	88	146	155	151	0	255
 36519	122	116	88	146	155	155	8	255
 36564	124	117	88	146	154	156	8	255
 36610	127	118	88	146	155	158	8	255
 36655	130	119	88	146	154	158	8	255
 36701	131	120	88	146	154	158	8	255
 36746	132	120	88	146	154	160	8	255
 36791	133	121	88	146	154	162	8	255
 36837	134	121	88	146	154	162	8	255
 36882	135	121	88	146	154	162	8	255
 36927	135	121	88	146	154	161	8	255
 36972	135	121	88	146	154	160	8	255
 37018	135	121	88	146	154	162	8	255
 37063	135	122	88	146	154	162	8	255
 37109	135	122	88	146	154	162	8	255
 37154	136	122	88	146	154	162	8	255
 37199	136	122	89	146	154	162	8	255
 37245	136	122	89	146	154	162	8	255
 37290	136	122	89	146	154	162	8	255
 37335	136	122	89	146	154	162	8	255
 37381	136	122	89	146	154	164	8	255
 37426	137	123	89	146	154	162	8	255
 37472	137	123	89	146	154	164	8	255
 37517	137	123	89	146	154	165	8	255
 37562	138	123	89	146	154	165	8	255
 37607	138	123	89	146	154	165	8	255
 37653	139	123	89	146	154	166	8	255
 37698	139	123	89	146	154	168	8	255
 37743	140	123	89	146	154	168	8	255
 37789	140	123	89	146	154	168	8	255
 37834	140	123	89	146	154	168	8	255
 37880	141	123	89	146	154	166	8	255
 37925	140	123	89	146	154	164	8	255
 37970	139	123	89	147	154	161	8	255
 38016	138	123	89	147	154	162	8	255
 38061	138	124	89	147	154	165	8	255
 38106	138	124	89	147	154	162	8	255
 38152	137	124	89	147	154	158	8	255
 38197	135	124	89	147	154	156	8	255
 38242	134	124	89	147	154	160	8	255
 38288	135	124	89	147	154	162	8	255
 38333	136	124	89	147	154	164	8	255
 38378	137	124	90	147	154	165	8	255
 38425	138	124	90	147	154	168	8	255
 38469	139	125	90	147	154	170	8	255
 38514	140	125	90	147	154	172	8	255
 38560	142	125	90	147	154	174	8	255
 38605	143	125	90	147	154	176	8	255
 38650	145	125	90	147	154	176	8	255
 38696	146	125	90	147	154	178	8	255
 38741	147	125	90	147	154	180	8	255
 38787	148	125	90	147	154	182	8	255
 38832	149	125	90	147	154	182	8	255
 38877	149	125	90	147	154	182	8	255
 38923	150	125	90	147	154	183	8	255
 38968	151	125	90	147	154	183	8	255
 39013	151	126	90	147	154	183	8	255
 39059	152	126	90	148	154	184	8	255
 39104	152	126	90	148	154	183	8	255
 39149	153	126	90	148	154	183	8	255
 39195	153	126	90	148	154	184	8	255
 39240	153	126	90	148	154	183	8	255
 39285	153	126	90	148	154	184	8	255
 39331	153	126	90	148	154	183	8	255
 39376	152	126	90	148	154	180	8	255
 39421	151	126	90	148	154	178	8	255
 39467	151	126	90	149	154	178	8	255
 39512	150	126	90	149	154	178	8	255
 39558	150	126	90	149	154	178	8	255
 39603	150	126	91	149	154	178	8	255
 39648	150	127	91	149	154	180	8	255
 39694	150	127	91	149	154	180	8	255
 39739	150	127	91	149	154	180	8	255
 39784	150	127	91	149	154	182	8	255
 39830	150	127	91	149	154	182	8	255
 39875	151	127	91	149	154	182	8	255
 39920	151	127	91	149	154	182	8	255
 39966	151	127	91	149	154	183	8	255
 40011	152	127	91	150	154	183	8	255
 40056	152	127	91	150	154	183	8	255
 40102	153	127	91	150	154	186	8	255
 40147	153	127	91	150	154	186	8	255
 40192	154	127	91	150	154	186	8	255
 40238	154	127	91	150	154	184	8	255
 40283	154	127	91	150	154	183	8	255
 40329	153	127	91	150	154	183	8	255
 40374	153	127	91	150	154	182	8	255
 40419	153	128	91	150	154	184	8	255
 40465	153	128	91	150	154	182	8	255
 40510	153	128	91	151	154	183	8	255
 40555	153	128	91	151	154	184	8	255
 40601	153	128	91	151	154	183	8	255
 40646	153	128	91	151	154	183	8	255
 40691	153	128	91	151	154	184	8	255
 40737	153	128	91	151	154	186	8	255
 40782	154	128	91	151	154	186	8	255
 40827	154	128	91	151	154	186	8	255
 40873	154	128	92	151	154	188	8	255
 40918	155	128	92	151	154	188	8	255
 40963	155	128	92	151	154	188	8	255
 41009	156	129	92	152	154	189	8	255
 41054	156	129	92	152	154	190	8	255
 41099	157	129	92	152	154	190	8	255
 41145	158	129	92	152	154	192	8	255
 41190	158	129	92	152	154	192	8	255
 41236	159	129	92	152	154	192	8	255
 41281	159	129	92	152	154	192	8	255
 41326	159	129	92	152	155	192	8	255
 41372	159	129	92	152	155	186	8	255
 41417	157	129	92	152	155	184	8	255
 41462	156	128	92	152	155	184	8	255
 41508	155	129	92	152	155	186	8	255
 41553	155	129	92	152	155	188	8	255
 41598	155	129	92	152	155	188	8	255
 41644	156	129	92	152	155	189	8	255
 41689	156	129	92	152	155	190	8	255
 41734	157	129	92	152	155	194	8	255
 41780	159	130	92	153	155	196	8	255
 41825	161	130	92	153	155	198	8	255
 41870	162	130	92	153	155	200	8	255
 41916	163	130	92	153	155	200	8	255
 41961	164	130	92	153	155	201	8	255
 42007	165	130	93	153	156	202	8	255
 42052	165	130	93	153	156	201	8	255
 42097	166	130	93	153	156	202	8	255
 42143	166	130	93	153	156	201	8	255
 42188	166	130	93	153	156	202	8	255
 42233	166	130	93	153	156	201	8	255
 42279	166	130	93	154	156	202	8	255
 42324	166	130	93	154	156	201	8	255
 42369	166	130	93	154	156	200	8	255
 42415	166	130	93	154	156	200	8	255
 42460	166	130	93	154	156	201	8	255
 42505	166	130	93	154	156	201	8	255
 42551	166	130	93	154	157	201	8	255
 42596	166	130	93	154	157	202	8	255
 42641	166	130	93	154	157	202	8	255
 42687	166	130	93	154	157	201	8	255
 42732	166	130	93	154	157	201	8	255
 42778	167	130	93	154	157	201	8	255
 42823	167	131	93	154	157	202	8	255
 42868	167	131	93	154	157	202	8	255
 42914	167	131	93	154	157	202	8	255
 42959	167	131	93	154	157	202	8	255
 43004	167	131	93	154	157	204	8	255
 43050	167	131	93	154	157	202	8	255
 43095	168	131	94	154	157	201	8	255
 43140	168	132	94	154	157	202	8	255
 43186	168	132	94	154	157	202	8	255
 43231	168	132	94	154	157	202	8	255
 43276	168	132	94	154	157	202	8	255
 43322	168	132	94	154	157	206	8	255
 43367	169	132	94	154	157	206	8	255
 43412	169	132	94	154	157	207	8	255
 43458	169	132	94	154	157	206	8	255
 43503	170	133	94	154	157	207	8	255
 43548	170	133	94	154	157	207	8	255
 43594	170	133	94	154	157	207	8	255
 43639	171	133	94	154	157	208	8	255
 43685	171	133	94	154	157	208	8	255
 43730	171	133	94	154	157	208	8	255
 43775	171	133	94	154	157	208	8	255
 43821	172	133	94	154	157	210	8	255
 43866	172	133	94	154	157	210	8	255
 43911	172	133	94	154	157	210	8	255
 43957	173	134	94	154	157	212	8	255
 44002	173	134	94	154	157	208	8	255
 44047	172	134	94	154	157	208	8	255
 44093	172	134	94	154	157	208	8	255
 44138	172	134	94	154	157	210	8	255
 44183	172	134	94	154	157	210	8	255
 44229	172	134	94	154	157	207	8	255
 44274	172	134	95	154	157	210	8	255
 44319	172	135	95	154	157	212	8	255
 44365	173	135	95	154	157	212	8	255
 44410	173	135	95	154	157	212	8	255
 44456	173	135	95	154	157	212	8	255
 44501	173	135	95	154	157	213	8	255
 44546	174	135	95	154	157	210	8	255
 44592	174	135	95	154	157	213	8	255
 44637	174	135	95	154	157	214	8	255
 44682	175	135	95	154	157	214	8	255
 44728	175	136	95	154	157	216	8	255
 44773	176	136	95	154	157	216	8	255
 44818	176	136	95	154	157	216	8	255
 44864	177	136	95	154	157	216	8	255
 44909	177	136	95	154	157	218	8	255
 44954	178	136	95	154	157	218	8	255
 45000	178	136	95	154	157	218	8	255
 45045	179	136	95	154	157	220	8	255
 45090	179	137	95	154	157	216	8	255
 45136	178	137	95	154	157	218	8	255
 45181	178	137	96	154	157	216	8	255
 45227	178	137	96	154	157	216	8	255
 45272	177	137	96	154	157	213	8	255
 45317	177	137	96	154	157	213	8	255
 45363	176	137	96	154	157	214	8	255
 45408	176	137	96	154	157	214	8	255
 45453	177	137	96	154	157	216	8	255
 45499	177	137	96	154	157	218	8	255
 45544	178	138	96	154	157	218	8	255
 45589	178	138	96	154	157	214	8	255
 45635	177	137	96	154	157	204	8	255
 45680	174	136	96	155	157	201	8	255
 45725	170	135	96	155	157	200	8	255
 45771	169	136	96	155	157	201	8	255
 45816	167	137	96	155	157	194	8	255
 45861	165	137	96	155	157	190	8	255
 45907	163	136	96	155	157	189	8	255
 45952	161	136	96	155	157	186	8	255
 45997	159	137	96	155	157	186	8	255
 46043	158	137	97	155	157	183	8	255
 46088	156	137	97	155	157	182	8	255
 46134	155	137	97	155	157	186	8	255
 46179	156	138	97	155	157	192	8	255
 46226	158	138	97	155	157	198	8	255
 46270	160	139	97	155	157	201	8	255
 46315	163	139	97	155	157	207	8	255
 46360	166	139	97	155	157	214	8	255
 46406	170	139	97	155	157	218	8	255
 46451	173	139	97	155	157	216	8	255
 46496	174	139	97	155	157	214	8	255
 46542	175	139	97	155	157	216	8	255
 46587	176	140	97	155	157	218	8	255
 46633	177	140	97	155	157	214	8	255
 46678	177	139	97	155	157	210	8	255
 46723	175	139	97	155	157	206	8	255
 46768	173	139	97	156	157	202	8	255
 46814	171	138	97	156	158	200	8	255
 46859	169	138	97	156	158	194	8	255
 46905	165	137	98	156	158	184	8	255
 46950	161	137	98	156	158	182	8	255
 46995	158	137	98	156	158	180	8	255
 47041	156	138	98	156	158	178	8	255
 47086	154	138	98	156	158	177	8	255
 47131	152	139	98	156	158	177	8	255
 47177	151	139	98	156	158	176	8	255
 47222	150	139	98	156	158	183	8	255
 47267	152	140	98	156	158	189	8	255
 47313	155	140	98	156	158	198	8	255
 47358	159	141	98	156	158	204	8	255
 47403	163	141	98	156	158	210	8	255
 47449	167	141	98	156	158	218	8	255
 47494	172	141	98	156	158	224	8	255
 47539	177	141	98	156	158	226	8	255
 47585	179	141	98	156	158	221	8	255
 47630	179	139	98	156	158	218	8	255
 47676	178	139	98	157	158	213	8	255
 47721	177	139	99	156	158	207	8	255
 47766	174	139	99	156	158	200	8	255
 47812	170	137	99	156	158	194	8	255
 47857	167	138	99	156	158	196	8	255
 47902	166	140	99	156	158	206	8	255
 47948	168	141	99	157	158	208	8	255
 47993	170	141	99	157	158	210	8	255
 48038	172	142	99	157	159	214	8	255
 48084	174	142	99	157	159	218	8	255
 48129	176	142	99	157	159	216	8	255
 48174	177	142	99	157	159	212	8	255
 48220	176	141	99	157	159	213	8	255
 48265	175	142	99	157	159	213	8	255
 48310	176	142	99	157	159	216	8	255
 48356	177	142	99	157	159	218	8	255
 48401	178	143	99	157	159	221	8	255
 48446	179	143	99	157	159	222	8	255
 48492	180	143	99	157	159	220	8	255
 48537	180	143	99	157	159	222	8	255
 48583	181	143	99	157	159	226	8	255
 48628	182	143	100	157	159	224	8	255
 48673	182	143	100	157	159	222	8	255
 48719	182	143	100	158	159	220	8	255
 48764	181	142	100	158	159	220	8	255
 48810	180	143	100	158	160	221	8	255
 48855	181	143	100	158	160	224	8	255
 48900	182	143	100	158	160	226	8	255
 48945	183	144	100	158	160	227	8	255
 48991	183	143	100	158	160	220	8	255
 49036	182	140	100	158	160	213	8	255
 49081	179	141	100	158	160	214	8	255
 49127	179	142	100	158	160	221	8	255
 49172	180	143	100	158	160	222	8	255
 49217	181	144	100	158	160	221	8	255
 49263	181	144	100	158	160	222	8	255
 49308	182	144	100	159	160	227	8	255
 49354	184	144	100	159	160	232	8	255
 49399	185	144	100	159	160	234	8	255
 49444	187	144	100	159	160	230	8	255
 49490	187	144	100	159	160	224	8	255
 49536	185	141	101	159	161	216	8	255
 49580	182	138	101	159	161	208	8	255
 49626	178	139	101	159	161	202	8	255
 49671	174	138	101	159	161	195	8	255
 49716	170	139	101	159	161	188	8	255
 49762	165	139	101	159	161	182	8	255
 49807	161	139	101	159	161	177	8	255
 49852	157	140	101	159	161	176	8	255
 49898	154	140	101	159	161	172	0	255
 49943	151	139	101	159	161	171	0	255
 49988	149	138	101	159	161	174	0	255
 50034	146	137	101	159	161	178	8	255
 50079	146	132	101	159	161	183	8	255
 50124	148	136	101	159	161	186	8	255
 50170	152	140	101	159	161	195	8	255
 50215	156	142	101	159	161	201	8	255
 50261	161	143	101	159	161	210	8	255
 50306	166	143	101	159	161	216	8	255
 50351	170	144	101	159	161	222	8	255
 50397	175	144	101	159	161	226	8	255
 50442	179	145	102	159	161	230	8	255
 50487	181	145	102	159	161	222	8	255
 50533	181	143	102	160	161	218	8	255
 50578	180	143	102	160	161	214	8	255
 50623	179	143	102	160	161	210	8	255
 50669	176	143	102	160	162	207	8	255
 50714	175	143	102	160	162	204	8	255
 50759	173	143	102	160	162	202	8	255
 50805	171	143	102	160	162	206	8	255
 50850	171	144	102	160	162	207	8	255
 50895	172	145	102	160	162	214	8	255
 50941	174	145	102	160	162	218	8	255
 50986	177	145	102	160	162	226	8	255
 51032	180	146	102	160	162	230	8	255
 51077	183	146	102	160	162	234	8	255
 51122	186	146	102	160	162	235	8	255
 51168	188	146	102	160	162	240	8	255
 51213	190	146	102	160	162	243	8	255
 51258	192	146	102	160	162	244	8	255
 51304	194	146	102	160	162	244	8	255
 51349	195	146	102	161	162	244	8	255
 51394	196	146	102	161	163	244	8	255
 51440	196	146	102	161	163	244	8	255
 51485	197	146	102	161	163	246	8	255
 51530	197	146	103	161	163	244	8	255
 51577	198	147	103	161	163	248	8	255
 51621	198	147	103	161	163	242	8	255
 51666	197	146	103	161	163	234	8	255
 51712	193	142	103	161	163	222	8	255
 51757	189	138	103	161	163	213	8	255
 51802	183	139	103	161	163	204	8	255
 51848	178	139	103	162	163	200	8	255
 51893	174	140	103	162	163	190	8	255
 51939	168	141	103	162	163	186	8	255
 51984	164	142	103	162	164	189	8	255
 52029	163	143	103	162	164	189	8	255
 52075	161	144	103	162	164	186	8	255
 52120	159	145	103	162	164	178	8	255
 52165	156	144	103	162	164	176	8	255
 52211	154	144	103	162	164	178	8	255
 52256	154	145	103	162	164	188	8	255
 52301	156	146	103	162	164	195	8	255
 52347	159	146	103	162	164	201	8	255
 52392	162	147	103	162	164	208	8	255
 52437	166	147	103	162	164	218	8	255
 52483	171	147	103	162	164	227	8	255
 52528	176	147	104	162	164	232	8	255
 52573	181	148	104	162	164	235	8	255
 52619	185	148	104	162	164	238	8	255
 52664	188	148	104	162	164	240	8	255
 52709	190	148	104	162	164	240	8	255
 52755	192	148	104	162	164	240	8	255
 52800	193	148	104	162	164	238	8	255
 52846	194	148	104	163	164	240	8	255
 52891	194	148	104	163	164	243	8	255
 52936	195	148	104	163	164	242	8	255
 52982	195	148	104	163	165	242	8	255
 53027	195	148	104	163	165	242	8	255
 53072	195	148	104	163	165	240	8	255
 53118	196	148	104	163	165	243	8	255
 53163	196	149	104	163	165	243	8	255
 53208	196	149	104	164	165	242	8	255
 53254	196	149	104	164	165	243	8	255
 53299	196	149	104	164	165	242	8	255
 53344	196	149	104	164	165	242	8	255
 53390	196	149	104	164	165	240	8	255
 53435	196	149	104	164	165	242	8	255
 53480	196	149	104	164	165	240	8	255
 53526	194	148	104	164	166	228	8	255
 53571	191	144	104	164	166	221	8	255
 53617	187	140	104	164	166	210	8	255
 53662	182	141	105	164	166	202	8	255
 53707	177	141	105	164	166	194	8	255
 53753	171	142	105	164	166	188	8	255
 53798	166	142	105	164	166	180	0	255
 53843	162	141	105	164	166	180	0	255
 53889	158	139	105	164	166	180	0	255
 53934	155	139	105	164	166	188	0	255
 53979	152	138	105	164	166	196	0	255
 54025	149	137	105	164	166	201	0	255
 54070	147	136	105	164	166	208	0	255
 54115	145	149	105	164	166	220	0	255
 54161	143	167	105	164	166	222	0	255
 54206	141	175	105	164	166	232	0	255
 54251	151	181	105	164	166	244	0	255
 54297	166	184	105	164	166	248	0	255
 54342	175	185	105	164	166	246	0	255
 54387	178	186	105	164	166	251	0	255
 54433	179	186	105	165	166	236	0	255
 54478	178	186	105	165	167	230	0	255
 54524	177	185	105	165	167	234	0	255
 54569	177	184	105	165	167	236	0	255
 54614	176	183	105	165	167	243	0	255
 54660	175	181	105	165	167	246	0	255
 54705	175	176	105	165	167	254	0	255
 54750	174	170	105	165	167	254	0	255
 54796	174	163	105	165	167	254	0	255
 54841	174	157	105	165	167	254	0	255
 54886	174	150	105	165	167	254	0	255
 54932	174	145	104	165	167	254	0	255
 54977	172	140	104	165	167	254	0	255
 55023	170	135	104	165	167	254	0	255
 55068	168	130	104	165	167	254	0	255
 55113	165	135	104	165	167	254	0	255
 55158	161	139	104	165	167	246	0	255
 55204	158	139	104	165	167	234	0	255
 55249	155	142	104	165	167	227	0	255
 55295	152	144	104	165	167	220	0	255
 55340	149	144	104	165	167	214	0	255
 55385	146	144	103	165	167	208	0	255
 55431	143	143	103	165	167	202	0	255
 55476	140	142	103	165	167	204	0	255
 55521	138	141	103	165	167	220	0	255
 55567	135	139	103	165	167	238	0	255
 55612	133	153	103	165	167	246	0	255
 55657	130	161	103	165	167	252	0	255
 55703	128	159	103	165	167	254	0	255
 55748	126	155	103	165	167	254	0	255
 55793	124	150	103	164	167	254	0	255
 55839	122	144	103	165	167	254	0	255
 55884	120	139	103	165	167	254	0	255
 55929	118	134	103	165	167	254	0	255
 55975	117	129	103	165	167	254	0	255
 56021	115	125	103	164	167	254	0	255
 56066	113	121	103	164	167	254	0	255
 56111	112	118	103	164	167	254	0	255
 56156	110	118	103	164	167	254	0	255
 56202	109	117	103	164	167	254	0	255
 56247	108	116	103	164	167	254	0	255
 56292	106	115	103	164	167	254	0	255
 56338	105	114	103	164	167	254	0	255
 56383	104	114	103	164	167	254	0	255
 56428	103	114	103	164	167	254	0	255
 56474	102	114	103	164	167	254	0	255
 56519	101	114	103	164	167	254	0	255
 56564	100	119	103	164	167	254	0	255
 56610	99	128	103	164	167	254	0	255
 56655	98	131	103	164	167	254	0	255
 56700	97	131	102	164	167	254	0	255
 56746	96	130	102	164	167	254	0	255
 56791	95	129	102	164	167	254	0	255
 56837	94	128	102	164	167	254	0	255
 56882	94	127	102	164	167	254	0	255
 56927	93	125	102	164	167	254	0	255
 56973	92	123	102	164	167	244	0	255
 57018	92	121	102	164	167	238	0	255
 57063	91	120	102	164	167	244	0	255
 57109	90	119	102	164	167	254	0	255
 57154	90	118	102	164	167	254	0	255
 57199	89	117	102	164	167	254	0	255
 57245	89	116	102	164	167	254	0	255
 57290	88	115	102	164	167	254	0	255
 57335	88	113	102	164	167	254	0	255
 57381	87	112	102	164	167	254	0	255
 57426	87	111	102	164	167	254	0	255
 57471	87	109	102	164	167	254	0	255
 57517	86	108	102	164	167	254	0	255
 57562	86	107	102	164	167	254	0	255
 57608	85	106	102	164	167	254	0	255
 57653	85	104	102	164	167	254	0	255
 57698	85	103	102	164	167	242	0	255
 57744	84	102	102	164	167	230	0	255
 57789	84	102	102	164	167	226	0	255
 57834	83	102	102	164	167	218	0	255
 57880	83	106	102	164	167	212	0	255
 57925	83	117	102	164	167	206	0	255
 57970	82	127	102	164	167	201	0	255
 58016	82	133	102	164	167	195	0	255
 58061	82	136	102	164	167	192	0	255
 58106	82	137	101	164	167	186	0	255
 58152	81	138	101	164	167	182	0	255
 58197	81	140	101	164	167	177	0	255
 58242	81	143	101	164	167	171	0	255
 58288	81	146	101	164	167	172	0	255
 58333	81	146	101	164	167	178	0	255
 58378	80	145	101	164	167	180	0	255
 58424	80	144	100	164	167	189	0	255
 58469	81	141	100	164	166	201	0	255
 58515	81	140	100	164	167	216	0	255
 58560	80	146	100	164	167	224	0	255
 58605	80	159	100	164	167	232	0	255
 58651	81	169	100	164	167	235	0	255
 58696	81	175	100	164	166	240	0	255
 58741	81	178	100	164	167	242	0	255
 58787	81	179	100	164	166	244	0	255
 58832	81	179	100	164	166	248	0	255
 58877	81	179	100	164	167	248	0	255
 58923	82	178	100	164	167	251	0	255
 58968	82	179	100	164	167	251	0	255
 59013	83	178	100	164	167	254	0	255
 59059	83	178	100	164	167	254	0	255
 59104	83	178	100	164	166	254	0	255
 59151	84	178	100	164	166	252	0	255
 59195	84	178	100	164	166	251	0	255
 59240	85	178	100	164	166	251	0	255
 59286	85	177	100	164	166	254	0	255
 59331	86	172	100	164	166	252	0	255
 59376	86	165	100	164	166	254	0	255
 59422	87	159	100	164	166	254	0	255
 59467	87	152	100	164	166	254	0	255
 59512	87	146	100	164	166	254	0	255
 59558	88	141	100	164	166	244	0	255
 59603	88	135	100	164	166	242	0	255
 59648	88	131	100	164	166	244	0	255
 59694	88	126	100	164	166	242	0	255
 59739	88	122	100	164	166	238	0	255
 59784	88	118	100	164	166	240	0	255
 59830	88	114	100	164	166	243	0	255
 59875	88	111	100	164	166	240	0	255
 59920	88	108	100	164	166	243	0	255
 59966	88	105	100	164	166	242	0	255
 60011	88	102	100	164	166	238	0	255
 60057	87	100	100	164	166	240	0	255
 60102	87	98	100	164	166	243	0	255
 60147	87	96	100	164	166	242	0	255
 60193	87	94	99	164	166	242	0	255
 60238	87	93	99	164	166	243	0	255
 60283	86	91	99	164	166	243	0	255
 60329	86	90	99	164	166	243	0	255
 60374	86	89	99	164	166	244	0	255
 60419	85	88	99	164	166	244	0	255
 60465	85	88	99	164	166	244	0	255
 60510	85	87	99	164	166	242	0	255
 60555	84	86	99	164	166	244	0	255
 60601	84	85	99	164	166	240	0	255
 60647	84	85	99	164	166	244	0	255
 60691	84	84	99	164	166	243	0	255
 60737	83	83	99	164	166	244	0	255
 60782	83	82	99	164	166	246	0	255
 60828	83	82	99	164	166	246	0	255
 60873	82	81	99	164	166	250	0	255
 60918	82	81	99	164	166	250	0	255
 60964	82	82	99	164	166	250	0	255
 61009	81	85	99	164	166	252	0	255
 61054	81	89	99	164	166	254	0	255
 61100	81	91	99	164	166	254	0	255
 61145	81	94	99	164	166	254	0	255
 61190	80	96	99	164	166	254	0	255
 61236	80	98	99	164	166	254	0	255
 61281	80	99	99	164	166	254	0	255
 61326	80	99	99	164	166	254	0	255
 61372	79	100	99	164	166	254	0	255
 61417	79	104	99	164	166	254	0	255
 61462	79	108	99	164	166	254	0	255
 61508	79	108	99	164	166	254	0	255
 61553	79	109	99	164	166	254	0	255
 61598	78	109	99	164	166	254	0	255
 61644	78	108	99	164	166	254	0	255
 61689	78	115	99	164	166	254	0	255
 61735	78	117	99	164	166	254	0	255
 61780	78	118	99	164	166	254	0	255
 61825	78	118	99	164	166	254	0	255
 61871	78	117	99	164	166	254	0	255
 61916	78	116	99	164	166	254	0	255
 61961	77	115	99	164	166	254	0	255
 62007	77	114	99	164	166	254	0	255
 62052	77	112	99	164	166	254	0	255
 62097	77	111	99	164	166	254	0	255
 62143	77	110	99	164	166	252	0	255
 62188	77	109	99	164	166	242	0	255
 62233	77	108	99	164	166	235	0	255
 62279	77	107	99	164	166	227	0	255
 62324	77	110	99	164	166	221	0	255
 62370	77	116	99	164	166	212	0	255
 62415	77	124	99	164	166	202	0	255
 62460	77	130	99	164	166	196	0	255
 62506	77	132	98	164	166	196	0	255
 62551	77	133	98	164	166	202	0	255
 62596	77	131	98	164	166	212	0	255
 62642	77	129	98	164	166	221	0	255
 62687	77	127	98	164	166	226	0	255
 62732	77	124	98	164	166	230	0	255
 62778	77	120	98	164	166	235	0	255
 62823	77	117	98	164	166	240	0	255
 62868	77	114	98	164	166	236	0	255
 62914	77	111	98	164	166	236	0	255
 62959	77	108	98	164	166	235	0	255
 63004	77	106	98	164	166	236	0	255
 63050	77	120	98	164	166	238	0	255
 63095	77	148	98	164	166	232	0	255
 63140	77	161	98	164	166	230	0	255
 63186	77	167	98	164	166	228	0	255
 63231	77	164	98	164	166	230	0	255
 63277	78	160	98	164	166	228	0	255
 63322	78	153	98	164	166	224	0	255
 63367	78	147	98	164	166	220	0	255
 63413	78	137	98	164	166	212	0	255
 63458	78	131	98	164	166	204	0	255
 63503	78	127	98	164	166	198	0	255
 63549	78	125	98	164	166	192	0	255
 63594	78	132	98	164	166	189	0	255
 63639	78	139	98	164	166	183	0	255
 63685	78	143	98	164	166	182	0	255
 63730	79	131	98	164	166	177	8	255
 63775	79	112	98	164	166	172	8	255
 63821	79	104	98	164	166	170	0	255
 63866	79	100	97	164	166	166	0	255
 63911	79	97	97	164	166	164	0	255
 63957	79	96	97	164	166	158	8	255
 64002	79	95	97	164	166	161	8	255
 64048	90	106	97	164	166	176	0	255
 64093	109	115	97	164	166	177	8	255
 64138	122	123	97	163	166	172	0	255
 64184	129	127	97	163	166	166	0	255
 64229	133	128	97	163	166	170	0	255
 64274	135	128	97	163	166	170	0	255
 64320	135	127	97	163	166	171	0	255
 64365	135	126	97	163	166	171	0	255
 64410	134	125	97	163	166	171	0	255
 64456	133	124	97	163	166	171	0	255
 64501	132	122	97	163	166	170	0	255
 64546	130	121	97	163	166	168	0	255
 64592	129	119	97	163	166	166	0	255
 64637	127	118	97	163	166	165	0	255
 64682	126	117	97	163	166	166	0	255
 64728	124	115	97	163	166	164	0	255
 64773	123	114	97	163	166	164	0	255
 64819	121	113	97	163	166	164	0	255
 64864	120	112	97	163	166	162	0	255
 64909	118	111	97	163	166	164	0	255
 64955	117	110	97	163	166	164	0	255
 65000	115	109	97	163	166	164	0	255
 65045	114	109	97	163	166	164	0	255
 65091	113	109	97	163	166	165	0	255
 65136	112	109	97	163	166	165	0	255
 65181	110	109	97	163	166	166	0	255
 65227	109	108	97	163	166	168	0	255
 65272	108	108	97	163	166	170	0	255
 65317	107	107	97	163	166	168	0	255
 65363	106	107	97	163	166	166	0	255
 65408	105	105	97	163	166	166	0	255
 65453	104	104	97	163	166	166	0	255
 65499	103	102	97	163	166	166	0	255
 65544	102	101	97	163	166	164	0	255
 65589	101	101	97	163	166	165	0	255
 65635	100	100	97	163	166	165	0	255
 65680	99	99	97	163	166	162	0	255
 65726	98	98	97	163	166	161	0	255
 65771	98	97	97	163	166	161	8	255
 65816	105	98	97	163	166	170	8	255
 65862	119	107	97	163	166	176	0	255
 65907	127	109	97	163	166	172	0	255
 65952	131	110	97	163	166	171	0	255
 65998	133	110	97	163	166	171	0	255
 66043	133	109	97	163	166	172	0	255
 66088	133	109	97	163	166	170	0	255
 66134	132	109	97	163	166	170	0	255
 66179	131	108	97	163	166	170	0	255
 66224	130	107	97	163	166	170	0	255
 66270	128	107	97	163	166	168	0	255
 66315	127	106	97	163	166	170	0	255
 66360	125	105	97	163	166	170	0	255
 66406	124	105	97	163	166	170	0	255
 66451	122	104	97	163	166	171	0	255
 66497	121	104	97	163	166	171	0	255
 66542	119	103	97	163	166	171	0	255
 66587	118	103	97	163	166	171	0	255
 66633	116	102	97	163	166	170	0	255
 66678	115	101	97	163	166	170	0	255
 66723	113	100	97	163	166	170	0	255
 66769	112	100	97	163	166	171	0	255
 66814	111	99	97	163	166	168	0	255
 66859	110	98	97	163	166	170	0	255
 66905	108	98	97	163	166	170	0	255
 66950	107	98	97	163	166	171	0	255
 66995	106	97	97	163	166	170	0	255
 67041	105	96	97	163	166	171	0	255
 67086	104	95	97	163	166	168	0	255
 67131	103	94	97	163	166	166	0	255
 67177	102	93	97	163	166	166	0	255
 67222	101	93	97	163	166	164	0	255
 67268	100	92	97	163	166	162	0	255
 67313	99	92	97	163	166	164	0	255
 67358	98	91	97	163	166	161	0	255
 67404	98	91	97	163	166	162	8	255
 67449	108	96	97	163	166	172	0	255
 67494	121	109	97	163	166	177	8	255
 67540	131	119	97	163	166	176	8	255
 67585	137	126	97	163	166	170	0	255
 67630	138	129	97	163	166	168	0	255
 67676	138	129	97	163	166	166	0	255
 67721	138	129	97	163	166	165	0	255
 67766	137	128	97	162	166	165	0	255
 67812	136	127	97	163	166	164	0	255
 67857	134	126	98	162	166	161	0	255
 67902	133	125	98	162	166	161	0	255
 67948	131	124	98	162	166	161	0	255
 67993	130	124	98	163	166	164	0	255
 68039	128	123	98	163	166	162	0	255
 68084	127	122	98	162	166	161	0	255
 68129	125	121	98	163	166	161	0	255
 68175	124	120	98	162	166	161	0	255
 68220	122	119	98	163	166	162	0	255
 68265	121	119	98	163	166	161	0	255
 68311	119	118	98	162	166	160	0	255
 68356	118	117	98	163	166	162	0	255
 68401	117	116	98	162	166	162	0	255
 68447	115	116	98	163	166	164	0	255
 68492	114	115	98	162	166	162	0	255
 68537	113	114	98	162	166	162	0	255
 68583	111	113	98	163	166	162	0	255
 68628	110	112	98	163	165	164	0	255
 68673	109	111	98	162	166	162	0	255
 68719	108	110	98	162	166	162	0	255
 68764	107	109	98	162	165	161	0	255
 68810	106	108	98	162	165	161	0	255
 68855	105	107	98	162	166	161	0	255
 68900	107	102	98	162	165	165	8	255
 68946	118	110	98	162	165	172	8	255
 68991	128	119	98	162	165	174	8	255
 69037	135	126	98	162	165	170	8	255
 69082	138	129	98	162	165	160	0	255
 69127	139	129	98	162	165	156	8	255
 69172	137	130	98	162	165	158	8	255
 69218	136	132	98	162	165	156	8	255
 69263	136	134	98	162	165	154	8	255
 69308	134	135	98	162	165	144	8	255
 69354	130	134	98	162	165	137	8	255
 69399	125	134	98	162	165	134	8	255
 69444	122	135	98	162	165	137	8	255
 69490	122	136	98	162	165	138	8	255
 69535	122	137	98	162	165	141	8	255
 69580	122	137	98	162	165	142	8	255
 69626	123	138	98	162	165	144	8	255
 69671	123	138	98	161	165	144	8	255
 69717	123	138	98	161	165	141	8	255
 69762	123	138	98	161	165	141	8	255
 69807	123	138	98	161	165	141	8	255
 69853	123	138	98	161	165	141	8	255
 69898	123	139	99	161	165	144	8	255
 69943	124	139	99	161	165	144	8	255
 69989	124	139	99	161	165	142	8	255
 70034	124	139	99	161	165	144	8	255
 70079	124	139	99	161	165	142	8	255
 70125	124	139	99	161	165	144	8	255
 70170	124	139	99	161	165	142	8	255
 70215	124	139	99	160	165	142	8	255
 70261	124	139	99	160	165	144	8	255
 70306	124	139	99	160	165	142	8	255
 70351	124	140	99	160	165	141	8	255
 70397	124	140	99	160	165	142	8	255
 70442	124	140	99	160	165	141	8	255
 70488	124	140	99	160	165	144	8	255
 70533	124	140	99	160	165	144	8	255
 70578	124	140	99	160	165	144	8	255
 70624	124	140	99	160	165	144	8	255
 70669	124	140	99	160	165	141	8	255
 70714	124	140	100	160	165	142	8	255
 70760	124	140	100	160	165	144	8	255
 70805	124	140	100	159	165	144	8	255
 70850	124	141	100	159	165	142	8	255
 70896	124	141	100	159	165	142	8	255
 70941	124	141	100	159	165	142	8	255
 70986	124	141	100	159	165	144	8	255
 71032	124	141	100	159	165	144	8	255
 71077	124	141	100	159	165	144	8	255
 71122	124	141	100	159	165	144	8	255
 71168	124	141	100	159	165	142	8	255
 71213	124	141	100	159	165	144	8	255
 71258	124	141	100	159	165	144	8	255
 71304	124	141	100	159	165	141	8	255
 71349	124	141	100	159	165	142	8	255
 71395	124	141	100	158	165	141	8	255
 71440	123	141	100	158	165	140	8	255
 71485	123	141	100	158	165	141	8	255
 71531	123	141	100	158	165	141	8	255
 71577	123	141	100	158	165	141	8	255
 71621	123	141	101	158	165	140	8	255
 71667	122	141	101	158	165	140	8	255
 71712	122	141	101	158	165	141	8	255
 71757	122	141	101	158	165	140	8	255
 71803	122	141	101	158	165	141	8	255
 71848	122	141	101	158	165	140	8	255
 71893	122	141	101	158	165	140	8	255
 71939	121	141	101	158	165	138	8	255
 71984	121	142	101	158	165	140	8	255
 72029	121	142	101	158	165	138	8	255
 72075	121	142	101	158	165	140	8	255
 72120	121	142	101	157	165	138	8	255
 72165	121	142	101	157	165	138	8	255
 72211	121	142	101	157	165	138	8	255
 72256	121	142	101	157	165	137	8	255
 72302	120	142	101	157	165	137	8	255
 72347	120	142	101	157	165	138	8	255
 72392	120	142	101	157	165	137	8	255
 72438	120	142	101	157	165	138	8	255
 72483	120	142	101	157	165	137	8	255
 72528	119	142	101	157	165	136	8	255
 72574	119	142	101	157	165	136	8	255
 72619	119	142	101	157	165	136	8	255
 72664	118	142	101	157	165	136	8	255
 72710	118	142	101	157	165	134	8	255
 72755	118	142	101	156	165	134	8	255
 72800	118	142	102	156	165	134	8	255
 72846	117	142	102	156	165	132	8	255
 72891	117	142	102	156	165	132	8	255
 72936	117	142	102	156	165	132	8	255
 72985	117	142	102	156	165	132	8	255
 73027	117	142	102	156	165	132	8	255
 73072	117	142	102	156	165	131	8	255
 73118	116	142	102	156	165	132	8	255
 73163	116	142	102	156	165	131	8	255
 73209	116	142	102	156	165	132	8	255
 73254	116	142	102	156	165	132	8	255
 73345	115	141	102	155	165	131	8	255
 73390	115	141	102	155	165	131	8	255
 73481	115	141	102	155	165	130	8	255
 73526	115	141	102	155	165	130	8	255
 73571	115	141	102	155	165	130	8	255
 73617	114	141	102	155	165	130	8	255
 73662	114	141	102	155	165	128	8	255
 73711	114	141	102	155	165	130	8	255
 73753	114	141	102	155	165	130	8	255
 73798	114	141	102	155	165	130	8	255
 73843	114	141	102	155	165	130	8	255
 73889	114	141	102	154	165	130	8	255
 73934	114	141	102	154	165	128	8	255
 73979	114	141	102	154	165	128	8	255
 74025	114	141	102	154	165	131	8	255
 74070	114	141	102	154	165	130	8	255
 74115	114	141	102	154	165	128	8	255
 74161	114	141	102	154	165	130	8	255
 74206	114	141	102	154	165	131	8	255
 74252	114	141	102	154	165	130	8	255
 74297	114	141	102	154	165	130	8	255
 74342	114	141	102	154	165	130	8	255
 74388	114	141	102	154	165	130	8	255
 74433	114	141	103	154	165	130	8	255
 74478	114	141	103	153	165	130	8	255
 74524	114	141	103	153	165	130	8	255
 74569	114	141	103	153	165	130	8	255
 74614	114	140	103	153	165	130	8	255
 74660	114	140	103	153	165	131	8	255
 74705	114	140	103	153	165	131	8	255
 74750	114	140	103	153	165	130	8	255
 74796	114	140	103	153	165	128	8	255
 74841	114	140	103	153	165	128	8	255
 74886	114	140	103	153	165	130	8	255
 74932	114	140	103	153	165	130	8	255
 74977	114	140	103	153	165	131	8	255
 75022	114	140	103	153	165	131	8	255
 75068	114	140	103	152	165	130	8	255
 75113	114	140	103	152	165	130	8	255
 75159	114	140	103	152	164	128	8	255
 75204	114	140	103	152	165	130	8	255
 75249	114	140	103	152	165	130	8	255
 75295	113	140	103	152	164	130	8	255
 75340	113	140	103	152	164	130	8	255
 75385	113	140	103	152	164	130	8	255
 75431	113	139	103	152	164	130	8	255
 75476	113	139	103	152	164	128	8	255
 75521	113	139	103	152	164	128	8	255
 75567	113	139	103	152	164	128	8	255
 75612	113	139	103	152	164	128	8	255
 75657	113	139	103	151	164	130	8	255
 75703	113	139	103	151	164	128	8	255
 75748	113	139	103	151	164	127	8	255
 75793	113	139	103	151	164	127	8	255
 75839	113	139	103	151	164	128	0	255
 75884	112	138	103	151	164	127	0	255
 75929	112	136	103	151	164	126	0	255
 75975	111	135	103	151	164	120	0	255
 76020	110	133	103	151	164	118	0	255
 76066	109	132	103	151	164	116	0	255
 76111	108	130	103	151	164	113	0	255
 76156	107	129	103	151	164	112	0	255
 76202	107	127	103	151	164	108	0	255
 76247	106	126	102	151	164	106	0	255
 76293	105	124	102	151	164	104	0	255
 76383	103	121	102	151	164	101	0	255
 76428	102	119	102	151	164	98	0	255
 76474	101	117	102	151	164	97	0	255
 76519	100	115	102	151	164	96	0	255
 76564	99	114	102	151	164	94	0	255
 76610	99	112	102	151	164	90	0	255
 76655	98	110	102	151	164	89	0	255
 76700	97	109	102	151	164	88	0	255
 76746	96	107	102	151	164	88	0	255
 76791	96	105	102	151	164	85	0	255
 76836	95	104	102	151	164	84	0	255
 76882	94	102	102	151	164	84	0	255
 76927	94	101	102	151	164	83	0	255
 76972	93	100	102	151	164	80	0	255
 77018	92	99	102	151	164	80	0	255
 77063	92	98	102	151	164	78	0	255
 77113	91	97	102	151	164	78	0	255
 77154	90	96	102	151	164	75	0	255
 77199	90	95	102	151	164	75	0	255
 77245	89	94	102	151	164	75	0	255
 77290	89	93	102	151	164	72	0	255
 77335	88	92	102	151	164	71	0	255
 77381	88	92	102	151	164	71	0	255
 77426	87	91	102	151	164	71	0	255
 77471	87	90	102	151	164	70	0	255
 77517	86	90	102	151	164	67	0	255
 77562	86	89	102	151	164	67	0	255
 77607	85	89	101	151	164	67	0	255
 77653	85	88	101	151	164	65	0	255
 77698	85	88	101	151	164	65	0	255
 77743	84	87	101	151	164	64	0	255
 77789	84	87	101	151	164	64	0	255
 77834	83	86	101	151	164	64	0	255
 77879	83	86	101	151	164	62	0	255
 77925	83	85	101	151	164	64	0	255
 77970	82	85	101	151	164	61	0	255
 78016	82	84	101	151	164	60	0	255
 78061	81	84	101	151	164	61	0	255
 78106	81	83	101	151	164	61	0	255
 78152	81	83	101	151	164	61	0	255
 78197	80	83	101	151	164	58	0	255
 78242	80	82	101	151	164	58	0	255
 78288	80	82	101	151	164	58	0	255
 78333	79	81	101	151	164	58	0	255
 78379	79	81	101	151	164	58	0	255
 78424	79	81	101	151	164	57	0	255
 78469	79	80	101	151	164	56	0	255
 78514	78	80	101	151	164	56	0	255
 78560	78	80	101	151	164	56	0	255
 78605	78	79	101	151	164	54	0	255
 78650	78	79	101	150	164	54	0	255
 78696	77	79	101	151	164	54	0	255
 78741	77	78	101	151	164	53	0	255
 78786	77	78	101	151	164	53	0	255
 78832	77	78	101	150	164	53	0	255
 78877	76	78	101	150	164	53	0	255
 78923	76	77	100	151	164	52	0	255
 78968	76	77	101	150	164	53	0	255
 79013	76	77	100	151	164	52	0	255
 79062	75	76	100	150	164	51	0	255
 79104	75	76	100	150	164	51	0	255
 79149	75	76	100	150	164	51	0	255
 79195	75	76	100	150	164	51	0	255
 79240	75	76	100	150	164	51	0	255
 79285	74	75	100	150	164	52	0	255
 79331	74	75	100	150	164	51	0	255
 79376	74	75	100	150	164	50	0	255
 79421	74	75	100	150	164	51	0	255
 79467	74	74	100	150	164	50	0	255
 79512	74	74	100	150	164	48	0	255
 79557	73	74	100	150	164	50	0	255
 79603	73	74	100	150	164	48	0	255
 79648	73	74	100	150	164	48	0	255
 79694	73	73	100	150	164	50	0	255
 79739	73	73	100	150	164	47	0	255
 79784	73	73	100	150	164	47	0	255
 79830	72	73	100	150	164	48	0	255
 79875	72	73	100	150	164	47	0	255
 79921	72	72	100	150	164	47	0	255
 79966	72	72	100	150	164	47	0	255
 80011	72	72	100	150	164	47	0	255
 80056	72	72	100	150	164	47	0	255
 80102	72	72	100	150	164	46	0	255
 80147	72	72	100	150	164	46	0	255
 80192	71	71	100	150	164	46	0	255
 80238	71	71	100	150	164	46	0	255
 80283	71	71	100	150	164	47	0	255
 80328	71	71	100	150	164	46	0	255
 80374	71	71	100	150	164	45	0	255
 80419	71	71	100	150	164	45	0	255
 80465	71	71	100	150	164	45	0	255
 80510	71	70	100	150	164	45	0	255
 80559	70	70	100	150	164	46	0	255
 80600	70	70	100	150	164	45	0	255
 80646	70	70	100	150	164	45	0	255
 80691	70	70	99	150	164	45	0	255
 80737	70	70	99	150	164	44	0	255
 80782	70	70	99	150	164	45	0	255
 80827	70	70	99	150	164	45	0	255
 80873	70	69	99	150	164	44	0	255
 80918	70	69	99	150	163	44	0	255
 80963	70	69	99	150	164	44	0	255
 81009	69	69	99	150	164	44	0	255
 81054	69	69	99	150	163	45	0	255
 81099	69	69	99	150	164	44	0	255
 81145	69	69	99	150	163	44	0	255
 81190	69	69	99	150	163	42	0	255
 81235	69	69	99	150	163	42	0	255
 81281	69	69	99	150	163	44	0	255
 81326	69	68	99	150	163	44	0	255
 81371	69	68	99	150	163	42	0	255
 81417	69	68	99	150	163	42	0	255
 81462	69	68	99	150	163	42	0	255
 81507	69	68	99	150	163	42	0	255
 81553	68	68	99	150	163	42	0	255
 81598	68	68	99	150	163	42	0	255
 81644	68	68	99	150	163	42	0	255
 81689	68	68	99	150	163	42	0	255
 81734	68	68	99	150	163	42	0	255
 81780	68	68	99	150	163	42	0	255
 81825	68	68	99	150	163	42	0	255
 81870	68	67	99	150	163	41	0	255
 81916	68	67	99	150	163	42	0	255
 81961	68	67	99	150	163	41	0	255
 82006	68	67	99	150	163	42	0	255
 82052	68	67	99	150	163	40	0	255
 82097	68	67	99	150	163	41	0	255
 82142	68	67	99	150	163	41	0	255
 82188	68	67	99	150	163	41	0	255
 82233	67	67	99	150	163	41	0	255
 82278	67	67	99	150	163	40	0	255
 82324	67	67	99	150	163	41	0	255
 82370	67	67	99	150	163	40	0	255
 82414	67	67	99	150	163	41	0	255
 82460	67	66	99	150	163	41	0	255
 82505	67	66	99	150	163	40	0	255
 82551	67	66	99	150	163	40	0	255
 82596	67	66	99	150	163	40	0	255
 82641	67	66	99	150	163	40	0	255
 82687	67	66	99	150	163	40	0	255
 82732	67	66	98	150	163	40	0	255
 82777	67	66	98	150	163	40	0	255
 82823	67	66	98	150	163	40	0	255
 82868	67	66	98	150	163	40	0	255
 82913	67	66	98	150	163	40	0	255
 82959	67	66	98	150	163	38	0	255
 83004	67	66	98	150	163	40	0	255
 83049	67	66	98	150	163	40	0	255
 83095	67	66	98	150	163	40	0	255
 83140	67	66	98	150	163	38	0	255
 83185	67	66	98	150	163	38	0	255
 83231	66	66	98	150	163	38	0	255
 83276	66	66	98	150	163	38	0	255
 83321	66	66	98	150	163	38	0	255
 83367	66	65	98	150	163	38	0	255
 83412	66	65	98	150	163	38	0	255
 83458	66	65	98	150	163	38	0	255
 83503	66	65	98	150	163	38	0	255
 83548	66	65	98	150	163	37	0	255
 83594	66	65	98	150	163	38	0	255
 83639	66	65	98	150	163	37	0	255
 83684	66	65	98	150	163	37	0	255
 83730	66	65	98	150	163	38	0	255
 83775	66	65	98	150	163	38	0	255
 83820	66	65	98	150	163	37	0	255
 83866	66	65	98	150	163	37	0	255
 83911	66	65	98	150	163	36	0	255
 83956	66	65	98	150	163	37	0	255
 84002	66	65	98	150	163	37	0	255
 84047	66	65	98	150	163	37	0	255
 84092	66	65	98	150	163	36	0	255
 84138	66	65	98	150	163	37	0	255
 84183	66	65	98	150	163	37	0	255
 84228	66	65	98	150	163	37	0	255
 84274	66	65	98	150	163	37	0	255
 84319	66	65	98	150	163	37	0	255
 84365	66	65	98	150	163	37	0	255
 84410	66	65	98	150	163	37	0	255
 84455	66	65	98	150	163	36	0	255
 84501	66	65	98	150	163	36	0	255
 84546	66	65	98	150	163	37	0	255
 84591	66	65	98	150	163	36	0	255
 84637	65	65	98	150	163	36	0	255
 84682	65	64	98	150	163	36	0	255
 84727	65	64	98	150	163	36	0	255
 84773	65	64	98	150	163	37	0	255
 84818	65	64	98	150	163	37	0	255
 84863	65	64	98	150	163	37	0	255
 84909	65	64	98	150	163	36	0	255
 84954	65	64	98	150	163	36	0	255
 84999	65	64	98	150	163	36	0	255
 85045	65	64	98	150	163	36	0	255
 85090	65	64	97	150	163	37	0	255
 85135	65	64	97	150	163	36	0	255
 85181	65	64	97	150	163	36	0	255
 85226	65	64	97	150	163	36	0	255
 85272	65	64	97	150	163	36	0	255
 85317	65	64	97	150	163	36	0	255
 85362	65	64	97	150	163	36	0	255
 85408	65	64	97	150	163	36	0	255
 85453	65	64	97	150	163	36	0	255
 85498	65	64	97	150	163	36	0	255
 85544	65	64	97	150	163	36	0	255
 85589	65	64	97	150	163	37	0	255
 85634	65	64	97	150	163	36	0	255
 85680	65	64	97	150	163	37	0	255
 85725	65	64	97	150	163	36	0	255
 85770	65	64	97	150	163	36	0	255
 85816	65	64	97	150	163	36	0	255
 85861	65	64	97	150	163	37	0	255
 85906	65	64	97	150	163	36	0	255
 85952	65	64	97	150	163	36	0	255
 85997	65	64	97	150	163	36	0	255
 86042	65	64	97	150	163	36	0	255
 86088	65	64	97	150	163	36	0	255
 86133	65	64	97	150	163	36	0	255
 86179	65	64	97	150	162	36	0	255
 86225	65	64	97	150	163	36	0	255
 86269	65	64	97	150	163	35	0	255
 86315	65	64	97	150	163	36	0	255
 86360	65	64	97	150	162	36	0	255
