HomeCentral
 Falkenstrasse 20
 8630 Rueti
 Datum: 14.01.14 00:00
 
 Startzeit: 2014-01-14 00:00:11 +0100
 57	33	33	53	100	104	10	0	255
 102	33	33	53	100	104	10	0	255
 148	33	33	53	100	104	10	0	255
 193	33	33	53	100	104	10	0	255
 238	33	33	53	100	104	10	0	255
 284	33	33	53	100	104	10	0	255
 329	33	33	53	100	104	10	0	255
 374	33	33	53	100	104	10	0	255
 420	33	33	53	100	104	10	0	255
 465	33	33	53	100	104	10	0	255
 515	33	33	53	100	104	11	0	255
 556	33	33	53	100	104	10	0	255
 601	33	33	53	100	104	10	0	255
 646	33	33	53	100	104	10	0	255
 692	33	33	53	100	104	10	0	255
 737	33	33	53	100	104	10	0	255
 782	33	33	53	100	104	10	0	255
 828	33	33	53	100	104	11	0	255
 873	33	33	53	100	104	10	0	255
 918	33	33	53	100	104	11	0	255
 964	33	33	53	100	104	10	0	255
 1009	33	33	53	100	104	10	0	255
 1054	33	33	53	100	104	10	0	255
 1100	33	33	53	100	104	10	0	255
 1146	33	33	53	100	104	11	0	255
 1191	33	33	53	100	104	10	0	255
 1236	33	33	53	100	104	10	0	255
 1281	33	33	53	100	104	11	0	255
 1327	33	33	53	100	104	11	0	255
 1372	33	33	53	100	104	11	0	255
 1417	33	33	53	100	104	10	0	255
 1463	33	33	53	100	104	11	0	255
 1508	33	33	53	100	104	10	0	255
 1553	33	33	53	100	104	11	0	255
 1599	33	33	53	100	104	11	0	255
 1644	33	33	53	100	104	10	0	255
 1689	33	33	53	100	104	11	0	255
 1735	33	33	53	100	104	10	0	255
 1780	33	33	53	100	104	10	0	255
 1825	33	33	53	100	104	11	0	255
 1871	33	33	53	100	104	10	0	255
 1916	33	33	53	100	104	10	0	255
 1961	33	33	53	100	104	11	0	255
 2007	33	33	53	100	104	10	0	255
 2052	33	33	53	100	104	11	0	255
 2098	33	33	53	100	104	11	0	255
 2143	33	33	53	100	104	11	0	255
 2188	33	33	53	100	104	11	0	255
 2234	33	33	53	100	104	11	0	255
 2279	33	33	53	100	104	10	0	255
 2324	33	33	53	100	104	11	0	255
 2370	33	33	53	100	104	11	0	255
 2415	33	33	53	100	104	11	0	255
 2460	33	33	53	100	104	11	0	255
 2506	33	33	53	100	104	11	0	255
 2551	33	33	53	100	104	11	0	255
 2596	33	33	53	100	104	11	0	255
 2642	33	33	53	100	104	11	0	255
 2687	33	33	53	100	104	10	0	255
 2732	33	33	53	100	104	11	0	255
 2778	33	33	53	100	104	11	0	255
 2823	33	33	53	100	104	11	0	255
 2868	33	33	53	100	104	11	0	255
 2914	33	33	53	100	104	11	0	255
 2959	33	33	53	100	104	11	0	255
 3005	33	33	53	100	104	12	0	255
 3050	33	33	53	100	104	11	0	255
 3095	33	33	53	100	104	11	0	255
 3141	33	33	53	100	104	11	0	255
 3186	33	33	53	100	104	11	0	255
 3231	33	33	53	100	104	10	0	255
 3277	33	33	53	100	104	11	0	255
 3322	33	33	53	100	104	11	0	255
 3367	33	33	53	100	104	11	0	255
 3413	33	33	53	100	104	11	0	255
 3458	33	33	53	100	104	11	0	255
 3503	33	33	53	100	104	11	0	255
 3549	33	33	53	100	104	11	0	255
 3594	33	33	53	100	104	11	0	255
 3639	33	33	53	100	104	11	0	255
 3685	33	33	53	100	104	11	0	255
 3730	33	33	53	100	104	11	0	255
 3775	33	33	53	100	104	11	0	255
 3821	33	33	53	100	104	11	0	255
 3866	33	33	53	100	104	11	0	255
 3912	33	33	53	100	104	12	0	255
 3957	33	33	53	100	104	11	0	255
 4002	33	33	53	100	104	12	0	255
 4048	33	33	53	100	104	12	0	255
 4093	33	33	52	100	104	11	0	255
 4138	33	33	53	100	104	11	0	255
 4184	33	33	53	100	104	11	0	255
 4229	33	33	53	100	104	11	0	255
 4274	33	33	53	100	104	11	0	255
 4320	33	33	52	100	104	11	0	255
 4365	33	33	53	100	104	11	0	255
 4410	33	33	52	100	104	11	0	255
 4456	33	33	52	100	104	11	0	255
 4501	33	33	52	100	104	11	0	255
 4546	33	33	52	100	104	12	0	255
 4592	33	33	52	100	104	11	0	255
 4637	33	33	52	100	104	11	0	255
 4682	33	33	52	100	104	12	0	255
 4728	33	33	52	100	104	11	0	255
 4773	33	33	52	100	104	12	0	255
 4818	33	33	52	100	104	12	0	255
 4864	33	33	52	100	104	11	0	255
 4909	33	33	52	100	104	11	0	255
 4955	33	33	52	100	104	11	0	255
 5000	33	33	52	100	104	11	0	255
 5045	33	33	52	100	104	12	0	255
 5091	33	33	52	100	104	12	0	255
 5136	33	33	52	100	104	11	0	255
 5181	33	33	52	100	104	12	0	255
 5227	33	33	52	100	104	12	0	255
 5272	33	33	52	100	104	11	0	255
 5317	33	33	52	100	104	11	0	255
 5363	33	33	52	100	104	11	0	255
 5408	33	33	52	100	104	12	0	255
 5453	33	33	52	100	104	12	0	255
 5499	33	33	52	100	104	12	0	255
 5544	33	33	52	100	104	12	0	255
 5589	33	33	52	100	104	11	0	255
 5635	33	33	52	100	104	11	0	255
 5680	33	33	52	100	104	12	0	255
 5725	33	33	52	100	104	11	0	255
 5771	33	33	52	100	104	11	0	255
 5816	33	33	52	100	104	11	0	255
 5862	33	33	52	100	104	12	0	255
 5907	33	33	52	100	104	11	0	255
 5952	33	33	52	100	104	12	0	255
 5998	33	33	52	100	104	12	0	255
 6043	33	33	52	100	104	11	0	255
 6088	33	33	52	100	104	12	0	255
 6134	33	33	52	100	104	12	0	255
 6179	33	33	52	100	104	12	0	255
 6224	33	33	52	100	104	11	0	255
 6270	33	33	52	100	104	11	0	255
 6315	33	33	52	100	104	12	0	255
 6360	33	33	52	100	104	11	0	255
 6406	33	33	52	100	104	12	0	255
 6451	33	33	52	100	104	12	0	255
 6496	33	33	52	100	104	11	0	255
 6542	33	33	52	100	104	12	0	255
 6587	33	33	52	100	104	11	0	255
 6632	33	33	52	100	104	12	0	255
 6678	33	33	52	100	104	12	0	255
 6723	33	33	52	100	104	12	0	255
 6769	33	33	52	100	104	12	0	255
 6814	33	33	52	100	104	11	0	255
 6859	33	33	52	100	103	11	0	255
 6905	33	33	52	100	103	12	0	255
 6950	33	33	52	100	104	11	0	255
 6995	33	33	52	100	103	12	0	255
 7041	33	33	52	100	103	11	0	255
 7086	33	33	52	100	103	12	0	255
 7131	33	33	52	100	103	11	0	255
 7177	33	33	52	100	103	11	0	255
 7222	33	33	52	100	103	12	0	255
 7267	33	33	52	100	103	11	0	255
 7313	33	33	52	100	103	12	0	255
 7358	33	33	52	100	103	12	0	255
 7403	33	33	52	100	103	12	0	255
 7449	33	33	52	100	103	12	0	255
 7494	33	33	52	100	103	11	0	255
 7539	33	33	52	100	103	12	0	255
 7585	33	33	52	100	103	12	0	255
 7630	33	33	52	100	103	12	0	255
 7676	33	33	52	100	103	11	0	255
 7722	33	33	52	100	103	12	0	255
 7766	33	33	52	100	103	11	0	255
 7812	33	33	52	100	103	12	0	255
 7857	33	33	52	100	103	12	0	255
 7902	33	33	52	100	103	12	0	255
 7948	33	33	52	100	103	12	0	255
 7993	33	33	52	100	103	12	0	255
 8038	33	33	52	100	103	12	0	255
 8084	33	33	52	100	103	12	0	255
 8129	33	33	52	100	103	12	0	255
 8174	33	33	52	100	103	12	0	255
 8220	33	33	52	100	103	12	0	255
 8265	33	33	52	99	103	12	0	255
 8310	33	33	52	99	103	12	0	255
 8356	33	33	52	100	103	12	0	255
 8401	33	33	52	100	103	12	0	255
 8446	33	33	52	100	103	12	0	255
 8492	33	33	52	100	103	12	0	255
 8537	33	33	52	100	103	12	0	255
 8583	33	33	52	99	103	12	0	255
 8628	33	33	52	99	103	12	0	255
 8673	33	33	52	99	103	12	0	255
 8720	33	33	52	99	103	12	0	255
 8764	33	33	52	99	103	12	0	255
 8809	33	33	52	99	103	12	0	255
 8855	33	33	52	99	103	12	0	255
 8900	33	33	52	99	103	12	0	255
 8945	33	33	52	99	103	11	0	255
 8991	33	33	52	99	103	12	0	255
 9036	33	33	52	99	103	11	0	255
 9081	33	33	52	99	103	12	0	255
 9127	33	33	52	99	103	12	0	255
 9172	33	33	52	99	103	11	0	255
 9217	33	33	52	99	103	12	0	255
 9263	33	33	52	99	103	12	0	255
 9308	33	33	52	99	103	12	0	255
 9353	33	33	52	99	103	11	0	255
 9399	33	33	52	99	103	12	0	255
 9444	33	33	52	99	103	12	0	255
 9490	33	33	52	99	103	12	0	255
 9535	33	33	52	99	103	12	0	255
 9580	33	33	52	99	103	12	0	255
 9626	33	33	52	99	103	12	0	255
 9671	33	33	52	99	103	12	0	255
 9716	33	33	52	99	103	12	0	255
 9762	33	33	52	99	103	11	0	255
 9807	33	33	52	99	103	12	0	255
 9852	33	33	52	99	103	12	0	255
 9898	33	33	52	99	103	12	0	255
 9943	33	33	52	99	103	12	0	255
 9988	33	33	52	99	103	12	0	255
 10034	33	33	52	99	103	12	0	255
 10079	33	33	52	99	103	12	0	255
 10124	33	33	52	99	103	12	0	255
 10170	33	33	52	99	103	12	0	255
 10215	33	33	52	99	103	12	0	255
 10260	33	33	52	99	103	12	0	255
 10306	33	33	52	99	103	12	0	255
 10351	33	33	52	99	103	12	0	255
 10397	33	33	52	99	103	12	0	255
 10442	33	33	52	99	103	12	0	255
 10487	33	33	52	99	103	11	0	255
 10533	33	33	52	99	103	12	0	255
 10578	33	33	52	99	103	12	0	255
 10623	33	33	52	99	103	12	0	255
 10669	33	32	52	99	103	12	0	255
 10714	33	33	52	99	103	12	0	255
 10759	33	33	52	99	103	12	0	255
 10805	33	33	52	99	103	12	0	255
 10850	33	33	52	99	103	12	0	255
 10895	33	33	52	99	103	12	0	255
 10941	33	33	52	99	103	12	0	255
 10986	33	33	52	99	103	12	0	255
 11031	33	33	52	99	103	12	0	255
 11077	33	33	52	99	103	11	0	255
 11122	33	33	52	99	103	12	0	255
 11167	33	33	52	99	103	12	0	255
 11213	33	33	52	99	103	12	0	255
 11258	33	33	52	99	103	12	0	255
 11304	33	33	52	99	103	12	0	255
 11349	33	33	52	99	103	12	0	255
 11394	33	33	52	99	103	12	0	255
 11440	33	33	52	99	103	13	0	255
 11485	33	33	52	99	103	12	0	255
 11530	33	33	52	99	103	11	0	255
 11576	33	33	52	99	103	12	0	255
 11621	33	32	52	99	103	12	0	255
 11666	33	33	52	99	103	12	0	255
 11712	33	33	52	99	103	12	0	255
 11757	33	33	52	99	103	12	0	255
 11802	33	33	52	99	103	11	0	255
 11848	33	33	52	99	103	12	0	255
 11893	33	33	52	99	103	12	0	255
 11938	33	33	52	99	103	12	0	255
 11984	33	33	52	99	103	12	0	255
 12029	33	33	52	99	103	13	0	255
 12074	33	33	52	99	103	13	0	255
 12120	33	33	52	99	103	12	0	255
 12165	33	33	52	99	103	12	0	255
 12211	33	33	52	99	103	12	0	255
 12256	33	33	52	99	103	12	0	255
 12301	33	33	52	99	103	13	0	255
 12347	33	33	52	99	103	12	0	255
 12392	33	33	52	99	103	12	0	255
 12437	33	33	52	99	103	12	0	255
 12483	33	33	52	99	103	12	0	255
 12528	33	33	52	99	103	12	0	255
 12573	33	33	52	99	103	12	0	255
 12619	33	32	52	99	103	12	0	255
 12664	33	33	52	99	103	13	0	255
 12709	33	32	52	99	103	12	0	255
 12755	33	33	52	99	103	12	0	255
 12800	33	33	52	99	103	12	0	255
 12845	33	32	52	99	103	12	0	255
 12891	33	33	52	99	103	12	0	255
 12938	33	32	52	99	103	12	0	255
 12981	33	32	52	99	103	12	0	255
 13027	33	32	52	99	103	12	0	255
 13072	33	33	52	99	103	12	0	255
 13118	33	33	52	99	103	12	0	255
 13163	33	32	52	99	103	13	0	255
 13208	33	32	52	99	103	12	0	255
 13254	33	32	52	99	103	12	0	255
 13299	33	33	52	99	103	13	0	255
 13344	33	33	52	99	103	12	0	255
 13390	33	32	52	99	103	12	0	255
 13435	33	32	52	99	103	12	0	255
 13480	33	32	52	99	103	13	0	255
 13526	33	33	52	99	103	12	0	255
 13571	33	33	52	99	103	12	0	255
 13616	33	33	52	99	103	12	0	255
 13662	33	33	52	99	103	13	0	255
 13707	33	32	52	99	103	12	0	255
 13752	33	33	52	99	103	13	0	255
 13798	33	32	52	99	103	12	0	255
 13843	33	33	52	99	103	12	0	255
 13888	33	33	52	99	103	13	0	255
 13934	33	32	52	99	103	12	0	255
 13979	33	33	52	99	103	12	0	255
 14024	33	33	52	99	103	13	0	255
 14070	33	33	52	99	103	13	0	255
 14115	33	32	52	99	103	12	0	255
 14161	33	32	52	99	103	12	0	255
 14206	32	32	52	99	103	12	0	255
 14251	33	32	52	99	103	13	0	255
 14297	33	33	52	99	103	12	0	255
 14342	33	32	52	99	103	12	0	255
 14387	33	33	52	99	103	12	0	255
 14433	33	32	52	99	103	12	0	255
 14478	33	32	52	99	103	13	0	255
 14523	33	32	52	99	103	12	0	255
 14569	32	33	52	99	103	12	0	255
 14614	33	32	52	99	103	13	0	255
 14659	32	32	52	99	103	12	0	255
 14705	33	32	52	99	103	13	0	255
 14750	33	32	52	99	103	13	0	255
 14795	33	32	52	99	103	12	0	255
 14841	33	32	52	99	103	12	0	255
 14886	33	32	52	99	103	12	0	255
 14931	32	32	52	99	103	12	0	255
 14977	33	32	52	99	103	13	0	255
 15022	33	32	51	99	103	12	0	255
 15068	33	32	52	99	103	13	0	255
 15113	32	32	51	99	103	13	0	255
 15158	32	32	52	99	103	12	0	255
 15204	33	32	52	99	103	12	0	255
 15249	33	32	52	99	103	12	0	255
 15294	32	32	52	99	103	12	0	255
 15340	33	32	52	99	103	12	0	255
 15385	32	32	52	99	103	12	0	255
 15430	32	32	51	99	103	12	0	255
 15477	33	32	51	99	103	12	0	255
 15521	33	32	51	99	103	13	0	255
 15566	32	32	51	99	103	12	0	255
 15613	32	32	51	99	103	12	0	255
 15657	33	32	51	99	103	12	0	255
 15702	32	32	51	99	103	12	0	255
 15748	32	32	51	99	103	12	0	255
 15793	33	32	51	99	103	12	0	255
 15838	32	32	51	99	103	12	0	255
 15884	32	32	51	99	103	12	0	255
 15929	33	32	51	99	103	12	0	255
 15975	32	32	51	99	103	13	0	255
 16020	32	32	51	99	103	12	0	255
 16065	32	32	51	99	103	12	0	255
 16111	33	32	51	99	103	13	0	255
 16156	32	32	51	99	103	12	0	255
 16201	32	32	51	99	103	13	0	255
 16247	32	32	51	99	102	12	0	255
 16292	32	32	51	99	103	12	0	255
 16337	32	32	51	99	103	12	0	255
 16383	32	32	51	99	102	12	0	255
 16428	32	32	51	99	102	12	0	255
 16473	33	32	51	99	102	12	0	255
 16519	32	32	51	99	102	12	0	255
 16564	32	32	51	99	102	12	0	255
 16609	32	32	51	99	102	12	0	255
 16655	32	32	51	99	102	12	0	255
 16700	32	32	51	99	102	13	0	255
 16745	33	32	51	99	102	12	0	255
 16791	32	32	51	99	102	13	0	255
 16836	33	32	51	99	102	12	0	255
 16882	32	32	51	99	102	12	0	255
 16927	32	32	51	99	102	12	0	255
 16972	32	32	51	99	102	12	0	255
 17018	32	32	51	99	102	12	0	255
 17063	32	32	51	99	102	12	0	255
 17108	32	32	51	99	102	12	0	255
 17154	32	32	51	99	102	12	0	255
 17199	32	32	51	99	102	12	0	255
 17244	32	32	51	99	102	12	0	255
 17290	32	32	51	98	102	12	0	255
 17335	32	32	51	99	102	13	0	255
 17380	32	32	51	99	102	13	0	255
 17426	32	32	51	98	102	12	0	255
 17471	32	32	51	98	102	12	0	255
 17516	32	32	51	98	102	12	0	255
 17562	32	32	51	98	102	12	0	255
 17607	32	32	51	98	102	12	0	255
 17652	32	32	51	98	102	13	0	255
 17698	32	32	51	98	102	13	0	255
 17743	33	32	51	98	102	13	0	255
 17789	32	32	51	98	102	12	0	255
 17834	32	32	51	98	102	12	0	255
 17879	32	32	51	98	102	13	0	255
 17925	32	32	51	98	102	13	0	255
 17970	32	32	51	98	102	12	0	255
 18015	32	32	51	98	102	12	0	255
 18061	32	32	51	98	102	12	0	255
 18106	32	32	51	98	102	12	0	255
 18151	32	32	51	98	102	13	0	255
 18198	32	32	51	98	102	12	0	255
 18242	32	32	51	98	102	13	0	255
 18287	32	32	51	98	102	13	0	255
 18333	32	32	51	98	102	13	0	255
 18378	32	32	51	98	102	13	0	255
 18423	32	32	51	98	102	12	0	255
 18469	32	32	51	98	102	13	0	255
 18514	32	32	51	98	102	12	0	255
 18559	32	32	51	98	102	13	0	255
 18605	32	32	51	98	102	12	0	255
 18652	32	32	51	98	102	13	0	255
 18696	32	32	51	98	102	12	0	255
 18741	32	32	51	98	102	12	0	255
 18786	32	32	51	98	102	12	0	255
 18832	32	32	51	98	102	13	0	255
 18877	32	32	51	98	102	12	0	255
 18922	32	32	51	98	102	13	0	255
 18968	32	32	51	98	102	13	0	255
 19013	32	32	51	98	102	12	0	255
 19059	32	32	51	98	102	12	0	255
 19104	32	32	51	98	102	12	0	255
 19149	32	32	51	98	102	12	0	255
 19194	32	32	51	98	102	13	0	255
 19240	32	32	51	98	102	13	0	255
 19285	32	32	51	98	102	13	0	255
 19330	32	32	51	98	102	12	0	255
 19376	32	32	51	98	102	13	0	255
 19421	32	32	51	98	102	13	0	255
 19467	32	32	51	98	102	13	0	255
 19512	32	32	51	98	102	12	0	255
 19557	32	32	51	98	102	13	0	255
 19602	32	32	51	98	102	12	0	255
 19648	32	32	51	98	102	13	0	255
 19693	32	32	51	98	102	13	0	255
 19739	32	32	51	98	102	13	0	255
 19784	32	32	51	98	102	13	0	255
 19829	32	32	51	98	102	12	0	255
 19875	32	32	51	98	102	13	0	255
 19920	32	32	51	98	102	12	0	255
 19965	32	32	51	98	102	12	0	255
 20011	32	32	51	98	102	12	0	255
 20056	32	32	51	98	102	13	0	255
 20101	32	32	51	98	102	13	0	255
 20147	32	32	51	98	102	13	0	255
 20192	32	32	51	98	102	13	0	255
 20237	32	32	51	98	102	13	0	255
 20283	32	32	51	98	102	13	0	255
 20328	32	32	51	98	102	13	0	255
 20373	32	32	51	98	102	12	0	255
 20419	32	32	51	98	102	13	0	255
 20464	32	32	51	98	102	12	0	255
 20509	32	32	51	98	102	12	0	255
 20555	32	32	51	98	102	13	0	255
 20600	32	32	51	98	102	12	0	255
 20646	32	32	51	98	102	12	0	255
 20691	32	32	51	98	102	13	0	255
 20736	32	32	51	98	102	13	0	255
 20782	32	32	51	98	102	13	0	255
 20827	32	32	51	98	102	12	0	255
 20872	32	32	51	98	102	13	0	255
 20918	32	32	51	98	102	13	0	255
 20963	32	32	51	98	102	12	0	255
 21008	32	32	51	98	102	12	0	255
 21054	32	32	51	98	102	12	0	255
 21099	32	32	51	98	102	12	0	255
 21144	32	32	51	98	102	13	0	255
 21190	32	32	51	98	102	12	0	255
 21235	32	32	51	98	102	13	0	255
 21281	32	32	51	98	102	13	0	255
 21326	32	32	51	98	102	12	0	255
 21371	32	32	51	98	102	13	0	255
 21416	32	32	51	98	102	12	0	255
 21462	32	32	51	98	102	13	0	255
 21507	32	32	51	98	102	13	0	255
 21553	32	32	51	98	102	13	0	255
 21598	32	32	51	98	102	13	0	255
 21643	32	32	51	98	102	12	0	255
 21689	32	32	51	98	102	12	0	255
 21734	32	32	51	98	102	13	0	255
 21780	32	32	51	98	102	12	0	255
 21825	32	32	51	98	102	13	0	255
 21870	32	32	51	98	102	13	0	255
 21916	32	32	51	98	102	13	0	255
 21961	32	32	51	98	102	13	0	255
 22006	32	32	51	98	102	13	0	255
 22051	32	32	51	98	102	12	0	255
 22097	32	32	51	98	102	13	0	255
 22142	32	32	51	98	102	12	0	255
 22187	32	32	51	98	102	12	0	255
 22233	32	32	51	98	102	13	0	255
 22278	32	32	51	98	102	12	0	255
 22324	32	32	51	98	102	13	0	255
 22369	32	32	51	98	102	12	0	255
 22414	32	32	51	98	102	13	0	255
 22460	32	32	51	98	102	12	0	255
 22505	32	32	51	98	102	12	0	255
 22550	32	32	51	98	102	12	0	255
 22596	32	32	51	98	102	12	0	255
 22641	32	32	51	98	102	12	0	255
 22688	32	32	51	98	102	12	0	255
 22732	32	32	51	98	102	13	0	255
 22777	32	32	51	98	102	13	0	255
 22822	32	32	51	98	102	13	0	255
 22868	32	32	51	98	102	11	0	255
 22913	32	32	51	98	102	12	0	255
 22958	32	32	51	98	102	13	0	255
 23004	32	32	51	98	102	13	0	255
 23049	32	32	51	98	102	13	0	255
 23094	32	32	51	98	102	13	0	255
 23144	32	32	51	98	102	12	0	255
 23185	32	32	51	98	102	12	0	255
 23230	32	32	51	98	102	12	0	255
 23280	32	32	51	98	102	13	0	255
 23325	32	32	51	98	102	12	0	255
 23367	32	32	51	98	102	13	0	255
 23412	32	32	51	98	102	13	0	255
 23457	32	32	51	98	102	13	0	255
 23503	32	32	51	98	102	13	0	255
 23548	32	32	51	98	102	12	0	255
 23593	32	32	51	98	102	12	0	255
 23639	32	32	51	98	102	13	0	255
 23686	32	32	51	98	102	13	0	255
 23729	32	32	51	98	102	12	0	255
 23775	32	32	51	98	102	12	0	255
 23820	32	32	51	98	102	13	0	255
 23865	32	32	51	98	102	12	0	255
 23911	32	32	51	98	102	12	0	255
 23956	32	32	51	98	102	13	0	255
 24001	32	32	51	98	102	12	0	255
 24047	32	32	51	98	102	12	0	255
 24092	32	32	51	98	102	12	0	255
 24137	32	32	51	98	102	12	0	255
 24183	32	32	51	98	102	12	0	255
 24228	32	32	51	98	102	13	0	255
 24274	32	32	51	98	102	13	0	255
 24319	32	32	51	98	102	13	0	255
 24364	32	32	51	98	102	13	0	255
 24410	32	32	51	98	102	12	0	255
 24455	32	32	51	98	102	12	0	255
 24500	32	32	51	98	102	13	0	255
 24546	32	32	51	98	102	12	0	255
 24591	32	32	51	98	102	12	0	255
 24636	32	32	51	98	102	12	0	255
 24682	32	32	51	98	102	13	0	255
 24727	32	32	51	98	102	12	0	255
 24772	32	32	51	98	102	13	0	255
 24820	32	32	51	98	102	12	0	255
 24863	32	32	51	98	102	12	0	255
 24908	32	32	51	98	102	12	0	255
 24954	32	32	51	98	102	12	0	255
 24999	32	32	51	98	102	11	0	255
 25044	32	32	51	98	102	13	0	255
 25090	32	32	51	98	102	12	0	255
 25135	32	32	51	98	102	12	0	255
 25181	32	32	51	98	102	12	0	255
 25226	32	32	51	98	102	12	0	255
 25271	32	32	51	98	102	12	0	255
 25317	32	32	51	98	102	12	0	255
 25362	32	32	51	98	102	13	0	255
 25407	32	32	51	98	102	12	0	255
 25453	32	32	51	98	102	12	0	255
 25504	32	32	51	98	102	13	0	255
 25544	32	32	51	98	102	12	0	255
 25589	32	32	51	98	101	12	0	255
 25634	32	32	51	98	101	12	0	255
 25679	32	32	51	98	101	12	0	255
 25725	32	32	51	98	101	12	0	255
 25770	32	32	51	98	101	12	0	255
 25815	32	32	51	98	101	12	0	255
 25861	32	32	51	98	101	12	0	255
 25906	32	32	51	98	101	13	0	255
 25951	32	32	51	98	101	12	0	255
 25997	32	32	51	98	101	12	0	255
 26042	32	32	51	98	101	13	0	255
 26088	32	32	51	98	101	12	0	255
 26136	32	32	51	98	101	12	0	255
 26178	32	32	51	98	101	12	0	255
 26224	32	32	51	98	101	12	0	255
 26269	32	32	51	98	101	12	0	255
 26314	32	32	51	98	101	12	0	255
 26360	32	32	50	98	101	12	0	255
 26405	32	32	51	98	101	11	0	255
 26450	32	32	50	98	101	12	0	255
 26496	32	32	51	98	101	12	0	255
 26541	32	32	51	98	101	13	0	255
 26586	32	32	50	98	101	12	0	255
 26632	32	32	50	98	101	12	0	255
 26677	32	32	50	98	101	13	0	255
 26723	32	32	50	98	101	12	0	255
 26768	32	32	50	98	101	12	0	255
 26813	32	32	50	98	101	12	0	255
 26858	32	32	50	98	101	12	0	255
 26904	32	32	50	97	101	12	0	255
 26949	32	32	50	97	101	12	0	255
 26995	32	32	50	97	101	12	0	255
 27040	32	32	50	98	101	12	0	255
 27085	32	32	50	98	101	12	0	255
 27131	32	32	50	98	101	12	0	255
 27176	32	32	50	97	101	12	0	255
 27221	32	32	50	97	101	12	0	255
 27267	32	32	50	97	101	12	0	255
 27312	32	32	50	97	101	12	0	255
 27357	32	32	50	97	101	12	0	255
 27404	32	32	50	97	101	12	0	255
 27448	32	32	50	97	101	12	0	255
 27493	32	32	50	97	101	12	0	255
 27539	32	32	50	97	101	12	0	255
 27584	32	32	50	97	101	12	0	255
 27629	32	32	50	97	101	12	0	255
 27675	32	32	50	97	101	12	0	255
 27720	32	32	50	97	101	12	0	255
 27765	32	32	50	97	101	11	0	255
 27811	32	32	50	97	101	11	0	255
 27856	32	32	50	97	101	13	0	255
 27901	32	32	50	97	101	12	0	255
 27947	32	32	50	97	101	12	0	255
 27992	32	32	50	97	101	12	0	255
 28038	32	32	50	97	101	11	0	255
 28083	32	32	50	97	101	12	0	255
 28129	32	32	50	97	101	12	0	255
 28174	32	32	50	97	101	12	0	255
 28219	32	32	50	97	101	12	0	255
 28264	32	32	50	97	101	12	0	255
 28310	32	32	50	97	101	11	0	255
 28355	32	32	50	97	101	13	0	255
 28400	32	32	50	97	101	11	0	255
 28446	32	32	50	97	101	12	0	255
 28491	32	32	50	97	101	12	0	255
 28536	32	32	50	97	101	12	0	255
 28582	32	32	50	97	101	12	0	255
 28627	32	32	50	97	101	12	0	255
 28672	32	32	50	97	101	12	0	255
 28719	32	32	50	97	101	12	0	255
 28763	32	32	50	97	101	12	0	255
 28808	32	32	50	97	101	11	0	255
 28854	32	32	50	97	101	12	0	255
 28899	32	32	50	97	101	12	0	255
 28945	32	32	50	97	101	12	0	255
 28990	32	32	50	97	101	12	0	255
 29035	32	32	50	97	101	12	0	255
 29081	32	32	50	97	101	12	0	255
 29126	32	32	50	97	101	12	0	255
 29171	32	32	50	97	101	12	0	255
 29217	32	32	50	97	101	12	0	255
 29262	32	32	50	97	101	11	0	255
 29307	32	32	50	97	101	12	0	255
 29353	32	32	50	97	101	12	0	255
 29398	32	32	50	97	101	11	0	255
 29443	32	32	50	97	101	12	0	255
 29489	32	32	50	97	101	12	0	255
 29534	32	32	50	97	101	11	0	255
 29579	32	32	50	97	101	12	0	255
 29625	32	32	50	97	101	12	0	255
 29670	32	32	50	97	101	12	0	255
 29715	32	32	50	97	101	12	0	255
 29761	32	32	50	97	101	12	0	255
 29807	32	32	50	97	101	12	0	255
 29852	32	32	50	97	101	12	0	255
 29897	32	32	50	97	101	12	0	255
 29946	32	32	50	97	101	11	0	255
 29988	32	32	50	97	101	12	0	255
 30033	32	32	50	97	101	12	0	255
 30078	32	32	50	97	101	12	0	255
 30125	32	32	50	97	101	12	0	255
 30169	32	32	50	97	101	12	0	255
 30214	32	32	50	97	101	12	0	255
 30260	32	32	50	97	101	12	0	255
 30305	32	32	50	97	101	12	0	255
 30350	32	32	50	97	101	12	0	255
 30396	32	32	50	97	101	12	0	255
 30441	32	32	50	97	101	12	0	255
 30486	32	32	50	97	101	11	0	255
 30532	32	32	50	97	101	12	0	255
 30577	32	32	50	97	101	12	0	255
 30622	32	32	50	97	101	12	0	255
 30668	32	32	50	97	101	11	0	255
 30713	32	32	50	97	101	12	0	255
 30759	32	32	50	97	101	11	0	255
 30804	32	32	50	97	101	12	0	255
 30849	32	32	50	97	101	12	0	255
 30895	32	32	50	97	101	12	0	255
 30941	32	32	50	97	101	12	0	255
 30985	32	32	50	97	101	12	0	255
 31031	32	32	50	97	101	12	0	255
 31076	32	32	50	97	101	13	0	255
 31121	32	32	50	97	101	12	0	255
 31167	32	32	50	97	101	12	0	255
 31212	32	32	50	97	101	12	0	255
 31258	32	32	50	97	101	11	0	255
 31303	32	32	50	97	101	12	0	255
 31348	32	32	50	97	101	12	0	255
 31393	32	32	50	97	101	12	0	255
 31439	32	32	50	97	101	12	0	255
 31484	32	32	50	97	101	12	0	255
 31529	32	32	50	97	101	12	0	255
 31575	32	32	50	97	101	12	0	255
 31620	32	32	50	97	101	13	0	255
 31666	32	32	50	97	101	12	0	255
 31711	32	32	50	97	101	12	0	255
 31757	32	32	50	97	101	12	0	255
 31802	32	32	50	97	101	13	0	255
 31849	32	32	50	97	101	12	0	255
 31892	32	32	50	97	101	12	0	255
 31938	32	32	50	97	101	11	0	255
 31983	32	32	50	97	101	12	0	255
 32028	32	32	50	97	101	13	0	255
 32074	32	32	50	97	101	13	0	255
 32119	32	32	50	97	101	12	0	255
 32164	32	32	50	97	101	12	0	255
 32210	32	32	50	97	101	13	0	255
 32255	32	32	50	97	101	13	0	255
 32300	32	32	50	97	101	13	0	255
 32346	32	32	50	97	101	12	0	255
 32391	32	32	50	97	101	13	0	255
 32437	32	32	50	97	101	13	0	255
 32482	32	32	50	97	101	12	0	255
 32527	32	32	50	97	101	12	0	255
 32573	32	32	50	97	101	13	0	255
 32618	32	32	50	97	101	13	0	255
 32663	32	32	50	97	101	13	0	255
 32709	32	32	50	97	101	13	0	255
 32754	32	32	50	97	101	13	0	255
 32799	32	32	50	97	101	13	0	255
 32845	32	32	50	97	101	12	0	255
 32890	32	32	50	97	101	13	0	255
 32935	32	32	50	97	101	13	0	255
 32981	32	32	50	97	101	13	0	255
 33026	32	32	50	97	101	13	0	255
 33071	32	32	50	97	101	13	0	255
 33117	32	32	50	97	101	13	0	255
 33162	32	32	50	97	101	13	0	255
 33207	32	32	50	97	101	13	0	255
 33253	32	32	50	97	101	13	0	255
 33298	32	32	50	97	101	13	0	255
 33344	32	32	50	97	101	14	0	255
 33389	32	32	50	97	101	13	0	255
 33434	32	32	50	97	101	13	0	255
 33480	32	32	50	97	101	14	0	255
 33525	32	32	50	97	101	13	0	255
 33570	32	32	50	97	101	14	0	255
 33616	32	32	50	97	101	13	0	255
 33661	32	32	50	97	101	13	0	255
 33706	32	32	50	97	101	13	0	255
 33752	32	32	50	97	101	13	0	255
 33797	32	32	50	97	101	14	0	255
 33842	32	32	50	97	101	13	0	255
 33888	32	32	50	97	101	14	0	255
 33934	32	32	50	97	101	14	0	255
 33978	32	32	50	97	101	14	0	255
 34024	32	32	50	97	101	13	0	255
 34069	32	32	50	97	101	13	0	255
 34115	32	32	50	97	101	14	0	255
 34160	32	32	50	97	101	14	0	255
 34205	32	32	50	97	101	14	0	255
 34251	32	32	50	97	101	14	0	255
 34296	32	32	50	97	101	14	0	255
 34341	32	32	50	97	101	14	0	255
 34387	32	32	50	97	101	14	0	255
 34432	32	32	50	97	101	14	0	255
 34477	32	32	50	97	101	16	0	255
 34523	32	32	50	97	101	14	0	255
 34568	32	32	50	97	101	14	0	255
 34613	32	32	50	97	101	14	0	255
 34659	32	32	50	97	101	14	0	255
 34704	32	32	50	97	101	14	0	255
 34749	32	32	50	97	101	14	0	255
 34795	32	32	50	97	100	14	0	255
 34840	32	32	50	97	100	14	0	255
 34886	32	32	50	97	101	14	0	255
 34931	32	32	50	97	101	16	0	255
 34976	32	32	50	97	101	16	0	255
 35022	32	32	50	97	101	16	0	255
 35067	32	32	50	97	100	14	0	255
 35112	32	32	50	97	100	16	0	255
 35158	32	32	50	97	100	14	0	255
 35203	32	32	50	97	100	16	0	255
 35248	32	32	50	97	100	16	0	255
 35294	32	32	50	97	100	16	0	255
 35339	32	32	50	97	100	16	0	255
 35384	32	32	50	97	100	16	0	255
 35430	32	32	50	97	100	16	0	255
 35475	32	32	50	97	100	16	0	255
 35520	32	32	50	97	100	16	0	255
 35566	32	32	50	97	100	16	0	255
 35611	32	32	50	97	100	16	0	255
 35657	32	32	50	97	100	16	0	255
 35702	32	32	50	97	100	17	0	255
 35747	32	32	50	97	100	17	0	255
 35793	32	32	50	97	100	17	0	255
 35838	32	32	50	97	100	17	0	255
 35883	32	32	50	97	100	17	0	255
 35929	32	32	50	97	100	16	0	255
 35974	32	32	50	97	100	17	0	255
 36019	32	32	50	97	100	17	0	255
 36065	32	32	50	97	100	17	0	255
 36110	32	32	50	97	100	17	0	255
 36155	32	32	50	97	100	17	0	255
 36201	32	32	50	97	100	18	0	255
 36246	32	32	50	97	100	17	0	255
 36291	32	32	50	97	100	17	0	255
 36337	32	32	50	97	100	18	0	255
 36382	32	32	50	96	100	18	0	255
 36428	32	32	50	96	100	18	0	255
 36473	32	32	50	97	100	18	0	255
 36518	32	32	50	97	100	18	0	255
 36564	32	32	50	97	100	18	0	255
 36609	32	32	50	96	100	18	0	255
 36654	32	32	50	96	100	18	0	255
 36700	32	32	50	97	100	18	0	255
 36745	32	32	50	96	100	18	0	255
 36790	32	32	50	96	100	18	0	255
 36836	32	32	50	96	100	18	0	255
 36881	32	32	50	96	100	18	0	255
 36926	32	32	50	96	100	18	0	255
 36972	32	32	50	96	100	18	0	255
 37017	32	32	50	96	100	18	0	255
 37062	32	32	50	96	100	19	0	255
 37109	32	32	50	96	100	18	0	255
 37153	32	32	50	96	100	19	0	255
 37198	32	32	50	96	100	19	0	255
 37244	32	32	50	96	100	19	0	255
 37289	32	32	50	96	100	19	0	255
 37335	32	32	50	96	100	19	0	255
 37380	32	32	50	96	100	19	0	255
 37425	32	32	50	96	100	19	0	255
 37471	32	32	50	96	100	19	0	255
 37516	32	32	50	96	100	19	0	255
 37561	32	32	50	96	100	19	0	255
 37607	32	32	50	96	100	19	0	255
 37652	32	32	50	96	100	20	0	255
 37697	32	32	50	96	100	20	0	255
 37743	32	32	50	96	100	20	0	255
 37788	32	32	50	96	100	20	0	255
 37833	32	32	50	96	100	20	0	255
 37879	32	32	50	96	100	20	0	255
 37924	32	32	50	96	100	20	0	255
 37969	32	32	50	96	100	20	0	255
 38015	32	32	50	96	100	20	0	255
 38060	32	32	50	96	100	20	0	255
 38106	32	32	50	96	100	20	0	255
 38151	32	32	50	96	100	20	0	255
 38196	32	32	50	96	100	20	0	255
 38242	32	32	49	96	100	20	0	255
 38287	32	32	50	96	100	20	0	255
 38332	32	32	50	96	100	20	0	255
 38378	32	32	50	96	100	20	0	255
 38424	32	32	50	96	100	22	0	255
 38468	32	32	49	96	100	20	0	255
 38514	32	32	49	96	100	20	0	255
 38559	32	32	49	96	100	20	0	255
 38604	32	32	50	96	100	22	0	255
 38650	32	32	50	96	100	22	0	255
 38695	32	32	49	96	100	22	0	255
 38740	32	32	49	96	100	20	0	255
 38786	32	32	50	96	100	20	0	255
 38831	32	32	49	96	100	20	0	255
 38877	32	32	50	96	100	22	0	255
 38922	32	32	49	96	100	22	0	255
 38967	32	32	49	96	100	22	0	255
 39013	32	32	49	96	100	20	0	255
 39058	32	32	50	96	100	22	0	255
 39103	32	32	49	96	100	22	0	255
 39149	32	32	49	96	100	22	0	255
 39194	32	32	49	96	100	22	0	255
 39239	32	32	49	96	100	22	0	255
 39285	32	32	49	96	100	22	0	255
 39330	32	32	49	96	100	22	0	255
 39375	32	32	49	96	100	22	0	255
 39421	32	32	49	96	100	22	0	255
 39466	32	32	49	96	100	22	0	255
 39511	32	32	49	96	100	22	0	255
 39557	32	32	49	96	100	22	0	255
 39602	32	32	49	96	100	22	0	255
 39648	32	32	49	96	100	22	0	255
 39693	32	32	49	96	100	22	0	255
 39738	32	32	49	96	100	22	0	255
 39784	32	32	49	96	100	23	0	255
 39829	32	32	49	96	100	22	0	255
 39874	32	32	49	96	100	22	0	255
 39920	32	32	49	96	100	23	0	255
 39965	32	32	49	96	100	22	0	255
 40010	32	32	49	96	100	35	0	255
 40056	32	32	49	96	100	22	0	255
 40101	32	32	49	96	100	23	0	255
 40146	32	32	49	96	100	22	0	255
 40192	32	32	49	96	100	22	0	255
 40237	32	32	49	96	100	20	0	255
 40282	32	32	49	96	100	23	0	255
 40328	32	32	49	96	100	22	0	255
 40373	32	32	49	96	100	23	0	255
 40419	32	32	49	96	100	23	0	255
 40464	32	32	49	96	100	23	0	255
 40509	32	32	49	96	100	22	0	255
 40555	32	32	49	96	100	23	0	255
 40600	32	32	49	96	100	23	0	255
 40645	32	32	49	96	100	23	0	255
 40691	32	32	49	96	100	23	0	255
 40736	32	32	49	96	100	23	0	255
 40781	32	32	49	96	100	23	0	255
 40827	32	32	49	96	100	23	0	255
 40872	32	32	49	96	100	23	0	255
 40917	32	32	49	96	100	23	0	255
 40963	32	32	49	96	100	23	0	255
 41008	32	32	49	96	100	23	0	255
 41053	32	32	49	96	100	22	0	255
 41099	32	32	49	96	100	23	0	255
 41144	32	32	49	96	100	22	0	255
 41189	32	32	49	96	100	23	0	255
 41235	32	32	49	96	100	22	0	255
 41280	32	32	49	96	100	23	0	255
 41326	32	32	49	96	100	22	0	255
 41371	32	32	49	96	100	22	0	255
 41416	32	32	49	96	100	23	0	255
 41462	32	32	49	96	100	23	0	255
 41507	32	32	49	96	100	22	0	255
 41552	32	32	49	96	100	23	0	255
 41598	32	32	49	96	100	22	0	255
 41643	32	32	49	96	100	23	0	255
 41688	32	32	49	96	100	23	0	255
 41734	32	32	49	96	100	23	0	255
 41779	32	32	49	96	100	23	0	255
 41824	32	32	49	96	100	23	0	255
 41870	32	32	49	96	100	23	0	255
 41915	32	32	49	96	100	23	0	255
 41960	32	32	49	96	100	22	0	255
 42006	32	32	49	96	100	23	0	255
 42051	32	32	49	96	100	23	0	255
 42097	32	32	49	96	100	23	0	255
 42142	32	32	49	96	100	23	0	255
 42187	32	32	49	96	100	22	0	255
 42233	32	32	49	96	100	20	0	255
 42278	32	32	49	96	100	22	0	255
 42323	32	32	49	96	100	22	0	255
 42369	32	32	49	96	100	22	0	255
 42414	32	32	49	96	100	22	0	255
 42459	32	32	49	96	100	22	0	255
 42505	32	32	49	96	100	22	0	255
 42552	32	32	49	96	100	22	0	255
 42595	32	32	49	96	100	22	0	255
 42641	32	32	49	96	100	22	0	255
 42687	32	32	49	96	100	20	0	255
 42731	32	32	49	96	100	22	0	255
 42777	32	32	49	96	100	22	0	255
 42822	32	32	49	96	100	22	0	255
 42868	32	32	49	96	100	20	0	255
 42913	32	32	49	96	100	20	0	255
 42958	32	32	49	96	100	20	0	255
 43004	32	32	49	96	100	22	0	255
 43049	32	32	49	96	100	20	0	255
 43094	32	32	49	96	100	20	0	255
 43140	32	32	49	96	100	20	0	255
 43185	32	32	49	96	100	20	0	255
 43230	32	32	49	96	100	20	0	255
 43276	32	32	49	96	100	19	0	255
 43321	32	32	49	96	100	20	0	255
 43366	32	32	49	96	100	20	0	255
 43412	32	32	49	96	100	20	0	255
 43457	32	32	49	96	100	20	0	255
 43502	32	32	49	96	100	20	0	255
 43548	32	32	49	96	100	20	0	255
 43593	32	32	49	96	100	20	0	255
 43639	32	32	49	96	100	19	0	255
 43684	32	32	49	96	100	20	0	255
 43729	32	32	49	96	100	20	0	255
 43775	32	32	49	96	100	19	0	255
 43820	32	32	49	96	100	20	0	255
 43865	32	32	49	96	100	19	0	255
 43911	32	32	49	96	100	19	0	255
 43956	32	32	49	96	100	19	0	255
 44001	32	32	49	96	100	20	0	255
 44047	32	32	49	96	100	19	0	255
 44092	32	32	49	96	100	20	0	255
 44138	32	32	49	96	100	19	0	255
 44183	32	32	49	96	100	19	0	255
 44228	32	32	49	96	100	19	0	255
 44273	32	32	49	96	100	19	0	255
 44319	32	32	49	96	99	19	0	255
 44364	32	32	49	96	100	19	0	255
 44409	32	32	49	96	100	19	0	255
 44455	32	32	49	96	100	19	0	255
 44500	32	32	49	96	100	19	0	255
 44546	32	32	49	96	99	19	0	255
 44591	32	32	49	96	99	19	0	255
 44636	32	32	49	96	99	19	0	255
 44682	32	32	49	96	99	19	0	255
 44727	32	32	49	96	99	19	0	255
 44772	32	32	49	96	99	18	0	255
 44818	32	32	49	96	99	19	0	255
 44863	32	32	49	96	99	19	0	255
 44908	32	32	49	96	99	19	0	255
 44954	32	32	49	96	99	19	0	255
 44999	32	32	49	96	99	19	0	255
 45044	32	32	49	96	99	19	0	255
 45090	32	32	49	96	99	19	0	255
 45135	32	32	49	96	99	20	0	255
 45180	32	32	49	96	99	19	0	255
 45226	32	32	49	96	99	18	0	255
 45271	32	32	49	96	99	19	0	255
 45317	32	32	49	96	99	19	0	255
 45362	32	32	49	96	99	18	0	255
 45407	32	32	49	96	99	19	0	255
 45453	32	32	49	96	99	19	0	255
 45498	32	32	49	96	99	18	0	255
 45543	32	32	49	96	99	18	0	255
 45589	32	32	49	96	99	19	0	255
 45634	32	32	49	96	99	19	0	255
 45679	32	32	49	96	99	18	0	255
 45725	32	32	49	96	99	19	0	255
 45770	32	32	49	96	99	18	0	255
 45815	32	32	49	96	99	18	0	255
 45861	32	32	49	96	99	18	0	255
 45906	32	32	49	96	99	19	0	255
 45951	32	32	49	96	99	18	0	255
 45997	32	32	49	96	99	18	0	255
 46042	32	32	49	96	99	18	0	255
 46088	32	32	49	96	99	18	0	255
 46133	32	32	49	96	99	17	0	255
 46178	32	32	49	96	99	18	0	255
 46224	32	32	49	95	99	18	0	255
 46269	32	32	49	96	99	18	0	255
 46314	32	32	49	95	99	18	0	255
 46360	32	32	49	95	99	17	0	255
 46405	32	32	49	96	99	17	0	255
 46450	32	32	49	95	99	18	0	255
 46496	32	32	49	95	99	17	0	255
 46541	32	32	49	95	99	18	0	255
 46586	32	32	49	96	99	17	0	255
 46632	32	32	49	96	99	18	0	255
 46677	32	32	49	95	99	17	0	255
 46722	32	32	49	95	99	17	0	255
 46768	32	32	49	96	99	17	0	255
 46813	32	32	49	95	99	17	0	255
 46859	32	32	49	95	99	16	0	255
 46904	32	32	49	95	99	17	0	255
 46949	32	32	49	95	99	17	0	255
 46995	32	32	49	95	99	17	0	255
 47040	32	32	49	95	99	16	0	255
 47085	32	32	49	95	99	16	0	255
 47131	32	32	49	95	99	16	0	255
 47176	32	32	49	95	99	17	0	255
 47221	32	32	49	95	99	16	0	255
 47267	32	32	49	95	99	17	0	255
 47312	32	32	49	95	99	16	0	255
 47357	32	32	49	95	99	16	0	255
 47403	32	32	49	95	99	16	0	255
 47448	32	32	49	95	99	16	0	255
 47493	32	32	49	95	99	16	0	255
 47539	32	32	49	95	99	16	0	255
 47584	32	32	49	95	99	16	0	255
 47630	32	32	49	95	99	14	0	255
 47675	32	32	49	95	99	16	0	255
 47721	32	32	49	95	99	16	0	255
 47766	32	32	49	95	99	14	0	255
 47811	32	32	49	95	99	16	0	255
 47857	32	32	49	95	99	16	0	255
 47902	32	32	49	95	99	14	0	255
 47947	32	32	49	95	99	14	0	255
 47992	32	32	49	95	99	14	0	255
 48038	32	32	49	95	99	16	0	255
 48083	32	32	49	95	99	14	0	255
 48128	32	32	49	95	99	14	0	255
 48174	32	32	49	95	99	14	0	255
 48219	32	32	49	95	99	13	0	255
 48264	32	32	49	95	99	14	0	255
 48310	32	32	49	95	99	14	0	255
 48355	32	32	49	95	99	14	0	255
 48400	32	32	49	95	99	13	0	255
 48446	32	32	49	95	99	14	0	255
 48491	32	32	49	95	99	13	0	255
 48537	32	32	49	95	99	13	0	255
 48582	32	32	49	95	99	14	0	255
 48627	32	32	49	95	99	13	0	255
 48673	32	32	49	95	99	13	0	255
 48718	32	32	49	95	99	13	0	255
 48763	32	32	49	95	99	14	0	255
 48810	32	32	49	95	99	14	0	255
 48854	32	32	49	95	99	14	0	255
 48899	32	32	49	95	99	14	0	255
 48945	32	32	49	95	99	13	0	255
 48990	32	32	49	95	99	13	0	255
 49038	32	32	49	95	99	13	0	255
 49081	32	32	49	95	99	13	0	255
 49126	32	32	49	95	99	13	0	255
 49171	32	32	49	95	99	14	0	255
 49217	32	32	49	95	99	14	0	255
 49262	32	32	49	95	99	13	0	255
 49308	32	32	49	95	99	14	0	255
 49353	32	32	49	95	99	14	0	255
 49398	32	32	49	95	99	13	0	255
 49444	32	32	49	95	99	13	0	255
 49489	32	32	49	95	99	13	0	255
 49534	32	32	49	95	99	13	0	255
 49580	32	32	49	95	99	13	0	255
 49625	32	32	49	95	99	13	0	255
 49670	32	32	49	95	99	13	0	255
 49716	32	32	49	95	99	13	0	255
 49761	32	32	49	95	99	12	0	255
 49806	32	32	49	95	99	13	0	255
 49852	32	32	49	95	99	13	0	255
 49898	32	32	49	95	99	12	0	255
 49942	32	32	49	95	99	13	0	255
 49988	32	32	49	95	99	13	0	255
 50033	32	32	49	95	99	13	0	255
 50079	32	32	49	95	99	12	0	255
 50124	32	32	49	95	99	13	0	255
 50170	32	32	49	95	99	12	0	255
 50215	32	32	49	95	99	12	0	255
 50260	32	32	49	95	99	12	0	255
 50305	32	32	49	95	99	12	0	255
 50351	32	32	49	95	99	12	0	255
 50396	32	32	49	95	99	12	0	255
 50441	32	32	49	95	99	12	0	255
 50487	32	32	49	95	99	12	0	255
 50532	32	32	49	95	99	12	8	255
 50577	32	32	49	95	99	12	0	255
 50623	32	32	49	95	99	13	0	255
 50668	32	32	49	95	99	12	0	255
 50713	32	32	49	95	99	11	0	255
 50759	32	32	49	95	99	13	0	255
 50804	32	32	49	95	99	13	0	255
 50849	32	32	49	95	99	12	0	255
 50895	32	32	49	95	99	12	0	255
 50940	32	32	49	95	99	12	0	255
 50987	32	32	49	95	99	12	0	255
 51031	32	32	49	95	99	12	0	255
 51076	32	32	49	95	99	12	0	255
 51122	32	32	49	95	99	12	0	255
 51167	32	32	49	95	99	12	0	255
 51212	32	32	49	95	99	12	0	255
 51258	32	32	49	95	99	12	0	255
 51303	32	32	49	95	99	13	0	255
 51348	32	32	49	95	99	12	0	255
 51394	32	32	49	95	99	12	0	255
 51439	32	32	49	95	99	12	0	255
 51484	32	32	49	95	99	13	0	255
 51530	32	32	49	95	99	13	0	255
 51575	32	32	49	95	99	12	0	255
 51620	32	32	49	95	99	13	0	255
 51666	32	32	49	95	99	13	0	255
 51711	32	32	49	95	99	12	0	255
 51757	32	32	49	95	99	13	0	255
 51802	32	32	49	95	99	12	0	255
 51847	32	32	49	95	99	12	0	255
 51893	32	32	49	95	99	12	0	255
 51938	32	32	49	95	99	12	0	255
 51983	32	32	49	95	99	12	0	255
 52029	32	32	48	95	99	12	0	255
 52074	32	32	49	95	99	12	0	255
 52119	32	32	49	95	99	13	0	255
 52165	32	32	49	95	99	12	0	255
 52212	32	32	49	95	99	12	0	255
 52255	32	32	49	95	99	12	0	255
 52301	32	32	49	95	99	12	0	255
 52346	32	32	49	95	99	12	0	255
 52391	32	32	48	95	99	12	0	255
 52437	32	32	49	95	99	11	0	255
 52482	32	32	49	95	99	12	0	255
 52528	32	32	49	95	99	12	0	255
 52573	32	32	49	95	99	12	0	255
 52618	32	32	49	95	99	12	0	255
 52664	32	32	49	95	99	12	0	255
 52713	32	32	48	95	99	12	0	255
 52754	32	32	49	95	99	12	0	255
 52800	32	32	48	95	99	11	0	255
 52845	32	32	49	95	99	12	0	255
 52890	32	32	48	95	99	11	0	255
 52936	32	32	48	95	99	12	0	255
 52981	32	32	49	95	99	11	0	255
 53026	32	32	48	95	99	11	0	255
 53072	32	32	49	95	99	11	0	255
 53118	32	32	48	95	99	11	0	255
 53162	32	32	49	95	99	11	0	255
 53208	32	32	48	95	99	12	0	255
 53253	32	32	48	95	99	12	0	255
 53299	32	32	48	95	99	11	0	255
 53344	32	32	48	95	99	11	0	255
 53389	32	32	48	95	99	11	0	255
 53435	32	32	48	95	99	12	0	255
 53480	32	32	49	95	99	11	0	255
 53525	32	32	48	95	99	11	0	255
 53571	32	32	48	95	99	12	0	255
 53616	32	32	48	95	99	11	0	255
 53661	32	32	48	95	99	11	0	255
 53707	32	32	48	95	99	11	0	255
 53752	32	32	48	95	99	11	0	255
 53797	32	32	48	95	98	11	0	255
 53843	32	32	48	95	99	11	0	255
 53888	32	32	48	95	98	11	0	255
 53933	32	32	48	95	99	11	0	255
 53979	32	32	48	95	99	11	0	255
 54024	32	32	48	95	99	11	0	255
 54069	32	32	48	95	98	11	0	255
 54115	32	32	48	95	98	10	0	255
 54160	32	32	48	95	98	10	0	255
 54206	32	32	48	95	98	10	0	255
 54251	32	32	48	95	98	11	0	255
 54296	32	32	48	95	98	11	0	255
 54342	32	32	48	95	98	11	0	255
 54387	32	32	48	95	98	11	0	255
 54438	32	32	48	95	98	11	0	255
 54481	32	32	48	95	98	11	0	255
 54523	32	32	48	95	98	10	0	255
 54568	32	32	48	95	98	11	0	255
 54614	32	32	48	95	98	11	0	255
 54659	32	32	48	95	98	10	0	255
 54704	32	32	48	95	98	10	0	255
 54750	32	32	48	95	98	11	0	255
 54795	32	32	48	95	98	10	0	255
 54840	32	32	48	95	98	11	0	255
 54886	32	32	48	95	98	11	0	255
 54931	32	32	48	95	98	11	0	255
 54977	32	32	48	95	98	11	0	255
 55022	32	32	48	95	98	10	0	255
 55067	32	32	48	95	98	11	0	255
 55113	32	32	48	95	98	11	0	255
 55158	32	32	48	95	98	10	0	255
 55203	32	32	48	95	98	11	0	255
 55249	32	32	48	95	98	10	0	255
 55294	32	32	48	95	98	11	0	255
 55339	32	32	48	95	98	11	0	255
 55385	32	32	48	95	98	10	0	255
 55430	32	32	48	95	98	11	0	255
 55475	32	32	48	95	98	11	0	255
 55521	32	32	48	95	98	11	0	255
 55566	32	32	48	95	98	10	0	255
 55611	32	32	48	95	98	10	0	255
 55657	32	32	48	95	98	10	0	255
 55702	32	32	48	95	98	10	0	255
 55748	32	32	48	95	98	10	0	255
 55793	32	32	48	95	98	10	0	255
 55841	32	32	48	95	98	10	0	255
 55884	32	32	48	95	98	10	0	255
 55929	32	32	48	95	98	10	0	255
 55974	32	32	48	94	98	8	0	255
 56020	32	32	48	95	98	10	0	255
 56065	32	32	48	95	98	10	0	255
 56110	32	32	48	95	98	10	0	255
 56156	32	32	48	95	98	10	0	255
 56201	32	32	48	95	98	10	0	255
 56246	32	32	48	94	98	10	0	255
 56292	32	32	48	94	98	10	0	255
 56337	32	32	48	94	98	11	0	255
 56382	32	32	48	94	98	10	0	255
 56428	32	32	48	95	98	10	0	255
 56473	32	32	48	94	98	11	0	255
 56519	32	32	48	94	98	10	0	255
 56564	32	32	48	94	98	10	0	255
 56609	32	32	48	94	98	10	0	255
 56655	32	32	48	94	98	10	0	255
 56700	32	32	48	94	98	8	0	255
 56745	32	32	48	94	98	10	0	255
 56791	32	32	48	94	98	10	0	255
 56836	32	32	48	95	98	10	0	255
 56881	32	32	48	94	98	8	0	255
 56927	32	32	48	94	98	10	0	255
 56972	32	32	48	94	98	10	0	255
 57017	32	32	48	94	98	10	0	255
 57063	32	32	48	94	98	10	0	255
 57108	32	32	48	94	98	8	0	255
 57153	32	32	48	94	98	10	0	255
 57199	32	32	48	94	98	10	0	255
 57244	32	32	48	94	98	10	0	255
 57290	32	32	48	94	98	8	0	255
 57335	32	32	48	94	98	10	0	255
 57380	32	32	48	94	98	10	0	255
 57426	32	32	48	94	98	8	0	255
 57471	32	32	48	94	98	10	0	255
 57517	32	32	48	94	98	8	0	255
 57562	32	32	48	94	98	10	0	255
 57607	32	32	48	94	98	10	0	255
 57652	32	32	48	94	98	10	0	255
 57698	32	32	48	94	98	8	0	255
 57743	32	32	48	94	98	8	0	255
 57788	32	32	48	94	98	10	0	255
 57834	32	32	48	94	98	10	0	255
 57879	32	32	48	94	98	8	0	255
 57924	32	32	48	94	98	10	0	255
 57970	32	32	48	94	98	8	0	255
 58015	32	32	48	94	98	10	0	255
 58060	32	32	48	94	98	10	0	255
 58106	32	32	48	94	98	8	0	255
 58151	32	32	48	94	98	10	0	255
 58197	32	32	48	94	98	8	0	255
 58242	32	32	48	94	98	10	0	255
 58287	32	32	48	94	98	10	0	255
 58333	32	32	48	94	98	10	0	255
 58378	32	32	48	94	98	10	0	255
 58423	32	32	48	94	98	10	0	255
 58469	32	32	48	94	98	8	0	255
 58514	32	32	48	94	98	10	0	255
 58559	32	32	48	94	98	10	0	255
 58605	32	32	48	94	98	10	0	255
 58650	32	32	48	94	98	10	0	255
 58695	32	32	48	94	98	8	0	255
 58741	32	32	48	94	98	8	0	255
 58786	32	32	48	94	98	10	0	255
 58831	32	32	48	94	98	10	0	255
 58877	32	32	48	94	98	10	0	255
 58922	32	32	48	94	98	10	0	255
 58968	32	32	48	94	98	8	0	255
 59013	32	32	48	94	98	8	0	255
 59058	32	32	48	94	98	8	0	255
 59104	32	32	48	94	98	8	0	255
 59149	32	32	48	94	98	10	0	255
 59194	32	32	48	94	98	10	0	255
 59240	32	32	48	94	98	8	0	255
 59285	32	32	48	94	98	8	0	255
 59330	32	32	48	94	98	8	0	255
 59376	32	32	48	94	98	8	0	255
 59421	32	32	48	94	98	8	0	255
 59466	32	32	48	94	98	10	0	255
 59512	32	32	48	94	98	8	0	255
 59557	32	32	48	94	98	10	0	255
 59602	32	32	48	94	98	10	0	255
 59648	32	32	48	94	98	8	0	255
 59693	32	32	48	94	98	8	0	255
 59739	32	32	48	94	98	8	0	255
 59784	32	32	48	94	98	8	0	255
 59829	32	32	48	94	98	8	0	255
 59875	32	32	48	94	98	8	0	255
 59920	32	32	48	94	98	8	0	255
 59965	32	32	48	94	98	8	0	255
 60011	32	32	48	94	98	8	0	255
 60056	32	32	48	94	98	8	0	255
 60101	32	32	48	94	98	8	0	255
 60147	32	32	48	94	98	8	0	255
 60192	32	32	48	94	98	8	0	255
 60237	32	32	48	94	98	8	0	255
 60283	32	32	48	94	98	8	0	255
 60329	32	32	48	94	98	8	0	255
 60373	32	32	48	94	98	8	0	255
 60419	32	32	48	94	98	8	0	255
 60464	32	32	48	94	98	8	0	255
 60509	32	32	48	94	98	8	0	255
 60556	32	32	48	94	98	8	0	255
 60600	32	32	48	94	98	8	0	255
 60646	32	32	48	94	98	8	0	255
 60691	32	32	48	94	98	8	0	255
 60736	32	32	48	94	98	8	0	255
 60782	32	32	48	94	98	8	0	255
 60827	32	32	48	94	98	7	0	255
 60872	32	32	48	94	98	8	0	255
 60918	32	32	48	94	98	7	0	255
 60963	32	32	48	94	98	8	0	255
 61008	32	32	48	94	98	8	0	255
 61054	32	32	48	94	98	7	0	255
 61099	32	32	48	94	98	7	0	255
 61144	32	32	48	94	98	7	0	255
 61190	32	32	48	94	98	7	0	255
 61235	32	32	48	94	98	7	0	255
 61281	32	32	48	94	98	7	0	255
 61326	32	32	48	94	98	8	0	255
 61371	32	32	48	94	98	7	0	255
 61417	32	32	48	94	98	7	0	255
 61462	32	32	48	94	98	8	0	255
 61507	32	32	48	94	98	7	0	255
 61553	32	32	48	94	98	7	0	255
 61598	32	32	48	94	98	7	0	255
 61643	32	32	48	94	98	7	0	255
 61689	32	32	48	94	98	7	0	255
 61734	32	32	48	94	98	7	0	255
 61780	32	32	48	94	98	7	0	255
 61825	32	32	48	94	98	8	0	255
 61870	32	32	48	94	98	7	0	255
 61915	32	32	48	94	98	7	0	255
 61961	32	32	48	94	98	7	0	255
 62006	32	32	48	94	98	7	0	255
 62054	32	32	48	94	98	7	0	255
 62097	32	32	48	94	98	7	0	255
 62142	32	32	48	94	98	6	0	255
 62188	32	32	48	94	98	7	0	255
 62233	32	32	48	94	98	7	0	255
 62278	32	32	48	94	98	7	0	255
 62324	32	32	48	94	98	7	0	255
 62369	32	32	48	94	98	7	0	255
 62414	32	32	48	94	98	7	0	255
 62460	32	32	48	94	98	7	0	255
 62505	32	32	48	94	98	6	0	255
 62550	32	32	48	94	98	7	0	255
 62596	32	32	48	94	98	7	0	255
 62641	32	32	48	94	98	7	0	255
 62687	32	32	48	94	98	6	0	255
 62732	32	32	48	94	98	7	0	255
 62777	32	32	48	94	98	7	0	255
 62822	32	32	48	94	98	7	0	255
 62868	32	32	48	94	98	7	0	255
 62913	32	32	48	94	98	7	0	255
 62959	32	32	48	94	98	7	0	255
 63004	32	32	48	94	98	7	0	255
 63049	32	32	48	94	98	7	0	255
 63095	32	32	48	94	98	6	0	255
 63140	32	32	48	94	98	6	0	255
 63185	32	32	48	94	98	7	0	255
 63231	32	32	48	94	98	7	0	255
 63276	32	32	48	94	98	7	0	255
 63321	32	32	48	94	98	6	0	255
 63367	32	32	48	94	98	7	0	255
 63414	32	32	48	94	98	7	0	255
 63458	32	32	48	94	97	7	0	255
 63503	32	32	48	94	98	7	0	255
 63548	32	32	48	94	98	7	0	255
 63593	32	32	48	94	98	7	0	255
 63639	32	32	48	94	97	7	0	255
 63684	32	32	48	94	97	7	0	255
 63730	32	32	48	94	97	7	0	255
 63775	32	32	48	94	97	7	0	255
 63820	32	32	48	94	98	6	0	255
 63866	32	32	48	94	97	7	0	255
 63911	32	32	48	94	97	7	0	255
 63956	32	32	48	94	97	7	0	255
 64002	32	32	48	94	97	6	0	255
 64047	32	32	48	94	97	6	0	255
 64092	32	32	48	94	97	7	0	255
 64138	32	32	48	94	97	7	0	255
 64183	32	32	48	94	97	6	0	255
 64228	32	32	48	94	97	6	0	255
 64274	32	32	48	94	97	7	0	255
 64319	32	32	48	94	97	6	0	255
 64364	32	32	48	94	97	6	0	255
 64410	32	32	48	94	97	7	0	255
 64455	32	32	48	94	97	7	0	255
 64501	32	32	48	94	97	6	0	255
 64546	32	32	48	94	97	7	0	255
 64591	32	32	48	94	97	7	0	255
 64637	32	32	48	94	97	6	0	255
 64682	32	32	48	94	97	7	0	255
 64727	32	32	48	94	97	6	0	255
 64773	32	32	48	94	97	6	0	255
 64818	32	32	48	94	97	7	0	255
 64863	32	32	48	94	97	6	0	255
 64909	32	32	48	94	97	6	0	255
 64954	32	32	48	94	97	6	0	255
 64999	32	32	48	94	97	6	0	255
 65045	32	32	48	94	97	6	0	255
 65090	32	32	48	94	97	6	0	255
 65135	32	32	48	94	97	7	0	255
 65181	32	32	48	94	97	6	0	255
 65226	32	32	48	94	97	6	0	255
 65271	32	32	48	94	97	6	0	255
 65317	32	32	48	94	97	7	0	255
 65362	32	32	48	94	97	6	0	255
 65408	32	32	48	94	97	7	0	255
 65453	32	32	48	94	97	7	0	255
 65498	32	32	48	94	97	6	0	255
 65544	32	32	48	94	97	7	0	255
 65589	32	32	48	94	97	6	0	255
 65634	32	32	48	94	97	7	0	255
 65680	32	32	48	94	97	6	0	255
 65725	32	32	48	94	97	6	0	255
 65770	32	32	48	94	97	6	0	255
 65816	32	32	48	94	97	6	0	255
 65861	32	32	48	94	97	6	0	255
 65906	32	32	48	94	97	6	0	255
 65952	32	32	48	94	97	7	0	255
 65997	32	32	48	94	97	6	0	255
 66042	32	32	48	94	97	6	0	255
 66088	32	32	48	94	97	6	0	255
 66133	32	32	48	94	97	6	0	255
 66179	32	32	48	94	97	7	0	255
 66224	32	32	48	94	97	6	0	255
 66269	32	32	48	94	97	6	0	255
 66315	32	32	48	94	97	7	0	255
 66360	32	32	48	94	97	6	0	255
 66405	32	32	48	94	97	7	0	255
 66451	32	32	48	94	97	6	0	255
 66496	32	32	48	93	97	7	0	255
 66541	32	32	48	93	97	6	0	255
 66587	32	32	48	94	97	6	0	255
 66632	32	32	48	94	97	6	0	255
 66677	32	32	48	94	97	7	0	255
 66723	32	32	48	93	97	6	0	255
 66768	32	32	48	93	97	7	0	255
 66813	32	32	48	93	97	6	0	255
 66859	32	32	48	93	97	6	0	255
 66904	32	32	48	94	97	6	0	255
 66950	32	32	48	93	97	7	0	255
 66995	32	32	48	93	97	7	0	255
 67041	32	32	48	93	97	6	0	255
 67086	32	32	48	93	97	6	0	255
 67131	32	32	48	93	97	6	0	255
 67176	32	32	48	93	97	6	0	255
 67222	32	32	48	93	97	7	0	255
 67267	32	32	48	93	97	7	0	255
 67312	32	32	48	93	97	6	0	255
 67358	32	32	48	93	97	7	0	255
 67403	32	32	48	93	97	6	0	255
 67448	32	32	48	93	97	6	0	255
 67494	32	32	48	93	97	6	0	255
 67539	32	32	48	93	97	6	0	255
 67584	32	32	48	93	97	7	0	255
 67630	32	32	48	93	97	6	0	255
 67675	32	32	48	93	97	6	0	255
 67720	32	32	48	93	97	6	0	255
 67766	32	32	48	93	97	6	0	255
 67811	32	32	48	93	97	7	0	255
 67857	32	32	48	93	97	7	0	255
 67902	32	32	48	93	97	6	0	255
 67947	32	32	48	93	97	6	0	255
 67993	32	32	48	93	97	6	0	255
 68038	32	32	48	93	97	6	0	255
 68083	32	32	48	93	97	6	0	255
 68129	32	32	48	93	97	6	0	255
 68174	32	32	48	93	97	6	0	255
 68219	32	32	48	93	97	6	0	255
 68265	32	32	48	93	97	6	0	255
 68310	32	32	48	93	97	7	0	255
 68355	32	32	48	93	97	6	0	255
 68401	32	32	48	93	97	6	0	255
 68446	32	32	47	93	97	6	0	255
 68491	32	32	48	93	97	6	0	255
 68537	32	32	48	93	97	6	0	255
 68586	32	32	48	93	97	7	0	255
 68628	32	32	48	93	97	6	0	255
 68673	32	32	47	93	97	6	0	255
 68718	32	32	47	93	97	6	0	255
 68764	32	32	48	93	97	6	0	255
 68809	32	32	48	93	97	6	0	255
 68854	32	32	48	93	97	6	0	255
 68900	32	32	47	93	97	6	0	255
 68945	32	32	47	93	97	5	0	255
 68990	32	32	48	93	97	6	0	255
 69036	32	32	47	93	97	6	0	255
 69081	32	32	47	93	97	7	0	255
 69126	32	32	48	93	97	6	0	255
 69172	32	32	47	93	97	6	0	255
 69217	32	32	47	93	97	6	0	255
 69262	32	32	47	93	97	6	0	255
 69308	32	32	47	93	97	6	0	255
 69353	32	32	47	93	97	6	0	255
 69398	32	32	47	93	97	6	0	255
 69444	32	32	47	93	97	6	0	255
 69489	32	32	47	93	97	6	0	255
 69535	32	32	47	93	97	6	0	255
 69580	32	32	47	93	97	6	0	255
 69625	32	32	47	93	97	6	0	255
 69671	32	32	47	93	97	6	0	255
 69716	32	32	47	93	97	6	0	255
 69762	32	32	47	93	97	6	0	255
 69807	32	32	47	93	97	6	0	255
 69852	32	32	47	93	97	6	0	255
 69897	32	32	47	93	97	6	0	255
 69943	32	32	47	93	97	6	0	255
 69988	32	32	47	93	97	6	0	255
 70033	32	32	47	93	97	7	0	255
 70079	32	32	47	93	97	6	0	255
 70124	32	32	47	93	97	6	0	255
 70169	32	32	47	93	97	6	0	255
 70215	32	32	47	93	97	6	0	255
 70260	32	32	47	93	97	7	0	255
 70306	32	32	47	93	97	6	0	255
 70351	32	32	47	93	97	6	0	255
 70396	32	32	47	93	97	6	0	255
 70442	32	32	47	93	97	6	0	255
 70487	32	32	47	93	97	6	0	255
 70532	32	32	47	93	97	6	0	255
 70578	32	32	47	93	97	7	0	255
 70623	32	32	47	93	97	6	0	255
 70668	32	32	47	93	97	6	0	255
 70714	32	32	47	93	97	6	0	255
 70759	32	32	47	93	97	6	0	255
 70804	32	32	47	93	97	6	0	255
 70850	32	32	47	93	97	6	0	255
 70895	32	32	47	93	97	6	0	255
 70940	32	32	47	93	97	7	0	255
 70986	32	32	47	93	97	6	0	255
 71031	32	32	47	93	97	7	0	255
 71077	32	32	47	93	97	6	0	255
 71122	32	32	47	93	97	6	0	255
 71171	32	32	47	93	97	6	0	255
 71213	32	32	47	93	97	6	0	255
 71258	32	32	47	93	97	6	0	255
 71303	32	32	47	93	97	7	0	255
 71349	32	32	47	93	97	7	0	255
 71394	32	32	47	93	97	6	0	255
 71439	32	32	47	93	97	6	0	255
 71485	32	32	47	93	97	6	0	255
 71530	32	32	47	93	97	6	0	255
 71575	32	32	47	93	97	6	0	255
 71621	32	32	47	93	97	6	0	255
 71666	32	32	47	93	97	6	0	255
 71711	32	32	47	93	97	6	0	255
 71757	32	32	47	93	97	6	0	255
 71802	32	32	47	93	97	6	0	255
 71848	32	32	47	93	97	6	0	255
 71893	32	32	47	93	97	6	0	255
 71938	32	32	47	93	97	6	0	255
 71984	32	32	47	93	97	7	0	255
 72029	32	32	47	93	97	7	0	255
 72074	32	32	47	93	97	6	0	255
 72120	32	32	47	93	97	6	0	255
 72165	32	32	47	93	97	7	0	255
 72210	32	32	47	93	97	6	0	255
 72256	32	32	47	93	97	6	0	255
 72301	32	32	47	93	97	7	0	255
 72346	32	32	47	93	97	6	0	255
 72392	32	32	47	93	97	6	0	255
 72437	32	32	47	93	97	6	0	255
 72482	32	32	47	93	97	6	0	255
 72528	32	32	47	93	97	6	0	255
 72573	32	32	47	93	97	6	0	255
 72618	32	32	47	93	97	6	0	255
 72664	32	32	47	93	97	6	0	255
 72709	32	32	47	93	97	6	0	255
 72755	32	32	47	93	97	6	0	255
 72800	32	32	47	93	97	6	0	255
 72845	32	32	47	93	97	6	0	255
 72891	32	32	47	93	97	6	0	255
 72936	32	32	47	93	97	6	0	255
 72981	32	32	47	93	97	6	0	255
 73027	32	32	47	93	97	6	0	255
 73072	32	32	47	93	97	6	0	255
 73117	32	32	47	93	96	6	0	255
 73163	32	32	47	93	97	6	0	255
 73208	32	32	47	93	97	7	0	255
 73253	32	32	47	93	97	6	0	255
 73299	32	32	47	93	96	6	0	255
 73344	32	32	47	93	97	6	0	255
 73389	32	32	47	93	97	6	0	255
 73435	32	32	47	93	97	6	0	255
 73480	32	32	47	93	96	6	0	255
 73525	32	32	47	93	96	6	0	255
 73571	32	32	47	93	97	7	0	255
 73616	32	32	47	93	96	6	0	255
 73662	32	32	47	93	97	6	0	255
 73707	32	32	47	93	96	6	0	255
 73752	32	32	47	93	96	6	0	255
 73798	32	32	47	93	96	6	0	255
 73843	32	32	47	93	96	6	0	255
 73888	32	32	47	93	96	6	0	255
 73935	32	32	47	93	96	6	0	255
 73979	32	32	47	93	96	6	0	255
 74024	32	32	47	93	96	7	0	255
 74070	32	32	47	93	96	6	0	255
 74115	32	32	47	93	96	7	0	255
 74160	32	32	47	93	96	6	0	255
 74206	32	32	47	93	96	6	0	255
 74251	32	32	47	93	96	6	0	255
 74296	32	32	47	93	96	6	0	255
 74342	32	32	47	93	96	6	0	255
 74387	32	32	47	93	96	5	0	255
 74432	32	32	47	93	96	6	0	255
 74478	32	32	47	93	96	6	0	255
 74523	32	32	47	93	96	6	0	255
 74569	32	32	47	93	96	6	0	255
 74614	32	32	47	93	96	6	0	255
 74659	32	32	47	93	96	6	0	255
 74705	32	32	47	93	96	6	0	255
 74750	32	32	47	93	96	6	0	255
 74795	32	32	47	93	96	7	0	255
 74841	32	32	47	93	96	6	0	255
 74886	32	32	47	93	96	6	0	255
 74931	32	32	47	93	96	6	0	255
 74977	32	32	47	93	96	6	0	255
 75022	32	32	47	93	96	5	0	255
 75067	32	32	47	93	96	6	0	255
 75113	32	32	47	93	96	7	0	255
 75158	32	32	47	93	96	6	0	255
 75203	32	32	47	93	96	6	0	255
 75249	32	32	47	93	96	6	0	255
 75294	32	32	47	93	96	6	0	255
 75340	32	32	47	93	96	6	0	255
 75385	32	32	47	93	96	6	0	255
 75430	32	32	47	93	96	7	0	255
 75476	32	32	47	93	96	6	0	255
 75521	32	32	47	93	96	6	0	255
 75566	32	32	47	93	96	7	0	255
 75612	32	32	47	93	96	6	0	255
 75657	32	32	47	93	96	6	0	255
 75702	32	31	47	93	96	6	0	255
 75748	32	31	47	93	96	6	0	255
 75793	32	32	47	93	96	6	0	255
 75838	32	31	47	93	96	5	0	255
 75884	32	32	47	93	96	6	0	255
 75929	32	32	47	93	96	6	0	255
 75974	32	32	47	93	96	6	0	255
 76020	32	31	47	93	96	6	0	255
 76065	32	31	47	93	96	6	0	255
 76111	32	32	47	93	96	6	0	255
 76156	32	32	47	93	96	6	0	255
 76201	32	31	47	93	96	6	0	255
 76247	32	32	47	93	96	6	0	255
 76292	32	32	47	93	96	6	0	255
 76337	32	31	47	93	96	6	0	255
 76383	32	32	47	93	96	6	0	255
 76428	32	31	47	93	96	7	0	255
 76473	32	32	47	93	96	6	0	255
 76519	32	32	47	93	96	6	0	255
 76564	32	32	47	93	96	6	0	255
 76609	32	32	47	93	96	6	0	255
 76655	32	32	47	93	96	6	0	255
 76700	32	32	47	93	96	5	0	255
 76745	32	31	47	93	96	7	0	255
 76791	32	32	47	93	96	6	0	255
 76836	32	31	47	93	96	6	0	255
 76881	32	32	47	93	96	6	0	255
 76927	32	32	47	93	96	6	0	255
 76972	32	32	47	93	96	6	0	255
 77018	32	32	47	93	96	6	0	255
 77063	32	31	47	92	96	6	0	255
 77108	32	31	47	92	96	6	0	255
 77154	32	31	47	92	96	6	0	255
 77199	32	31	47	92	96	7	0	255
 77244	32	31	47	92	96	6	0	255
 77290	32	31	47	92	96	6	0	255
 77336	32	32	47	92	96	6	0	255
 77380	32	31	47	92	96	6	0	255
 77426	32	31	47	92	96	6	0	255
 77471	32	32	47	92	96	6	0	255
 77516	32	31	47	92	96	6	0	255
 77562	32	31	47	92	96	6	0	255
 77607	32	31	47	92	96	5	0	255
 77652	32	31	47	92	96	6	0	255
 77698	32	31	47	92	96	6	0	255
 77743	32	32	47	92	96	6	0	255
 77789	32	31	47	92	96	6	0	255
 77834	32	31	47	92	96	6	0	255
 77879	32	31	47	92	96	6	0	255
 77925	32	31	47	92	96	6	0	255
 77970	32	31	47	92	96	6	0	255
 78015	32	32	47	92	96	6	0	255
 78061	32	31	47	92	96	6	0	255
 78106	32	31	47	92	96	6	0	255
 78152	32	31	47	92	96	6	0	255
 78197	32	31	47	92	96	6	0	255
 78242	32	31	47	92	96	6	0	255
 78287	32	32	47	92	96	6	0	255
 78333	32	31	47	92	96	6	0	255
 78378	32	32	47	92	96	6	0	255
 78423	31	31	47	92	96	6	0	255
 78469	32	31	47	92	96	6	0	255
 78514	32	31	47	92	96	6	0	255
 78560	32	31	47	92	96	6	0	255
 78605	32	31	47	92	96	6	0	255
 78650	32	32	47	92	96	6	0	255
 78696	32	31	47	92	96	6	0	255
 78741	32	31	47	92	96	6	0	255
 78786	32	31	47	92	96	5	0	255
 78832	32	31	47	92	96	6	0	255
 78877	32	31	47	92	96	6	0	255
 78922	32	31	47	92	96	6	0	255
 78968	32	31	47	92	96	6	0	255
 79013	32	31	47	92	96	6	0	255
 79058	32	31	47	92	96	7	0	255
 79104	32	31	47	92	96	6	0	255
 79150	32	31	47	92	96	7	0	255
 79194	32	31	47	92	96	6	0	255
 79240	32	31	47	92	96	6	0	255
 79285	32	31	47	92	96	6	0	255
 79330	32	31	47	92	96	6	0	255
 79376	32	31	47	92	96	6	0	255
 79421	31	32	47	92	96	6	0	255
 79467	32	31	47	92	96	6	0	255
 79512	32	31	47	92	96	6	0	255
 79557	32	32	47	92	96	6	0	255
 79603	32	31	47	92	96	6	0	255
 79648	32	31	47	92	96	6	0	255
 79693	32	31	47	92	96	6	0	255
 79739	32	31	47	92	96	6	0	255
 79784	32	31	47	92	96	6	0	255
 79829	32	31	47	92	96	6	0	255
 79875	32	31	47	92	96	6	0	255
 79920	32	31	47	92	96	7	0	255
 79965	31	31	47	92	96	6	0	255
 80011	32	32	47	92	96	6	0	255
 80056	32	31	47	92	96	6	0	255
 80101	32	31	47	92	96	6	0	255
 80147	32	31	47	92	96	6	0	255
 80192	32	31	47	92	96	6	0	255
 80237	32	31	47	92	96	7	0	255
 80283	32	31	47	92	96	6	0	255
 80328	32	31	47	92	96	7	0	255
 80373	31	31	47	92	96	6	0	255
 80419	32	31	47	92	96	7	0	255
 80464	32	31	47	92	96	6	0	255
 80510	31	31	47	92	96	6	0	255
 80555	32	31	47	92	96	6	0	255
 80600	31	31	47	92	96	6	0	255
 80646	31	31	47	92	96	5	0	255
 80691	31	31	47	92	96	6	0	255
 80736	31	31	47	92	96	6	0	255
 80782	31	31	47	92	96	6	0	255
 80827	32	31	47	92	96	6	0	255
 80872	31	31	47	92	96	6	0	255
 80918	32	31	47	92	96	6	0	255
 80963	32	31	47	92	96	6	0	255
 81008	32	31	47	92	96	6	0	255
 81054	31	31	47	92	96	6	0	255
 81099	32	31	47	92	96	6	0	255
 81144	32	31	47	92	96	5	0	255
 81190	31	31	47	92	96	6	0	255
 81235	32	31	47	92	96	6	0	255
 81280	32	31	47	92	96	6	0	255
 81326	32	31	47	92	96	7	0	255
 81371	31	31	47	92	96	6	0	255
 81417	31	31	47	92	96	7	0	255
 81462	32	31	47	92	96	5	0	255
 81507	32	31	47	92	96	6	0	255
 81553	32	31	47	92	96	6	0	255
 81598	32	31	47	92	96	6	0	255
 81643	31	31	47	92	96	6	0	255
 81689	31	31	47	92	96	7	0	255
 81734	32	31	47	92	96	6	0	255
 81779	32	31	47	92	96	6	0	255
 81825	31	31	47	92	96	7	0	255
 81870	32	31	47	92	96	6	0	255
 81915	31	31	47	92	96	6	0	255
 81961	31	31	47	92	96	6	0	255
 82006	31	31	47	92	96	6	0	255
 82051	31	31	47	92	96	6	0	255
 82097	31	31	47	92	96	7	0	255
 82142	31	31	47	92	96	6	0	255
 82187	31	31	47	92	96	6	0	255
 82233	31	31	47	92	96	6	0	255
 82278	31	31	47	92	96	6	0	255
 82324	32	31	47	92	96	6	0	255
 82369	31	31	47	92	96	6	0	255
 82414	31	31	47	92	96	6	0	255
 82460	31	31	47	92	96	6	0	255
 82505	31	31	47	92	96	6	0	255
 82550	32	31	47	92	96	6	0	255
 82596	31	31	47	92	96	6	0	255
 82641	31	31	47	92	96	6	0	255
 82686	32	31	47	92	96	6	0	255
 82732	32	31	47	92	96	6	0	255
 82778	31	31	47	92	96	6	0	255
 82822	31	31	47	92	96	6	0	255
 82868	31	31	47	92	96	6	0	255
 82913	31	31	47	92	96	6	0	255
 82958	31	31	47	92	96	6	0	255
 83004	31	31	47	92	96	6	0	255
 83049	31	31	47	92	96	6	0	255
 83094	31	31	47	92	95	6	0	255
 83140	31	31	47	92	96	6	0	255
 83185	31	31	47	92	96	6	0	255
 83231	31	31	47	92	96	6	0	255
 83276	31	31	47	92	96	7	0	255
 83321	31	31	47	92	95	6	0	255
 83367	31	31	47	92	96	6	0	255
 83412	32	31	47	92	95	6	0	255
 83457	31	31	47	92	95	6	0	255
 83503	31	31	47	92	95	6	0	255
 83548	31	31	47	92	95	6	0	255
 83593	31	31	47	92	95	6	0	255
 83639	31	31	47	92	95	7	0	255
 83684	31	31	47	92	95	7	0	255
 83729	31	31	47	92	95	6	0	255
 83775	32	31	47	92	95	6	0	255
 83820	31	31	47	92	95	7	0	255
 83865	31	31	47	92	95	6	0	255
 83911	31	31	47	92	95	6	0	255
 83956	31	31	47	92	95	6	0	255
 84001	31	31	47	92	95	6	0	255
 84047	31	31	47	92	95	6	0	255
 84092	31	31	47	92	95	6	0	255
 84138	31	31	47	92	95	6	0	255
 84183	31	31	47	92	95	7	0	255
 84228	31	31	47	92	95	6	0	255
 84274	31	31	47	92	95	7	0	255
 84319	31	31	47	92	95	6	0	255
 84364	31	31	47	92	95	7	0	255
 84410	31	31	47	92	95	6	0	255
 84455	31	31	47	92	95	6	0	255
 84500	31	31	47	92	95	6	0	255
 84546	31	31	47	92	95	6	0	255
 84591	31	31	47	92	95	6	0	255
 84636	31	31	47	92	95	7	0	255
 84682	31	31	47	92	95	7	0	255
 84727	31	31	47	92	95	6	0	255
 84772	31	31	47	92	95	6	0	255
 84818	31	31	47	92	95	6	0	255
 84863	31	31	47	92	95	7	0	255
 84908	31	31	47	92	95	6	0	255
 84954	31	31	47	92	95	6	0	255
 84999	31	31	46	92	95	7	0	255
 85045	31	31	47	92	95	6	0	255
 85090	31	31	46	92	95	7	0	255
 85135	31	31	47	92	95	6	0	255
 85181	31	31	47	92	95	6	0	255
 85226	31	31	46	92	95	6	0	255
 85275	31	31	47	92	95	6	0	255
 85317	31	31	47	92	95	6	0	255
 85362	31	31	47	92	95	6	0	255
 85407	31	31	47	92	95	6	0	255
 85453	31	31	47	92	95	6	0	255
 85498	31	31	47	92	95	6	0	255
 85543	31	31	47	92	95	6	0	255
 85589	31	31	46	92	95	6	0	255
 85634	31	31	46	92	95	6	0	255
 85679	31	31	46	92	95	7	0	255
 85725	31	31	46	92	95	6	0	255
 85770	31	31	46	92	95	6	0	255
 85815	31	31	46	92	95	6	0	255
 85861	31	31	46	92	95	6	0	255
 85906	31	31	46	92	95	6	0	255
 85951	31	31	46	92	95	6	0	255
 85997	31	31	46	92	95	6	0	255
 86042	31	31	46	92	95	5	0	255
 86088	31	31	46	92	95	6	0	255
 86133	31	31	46	92	95	6	0	255
 86178	31	31	46	92	95	6	0	255
 86224	31	31	46	92	95	7	0	255
 86269	31	31	46	92	95	6	0	255
 86317	31	31	46	92	95	7	0	255
 86360	31	31	46	92	95	6	0	255
