HomeCentral
 Falkenstrasse 20
 8630 Rueti
 Datum: 24.02.14 00:00
 
 Startzeit: 2014-02-24 00:00:05 +0100
 51	41	40	72	145	151	0	0	255
 96	41	40	72	145	151	0	0	255
 141	41	40	72	145	151	0	0	255
 187	41	40	72	145	151	0	0	255
 232	41	40	72	145	151	0	0	255
 278	41	40	72	145	151	0	0	255
 323	41	40	71	145	151	0	0	255
 368	41	40	70	145	151	0	0	255
 414	41	40	70	145	151	0	0	255
 459	41	40	70	145	151	0	0	255
 504	41	40	69	145	151	0	0	255
 550	41	40	69	145	151	0	0	255
 596	41	40	68	145	151	0	0	255
 640	41	40	68	145	151	0	0	255
 686	41	40	68	145	150	0	0	255
 731	41	40	68	145	151	0	0	255
 776	41	40	68	145	150	0	0	255
 822	41	40	67	145	150	0	0	255
 867	41	40	67	145	150	0	0	255
 912	41	40	67	145	150	0	0	255
 958	41	40	67	145	150	0	0	255
 1003	41	40	67	145	150	0	0	255
 1048	41	40	67	145	150	0	0	255
 1094	41	40	66	145	150	0	0	255
 1139	41	40	66	145	150	0	0	255
 1184	41	40	66	145	150	0	0	255
 1230	41	40	66	145	150	0	0	255
 1275	41	40	66	145	150	0	0	255
 1321	41	40	66	145	150	0	0	255
 1366	41	40	66	145	150	0	0	255
 1411	41	40	66	145	150	0	0	255
 1457	41	40	66	145	150	0	0	255
 1502	41	40	65	145	150	0	0	255
 1547	41	40	65	145	150	0	0	255
 1593	41	40	65	145	150	0	0	255
 1638	41	40	65	145	150	0	0	255
 1683	41	40	65	145	150	0	0	255
 1729	41	40	65	145	150	0	0	255
 1774	41	40	65	145	150	0	0	255
 1820	41	40	65	145	150	0	0	255
 1865	41	40	65	145	150	0	0	255
 1910	41	40	65	145	150	0	0	255
 1955	41	40	65	145	150	0	0	255
 2001	41	40	65	145	150	0	0	255
 2046	41	40	65	145	150	0	0	255
 2091	41	40	65	145	150	0	0	255
 2137	41	40	64	145	150	0	0	255
 2182	41	40	64	145	150	0	0	255
 2228	41	40	64	145	150	0	0	255
 2273	41	40	64	145	150	0	0	255
 2318	41	40	64	145	150	0	0	255
 2364	41	40	64	145	150	0	0	255
 2409	41	40	64	145	150	0	0	255
 2454	41	40	64	145	150	0	0	255
 2500	41	40	64	145	150	0	0	255
 2545	41	40	64	145	150	0	0	255
 2590	41	40	64	145	150	0	0	255
 2636	41	40	64	145	150	0	0	255
 2681	41	40	64	145	150	0	0	255
 2726	41	40	64	145	150	0	0	255
 2772	41	40	64	144	150	0	0	255
 2817	41	40	64	144	150	0	0	255
 2862	41	40	64	144	150	0	0	255
 2908	41	40	64	144	150	0	0	255
 2953	41	40	64	144	150	0	0	255
 2998	41	40	63	144	150	0	0	255
 3044	41	40	63	144	150	0	0	255
 3089	41	40	63	144	150	0	0	255
 3135	41	40	63	144	150	0	0	255
 3180	41	40	63	144	150	0	0	255
 3225	41	40	63	144	150	0	0	255
 3272	41	40	63	144	150	0	0	255
 3316	41	40	63	144	150	0	0	255
 3361	41	40	63	144	150	0	0	255
 3407	41	40	63	144	150	0	0	255
 3452	41	40	63	144	150	0	0	255
 3497	41	40	63	144	150	0	0	255
 3543	41	40	63	144	150	0	0	255
 3588	41	40	63	144	150	0	0	255
 3634	41	40	63	144	150	0	0	255
 3679	41	40	63	144	150	0	0	255
 3724	41	40	63	144	150	0	0	255
 3769	41	40	63	144	150	0	0	255
 3815	41	40	63	144	150	0	0	255
 3860	41	40	63	144	150	0	0	255
 3905	41	40	63	144	150	0	0	255
 3951	41	40	63	144	150	0	0	255
 3996	41	40	63	144	150	0	0	255
 4042	41	40	63	144	150	0	0	255
 4087	41	40	63	144	150	0	0	255
 4132	41	40	63	144	150	0	0	255
 4178	41	40	63	144	150	0	0	255
 4223	41	40	63	144	150	0	0	255
 4268	41	40	63	144	150	0	0	255
 4314	41	40	63	144	150	0	0	255
 4359	41	40	63	144	150	0	0	255
 4404	41	40	63	144	150	0	0	255
 4450	41	40	63	144	150	0	0	255
 4495	41	40	62	144	150	0	0	255
 4540	41	40	62	144	150	0	0	255
 4586	41	40	62	144	150	0	0	255
 4631	41	40	62	144	150	0	0	255
 4676	41	40	62	144	150	0	0	255
 4722	41	40	62	144	150	0	0	255
 4767	41	40	62	144	150	0	0	255
 4812	41	40	62	144	150	0	0	255
 4858	41	40	62	144	150	0	0	255
 4903	41	40	62	144	150	0	0	255
 4948	41	40	62	144	150	0	0	255
 4994	41	40	62	144	150	0	0	255
 5039	41	40	62	144	150	0	0	255
 5085	41	40	62	144	150	0	0	255
 5130	41	40	62	144	150	0	0	255
 5175	41	40	62	144	150	0	0	255
 5221	41	40	62	144	150	0	0	255
 5266	41	40	62	144	150	0	0	255
 5311	41	40	62	144	150	0	0	255
 5357	41	40	62	144	150	0	0	255
 5402	41	40	62	144	150	0	0	255
 5447	41	40	62	144	150	0	0	255
 5493	41	40	62	144	150	0	0	255
 5538	41	40	62	144	150	0	0	255
 5584	41	40	62	144	150	0	0	255
 5629	41	40	62	144	150	0	0	255
 5674	41	40	62	144	150	0	0	255
 5719	41	40	62	144	150	0	0	255
 5765	41	40	62	144	150	0	0	255
 5810	41	40	62	144	150	0	0	255
 5855	41	40	62	144	150	0	0	255
 5901	41	40	62	144	150	0	0	255
 5946	41	40	62	144	150	0	0	255
 5992	41	40	62	144	150	0	0	255
 6037	41	40	62	144	150	0	0	255
 6082	41	40	62	144	150	0	0	255
 6128	41	40	62	144	149	0	0	255
 6173	41	40	62	144	150	0	0	255
 6218	41	40	62	144	149	0	0	255
 6264	41	40	62	144	149	0	0	255
 6309	41	40	62	144	149	0	0	255
 6354	41	40	62	144	149	0	0	255
 6400	41	40	62	144	149	0	0	255
 6445	41	40	62	144	149	0	0	255
 6490	41	40	62	144	149	0	0	255
 6536	41	40	62	144	149	0	0	255
 6581	41	40	62	144	149	0	0	255
 6626	41	40	62	144	149	0	0	255
 6672	41	40	62	144	149	0	0	255
 6717	41	40	62	144	149	0	0	255
 6762	41	40	62	144	149	0	0	255
 6808	41	40	62	144	149	0	0	255
 6853	41	40	62	144	149	0	0	255
 6899	41	40	62	144	149	0	0	255
 6944	41	40	62	144	149	0	0	255
 6989	41	40	62	144	149	0	0	255
 7035	41	40	62	144	149	0	0	255
 7080	41	40	62	144	149	0	0	255
 7125	41	40	62	144	149	0	0	255
 7171	41	40	62	144	149	0	0	255
 7216	41	40	62	144	149	0	0	255
 7261	41	40	62	144	149	0	0	255
 7307	41	40	62	144	149	0	0	255
 7352	41	40	62	143	149	0	0	255
 7397	41	40	62	144	149	0	0	255
 7443	41	40	62	143	149	0	0	255
 7488	41	40	62	143	149	0	0	255
 7533	41	40	62	143	149	0	0	255
 7579	41	40	62	143	149	0	0	255
 7624	41	40	62	143	149	0	0	255
 7669	41	40	62	143	149	0	0	255
 7715	41	40	62	143	149	0	0	255
 7760	41	40	62	143	149	0	0	255
 7806	41	40	62	143	149	0	0	255
 7851	41	40	62	143	149	0	0	255
 7896	41	40	62	143	149	0	0	255
 7942	41	40	62	143	149	0	0	255
 7987	41	40	62	143	149	0	0	255
 8032	41	40	62	143	149	0	0	255
 8078	41	40	62	143	149	0	0	255
 8123	41	40	62	143	149	0	0	255
 8168	41	40	62	143	149	0	0	255
 8214	41	40	62	143	149	0	0	255
 8259	41	40	62	143	149	0	0	255
 8304	41	40	62	143	149	0	0	255
 8350	41	40	62	143	149	0	0	255
 8395	41	40	62	143	149	0	0	255
 8440	41	40	62	143	149	0	0	255
 8486	41	40	62	143	149	0	0	255
 8531	41	40	62	143	149	0	0	255
 8577	41	40	62	143	149	0	0	255
 8622	41	40	62	143	149	0	0	255
 8667	41	40	62	143	149	0	0	255
 8714	41	40	62	143	149	0	0	255
 8758	41	40	61	143	149	0	0	255
 8803	41	40	62	143	149	0	0	255
 8849	41	40	61	143	149	0	0	255
 8894	41	40	61	143	149	0	0	255
 8939	41	40	61	143	149	0	0	255
 8985	41	40	61	143	149	0	0	255
 9030	41	40	61	143	149	0	0	255
 9075	41	40	62	143	149	0	0	255
 9121	41	40	61	143	149	0	0	255
 9166	41	40	61	143	149	0	0	255
 9213	41	40	61	143	149	0	0	255
 9257	41	40	61	143	149	0	0	255
 9302	41	40	61	143	149	0	0	255
 9347	41	40	61	143	149	0	0	255
 9393	41	40	61	143	149	0	0	255
 9438	41	40	61	143	149	0	0	255
 9483	41	40	61	143	149	0	0	255
 9529	41	40	61	143	149	0	0	255
 9574	41	40	61	143	149	0	0	255
 9619	41	40	61	143	149	0	0	255
 9665	41	40	61	143	149	0	0	255
 9710	41	40	61	143	149	0	0	255
 9756	41	40	61	143	149	0	0	255
 9801	41	40	61	143	149	0	0	255
 9846	41	40	61	143	149	0	0	255
 9892	41	40	61	143	149	0	0	255
 9937	41	40	61	143	149	0	0	255
 9982	41	40	61	143	149	0	0	255
 10028	41	40	61	143	149	0	0	255
 10073	41	40	61	143	149	0	0	255
 10118	41	40	61	143	149	0	0	255
 10164	41	40	61	143	149	0	0	255
 10209	41	40	61	143	149	0	0	255
 10254	41	40	61	143	149	0	0	255
 10300	41	40	61	143	149	0	0	255
 10345	41	40	61	143	149	0	0	255
 10390	41	40	61	143	149	0	0	255
 10436	41	40	61	143	149	0	0	255
 10481	41	40	61	143	149	0	0	255
 10526	41	40	61	143	149	0	0	255
 10572	41	40	61	143	149	0	0	255
 10617	41	40	61	143	149	0	0	255
 10663	41	40	61	143	149	0	0	255
 10708	41	40	61	143	149	0	0	255
 10753	41	40	61	143	149	0	0	255
 10799	41	40	61	143	149	0	0	255
 10844	41	40	61	143	149	0	0	255
 10889	41	40	61	143	149	0	0	255
 10935	41	40	61	143	149	0	0	255
 10980	41	40	61	143	149	0	0	255
 11025	41	40	61	143	149	0	0	255
 11071	41	40	61	143	149	0	0	255
 11116	41	40	61	143	149	0	0	255
 11161	41	40	61	143	149	0	0	255
 11207	41	40	61	143	149	0	0	255
 11252	41	40	61	143	149	0	0	255
 11297	41	40	61	143	149	0	0	255
 11343	41	40	61	143	149	0	0	255
 11388	41	40	61	143	149	0	0	255
 11433	41	40	61	143	149	0	0	255
 11479	41	40	61	143	149	0	0	255
 11524	41	40	61	143	149	0	0	255
 11570	41	40	61	143	149	0	0	255
 11615	41	40	61	143	149	0	0	255
 11660	41	40	61	143	149	0	0	255
 11706	41	40	61	143	149	0	0	255
 11751	41	40	61	143	148	0	0	255
 11796	41	40	61	143	148	0	0	255
 11842	41	40	61	143	148	0	0	255
 11887	41	40	61	143	148	0	0	255
 11932	41	40	61	143	148	0	0	255
 11978	41	40	61	143	148	0	0	255
 12023	41	40	61	142	148	0	0	255
 12068	41	40	61	142	148	0	0	255
 12114	41	40	61	143	148	0	0	255
 12159	41	40	61	142	148	0	0	255
 12204	41	40	61	142	148	0	0	255
 12250	41	40	61	142	148	0	0	255
 12295	41	40	61	142	148	0	0	255
 12340	41	40	61	142	148	0	0	255
 12386	41	40	61	142	148	0	0	255
 12431	41	40	61	142	148	0	0	255
 12477	41	40	61	142	148	0	0	255
 12522	41	40	61	142	148	0	0	255
 12567	41	40	61	142	148	0	0	255
 12613	41	40	61	142	148	0	0	255
 12658	41	40	61	142	148	0	0	255
 12703	41	40	61	142	148	0	0	255
 12749	41	40	61	142	148	0	0	255
 12794	41	40	61	142	148	0	0	255
 12839	41	40	61	142	148	0	0	255
 12885	41	40	61	142	148	0	0	255
 12930	41	40	61	142	148	0	0	255
 12975	41	40	61	142	148	0	0	255
 13021	41	40	61	142	148	0	0	255
 13066	41	40	61	142	148	0	0	255
 13111	41	40	61	142	148	0	0	255
 13157	41	40	61	142	148	0	0	255
 13202	41	40	61	142	148	0	0	255
 13247	41	40	61	142	148	0	0	255
 13293	41	40	61	142	148	0	0	255
 13338	41	40	61	142	148	0	0	255
 13384	41	40	61	142	148	0	0	255
 13429	41	40	61	142	148	0	0	255
 13474	41	40	61	142	148	0	0	255
 13520	41	40	61	142	148	0	0	255
 13565	41	40	61	142	148	0	0	255
 13610	41	40	61	142	148	0	0	255
 13656	41	40	61	142	148	0	0	255
 13701	41	40	61	142	148	0	0	255
 13746	41	40	61	142	148	0	0	255
 13792	41	40	61	142	148	0	0	255
 13837	41	40	61	142	148	0	0	255
 13882	41	40	61	142	148	0	0	255
 13928	41	40	61	142	148	0	0	255
 13974	41	40	61	142	148	0	0	255
 14018	41	40	61	142	148	0	0	255
 14064	41	40	61	142	148	0	0	255
 14109	41	40	61	142	148	0	0	255
 14154	41	40	61	142	148	0	0	255
 14200	41	40	61	142	148	0	0	255
 14245	41	40	61	142	148	0	0	255
 14291	41	40	61	142	148	0	0	255
 14336	41	40	61	142	148	0	0	255
 14381	41	40	61	142	148	0	0	255
 14427	41	40	61	142	148	0	0	255
 14472	41	40	61	142	148	0	0	255
 14517	41	40	61	142	148	0	0	255
 14563	41	40	61	142	148	0	0	255
 14608	41	40	61	142	148	0	0	255
 14653	41	40	61	142	148	0	0	255
 14699	41	40	61	142	148	0	0	255
 14744	41	40	61	142	148	0	0	255
 14789	41	40	61	142	148	0	0	255
 14835	41	40	61	142	148	0	0	255
 14880	41	40	61	142	148	0	0	255
 14925	41	40	61	142	148	0	0	255
 14971	41	40	61	142	148	0	0	255
 15016	41	40	61	142	148	0	0	255
 15061	41	40	61	142	148	0	0	255
 15107	41	40	61	142	148	0	0	255
 15152	41	40	61	142	148	0	0	255
 15198	41	40	61	142	148	0	0	255
 15243	41	40	61	142	148	0	0	255
 15288	41	40	61	142	148	0	0	255
 15334	41	40	61	142	148	0	0	255
 15379	41	40	61	142	148	0	0	255
 15424	41	40	61	142	148	0	0	255
 15470	41	40	61	142	148	0	0	255
 15515	41	40	61	142	148	0	0	255
 15560	41	40	61	142	148	0	0	255
 15606	41	40	61	142	148	0	0	255
 15651	41	40	61	142	148	0	0	255
 15696	41	40	61	142	148	0	0	255
 15742	41	40	61	142	148	0	0	255
 15787	41	40	61	142	148	0	0	255
 15832	41	40	61	142	148	0	0	255
 15878	41	40	61	142	148	0	0	255
 15923	41	40	61	142	148	0	0	255
 15968	41	40	61	142	148	0	0	255
 16014	41	40	61	142	148	0	0	255
 16059	41	40	61	142	148	0	0	255
 16104	41	40	61	142	148	0	0	255
 16150	41	40	61	142	148	0	0	255
 16195	41	40	61	142	148	0	0	255
 16241	41	40	61	142	148	0	0	255
 16286	41	40	61	142	148	0	0	255
 16331	41	40	61	142	148	0	0	255
 16377	41	40	61	142	148	0	0	255
 16422	41	40	61	142	148	0	0	255
 16467	41	40	61	142	148	0	0	255
 16513	41	40	61	142	148	0	0	255
 16558	41	40	61	142	148	0	0	255
 16603	41	40	61	142	148	0	0	255
 16649	41	40	61	142	148	0	0	255
 16694	41	40	61	142	148	0	0	255
 16739	41	40	61	142	148	0	0	255
 16785	41	40	61	142	148	0	0	255
 16830	41	40	61	142	148	0	0	255
 16875	41	40	61	142	148	0	0	255
 16921	41	40	61	142	148	0	0	255
 16966	41	40	61	142	148	0	0	255
 17011	41	40	61	142	148	0	0	255
 17057	41	40	61	141	148	0	0	255
 17102	41	40	61	142	147	0	0	255
 17148	41	40	61	142	147	0	0	255
 17193	41	40	61	141	147	0	0	255
 17238	41	39	61	141	148	0	0	255
 17284	41	40	61	141	147	0	0	255
 17329	41	40	61	141	147	0	0	255
 17374	41	40	61	141	147	0	0	255
 17420	41	39	61	141	147	0	0	255
 17465	41	40	61	141	147	0	0	255
 17510	41	40	61	141	147	0	0	255
 17556	41	40	61	141	147	0	0	255
 17601	41	40	61	141	147	0	0	255
 17646	41	40	61	141	147	0	0	255
 17692	41	39	61	141	147	0	0	255
 17737	41	39	61	141	147	0	0	255
 17782	41	39	61	141	147	0	0	255
 17828	41	39	61	141	147	0	0	255
 17873	41	40	61	141	147	0	0	255
 17918	41	39	61	141	147	0	0	255
 17964	41	39	61	141	147	0	0	255
 18009	41	39	61	141	147	0	0	255
 18055	41	39	61	141	147	0	0	255
 18100	41	39	61	141	147	0	0	255
 18145	41	39	61	141	147	0	0	255
 18191	41	39	61	141	147	0	0	255
 18236	41	39	61	141	147	0	0	255
 18281	41	39	61	141	147	0	0	255
 18327	41	39	61	141	147	0	0	255
 18372	41	39	61	141	147	0	0	255
 18417	41	39	61	141	147	0	0	255
 18463	41	39	61	141	147	0	0	255
 18508	41	39	61	141	147	0	0	255
 18553	41	39	61	141	147	0	0	255
 18599	41	39	61	141	147	0	0	255
 18644	41	39	61	141	147	0	0	255
 18689	41	39	61	141	147	0	0	255
 18735	41	39	61	141	147	0	0	255
 18780	41	39	61	141	147	0	0	255
 18825	41	39	61	141	147	0	0	255
 18871	41	39	61	141	147	0	0	255
 18916	41	39	61	141	147	0	0	255
 18962	41	39	61	141	147	0	0	255
 19007	41	39	61	141	147	0	0	255
 19052	41	39	61	141	147	0	0	255
 19098	41	39	61	141	147	0	0	255
 19143	41	39	61	141	147	0	0	255
 19188	41	39	61	141	147	0	0	255
 19234	41	39	61	141	147	0	0	255
 19279	41	39	61	141	147	0	0	255
 19324	41	39	61	141	147	0	0	255
 19370	41	39	61	141	147	0	0	255
 19415	41	39	61	141	147	0	0	255
 19460	41	39	61	141	147	0	0	255
 19506	41	39	61	141	147	0	0	255
 19551	41	39	61	141	147	0	0	255
 19596	41	39	61	141	147	0	0	255
 19642	41	39	61	141	147	0	0	255
 19687	41	39	61	141	147	0	0	255
 19732	41	39	61	141	147	0	0	255
 19778	41	39	61	141	147	0	0	255
 19823	41	39	61	141	147	0	0	255
 19869	41	39	61	141	147	0	0	255
 19914	41	39	61	141	147	0	0	255
 19959	41	39	61	141	147	0	0	255
 20005	41	39	61	141	147	0	0	255
 20050	41	39	61	141	147	0	0	255
 20095	40	39	61	141	147	0	0	255
 20141	41	39	61	141	147	0	0	255
 20186	41	39	61	141	147	0	0	255
 20231	41	39	61	141	147	0	0	255
 20277	41	39	61	141	147	0	0	255
 20322	41	39	61	141	147	0	0	255
 20367	41	39	61	141	147	0	0	255
 20413	40	39	61	141	147	0	0	255
 20458	41	39	61	141	147	0	0	255
 20503	41	39	61	141	147	0	0	255
 20549	41	39	61	141	147	0	0	255
 20594	41	39	61	141	147	0	0	255
 20639	41	39	61	141	147	0	0	255
 20685	40	39	61	141	147	0	0	255
 20730	41	39	61	141	147	0	0	255
 20775	40	39	61	141	147	0	0	255
 20821	41	39	61	141	147	0	0	255
 20866	41	39	61	141	147	0	0	255
 20912	41	39	61	141	147	0	0	255
 20957	40	39	61	141	147	0	0	255
 21002	40	39	61	141	147	0	0	255
 21048	41	39	61	141	147	0	0	255
 21093	41	39	61	141	147	0	0	255
 21138	41	39	61	141	147	0	0	255
 21184	40	39	61	141	147	0	0	255
 21229	40	39	61	141	147	0	0	255
 21274	40	39	61	141	147	0	0	255
 21320	40	39	61	141	147	0	0	255
 21365	40	39	61	141	147	0	0	255
 21410	40	39	61	141	147	0	0	255
 21456	40	39	61	141	147	0	0	255
 21501	40	39	61	141	147	0	0	255
 21546	40	39	61	141	147	0	0	255
 21592	40	39	61	141	147	0	0	255
 21637	40	39	61	141	147	0	0	255
 21682	40	39	61	141	147	0	0	255
 21728	41	39	61	141	147	0	0	255
 21773	40	39	61	141	147	0	0	255
 21819	40	39	61	141	147	0	0	255
 21864	40	39	61	141	147	0	0	255
 21909	40	39	61	141	147	0	0	255
 21955	41	39	61	141	147	0	0	255
 22000	40	39	61	141	147	0	0	255
 22045	41	39	61	141	147	0	0	255
 22091	40	39	61	141	147	0	0	255
 22136	40	39	61	141	147	0	0	255
 22181	40	39	61	141	147	0	0	255
 22227	40	39	61	141	147	0	0	255
 22272	40	39	61	141	147	0	0	255
 22317	40	39	61	141	147	0	0	255
 22363	40	39	61	140	147	0	0	255
 22408	40	39	61	140	147	0	0	255
 22453	40	39	61	140	147	0	0	255
 22499	40	39	61	140	147	0	0	255
 22544	40	39	61	140	147	0	0	255
 22589	40	39	61	140	147	0	0	255
 22635	40	39	61	140	146	0	0	255
 22680	40	39	61	140	146	0	0	255
 22726	40	39	61	140	146	0	0	255
 22771	40	39	61	140	146	0	0	255
 22816	40	39	61	140	146	0	0	255
 22862	40	39	61	140	146	0	0	255
 22907	40	39	61	140	146	0	0	255
 22952	40	39	61	140	146	0	0	255
 22998	40	39	61	140	146	0	0	255
 23043	40	39	61	140	146	0	0	255
 23088	40	39	61	140	146	0	0	255
 23134	40	39	61	140	146	0	0	255
 23179	40	39	61	140	146	0	0	255
 23224	40	39	61	140	146	0	0	255
 23270	40	39	61	140	146	0	0	255
 23315	40	39	61	140	146	0	0	255
 23360	40	39	61	140	146	0	0	255
 23406	40	39	61	140	146	0	0	255
 23451	40	39	61	140	146	0	0	255
 23496	40	39	61	140	146	0	0	255
 23542	40	39	61	140	146	0	0	255
 23587	40	39	61	140	146	0	0	255
 23633	40	39	61	140	146	0	0	255
 23678	40	39	61	140	146	0	0	255
 23723	40	39	61	140	146	0	0	255
 23769	40	39	61	140	146	0	0	255
 23814	40	39	61	140	146	0	0	255
 23859	40	39	61	140	146	0	0	255
 23905	40	39	61	140	146	0	0	255
 23950	40	39	61	140	146	0	0	255
 23995	40	39	61	140	146	0	0	255
 24041	40	39	61	140	146	0	0	255
 24086	40	39	61	140	146	0	0	255
 24131	40	39	61	140	146	0	0	255
 24177	40	39	61	140	146	0	0	255
 24222	40	39	61	140	146	0	0	255
 24267	40	39	61	140	146	0	0	255
 24313	40	39	61	140	146	0	0	255
 24358	40	39	61	140	146	0	0	255
 24403	40	39	61	140	146	0	0	255
 24449	40	39	61	140	146	0	0	255
 24494	40	39	61	140	146	0	0	255
 24540	40	39	61	140	146	0	0	255
 24585	40	39	61	140	146	0	0	255
 24630	40	39	61	140	146	0	0	255
 24676	40	39	61	140	146	0	0	255
 24721	40	39	61	140	146	0	0	255
 24766	40	39	61	140	146	0	0	255
 24812	40	39	61	140	146	0	0	255
 24857	40	39	61	140	146	0	0	255
 24902	40	39	61	140	146	0	0	255
 24948	40	39	61	140	146	0	0	255
 24993	40	39	61	140	146	0	0	255
 25038	40	39	61	140	146	0	0	255
 25084	40	39	61	140	146	0	0	255
 25129	40	39	61	140	146	0	0	255
 25174	40	39	61	140	146	0	0	255
 25220	40	39	61	140	146	0	0	255
 25265	40	39	61	140	146	0	0	255
 25310	40	39	61	140	146	0	0	255
 25356	40	39	61	140	146	0	0	255
 25401	40	39	61	140	146	0	0	255
 25447	40	39	61	140	146	0	0	255
 25492	40	39	61	140	146	0	0	255
 25537	40	39	61	140	146	0	0	255
 25583	40	39	61	140	146	0	0	255
 25628	40	39	61	140	146	0	0	255
 25673	40	39	60	140	146	0	0	255
 25719	40	39	60	140	146	0	0	255
 25764	40	39	60	140	146	0	0	255
 25809	40	39	59	140	146	0	0	255
 25855	40	39	59	140	146	0	0	255
 25900	40	39	59	140	146	0	0	255
 25945	40	39	58	140	146	0	16	255
 25991	40	39	58	140	146	0	0	255
 26036	40	39	58	140	146	0	0	255
 26081	40	39	58	140	146	0	0	255
 26127	40	39	58	140	146	0	0	255
 26172	40	39	58	140	146	0	0	255
 26217	40	39	57	140	146	0	0	255
 26263	40	39	57	140	146	0	0	255
 26308	40	39	57	139	146	0	0	255
 26354	40	39	57	140	146	0	0	255
 26399	40	39	57	139	146	0	0	255
 26444	40	39	57	139	146	0	0	255
 26490	40	39	57	139	146	0	0	255
 26535	40	39	57	139	146	0	0	255
 26580	40	39	57	139	146	0	0	255
 26626	40	39	57	139	146	0	0	255
 26671	40	39	57	139	146	0	0	255
 26716	40	39	57	139	146	0	0	255
 26762	40	39	57	139	146	0	0	255
 26807	40	39	57	139	146	0	0	255
 26852	40	39	57	139	146	0	0	255
 26898	40	39	57	139	146	0	0	255
 26943	40	39	56	139	146	0	0	255
 26988	40	39	56	139	146	0	0	255
 27034	40	39	56	139	146	0	0	255
 27079	40	39	56	139	146	0	0	255
 27124	40	39	56	139	146	0	0	255
 27170	40	39	56	139	146	0	0	255
 27215	40	39	56	139	146	0	0	255
 27261	40	39	56	139	146	0	0	255
 27306	40	39	56	139	146	0	0	255
 27351	40	39	56	139	146	0	0	255
 27397	40	39	56	139	146	0	0	255
 27442	40	39	56	139	146	0	0	255
 27487	40	39	56	139	146	0	0	255
 27533	40	39	56	139	146	0	0	255
 27578	40	39	56	139	146	0	0	255
 27623	40	39	56	139	146	0	0	255
 27669	40	39	56	139	146	0	0	255
 27714	40	39	56	139	146	0	0	255
 27759	40	39	56	139	145	0	0	255
 27805	40	39	56	139	146	0	0	255
 27850	40	39	56	139	146	0	0	255
 27895	40	39	56	139	146	0	0	255
 27941	40	39	56	139	145	0	0	255
 27986	40	39	56	139	146	0	0	255
 28032	40	39	56	139	146	0	0	255
 28077	40	39	56	139	145	0	0	255
 28122	40	39	56	139	145	0	0	255
 28168	40	39	56	139	145	0	0	255
 28213	40	39	56	139	145	0	0	255
 28258	40	39	56	139	145	0	0	255
 28304	40	39	56	139	145	0	0	255
 28349	40	39	55	139	145	0	0	255
 28394	40	39	55	139	145	0	0	255
 28440	40	39	55	139	145	0	0	255
 28485	40	39	55	139	145	0	0	255
 28530	40	39	55	139	145	0	0	255
 28576	40	39	55	139	145	0	0	255
 28621	40	39	55	139	145	0	0	255
 28666	40	39	55	139	145	0	0	255
 28712	40	39	55	139	145	0	0	255
 28757	40	39	55	139	145	0	0	255
 28802	40	39	55	139	145	0	0	255
 28848	40	39	55	139	145	0	0	255
 28893	40	39	55	139	145	0	0	255
 28939	40	39	55	139	145	0	0	255
 28984	40	39	55	139	145	0	0	255
 29030	40	39	55	139	145	0	0	255
 29075	40	39	55	139	145	0	0	255
 29120	40	39	55	139	145	0	0	255
 29165	40	39	55	139	145	0	0	255
 29211	40	39	55	139	145	0	0	255
 29256	40	39	55	139	145	0	0	255
 29301	40	39	55	139	145	0	0	255
 29347	40	39	55	139	145	0	0	255
 29392	40	39	55	139	145	0	0	255
 29437	40	39	55	139	145	0	0	255
 29483	40	39	55	139	145	0	0	255
 29528	40	39	55	139	145	0	0	255
 29573	40	39	55	139	145	0	0	255
 29619	40	39	55	139	145	0	0	255
 29664	40	39	55	139	145	0	0	255
 29709	40	39	55	139	145	0	0	255
 29755	40	39	55	139	145	0	0	255
 29845	40	39	55	139	145	0	0	255
 29891	40	39	55	139	145	0	0	255
 29936	40	39	55	139	145	0	0	255
 29982	40	39	55	139	145	0	0	255
 30027	40	39	55	139	145	0	0	255
 30072	40	39	55	139	145	0	0	255
 30118	40	39	55	139	145	0	0	255
 30163	40	39	55	139	145	0	0	255
 30208	40	39	55	139	145	0	0	255
 30254	40	39	55	139	145	0	0	255
 30299	40	39	55	139	145	0	0	255
 30345	40	39	55	139	145	0	0	255
 30390	40	39	55	139	145	0	0	255
 30435	40	39	55	139	145	0	0	255
 30480	40	39	55	139	145	0	0	255
 30526	40	39	55	139	145	0	0	255
 30571	40	39	55	139	145	0	0	255
 30617	40	39	55	139	145	0	0	255
 30662	40	39	55	139	145	0	0	255
 30707	40	39	55	139	145	0	0	255
 30753	40	39	55	139	145	0	0	255
 30798	40	39	55	139	145	0	0	255
 30844	40	39	55	139	145	0	0	255
 30889	40	39	55	139	145	2	0	255
 30934	40	39	55	139	145	2	0	255
 30979	40	39	55	139	145	2	0	255
 31025	40	39	55	139	145	2	0	255
 31070	40	39	55	139	145	2	0	255
 31115	40	39	55	139	145	3	0	255
 31161	40	39	55	139	145	3	0	255
 31206	40	39	55	139	145	3	0	255
 31251	40	39	55	139	145	4	0	255
 31298	40	39	55	139	145	4	0	255
 31342	40	39	55	139	145	6	0	255
 31387	40	39	55	139	145	7	0	255
 31433	40	39	55	139	145	8	0	255
 31478	40	39	55	139	145	8	0	255
 31524	40	39	55	138	145	10	0	255
 31569	40	39	55	139	145	11	0	255
 31614	40	39	55	138	145	13	0	255
 31660	40	39	55	138	145	14	0	255
 31705	40	39	55	138	145	16	0	255
 31750	40	39	55	138	145	18	0	255
 31796	40	39	55	138	145	18	0	255
 31841	40	39	55	138	145	19	0	255
 31886	40	39	55	138	145	20	0	255
 31932	40	39	55	138	145	22	0	255
 31977	40	39	55	138	145	23	0	255
 32022	40	39	55	138	145	25	0	255
 32068	40	39	55	138	145	24	0	255
 32113	40	39	55	138	145	26	0	255
 32158	40	39	55	138	145	28	0	255
 32204	40	39	55	138	145	29	0	255
 32249	40	39	55	138	145	30	0	255
 32294	40	39	55	138	145	31	0	255
 32340	40	39	55	138	145	30	0	255
 32385	40	39	55	138	145	34	0	255
 32431	40	39	55	138	145	34	0	255
 32476	40	39	55	138	145	35	0	255
 32521	40	39	55	138	145	36	0	255
 32567	40	39	55	138	145	36	0	255
 32612	40	39	55	138	145	38	0	255
 32657	40	39	55	138	145	38	0	255
 32703	40	39	55	138	145	41	0	255
 32748	40	39	54	138	145	41	0	255
 32793	40	39	55	138	145	42	0	255
 32839	40	39	55	138	145	44	0	255
 32884	40	39	54	138	145	45	0	255
 32929	40	39	54	138	145	46	0	255
 32975	40	39	54	138	145	47	0	255
 33020	40	39	54	138	145	48	0	255
 33065	40	39	54	138	145	51	0	255
 33111	40	39	54	138	145	51	0	255
 33156	40	39	54	138	145	53	0	255
 33202	40	39	54	138	145	54	0	255
 33247	40	39	54	138	145	56	0	255
 33292	40	39	54	138	145	57	0	255
 33338	40	39	54	138	145	60	0	255
 33383	40	39	54	138	144	62	0	255
 33428	40	39	54	138	144	64	0	255
 33474	40	39	54	138	144	65	0	255
 33519	40	39	54	138	144	66	0	255
 33564	40	39	54	138	144	68	0	255
 33610	40	39	54	138	144	71	0	255
 33655	40	39	54	138	144	72	0	255
 33700	40	38	54	138	144	75	0	255
 33746	40	38	54	138	144	76	0	255
 33791	40	38	54	138	144	78	0	255
 33836	40	38	54	138	144	80	0	255
 33882	40	38	54	138	144	82	0	255
 33927	40	38	54	138	144	84	0	255
 33972	40	38	54	138	144	85	0	255
 34019	40	38	54	138	144	86	0	255
 34063	40	38	54	138	144	88	0	255
 34109	40	38	54	138	144	90	0	255
 34154	40	37	54	138	144	92	0	255
 34199	40	37	54	138	144	93	0	255
 34245	40	37	54	138	144	96	0	255
 34290	40	37	54	138	144	97	0	255
 34335	40	37	54	138	144	98	0	255
 34381	40	37	54	138	144	101	0	255
 34426	40	37	54	138	144	102	0	255
 34472	40	37	54	138	144	102	0	255
 34517	40	37	54	138	144	104	0	255
 34562	40	37	54	138	144	106	0	255
 34607	40	37	54	138	144	108	0	255
 34653	40	37	54	138	144	109	0	255
 34698	40	37	54	138	144	110	0	255
 34743	40	37	54	138	144	112	0	255
 34789	40	37	54	138	144	113	0	255
 34834	40	37	54	138	144	114	0	255
 34880	40	37	54	138	144	116	0	255
 34925	40	36	54	138	144	118	0	255
 34970	40	36	54	138	144	119	0	255
 35016	40	36	54	138	144	122	0	255
 35061	39	36	54	138	144	122	0	255
 35106	39	36	54	138	144	124	0	255
 35152	39	36	54	138	144	126	0	255
 35197	38	40	54	138	144	132	8	255
 35242	56	56	54	138	144	150	8	255
 35288	79	67	54	138	144	158	8	255
 35333	95	74	54	138	144	146	8	255
 35379	101	79	54	138	144	130	8	255
 35424	100	82	55	138	144	122	0	255
 35469	97	83	55	138	144	120	0	255
 35514	96	83	55	138	144	123	0	255
 35560	94	83	55	138	144	124	0	255
 35605	93	82	55	138	144	127	8	255
 35650	93	81	55	138	144	131	8	255
 35696	97	82	55	138	144	128	8	255
 35741	98	84	55	138	144	119	0	255
 35787	98	85	55	138	144	118	0	255
 35832	96	84	55	138	144	119	0	255
 35877	95	84	55	138	144	122	0	255
 35923	94	83	55	138	144	124	0	255
 35968	93	82	55	138	144	128	8	255
 36013	94	82	55	138	144	132	8	255
 36059	99	84	55	138	144	138	8	255
 36104	103	85	55	138	144	138	8	255
 36149	106	87	55	138	144	140	8	255
 36196	108	88	55	138	144	140	8	255
 36240	109	89	55	138	144	138	8	255
 36285	109	89	55	138	144	138	8	255
 36331	109	90	55	138	144	134	8	255
 36376	108	90	55	138	144	132	8	255
 36421	107	90	56	138	144	130	8	255
 36467	106	91	56	138	144	131	8	255
 36512	106	91	56	138	144	132	8	255
 36557	106	91	56	138	144	136	8	255
 36603	107	92	56	138	144	136	8	255
 36648	107	92	56	138	144	137	8	255
 36693	108	92	56	138	144	137	8	255
 36739	109	92	56	138	144	138	8	255
 36784	109	92	56	138	144	140	8	255
 36830	110	93	56	138	144	140	8	255
 36875	110	93	56	137	144	140	8	255
 36920	111	93	56	138	144	140	8	255
 36966	111	93	56	137	144	142	8	255
 37011	112	93	56	137	144	141	8	255
 37056	112	94	57	137	144	142	8	255
 37102	113	94	57	137	144	142	8	255
 37147	113	94	57	137	144	144	8	255
 37192	113	94	57	137	144	144	8	255
 37238	114	94	57	137	144	144	8	255
 37283	114	95	57	137	144	145	8	255
 37328	115	95	57	137	144	145	8	255
 37374	115	95	57	137	144	145	8	255
 37419	115	95	57	137	144	145	8	255
 37464	116	95	57	137	144	146	8	255
 37510	116	95	57	137	144	146	8	255
 37555	116	96	57	137	144	148	8	255
 37601	117	96	57	137	144	148	8	255
 37646	117	96	58	137	144	150	8	255
 37691	118	96	58	137	144	148	8	255
 37737	118	96	58	137	144	150	8	255
 37782	118	97	58	137	144	150	8	255
 37827	119	97	58	137	144	151	8	255
 37873	119	97	58	137	144	151	8	255
 37918	120	97	58	137	144	152	8	255
 37963	120	97	58	137	144	154	8	255
 38009	120	97	58	137	144	152	8	255
 38054	121	98	58	137	144	154	8	255
 38099	121	98	58	137	144	155	8	255
 38145	121	98	58	137	144	154	8	255
 38190	122	98	58	137	144	154	8	255
 38235	122	98	59	137	144	155	8	255
 38281	123	98	59	137	144	155	8	255
 38326	123	99	59	137	144	155	8	255
 38371	123	99	59	137	144	156	8	255
 38417	124	99	59	137	144	156	8	255
 38462	124	99	59	137	144	158	8	255
 38508	124	99	59	137	144	158	8	255
 38553	125	99	59	137	144	158	8	255
 38598	125	99	59	137	144	158	8	255
 38644	126	99	59	137	144	160	8	255
 38689	126	100	59	137	144	160	8	255
 38734	126	100	59	137	144	160	8	255
 38780	127	100	60	137	144	161	8	255
 38825	127	100	60	137	144	160	8	255
 38870	127	101	60	137	144	161	8	255
 38916	128	101	60	137	144	161	8	255
 38961	128	101	60	137	143	161	8	255
 39006	128	101	60	138	144	162	8	255
 39052	128	101	60	138	143	162	8	255
 39097	129	101	60	138	144	164	8	255
 39142	129	102	60	138	143	164	8	255
 39188	129	102	60	138	143	164	8	255
 39233	130	102	60	138	143	164	8	255
 39279	130	102	60	138	143	165	8	255
 39324	130	102	60	138	143	165	8	255
 39369	131	102	61	138	143	165	8	255
 39415	131	102	61	138	143	165	8	255
 39460	131	103	61	138	143	166	8	255
 39505	132	103	61	138	143	166	8	255
 39551	132	103	61	138	143	166	8	255
 39596	132	103	61	138	143	166	8	255
 39641	132	103	61	138	143	166	8	255
 39687	133	103	61	138	143	168	8	255
 39732	133	103	61	138	143	170	8	255
 39777	133	104	61	138	143	168	8	255
 39823	134	104	61	138	143	170	8	255
 39868	134	104	61	138	143	171	8	255
 39913	134	104	62	139	143	170	8	255
 39959	135	104	62	139	143	172	8	255
 40004	135	104	62	139	143	172	8	255
 40050	135	104	62	139	143	171	8	255
 40095	136	104	62	139	143	172	8	255
 40140	136	105	62	139	143	171	8	255
 40186	136	105	62	139	143	174	8	255
 40231	137	105	62	139	143	172	8	255
 40276	137	105	62	139	143	174	8	255
 40324	137	105	62	139	143	174	8	255
 40367	137	105	62	139	143	174	8	255
 40413	138	105	62	139	143	174	8	255
 40458	138	106	62	139	143	174	8	255
 40503	138	106	63	139	143	176	8	255
 40548	139	106	63	140	143	177	8	255
 40594	139	106	63	140	143	177	8	255
 40639	139	106	63	140	143	177	8	255
 40684	140	106	63	140	143	177	8	255
 40730	140	106	63	140	143	178	8	255
 40775	140	107	63	140	143	178	8	255
 40821	140	107	63	140	143	177	8	255
 40866	141	107	63	140	143	180	8	255
 40911	141	107	63	140	144	180	8	255
 40957	141	107	63	140	144	180	8	255
 41002	141	107	63	140	144	182	8	255
 41047	142	107	64	140	144	180	8	255
 41093	142	107	64	140	144	180	8	255
 41138	142	107	64	140	144	182	8	255
 41183	143	108	64	140	144	182	8	255
 41229	143	108	64	141	144	180	8	255
 41274	143	108	64	141	144	182	8	255
 41319	143	108	64	141	144	183	8	255
 41365	144	108	64	141	144	182	8	255
 41410	144	108	64	141	144	183	8	255
 41455	144	108	64	141	144	183	8	255
 41501	144	108	64	141	144	184	8	255
 41546	145	109	64	141	144	184	8	255
 41591	145	109	65	141	144	184	8	255
 41637	145	109	65	141	144	184	8	255
 41682	145	109	65	141	144	183	8	255
 41728	145	109	65	141	144	186	8	255
 41773	146	109	65	141	144	184	8	255
 41818	146	109	65	141	145	186	8	255
 41864	146	109	65	141	145	186	8	255
 41909	146	109	65	141	145	186	8	255
 41954	146	110	65	141	145	186	8	255
 42000	147	110	65	142	145	186	8	255
 42045	147	110	65	142	145	188	8	255
 42090	147	110	65	142	145	188	8	255
 42136	147	110	66	142	145	188	8	255
 42181	148	110	66	142	145	189	8	255
 42226	148	110	66	142	145	188	8	255
 42272	148	110	66	142	145	189	8	255
 42317	148	110	66	142	145	189	8	255
 42362	148	111	66	142	145	189	8	255
 42408	149	111	66	142	145	190	8	255
 42453	149	111	66	142	145	189	8	255
 42499	149	111	66	142	146	190	8	255
 42545	149	111	66	142	146	190	8	255
 42589	150	111	66	142	146	190	8	255
 42635	150	111	66	143	146	190	8	255
 42680	150	111	66	143	146	192	8	255
 42725	150	111	67	143	146	192	8	255
 42771	151	111	67	143	146	192	8	255
 42816	151	112	67	143	146	192	8	255
 42861	151	112	67	143	146	192	8	255
 42907	151	112	67	143	146	192	8	255
 42952	151	112	67	143	146	194	8	255
 42997	152	112	67	143	146	194	8	255
 43043	152	112	67	143	146	195	8	255
 43089	152	112	67	143	147	195	8	255
 43133	152	112	67	143	147	195	8	255
 43180	152	112	67	143	147	194	8	255
 43224	152	112	67	144	147	195	8	255
 43270	153	112	68	144	147	196	8	255
 43315	153	113	68	144	147	195	8	255
 43360	153	113	68	144	147	195	8	255
 43406	153	113	68	144	147	195	8	255
 43451	153	113	68	144	147	195	8	255
 43496	153	113	68	144	147	196	8	255
 43542	153	113	68	144	147	196	8	255
 43587	154	113	68	144	147	195	8	255
 43632	154	113	68	144	148	196	8	255
 43678	154	113	68	144	148	198	8	255
 43723	154	113	68	144	148	196	8	255
 43768	154	113	68	145	148	196	8	255
 43814	154	114	68	145	148	198	8	255
 43859	155	114	68	145	148	198	8	255
 43904	155	114	68	145	148	196	8	255
 43950	155	114	69	145	148	198	8	255
 43995	155	114	69	145	148	198	8	255
 44040	155	114	69	145	148	198	8	255
 44086	155	114	69	145	148	200	8	255
 44131	155	114	69	145	148	198	8	255
 44177	156	114	69	145	149	200	8	255
 44222	156	114	69	145	149	200	8	255
 44267	156	114	69	145	149	200	8	255
 44313	156	114	69	146	149	201	8	255
 44358	156	115	69	146	149	200	8	255
 44403	156	115	69	146	149	198	8	255
 44449	156	115	69	146	149	201	8	255
 44494	157	115	69	146	149	200	8	255
 44539	157	115	70	146	149	201	8	255
 44585	157	115	70	146	149	201	8	255
 44630	157	115	70	146	149	201	8	255
 44675	157	115	70	146	150	200	8	255
 44721	157	115	70	146	150	201	8	255
 44766	157	115	70	146	150	200	8	255
 44811	157	115	70	147	150	201	8	255
 44857	158	115	70	147	150	201	8	255
 44902	158	115	70	147	150	202	8	255
 44948	158	116	70	147	150	202	8	255
 44993	158	116	70	147	150	204	8	255
 45038	158	116	70	147	150	202	8	255
 45084	159	116	70	147	150	204	8	255
 45129	159	116	70	147	150	202	8	255
 45174	159	116	70	147	151	204	8	255
 45220	159	116	71	147	151	204	8	255
 45265	159	116	71	147	151	206	8	255
 45310	159	116	71	148	151	204	8	255
 45356	159	116	71	148	151	202	8	255
 45401	159	116	71	148	151	204	8	255
 45446	160	116	71	148	151	206	8	255
 45492	160	116	71	148	151	206	8	255
 45537	160	116	71	148	151	206	8	255
 45582	160	117	71	148	151	204	8	255
 45628	160	117	71	148	151	204	8	255
 45673	160	117	71	148	152	204	8	255
 45718	160	117	71	148	152	206	8	255
 45764	160	117	71	149	152	204	8	255
 45809	160	117	71	149	152	206	8	255
 45855	160	117	71	149	152	206	8	255
 45900	161	117	71	149	152	204	8	255
 45945	161	117	72	149	152	204	8	255
 45991	161	117	72	149	152	206	8	255
 46036	161	117	72	149	152	204	8	255
 46081	161	117	72	149	153	207	8	255
 46127	161	117	72	149	153	206	8	255
 46172	161	117	72	149	153	206	8	255
 46217	161	118	72	149	153	204	8	255
 46263	161	118	72	150	153	206	8	255
 46308	161	118	72	150	153	207	8	255
 46353	161	118	72	150	153	206	8	255
 46399	161	118	72	150	153	206	8	255
 46445	161	118	72	150	153	206	8	255
 46489	161	118	72	150	153	206	8	255
 46535	161	118	72	150	153	204	8	255
 46580	161	118	72	150	154	207	8	255
 46626	161	118	72	150	154	204	8	255
 46671	161	118	72	150	154	206	8	255
 46716	161	118	73	150	154	206	8	255
 46762	161	118	73	151	154	206	8	255
 46807	161	118	73	151	154	207	8	255
 46852	161	119	73	151	154	207	8	255
 46898	161	119	73	151	154	206	8	255
 46943	162	119	73	151	154	206	8	255
 46988	162	119	73	151	154	207	8	255
 47034	162	119	73	151	155	207	8	255
 47079	162	119	73	151	155	206	8	255
 47124	162	119	73	151	155	208	8	255
 47170	162	119	73	151	155	208	8	255
 47215	162	119	73	152	155	207	8	255
 47260	162	119	73	152	155	207	8	255
 47306	162	119	73	152	155	210	8	255
 47351	162	119	73	152	155	207	8	255
 47397	163	119	73	152	155	207	8	255
 47442	163	119	73	152	155	207	8	255
 47487	163	120	74	152	155	210	8	255
 47533	163	120	74	152	156	208	8	255
 47578	163	120	74	152	156	208	8	255
 47623	163	120	74	152	156	208	8	255
 47669	163	120	74	152	156	208	8	255
 47714	163	120	74	153	156	207	8	255
 47759	163	120	74	153	156	207	8	255
 47805	163	120	74	153	156	208	8	255
 47850	163	120	74	153	156	208	8	255
 47895	163	120	74	153	156	208	8	255
 47941	163	120	74	153	156	207	8	255
 47986	163	120	74	153	156	210	8	255
 48031	163	120	74	153	157	208	8	255
 48077	163	120	74	153	157	208	8	255
 48122	163	120	74	153	157	210	8	255
 48167	163	120	74	153	157	208	8	255
 48213	163	120	74	153	157	210	8	255
 48258	163	120	74	153	157	210	8	255
 48303	163	120	75	153	157	208	8	255
 48349	163	120	75	153	157	208	8	255
 48394	163	120	75	153	157	207	8	255
 48440	163	121	75	153	157	207	8	255
 48485	163	121	75	153	157	208	8	255
 48530	163	121	75	153	157	207	8	255
 48576	163	121	75	153	157	207	8	255
 48621	163	121	75	153	157	207	8	255
 48666	163	122	75	153	157	208	8	255
 48721	163	122	75	153	157	210	8	255
 48766	163	122	75	153	157	208	8	255
 48812	163	122	75	153	157	208	8	255
 48857	163	122	75	153	157	208	8	255
 48902	163	122	75	153	157	207	8	255
 48947	163	122	75	153	157	208	8	255
 48993	163	123	75	153	157	208	8	255
 49038	163	123	75	153	157	207	8	255
 49084	163	123	75	153	157	207	8	255
 49129	163	123	76	153	157	208	8	255
 49174	163	123	76	153	157	207	8	255
 49220	163	123	76	153	157	207	8	255
 49266	163	123	76	153	157	210	8	255
 49310	163	123	76	153	157	210	8	255
 49356	163	124	76	153	157	208	8	255
 49401	163	124	76	153	157	208	8	255
 49446	163	124	76	153	157	210	8	255
 49492	163	124	76	153	157	210	8	255
 49537	164	124	76	153	157	207	8	255
 49582	164	124	76	153	157	208	8	255
 49628	164	124	76	153	157	210	8	255
 49673	164	124	76	153	157	212	8	255
 49718	164	125	76	153	157	210	8	255
 49764	164	125	76	153	157	210	8	255
 49809	164	125	76	153	157	212	8	255
 49854	164	125	76	153	157	212	8	255
 49900	164	125	76	153	157	212	8	255
 49945	164	125	77	153	157	212	8	255
 49991	165	125	77	153	157	210	8	255
 50036	165	125	77	153	157	212	8	255
 50081	165	126	77	153	157	210	8	255
 50127	165	126	77	153	157	212	8	255
 50172	165	126	77	153	157	208	8	255
 50217	165	126	77	153	157	212	8	255
 50263	165	126	77	153	157	212	8	255
 50308	165	126	77	153	157	210	8	255
 50353	165	126	77	153	157	210	8	255
 50399	165	126	77	153	157	210	8	255
 50444	165	127	77	153	157	212	8	255
 50489	165	127	77	153	156	212	8	255
 50535	165	127	77	153	156	210	8	255
 50580	165	127	77	153	157	212	8	255
 50625	165	127	78	153	157	212	8	255
 50671	165	127	78	153	156	212	8	255
 50716	165	127	78	153	156	212	8	255
 50761	165	127	78	153	157	212	8	255
 50807	165	127	78	153	156	212	8	255
 50852	165	128	78	153	156	210	8	255
 50897	165	128	78	153	157	212	8	255
 50943	165	128	78	153	156	212	8	255
 50988	165	128	78	153	156	212	8	255
 51034	165	128	78	153	156	213	8	255
 51079	165	128	78	153	156	212	8	255
 51124	165	128	78	153	156	213	8	255
 51170	165	129	78	153	156	212	8	255
 51215	165	129	78	153	156	212	8	255
 51261	165	129	78	153	156	212	8	255
 51306	166	129	79	153	156	212	8	255
 51351	166	129	79	153	156	212	8	255
 51397	166	129	79	153	156	212	8	255
 51442	166	129	79	152	156	212	8	255
 51487	166	129	79	152	156	212	8	255
 51532	166	129	79	153	156	212	8	255
 51578	166	130	79	152	156	213	8	255
 51623	166	130	79	152	156	212	8	255
 51668	166	130	79	152	156	212	8	255
 51714	166	130	79	152	156	210	8	255
 51759	166	130	79	152	156	212	8	255
 51804	166	130	79	152	156	210	8	255
 51850	166	130	79	152	156	213	8	255
 51895	166	130	79	152	156	212	8	255
 51941	166	131	79	152	156	210	8	255
 51986	166	131	80	152	156	213	8	255
 52031	166	131	80	152	156	210	8	255
 52077	166	131	80	152	156	212	8	255
 52122	166	131	80	152	156	212	8	255
 52167	166	131	80	152	156	212	8	255
 52213	166	131	80	152	156	212	8	255
 52258	166	131	80	152	156	212	8	255
 52303	166	132	80	152	156	212	8	255
 52349	166	132	80	152	156	213	8	255
 52395	166	132	80	152	156	212	8	255
 52439	166	132	80	152	156	212	8	255
 52485	166	132	80	152	156	210	8	255
 52530	166	132	80	152	156	210	8	255
 52575	165	132	80	152	156	212	8	255
 52621	165	132	81	152	156	212	8	255
 52666	165	132	81	152	156	212	8	255
 52712	165	133	81	152	156	213	8	255
 52757	165	133	81	152	156	212	8	255
 52802	165	133	81	152	156	210	8	255
 52848	165	133	81	152	156	208	8	255
 52893	165	133	81	153	156	208	8	255
 52938	165	133	81	153	156	210	8	255
 52984	165	133	81	153	156	210	8	255
 53029	165	133	81	153	156	210	8	255
 53074	165	133	81	153	156	212	8	255
 53120	165	134	81	153	156	210	8	255
 53165	165	134	81	153	156	208	8	255
 53210	165	134	81	153	156	210	8	255
 53256	165	134	82	153	156	208	8	255
 53301	165	134	82	153	156	210	8	255
 53346	165	134	82	153	156	210	8	255
 53392	164	134	82	153	156	210	8	255
 53438	164	134	82	153	156	208	8	255
 53483	164	134	82	153	156	207	8	255
 53528	164	134	82	153	156	208	8	255
 53573	164	135	82	154	156	207	8	255
 53619	164	135	82	154	156	208	8	255
 53664	164	135	82	154	156	208	8	255
 53709	164	135	82	154	156	210	8	255
 53755	164	135	82	154	156	208	8	255
 53800	164	135	82	154	156	208	8	255
 53845	164	135	82	154	157	208	8	255
 53891	164	135	83	154	157	208	8	255
 53936	164	136	83	154	157	208	8	255
 53981	164	136	83	154	157	208	8	255
 54027	164	136	83	154	157	208	8	255
 54072	164	136	83	154	157	207	8	255
 54118	164	136	83	154	157	208	8	255
 54163	163	136	83	154	157	207	8	255
 54208	163	136	83	154	157	207	8	255
 54254	163	136	83	154	157	208	8	255
 54299	163	136	83	154	157	207	8	255
 54344	163	136	83	154	157	207	8	255
 54390	163	136	83	154	157	207	8	255
 54435	163	137	83	154	157	207	8	255
 54480	163	137	83	154	157	206	8	255
 54526	163	137	84	154	157	206	8	255
 54571	163	137	84	154	157	207	8	255
 54617	163	137	84	155	157	206	8	255
 54662	163	137	84	155	157	206	8	255
 54707	163	137	84	155	157	207	8	255
 54752	163	137	84	155	157	207	8	255
 54798	162	137	84	155	157	206	8	255
 54843	162	137	84	155	157	206	8	255
 54888	162	137	84	155	157	206	8	255
 54934	162	137	84	155	158	206	8	255
 54979	162	137	84	155	158	207	8	255
 55025	162	138	84	155	158	206	8	255
 55070	162	138	84	155	158	206	8	255
 55115	162	138	84	155	158	206	8	255
 55161	162	138	85	155	158	206	8	255
 55207	162	138	85	155	158	204	8	255
 55251	162	138	85	155	158	206	8	255
 55297	162	138	85	155	158	206	8	255
 55342	161	138	85	155	158	204	8	255
 55387	161	138	85	155	158	204	8	255
 55433	161	138	85	155	158	206	8	255
 55478	161	138	85	155	158	202	8	255
 55523	161	138	85	155	158	204	8	255
 55569	161	138	85	155	158	206	8	255
 55614	161	138	85	155	158	204	8	255
 55659	161	138	85	155	158	202	8	255
 55705	161	138	85	155	158	202	8	255
 55750	161	138	85	155	158	202	8	255
 55796	160	139	85	156	158	202	8	255
 55841	160	139	86	156	158	201	8	255
 55886	160	139	86	156	158	202	8	255
 55932	160	139	86	156	158	202	8	255
 55977	160	139	86	156	158	202	8	255
 56022	160	139	86	156	158	202	8	255
 56069	160	139	86	156	158	201	8	255
 56113	160	139	86	156	158	201	8	255
 56158	159	139	86	156	158	201	8	255
 56204	159	139	86	156	159	202	8	255
 56249	159	139	86	156	158	201	8	255
 56294	159	139	86	156	159	201	8	255
 56340	159	139	86	156	159	201	8	255
 56385	159	139	86	156	159	201	8	255
 56430	158	139	86	156	159	200	8	255
 56476	158	139	87	156	159	200	8	255
 56521	158	139	87	156	159	200	8	255
 56566	158	139	87	156	159	198	8	255
 56612	158	140	87	156	159	198	8	255
 56657	158	140	87	156	159	200	8	255
 56703	157	140	87	157	159	196	8	255
 56748	157	140	87	157	159	200	8	255
 56793	157	140	87	157	159	196	8	255
 56839	157	140	87	156	159	196	8	255
 56884	157	140	87	156	159	198	8	255
 56929	157	140	87	156	159	198	8	255
 56975	156	140	87	156	159	196	8	255
 57021	156	140	87	156	159	196	8	255
 57065	156	140	87	156	159	196	8	255
 57111	156	140	87	156	159	195	8	255
 57156	156	140	87	156	159	196	8	255
 57201	156	140	87	156	159	195	8	255
 57247	156	140	88	156	159	196	8	255
 57292	155	140	88	156	159	196	8	255
 57337	155	140	88	156	159	195	8	255
 57383	155	140	88	156	159	195	8	255
 57429	155	140	88	156	159	195	8	255
 57474	155	140	88	156	159	195	8	255
 57519	154	140	88	157	159	194	8	255
 57564	154	140	88	157	159	192	8	255
 57610	154	140	88	157	159	195	8	255
 57655	154	140	88	157	159	194	8	255
 57700	154	140	88	157	159	194	8	255
 57746	154	140	88	157	159	192	8	255
 57791	153	140	88	157	159	192	8	255
 57836	153	140	88	157	159	192	8	255
 57882	153	140	88	157	159	192	8	255
 57927	153	140	88	157	159	192	8	255
 57972	153	141	88	157	159	192	8	255
 58018	152	141	88	157	159	192	8	255
 58063	152	141	89	157	159	190	8	255
 58108	152	141	89	157	159	189	8	255
 58154	152	140	89	157	160	189	8	255
 58199	151	140	89	157	160	189	8	255
 58244	151	141	89	157	160	188	8	255
 58290	151	141	89	157	160	189	8	255
 58335	151	141	89	157	160	190	8	255
 58381	151	141	89	157	160	189	8	255
 58426	150	141	89	157	160	189	8	255
 58471	150	141	89	157	160	188	8	255
 58517	150	141	89	157	160	186	8	255
 58562	150	141	89	157	160	186	8	255
 58607	150	141	89	157	160	186	8	255
 58653	149	141	89	157	160	186	8	255
 58698	149	141	89	157	160	188	8	255
 58743	149	141	89	157	160	186	8	255
 58789	149	141	89	157	160	184	8	255
 58834	148	141	89	157	160	184	8	255
 58879	148	141	89	157	160	184	8	255
 58925	148	140	89	157	160	183	8	255
 58970	148	141	90	157	160	184	8	255
 59015	147	140	90	157	160	183	8	255
 59061	147	140	90	157	160	184	8	255
 59106	147	140	90	157	160	183	8	255
 59152	147	140	90	157	160	183	8	255
 59197	146	140	90	157	160	182	8	255
 59242	146	140	90	157	160	182	8	255
 59288	146	140	90	157	160	182	8	255
 59333	146	140	90	157	160	180	8	255
 59378	145	140	90	157	160	180	8	255
 59424	145	140	90	157	160	178	8	255
 59469	145	140	90	157	160	180	8	255
 59514	144	140	90	157	160	180	8	255
 59560	144	140	90	157	160	177	8	255
 59605	144	140	90	157	160	178	8	255
 59650	144	140	90	157	160	178	8	255
 59696	143	140	90	157	160	177	8	255
 59741	143	140	90	157	160	176	8	255
 59786	143	140	90	157	160	176	8	255
 59832	143	140	90	157	160	176	8	255
 59877	142	140	90	157	160	177	8	255
 59923	142	140	90	157	160	174	0	255
 59968	141	138	90	157	160	174	0	255
 60013	139	136	90	157	160	176	0	255
 60059	137	134	90	157	160	174	0	255
 60104	135	132	90	157	160	172	0	255
 60149	133	131	90	157	160	171	0	255
 60195	131	129	90	157	160	168	0	255
 60240	129	127	90	157	160	168	0	255
 60285	126	125	90	157	160	164	0	255
 60331	124	123	90	157	160	164	0	255
 60376	122	121	90	157	160	165	0	255
 60421	120	120	90	157	160	164	0	255
 60467	118	118	90	157	160	162	0	255
 60512	116	116	90	157	160	164	0	255
 60557	114	114	90	157	160	162	0	255
 60603	113	112	90	157	160	160	0	255
 60648	111	111	90	157	160	160	0	255
 60694	109	109	90	157	160	156	0	255
 60739	110	106	90	157	160	171	0	255
 60784	116	106	90	157	160	182	8	255
 60830	123	113	90	157	160	183	8	255
 60875	131	124	90	157	160	184	8	255
 60920	137	130	90	157	160	183	8	255
 60966	140	134	90	157	160	183	8	255
 61011	141	136	90	157	160	182	8	255
 61056	143	137	90	157	160	178	8	255
 61102	143	138	90	157	160	172	0	255
 61147	142	137	90	157	160	164	0	255
 61192	140	135	90	157	160	164	0	255
 61238	138	134	90	157	160	158	0	255
 61283	137	126	90	157	160	156	8	255
 61328	134	126	90	157	160	155	8	255
 61374	131	127	90	157	160	151	8	255
 61419	128	130	90	157	160	152	8	255
 61464	127	134	90	157	160	154	8	255
 61510	127	136	90	157	160	154	8	255
 61555	126	138	90	157	160	151	8	255
 61601	126	138	90	157	160	150	8	255
 61646	124	137	90	157	160	145	8	255
 61691	121	135	90	156	160	137	8	255
 61737	118	134	90	156	160	138	8	255
 61782	116	136	90	156	160	137	8	255
 61827	115	137	90	156	160	140	8	255
 61873	115	138	90	156	160	141	8	255
 61918	116	138	90	156	160	140	8	255
 61963	116	139	90	156	160	140	8	255
 62009	116	139	90	156	160	140	8	255
 62054	115	139	91	156	160	138	8	255
 62099	115	139	91	156	160	136	8	255
 62145	114	138	91	156	160	136	8	255
 62190	113	139	91	156	160	137	8	255
 62235	113	139	91	156	160	137	8	255
 62281	113	139	91	155	160	138	8	255
 62326	113	139	91	155	160	136	8	255
 62372	113	139	91	155	160	137	8	255
 62417	113	139	91	155	160	137	8	255
 62462	113	138	91	155	160	136	8	255
 62511	112	138	91	155	160	134	8	255
 62553	112	138	91	155	160	136	8	255
 62601	111	138	91	155	160	136	8	255
 62644	111	138	91	155	160	136	8	255
 62689	111	139	91	155	160	134	8	255
 62734	111	139	91	155	160	132	8	255
 62780	111	138	91	155	160	134	8	255
 62825	111	138	91	154	160	136	8	255
 62870	111	138	91	154	160	132	8	255
 62916	111	138	91	154	160	134	8	255
 62961	111	138	91	154	160	132	8	255
 63006	110	138	91	154	160	132	8	255
 63052	110	138	92	154	160	132	8	255
 63097	111	138	92	154	160	132	8	255
 63142	111	138	92	154	160	134	8	255
 63188	111	138	92	154	160	131	8	255
 63233	111	138	92	154	160	134	8	255
 63279	111	138	92	154	160	134	8	255
 63324	111	138	92	153	160	134	8	255
 63369	111	138	92	153	160	134	8	255
 63415	111	138	92	153	160	132	8	255
 63460	111	138	92	153	160	136	8	255
 63505	111	138	92	153	160	134	8	255
 63551	111	138	92	153	160	136	8	255
 63596	111	138	92	153	160	134	8	255
 63641	111	138	92	153	160	132	8	255
 63687	111	138	92	153	160	134	8	255
 63732	111	138	92	153	160	134	8	255
 63777	111	138	92	153	159	136	8	255
 63823	111	138	92	153	159	136	8	255
 63868	111	138	92	153	159	132	8	255
 63913	111	137	92	153	160	134	8	255
 63959	111	137	92	152	159	134	8	255
 64004	111	137	92	152	159	132	8	255
 64050	110	137	92	152	159	132	8	255
 64095	110	137	92	152	159	131	8	255
 64140	110	137	92	152	159	132	8	255
 64186	110	137	92	152	159	132	8	255
 64231	110	137	92	152	159	132	8	255
 64276	110	137	92	152	159	131	8	255
 64322	109	137	92	152	159	130	8	255
 64367	109	137	92	152	159	130	8	255
 64412	109	137	92	152	159	130	8	255
 64458	108	137	92	152	159	130	8	255
 64503	108	137	92	152	159	130	8	255
 64548	108	137	92	152	159	130	8	255
 64594	108	136	92	151	159	130	8	255
 64639	108	136	92	151	159	130	8	255
 64684	107	136	92	151	159	130	8	255
 64730	107	136	92	151	159	128	8	255
 64775	107	136	92	151	159	128	8	255
 64821	107	136	92	151	159	128	8	255
 64866	107	136	92	151	159	128	8	255
 64912	107	136	92	151	159	130	8	255
 64957	107	136	92	151	159	128	8	255
 65002	107	136	92	151	159	128	8	255
 65047	107	136	92	151	159	127	8	255
 65093	107	136	92	150	159	127	8	255
 65138	106	136	92	150	159	128	8	255
 65183	106	136	92	150	159	130	8	255
 65229	106	136	92	150	159	128	8	255
 65274	106	136	92	150	159	128	8	255
 65319	106	135	92	150	159	127	0	255
 65365	106	134	92	150	159	124	0	255
 65410	105	132	92	150	159	122	0	255
 65455	104	130	92	150	159	119	0	255
 65501	102	128	92	150	159	114	0	255
 65546	101	126	92	150	159	112	0	255
 65592	100	124	92	149	159	108	0	255
 65637	99	122	92	150	159	106	0	255
 65682	98	120	92	150	159	105	0	255
 65728	96	119	92	150	159	101	0	255
 65773	95	117	92	149	159	100	0	255
 65818	94	115	92	149	159	97	0	255
 65864	93	113	92	149	159	94	0	255
 65909	92	112	92	149	159	93	0	255
 65954	90	110	92	149	159	90	0	255
 66000	89	108	92	149	159	90	0	255
 66045	88	107	92	149	159	86	0	255
 66090	87	105	92	149	159	85	0	255
 66136	86	104	92	149	159	84	0	255
 66181	85	103	92	150	159	83	0	255
 66226	84	101	92	149	159	80	0	255
 66272	83	100	92	149	159	80	0	255
 66317	82	98	92	149	159	78	0	255
 66362	82	97	92	149	159	76	0	255
 66408	81	96	91	149	159	74	0	255
 66453	80	95	92	149	159	72	0	255
 66499	79	93	91	149	159	72	0	255
 66544	78	92	91	149	159	70	0	255
 66589	77	91	91	149	159	70	0	255
 66635	77	90	91	149	159	67	0	255
 66680	76	89	91	149	159	68	0	255
 66725	75	88	91	149	159	65	0	255
 66771	75	87	91	149	159	65	0	255
 66816	74	86	91	149	159	65	0	255
 66861	73	85	91	149	159	61	0	255
 66907	73	84	91	149	159	61	0	255
 66952	72	83	91	149	159	60	0	255
 66997	71	82	91	149	159	58	0	255
 67043	71	81	91	149	159	60	0	255
 67088	70	80	91	149	159	57	0	255
 67133	70	79	91	149	159	56	0	255
 67179	69	78	91	149	159	56	0	255
 67224	68	78	91	149	159	54	0	255
 67270	68	77	91	149	159	52	0	255
 67315	67	76	91	149	159	54	0	255
 67360	67	75	91	149	159	52	0	255
 67406	66	75	91	149	159	52	0	255
 67451	66	74	91	149	159	52	0	255
 67496	66	73	91	149	159	50	0	255
 67542	65	72	90	149	159	50	0	255
 67587	65	72	91	149	159	48	0	255
 67632	64	71	90	149	159	48	0	255
 67678	64	70	90	149	159	47	0	255
 67723	63	70	90	149	159	45	0	255
 67768	63	69	90	149	159	46	0	255
 67814	63	69	90	149	159	45	0	255
 67859	62	68	90	149	159	45	0	255
 67904	62	67	90	149	159	42	0	255
 67950	61	67	90	149	159	42	0	255
 67995	61	66	90	149	159	42	0	255
 68040	61	66	90	149	159	42	0	255
 68086	60	65	90	149	159	40	8	255
 68131	60	65	90	149	159	40	0	255
 68177	60	64	90	149	159	41	0	255
 68222	59	64	90	149	159	40	0	255
 68267	59	63	90	149	159	38	0	255
 68313	59	63	90	149	159	40	0	255
 68358	59	62	90	149	159	36	0	255
 68403	58	62	90	149	159	37	0	255
 68449	58	61	90	149	159	37	0	255
 68494	58	61	90	149	159	35	0	255
 68539	58	60	90	149	159	35	0	255
 68585	57	60	90	149	159	36	0	255
 68630	57	59	90	149	159	35	0	255
 68675	57	59	90	149	159	34	0	255
 68721	57	58	90	149	159	32	0	255
 68766	56	58	90	149	159	34	0	255
 68811	56	58	90	149	159	35	0	255
 68857	56	57	89	149	159	32	0	255
 68902	56	57	90	149	159	32	0	255
 68947	55	57	89	149	159	32	0	255
 68993	55	56	89	149	159	31	0	255
 69038	55	56	89	149	159	31	0	255
 69084	55	56	89	149	159	29	0	255
 69129	55	55	89	149	159	30	0	255
 69174	55	55	89	149	159	31	0	255
 69220	54	55	89	149	159	30	0	255
 69265	54	55	89	149	159	29	0	255
 69310	54	54	89	149	159	28	0	255
 69356	54	54	89	149	159	29	0	255
 69401	54	54	89	149	159	29	0	255
 69446	53	54	89	149	159	26	0	255
 69492	53	53	89	149	159	29	0	255
 69537	53	53	89	149	159	26	0	255
 69582	53	53	89	149	159	25	0	255
 69628	53	53	89	149	159	26	0	255
 69673	53	53	89	149	159	26	0	255
 69719	53	52	89	149	158	25	0	255
 69764	52	52	89	149	159	25	0	255
 69809	52	52	89	149	159	25	0	255
 69855	52	52	89	149	159	25	0	255
 69900	52	52	89	149	159	25	0	255
 69945	52	51	89	149	158	24	0	255
 69991	52	51	89	149	158	23	0	255
 70036	52	51	89	149	158	23	0	255
 70085	51	51	89	149	158	24	0	255
 70127	51	51	89	149	158	22	0	255
 70172	51	51	89	149	158	22	0	255
 70217	51	51	89	149	158	22	0	255
 70263	51	50	88	149	158	23	0	255
 70308	51	50	89	149	158	22	0	255
 70353	51	50	88	149	158	22	0	255
 70399	51	50	88	149	158	20	0	255
 70444	51	50	88	149	158	20	0	255
 70489	50	50	88	149	158	20	0	255
 70535	50	50	88	149	158	19	0	255
 70580	50	50	88	149	158	20	0	255
 70625	50	49	88	149	158	20	0	255
 70671	50	49	88	149	158	19	0	255
 70716	50	49	88	149	158	19	0	255
 70762	50	49	88	149	158	19	0	255
 70807	50	49	88	149	158	18	0	255
 70852	50	49	88	149	158	19	0	255
 70898	50	49	88	149	158	18	0	255
 70944	50	49	88	149	158	18	0	255
 70988	49	49	88	149	158	18	0	255
 71034	49	48	88	149	158	18	0	255
 71079	49	48	88	149	158	18	0	255
 71124	49	48	88	149	158	17	0	255
 71170	49	48	88	149	158	18	0	255
 71215	49	48	88	149	158	17	0	255
 71260	49	48	88	149	158	16	0	255
 71306	49	48	88	149	158	16	0	255
 71351	49	48	88	149	158	16	0	255
 71396	49	48	88	149	158	16	0	255
 71442	49	48	88	149	158	16	0	255
 71487	49	48	88	149	158	17	0	255
 71532	49	48	88	149	158	14	0	255
 71578	49	47	88	149	158	17	0	255
 71623	48	47	88	149	158	16	0	255
 71669	48	47	88	149	158	14	0	255
 71714	48	47	88	149	158	16	0	255
 71759	48	47	88	149	158	14	0	255
 71880	48	47	88	149	158	14	0	255
 71925	48	47	88	149	158	13	0	255
 71971	48	47	88	149	158	14	0	255
 72016	48	47	87	149	158	13	0	255
 72062	48	47	87	149	158	14	0	255
 72107	48	47	87	149	158	14	0	255
 72152	48	47	87	149	158	14	0	255
 72198	48	47	87	149	158	13	0	255
 72243	48	47	87	149	158	13	0	255
 72288	48	46	87	149	158	13	0	255
 72334	48	46	87	149	158	12	0	255
 72379	48	46	87	149	158	12	0	255
 72424	48	46	87	149	158	13	0	255
 72470	47	46	87	149	158	14	0	255
 72515	47	46	87	149	158	13	0	255
 72560	47	46	87	149	158	12	0	255
 72606	47	46	87	149	158	12	0	255
 72651	47	46	87	149	158	12	0	255
 72696	47	46	87	149	158	12	0	255
 72742	47	46	87	149	158	12	0	255
 72787	47	46	87	149	158	11	0	255
 72832	47	46	87	149	158	12	0	255
 72878	47	46	87	149	158	11	0	255
 72923	47	46	87	149	158	11	0	255
 72969	47	46	87	149	158	11	0	255
 73014	47	46	87	149	158	11	0	255
 73059	47	46	87	149	158	12	0	255
 73105	47	46	87	149	158	11	0	255
 73150	47	45	87	149	158	11	0	255
 73195	47	45	87	149	158	11	0	255
 73241	47	45	87	149	158	11	0	255
 73287	47	45	87	149	158	11	0	255
 73331	47	45	87	149	158	11	0	255
 73377	47	45	87	149	158	10	0	255
 73422	47	45	87	149	158	11	0	255
 73467	47	45	87	149	158	10	0	255
 73513	47	45	87	149	158	11	0	255
 73558	47	45	87	149	158	10	0	255
 73603	47	45	87	149	158	10	0	255
 73649	47	45	87	149	158	10	0	255
 73694	46	45	87	149	158	10	0	255
 73740	46	45	87	149	158	10	0	255
 73785	47	45	87	149	158	10	0	255
 73831	46	45	87	149	158	10	0	255
 73876	46	45	87	149	158	10	0	255
 73921	46	45	86	149	158	10	0	255
 73966	46	45	86	149	158	10	0	255
 74012	46	45	86	149	158	10	0	255
 74057	46	45	86	149	158	10	0	255
 74102	46	45	86	149	158	10	0	255
 74148	46	45	86	149	158	10	0	255
 74193	46	45	86	149	158	10	0	255
 74238	46	45	86	149	158	8	0	255
 74284	46	45	86	149	158	8	0	255
 74329	46	45	86	149	158	8	0	255
 74374	46	45	86	149	158	8	0	255
 74421	46	45	86	149	158	8	0	255
 74465	46	44	86	149	158	7	0	255
 74510	46	44	86	149	158	10	0	255
 74556	46	44	86	149	158	8	0	255
 74601	46	44	86	149	158	8	0	255
 74646	46	44	86	149	158	8	0	255
 74692	46	44	86	149	158	8	0	255
 74737	46	44	86	149	158	8	0	255
 74783	46	44	86	149	158	7	0	255
 74828	46	44	86	149	158	7	0	255
 74873	46	44	86	149	158	7	0	255
 74919	46	44	86	149	157	10	0	255
 74964	46	44	86	149	158	8	0	255
 75009	46	44	86	149	157	8	0	255
 75055	46	44	86	149	157	7	0	255
 75100	46	44	86	149	157	7	0	255
 75145	46	44	86	149	157	7	0	255
 75191	46	44	86	149	157	7	0	255
 75236	46	44	86	149	157	7	0	255
 75281	46	44	86	149	157	7	0	255
 75327	46	44	86	149	157	7	0	255
 75372	46	44	86	149	157	7	0	255
 75417	46	44	86	148	157	7	0	255
 75463	46	44	86	149	157	7	0	255
 75508	46	44	86	148	157	7	0	255
 75553	46	44	86	148	157	7	0	255
 75599	46	44	86	148	157	6	0	255
 75644	46	44	86	148	157	7	0	255
 75690	46	44	86	148	157	6	0	255
 75735	46	44	86	148	157	7	0	255
 75780	46	44	86	148	157	6	0	255
 75826	46	44	86	148	157	6	0	255
 75871	46	44	85	148	157	6	0	255
 75916	46	44	86	148	157	6	0	255
 75962	46	44	85	148	157	6	0	255
 76007	46	44	85	148	157	6	0	255
 76052	46	44	85	148	157	7	0	255
 76098	46	44	85	148	157	6	0	255
 76143	45	44	85	148	157	6	0	255
 76188	45	44	85	148	157	6	0	255
 76234	45	44	85	148	157	5	0	255
 76279	45	44	85	148	157	5	0	255
 76324	45	44	85	148	157	5	0	255
 76370	45	44	85	148	157	7	0	255
 76415	45	44	85	148	157	5	0	255
 76460	45	44	85	148	157	5	0	255
 76506	45	44	85	148	157	6	0	255
 76551	45	44	85	148	157	5	0	255
 76596	45	44	85	148	157	5	0	255
 76642	45	44	85	148	157	5	0	255
 76687	45	44	85	148	157	6	0	255
 76733	45	44	85	148	157	4	0	255
 76778	45	44	85	148	157	4	0	255
 76823	45	44	85	148	157	5	0	255
 76869	45	44	85	148	157	5	0	255
 76914	45	44	85	148	157	5	0	255
 76959	45	44	85	148	157	5	0	255
 77005	45	43	85	148	157	5	0	255
 77050	45	43	85	148	157	6	0	255
 77095	45	43	85	148	157	5	0	255
 77141	45	43	85	148	157	5	0	255
 77186	45	43	85	148	157	5	0	255
 77231	45	43	85	148	157	5	0	255
 77277	45	43	85	148	157	5	0	255
 77322	45	43	85	148	157	5	0	255
 77367	45	43	85	148	157	5	0	255
 77413	45	43	85	148	157	4	0	255
 77458	45	43	85	148	157	5	0	255
 77503	45	43	85	148	157	4	0	255
 77549	45	43	85	148	157	5	0	255
 77595	45	43	85	148	157	4	0	255
 77640	45	43	85	148	157	4	0	255
 77685	45	43	85	148	157	5	0	255
 77734	45	43	85	148	157	5	0	255
 77776	45	43	85	148	157	4	0	255
 77821	45	43	85	148	157	5	0	255
 77866	45	43	85	148	157	4	0	255
 77912	45	43	85	148	157	5	0	255
 77957	45	43	85	148	157	5	0	255
 78002	45	43	85	148	157	3	0	255
 78048	45	43	84	148	157	5	0	255
 78093	45	43	84	148	157	4	0	255
 78138	45	43	84	148	157	5	0	255
 78184	45	43	84	148	157	4	0	255
 78229	45	43	84	148	157	4	0	255
 78274	45	43	84	148	157	4	0	255
 78320	45	43	84	148	157	4	0	255
 78365	45	43	84	148	157	4	0	255
 78411	45	43	84	148	157	4	0	255
 78456	45	43	84	148	157	3	0	255
 78501	45	43	84	148	157	5	0	255
 78547	45	43	84	148	157	4	0	255
 78592	45	43	84	148	157	4	0	255
 78637	45	43	84	148	157	4	0	255
 78683	45	43	84	148	157	5	0	255
 78728	45	43	84	148	157	4	0	255
 78773	45	43	84	148	157	5	0	255
 78819	45	43	84	148	157	4	0	255
 78864	45	43	84	148	157	4	0	255
 78909	45	43	84	148	157	4	0	255
 78955	45	43	84	148	157	4	0	255
 79000	45	43	84	148	157	4	0	255
 79045	45	43	84	148	157	4	0	255
 79091	45	43	84	148	157	3	0	255
 79136	45	43	84	148	157	4	0	255
 79181	45	43	84	148	157	4	0	255
 79227	45	43	84	148	157	4	0	255
 79272	45	43	84	148	157	4	0	255
 79317	45	43	84	148	157	3	0	255
 79363	45	43	84	148	157	4	0	255
 79408	45	43	84	148	157	4	0	255
 79454	45	43	84	148	157	4	0	255
 79499	45	43	84	148	157	4	0	255
 79544	45	43	84	148	157	4	0	255
 79590	45	43	84	148	157	4	0	255
 79635	45	43	84	148	157	3	0	255
 79680	45	43	84	148	156	3	0	255
 79726	45	43	84	148	157	3	0	255
 79771	45	43	84	148	156	4	0	255
 79820	45	43	84	148	156	3	0	255
 79862	45	43	84	148	156	3	0	255
 79907	45	43	84	148	156	3	0	255
 79952	45	43	84	148	156	4	0	255
 79998	45	43	84	148	156	3	0	255
 80043	45	43	84	148	156	3	0	255
 80088	45	43	84	148	156	3	0	255
 80134	45	43	84	148	156	3	0	255
 80179	45	43	84	148	156	3	0	255
 80225	45	43	84	148	156	4	0	255
 80270	45	43	84	148	156	3	0	255
 80315	45	43	84	148	156	3	0	255
 80361	45	43	84	148	156	3	0	255
 80408	45	43	83	148	156	3	0	255
 80451	45	43	83	148	156	3	0	255
 80497	45	43	83	148	156	3	0	255
 80542	45	43	83	148	156	3	0	255
 80587	45	43	83	148	156	2	0	255
 80633	45	43	83	148	156	2	0	255
 80678	45	43	83	148	156	3	0	255
 80723	45	43	83	148	156	2	0	255
 80769	45	43	83	148	156	2	0	255
 80814	45	43	83	148	156	2	0	255
 80861	45	43	83	148	156	2	0	255
 80906	45	43	83	148	156	3	0	255
 80951	45	43	83	148	156	2	0	255
 80999	45	43	83	148	156	3	0	255
 81042	45	43	83	148	156	2	0	255
 81087	45	43	83	148	156	2	0	255
 81133	45	43	83	148	156	2	0	255
 81179	45	43	83	148	156	2	0	255
 81223	45	43	83	148	156	2	0	255
 81269	45	43	83	148	156	2	0	255
 81314	45	43	83	148	156	2	0	255
 81360	45	43	83	148	156	2	0	255
 81405	45	43	83	148	156	2	0	255
 81450	45	43	83	148	156	2	0	255
 81496	45	43	83	148	156	2	0	255
 81541	45	43	83	148	156	2	0	255
 81586	45	43	83	148	156	2	0	255
 81632	45	43	83	148	156	2	0	255
 81677	45	43	83	148	156	2	0	255
 81722	45	43	83	148	156	0	0	255
 81768	45	43	83	148	156	0	0	255
 81813	45	43	83	148	156	0	0	255
 81858	45	43	83	148	156	2	0	255
 81904	45	43	83	148	156	0	0	255
 81949	45	43	83	148	156	0	0	255
 81994	45	43	83	148	156	0	0	255
 82040	45	43	83	148	156	0	0	255
 82085	45	43	83	148	156	2	0	255
 82131	45	43	83	148	156	0	0	255
 82176	45	43	83	148	156	0	0	255
 82221	45	43	83	148	156	0	0	255
 82267	45	43	83	148	156	0	0	255
 82312	45	43	83	148	156	0	0	255
 82357	45	43	83	148	156	0	0	255
 82403	45	43	83	148	156	0	0	255
 82448	45	43	83	148	156	0	0	255
 82493	45	43	83	148	156	0	0	255
 82539	45	43	83	148	156	0	0	255
 82584	45	43	83	148	156	0	0	255
 82629	45	43	83	148	156	0	0	255
 82675	45	43	83	148	156	0	0	255
 82720	45	43	83	148	156	0	0	255
 82765	45	43	83	148	156	0	0	255
 82811	45	43	83	148	156	0	0	255
 82856	45	43	83	148	156	0	0	255
 82902	45	43	83	148	156	0	0	255
 82947	45	43	82	148	156	0	0	255
 82992	45	43	82	148	156	0	0	255
 83037	45	43	82	148	156	0	0	255
 83083	45	43	82	148	156	0	0	255
 83128	45	43	82	148	156	0	0	255
 83174	45	43	82	148	156	0	0	255
 83219	45	43	82	147	156	0	0	255
 83264	45	43	82	147	156	0	0	255
 83310	45	43	82	148	156	0	0	255
 83355	45	43	82	148	156	0	0	255
 83400	45	43	82	147	156	0	0	255
 83446	45	43	82	147	156	0	0	255
 83491	45	43	82	147	156	0	0	255
 83536	45	43	82	147	156	0	0	255
 83582	45	43	82	147	156	0	0	255
 83627	45	43	82	147	156	0	0	255
 83672	45	43	82	147	156	0	0	255
 83718	45	43	82	147	156	0	0	255
 83763	45	43	82	147	156	0	0	255
 83809	45	43	82	147	156	0	0	255
 83854	45	43	82	147	156	0	0	255
 83899	45	43	82	147	156	0	0	255
 83944	45	43	82	147	156	0	0	255
 83990	45	43	82	147	156	0	0	255
 84035	45	43	82	147	156	0	0	255
 84081	45	43	82	147	156	0	0	255
 84126	45	43	82	147	156	0	0	255
 84171	45	43	82	147	156	0	0	255
 84217	45	43	82	147	156	0	0	255
 84262	45	43	82	147	156	0	0	255
 84307	45	43	82	147	156	0	0	255
 84353	45	43	82	147	155	0	0	255
 84398	45	43	82	147	156	0	0	255
 84443	45	43	82	147	156	0	0	255
 84489	45	43	82	147	155	0	0	255
 84534	45	43	82	147	155	0	0	255
 84579	45	42	82	147	155	0	0	255
 84625	45	42	82	147	155	0	0	255
 84670	45	43	82	147	155	0	0	255
 84715	45	43	82	147	155	0	0	255
 84761	45	42	82	147	155	0	0	255
 84806	45	42	82	147	155	0	0	255
 84851	45	42	82	147	155	0	0	255
 84897	45	43	82	147	155	0	0	255
 84942	45	42	82	147	155	0	0	255
 84988	45	42	82	147	155	0	0	255
 85033	45	42	82	147	155	0	0	255
 85078	45	42	82	147	155	0	0	255
 85124	45	42	82	147	155	0	0	255
 85169	45	42	82	147	155	0	0	255
 85214	45	42	82	147	155	0	0	255
 85260	45	42	82	147	155	0	0	255
 85305	45	42	82	147	155	0	0	255
 85350	45	42	82	147	155	0	0	255
 85396	45	42	82	147	155	0	0	255
 85441	45	42	82	147	155	0	0	255
 85486	45	42	82	147	155	0	0	255
 85532	45	42	81	147	155	0	0	255
 85577	45	42	81	147	155	0	0	255
 85622	45	42	81	147	155	0	0	255
 85668	45	42	81	147	155	0	0	255
 85713	45	42	81	147	155	0	0	255
 85758	45	42	81	147	155	0	0	255
 85804	45	42	81	147	155	0	0	255
 85849	45	42	81	147	155	0	0	255
 85895	45	42	81	147	155	0	0	255
 85940	45	42	81	147	155	0	0	255
 85985	45	42	81	147	155	0	0	255
 86031	45	42	81	147	155	0	0	255
 86076	45	42	81	147	155	0	0	255
 86121	45	42	81	147	155	0	0	255
 86167	45	42	81	147	155	0	0	255
 86212	45	42	81	147	155	0	0	255
 86257	45	42	81	147	155	0	0	255
 86303	44	42	81	147	155	0	0	255
 86348	45	42	81	147	155	0	0	255
 86394	45	42	81	147	155	0	0	255
