HomeCentral
 Falkenstrasse 20
 8630 Rueti
 Datum: 12.11.14 00:00
 
 Startzeit: 2014-11-12 00:00:24 +0100
 69	37	37	43	98	102	19	0	255
 115	37	37	43	98	102	18	0	255
 160	37	37	43	98	102	18	0	255
 206	37	37	43	98	102	18	0	255
 251	37	37	43	98	102	18	0	255
 296	37	37	43	98	102	18	0	255
 341	37	37	43	98	102	18	0	255
 387	37	37	42	98	102	19	0	255
 432	37	37	43	98	102	19	0	255
 478	37	37	42	98	102	19	0	255
 523	37	37	42	98	102	18	0	255
 568	37	37	42	98	102	19	0	255
 614	37	37	42	98	102	18	0	255
 659	37	37	42	98	102	19	0	255
 704	37	37	42	98	102	18	0	255
 750	37	37	42	98	102	19	0	255
 795	37	37	42	98	102	19	0	255
 840	37	37	42	98	102	19	0	255
 886	37	37	42	98	102	18	0	255
 931	37	37	42	98	102	19	0	255
 976	37	37	42	98	102	18	0	255
 1022	37	37	42	98	102	19	0	255
 1067	37	37	42	98	102	18	0	255
 1113	37	37	42	98	102	18	0	255
 1158	37	37	42	98	102	19	0	255
 1203	37	37	42	98	102	19	0	255
 1249	37	37	42	98	102	19	0	255
 1294	37	37	42	98	102	19	0	255
 1339	37	37	42	98	102	18	0	255
 1385	37	37	42	98	102	18	0	255
 1430	37	37	42	98	102	19	0	255
 1475	37	37	42	98	102	19	0	255
 1521	37	37	42	98	102	18	0	255
 1566	37	37	42	98	102	19	0	255
 1611	37	37	42	98	102	18	0	255
 1657	37	37	42	98	102	18	0	255
 1702	37	37	42	98	102	18	0	255
 1747	37	37	42	98	102	18	0	255
 1793	37	37	42	98	102	18	0	255
 1838	37	37	42	98	102	18	0	255
 1884	37	37	42	98	102	18	0	255
 1929	37	37	42	98	102	18	0	255
 1974	37	37	42	98	102	18	0	255
 2020	37	37	42	97	102	18	0	255
 2065	37	37	42	98	102	19	0	255
 2110	37	37	42	98	102	18	0	255
 2156	37	37	42	97	102	19	0	255
 2201	37	37	42	97	102	19	0	255
 2246	37	37	42	97	102	18	0	255
 2295	37	37	42	97	102	18	0	255
 2337	37	37	42	97	102	19	0	255
 2382	37	37	42	97	102	19	0	255
 2428	37	37	42	97	102	19	0	255
 2473	37	37	42	97	102	19	0	255
 2518	37	37	42	97	102	19	0	255
 2564	37	37	42	97	102	19	0	255
 2609	37	37	42	97	102	19	0	255
 2655	37	37	42	97	102	19	0	255
 2700	37	37	42	97	102	19	0	255
 2745	37	37	42	97	102	19	0	255
 2791	37	37	42	97	102	19	0	255
 2836	37	37	42	97	102	19	0	255
 2881	37	37	42	97	102	19	0	255
 2927	37	37	42	97	102	18	0	255
 2972	37	37	41	97	102	19	0	255
 3017	37	37	41	97	102	18	0	255
 3063	37	37	40	97	102	19	0	255
 3108	37	37	40	97	102	18	0	255
 3153	37	37	39	97	102	19	0	255
 3199	37	37	39	97	102	19	0	255
 3244	37	37	39	97	102	19	0	255
 3290	37	37	39	97	102	19	0	255
 3335	37	37	39	97	102	19	0	255
 3380	37	37	39	97	102	18	0	255
 3426	37	37	39	97	102	19	0	255
 3471	37	37	39	97	102	19	0	255
 3516	37	37	39	97	102	19	0	255
 3562	37	37	38	97	101	19	0	255
 3607	37	37	38	97	101	18	0	255
 3652	37	37	38	97	101	18	0	255
 3698	37	37	38	97	101	19	0	255
 3743	37	37	38	97	101	19	0	255
 3788	37	37	38	97	101	18	0	255
 3834	37	37	38	97	101	19	0	255
 3879	37	37	38	97	101	18	0	255
 3924	37	37	38	97	101	18	0	255
 3970	37	37	38	97	101	18	0	255
 4015	37	37	38	97	101	18	0	255
 4061	37	37	38	97	101	19	0	255
 4106	37	37	38	97	101	18	0	255
 4151	37	37	38	97	101	18	0	255
 4197	37	37	38	97	101	18	0	255
 4242	37	37	38	97	101	19	0	255
 4287	37	37	38	97	101	18	0	255
 4333	37	37	38	97	101	19	0	255
 4378	37	37	38	97	101	18	0	255
 4423	37	37	38	97	101	18	0	255
 4469	37	37	38	97	101	18	0	255
 4514	37	37	38	97	101	20	0	255
 4559	37	37	38	97	101	19	0	255
 4605	37	37	38	97	101	18	0	255
 4650	37	37	38	97	101	18	0	255
 4698	37	37	38	97	101	19	0	255
 4744	37	37	38	97	101	19	0	255
 4787	37	37	38	97	101	19	0	255
 4832	37	37	38	97	101	18	0	255
 4877	37	37	38	97	101	19	0	255
 4922	37	37	38	97	101	19	0	255
 4968	37	37	38	97	101	19	0	255
 5013	37	37	38	97	101	18	0	255
 5058	37	37	38	97	101	18	0	255
 5109	37	37	38	97	101	18	0	255
 5149	37	37	38	97	101	18	0	255
 5195	37	37	38	97	101	18	0	255
 5240	37	37	38	97	101	19	0	255
 5285	37	37	38	97	101	19	0	255
 5380	37	37	38	97	101	19	0	255
 5421	37	37	38	97	101	19	0	255
 5466	37	37	38	97	101	18	0	255
 5516	37	37	38	97	101	18	0	255
 5557	37	37	38	97	101	19	0	255
 5603	37	37	38	97	101	19	0	255
 5648	37	37	38	97	101	19	0	255
 5694	37	37	38	97	101	18	0	255
 5739	37	37	38	97	101	18	0	255
 5784	37	37	38	97	101	19	0	255
 5829	37	37	38	97	101	19	0	255
 5878	37	37	38	97	101	19	0	255
 5920	37	37	38	97	101	19	0	255
 5965	37	37	38	97	101	18	0	255
 6011	37	37	38	97	101	19	0	255
 6056	37	37	38	97	101	18	0	255
 6101	37	37	38	97	101	19	0	255
 6147	37	37	38	97	101	18	0	255
 6192	37	37	38	97	101	19	0	255
 6237	37	37	38	97	101	18	0	255
 6283	37	37	38	97	101	19	0	255
 6328	37	37	38	97	101	19	0	255
 6374	37	37	38	97	101	18	0	255
 6419	37	37	38	97	101	18	0	255
 6464	37	37	38	97	101	18	0	255
 6510	37	37	38	97	101	18	0	255
 6555	37	37	38	97	101	19	0	255
 6600	37	37	38	97	101	19	0	255
 6646	37	37	38	97	101	18	0	255
 6691	37	37	38	97	101	18	0	255
 6736	37	37	38	97	101	18	0	255
 6782	37	37	38	97	101	18	0	255
 6827	37	37	38	97	101	19	0	255
 6872	37	37	38	97	101	18	0	255
 6918	37	37	38	97	101	18	0	255
 6963	37	37	38	97	101	18	0	255
 7009	37	37	38	97	101	18	0	255
 7054	37	37	38	97	101	19	0	255
 7099	37	37	38	97	101	19	0	255
 7145	37	37	38	97	101	18	0	255
 7190	37	37	38	97	101	18	0	255
 7235	37	37	38	97	101	18	0	255
 7281	37	37	38	97	101	19	0	255
 7326	37	37	38	97	101	18	0	255
 7371	37	37	38	97	101	18	0	255
 7417	37	37	38	97	101	19	0	255
 7462	37	37	38	97	101	18	0	255
 7507	37	37	38	97	101	19	0	255
 7553	37	37	38	97	101	18	0	255
 7598	37	37	38	97	101	18	0	255
 7643	37	37	38	97	101	18	0	255
 7689	37	37	38	97	101	18	0	255
 7734	37	37	38	97	101	18	0	255
 7779	37	37	38	97	101	18	0	255
 7825	37	37	38	97	101	18	0	255
 7870	37	37	38	97	101	18	0	255
 7916	37	37	38	97	101	18	0	255
 7961	37	37	38	97	101	19	0	255
 8006	37	37	38	97	101	18	0	255
 8052	37	37	38	97	101	18	0	255
 8097	37	37	38	97	101	19	0	255
 8142	37	37	38	97	101	18	0	255
 8188	37	37	38	97	101	18	0	255
 8233	37	37	38	97	101	19	0	255
 8278	37	37	38	97	101	19	0	255
 8324	37	37	38	97	101	18	0	255
 8369	37	37	38	97	101	19	0	255
 8414	37	37	38	97	101	18	0	255
 8460	37	37	38	97	101	18	0	255
 8505	37	37	38	97	101	19	0	255
 8550	37	37	38	97	101	18	0	255
 8596	37	37	38	97	101	19	0	255
 8641	37	37	38	97	101	18	0	255
 8687	37	37	38	97	101	19	0	255
 8732	37	37	38	97	101	19	0	255
 8777	37	37	38	97	101	19	0	255
 8823	37	37	38	97	101	19	0	255
 8868	37	37	38	96	101	18	0	255
 8913	37	37	38	96	101	19	0	255
 8959	37	37	38	96	101	18	0	255
 9004	37	37	38	96	101	19	0	255
 9049	37	37	38	96	101	18	0	255
 9095	37	37	38	96	101	19	0	255
 9140	37	37	38	96	101	19	0	255
 9185	37	37	38	96	101	18	0	255
 9231	37	37	38	96	101	19	0	255
 9276	37	37	38	96	101	18	0	255
 9321	37	37	38	96	101	19	0	255
 9367	37	37	38	96	101	18	0	255
 9412	37	37	38	96	101	19	0	255
 9458	37	37	38	96	101	18	0	255
 9503	37	37	38	96	101	19	0	255
 9548	37	37	38	96	101	18	0	255
 9594	37	37	38	96	101	18	0	255
 9639	37	37	38	96	101	18	0	255
 9684	37	37	38	96	101	19	0	255
 9730	37	37	38	96	101	18	0	255
 9775	37	37	38	96	101	18	0	255
 9820	37	37	38	96	101	18	0	255
 9866	37	37	38	96	101	18	0	255
 9911	37	37	38	96	101	19	0	255
 9956	37	37	38	96	101	19	0	255
 10002	37	37	38	96	101	19	0	255
 10047	37	37	38	96	101	18	0	255
 10092	37	37	38	96	101	18	0	255
 10138	37	37	38	96	101	19	0	255
 10183	37	37	38	96	101	19	0	255
 10229	37	37	38	96	101	20	0	255
 10274	37	37	38	96	101	18	0	255
 10319	37	37	38	96	101	19	0	255
 10365	37	37	38	96	101	18	0	255
 10410	37	37	38	96	101	18	0	255
 10455	37	37	38	96	101	19	0	255
 10501	37	37	38	96	101	18	0	255
 10546	37	37	38	96	101	18	0	255
 10591	37	37	38	96	101	18	0	255
 10637	37	37	38	96	101	18	0	255
 10682	37	37	38	96	101	18	0	255
 10727	37	37	38	96	101	18	0	255
 10773	37	37	38	96	101	19	0	255
 10818	37	37	38	96	101	18	0	255
 10864	37	37	38	96	101	18	0	255
 10909	37	37	38	96	101	19	0	255
 10954	37	37	38	96	101	19	0	255
 11000	37	37	38	96	101	18	0	255
 11045	37	37	38	96	101	18	0	255
 11090	37	37	38	96	101	18	0	255
 11136	37	37	38	96	101	18	0	255
 11181	37	37	38	96	101	18	0	255
 11226	37	37	38	96	101	19	0	255
 11272	37	37	38	96	101	18	0	255
 11317	37	37	39	96	101	19	0	255
 11362	37	37	38	96	101	18	0	255
 11408	37	37	38	96	101	19	0	255
 11453	37	37	38	96	101	18	0	255
 11498	37	37	38	96	101	19	0	255
 11544	37	37	38	96	101	19	0	255
 11589	37	37	38	96	101	19	0	255
 11635	37	37	38	96	101	18	0	255
 11680	37	37	38	96	101	18	0	255
 11725	37	37	38	96	101	19	0	255
 11771	37	37	38	96	101	19	0	255
 11816	37	37	39	96	101	19	0	255
 11861	37	37	38	96	101	18	0	255
 11907	37	37	38	96	101	18	0	255
 11952	37	37	38	96	101	19	0	255
 11997	37	37	38	96	101	17	0	255
 12043	37	37	39	96	101	18	0	255
 12088	37	37	39	96	101	19	0	255
 12133	37	37	38	96	101	18	0	255
 12179	37	37	39	96	101	18	0	255
 12224	37	37	39	96	101	18	0	255
 12269	37	37	39	96	101	19	0	255
 12315	37	37	39	96	101	18	0	255
 12360	37	37	39	96	101	18	0	255
 12406	37	37	39	96	101	18	0	255
 12451	37	37	39	96	101	18	0	255
 12496	37	37	39	96	101	18	0	255
 12542	37	37	39	96	101	18	0	255
 12587	37	37	39	96	101	18	0	255
 12632	37	37	39	96	101	19	0	255
 12678	37	37	39	96	101	19	0	255
 12723	37	37	39	96	100	19	0	255
 12768	37	37	39	96	100	19	0	255
 12814	37	37	39	96	100	18	0	255
 12859	37	37	39	96	101	18	0	255
 12904	37	37	39	96	101	19	0	255
 12950	37	37	39	96	100	19	0	255
 12995	37	37	39	96	100	18	0	255
 13040	37	37	39	96	100	19	0	255
 13086	37	37	39	96	101	19	0	255
 13131	37	37	39	96	100	18	0	255
 13177	37	37	39	96	100	18	0	255
 13222	37	37	39	96	100	18	0	255
 13267	37	37	39	96	100	18	0	255
 13313	37	37	39	96	100	18	0	255
 13358	37	37	39	96	100	19	0	255
 13404	37	37	39	96	100	18	0	255
 13449	37	37	39	96	100	19	0	255
 13494	37	37	39	96	100	18	0	255
 13539	37	37	39	96	100	18	0	255
 13585	37	37	39	96	100	18	0	255
 13630	37	37	39	96	100	18	0	255
 13675	37	37	39	96	100	18	0	255
 13721	37	37	39	96	100	18	0	255
 13766	37	37	39	96	100	18	0	255
 13811	37	37	39	96	100	19	0	255
 13857	37	37	39	96	100	18	0	255
 13902	37	37	39	96	100	19	0	255
 13948	37	37	39	96	100	18	0	255
 13993	37	37	39	96	100	19	0	255
 14038	37	37	39	96	100	19	0	255
 14084	37	37	39	96	100	18	0	255
 14129	37	37	39	96	100	18	0	255
 14174	37	37	39	96	100	19	0	255
 14220	37	37	39	96	100	18	0	255
 14265	37	37	39	96	100	18	0	255
 14310	37	37	39	96	100	18	0	255
 14356	37	37	39	96	100	18	0	255
 14401	37	37	39	96	100	18	0	255
 14446	37	37	39	96	100	19	0	255
 14492	37	37	39	96	100	19	0	255
 14537	37	37	39	96	100	18	0	255
 14582	37	37	39	96	100	19	0	255
 14628	37	37	39	96	100	18	0	255
 14673	37	37	39	96	100	18	0	255
 14719	37	37	39	96	100	18	0	255
 14764	37	37	39	96	100	18	0	255
 14809	37	37	39	96	100	19	0	255
 14855	37	37	39	96	100	18	0	255
 14945	37	37	39	96	100	18	0	255
 14991	37	37	39	96	100	19	0	255
 15036	37	37	39	96	100	19	0	255
 15081	37	37	39	96	100	18	0	255
 15172	37	37	39	96	100	18	0	255
 15217	37	37	39	96	100	18	0	255
 15263	37	37	39	96	100	18	0	255
 15308	37	37	39	96	100	19	0	255
 15353	37	37	39	96	100	19	0	255
 15399	37	37	39	96	100	18	0	255
 15444	37	37	39	96	100	19	0	255
 15489	37	37	39	96	100	18	0	255
 15535	37	37	39	96	100	19	0	255
 15580	37	37	39	96	100	18	0	255
 15626	37	37	39	96	100	18	0	255
 15671	37	37	39	96	100	18	0	255
 15716	37	37	39	96	100	18	0	255
 15762	37	37	39	96	100	18	0	255
 15807	37	37	39	96	100	18	0	255
 15852	37	37	39	96	100	18	0	255
 15901	37	37	39	96	100	19	0	255
 15943	37	37	39	96	100	18	0	255
 15988	37	37	39	96	100	18	0	255
 16034	37	37	39	96	100	18	0	255
 16079	37	37	39	96	100	18	0	255
 16124	37	37	39	96	100	18	0	255
 16170	37	37	39	96	100	18	0	255
 16215	37	37	39	96	100	18	0	255
 16260	37	37	39	96	100	19	0	255
 16306	37	37	39	96	100	18	0	255
 16397	37	37	39	96	100	18	0	255
 16442	37	37	39	96	100	18	0	255
 16487	37	37	39	96	100	18	0	255
 16533	37	37	39	96	100	18	0	255
 16578	37	37	39	96	100	18	0	255
 16623	37	37	39	96	100	18	0	255
 16669	37	37	39	96	100	18	0	255
 16714	37	37	39	96	100	18	0	255
 16759	37	37	39	96	100	19	0	255
 16805	37	37	39	96	100	18	0	255
 16850	37	37	39	96	100	18	0	255
 16895	37	37	39	96	100	18	0	255
 16941	37	37	39	96	100	18	0	255
 16986	37	37	39	96	100	18	0	255
 17031	37	37	39	96	100	18	0	255
 17077	37	37	39	96	100	18	0	255
 17122	37	37	39	96	100	18	0	255
 17168	37	37	39	96	100	18	0	255
 17213	37	37	39	96	100	17	0	255
 17258	37	37	39	96	100	18	0	255
 17304	36	37	39	96	100	18	0	255
 17349	37	37	39	96	100	18	0	255
 17394	37	37	39	96	100	18	0	255
 17440	37	37	39	96	100	18	0	255
 17485	37	37	39	96	100	18	0	255
 17530	37	37	39	96	100	18	0	255
 17576	37	37	39	96	100	18	0	255
 17621	37	37	39	96	100	18	0	255
 17666	37	36	39	96	100	18	0	255
 17712	37	37	39	96	100	18	0	255
 17757	37	37	39	96	100	19	0	255
 17803	37	37	39	96	100	18	0	255
 17848	37	37	39	96	100	18	0	255
 17893	37	37	39	96	100	19	0	255
 17939	37	37	39	96	100	19	0	255
 17984	37	37	39	95	100	18	0	255
 18029	37	37	39	96	100	18	0	255
 18075	37	37	39	96	100	18	0	255
 18120	37	37	39	96	100	19	0	255
 18165	37	37	39	96	100	18	0	255
 18211	37	36	39	95	100	18	0	255
 18256	37	37	39	96	100	18	0	255
 18301	37	37	39	95	100	18	0	255
 18347	37	37	39	96	100	18	0	255
 18392	37	37	39	95	100	17	0	255
 18437	37	37	39	95	100	18	0	255
 18483	36	37	39	95	100	18	0	255
 18528	36	37	39	95	100	18	0	255
 18573	37	37	39	95	100	19	0	255
 18619	37	37	39	95	100	18	0	255
 18664	36	36	39	95	100	18	0	255
 18710	36	37	39	95	100	19	0	255
 18755	37	36	39	95	100	18	0	255
 18800	36	37	39	95	100	18	0	255
 18846	36	37	39	95	100	18	0	255
 18891	36	36	39	95	100	18	0	255
 18936	37	37	39	95	100	18	0	255
 18982	37	37	39	95	100	18	0	255
 19027	37	36	39	95	100	18	0	255
 19072	36	37	39	95	100	18	0	255
 19118	36	36	39	95	100	18	0	255
 19163	36	37	39	95	100	18	0	255
 19208	36	37	39	95	100	19	0	255
 19254	36	36	39	95	100	18	0	255
 19299	36	36	39	95	100	18	0	255
 19344	36	36	39	95	100	18	0	255
 19390	36	36	39	95	100	18	0	255
 19435	37	36	39	95	100	18	0	255
 19481	36	36	39	95	100	18	0	255
 19526	36	36	39	95	100	19	0	255
 19571	36	36	39	95	100	17	0	255
 19617	36	37	39	95	100	18	0	255
 19662	36	36	39	95	100	18	0	255
 19707	36	36	39	95	100	19	0	255
 19753	37	36	39	95	100	18	0	255
 19798	36	37	39	95	100	18	0	255
 19843	36	36	39	95	100	18	0	255
 19889	36	36	39	95	100	18	0	255
 19934	36	36	39	95	100	18	0	255
 19979	36	37	39	95	100	18	0	255
 20025	36	36	39	95	100	18	0	255
 20070	36	36	39	95	100	17	0	255
 20115	36	36	39	95	100	18	0	255
 20161	36	36	39	95	100	17	0	255
 20206	36	36	39	95	100	18	0	255
 20252	36	36	39	95	100	17	0	255
 20297	36	36	39	95	100	18	0	255
 20342	36	36	39	95	100	18	0	255
 20388	36	36	39	95	100	18	0	255
 20433	36	36	39	95	100	18	0	255
 20478	36	36	39	95	100	19	0	255
 20524	36	36	39	95	100	18	0	255
 20569	36	36	39	95	100	18	0	255
 20614	36	36	39	95	100	18	0	255
 20660	36	36	39	95	100	18	0	255
 20705	36	36	39	95	100	18	0	255
 20750	36	36	39	95	100	18	0	255
 20796	36	36	39	95	100	18	0	255
 20841	36	36	39	95	100	18	0	255
 20887	36	36	39	95	100	17	0	255
 20932	36	36	39	95	100	18	0	255
 20977	36	36	39	95	100	18	0	255
 21023	36	36	39	95	100	18	0	255
 21068	36	36	39	95	100	17	0	255
 21113	36	36	39	95	100	18	0	255
 21159	36	36	39	95	100	18	0	255
 21204	36	36	39	95	100	18	0	255
 21249	36	36	39	95	100	18	0	255
 21295	36	36	39	95	100	18	0	255
 21340	36	36	39	95	100	18	0	255
 21385	36	36	39	95	100	17	0	255
 21431	36	36	39	95	100	17	0	255
 21476	36	36	39	95	100	17	0	255
 21521	36	36	39	95	100	18	0	255
 21567	36	36	39	95	100	17	0	255
 21612	36	36	39	95	100	18	0	255
 21658	36	36	39	95	100	18	0	255
 21703	36	36	39	95	100	18	0	255
 21748	36	36	39	95	100	17	0	255
 21794	36	36	39	95	100	18	0	255
 21839	36	36	39	95	100	17	0	255
 21884	36	36	39	95	100	18	0	255
 21930	36	36	39	95	100	18	0	255
 21975	36	36	39	95	100	18	0	255
 22020	36	36	39	95	100	18	0	255
 22066	36	36	39	95	100	17	0	255
 22111	36	36	39	95	100	17	0	255
 22156	36	36	39	95	100	17	0	255
 22202	36	36	39	95	100	18	0	255
 22247	36	36	39	95	100	18	0	255
 22292	36	36	39	95	100	18	0	255
 22338	36	36	39	95	100	17	0	255
 22383	36	36	39	95	100	17	0	255
 22429	36	36	39	95	100	18	0	255
 22474	36	36	39	95	100	18	0	255
 22519	36	36	39	95	100	17	0	255
 22565	36	36	39	95	100	17	0	255
 22610	36	36	39	95	100	17	0	255
 22655	36	36	39	95	100	17	0	255
 22701	36	36	39	95	100	17	0	255
 22746	36	36	39	95	99	18	0	255
 22791	36	36	39	95	100	17	0	255
 22837	36	36	39	95	99	17	0	255
 22882	36	36	39	95	100	18	0	255
 22927	36	36	39	95	99	18	0	255
 22973	36	36	39	95	99	17	0	255
 23018	36	36	39	95	99	18	0	255
 23063	36	36	39	95	99	18	0	255
 23109	36	36	39	95	99	18	0	255
 23163	36	36	39	95	99	18	0	255
 23200	36	36	39	95	99	18	0	255
 23245	36	36	39	95	99	19	0	255
 23290	36	36	39	95	99	18	0	255
 23336	36	36	39	95	99	18	0	255
 23381	36	36	39	95	99	18	0	255
 23426	36	36	39	95	99	17	0	255
 23517	36	36	39	95	99	17	0	255
 23562	36	36	39	95	99	17	0	255
 23608	36	36	39	95	99	18	0	255
 23653	36	36	39	95	99	18	0	255
 23698	36	36	39	95	99	18	0	255
 23744	36	36	39	95	99	18	0	255
 23789	36	36	39	95	99	18	0	255
 23880	36	36	39	95	99	18	0	255
 23925	36	36	39	95	99	18	0	255
 23971	36	36	39	95	99	17	0	255
 24016	36	36	39	95	99	18	0	255
 24061	36	36	39	95	99	17	0	255
 24107	36	36	39	95	99	18	0	255
 24152	36	36	39	95	99	18	0	255
 24197	36	36	39	95	99	17	0	255
 24243	36	36	39	95	99	18	0	255
 24288	36	36	39	95	99	16	0	255
 24333	36	36	39	95	99	18	0	255
 24379	36	36	39	95	99	18	0	255
 24424	36	36	39	95	99	18	0	255
 24469	36	36	39	95	99	17	0	255
 24515	36	36	39	95	99	17	0	255
 24560	36	36	39	95	99	18	0	255
 24605	36	36	39	95	99	17	0	255
 24651	36	36	39	95	99	18	0	255
 24696	36	36	39	95	99	17	0	255
 24742	36	36	39	95	99	18	0	255
 24787	36	36	39	95	99	18	0	255
 24832	36	36	39	95	99	18	0	255
 24878	36	36	39	95	99	18	0	255
 24923	36	36	39	95	99	16	0	255
 24968	36	36	39	95	99	17	0	255
 25014	36	36	39	95	99	18	0	255
 25059	36	36	39	95	99	17	0	255
 25104	36	36	39	95	99	18	0	255
 25150	36	36	39	95	99	18	0	255
 25195	36	36	39	95	99	18	0	255
 25240	36	36	39	95	99	18	0	255
 25286	36	36	39	95	99	18	0	255
 25331	36	36	39	95	99	18	0	255
 25376	36	36	39	95	99	16	0	255
 25467	36	36	39	95	99	18	0	255
 25513	36	36	39	95	99	17	0	255
 25561	36	36	39	95	99	18	0	255
 25603	36	36	39	95	99	17	0	255
 25653	36	36	39	95	99	18	0	255
 25694	36	36	39	95	99	18	0	255
 25739	36	36	39	95	99	18	0	255
 25785	36	36	39	95	99	18	0	255
 25830	36	36	39	95	99	18	0	255
 25875	36	36	39	95	99	18	0	255
 25921	36	36	39	95	99	18	0	255
 25966	36	36	39	95	99	18	0	255
 26011	36	36	39	95	99	18	0	255
 26057	36	36	39	95	99	18	0	255
 26102	36	36	39	95	99	18	0	255
 26147	36	36	39	95	99	18	0	255
 26193	36	36	39	95	99	18	0	255
 26238	36	36	39	95	99	18	0	255
 26283	36	36	39	95	99	19	0	255
 26329	36	36	39	95	99	18	0	255
 26374	36	36	39	95	99	18	0	255
 26420	36	36	39	95	99	18	0	255
 26465	36	36	39	95	99	18	0	255
 26510	36	36	39	94	99	18	0	255
 26556	36	36	39	94	99	18	0	255
 26601	36	36	38	94	99	18	0	255
 26646	36	36	38	94	99	18	0	255
 26692	36	36	38	94	99	18	0	255
 26737	36	36	38	94	99	18	0	255
 26782	36	36	38	94	99	18	0	255
 26828	36	36	38	94	99	18	0	255
 26873	36	36	38	94	99	17	0	255
 26918	36	36	38	94	99	18	0	255
 26964	36	36	38	94	99	18	0	255
 27009	36	36	38	94	99	18	0	255
 27054	36	36	38	94	99	17	0	255
 27100	36	36	38	94	99	18	0	255
 27145	36	36	38	94	99	18	0	255
 27191	36	36	38	94	99	19	0	255
 27236	36	36	38	94	99	18	0	255
 27327	36	36	37	94	99	18	0	255
 27372	36	36	37	94	99	18	0	255
 27417	36	36	37	94	99	18	0	255
 27463	36	36	37	94	99	19	0	255
 27508	36	36	37	94	99	18	0	255
 27553	36	36	37	94	99	18	0	255
 27599	36	36	37	94	99	18	0	255
 27644	36	36	37	94	99	18	0	255
 27689	36	36	37	94	99	18	0	255
 27735	36	36	37	94	99	18	0	255
 27780	36	36	37	94	99	19	0	255
 27871	36	36	37	94	99	19	0	255
 27916	36	36	37	94	99	18	0	255
 27962	36	36	37	94	99	18	0	255
 28007	36	36	37	94	99	18	0	255
 28052	36	36	37	94	99	19	0	255
 28098	36	36	37	94	99	18	0	255
 28143	36	36	37	94	99	19	0	255
 28188	36	36	37	94	99	19	0	255
 28234	36	36	37	94	99	19	0	255
 28279	36	36	37	94	99	18	0	255
 28328	36	36	37	94	99	18	0	255
 28370	36	36	37	94	99	19	0	255
 28415	36	36	37	94	99	19	0	255
 28461	36	36	37	94	99	19	0	255
 28506	36	36	37	94	99	19	0	255
 28551	36	36	37	94	99	19	0	255
 28596	36	36	37	94	99	19	0	255
 28642	36	36	37	94	99	19	0	255
 28687	36	36	37	94	99	19	0	255
 28733	36	36	37	94	99	20	0	255
 28778	36	36	37	94	99	19	0	255
 28823	36	36	37	94	99	19	0	255
 28869	36	36	37	94	99	19	0	255
 28914	36	36	37	94	99	19	0	255
 28959	36	36	37	94	99	20	0	255
 29005	36	36	37	94	99	19	0	255
 29050	36	36	37	94	99	19	0	255
 29095	36	36	37	94	99	20	0	255
 29141	36	36	37	94	99	19	0	255
 29186	36	36	37	94	99	20	0	255
 29231	36	36	37	94	99	20	0	255
 29277	36	36	37	94	99	20	0	255
 29322	36	36	37	94	99	19	0	255
 29367	36	36	37	94	99	20	0	255
 29413	36	36	37	94	99	22	0	255
 29459	36	36	37	94	99	22	0	255
 29504	36	36	37	94	99	20	0	255
 29549	36	36	37	94	99	20	0	255
 29595	36	36	37	94	99	20	0	255
 29640	36	36	37	94	99	22	0	255
 29685	36	36	37	94	99	22	0	255
 29730	36	36	37	94	99	20	0	255
 29776	36	36	37	94	99	20	0	255
 29821	36	36	37	94	99	20	0	255
 29866	36	36	37	94	99	20	0	255
 29912	36	36	37	94	99	22	0	255
 29957	36	36	37	94	99	22	0	255
 30002	36	36	37	94	99	23	0	255
 30048	36	36	37	94	99	22	0	255
 30093	36	36	37	94	99	22	0	255
 30184	36	36	37	94	99	23	0	255
 30229	36	36	37	94	99	22	0	255
 30274	36	36	37	94	99	22	0	255
 30320	36	36	37	94	99	23	0	255
 30365	36	36	37	94	99	24	0	255
 30411	36	36	37	94	99	23	0	255
 30456	36	36	37	94	99	23	0	255
 30501	36	36	37	94	99	23	0	255
 30547	36	36	37	94	99	23	0	255
 30596	36	36	37	94	99	23	0	255
 30637	36	36	37	94	99	24	0	255
 30683	36	36	37	94	99	23	0	255
 30728	36	36	37	94	99	23	0	255
 30773	36	36	37	94	99	23	0	255
 30819	36	36	37	94	99	24	0	255
 30913	36	36	37	94	99	24	0	255
 30955	36	36	37	94	99	24	0	255
 31000	36	36	37	94	99	24	0	255
 31045	36	36	37	94	99	24	0	255
 31091	36	36	37	94	99	24	0	255
 31136	36	36	37	94	99	24	0	255
 31182	36	36	37	94	99	25	0	255
 31227	36	36	37	94	99	25	0	255
 31272	36	36	37	94	99	24	0	255
 31318	36	36	37	94	99	26	0	255
 31363	36	36	37	94	99	25	0	255
 31408	36	36	37	94	99	26	0	255
 31454	36	36	37	94	99	26	0	255
 31499	36	36	37	94	99	25	0	255
 31544	36	36	37	94	99	26	0	255
 31590	36	36	37	94	99	26	0	255
 31635	36	36	37	94	99	26	0	255
 31680	36	36	37	94	99	28	0	255
 31726	36	36	37	94	99	26	0	255
 31771	36	36	37	94	99	29	0	255
 31816	36	36	37	94	99	28	0	255
 31862	36	36	37	94	99	28	0	255
 31907	36	36	37	94	99	28	0	255
 31953	36	36	37	94	99	29	0	255
 31998	36	36	37	94	99	29	0	255
 32043	36	36	36	94	99	29	0	255
 32089	36	36	36	93	99	30	0	255
 32134	36	36	35	93	99	30	0	255
 32179	36	36	35	93	99	30	0	255
 32225	36	36	34	93	98	30	0	255
 32274	36	36	34	93	98	31	0	255
 32315	36	36	33	93	98	32	0	255
 32361	36	36	32	93	98	32	0	255
 32406	36	36	32	92	99	34	0	255
 32451	36	36	31	92	98	34	0	255
 32497	36	36	31	92	98	32	0	255
 32542	36	37	31	92	98	34	0	255
 32587	36	37	30	92	98	35	0	255
 32633	36	37	30	92	98	35	0	255
 32679	36	37	30	91	98	35	0	255
 32724	36	37	30	91	98	36	0	255
 32769	36	37	30	91	98	36	0	255
 32814	36	37	29	91	98	36	0	255
 32860	36	37	29	91	98	36	0	255
 32905	36	37	29	91	98	36	0	255
 32950	36	37	29	91	98	36	0	255
 33041	36	37	29	91	98	37	0	255
 33086	36	37	29	91	98	37	0	255
 33132	36	37	29	91	98	37	0	255
 33268	36	37	29	91	98	38	0	255
 33313	36	37	29	91	98	38	0	255
 33449	36	37	29	91	98	40	0	255
 33540	36	37	29	91	98	38	0	255
 33585	36	37	29	91	98	40	0	255
 33631	36	37	29	91	98	40	0	255
 33676	36	37	29	91	98	40	0	255
 33721	36	37	29	91	98	40	0	255
 33767	36	37	28	91	98	40	0	255
 33815	36	37	28	91	98	41	0	255
 33857	36	37	28	91	98	40	0	255
 33903	36	37	28	91	98	41	0	255
 33948	36	37	28	91	98	41	0	255
 33993	36	37	28	91	98	41	0	255
 34084	36	37	28	91	98	41	0	255
 34129	36	37	28	91	98	42	0	255
 34175	36	37	28	91	98	42	0	255
 34220	36	37	28	91	98	42	0	255
 34265	36	37	28	91	98	42	0	255
 34311	36	37	28	91	98	44	0	255
 34402	36	37	28	91	98	44	0	255
 34447	36	37	28	91	98	44	0	255
 34492	36	37	28	91	98	44	0	255
 34538	36	37	28	91	98	45	0	255
 34583	36	37	28	91	98	44	0	255
 34628	36	37	28	91	98	45	0	255
 34674	36	37	28	91	98	45	0	255
 34719	36	37	28	91	98	45	0	255
 34764	36	37	28	91	98	46	0	255
 34810	36	37	28	91	98	45	0	255
 34855	36	37	28	91	98	46	0	255
 34900	36	37	28	91	98	46	0	255
 34946	36	37	28	91	98	47	0	255
 35036	36	37	28	91	98	46	0	255
 35082	36	37	28	91	98	47	0	255
 35127	36	37	28	91	98	47	0	255
 35176	36	37	28	91	98	47	0	255
 35263	36	37	28	91	98	47	0	255
 35310	36	37	28	91	98	48	0	255
 35354	36	37	28	91	98	50	0	255
 35399	36	37	28	91	98	47	0	255
 35445	36	37	28	91	98	48	0	255
 35490	36	37	28	91	98	50	0	255
 35535	36	37	28	91	98	48	0	255
 35581	36	37	28	91	98	50	0	255
 35626	36	37	28	91	98	50	0	255
 35671	36	37	28	91	98	50	0	255
 35717	36	37	28	91	98	50	0	255
 35762	36	37	28	91	98	51	0	255
 35807	36	37	28	91	98	51	0	255
 35853	36	37	28	91	98	51	0	255
 35902	36	37	28	91	98	51	0	255
 35944	36	37	28	91	98	51	0	255
 35989	36	37	28	91	98	52	0	255
 36034	36	37	28	91	98	53	0	255
 36080	36	37	28	91	98	52	0	255
 36125	36	37	28	91	98	52	0	255
 36170	36	37	28	91	98	53	0	255
 36216	36	37	28	91	98	53	0	255
 36261	36	37	28	91	98	54	0	255
 36306	36	36	28	91	98	54	0	255
 36352	36	37	28	91	98	54	0	255
 36397	36	37	28	91	98	56	0	255
 36442	36	37	28	91	98	54	0	255
 36488	36	37	28	91	98	56	0	255
 36533	36	37	28	91	98	56	0	255
 36583	36	36	28	91	98	56	0	255
 36624	36	36	28	91	98	54	0	255
 36669	36	36	28	91	98	56	0	255
 36715	36	36	28	91	98	56	0	255
 36760	36	36	28	91	98	57	0	255
 36805	36	36	28	91	98	57	0	255
 36851	36	36	28	91	98	58	0	255
 36896	36	36	28	91	98	58	0	255
 36941	36	36	28	91	98	58	0	255
 36987	36	36	28	91	98	58	8	255
 37032	36	33	28	91	98	64	8	255
 37077	43	33	28	91	98	66	8	255
 37123	48	33	28	91	98	67	8	255
 37169	50	34	28	91	98	65	8	255
 37213	51	35	28	91	98	65	8	255
 37259	52	36	28	91	98	66	8	255
 37304	53	37	28	91	98	66	8	255
 37350	53	38	28	90	98	64	8	255
 37395	53	38	28	90	98	58	8	255
 37440	51	38	28	91	98	53	0	255
 37486	49	38	28	90	98	53	0	255
 37531	48	38	28	90	98	53	0	255
 37576	47	38	28	90	98	54	0	255
 37622	47	38	28	90	98	56	0	255
 37667	46	38	28	90	98	56	0	255
 37712	46	38	29	90	98	57	0	255
 37758	46	38	29	90	98	58	0	255
 37803	45	38	29	90	98	60	0	255
 37848	45	38	29	90	98	60	8	255
 37894	45	37	29	90	97	62	8	255
 37984	49	36	29	90	97	62	8	255
 38030	50	36	29	90	97	62	8	255
 38075	51	37	29	90	97	62	8	255
 38121	51	38	29	90	97	64	8	255
 38166	52	39	29	90	97	65	8	255
 38211	52	39	29	90	97	64	8	255
 38257	52	39	29	90	97	61	8	255
 38302	52	40	29	90	97	58	8	255
 38347	51	40	29	90	97	58	0	255
 38393	50	40	29	90	97	57	0	255
 38442	49	40	29	90	97	57	0	255
 38483	49	40	29	90	97	58	0	255
 38529	48	40	29	90	97	58	0	255
 38574	48	40	29	90	97	58	0	255
 38619	48	40	29	90	97	60	0	255
 38665	47	40	29	90	97	60	0	255
 38710	47	40	29	90	97	61	0	255
 38756	47	40	29	90	97	60	0	255
 38801	47	40	29	90	97	61	0	255
 38846	46	40	29	90	97	62	0	255
 38892	46	40	29	90	97	61	0	255
 38937	46	40	29	90	97	62	8	255
 38982	47	38	29	90	97	64	8	255
 39028	49	37	29	90	97	64	8	255
 39073	51	38	29	90	97	62	8	255
 39118	51	39	29	90	97	62	8	255
 39164	51	39	29	90	97	62	8	255
 39209	51	40	29	90	97	61	8	255
 39254	52	40	29	90	97	64	8	255
 39300	52	41	29	90	97	62	8	255
 39345	51	41	29	90	97	58	0	255
 39394	51	41	29	90	97	58	0	255
 39436	50	41	29	90	97	57	0	255
 39481	50	41	29	90	97	58	0	255
 39527	49	41	30	90	97	58	0	255
 39572	49	41	30	90	97	58	0	255
 39617	49	41	30	90	97	60	0	255
 39663	49	41	30	90	97	58	0	255
 39708	48	41	30	90	97	60	0	255
 39753	48	41	30	90	97	60	0	255
 39799	48	41	30	90	97	60	0	255
 39844	47	41	30	90	97	61	0	255
 39889	47	41	30	90	97	60	0	255
 39935	47	41	30	90	97	61	0	255
 39980	47	40	30	90	97	62	0	255
 40071	46	40	30	90	97	61	0	255
 40207	45	40	30	90	97	61	0	255
 40252	45	40	30	90	97	61	0	255
 40298	45	40	30	90	97	62	0	255
 40343	45	40	30	90	97	64	0	255
 40388	45	40	30	90	97	64	0	255
 40434	45	40	30	90	97	64	0	255
 40479	44	40	30	90	97	64	0	255
 40524	44	40	30	90	97	62	0	255
 40570	44	40	30	90	97	64	0	255
 40615	44	40	30	90	97	64	0	255
 40660	44	40	30	90	97	64	0	255
 40706	43	39	30	90	97	65	8	255
 40751	46	38	30	90	97	67	8	255
 40796	50	38	30	90	97	67	8	255
 40845	52	39	30	90	97	66	8	255
 40887	53	40	30	90	97	64	8	255
 40932	53	41	30	90	97	65	8	255
 40978	53	41	30	90	97	66	8	255
 41023	54	42	30	90	97	65	8	255
 41069	54	42	30	90	97	64	8	255
 41114	53	42	30	90	97	61	8	255
 41159	52	42	30	90	97	58	0	255
 41205	51	42	30	90	97	58	0	255
 41250	51	42	30	90	97	61	0	255
 41295	50	42	30	90	97	60	0	255
 41341	50	42	30	90	97	60	0	255
 41386	50	42	30	90	97	61	0	255
 41431	49	42	30	90	97	62	0	255
 41477	49	42	30	90	97	62	0	255
 41526	49	42	31	90	97	65	0	255
 41567	48	42	31	90	97	65	0	255
 41613	48	41	31	90	97	65	8	255
 41658	50	40	31	90	97	67	8	255
 41704	52	40	31	90	97	68	8	255
 41753	54	41	31	90	97	68	8	255
 41794	54	41	31	90	97	67	8	255
 41885	56	43	31	90	97	72	8	255
 41930	57	43	31	90	97	72	8	255
 42021	59	43	31	90	97	72	8	255
 42157	59	44	31	90	97	71	8	255
 42202	59	44	31	90	97	72	8	255
 42248	59	44	31	90	97	71	8	255
 42293	59	45	31	90	97	72	8	255
 42338	59	45	31	90	97	74	8	255
 42384	60	45	31	90	97	74	8	255
 42429	60	45	31	90	97	75	8	255
 42474	61	45	31	90	97	75	8	255
 42520	61	45	31	90	97	76	8	255
 42565	62	45	31	90	97	76	8	255
 42611	62	46	31	90	97	76	8	255
 42656	63	46	31	90	97	78	8	255
 42701	63	46	31	90	97	79	8	255
 42747	64	46	32	90	97	80	8	255
 42792	65	46	32	90	97	80	8	255
 42841	65	46	32	90	97	82	8	255
 42883	66	46	32	90	97	83	8	255
 42928	67	47	32	90	97	86	8	255
 42973	68	47	32	90	97	88	8	255
 43023	70	47	32	90	97	88	8	255
 43064	70	47	32	90	97	86	8	255
 43109	70	47	32	90	97	84	8	255
 43155	70	48	32	90	97	84	8	255
 43200	69	48	32	90	97	82	8	255
 43246	68	48	32	90	97	80	8	255
 43291	67	48	32	90	97	76	8	255
 43336	65	48	32	90	97	75	8	255
 43382	64	48	32	90	97	74	8	255
 43427	62	48	32	90	97	71	8	255
 43472	61	49	32	90	97	70	8	255
 43518	60	49	32	90	97	70	8	255
 43563	60	49	32	90	97	70	8	255
 43608	59	49	32	90	97	68	8	255
 43654	58	49	32	90	97	68	8	255
 43699	58	49	33	90	97	68	8	255
 43744	58	49	33	90	97	68	8	255
 43790	57	49	33	90	97	68	8	255
 43880	57	49	33	90	97	67	8	255
 43926	57	49	33	90	97	67	8	255
 43971	57	49	33	90	97	67	8	255
 44017	57	49	33	90	97	67	8	255
 44062	57	49	33	90	97	67	8	255
 44107	57	50	33	90	97	67	8	255
 44153	57	50	33	90	97	67	8	255
 44198	57	50	33	90	97	67	0	255
 44243	56	50	33	90	97	67	0	255
 44289	56	49	33	90	97	68	0	255
 44334	56	49	33	90	97	68	0	255
 44379	55	49	33	90	97	70	0	255
 44425	55	49	33	90	97	70	0	255
 44470	55	48	33	90	97	70	0	255
 44515	54	48	33	90	97	71	0	255
 44561	54	48	34	90	97	72	0	255
 44606	54	48	34	90	97	71	8	255
 44651	54	47	34	90	97	72	8	255
 44697	57	47	34	90	97	72	8	255
 44742	58	47	34	90	97	72	8	255
 44788	59	48	34	90	97	70	8	255
 44833	59	49	34	90	97	71	8	255
 44878	59	49	34	90	97	71	8	255
 44924	59	49	34	90	97	71	8	255
 44969	59	50	34	90	97	68	8	255
 45014	58	50	34	90	97	68	0	255
 45060	58	50	34	90	97	67	0	255
 45105	57	49	34	90	97	67	0	255
 45150	57	49	34	90	97	67	0	255
 45196	56	49	34	90	97	67	0	255
 45241	56	49	34	90	97	67	0	255
 45286	55	49	34	90	97	68	0	255
 45336	55	48	34	90	97	68	0	255
 45377	55	48	34	90	97	68	0	255
 45422	54	48	34	90	97	68	0	255
 45468	54	48	34	90	97	70	0	255
 45513	53	48	34	90	97	71	0	255
 45559	53	47	34	90	97	71	0	255
 45604	53	47	34	90	97	72	0	255
 45649	52	47	34	90	97	71	0	255
 45696	52	47	34	90	97	72	0	255
 45740	52	47	34	90	97	72	8	255
 45785	52	46	34	90	97	74	8	255
 45831	55	46	34	90	97	76	8	255
 45876	58	47	34	90	97	75	8	255
 45921	59	48	35	90	97	74	8	255
 45967	60	49	34	90	97	72	8	255
 46012	60	49	35	90	97	72	8	255
 46103	60	50	35	90	97	74	8	255
 46148	60	50	35	90	97	70	8	255
 46194	59	50	35	90	97	68	0	255
 46239	58	50	35	90	97	66	0	255
 46284	58	50	35	90	97	66	0	255
 46330	57	50	35	90	97	67	0	255
 46375	57	50	35	90	97	67	0	255
 46420	56	49	35	90	97	66	0	255
 46466	56	49	35	90	97	67	0	255
 46511	55	49	35	90	97	68	0	255
 46556	55	49	35	90	97	68	0	255
 46602	54	48	35	90	97	70	0	255
 46647	54	48	35	90	97	70	0	255
 46693	54	48	35	90	97	70	0	255
 46738	53	48	35	90	97	70	0	255
 46783	53	48	35	90	97	70	0	255
 46829	53	47	35	90	97	70	0	255
 46874	52	47	35	90	97	71	0	255
 46919	52	47	35	90	97	70	0	255
 46968	51	47	35	90	97	70	0	255
 47010	51	47	35	90	97	71	0	255
 47055	51	47	35	90	97	72	0	255
 47101	51	46	35	90	97	72	0	255
 47146	50	46	35	90	97	71	0	255
 47191	50	46	35	90	97	71	0	255
 47237	50	46	35	90	97	71	0	255
 47282	49	46	35	90	97	72	0	255
 47327	49	46	35	90	97	71	0	255
 47373	49	45	35	90	97	72	0	255
 47418	48	45	35	90	97	71	0	255
 47463	48	45	35	90	97	71	0	255
 47513	48	45	35	90	97	72	0	255
 47554	48	45	35	90	97	71	0	255
 47600	47	45	35	90	97	71	0	255
 47645	47	44	35	90	97	71	0	255
 47736	47	44	35	90	97	71	0	255
 47781	46	44	35	90	97	71	0	255
 47826	46	44	35	90	97	71	0	255
 47872	46	44	35	90	97	71	0	255
 47917	46	44	35	90	97	71	0	255
 47962	46	43	35	90	97	72	0	255
 48009	45	43	35	90	97	72	0	255
 48053	45	43	35	90	97	71	0	255
 48098	45	43	35	90	97	72	0	255
 48144	45	43	35	90	97	72	0	255
 48189	45	43	35	90	97	72	0	255
 48235	45	43	35	90	97	76	8	255
 48280	50	44	35	90	96	78	8	255
 48325	56	46	35	90	97	79	8	255
 48371	59	47	36	90	96	78	8	255
 48416	60	48	36	90	97	76	8	255
 48461	61	49	36	90	97	78	8	255
 48507	62	50	36	89	96	79	8	255
 48552	63	50	36	90	97	78	8	255
 48597	63	50	36	90	97	72	8	255
 48643	61	50	36	89	96	68	8	255
 48688	60	50	36	89	97	67	0	255
 48733	59	50	36	89	97	68	0	255
 48779	58	50	36	89	96	70	0	255
 48824	57	50	36	89	96	70	0	255
 48869	57	50	36	89	96	70	0	255
 48915	56	50	36	89	96	71	0	255
 48960	56	49	36	89	96	72	0	255
 49051	55	48	36	89	96	74	8	255
 49096	57	48	36	89	96	76	8	255
 49142	59	49	36	89	96	76	8	255
 49187	60	49	36	89	96	75	8	255
 49232	61	50	36	89	96	75	8	255
 49278	61	51	36	89	96	75	8	255
 49323	62	51	36	89	96	76	8	255
 49368	62	51	36	89	96	76	8	255
 49414	63	51	36	89	96	75	8	255
 49459	62	52	36	89	96	72	8	255
 49504	61	52	36	89	96	70	8	255
 49550	60	52	36	89	96	68	0	255
 49595	59	52	36	89	96	68	0	255
 49640	58	51	36	89	96	71	0	255
 49686	58	51	36	89	96	72	0	255
 49735	57	51	36	89	96	72	0	255
 49777	57	51	36	89	96	72	0	255
 49822	56	50	36	89	96	74	0	255
 49867	56	50	36	89	96	75	8	255
 49913	56	49	36	89	96	75	8	255
 49958	59	49	37	89	96	78	8	255
 50003	61	50	37	89	96	76	8	255
 50049	62	51	37	89	96	75	8	255
 50094	62	51	37	89	96	76	8	255
 50139	62	52	37	89	96	78	8	255
 50230	63	52	37	89	96	76	8	255
 50275	63	52	37	89	96	74	8	255
 50321	62	52	37	89	96	72	8	255
 50367	61	53	37	89	96	71	8	255
 50412	60	53	37	89	96	71	0	255
 50457	60	53	37	89	96	72	0	255
 50502	59	52	37	89	96	72	0	255
 50548	58	52	37	89	96	72	0	255
 50593	58	52	37	89	96	75	0	255
 50638	57	51	37	89	96	74	0	255
 50684	57	51	37	89	96	75	0	255
 50729	56	51	37	89	96	75	0	255
 50774	56	50	37	89	96	76	8	255
 50820	58	50	37	89	96	76	8	255
 50865	60	51	37	89	96	78	8	255
 50910	62	51	37	89	96	76	8	255
 50956	62	52	37	89	96	75	8	255
 51001	62	52	37	89	96	75	8	255
 51047	62	53	37	89	96	76	8	255
 51092	62	53	37	89	96	74	8	255
 51137	62	53	37	89	96	71	8	255
 51183	61	53	37	89	96	68	0	255
 51228	60	53	37	89	96	68	0	255
 51273	60	53	37	89	96	70	0	255
 51319	59	52	37	89	96	68	0	255
 51364	59	52	37	89	96	68	0	255
 51409	58	52	38	89	96	70	0	255
 51455	58	51	37	89	96	70	0	255
 51500	57	51	38	89	96	70	0	255
 51545	57	51	38	89	96	68	0	255
 51591	56	51	38	89	96	70	0	255
 51636	56	50	38	89	96	70	0	255
 51681	55	50	38	89	96	68	0	255
 51727	55	50	38	89	96	68	0	255
 51772	55	50	38	89	96	68	0	255
 51817	54	49	38	89	96	70	0	255
 51908	53	49	38	89	96	70	0	255
 51953	53	49	38	89	96	70	0	255
 51999	53	48	38	89	96	68	0	255
 52044	52	48	38	89	96	70	0	255
 52090	52	48	38	89	96	68	0	255
 52135	52	48	38	89	96	70	0	255
 52180	51	48	38	89	96	70	0	255
 52226	51	47	38	89	96	70	0	255
 52316	50	47	38	89	96	68	0	255
 52362	50	47	38	89	96	70	0	255
 52407	50	47	38	89	96	68	0	255
 52452	49	46	38	89	96	68	0	255
 52498	49	46	38	89	96	68	0	255
 52543	49	46	38	89	96	67	0	255
 52588	49	46	38	89	96	67	0	255
 52634	48	46	38	89	96	67	0	255
 52679	48	45	38	89	96	67	0	255
 52724	48	45	38	89	96	67	0	255
 52770	48	45	38	89	96	67	0	255
 52815	47	45	38	89	96	66	0	255
 52861	47	45	38	89	96	66	0	255
 52906	47	45	38	89	96	66	0	255
 52951	47	44	38	89	96	66	0	255
 52997	46	44	38	89	96	66	0	255
 53046	46	44	38	89	96	65	0	255
 53087	46	44	38	89	96	65	0	255
 53133	46	44	38	89	96	65	0	255
 53178	46	44	38	89	96	64	0	255
 53269	45	43	38	89	96	64	0	255
 53314	45	43	38	89	96	65	0	255
 53359	45	43	38	89	96	64	0	255
 53405	45	43	38	89	96	65	0	255
 53450	44	43	38	89	96	62	0	255
 53496	44	43	38	89	96	64	0	255
 53541	44	43	38	89	96	64	0	255
 53586	44	43	38	89	96	62	0	255
 53632	44	42	38	89	96	62	0	255
 53677	44	42	38	89	96	62	0	255
 53722	44	42	38	89	96	62	0	255
 53768	43	42	38	89	96	62	0	255
 53813	43	42	38	89	96	61	0	255
 53858	43	42	38	89	96	61	0	255
 53904	43	42	38	89	96	61	0	255
 53949	43	42	38	89	96	60	0	255
 53994	43	42	38	89	96	61	0	255
 54040	43	42	38	89	96	60	0	255
 54085	42	42	38	89	96	60	0	255
 54130	42	42	38	89	96	60	0	255
 54176	42	42	38	89	96	60	0	255
 54221	42	41	38	89	96	58	0	255
 54312	42	41	38	89	96	57	0	255
 54357	42	41	38	89	96	57	0	255
 54403	42	41	38	89	96	56	0	255
 54448	42	41	38	89	96	56	0	255
 54493	41	41	38	89	96	56	0	255
 54539	41	41	38	89	96	56	0	255
 54584	41	41	38	89	96	56	0	255
 54629	41	41	38	89	96	54	0	255
 54679	41	41	38	89	96	56	0	255
 54720	41	41	38	89	96	53	0	255
 54765	41	41	38	89	96	53	0	255
 54811	41	41	38	89	96	54	0	255
 54856	41	40	38	89	96	52	0	255
 54901	41	40	38	89	96	52	0	255
 54947	41	40	38	89	96	52	0	255
 54992	40	40	38	89	96	52	0	255
 55038	40	40	38	89	96	51	0	255
 55084	40	40	38	89	96	51	0	255
 55174	40	40	38	89	96	51	0	255
 55219	40	40	38	89	96	51	0	255
 55264	40	40	38	89	96	50	0	255
 55314	40	40	38	89	96	50	0	255
 55355	40	40	38	89	96	50	0	255
 55400	40	40	38	89	96	48	0	255
 55446	40	40	38	89	96	48	0	255
 55491	40	40	38	89	96	48	0	255
 55536	40	40	38	89	96	47	0	255
 55586	40	40	38	89	96	48	0	255
 55627	39	39	38	89	96	48	0	255
 55672	39	39	38	89	96	47	0	255
 55718	39	39	38	89	96	47	0	255
 55763	39	39	38	89	96	46	0	255
 55809	39	39	38	89	96	47	0	255
 55854	39	39	38	89	96	47	0	255
 55899	39	39	38	89	96	47	0	255
 55945	39	39	38	89	96	46	0	255
 55990	39	39	38	89	96	46	0	255
 56035	39	39	38	89	96	46	0	255
 56081	39	39	38	89	96	45	0	255
 56126	39	39	38	89	96	45	0	255
 56171	39	39	38	89	96	45	0	255
 56217	39	39	38	89	96	46	0	255
 56262	39	39	38	89	96	46	0	255
 56307	39	39	38	89	96	45	0	255
 56353	39	39	38	89	96	45	0	255
 56398	39	39	38	89	96	44	0	255
 56444	39	39	38	89	96	44	0	255
 56489	39	39	38	89	96	45	0	255
 56534	39	39	38	89	96	44	0	255
 56580	38	39	38	89	96	44	0	255
 56625	38	38	38	89	96	42	0	255
 56670	38	38	38	89	96	42	0	255
 56716	38	38	38	89	96	42	0	255
 56761	38	38	38	89	96	42	0	255
 56806	38	38	38	89	96	41	0	255
 56852	38	38	38	89	96	42	0	255
 56897	38	38	38	89	96	41	0	255
 56942	38	38	38	89	96	42	0	255
 56988	38	38	38	89	96	42	0	255
 57033	38	38	38	89	96	42	0	255
 57079	38	38	38	89	96	42	0	255
 57124	38	38	38	89	96	41	0	255
 57169	38	38	38	89	96	41	0	255
 57215	38	38	38	89	96	41	0	255
 57260	38	38	38	89	96	40	0	255
 57305	38	38	38	89	96	41	0	255
 57351	38	38	38	89	96	40	0	255
 57396	38	38	38	89	96	40	0	255
 57441	38	38	38	89	96	40	0	255
 57487	38	38	38	89	96	40	0	255
 57532	38	38	38	89	96	40	0	255
 57577	38	38	38	89	96	40	0	255
 57623	38	38	38	89	96	40	0	255
 57668	38	38	38	89	96	40	0	255
 57714	38	38	38	89	96	38	0	255
 57759	38	38	38	89	96	40	0	255
 57804	38	38	38	89	96	38	0	255
 57898	38	38	38	89	96	38	0	255
 57940	38	38	38	89	96	38	0	255
 58031	38	38	38	89	96	38	0	255
 58076	37	38	38	89	96	38	0	255
 58122	37	38	38	89	96	38	0	255
 58167	37	38	38	89	96	38	0	255
 58212	37	38	38	89	96	38	0	255
 58258	37	38	38	89	96	37	0	255
 58304	37	38	39	89	96	37	0	255
 58348	37	37	38	89	96	37	0	255
 58394	37	37	38	89	96	37	0	255
 58439	37	37	39	89	96	37	0	255
 58485	37	37	38	89	96	37	0	255
 58530	37	37	39	89	96	37	0	255
 58575	37	37	39	89	96	37	0	255
 58624	37	37	39	89	96	36	0	255
 58666	37	37	39	89	96	36	0	255
 58711	37	37	39	89	96	36	0	255
 58757	37	37	39	89	96	36	0	255
 58802	37	37	39	89	96	36	0	255
 58847	37	37	39	89	95	35	0	255
 58893	37	37	39	89	96	36	0	255
 58939	37	37	39	89	96	35	0	255
 58983	37	37	39	89	96	35	0	255
 59074	37	37	39	89	95	35	0	255
 59120	37	37	39	89	95	34	0	255
 59165	37	37	39	89	95	34	0	255
 59210	37	37	39	89	95	35	0	255
 59256	37	37	39	89	95	35	0	255
 59301	37	37	39	89	95	36	0	255
 59346	37	37	39	89	96	34	0	255
 59392	37	37	39	89	95	34	0	255
 59437	37	37	39	89	95	34	0	255
 59482	37	37	39	89	95	34	0	255
 59528	37	37	39	89	95	35	0	255
 59574	37	37	39	89	95	34	0	255
 59618	37	37	39	89	95	35	0	255
 59664	37	37	39	89	95	34	0	255
 59709	37	37	39	89	95	32	0	255
 59759	37	37	39	89	95	34	0	255
 59800	37	37	39	89	95	34	0	255
 59845	37	37	39	89	95	34	0	255
 59891	37	37	39	89	95	32	0	255
 59936	37	37	39	89	95	32	0	255
 59981	37	37	39	89	95	32	0	255
 60027	37	37	39	89	95	32	0	255
 60072	37	37	39	88	95	31	0	255
 60163	37	37	39	89	95	31	0	255
 60208	37	37	39	89	95	32	0	255
 60253	37	37	39	89	95	31	0	255
 60299	37	37	39	88	95	31	0	255
 60345	37	37	39	89	95	31	0	255
 60435	37	37	39	88	95	31	0	255
 60480	37	37	39	88	95	31	0	255
 60525	37	37	39	88	95	31	0	255
 60571	37	37	39	88	95	31	0	255
 60616	37	37	39	88	95	31	0	255
 60662	37	37	39	88	95	30	0	255
 60707	37	37	39	88	95	30	0	255
 60752	37	37	39	88	95	30	0	255
 60798	37	37	39	88	95	30	0	255
 60888	37	37	39	88	95	30	0	255
 60934	37	37	39	88	95	30	0	255
 60979	37	37	39	88	95	30	0	255
 61024	37	37	39	88	95	29	0	255
 61070	37	37	39	88	95	29	0	255
 61115	37	37	39	88	95	30	0	255
 61206	37	37	39	88	95	29	0	255
 61251	37	37	39	88	95	30	0	255
 61296	37	37	39	88	95	29	0	255
 61342	37	37	39	88	95	30	0	255
 61387	37	37	39	88	95	30	0	255
 61436	37	37	39	88	95	29	0	255
 61478	37	37	39	88	95	29	0	255
 61523	37	37	39	88	95	29	0	255
 61569	37	37	39	88	95	28	0	255
 61614	37	37	39	88	95	28	0	255
 61659	37	37	39	88	95	29	0	255
 61705	37	37	39	88	95	28	0	255
 61795	37	37	39	88	95	28	0	255
 61841	37	37	39	88	95	28	0	255
 61886	37	37	39	88	95	28	0	255
 61931	37	37	39	88	95	28	0	255
 61981	37	37	39	88	95	28	0	255
 62022	37	37	39	88	95	28	0	255
 62067	37	37	39	88	95	28	0	255
 62113	37	37	39	88	95	28	0	255
 62204	37	37	39	88	95	26	0	255
 62249	37	37	39	88	95	28	0	255
 62294	37	37	39	88	95	28	0	255
 62340	36	37	39	88	95	26	0	255
 62385	36	37	39	88	95	28	0	255
 62430	36	36	39	88	95	26	0	255
 62476	37	37	39	88	95	25	0	255
 62521	36	37	39	88	95	26	0	255
 62566	36	37	39	88	95	25	0	255
 62612	36	37	39	88	95	26	0	255
 62661	36	36	39	88	95	26	0	255
 62702	36	37	39	88	95	26	0	255
 62793	36	36	39	88	95	26	0	255
 62838	36	37	39	88	95	26	0	255
 62884	36	36	39	88	95	25	0	255
 62929	36	36	39	88	95	26	0	255
 62975	36	36	39	88	95	26	0	255
 63023	36	36	39	88	95	26	0	255
 63065	36	36	39	88	95	26	0	255
 63111	36	36	39	88	95	25	0	255
 63156	36	36	39	88	95	26	0	255
 63201	36	36	39	88	95	26	0	255
 63247	36	36	39	88	95	26	0	255
 63292	36	36	39	88	95	26	0	255
 63337	36	36	39	88	95	26	0	255
 63383	36	36	39	88	95	25	0	255
 63428	36	36	39	88	95	25	0	255
 63473	36	36	39	88	95	26	0	255
 63523	36	36	39	88	95	25	0	255
 63564	36	36	39	88	95	25	0	255
 63609	36	36	39	88	95	25	0	255
 63655	36	36	39	88	95	25	0	255
 63746	36	36	39	88	95	25	0	255
 63794	36	36	39	88	95	25	0	255
 63836	36	36	39	88	95	25	0	255
 63882	36	36	39	88	95	25	0	255
 63927	36	36	39	88	95	25	0	255
 63972	36	36	39	88	95	24	0	255
 64018	36	36	39	88	95	24	0	255
 64063	36	36	39	88	95	25	0	255
 64154	36	36	39	88	95	25	0	255
 64199	36	36	39	88	95	24	0	255
 64290	36	36	39	88	95	24	0	255
 64335	36	36	39	88	95	24	0	255
 64380	36	36	39	88	95	24	0	255
 64426	36	36	39	88	95	24	0	255
 64471	36	36	39	88	95	24	0	255
 64517	36	36	39	88	95	24	0	255
 64562	36	36	39	88	95	24	0	255
 64607	36	36	39	88	95	25	0	255
 64653	36	36	39	88	95	24	0	255
 64698	36	36	39	88	95	24	0	255
 64834	36	36	39	88	95	25	0	255
 64879	36	36	39	88	95	24	0	255
 64925	36	36	39	88	95	24	0	255
 64970	36	36	39	88	95	24	0	255
 65015	36	36	39	88	95	24	0	255
 65061	36	36	39	88	95	23	0	255
 65106	36	36	39	88	95	24	0	255
 65151	36	36	39	88	95	23	0	255
 65197	36	36	39	88	95	24	0	255
 65242	36	36	39	88	95	25	0	255
 65288	36	36	39	88	95	24	0	255
 65334	36	36	39	88	95	24	0	255
 65378	36	36	39	88	95	23	0	255
 65424	36	36	39	88	95	23	0	255
 65469	36	36	39	88	95	24	0	255
 65514	36	36	39	88	95	23	0	255
 65560	36	36	39	88	95	24	0	255
 65605	36	36	39	88	95	24	0	255
 65650	36	36	39	88	95	24	0	255
 65696	36	36	39	88	95	24	0	255
 65745	36	36	39	88	95	24	0	255
 65786	36	36	39	88	95	23	0	255
 65832	36	36	39	88	95	23	0	255
 65877	36	36	39	88	95	24	0	255
 65922	36	36	39	88	95	24	0	255
 65968	36	36	39	88	95	24	0	255
 66013	36	36	39	88	95	24	0	255
 66059	36	36	39	88	95	23	0	255
 66104	36	36	39	88	95	24	0	255
 66149	36	36	39	88	95	23	0	255
 66195	36	36	39	88	95	24	0	255
 66240	36	36	39	88	95	24	0	255
 66285	36	36	39	88	95	23	0	255
 66331	36	36	39	88	95	23	0	255
 66376	36	36	39	88	95	24	0	255
 66421	36	36	39	88	95	24	0	255
 66467	36	36	39	88	95	24	0	255
 66512	36	36	39	88	95	24	0	255
 66557	36	36	39	88	95	23	0	255
 66603	36	36	39	88	95	22	0	255
 66648	36	36	39	88	95	24	0	255
 66694	36	36	39	88	95	24	0	255
 66739	36	36	39	88	95	23	0	255
 66784	36	36	39	88	95	23	0	255
 66830	36	36	39	88	95	23	0	255
 66875	36	36	39	88	95	23	0	255
 66920	36	36	39	88	95	23	0	255
 66966	36	36	39	88	95	23	0	255
 67011	36	36	39	88	95	24	0	255
 67056	36	36	39	88	95	23	0	255
 67102	36	36	39	88	95	23	0	255
 67147	36	36	39	88	95	24	0	255
 67192	36	36	39	88	95	23	0	255
 67238	36	36	39	88	95	23	0	255
 67283	36	36	39	88	95	23	0	255
 67328	36	36	39	88	95	23	0	255
 67374	36	36	39	88	95	22	0	255
 67419	36	36	39	88	95	23	0	255
 67465	36	36	39	88	95	22	0	255
 67510	36	36	39	88	95	23	0	255
 67555	36	36	39	88	95	23	0	255
 67601	36	36	39	88	95	23	0	255
 67646	36	36	39	88	95	24	0	255
 67691	36	36	39	88	95	22	0	255
 67737	36	36	39	88	95	23	0	255
 67782	36	36	39	88	95	23	0	255
 67827	36	36	39	88	95	23	0	255
 67873	36	36	39	88	95	24	0	255
 67918	36	36	39	88	95	22	0	255
 67963	36	36	39	88	95	23	0	255
 68009	36	36	39	88	95	23	0	255
 68054	36	36	39	88	95	22	0	255
 68099	36	36	39	88	95	22	0	255
 68145	36	36	39	88	95	23	0	255
 68190	36	36	39	88	95	23	0	255
 68236	36	36	39	88	95	23	0	255
 68281	36	36	39	88	95	23	0	255
 68326	36	36	39	88	95	23	0	255
 68372	36	36	39	88	95	23	0	255
 68422	36	36	39	88	95	23	0	255
 68462	36	36	39	88	95	23	0	255
 68508	36	36	39	88	95	23	0	255
 68553	36	36	39	88	95	23	0	255
 68598	36	36	39	88	95	23	0	255
 68644	36	36	39	88	95	23	0	255
 68689	36	36	39	88	95	23	0	255
 68734	36	36	39	88	95	23	0	255
 68780	36	36	39	88	95	23	0	255
 68825	36	36	39	88	95	22	0	255
 68870	36	36	39	88	95	22	0	255
 68916	36	36	39	88	95	22	0	255
 68961	36	36	39	88	95	23	0	255
 69007	36	36	39	88	94	23	0	255
 69052	36	36	39	88	94	23	0	255
 69097	36	36	39	88	95	23	0	255
 69143	36	36	39	88	95	23	0	255
 69188	36	36	39	88	94	23	0	255
 69233	36	36	39	88	94	22	0	255
 69279	36	36	39	88	95	23	0	255
 69324	36	36	39	88	94	23	0	255
 69369	36	36	39	88	94	24	0	255
 69415	36	36	39	88	94	23	0	255
 69460	36	36	39	88	94	23	0	255
 69554	36	36	39	88	94	23	0	255
 69596	36	36	39	88	94	23	0	255
 69641	36	36	39	88	94	23	0	255
 69687	36	36	39	88	94	23	0	255
 69732	36	36	39	88	94	23	0	255
 69777	36	36	39	88	94	23	0	255
 69823	36	36	39	88	94	23	0	255
 69868	36	36	39	88	94	22	0	255
 69914	36	36	39	88	94	22	0	255
 69959	36	36	39	88	94	23	0	255
 70004	36	36	39	88	94	23	0	255
 70050	36	36	39	88	94	23	0	255
 70095	36	36	39	88	94	23	0	255
 70140	36	36	39	88	94	23	0	255
 70186	36	36	39	88	94	23	0	255
 70231	36	36	39	88	94	23	0	255
 70276	36	36	39	88	94	23	0	255
 70367	36	36	39	88	94	22	0	255
 70412	36	36	39	88	94	22	0	255
 70458	36	36	39	88	94	22	0	255
 70503	36	36	39	88	94	22	0	255
 70553	36	36	39	88	94	22	0	255
 70639	36	36	39	88	94	22	0	255
 70685	36	36	39	87	94	23	0	255
 70730	36	36	39	87	94	23	0	255
 70775	36	36	39	87	94	23	0	255
 70821	36	36	39	88	94	23	0	255
 70866	36	36	39	87	94	22	0	255
 70957	36	36	39	88	94	23	0	255
 71002	36	36	39	87	94	22	0	255
 71047	36	36	39	87	94	23	0	255
 71093	36	36	39	87	94	22	0	255
 71138	36	36	39	87	94	22	0	255
 71183	36	36	39	87	94	22	0	255
 71229	36	36	39	87	94	22	0	255
 71274	36	36	39	87	94	22	0	255
 71319	36	36	39	87	94	23	0	255
 71365	36	36	39	87	94	22	0	255
 71410	36	36	39	87	94	22	0	255
 71456	36	36	39	87	94	20	0	255
 71501	36	36	39	87	94	22	0	255
 71546	36	36	39	87	94	22	0	255
 71592	36	36	39	87	94	22	0	255
 71637	36	36	39	87	94	22	0	255
 71682	36	36	39	87	94	22	0	255
 71728	36	36	39	87	94	22	0	255
 71777	36	36	39	87	94	23	0	255
 71818	36	36	39	87	94	22	0	255
 71864	36	36	39	87	94	23	0	255
 71909	36	36	39	87	94	22	0	255
 71954	36	36	39	87	94	23	0	255
 72003	36	36	39	87	94	22	0	255
 72045	36	36	39	87	94	23	0	255
 72090	36	36	39	87	94	23	0	255
 72136	36	36	39	87	94	23	0	255
 72181	36	36	39	87	94	22	0	255
 72235	36	36	39	87	94	22	0	255
 72272	36	36	39	87	94	22	0	255
 72317	36	36	39	87	94	23	0	255
 72363	36	36	39	87	94	22	0	255
 72408	36	36	39	87	94	22	0	255
 72453	36	36	39	87	94	22	0	255
 72499	36	36	39	87	94	22	0	255
 72544	36	36	39	87	94	23	0	255
 72589	36	36	39	87	94	23	0	255
 72635	36	36	39	87	94	23	0	255
 72680	36	36	39	87	94	23	0	255
 72726	36	36	39	87	94	22	0	255
 72771	36	36	39	87	94	22	0	255
 72816	36	36	39	87	94	22	0	255
 72862	36	36	39	87	94	22	0	255
 72907	36	36	39	87	94	22	0	255
 72952	36	36	39	87	94	22	0	255
 72998	36	36	39	87	94	22	0	255
 73043	36	36	39	87	94	22	0	255
 73088	36	36	39	87	94	22	0	255
 73134	36	36	39	87	94	22	0	255
 73179	36	36	39	87	94	22	0	255
 73224	36	36	39	87	94	22	0	255
 73270	36	36	39	87	94	22	0	255
 73315	36	36	39	87	94	22	0	255
 73360	36	36	39	87	94	22	0	255
 73406	36	36	39	87	94	22	0	255
 73451	36	36	39	87	94	22	0	255
 73496	36	36	39	87	94	22	0	255
 73542	36	36	39	87	94	22	0	255
 73587	36	36	39	87	94	22	0	255
 73678	36	36	39	87	94	23	0	255
 73723	36	36	39	87	94	23	0	255
 73769	36	36	39	87	94	22	0	255
 73859	36	36	39	87	94	22	0	255
 73905	36	36	39	87	94	23	0	255
 73950	36	36	39	87	94	22	0	255
 73995	36	36	39	87	94	22	0	255
 74041	36	36	39	87	94	20	0	255
 74086	36	36	39	87	94	22	0	255
 74131	36	36	39	87	94	22	0	255
 74222	36	36	39	87	94	22	0	255
 74267	36	36	39	87	94	23	0	255
 74313	36	36	39	87	94	22	0	255
 74358	36	36	39	87	94	22	0	255
 74404	36	36	39	87	94	22	0	255
 74449	36	36	39	87	94	24	0	255
 74494	36	36	39	87	94	23	0	255
 74540	36	36	39	87	94	23	0	255
 74585	36	36	39	87	94	20	0	255
 74630	36	36	39	87	94	22	0	255
 74676	36	36	39	87	94	22	0	255
 74721	36	36	39	87	94	23	0	255
 74766	36	36	39	87	94	23	0	255
 74857	36	36	39	87	94	22	0	255
 74902	36	36	39	87	94	22	0	255
 74948	36	36	39	87	94	22	0	255
 74993	36	36	39	87	94	23	0	255
 75038	36	36	39	87	94	22	0	255
 75084	36	36	39	87	94	22	0	255
 75129	36	36	39	87	94	23	0	255
 75175	36	36	39	87	94	23	0	255
 75220	36	36	39	87	94	22	0	255
 75265	36	36	39	87	94	23	0	255
 75311	36	36	39	87	94	22	0	255
 75356	36	36	39	87	94	23	0	255
 75401	36	36	39	87	94	23	0	255
 75447	36	36	39	87	94	20	0	255
 75492	36	36	39	87	94	22	0	255
 75537	36	36	39	87	94	22	0	255
 75583	36	36	39	87	94	22	0	255
 75628	36	36	39	87	94	22	0	255
 75673	36	36	39	87	94	22	0	255
 75719	36	36	39	87	94	22	0	255
 75764	36	36	39	87	94	22	0	255
 75813	36	36	39	87	94	23	0	255
 75855	36	36	39	87	94	22	0	255
 75900	36	36	39	87	94	22	0	255
 75946	36	36	39	87	94	22	0	255
 75991	36	36	39	87	94	22	0	255
 76082	36	36	39	87	94	22	0	255
 76127	36	36	39	87	94	22	0	255
 76172	36	36	39	87	94	23	0	255
 76218	36	36	39	87	94	22	0	255
 76263	36	36	39	87	94	22	0	255
 76308	36	36	39	87	94	22	0	255
 76354	36	36	39	87	94	22	0	255
 76399	36	36	39	87	94	22	0	255
 76444	36	36	39	87	94	22	0	255
 76490	36	36	39	87	94	22	0	255
 76535	36	36	39	87	94	22	0	255
 76580	36	36	39	87	94	23	0	255
 76626	36	36	39	87	94	22	0	255
 76671	36	36	39	87	94	22	0	255
 76717	36	36	39	87	94	22	0	255
 76807	36	36	39	87	94	22	0	255
 76856	36	36	39	87	94	22	0	255
 76898	36	36	39	87	94	22	0	255
 76989	36	36	39	87	94	22	0	255
 77034	36	36	39	87	94	22	0	255
 77079	36	36	39	87	94	22	0	255
 77125	36	36	39	87	94	23	0	255
 77170	36	36	39	87	94	22	0	255
 77215	36	36	39	87	94	22	0	255
 77261	36	36	39	87	94	22	0	255
 77306	36	36	39	87	94	22	0	255
 77351	36	36	39	87	94	22	0	255
 77397	36	36	39	87	94	22	0	255
 77442	36	36	39	87	94	23	0	255
 77487	36	36	39	87	94	22	0	255
 77533	36	36	39	87	94	22	0	255
 77578	36	36	39	87	94	22	0	255
 77624	36	36	39	87	94	22	0	255
 77669	36	36	39	87	94	20	0	255
 77714	36	36	39	87	94	22	0	255
 77760	36	36	39	87	94	22	0	255
 77809	36	36	39	87	94	22	0	255
 77896	36	36	39	87	94	22	0	255
 77941	36	36	39	87	94	22	0	255
 77986	36	36	39	87	94	23	0	255
 78032	36	36	39	87	94	22	0	255
 78077	36	36	39	87	94	22	0	255
 78122	36	36	39	87	94	22	0	255
 78168	36	36	39	87	94	22	0	255
 78213	36	36	39	87	94	22	0	255
 78258	36	36	39	87	94	23	0	255
 78304	36	36	39	87	94	22	0	255
 78349	36	36	39	87	94	22	0	255
 78395	36	36	39	87	94	22	0	255
 78440	36	36	39	87	94	22	0	255
 78485	36	36	39	87	94	22	0	255
 78531	36	36	39	87	94	22	0	255
 78576	36	36	39	87	94	22	0	255
 78621	36	36	39	87	94	22	0	255
 78667	36	36	39	87	94	22	0	255
 78712	36	36	39	87	94	22	0	255
 78757	36	36	39	87	94	22	0	255
 78804	36	36	39	87	94	22	0	255
 78848	36	36	39	87	94	22	0	255
 78893	36	36	39	87	94	22	0	255
 78939	36	36	39	87	94	23	0	255
 78984	36	36	39	87	94	22	0	255
 79029	36	36	39	87	94	22	0	255
 79076	36	36	39	87	94	22	0	255
 79120	36	36	39	87	94	22	0	255
 79166	36	36	39	87	94	22	0	255
 79211	36	36	39	87	94	22	0	255
 79256	36	36	39	87	94	22	16	255
 79302	36	36	39	87	93	23	16	255
 79347	36	36	39	87	94	22	16	255
 79392	36	36	39	87	94	22	16	255
 79438	36	36	39	87	93	23	16	255
 79486	36	36	39	87	93	22	16	255
 79528	36	36	39	87	93	22	16	255
 79574	36	36	39	88	93	23	16	255
 79619	36	36	39	88	93	22	16	255
 79668	36	36	39	88	93	22	16	255
 79710	36	36	39	89	93	23	16	255
 79755	36	36	39	89	93	22	16	255
 79800	36	36	39	89	93	22	16	255
 79846	36	36	39	90	93	22	16	255
 79891	36	36	39	90	93	23	16	255
 79937	36	36	39	90	93	22	16	255
 79982	36	36	39	90	93	23	16	255
 80027	36	36	39	91	93	22	16	255
 80073	36	36	39	91	93	22	16	255
 80118	36	36	39	91	93	22	16	255
 80163	36	36	39	91	93	22	16	255
 80209	36	36	39	92	93	22	0	255
 80254	36	36	39	92	93	22	0	255
 80299	36	36	39	92	94	22	0	255
 80345	36	36	39	92	94	22	0	255
 80390	36	36	39	92	94	23	0	255
 80435	36	36	39	92	94	22	0	255
 80481	36	36	39	92	94	22	0	255
 80526	36	36	39	92	94	22	0	255
 80571	36	36	39	92	93	22	0	255
 80617	36	36	39	92	93	23	0	255
 80662	36	36	39	92	93	22	0	255
 80708	36	36	39	92	93	22	0	255
 80757	36	36	39	92	93	22	0	255
 80798	36	36	39	92	93	23	0	255
 80844	36	36	39	92	93	22	0	255
 80934	36	36	39	92	93	22	0	255
 80980	36	36	39	92	93	23	0	255
 81025	36	36	39	92	93	22	0	255
 81070	36	36	39	92	93	22	0	255
 81116	36	36	39	92	93	23	0	255
 81161	36	36	39	92	93	22	0	255
 81206	36	36	39	92	93	23	0	255
 81252	36	36	39	92	93	22	0	255
 81297	36	36	39	92	93	23	0	255
 81343	36	36	39	92	93	22	0	255
 81388	36	36	39	92	93	22	0	255
 81433	36	36	39	92	93	23	0	255
 81479	36	36	39	92	93	22	0	255
 81524	36	36	39	92	93	22	0	255
 81569	36	36	39	92	93	22	0	255
 81615	36	36	39	92	93	22	0	255
 81660	36	36	39	92	93	23	0	255
 81705	36	36	39	92	93	22	0	255
 81751	36	36	39	92	93	22	0	255
 81796	36	36	39	92	93	23	0	255
 81841	36	36	39	92	93	22	0	255
 81890	36	36	39	92	93	20	0	255
 81932	36	36	39	92	93	22	0	255
 81982	36	36	39	92	93	20	0	255
 82023	36	36	39	92	93	23	0	255
 82068	36	36	39	92	93	22	0	255
 82114	36	36	39	92	93	22	0	255
 82159	36	36	39	92	93	22	0	255
 82250	36	36	39	92	93	22	0	255
 82295	36	36	39	92	93	22	0	255
 82386	36	36	39	92	93	22	0	255
 82431	36	36	39	92	93	23	0	255
 82476	36	36	39	92	93	20	0	255
 82522	36	36	39	92	93	22	0	255
 82568	36	36	39	92	93	22	0	255
 82612	36	36	39	92	93	22	0	255
 82658	36	36	39	92	93	22	0	255
 82703	36	36	39	92	93	22	0	255
 82748	36	36	39	92	93	22	0	255
 82794	36	36	39	92	93	23	0	255
 82839	36	36	39	92	93	22	0	255
 82885	36	36	39	92	93	22	0	255
 82930	36	36	39	92	93	22	0	255
 82975	36	36	39	92	93	22	0	255
 83021	36	36	39	92	93	22	0	255
 83066	36	36	39	92	93	22	0	255
 83111	36	36	39	92	93	23	0	255
 83157	36	36	39	92	93	22	0	255
 83202	36	36	39	92	93	22	0	255
 83247	36	36	39	92	93	23	0	255
 83293	36	36	39	92	93	22	0	255
 83338	36	36	39	92	93	22	0	255
 83383	36	36	39	92	93	23	0	255
 83429	36	36	39	92	93	22	0	255
 83476	36	36	39	92	93	22	0	255
 83521	36	36	39	91	93	22	0	255
 83565	36	36	39	92	93	23	0	255
 83610	36	36	39	92	93	23	0	255
 83656	36	36	39	91	93	23	0	255
 83701	36	36	39	91	93	22	0	255
 83746	36	36	39	91	93	23	0	255
 83792	36	36	39	92	93	22	0	255
 83837	36	36	39	91	93	22	0	255
 83882	36	36	39	91	93	22	0	255
 83928	36	36	39	91	93	22	0	255
 84018	36	36	39	91	93	22	0	255
 84064	36	36	39	91	93	22	0	255
 84109	36	36	39	91	93	22	0	255
 84154	36	36	39	91	93	22	0	255
 84200	36	36	39	91	93	22	0	255
 84245	36	36	39	91	93	22	0	255
 84291	36	36	39	91	93	22	0	255
 84336	36	36	39	91	93	22	0	255
 84381	36	36	39	91	93	23	0	255
 84427	36	36	39	91	93	22	0	255
 84472	36	36	39	91	93	22	0	255
 84517	36	36	39	91	93	22	0	255
 84563	36	36	39	91	93	22	0	255
 84608	36	36	39	91	93	22	0	255
 84653	36	36	39	91	93	22	0	255
 84699	36	36	39	91	93	22	0	255
 84744	36	36	39	91	93	23	0	255
 84789	36	36	39	91	93	22	0	255
 84835	36	36	39	91	93	22	0	255
 84880	36	36	39	91	93	22	0	255
 84925	36	36	39	91	93	22	0	255
 84971	36	36	39	91	93	22	0	255
 85016	36	36	39	91	93	22	0	255
 85062	36	36	39	91	93	22	0	255
 85107	36	36	39	91	93	22	0	255
 85152	36	36	39	91	93	23	0	255
 85198	36	36	39	91	93	22	0	255
 85243	36	36	39	91	93	22	0	255
 85288	36	36	39	91	93	22	0	255
 85334	36	36	39	91	93	22	0	255
 85379	36	36	39	91	93	22	0	255
 85424	36	36	39	91	93	20	0	255
 85470	36	36	39	91	93	22	0	255
 85515	36	36	39	91	93	22	0	255
 85561	36	36	39	91	93	22	0	255
 85606	36	36	39	91	93	20	0	255
 85651	36	36	39	91	93	22	0	255
 85697	36	36	39	91	93	22	0	255
 85742	36	36	39	91	93	22	0	255
 85787	36	36	39	91	93	20	0	255
 85833	36	36	39	91	93	22	0	255
 85923	36	36	39	91	93	22	0	255
 85969	36	36	39	91	93	22	0	255
 86015	36	36	39	91	93	22	0	255
 86059	36	36	39	91	93	22	0	255
 86105	36	36	39	91	93	22	0	255
 86150	36	36	39	91	93	22	0	255
 86195	36	36	39	91	93	20	0	255
 86241	36	36	39	91	93	22	0	255
 86286	36	36	39	91	93	22	0	255
 86332	36	36	39	91	93	22	0	255
 86377	36	36	39	91	93	20	0	255
