HomeCentral
 Falkenstrasse 20
 8630 Rueti
 Datum: 23.04.14 00:00
 
 Startzeit: 2014-04-23 00:00:30 +0100
 76	51	50	79	144	148	17	0	255
 121	51	50	79	144	148	18	0	255
 166	51	50	79	144	148	17	0	255
 212	51	50	79	144	148	18	0	255
 257	51	50	79	144	148	17	0	255
 303	51	50	79	144	148	18	0	255
 348	51	50	79	144	148	18	0	255
 393	51	50	79	144	148	17	0	255
 439	51	50	79	144	148	17	0	255
 484	51	50	79	144	148	17	0	255
 529	51	50	79	144	148	18	0	255
 575	51	50	79	144	148	17	0	255
 620	51	50	79	144	148	17	0	255
 665	51	50	79	144	148	18	0	255
 711	51	50	79	144	148	18	0	255
 756	51	50	79	144	148	17	0	255
 801	51	50	79	144	148	17	0	255
 847	51	50	79	144	148	17	0	255
 892	51	50	79	144	148	18	0	255
 937	51	50	79	144	148	17	0	255
 983	51	50	79	144	148	17	0	255
 1028	51	50	79	144	148	17	0	255
 1074	51	50	79	144	148	17	0	255
 1119	51	50	79	144	148	18	0	255
 1164	51	50	79	144	148	17	0	255
 1210	51	50	79	144	148	17	0	255
 1255	51	50	79	144	148	17	0	255
 1300	51	50	79	144	148	16	0	255
 1346	51	50	79	144	148	17	0	255
 1391	51	50	79	144	148	17	0	255
 1436	51	50	79	144	148	17	0	255
 1482	51	50	79	144	148	17	0	255
 1527	51	50	79	144	148	17	0	255
 1572	51	50	79	144	148	16	0	255
 1618	51	50	79	144	148	17	0	255
 1663	51	50	79	144	148	17	0	255
 1708	51	50	79	144	148	17	0	255
 1754	51	50	79	144	148	17	0	255
 1799	51	50	79	144	148	17	0	255
 1844	51	50	79	144	148	17	0	255
 1890	51	50	79	144	148	17	0	255
 1935	51	50	79	144	148	17	0	255
 1981	51	50	79	144	148	16	0	255
 2026	51	50	79	144	148	17	0	255
 2071	51	50	79	144	148	16	0	255
 2117	51	50	79	144	148	17	0	255
 2162	51	50	79	144	148	17	0	255
 2207	51	50	79	144	148	17	0	255
 2253	51	50	79	144	148	17	0	255
 2298	51	50	79	144	148	16	0	255
 2343	51	50	79	144	148	17	0	255
 2389	51	50	79	144	148	17	0	255
 2434	51	50	79	144	148	16	0	255
 2479	51	50	79	144	148	16	0	255
 2525	51	50	79	144	148	17	0	255
 2570	51	50	79	144	148	17	0	255
 2615	51	50	79	144	148	16	0	255
 2661	51	50	79	143	148	16	0	255
 2706	51	50	79	144	148	17	0	255
 2751	51	50	79	143	148	17	0	255
 2797	51	50	79	143	148	17	0	255
 2842	51	50	79	143	148	17	0	255
 2888	51	50	79	143	148	16	0	255
 2933	51	50	79	143	148	16	0	255
 2978	51	50	79	143	148	16	0	255
 3024	51	50	78	143	148	16	0	255
 3069	51	50	78	143	148	16	0	255
 3114	51	50	78	143	148	17	0	255
 3160	51	50	78	143	148	16	0	255
 3205	51	50	78	143	148	16	0	255
 3250	51	50	78	143	148	16	0	255
 3296	51	50	78	143	148	16	0	255
 3341	51	50	78	143	148	16	0	255
 3386	51	50	78	143	148	17	0	255
 3432	51	50	78	143	148	17	0	255
 3477	51	50	78	143	148	17	0	255
 3522	51	50	78	143	148	17	0	255
 3568	51	50	78	143	148	16	0	255
 3613	51	50	78	143	148	17	0	255
 3658	51	50	78	143	148	17	0	255
 3704	51	50	78	143	148	16	0	255
 3749	51	50	78	143	148	16	0	255
 3795	51	50	78	143	148	17	0	255
 3840	51	50	78	143	148	16	0	255
 3885	51	50	78	143	148	17	0	255
 3931	51	50	78	143	148	17	0	255
 3976	51	50	78	143	148	17	0	255
 4021	51	50	78	143	148	17	0	255
 4067	51	50	78	143	148	17	0	255
 4112	51	50	78	143	148	16	0	255
 4157	51	50	78	143	148	17	0	255
 4203	51	50	78	143	148	16	0	255
 4248	51	50	78	143	148	16	0	255
 4293	51	50	78	143	148	17	0	255
 4339	51	50	78	143	148	16	0	255
 4384	51	50	78	143	148	16	0	255
 4429	51	50	78	143	148	16	0	255
 4475	51	50	78	143	148	17	0	255
 4520	51	50	78	143	148	17	0	255
 4566	51	50	78	143	148	16	0	255
 4611	51	50	78	143	148	16	0	255
 4656	51	50	78	143	148	16	0	255
 4702	51	50	78	143	148	17	0	255
 4747	51	50	78	143	148	16	0	255
 4792	51	50	78	143	148	17	0	255
 4838	51	50	78	143	148	16	0	255
 4883	51	50	78	143	148	16	0	255
 4928	51	50	78	143	148	16	0	255
 4974	51	50	78	143	148	16	0	255
 5019	51	50	78	143	148	16	0	255
 5064	51	50	78	143	147	17	0	255
 5110	51	50	78	143	147	17	0	255
 5156	51	50	78	143	147	17	0	255
 5200	51	50	78	143	148	16	0	255
 5246	51	50	78	143	148	16	0	255
 5291	51	50	78	143	147	16	0	255
 5336	51	50	78	143	147	17	0	255
 5382	51	50	78	143	147	16	0	255
 5430	51	50	78	143	147	16	0	255
 5473	51	50	78	143	147	17	0	255
 5518	51	50	78	143	147	16	0	255
 5563	51	50	78	143	147	16	0	255
 5609	51	50	78	143	147	17	0	255
 5654	51	50	78	143	147	16	0	255
 5699	51	50	78	143	147	17	0	255
 5745	51	50	78	143	147	17	0	255
 5790	51	50	78	143	147	16	0	255
 5835	51	50	78	143	147	16	0	255
 5881	51	50	78	143	147	16	0	255
 5926	51	50	78	143	147	14	0	255
 5971	51	50	78	143	147	16	0	255
 6017	51	50	78	143	147	16	0	255
 6062	51	50	78	143	147	17	0	255
 6107	51	50	78	143	147	16	0	255
 6153	51	50	78	143	147	16	0	255
 6198	51	50	78	143	147	16	0	255
 6244	51	50	78	143	147	16	0	255
 6289	51	50	78	143	147	16	0	255
 6334	51	50	78	143	147	16	0	255
 6380	51	50	78	143	147	14	0	255
 6425	51	50	78	143	147	16	0	255
 6470	51	50	78	143	147	16	0	255
 6516	51	50	78	143	147	16	0	255
 6561	51	50	78	143	147	17	0	255
 6606	51	50	78	143	147	16	0	255
 6652	51	50	78	143	147	16	0	255
 6697	51	50	78	143	147	16	0	255
 6742	51	50	78	143	147	14	0	255
 6788	51	50	78	143	147	14	0	255
 6833	51	50	78	143	147	16	0	255
 6878	51	50	78	143	147	14	0	255
 6924	51	50	78	143	147	16	0	255
 6969	51	50	78	143	147	16	0	255
 7014	51	50	78	143	147	14	0	255
 7060	51	50	78	143	147	14	0	255
 7105	51	50	78	143	147	16	0	255
 7151	51	50	78	143	147	16	0	255
 7196	51	50	78	143	147	14	0	255
 7241	51	50	78	143	147	16	0	255
 7287	51	50	78	143	147	16	0	255
 7332	51	50	78	143	147	16	0	255
 7377	51	50	78	143	147	14	0	255
 7423	51	50	78	143	147	14	0	255
 7468	51	50	78	143	147	16	0	255
 7513	51	50	78	143	147	14	0	255
 7559	51	50	78	143	147	14	0	255
 7604	51	50	78	143	147	16	0	255
 7649	51	50	77	143	147	14	0	255
 7695	51	50	77	143	147	16	0	255
 7740	51	50	77	143	147	16	0	255
 7785	51	50	77	143	147	16	0	255
 7831	51	50	77	143	147	16	0	255
 7876	51	50	77	143	147	16	0	255
 7922	51	50	77	143	147	16	0	255
 7967	51	50	77	143	147	16	0	255
 8012	51	50	77	143	147	14	0	255
 8058	51	50	77	143	147	16	0	255
 8103	51	50	77	143	147	16	0	255
 8148	51	50	77	143	147	14	0	255
 8194	51	50	77	143	147	14	0	255
 8239	51	50	77	143	147	16	0	255
 8284	51	50	77	143	147	16	0	255
 8330	51	50	77	142	147	14	0	255
 8375	51	50	77	142	147	14	0	255
 8420	51	50	77	142	147	16	0	255
 8466	51	50	77	142	147	16	0	255
 8511	51	50	77	142	147	14	0	255
 8557	51	50	77	142	147	16	0	255
 8602	51	50	77	142	147	14	0	255
 8647	51	50	77	142	147	16	0	255
 8692	51	50	77	142	147	14	0	255
 8738	51	50	77	142	147	14	0	255
 8783	51	50	77	142	147	14	0	255
 8829	51	50	77	142	147	14	0	255
 8874	51	50	77	142	147	14	0	255
 8919	51	50	77	142	147	14	0	255
 8965	51	50	77	142	147	14	0	255
 9010	51	50	77	142	147	14	0	255
 9055	51	50	77	142	147	14	0	255
 9101	51	50	77	142	147	14	0	255
 9146	51	50	77	142	147	14	0	255
 9191	51	50	77	142	147	14	0	255
 9237	51	50	77	142	147	13	0	255
 9282	51	50	77	142	147	13	0	255
 9327	51	50	77	142	147	14	0	255
 9373	51	50	77	142	147	14	0	255
 9418	51	50	77	142	147	14	0	255
 9463	51	50	77	142	147	13	0	255
 9509	51	50	77	142	147	14	0	255
 9554	51	50	77	142	147	14	0	255
 9599	51	50	77	142	147	14	0	255
 9645	51	50	77	142	147	14	0	255
 9690	51	50	77	142	147	13	0	255
 9736	51	50	77	142	147	14	0	255
 9781	51	50	77	142	147	13	0	255
 9826	51	50	77	142	147	14	0	255
 9872	51	50	77	142	147	13	0	255
 9917	51	50	77	142	147	13	0	255
 9962	51	50	77	142	147	13	0	255
 10008	51	50	77	142	147	13	0	255
 10053	51	50	77	142	147	14	0	255
 10098	51	50	77	142	147	13	0	255
 10144	51	50	77	142	147	13	0	255
 10189	51	50	77	142	147	13	0	255
 10234	51	50	77	142	147	13	0	255
 10280	51	50	77	142	147	13	0	255
 10325	51	50	77	142	147	13	0	255
 10370	51	50	77	142	147	13	0	255
 10416	51	50	77	142	147	13	0	255
 10461	51	50	77	142	147	13	0	255
 10507	51	50	77	142	147	12	0	255
 10552	51	50	77	142	147	13	0	255
 10597	51	50	77	142	147	13	0	255
 10643	51	50	77	142	147	12	0	255
 10688	51	50	77	142	147	13	0	255
 10733	51	50	77	142	147	13	0	255
 10779	51	50	77	142	147	13	0	255
 10824	51	50	77	142	147	13	0	255
 10869	51	50	77	142	147	13	0	255
 10915	51	50	77	142	147	13	0	255
 10960	51	50	77	142	147	12	0	255
 11005	51	50	77	142	147	13	0	255
 11051	51	50	77	142	147	13	0	255
 11096	51	50	77	142	147	13	0	255
 11141	51	50	77	142	147	13	0	255
 11187	51	50	77	142	147	12	0	255
 11232	51	50	77	142	147	13	0	255
 11278	51	50	77	142	147	13	0	255
 11323	51	50	77	142	146	12	0	255
 11368	51	50	77	142	147	13	0	255
 11414	51	50	77	142	147	12	0	255
 11459	51	50	77	142	146	12	0	255
 11504	51	50	77	142	147	12	0	255
 11550	51	50	77	142	146	12	0	255
 11595	51	50	77	142	146	12	0	255
 11640	51	50	77	142	146	12	0	255
 11686	51	50	77	142	146	13	0	255
 11731	51	50	77	142	146	12	0	255
 11776	51	50	77	142	146	13	0	255
 11822	51	50	77	142	146	13	0	255
 11867	51	50	77	142	146	12	0	255
 11912	51	50	77	142	146	13	0	255
 11958	51	50	77	142	146	12	0	255
 12003	51	50	77	142	146	12	0	255
 12048	51	50	77	142	146	12	0	255
 12094	51	50	77	142	146	13	0	255
 12139	51	50	77	142	146	12	0	255
 12185	51	50	77	142	146	12	0	255
 12230	51	50	77	142	146	13	0	255
 12275	51	50	77	142	146	12	0	255
 12321	51	50	77	142	146	12	0	255
 12366	51	50	77	142	146	14	0	255
 12411	51	50	77	142	146	12	0	255
 12457	51	50	76	142	146	13	0	255
 12502	51	50	76	142	146	12	0	255
 12547	51	50	76	142	146	12	0	255
 12593	51	49	76	142	146	12	0	255
 12638	51	50	76	142	146	12	0	255
 12683	51	49	76	142	146	12	0	255
 12729	51	50	76	142	146	12	0	255
 12774	51	49	76	142	146	12	0	255
 12819	51	50	76	142	146	12	0	255
 12865	51	49	76	142	146	12	0	255
 12910	51	50	76	142	146	12	0	255
 12955	51	49	76	142	146	12	0	255
 13001	51	49	76	142	146	12	0	255
 13046	51	50	76	142	146	12	0	255
 13092	51	49	76	142	146	12	0	255
 13137	51	49	76	142	146	13	0	255
 13182	51	49	76	142	146	13	0	255
 13228	51	49	76	142	146	12	0	255
 13273	51	49	76	142	146	12	0	255
 13318	51	49	76	142	146	12	0	255
 13364	51	49	76	142	146	12	0	255
 13409	51	49	76	142	146	12	0	255
 13454	51	49	76	142	146	12	0	255
 13500	51	49	76	142	146	12	0	255
 13545	51	49	76	142	146	12	0	255
 13590	51	49	76	142	146	12	0	255
 13636	51	49	76	142	146	12	0	255
 13681	51	49	76	142	146	12	0	255
 13726	51	49	76	142	146	12	0	255
 13772	51	49	76	142	146	12	0	255
 13817	51	49	76	141	146	11	0	255
 13862	51	49	76	141	146	11	0	255
 13908	51	49	76	141	146	12	0	255
 13953	51	49	76	141	146	12	0	255
 13999	51	49	76	141	146	12	0	255
 14044	51	49	76	142	146	12	0	255
 14089	51	49	76	141	146	12	0	255
 14135	51	49	76	141	146	12	0	255
 14180	51	49	76	141	146	12	0	255
 14225	51	49	76	141	146	12	0	255
 14271	51	49	76	141	146	12	0	255
 14316	51	49	76	141	146	12	0	255
 14361	51	49	76	141	146	12	0	255
 14407	51	49	76	141	146	12	0	255
 14452	51	49	76	141	146	12	0	255
 14497	51	49	76	141	146	12	0	255
 14543	51	49	76	141	146	12	0	255
 14588	51	49	76	141	146	12	0	255
 14633	51	49	76	141	146	12	0	255
 14679	51	49	76	141	146	11	0	255
 14724	51	49	76	141	146	12	0	255
 14770	51	49	76	141	146	12	0	255
 14815	51	49	76	141	146	12	0	255
 14860	51	49	76	141	146	12	0	255
 14906	51	49	76	141	146	11	0	255
 14951	51	49	76	141	146	12	0	255
 14996	51	49	76	141	146	11	0	255
 15042	51	49	76	141	146	11	0	255
 15087	51	49	76	141	146	11	0	255
 15132	51	49	76	141	146	12	0	255
 15178	51	49	76	141	146	12	0	255
 15223	51	49	76	141	146	12	0	255
 15268	51	49	76	141	146	11	0	255
 15314	51	49	76	141	146	11	0	255
 15359	51	49	76	141	146	11	0	255
 15404	51	49	76	141	146	11	0	255
 15450	51	49	76	141	146	11	0	255
 15495	51	49	76	141	146	12	0	255
 15540	51	49	76	141	146	12	0	255
 15586	51	49	76	141	146	12	0	255
 15631	51	49	76	141	146	12	0	255
 15677	51	49	76	141	146	12	0	255
 15722	51	49	76	141	146	12	0	255
 15767	51	49	76	141	146	12	0	255
 15813	51	49	76	141	146	11	0	255
 15858	51	49	76	141	146	11	0	255
 15903	51	49	76	141	146	11	0	255
 15949	51	49	76	141	146	12	0	255
 15994	51	49	76	141	146	12	0	255
 16039	51	49	76	141	146	12	0	255
 16085	51	49	76	141	146	12	0	255
 16130	51	49	76	141	146	12	0	255
 16175	51	49	76	141	146	11	0	255
 16221	51	49	76	141	146	11	0	255
 16266	51	49	76	141	146	11	0	255
 16311	51	49	76	141	146	11	0	255
 16357	51	49	76	141	146	11	0	255
 16402	51	49	76	141	146	12	0	255
 16448	51	49	76	141	146	11	0	255
 16493	51	49	76	141	146	11	0	255
 16538	51	49	76	141	146	11	0	255
 16584	51	49	76	141	146	11	0	255
 16629	51	49	76	141	146	11	0	255
 16674	51	49	76	141	146	11	0	255
 16720	51	49	76	141	146	11	0	255
 16765	51	49	76	141	146	11	0	255
 16810	51	49	76	141	146	11	0	255
 16856	51	49	76	141	146	10	0	255
 16901	51	49	76	141	146	10	0	255
 16946	51	49	76	141	146	11	0	255
 16992	51	49	76	141	146	11	0	255
 17037	51	49	76	141	146	11	0	255
 17082	51	49	76	141	146	11	0	255
 17128	50	49	76	141	146	11	0	255
 17173	50	49	76	141	146	11	0	255
 17218	51	49	75	141	146	11	0	255
 17264	50	49	75	141	146	11	0	255
 17309	51	49	75	141	146	12	0	255
 17355	51	49	75	141	146	11	0	255
 17400	50	49	75	141	146	10	0	255
 17445	50	49	75	141	146	11	0	255
 17491	51	49	75	141	146	12	0	255
 17536	51	49	75	141	146	11	0	255
 17581	50	49	75	141	146	11	0	255
 17627	50	49	75	141	145	11	0	255
 17672	50	49	75	141	146	11	0	255
 17717	51	49	75	141	146	11	0	255
 17763	50	49	75	141	145	11	0	255
 17808	50	49	75	141	145	11	0	255
 17853	50	49	75	141	145	11	0	255
 17899	50	49	75	141	145	11	0	255
 17944	50	49	75	141	145	11	0	255
 17989	50	49	75	141	145	11	0	255
 18035	50	49	75	141	145	11	0	255
 18080	50	49	75	141	145	11	0	255
 18126	50	49	75	141	145	11	0	255
 18171	50	49	75	141	145	11	0	255
 18216	50	49	75	141	145	11	0	255
 18262	50	49	75	141	145	10	0	255
 18307	50	49	75	141	145	11	0	255
 18352	50	49	75	141	145	11	0	255
 18398	50	49	75	141	145	11	0	255
 18443	50	49	75	141	145	11	0	255
 18488	50	49	75	141	145	11	0	255
 18534	50	49	75	141	145	11	0	255
 18579	50	49	75	141	145	10	0	255
 18624	50	49	75	141	145	10	0	255
 18670	50	49	75	141	145	11	0	255
 18715	50	49	75	141	145	10	0	255
 18760	50	49	75	141	145	11	0	255
 18806	50	49	75	141	145	12	0	255
 18851	50	49	75	141	145	11	0	255
 18896	50	49	75	141	145	10	0	255
 18942	50	49	75	141	145	11	0	255
 18987	50	49	75	141	145	10	0	255
 19033	50	49	75	141	145	10	0	255
 19078	50	49	75	141	145	11	0	255
 19123	50	49	75	141	145	10	0	255
 19169	50	49	75	141	145	11	0	255
 19214	50	49	75	141	145	11	0	255
 19259	50	49	75	141	145	11	0	255
 19305	50	49	75	141	145	10	0	255
 19350	50	49	75	141	145	10	0	255
 19395	50	49	75	141	145	10	0	255
 19441	50	49	75	141	145	11	0	255
 19486	50	49	75	141	145	10	0	255
 19531	50	49	75	141	145	10	0	255
 19577	50	49	75	141	145	10	0	255
 19622	50	49	75	141	145	10	0	255
 19667	50	49	75	141	145	11	0	255
 19713	50	49	75	140	145	11	0	255
 19758	50	49	75	140	145	10	0	255
 19803	50	49	75	140	145	10	0	255
 19849	50	49	75	140	145	10	0	255
 19894	50	49	75	140	145	11	0	255
 19940	50	49	75	140	145	11	0	255
 19985	50	49	75	140	145	10	0	255
 20030	50	49	75	140	145	10	0	255
 20076	50	49	75	140	145	11	0	255
 20121	50	49	75	140	145	11	0	255
 20166	50	49	75	140	145	11	0	255
 20212	50	49	75	140	145	11	0	255
 20257	50	49	75	140	145	11	0	255
 20302	50	49	75	140	145	11	0	255
 20348	50	49	75	140	145	11	0	255
 20393	50	49	75	140	145	11	0	255
 20439	50	49	75	140	145	10	0	255
 20484	50	49	75	140	145	11	0	255
 20529	50	49	75	140	145	10	0	255
 20574	50	49	75	140	145	11	0	255
 20620	50	49	75	140	145	10	0	255
 20665	50	49	75	140	145	11	0	255
 20711	50	49	75	140	145	10	0	255
 20756	50	49	75	140	145	11	0	255
 20801	50	49	75	140	145	10	0	255
 20847	50	49	75	140	145	10	0	255
 20892	50	49	75	140	145	10	0	255
 20937	50	49	75	140	145	11	0	255
 20983	50	49	75	140	145	11	0	255
 21028	50	49	75	140	145	10	0	255
 21073	50	49	75	140	145	10	0	255
 21119	50	49	75	140	145	11	0	255
 21164	50	49	75	140	145	10	0	255
 21209	50	49	75	140	145	10	0	255
 21255	50	49	75	140	145	11	0	255
 21300	50	49	75	140	145	10	0	255
 21345	50	49	75	140	145	10	0	255
 21391	50	49	75	140	145	10	0	255
 21436	50	49	75	140	145	11	0	255
 21481	50	49	75	140	145	11	0	255
 21527	50	49	75	140	145	11	0	255
 21572	50	49	75	140	145	10	0	255
 21618	50	49	75	140	145	10	0	255
 21663	50	49	75	140	145	11	0	255
 21708	50	49	75	140	145	10	0	255
 21754	50	49	75	140	145	10	0	255
 21799	50	49	75	140	145	10	0	255
 21844	50	49	75	140	145	11	0	255
 21890	50	49	75	140	145	10	0	255
 21935	50	49	75	140	145	10	0	255
 21980	50	49	75	140	145	10	0	255
 22026	50	49	75	140	145	10	0	255
 22071	50	49	75	140	145	10	0	255
 22116	50	49	75	140	145	10	0	255
 22162	50	49	74	140	145	10	0	255
 22207	50	49	74	140	145	10	0	255
 22252	50	49	74	140	145	10	0	255
 22298	50	49	74	140	145	10	0	255
 22343	50	49	75	140	145	11	0	255
 22388	50	49	74	140	145	10	0	255
 22434	50	49	74	140	145	10	0	255
 22479	50	49	74	140	145	10	0	255
 22525	50	49	74	140	145	10	0	255
 22570	50	49	74	140	145	11	0	255
 22615	50	49	74	140	145	10	0	255
 22661	50	49	74	140	145	10	0	255
 22706	50	49	74	140	145	11	0	255
 22751	50	49	74	140	145	11	0	255
 22797	50	49	74	140	145	11	0	255
 22842	50	49	74	140	145	10	0	255
 22887	50	49	74	140	145	11	0	255
 22933	50	49	74	140	145	11	0	255
 22978	50	49	74	140	145	11	0	255
 23023	50	49	74	140	145	10	0	255
 23069	50	49	74	140	145	11	0	255
 23114	50	49	74	140	145	10	0	255
 23159	50	49	74	140	145	11	0	255
 23205	50	49	74	140	145	10	0	255
 23250	50	49	74	140	145	11	0	255
 23296	50	49	74	140	145	10	0	255
 23341	50	49	74	140	145	11	0	255
 23386	50	49	74	140	145	10	0	255
 23432	50	49	74	140	145	11	0	255
 23477	50	49	74	140	145	11	0	255
 23522	50	49	74	140	145	11	0	255
 23568	50	49	74	140	145	11	0	255
 23613	50	49	74	140	145	11	0	255
 23658	50	49	74	140	145	11	0	255
 23704	50	49	74	140	145	11	0	255
 23749	50	49	74	140	145	12	0	255
 23794	50	49	74	140	145	12	0	255
 23840	50	49	74	140	144	12	0	255
 23885	50	49	74	140	145	11	0	255
 23930	50	49	74	140	144	11	0	255
 23976	50	49	74	140	144	11	0	255
 24021	50	49	74	140	144	12	0	255
 24066	50	49	74	140	144	12	0	255
 24112	50	49	74	140	144	12	0	255
 24157	50	49	74	140	144	12	0	255
 24203	50	49	74	140	144	12	0	255
 24248	50	49	74	140	144	13	0	255
 24294	50	49	74	140	144	13	0	255
 24339	50	49	74	140	144	12	0	255
 24384	50	49	74	140	144	13	0	255
 24429	50	49	74	140	144	13	0	255
 24475	50	49	74	140	144	13	0	255
 24520	50	49	74	140	144	13	0	255
 24565	50	49	74	140	144	13	0	255
 24611	50	49	74	140	144	14	0	255
 24656	50	49	74	140	144	13	0	255
 24701	50	49	74	140	144	14	0	255
 24747	50	49	74	140	144	14	0	255
 24792	50	49	74	140	144	13	0	255
 24837	50	49	74	140	144	14	0	255
 24883	50	49	74	140	144	14	0	255
 24928	50	49	74	140	144	14	0	255
 24974	50	49	74	140	144	14	0	255
 25019	50	49	74	140	144	16	0	255
 25064	50	49	74	140	144	16	0	255
 25110	50	49	74	140	144	16	0	255
 25155	50	49	74	140	144	16	0	255
 25200	50	49	74	140	144	17	0	255
 25246	50	49	74	140	144	16	0	255
 25291	50	49	74	140	144	17	0	255
 25336	50	49	74	139	144	17	0	255
 25382	50	48	74	139	144	17	0	255
 25427	50	48	74	139	144	17	0	255
 25472	50	48	74	139	144	17	0	255
 25518	50	48	74	139	144	18	0	255
 25563	50	49	74	139	144	17	0	255
 25608	50	49	74	139	144	18	0	255
 25654	50	49	74	139	144	17	0	255
 25699	50	49	74	139	144	18	0	255
 25744	50	48	74	139	144	19	0	255
 25790	50	48	74	139	144	19	0	255
 25835	50	49	74	139	144	19	0	255
 25881	50	49	74	139	144	19	0	255
 25926	50	48	74	139	144	20	0	255
 25971	50	48	74	139	144	19	0	255
 26017	50	48	74	139	144	20	0	255
 26062	50	48	74	139	144	20	0	255
 26107	50	48	74	139	144	22	0	255
 26153	50	48	74	139	144	20	0	255
 26198	50	48	74	139	144	22	0	255
 26243	50	48	74	139	144	23	0	255
 26289	50	48	74	139	144	22	0	255
 26334	50	48	74	139	144	22	0	255
 26379	50	48	74	139	144	22	0	255
 26427	50	48	74	139	144	23	0	255
 26470	50	48	74	139	144	23	0	255
 26515	50	48	74	139	144	23	0	255
 26561	50	48	74	139	144	24	0	255
 26606	50	48	74	139	144	24	0	255
 26651	50	48	74	139	144	24	0	255
 26697	50	48	74	139	144	24	0	255
 26742	50	48	74	139	144	24	0	255
 26788	50	48	74	139	144	25	0	255
 26833	50	48	74	139	144	25	0	255
 26878	50	48	74	139	144	25	0	255
 26924	50	48	74	139	144	26	0	255
 26969	50	48	74	139	144	25	0	255
 27014	50	48	74	139	144	26	0	255
 27060	50	48	74	139	144	26	0	255
 27105	50	48	74	139	144	26	0	255
 27150	50	48	74	139	144	28	0	255
 27196	50	48	74	139	144	28	0	255
 27241	50	48	74	139	144	26	0	255
 27286	50	48	74	139	144	29	0	255
 27332	50	48	73	139	144	29	0	255
 27377	50	48	73	139	144	29	0	255
 27422	50	48	73	139	144	29	0	255
 27468	50	48	73	139	144	30	0	255
 27513	50	48	74	139	144	29	0	255
 27559	50	48	73	139	144	30	0	255
 27604	50	48	73	139	144	31	0	255
 27649	50	48	73	139	144	31	0	255
 27695	50	48	73	139	144	31	0	255
 27740	50	48	73	139	144	30	0	255
 27785	50	48	73	139	144	30	0	255
 27831	50	48	73	139	144	31	0	255
 27876	50	48	73	139	144	31	0	255
 27921	50	48	73	139	144	32	0	255
 27967	50	48	73	139	144	32	0	255
 28012	50	48	73	139	144	31	0	255
 28057	50	48	73	139	144	32	0	255
 28103	50	48	73	139	144	34	0	255
 28148	50	48	73	139	144	32	0	255
 28193	50	48	73	139	144	32	0	255
 28239	50	48	73	139	144	34	0	255
 28284	50	48	73	139	144	35	0	255
 28330	50	48	73	139	144	35	0	255
 28375	50	48	73	139	144	35	0	255
 28420	50	48	73	139	144	35	0	255
 28466	50	48	73	139	144	35	0	255
 28511	50	48	73	139	144	36	0	255
 28556	50	48	73	139	144	36	0	255
 28602	50	48	73	139	144	36	0	255
 28647	50	48	73	139	144	36	0	255
 28692	50	48	73	139	144	37	0	255
 28738	50	48	73	139	144	37	0	255
 28783	50	48	73	139	144	37	0	255
 28828	50	48	73	139	144	38	0	255
 28874	50	48	73	139	144	38	0	255
 28919	50	48	73	139	144	40	0	255
 28964	50	48	73	139	144	38	0	255
 29010	50	48	73	139	144	38	0	255
 29055	50	48	73	139	144	40	0	255
 29100	50	48	73	139	144	40	0	255
 29146	50	48	73	139	144	41	0	255
 29191	50	48	73	139	144	41	0	255
 29237	50	48	73	139	144	41	0	255
 29282	50	48	73	139	144	41	0	255
 29327	50	48	73	139	144	42	0	255
 29373	50	48	73	139	144	42	0	255
 29418	50	48	73	139	144	42	0	255
 29463	50	48	73	139	144	42	0	255
 29509	50	48	73	139	144	44	0	255
 29554	50	48	73	139	144	44	0	255
 29599	50	48	73	139	144	44	0	255
 29645	50	48	73	139	144	44	0	255
 29690	50	48	73	139	144	45	0	255
 29735	50	48	73	139	144	45	0	255
 29781	50	48	73	139	144	45	0	255
 29826	50	48	73	139	144	45	0	255
 29871	50	48	73	139	144	45	0	255
 29917	50	48	73	139	144	46	0	255
 29962	50	48	73	139	144	46	0	255
 30007	50	48	73	139	144	47	0	255
 30053	50	48	73	139	144	47	0	255
 30098	50	48	73	139	144	47	0	255
 30144	50	48	73	139	144	47	0	255
 30189	50	48	73	139	144	47	0	255
 30234	50	48	73	139	143	48	0	255
 30280	50	48	73	139	143	48	0	255
 30325	50	48	73	139	143	48	0	255
 30370	50	48	73	139	143	50	0	255
 30416	49	48	73	139	143	48	0	255
 30461	50	48	73	139	143	50	0	255
 30506	50	48	73	139	143	50	0	255
 30552	50	48	73	139	143	50	0	255
 30597	50	48	73	139	143	51	0	255
 30642	50	48	73	139	143	51	0	255
 30688	49	48	73	139	143	51	0	255
 30733	50	48	73	139	143	52	0	255
 30778	49	48	73	139	143	52	0	255
 30825	50	48	73	139	143	52	0	255
 30869	50	48	73	139	143	52	0	255
 30915	50	48	73	139	143	53	0	255
 30960	49	48	73	139	143	53	0	255
 31005	49	48	73	139	143	53	0	255
 31051	49	48	73	139	143	54	0	255
 31096	49	48	73	139	143	54	0	255
 31141	49	48	73	139	143	56	0	255
 31187	50	48	73	139	143	57	0	255
 31232	49	48	73	139	143	56	0	255
 31277	49	48	73	139	143	58	0	255
 31323	49	48	73	139	143	58	0	255
 31368	49	48	73	139	143	57	0	255
 31413	49	48	73	138	143	60	0	255
 31459	49	48	73	138	143	60	0	255
 31504	50	48	73	138	143	60	0	255
 31549	50	48	73	138	143	58	0	255
 31595	50	48	73	138	143	61	0	255
 31640	50	48	73	138	143	61	0	255
 31685	50	48	73	138	143	61	0	255
 31731	50	48	73	138	143	62	0	255
 31776	50	48	73	138	143	62	0	255
 31822	50	48	73	138	143	62	0	255
 31867	50	48	73	138	143	64	0	255
 31912	50	48	73	138	143	62	0	255
 31958	50	48	73	138	143	64	0	255
 32003	50	48	73	138	143	65	0	255
 32048	50	48	73	138	143	65	0	255
 32094	50	48	73	138	143	65	0	255
 32139	50	48	73	138	143	66	0	255
 32184	50	48	73	138	143	66	0	255
 32230	50	48	72	138	143	66	0	255
 32275	50	48	73	138	143	67	0	255
 32320	50	48	72	138	143	67	0	255
 32366	50	48	72	138	143	67	0	255
 32411	50	48	72	138	143	68	0	255
 32456	50	48	72	138	143	68	0	255
 32502	50	48	72	138	143	70	0	255
 32547	50	48	72	138	143	72	0	255
 32593	50	48	72	138	143	74	0	255
 32638	50	48	72	138	143	74	0	255
 32683	50	48	72	138	143	76	0	255
 32730	50	48	72	138	143	78	0	255
 32774	50	48	72	138	143	78	0	255
 32819	50	48	72	138	143	78	0	255
 32865	50	48	72	138	143	79	0	255
 32910	50	48	72	138	143	80	0	255
 32955	50	48	72	138	143	82	0	255
 33001	50	48	72	138	143	84	0	255
 33046	50	48	72	138	143	84	0	255
 33091	50	48	72	138	143	84	0	255
 33137	50	48	72	138	143	85	0	255
 33182	50	48	72	138	143	86	0	255
 33227	50	48	72	138	143	88	0	255
 33273	50	48	72	138	143	88	0	255
 33318	50	48	72	138	143	89	0	255
 33364	50	48	72	138	143	89	0	255
 33409	50	48	72	138	143	89	0	255
 33454	50	48	72	138	143	90	0	255
 33500	50	48	72	138	143	90	0	255
 33545	50	48	72	138	143	90	0	255
 33590	50	48	72	138	143	90	0	255
 33636	49	48	72	138	143	92	0	255
 33681	49	48	72	138	143	92	0	255
 33726	49	48	72	138	143	92	0	255
 33772	49	48	72	138	143	92	0	255
 33817	49	48	72	138	143	93	0	255
 33862	49	48	72	138	143	93	0	255
 33908	49	48	72	138	143	94	0	255
 33953	49	48	72	138	143	96	0	255
 33998	49	48	72	138	143	96	0	255
 34044	49	48	72	138	143	97	0	255
 34089	49	48	72	138	143	97	0	255
 34135	49	48	72	138	143	98	0	255
 34180	49	48	72	138	143	100	0	255
 34225	49	48	72	138	143	102	0	255
 34271	49	48	72	138	143	104	0	255
 34316	49	48	72	138	143	105	0	255
 34361	49	48	72	138	143	106	0	255
 34407	49	48	72	138	143	108	0	255
 34452	49	47	72	138	143	110	0	255
 34497	49	47	72	138	143	113	0	255
 34543	49	47	72	138	143	114	0	255
 34588	49	47	72	138	143	116	0	255
 34633	49	47	72	138	143	116	0	255
 34679	49	47	72	138	143	118	0	255
 34724	49	47	72	138	143	119	0	255
 34769	49	47	72	138	143	119	0	255
 34816	49	47	72	138	143	120	0	255
 34860	49	47	72	138	143	123	0	255
 34905	49	47	72	138	143	123	0	255
 34951	49	47	72	138	143	124	0	255
 34996	49	47	72	138	143	126	0	255
 35042	49	47	72	138	143	126	0	255
 35087	49	47	72	138	143	126	0	255
 35132	49	47	72	138	143	127	0	255
 35178	49	47	72	138	143	128	0	255
 35223	49	47	72	138	143	130	0	255
 35269	49	47	72	138	143	131	0	255
 35314	49	47	72	138	143	130	0	255
 35359	49	47	72	138	143	131	0	255
 35404	49	47	72	138	143	132	0	255
 35450	49	47	72	138	143	132	0	255
 35495	49	47	72	138	143	134	0	255
 35540	48	49	72	138	143	137	8	255
 35586	61	66	72	138	143	144	8	255
 35631	80	79	72	138	143	146	8	255
 35677	93	87	72	138	143	141	8	255
 35722	99	92	72	138	143	131	0	255
 35767	100	94	72	138	143	131	0	255
 35812	100	95	72	138	143	131	0	255
 35858	100	94	72	138	143	132	0	255
 35903	99	94	72	138	143	136	0	255
 35949	99	93	72	138	143	137	8	255
 35994	103	95	72	138	143	138	8	255
 36039	106	97	72	138	143	130	8	255
 36085	107	98	72	138	143	120	0	255
 36130	106	97	72	138	143	120	0	255
 36175	105	97	72	138	143	122	0	255
 36221	104	96	72	138	143	124	0	255
 36266	103	95	72	138	142	126	0	255
 36311	102	94	72	138	142	128	0	255
 36357	101	94	72	138	142	130	0	255
 36402	100	93	72	138	142	132	0	255
 36447	99	92	72	138	142	132	0	255
 36493	97	91	72	138	142	136	8	255
 36538	97	90	72	138	142	136	8	255
 36583	100	94	72	138	142	134	8	255
 36629	104	96	72	138	142	132	8	255
 36674	106	98	72	138	142	132	8	255
 36720	107	99	72	138	142	134	8	255
 36765	108	100	72	138	142	137	8	255
 36810	109	101	72	138	142	137	8	255
 36856	110	101	72	138	142	136	8	255
 36901	110	102	72	138	142	131	0	255
 36946	109	101	72	138	142	128	0	255
 36992	108	100	72	138	142	132	0	255
 37037	106	100	72	138	142	134	0	255
 37082	105	98	72	138	142	136	8	255
 37128	107	98	72	138	142	138	8	255
 37173	109	100	72	137	142	140	8	255
 37218	111	101	72	138	142	140	8	255
 37264	112	102	72	138	142	141	8	255
 37309	113	102	73	138	142	142	8	255
 37354	115	103	73	138	142	144	8	255
 37400	116	103	73	138	142	145	8	255
 37445	117	103	73	138	142	144	8	255
 37490	117	103	73	137	142	141	8	255
 37537	117	103	73	138	142	142	8	255
 37581	117	104	73	137	142	144	8	255
 37627	117	104	73	137	142	145	8	255
 37672	118	104	73	137	142	145	8	255
 37717	118	104	73	137	142	146	8	255
 37763	119	104	73	137	142	146	8	255
 37808	119	104	73	137	142	146	8	255
 37853	120	104	73	137	142	150	8	255
 37899	120	105	73	137	142	150	8	255
 37944	121	105	73	137	142	151	8	255
 37989	122	105	73	137	142	152	8	255
 38035	122	105	73	137	142	152	8	255
 38080	123	105	73	137	142	155	8	255
 38125	124	105	73	137	142	156	8	255
 38171	125	105	73	137	142	155	8	255
 38216	125	105	73	137	142	158	8	255
 38261	126	105	73	137	142	158	8	255
 38307	127	106	73	137	142	160	8	255
 38352	128	106	73	137	142	160	8	255
 38397	129	106	73	137	142	161	8	255
 38443	129	106	73	137	142	160	8	255
 38488	129	106	74	138	142	160	8	255
 38534	130	106	74	138	142	160	8	255
 38579	130	106	74	138	142	160	8	255
 38624	130	106	74	138	142	161	8	255
 38670	130	107	74	138	142	161	8	255
 38715	130	107	74	138	142	161	8	255
 38760	130	107	74	138	142	161	8	255
 38806	130	107	74	138	142	161	8	255
 38851	130	107	74	138	142	161	8	255
 38896	130	107	74	138	142	161	8	255
 38942	130	107	74	138	142	160	8	255
 38987	130	107	74	138	142	160	8	255
 39032	130	107	74	138	142	161	8	255
 39078	130	108	74	138	142	161	8	255
 39123	130	108	74	138	142	161	8	255
 39168	131	108	74	138	142	161	8	255
 39214	131	108	74	138	142	162	8	255
 39259	131	108	74	138	142	162	8	255
 39305	132	108	74	138	142	164	8	255
 39350	132	108	74	138	142	164	8	255
 39395	133	108	74	138	142	165	8	255
 39441	133	108	74	138	142	165	8	255
 39486	133	109	74	138	142	165	8	255
 39531	134	109	74	138	142	164	8	255
 39577	133	109	75	138	142	161	8	255
 39622	133	109	75	138	142	162	8	255
 39667	132	109	75	138	142	162	8	255
 39713	132	109	75	138	142	162	8	255
 39758	132	109	75	139	142	161	8	255
 39804	131	109	75	139	142	161	8	255
 39849	131	109	75	139	142	160	8	255
 39894	131	109	75	139	142	161	8	255
 39939	131	109	75	139	142	162	8	255
 39985	131	110	75	139	142	161	8	255
 40030	131	110	75	139	142	161	8	255
 40075	131	110	75	139	142	161	8	255
 40121	131	110	75	139	142	162	8	255
 40167	131	110	75	139	142	162	8	255
 40212	131	110	75	139	142	165	8	255
 40257	132	110	75	139	142	165	8	255
 40302	132	110	75	139	142	165	8	255
 40348	133	110	75	139	142	168	8	255
 40393	134	111	75	139	142	168	8	255
 40438	135	111	75	139	142	171	8	255
 40484	136	111	75	139	142	171	8	255
 40529	137	111	75	139	142	172	8	255
 40574	138	111	75	139	142	176	8	255
 40620	139	111	75	139	142	177	8	255
 40665	140	111	75	139	142	178	8	255
 40710	141	111	76	139	142	180	8	255
 40756	142	111	76	139	142	180	8	255
 40801	143	111	76	139	142	182	8	255
 40846	144	112	76	140	142	183	8	255
 40892	145	112	76	140	142	182	8	255
 40937	146	112	76	140	142	184	8	255
 40983	147	112	76	140	142	186	8	255
 41028	147	112	76	140	142	188	8	255
 41073	148	112	76	140	142	189	8	255
 41120	149	112	76	140	143	190	8	255
 41164	150	112	76	140	143	190	8	255
 41209	151	112	76	140	143	194	8	255
 41255	152	112	76	140	143	194	8	255
 41300	153	112	76	140	143	194	8	255
 41345	153	113	76	140	143	196	8	255
 41391	154	113	76	140	143	195	8	255
 41436	155	113	76	140	143	196	8	255
 41481	155	113	76	141	143	196	8	255
 41527	156	113	76	141	143	196	8	255
 41572	156	113	76	141	143	196	8	255
 41617	156	113	76	141	143	195	8	255
 41663	156	113	76	141	144	192	8	255
 41708	155	113	76	141	144	190	8	255
 41753	155	113	76	141	144	192	8	255
 41799	154	113	77	141	144	192	8	255
 41844	154	114	77	141	144	192	8	255
 41890	154	114	77	141	144	192	8	255
 41935	154	114	77	141	144	192	8	255
 41980	154	114	77	142	144	192	8	255
 42026	154	114	77	142	144	192	8	255
 42071	154	114	77	142	144	190	8	255
 42116	153	114	77	142	144	190	8	255
 42162	153	114	77	142	145	189	8	255
 42207	153	114	77	142	145	192	8	255
 42252	153	114	77	142	145	190	8	255
 42298	153	114	77	142	145	192	8	255
 42343	153	114	77	142	145	190	8	255
 42388	153	114	77	142	145	192	8	255
 42434	153	115	77	142	145	192	8	255
 42479	153	115	77	143	145	192	8	255
 42525	154	115	77	143	145	195	8	255
 42570	154	115	77	143	145	194	8	255
 42615	154	115	77	143	145	194	8	255
 42661	154	115	77	143	145	194	8	255
 42706	154	115	77	143	146	192	8	255
 42751	154	115	78	143	146	192	8	255
 42797	153	115	78	143	146	190	8	255
 42842	153	115	78	143	146	189	8	255
 42887	153	115	78	143	146	190	8	255
 42933	153	115	78	143	146	189	8	255
 42978	152	115	78	143	146	189	8	255
 43023	152	115	78	143	146	188	8	255
 43069	151	115	78	144	146	188	8	255
 43114	151	116	78	144	146	190	8	255
 43159	151	116	78	144	146	190	8	255
 43205	152	116	78	144	146	190	8	255
 43250	152	116	78	144	146	192	8	255
 43296	152	116	78	144	147	192	8	255
 43341	153	116	78	144	147	194	8	255
 43386	154	116	78	144	147	195	8	255
 43431	155	116	78	144	147	195	8	255
 43477	155	116	78	144	147	196	8	255
 43522	156	116	78	144	147	196	8	255
 43568	157	117	78	144	147	198	8	255
 43613	157	117	78	144	147	198	8	255
 43658	158	117	79	145	147	196	8	255
 43704	158	117	79	145	147	198	8	255
 43749	157	117	79	145	147	198	8	255
 43794	157	117	79	145	147	198	8	255
 43840	157	117	79	145	148	195	8	255
 43885	157	117	79	145	148	194	8	255
 43930	156	117	79	145	148	195	8	255
 43976	156	117	79	145	148	194	8	255
 44022	156	117	79	145	148	194	8	255
 44066	156	117	79	145	148	194	8	255
 44112	155	117	79	145	148	190	8	255
 44157	155	117	79	146	148	190	8	255
 44203	155	117	79	146	148	192	8	255
 44248	154	117	79	146	148	192	8	255
 44293	154	117	79	146	148	189	8	255
 44339	154	117	79	146	149	192	8	255
 44384	153	117	79	146	149	190	8	255
 44429	153	117	79	146	149	189	8	255
 44475	153	118	79	146	149	190	8	255
 44520	152	118	79	146	149	188	8	255
 44565	152	118	79	146	149	189	8	255
 44611	152	118	80	146	149	188	8	255
 44656	152	118	80	146	149	188	8	255
 44701	152	118	80	146	149	188	8	255
 44747	152	118	80	147	149	189	8	255
 44792	152	118	80	147	149	189	8	255
 44837	152	118	80	147	149	189	8	255
 44883	152	118	80	147	149	189	8	255
 44928	152	118	80	147	149	190	8	255
 44974	152	118	80	147	149	190	8	255
 45019	153	118	80	147	150	194	8	255
 45064	154	118	80	147	150	195	8	255
 45110	154	118	80	147	150	195	8	255
 45155	155	119	80	147	150	198	8	255
 45200	156	119	80	147	150	196	8	255
 45249	157	119	80	147	150	198	8	255
 45291	157	119	80	147	150	198	8	255
 45336	157	119	80	147	150	200	8	255
 45382	158	119	80	147	150	198	8	255
 45427	158	119	80	148	150	198	8	255
 45472	158	119	80	148	150	200	8	255
 45518	158	119	80	148	150	196	8	255
 45563	158	119	80	148	150	196	8	255
 45608	158	119	80	148	151	198	8	255
 45654	158	119	81	148	151	196	8	255
 45699	158	119	81	148	151	196	8	255
 45745	157	119	81	148	151	196	8	255
 45792	157	119	81	148	151	192	8	255
 45835	156	119	81	148	151	192	8	255
 45881	155	119	81	148	151	189	8	255
 45926	154	119	81	148	151	188	8	255
 45971	153	119	81	148	151	186	8	255
 46017	152	119	81	149	151	186	8	255
 46062	151	119	81	149	151	184	8	255
 46107	150	119	81	149	151	184	8	255
 46153	150	119	81	149	151	184	8	255
 46198	149	119	81	149	151	184	8	255
 46243	150	120	81	149	151	186	8	255
 46289	150	120	81	149	151	188	8	255
 46334	151	120	81	149	152	192	8	255
 46379	152	120	81	149	152	194	8	255
 46425	153	120	81	149	152	195	8	255
 46470	154	120	81	149	152	195	8	255
 46516	155	120	81	149	152	195	8	255
 46561	156	120	81	149	152	196	8	255
 46607	156	120	81	149	152	195	8	255
 46652	156	120	81	149	152	196	8	255
 46697	156	120	81	149	152	195	8	255
 46742	156	120	82	149	152	195	8	255
 46788	156	121	82	149	152	196	8	255
 46833	156	121	82	150	152	195	8	255
 46878	156	121	82	150	152	196	8	255
 46924	157	121	82	150	152	198	8	255
 46969	157	121	82	150	153	198	8	255
 47014	158	121	82	150	153	201	8	255
 47060	158	121	82	150	153	198	8	255
 47105	159	121	82	150	153	200	8	255
 47150	159	121	82	150	153	200	8	255
 47196	160	121	82	150	153	202	8	255
 47241	160	121	82	150	153	204	8	255
 47287	161	121	82	150	153	204	8	255
 47332	162	121	82	150	153	206	8	255
 47377	162	121	82	151	153	207	8	255
 47423	163	121	82	151	153	210	8	255
 47468	165	121	82	151	153	210	8	255
 47513	166	121	82	151	154	216	8	255
 47559	167	122	82	151	154	214	8	255
 47604	168	122	82	151	154	214	8	255
 47649	170	122	82	151	154	218	8	255
 47695	171	122	82	151	154	220	8	255
 47740	171	122	82	151	154	220	8	255
 47785	172	122	82	151	154	221	8	255
 47832	173	122	82	152	154	221	8	255
 47876	173	122	82	152	154	220	8	255
 47921	173	122	82	152	155	221	8	255
 47967	174	122	83	152	155	220	8	255
 48012	174	122	83	152	155	224	8	255
 48058	174	122	83	152	155	222	8	255
 48103	175	122	83	152	155	222	8	255
 48148	175	122	83	153	155	221	8	255
 48194	175	122	83	153	155	224	8	255
 48239	175	122	83	153	156	222	8	255
 48284	175	123	83	153	156	222	8	255
 48330	175	123	83	153	156	221	8	255
 48375	175	123	83	153	156	222	8	255
 48420	175	123	83	153	156	221	8	255
 48466	175	123	83	153	156	221	8	255
 48511	174	123	83	153	156	220	8	255
 48556	174	123	83	153	157	220	8	255
 48602	174	121	83	154	157	218	8	255
 48647	173	122	83	154	157	216	8	255
 48692	172	122	83	154	157	214	8	255
 48738	172	123	83	154	157	213	8	255
 48783	171	123	83	154	157	213	8	255
 48829	170	123	83	154	157	212	8	255
 48874	170	122	83	154	157	210	8	255
 48919	169	123	83	154	157	210	8	255
 48965	168	123	83	154	157	208	8	255
 49010	167	123	83	154	157	207	8	255
 49055	166	123	83	154	157	207	8	255
 49101	166	123	83	154	157	206	8	255
 49146	165	123	83	154	157	204	8	255
 49191	165	123	84	154	157	204	8	255
 49237	164	124	84	154	157	202	8	255
 49282	164	124	84	154	157	207	8	255
 49327	164	124	84	154	157	207	8	255
 49373	165	124	84	154	157	208	8	255
 49418	165	125	84	154	157	210	8	255
 49463	166	125	84	154	157	210	8	255
 49509	166	125	84	154	157	208	8	255
 49554	167	125	84	154	157	212	8	255
 49600	167	125	84	154	157	210	8	255
 49645	168	126	84	154	157	212	8	255
 49690	168	126	84	154	157	212	8	255
 49736	168	126	84	154	157	212	8	255
 49781	168	126	84	154	157	210	8	255
 49826	168	126	84	154	157	212	8	255
 49872	168	126	84	154	157	208	8	255
 49917	167	126	84	154	157	207	8	255
 49962	167	126	84	154	157	207	8	255
 50008	167	126	84	154	157	210	8	255
 50053	167	127	84	154	157	207	8	255
 50098	167	127	84	153	157	212	8	255
 50144	167	127	84	154	157	212	8	255
 50189	168	127	84	154	157	216	8	255
 50234	170	127	84	154	157	220	8	255
 50280	171	127	84	153	157	221	8	255
 50325	173	127	85	153	157	222	8	255
 50371	174	128	85	153	157	227	8	255
 50416	175	128	85	153	157	226	8	255
 50461	177	128	85	153	157	228	8	255
 50507	178	128	85	153	157	230	8	255
 50552	178	128	85	153	157	228	8	255
 50597	179	128	85	153	157	232	8	255
 50644	180	128	85	153	157	230	8	255
 50688	180	128	85	153	157	227	8	255
 50733	180	128	85	153	157	228	8	255
 50779	180	129	85	153	157	228	8	255
 50824	179	129	85	153	157	226	8	255
 50869	179	129	85	153	157	224	8	255
 50915	178	129	85	153	157	224	8	255
 50960	177	129	85	153	157	222	8	255
 51005	177	129	85	153	157	224	8	255
 51051	177	129	85	153	157	224	8	255
 51096	177	130	85	153	157	222	8	255
 51142	176	130	85	153	157	226	8	255
 51187	177	130	86	153	157	224	8	255
 51232	177	130	86	153	157	227	8	255
 51278	178	130	86	153	157	227	8	255
 51323	178	130	86	153	157	228	8	255
 51368	179	131	86	153	157	228	8	255
 51414	180	131	86	153	157	232	8	255
 51459	180	131	86	153	157	234	8	255
 51504	181	131	86	153	157	235	8	255
 51550	182	131	86	153	157	236	8	255
 51595	182	131	86	153	157	235	8	255
 51640	183	131	86	153	157	235	8	255
 51686	183	131	86	153	157	235	8	255
 51731	183	132	86	153	157	235	8	255
 51776	184	132	86	153	157	238	8	255
 51822	184	132	86	153	157	235	8	255
 51867	184	132	86	153	157	235	8	255
 51913	184	132	86	153	157	232	8	255
 51958	184	132	87	153	157	232	8	255
 52003	184	132	87	152	157	235	8	255
 52049	183	132	87	152	157	232	8	255
 52094	183	133	87	152	157	234	8	255
 52139	183	133	87	153	157	232	8	255
 52185	183	133	87	153	157	228	8	255
 52230	182	133	87	153	157	228	8	255
 52275	181	132	87	153	157	226	8	255
 52321	180	132	87	153	157	224	8	255
 52366	179	132	87	153	157	221	8	255
 52411	178	132	87	153	157	220	8	255
 52457	177	132	87	153	157	220	8	255
 52502	176	133	87	153	157	218	8	255
 52548	175	133	87	153	157	216	8	255
 52593	174	133	87	153	157	214	8	255
 52638	173	134	87	154	157	214	8	255
 52684	173	134	88	154	157	214	8	255
 52729	173	134	88	154	157	218	8	255
 52774	173	135	88	154	157	218	8	255
 52820	173	135	88	154	157	220	8	255
 52865	174	135	88	154	157	220	8	255
 52910	175	135	88	154	157	221	8	255
 52956	176	135	88	154	157	224	8	255
 53001	177	136	88	154	157	226	8	255
 53046	178	136	88	154	157	230	8	255
 53092	179	136	88	154	157	230	8	255
 53137	180	136	88	155	157	230	8	255
 53182	180	136	88	155	157	230	8	255
 53228	181	136	88	155	157	230	8	255
 53273	181	136	88	155	157	232	8	255
 53319	182	136	89	155	157	232	8	255
 53364	182	137	89	155	157	234	8	255
 53409	182	137	89	155	157	230	8	255
 53455	183	137	89	155	157	234	8	255
 53500	183	137	89	155	157	234	8	255
 53545	183	137	89	155	157	232	8	255
 53591	183	137	89	155	157	232	8	255
 53636	184	137	89	156	157	234	8	255
 53681	184	138	89	155	158	235	8	255
 53727	184	138	89	155	158	232	8	255
 53772	184	138	89	156	158	234	8	255
 53817	184	138	89	156	158	236	8	255
 53863	184	138	89	156	158	234	8	255
 53908	184	138	89	156	158	236	8	255
 53954	184	138	90	156	158	234	8	255
 53999	184	138	90	156	158	234	8	255
 54044	184	139	90	156	158	232	8	255
 54090	184	139	90	156	158	232	8	255
 54135	184	139	90	156	158	232	8	255
 54180	184	139	90	156	158	232	8	255
 54226	184	139	90	156	158	234	8	255
 54271	184	139	90	156	158	230	8	255
 54316	184	139	90	157	159	232	8	255
 54362	184	140	90	157	159	232	8	255
 54407	184	140	90	157	159	230	8	255
 54452	184	140	90	157	159	232	8	255
 54498	184	140	90	157	159	230	8	255
 54543	184	140	90	157	159	230	8	255
 54588	184	140	91	157	159	232	8	255
 54635	183	140	91	157	159	232	8	255
 54679	183	141	91	157	159	232	8	255
 54724	183	141	91	157	159	232	8	255
 54770	183	141	91	158	159	232	8	255
 54815	183	141	91	158	159	230	8	255
 54861	184	141	91	158	160	230	8	255
 54906	184	141	91	158	160	232	8	255
 54951	184	141	91	158	160	232	8	255
 54997	184	141	91	158	160	232	8	255
 55042	184	142	91	158	160	230	8	255
 55087	183	141	91	158	160	226	8	255
 55133	182	138	91	158	160	216	8	255
 55178	178	136	92	158	160	213	8	255
 55223	175	139	92	158	160	213	8	255
 55269	174	140	92	158	160	213	8	255
 55314	173	141	92	158	160	212	8	255
 55359	173	141	92	158	160	214	8	255
 55405	173	142	92	158	160	220	8	255
 55450	174	142	92	158	160	222	8	255
 55495	175	142	92	158	160	222	8	255
 55541	177	142	92	158	161	224	8	255
 55586	177	142	92	159	161	216	8	255
 55631	176	141	92	159	161	218	8	255
 55677	175	141	92	159	161	220	8	255
 55722	176	142	93	159	161	218	8	255
 55768	174	142	93	159	161	207	8	255
 55813	171	141	93	159	161	198	8	255
 55858	167	139	93	159	161	190	8	255
 55904	162	138	93	159	161	186	8	255
 55949	158	139	93	159	161	180	8	255
 55994	154	138	93	159	161	82	0	255
 56040	151	137	93	159	161	174	0	255
 56085	147	136	93	159	161	176	0	255
 56130	145	134	93	159	161	182	8	255
 56176	144	126	93	159	161	190	8	255
 56221	149	132	93	159	161	200	8	255
 56266	154	137	93	159	161	207	8	255
 56312	159	139	93	159	161	212	8	255
 56357	163	141	93	159	161	221	8	255
 56402	168	142	93	159	161	227	8	255
 56448	173	142	93	159	161	226	8	255
 56493	175	141	93	159	161	214	8	255
 56539	172	140	93	159	161	198	8	255
 56584	167	137	94	159	161	189	8	255
 56629	162	137	94	159	161	184	8	255
 56675	157	138	94	159	161	177	8	255
 56720	153	138	94	159	161	172	0	255
 56765	149	137	94	159	161	171	0	255
 56811	146	135	94	159	161	174	0	255
 56856	144	134	94	159	161	178	0	255
 56902	141	125	94	159	161	188	8	255
 56947	145	128	94	159	161	196	8	255
 56992	150	134	94	159	161	204	8	255
 57037	156	138	94	159	161	208	8	255
 57083	161	140	94	159	161	214	8	255
 57128	165	141	94	159	161	220	8	255
 57173	169	142	94	159	161	230	8	255
 57219	174	142	94	159	162	236	8	255
 57264	179	143	94	159	162	235	8	255
 57309	180	143	94	160	162	227	8	255
 57355	180	142	94	160	162	226	8	255
 57400	180	143	94	160	162	228	8	255
 57446	181	143	94	160	162	230	8	255
 57491	182	144	94	160	162	230	8	255
 57536	182	144	94	160	162	226	8	255
 57582	181	143	94	160	162	221	8	255
 57627	179	141	95	160	162	213	8	255
 57672	176	141	95	160	162	206	8	255
 57718	172	140	95	160	162	198	8	255
 57763	167	139	95	160	162	189	8	255
 57808	162	139	95	160	162	183	8	255
 57854	157	138	95	160	162	177	0	255
 57899	153	137	95	160	162	172	0	255
 57944	150	135	95	160	162	171	0	255
 57990	147	133	95	160	162	166	0	255
 58035	144	131	95	160	162	166	0	255
 58080	141	130	95	160	162	164	0	255
 58126	139	128	95	160	162	161	0	255
 58171	137	126	95	160	162	161	0	255
 58217	135	120	95	160	162	160	8	255
 58262	135	124	95	160	162	158	8	255
 58307	134	131	95	160	162	155	8	255
 58353	132	134	95	160	162	152	8	255
 58398	131	137	95	160	162	151	8	255
 58444	129	138	95	160	162	148	8	255
 58489	127	139	95	160	162	148	8	255
 58534	126	140	95	160	162	144	8	255
 58579	124	140	95	160	162	140	8	255
 58625	121	140	95	160	162	138	8	255
 58670	120	141	95	160	162	140	8	255
 58715	120	142	95	160	162	144	8	255
 58761	121	143	95	160	162	146	8	255
 58806	122	143	95	160	162	148	8	255
 58851	123	143	95	159	162	148	8	255
 58897	123	143	95	159	162	150	8	255
 58942	124	143	95	159	162	150	8	255
 58988	124	143	96	159	162	148	8	255
 59033	124	143	96	159	162	146	8	255
 59078	124	143	96	159	162	148	8	255
 59124	124	143	96	159	162	150	8	255
 59169	124	143	96	159	162	151	8	255
 59214	125	143	96	159	162	152	8	255
 59260	126	143	96	159	162	154	8	255
 59305	127	143	96	159	162	155	8	255
 59350	127	143	96	159	162	154	8	255
 59396	128	143	96	159	162	155	8	255
 59442	128	143	96	159	162	154	8	255
 59486	128	143	96	159	162	156	8	255
 59532	130	143	96	158	162	165	8	255
 59577	133	143	96	158	162	170	0	255
 59622	135	142	96	158	162	168	0	255
 59668	136	140	96	158	162	165	0	255
 59714	135	139	96	158	162	170	0	255
 59759	134	138	96	158	162	176	0	255
 59804	133	136	96	158	162	180	8	255
 59849	134	134	96	158	162	192	8	255
 59895	142	137	96	158	162	198	8	255
 59940	148	140	96	158	162	198	8	255
 59985	152	141	96	158	162	192	8	255
 60031	154	142	96	158	162	195	8	255
 60076	156	142	97	158	162	202	8	255
 60121	159	143	97	158	162	207	8	255
 60167	162	143	97	158	162	207	8	255
 60212	163	143	97	158	162	201	8	255
 60257	162	143	97	159	162	200	8	255
 60303	162	143	97	159	162	206	8	255
 60348	164	143	97	159	162	212	8	255
 60393	166	144	97	159	162	214	8	255
 60439	169	144	97	159	162	218	8	255
 60484	170	144	97	159	162	218	8	255
 60529	172	144	97	159	162	214	8	255
 60575	173	144	97	159	162	214	8	255
 60620	173	144	97	159	162	216	8	255
 60666	173	144	97	159	162	216	8	255
 60711	174	144	97	159	162	214	8	255
 60756	173	144	97	160	162	213	8	255
 60802	173	144	97	160	162	214	8	255
 60847	173	144	97	160	162	213	8	255
 60892	173	145	97	160	162	214	8	255
 60938	173	145	97	160	162	213	8	255
 60983	173	145	97	160	162	214	8	255
 61028	172	145	97	160	162	213	8	255
 61074	172	145	97	160	162	213	8	255
 61119	172	145	97	160	162	213	8	255
 61164	173	145	97	160	162	213	8	255
 61210	172	145	97	160	162	213	8	255
 61255	172	145	97	160	162	213	8	255
 61301	172	145	97	160	162	212	8	255
 61346	172	145	97	161	162	212	8	255
 61391	171	145	97	161	162	210	8	255
 61437	171	145	97	160	162	210	8	255
 61482	170	145	97	160	162	210	8	255
 61527	170	145	97	160	162	210	8	255
 61573	170	145	97	160	163	210	8	255
 61618	169	145	97	160	163	208	8	255
 61663	169	145	97	160	163	208	8	255
 61709	169	145	97	160	163	207	8	255
 61754	169	146	97	160	163	208	8	255
 61799	169	146	98	160	163	207	8	255
 61845	168	146	98	160	163	207	8	255
 61890	168	146	98	161	163	207	8	255
 61936	168	146	98	161	163	207	8	255
 61981	168	146	98	161	163	208	8	255
 62026	168	146	98	161	163	207	8	255
 62072	168	146	98	161	163	208	8	255
 62117	168	146	98	161	163	206	8	255
 62162	168	146	98	161	163	207	8	255
 62208	168	146	98	161	163	207	8	255
 62262	168	146	98	161	163	207	8	255
 62307	168	146	98	161	163	207	8	255
 62353	168	146	98	161	163	207	8	255
 62399	167	146	98	161	163	207	8	255
 62443	167	146	98	161	163	204	8	255
 62489	167	146	98	161	163	204	8	255
 62534	167	146	98	161	163	206	8	255
 62579	167	146	98	161	163	204	8	255
 62625	167	146	98	161	163	204	8	255
 62670	166	146	98	161	163	202	8	255
 62716	165	146	98	161	163	196	8	255
 62761	163	144	98	161	163	192	8	255
 62806	161	143	98	161	164	188	8	255
 62852	158	143	99	161	164	184	8	255
 62897	155	142	99	161	164	183	8	255
 62942	154	143	99	161	164	183	8	255
 62988	153	144	99	161	164	184	8	255
 63033	153	145	99	161	164	188	8	255
 63078	153	146	99	161	164	189	8	255
 63124	154	146	99	161	164	192	8	255
 63169	155	146	99	161	164	194	8	255
 63214	156	146	99	161	164	194	8	255
 63260	157	146	99	161	164	195	8	255
 63305	158	147	99	161	164	195	8	255
 63350	159	147	99	161	164	196	8	255
 63396	159	147	99	161	164	196	8	255
 63441	160	147	99	162	164	198	8	255
 63487	161	147	99	162	164	198	8	255
 63532	161	147	99	162	164	198	8	255
 63577	161	147	99	162	164	198	8	255
 63623	161	147	99	162	164	198	8	255
 63668	161	147	99	162	164	198	8	255
 63713	161	147	99	162	164	196	8	255
 63759	161	147	99	162	164	195	8	255
 63804	161	147	99	162	164	196	8	255
 63849	161	147	99	162	164	196	8	255
 63895	160	147	99	162	164	195	8	255
 63940	160	147	99	162	164	195	8	255
 63985	160	147	99	162	164	195	8	255
 64031	160	147	99	162	164	194	8	255
 64076	160	147	100	162	164	195	8	255
 64121	159	147	100	162	164	194	8	255
 64167	159	147	100	162	164	195	8	255
 64212	159	147	100	162	164	194	8	255
 64258	159	147	100	162	164	194	8	255
 64303	159	147	100	162	164	194	8	255
 64348	158	147	100	162	164	192	8	255
 64394	158	147	100	162	164	192	8	255
 64439	158	147	100	162	164	190	8	255
 64484	158	147	100	162	164	192	8	255
 64530	157	147	100	162	164	190	8	255
 64575	157	147	100	162	164	190	8	255
 64620	157	147	100	162	164	189	8	255
 64666	156	147	100	162	164	189	8	255
 64711	156	147	100	162	164	188	8	255
 64756	156	147	100	162	164	189	8	255
 64802	155	147	100	162	164	189	8	255
 64847	155	147	100	162	164	188	8	255
 64892	155	147	100	162	164	188	8	255
 64938	155	147	100	162	164	188	8	255
 64983	154	147	100	162	164	188	8	255
 65029	154	147	100	162	164	186	8	255
 65074	154	147	100	162	164	184	8	255
 65119	153	146	100	162	164	182	8	255
 65165	152	145	100	162	164	178	0	255
 65210	150	144	100	162	164	174	0	255
 65255	148	142	100	162	164	172	0	255
 65301	146	140	100	162	164	171	0	255
 65346	144	138	100	162	164	168	0	255
 65391	142	136	100	162	164	166	0	255
 65437	140	134	100	162	164	165	0	255
 65482	138	133	100	162	164	162	0	255
 65527	136	127	100	162	164	162	8	255
 65573	136	128	100	162	164	162	8	255
 65618	136	135	100	162	164	161	8	255
 65663	136	139	100	162	164	161	8	255
 65709	135	141	100	162	164	156	8	255
 65754	134	142	100	162	164	155	8	255
 65800	133	144	100	162	164	156	8	255
 65845	133	145	100	162	164	156	8	255
 65890	132	145	100	162	164	155	8	255
 65936	131	145	100	162	164	154	8	255
 65981	131	145	100	162	164	158	8	255
 66027	132	146	100	162	164	162	8	255
 66072	134	146	100	162	164	165	8	255
 66117	136	146	100	162	164	168	8	255
 66162	138	146	100	162	164	168	8	255
 66208	139	146	100	162	164	168	8	255
 66253	140	146	100	161	164	170	8	255
 66298	140	146	101	161	164	168	8	255
 66344	140	146	101	161	164	168	8	255
 66389	140	146	101	161	164	168	8	255
 66435	140	146	101	161	164	168	8	255
 66480	140	146	101	161	164	166	8	255
 66525	140	146	101	161	164	166	8	255
 66571	140	146	101	161	164	165	8	255
 66616	139	146	101	161	164	165	8	255
 66661	139	146	101	161	164	165	8	255
 66707	139	146	101	161	164	165	8	255
 66752	138	146	101	161	164	165	8	255
 66797	138	146	101	161	164	162	8	255
 66843	138	146	101	161	164	164	8	255
 66888	138	146	101	161	164	162	8	255
 66933	137	146	101	161	164	164	8	255
 66979	137	146	101	161	164	162	8	255
 67024	137	146	101	161	164	162	8	255
 67069	137	146	101	161	164	162	8	255
 67115	137	146	101	161	164	162	8	255
 67161	136	146	101	161	164	161	8	255
 67206	136	146	101	161	164	161	8	255
 67251	136	146	101	161	164	160	8	255
 67296	136	146	101	161	164	161	8	255
 67342	135	145	101	161	164	158	8	255
 67387	135	146	101	161	164	161	8	255
 67432	135	145	101	161	164	160	8	255
 67478	134	145	101	161	164	158	8	255
 67523	134	145	101	161	164	156	8	255
 67568	133	145	101	161	164	155	8	255
 67614	133	145	101	161	164	155	8	255
 67659	132	145	101	161	164	155	8	255
 67704	132	145	101	161	164	154	8	255
 67750	131	145	101	161	164	155	8	255
 67795	131	145	101	161	164	155	8	255
 67840	131	145	101	161	164	154	8	255
 67886	131	145	101	161	164	156	8	255
 67931	131	146	101	160	164	155	8	255
 67976	131	146	101	160	164	155	8	255
 68022	131	146	101	160	164	154	8	255
 68067	131	145	101	160	164	154	8	255
 68113	131	145	101	160	164	155	8	255
 68158	131	145	101	160	164	155	8	255
 68203	131	145	101	160	164	155	8	255
 68249	130	145	101	160	164	154	8	255
 68294	130	145	101	160	164	154	8	255
 68339	130	145	102	160	164	154	8	255
 68385	130	145	102	160	164	152	8	255
 68430	129	145	102	160	164	151	8	255
 68475	129	145	102	160	164	152	8	255
 68521	129	145	102	160	164	151	8	255
 68566	128	145	102	160	164	150	8	255
 68611	128	145	102	160	164	151	8	255
 68657	128	145	102	160	164	148	8	255
 68702	127	145	102	160	164	151	8	255
 68747	127	145	102	160	164	151	8	255
 68793	127	145	102	159	164	150	8	255
 68838	127	145	102	160	164	150	8	255
 68884	126	145	102	159	164	146	8	255
 68929	126	145	102	159	164	146	8	255
 68974	126	145	102	159	164	148	8	255
 69020	125	144	102	159	164	146	8	255
 69065	125	144	102	159	164	146	8	255
 69110	125	144	102	159	164	145	8	255
 69156	125	144	102	159	164	146	8	255
 69201	124	144	102	159	164	145	8	255
 69246	124	144	102	159	164	146	8	255
 69292	124	144	102	159	164	145	8	255
 69337	124	144	102	159	164	144	8	255
 69382	123	144	102	159	164	145	8	255
 69428	123	144	102	159	164	144	8	255
 69473	123	144	102	159	164	144	8	255
 69518	123	144	102	159	164	144	8	255
 69564	123	144	102	158	164	145	8	255
 69609	122	144	102	158	164	144	8	255
 69654	122	144	102	158	164	144	8	255
 69700	122	144	102	158	164	144	8	255
 69745	122	144	102	158	164	142	8	255
 69791	122	144	102	158	164	144	8	255
 69836	122	144	102	158	164	142	8	255
 69881	122	144	102	158	164	142	8	255
 69927	122	144	102	158	164	142	8	255
 69972	122	144	102	158	164	144	8	255
 70017	122	144	102	158	164	142	8	255
 70063	121	144	102	158	164	142	8	255
 70108	121	144	102	158	164	141	8	255
 70154	121	144	102	158	164	142	8	255
 70199	121	144	102	158	164	141	8	255
 70244	121	144	102	157	164	142	8	255
 70289	121	143	102	157	164	141	8	255
 70335	121	143	102	157	164	142	8	255
 70380	121	143	102	157	164	141	8	255
 70425	121	143	102	157	164	141	8	255
 70471	121	143	102	157	164	141	8	255
 70516	120	143	102	157	164	141	8	255
 70562	120	143	102	157	164	141	8	255
 70607	120	143	102	157	164	141	8	255
 70652	120	143	102	157	164	142	8	255
 70698	120	143	102	157	164	141	8	255
 70743	120	143	102	157	164	141	8	255
 70788	120	143	102	157	164	140	8	255
 70834	120	143	102	157	164	140	8	255
 70879	119	143	102	157	164	140	8	255
 70924	119	143	102	157	164	140	8	255
 70970	119	142	102	156	164	138	8	255
 71015	118	142	102	156	164	138	8	255
 71060	118	142	102	156	164	138	8	255
 71106	118	142	102	156	164	137	8	255
 71151	118	142	102	156	164	138	8	255
 71196	118	142	102	156	164	137	8	255
 71242	117	142	102	156	164	138	8	255
 71287	117	142	102	156	164	136	8	255
 71333	117	142	102	156	164	137	8	255
 71378	117	142	102	156	164	138	8	255
 71423	117	142	102	156	164	137	8	255
 71469	117	142	102	156	164	137	8	255
 71514	117	142	102	155	164	137	8	255
 71559	117	142	102	155	164	136	8	255
 71605	116	142	102	155	164	136	8	255
 71650	116	142	102	155	164	137	8	255
 71696	116	142	102	155	164	137	8	255
 71741	116	142	102	155	164	136	8	255
 71786	116	142	102	155	164	136	8	255
 71831	116	142	102	155	164	134	8	255
 71877	116	142	102	155	164	136	8	255
 71922	116	142	102	155	164	136	8	255
 71967	116	142	102	155	164	136	8	255
 72013	116	141	102	155	164	134	8	255
 72058	116	141	102	155	164	136	8	255
 72103	116	141	102	155	164	136	8	255
 72149	115	141	102	155	164	134	8	255
 72194	115	141	102	154	164	136	8	255
 72240	115	141	102	154	164	134	8	255
 72285	115	141	102	154	164	134	8	255
 72330	115	141	102	154	164	136	8	255
 72376	115	141	102	154	164	134	8	255
 72421	115	141	102	154	164	134	8	255
 72466	115	141	102	154	164	134	8	255
 72512	115	141	102	154	164	134	8	255
 72557	115	141	102	154	164	134	8	255
 72602	115	141	102	154	164	134	8	255
 72648	115	141	102	154	163	136	8	255
 72693	114	141	102	154	163	134	8	255
 72738	114	140	102	154	164	134	8	255
 72784	114	140	102	153	163	134	8	255
 72830	114	140	102	153	163	132	8	255
 72874	114	140	102	153	163	134	8	255
 72920	114	140	102	153	163	132	8	255
 72965	114	140	102	153	163	132	8	255
 73011	114	140	102	153	163	132	8	255
 73056	114	140	102	153	163	132	8	255
 73101	114	140	102	153	163	131	8	255
 73147	113	140	102	153	163	132	8	255
 73192	113	140	102	153	163	131	8	255
 73237	113	140	102	153	163	131	8	255
 73283	113	140	102	153	163	132	8	255
 73328	113	140	102	153	163	132	8	255
 73373	113	140	102	153	163	132	8	255
 73419	113	140	102	152	163	132	8	255
 73464	113	140	102	152	163	132	8	255
 73509	113	140	102	152	163	131	8	255
 73555	113	139	102	152	163	132	8	255
 73600	113	139	102	152	163	131	8	255
 73646	113	139	102	152	163	132	8	255
 73691	113	139	102	152	163	130	8	255
 73736	113	139	102	152	163	131	8	255
 73781	113	139	102	152	163	132	8	255
 73827	112	139	102	152	163	131	8	255
 73872	112	139	102	152	163	132	8	255
 73918	112	139	102	152	163	131	8	255
 73963	112	139	102	152	163	132	8	255
 74008	112	139	102	151	163	131	8	255
 74054	112	139	102	151	163	130	8	255
 74099	112	139	102	151	163	131	8	255
 74144	112	139	102	151	163	131	8	255
 74190	112	139	101	151	163	131	8	255
 74235	112	138	102	151	163	131	8	255
 74280	112	138	101	151	163	130	8	255
 74326	112	138	101	151	163	130	8	255
 74371	112	138	101	151	163	131	8	255
 74416	112	138	101	151	163	131	0	255
 74462	112	137	101	151	163	130	0	255
 74507	111	136	101	151	163	127	0	255
 74552	110	134	101	151	163	124	0	255
 74598	109	132	101	151	163	122	0	255
 74643	108	131	101	150	163	119	0	255
 74688	107	129	101	150	163	118	0	255
 74734	106	127	101	150	163	114	0	255
 74779	105	126	101	150	163	112	0	255
 74825	104	124	101	150	163	109	0	255
 74870	103	122	101	150	163	108	0	255
 74915	102	121	101	150	163	105	0	255
 74961	101	119	101	150	163	102	0	255
 75006	100	118	101	150	163	101	0	255
 75051	99	116	101	150	163	100	0	255
 75097	98	115	101	150	163	100	0	255
 75142	97	114	101	150	163	97	0	255
 75187	96	112	100	150	163	94	0	255
 75233	95	111	100	150	163	93	0	255
 75278	94	110	100	150	163	92	0	255
 75323	93	108	100	150	163	90	0	255
 75369	92	107	100	150	163	89	0	255
 75414	92	106	100	150	163	88	0	255
 75459	91	105	100	150	163	86	0	255
 75505	90	104	100	150	163	85	0	255
 75550	89	103	100	150	163	84	0	255
 75596	88	102	100	150	163	84	0	255
 75641	88	101	100	150	163	83	0	255
 75686	87	99	100	150	163	83	0	255
 75732	86	98	100	150	163	80	0	255
 75777	86	98	100	150	163	80	0	255
 75822	85	97	100	150	163	79	0	255
 75868	84	96	100	150	163	78	0	255
 75913	84	95	100	150	163	76	0	255
 75958	83	94	100	150	163	75	0	255
 76004	83	93	100	150	163	75	0	255
 76049	82	92	100	150	163	74	0	255
 76094	81	91	100	150	163	74	0	255
 76140	81	91	100	150	163	72	0	255
 76185	80	90	99	150	163	71	0	255
 76230	80	89	99	150	163	71	0	255
 76276	79	88	99	150	163	70	0	255
 76321	79	88	99	150	163	70	0	255
 76366	78	87	99	150	163	68	0	255
 76412	78	86	99	150	163	68	0	255
 76457	77	85	99	150	163	67	0	255
 76503	77	85	99	150	163	67	0	255
 76549	77	84	99	150	163	66	0	255
 76593	76	83	99	150	163	66	0	255
 76639	76	83	99	150	163	65	0	255
 76684	75	82	99	150	163	65	0	255
 76729	75	82	99	150	163	64	0	255
 76775	75	81	99	150	163	64	0	255
 76820	74	81	99	150	163	64	0	255
 76865	74	80	99	150	163	62	0	255
 76911	73	79	99	150	163	62	0	255
 76956	73	79	99	150	163	61	0	255
 77001	73	78	99	150	163	61	0	255
 77047	72	78	99	150	163	60	0	255
 77092	72	78	99	150	163	60	0	255
 77137	72	77	99	150	163	60	0	255
 77183	71	77	98	150	163	58	0	255
 77228	71	76	98	150	163	58	0	255
 77274	71	76	98	150	163	57	0	255
 77319	70	75	98	150	163	57	0	255
 77364	70	75	98	150	163	57	0	255
 77410	70	74	98	150	163	57	0	255
 77455	70	74	98	150	163	56	0	255
 77500	69	74	98	150	163	56	0	255
 77546	69	73	98	150	163	56	0	255
 77591	69	73	98	150	163	54	0	255
 77636	69	73	98	150	163	56	0	255
 77682	68	72	98	150	163	53	0	255
 77727	68	72	98	150	163	54	0	255
 77772	68	71	98	150	163	54	0	255
 77818	68	71	98	150	163	54	0	255
 77863	67	71	98	150	163	53	0	255
 77908	67	70	98	150	163	53	0	255
 77954	67	70	98	150	163	52	0	255
 77999	67	70	98	150	163	52	0	255
 78045	67	70	98	150	163	51	0	255
 78090	66	69	98	150	163	52	0	255
 78135	66	69	98	150	163	51	0	255
 78181	66	69	98	150	163	52	0	255
 78226	66	68	98	150	162	51	0	255
 78271	66	68	98	150	162	51	0	255
 78317	65	68	98	150	162	51	0	255
 78362	65	68	98	150	163	50	0	255
 78407	65	67	97	150	162	50	0	255
 78453	65	67	97	150	162	50	0	255
 78498	65	67	97	150	162	50	0	255
 78543	65	67	97	150	162	48	0	255
 78589	64	66	97	150	162	50	0	255
 78634	64	66	97	150	162	48	0	255
 78679	64	66	97	150	162	48	0	255
 78725	64	66	97	150	162	48	0	255
 78770	64	66	97	150	162	47	0	255
 78815	64	65	97	150	162	46	0	255
 78861	64	65	97	150	162	47	0	255
 78906	63	65	97	150	162	47	0	255
 78952	63	65	97	150	162	46	0	255
 78997	63	65	97	150	162	46	0	255
 79042	63	64	97	150	162	46	0	255
 79088	63	64	97	150	162	46	0	255
 79133	63	64	97	150	162	46	0	255
 79178	63	64	97	150	162	45	0	255
 79224	62	64	97	150	162	45	0	255
 79269	62	64	97	150	162	45	0	255
 79314	62	63	97	150	162	44	0	255
 79360	62	63	97	150	162	45	0	255
 79405	62	63	97	150	162	45	0	255
 79450	62	63	97	150	162	44	0	255
 79496	62	63	97	150	162	44	0	255
 79541	62	63	97	150	162	42	0	255
 79586	62	63	97	150	162	44	0	255
 79632	62	62	97	150	162	42	0	255
 79677	61	62	97	150	162	44	0	255
 79723	61	62	97	150	162	44	0	255
 79768	61	62	97	150	162	42	0	255
 79813	61	62	97	150	162	42	0	255
 79859	61	62	97	150	162	41	0	255
 79904	61	62	97	150	162	42	0	255
 79949	61	61	96	150	162	42	0	255
 79995	61	61	96	150	162	41	0	255
 80040	61	61	96	150	162	42	0	255
 80085	61	61	96	150	162	41	0	255
 80131	61	61	96	150	162	41	0	255
 80176	60	61	96	150	162	41	0	255
 80221	60	61	96	150	162	41	0	255
 80267	60	61	96	150	162	41	0	255
 80312	60	61	96	150	162	40	0	255
 80357	60	60	96	150	162	38	0	255
 80403	60	60	96	150	162	40	0	255
 80448	60	60	96	150	162	41	0	255
 80493	60	60	96	150	162	40	0	255
 80539	60	60	96	150	162	40	0	255
 80584	60	60	96	150	162	40	0	255
 80630	60	60	96	150	162	38	0	255
 80675	60	60	96	150	162	38	0	255
 80720	60	60	96	150	162	38	0	255
 80766	60	60	96	150	162	37	0	255
 80811	59	60	96	150	162	38	0	255
 80856	59	59	96	150	162	38	0	255
 80902	59	59	96	150	162	38	0	255
 80947	59	59	96	150	162	37	0	255
 80992	59	59	96	150	162	38	0	255
 81038	59	59	96	150	162	37	0	255
 81083	59	59	96	150	162	36	0	255
 81128	59	59	96	150	162	37	0	255
 81174	59	59	96	150	162	37	0	255
 81219	59	59	96	150	162	37	0	255
 81264	59	59	96	150	162	37	0	255
 81310	59	59	96	150	162	36	0	255
 81355	59	59	96	150	162	36	0	255
 81401	59	59	96	150	162	36	0	255
 81446	59	59	96	150	162	36	0	255
 81491	59	59	96	150	162	35	0	255
 81537	59	58	96	150	162	36	0	255
 81582	59	58	96	150	162	36	0	255
 81627	59	58	96	150	162	35	0	255
 81673	58	58	96	150	162	35	0	255
 81718	58	58	96	150	162	35	0	255
 81763	58	58	96	150	162	35	0	255
 81809	58	58	96	150	162	34	0	255
 81854	58	58	96	150	162	35	0	255
 81899	58	58	96	150	162	35	0	255
 81945	58	58	95	150	162	35	0	255
 81990	58	58	95	150	162	34	0	255
 82035	58	58	95	150	162	35	0	255
 82081	58	58	95	150	162	34	0	255
 82126	58	58	95	150	162	35	0	255
 82171	58	58	95	150	162	34	0	255
 82217	58	58	95	150	162	34	0	255
 82262	58	58	95	150	162	32	0	255
 82308	58	58	95	150	162	34	0	255
 82353	58	57	95	150	162	34	0	255
 82398	58	58	95	150	162	34	0	255
 82444	58	57	95	150	162	32	0	255
 82490	58	57	95	150	162	32	0	255
 82534	58	57	95	150	162	32	0	255
 82580	58	57	95	150	162	32	0	255
 82625	58	57	95	150	162	31	0	255
 82671	58	57	95	150	162	34	0	255
 82716	58	57	95	150	162	32	0	255
 82761	58	57	95	150	162	32	0	255
 82806	58	57	95	150	162	32	0	255
 82852	58	57	95	150	162	31	0	255
 82897	58	57	95	150	162	32	0	255
 82942	57	57	95	150	162	31	0	255
 82988	57	57	95	150	162	31	0	255
 83033	57	57	95	150	162	31	0	255
 83078	57	57	95	150	162	31	0	255
 83124	57	57	95	150	162	31	0	255
 83169	57	57	95	150	162	31	0	255
 83215	57	57	95	150	162	31	0	255
 83260	57	57	95	150	161	31	0	255
 83306	57	57	95	150	162	30	0	255
 83351	57	57	95	150	162	30	0	255
 83396	57	57	95	150	162	30	0	255
 83441	57	57	95	150	161	30	0	255
 83487	57	57	95	150	161	30	0	255
 83532	57	57	95	150	161	30	0	255
 83577	57	57	95	150	161	30	0	255
 83623	57	57	95	150	161	30	0	255
 83668	57	57	95	150	161	30	0	255
 83713	57	57	95	150	161	29	0	255
 83759	57	56	95	150	161	29	0	255
 83804	57	56	95	150	161	29	0	255
 83849	57	56	95	150	161	30	0	255
 83895	57	56	95	150	161	29	0	255
 83940	57	56	95	150	161	29	0	255
 83986	57	56	95	150	161	30	0	255
 84031	57	56	95	149	161	29	0	255
 84076	57	56	95	149	161	30	0	255
 84122	57	56	95	149	161	29	0	255
 84167	57	56	94	149	161	29	0	255
 84212	57	56	94	149	161	29	0	255
 84258	57	56	94	149	161	29	0	255
 84303	57	56	94	149	161	30	0	255
 84348	57	56	94	149	161	29	0	255
 84394	57	56	94	149	161	29	0	255
 84439	57	56	94	149	161	28	0	255
 84484	57	56	94	149	161	28	0	255
 84530	57	56	94	149	161	28	0	255
 84575	57	56	94	149	161	29	0	255
 84620	57	56	94	149	161	30	0	255
 84666	57	56	94	149	161	28	0	255
 84711	57	56	94	149	161	28	0	255
 84757	57	56	94	149	161	28	0	255
 84802	57	56	94	149	161	29	0	255
 84847	57	56	94	149	161	28	0	255
 84893	57	56	94	149	161	29	0	255
 84938	57	56	94	149	161	28	0	255
 84983	57	56	94	149	161	29	0	255
 85029	57	56	94	149	161	29	0	255
 85074	57	56	94	149	161	29	0	255
 85119	57	56	94	149	161	29	0	255
 85165	57	56	94	149	161	29	0	255
 85210	56	56	94	149	161	28	0	255
 85256	56	56	94	149	161	29	0	255
 85301	56	56	94	149	161	29	0	255
 85346	56	56	94	149	161	28	0	255
 85391	56	56	94	149	161	29	0	255
 85437	56	56	94	149	161	29	0	255
 85482	56	56	94	149	161	29	0	255
 85527	56	56	94	149	161	29	0	255
 85573	56	56	94	149	161	28	0	255
 85618	56	56	94	149	161	28	0	255
 85664	56	56	94	149	161	29	0	255
 85709	56	56	94	149	161	29	0	255
 85754	56	56	94	149	161	29	0	255
 85800	56	56	94	149	161	29	0	255
 85845	56	56	94	149	161	29	0	255
 85890	56	56	94	149	161	29	0	255
 85936	56	56	94	149	161	28	0	255
 85981	56	56	94	149	161	29	0	255
 86026	56	56	94	149	161	29	0	255
 86072	56	56	94	149	161	29	0	255
 86117	56	56	94	149	161	29	0	255
 86162	56	55	94	149	161	29	0	255
 86208	56	55	94	149	161	29	0	255
 86253	56	55	93	149	161	29	0	255
 86298	56	55	94	149	161	28	0	255
 86344	56	55	93	149	161	29	0	255
 86389	56	55	93	149	161	29	0	255
