HomeCentral
 Falkenstrasse 20
 8630 Rueti
 Datum: 05.03.14 00:00
 
 Startzeit: 2014-03-05 00:00:16 +0100
 61	30	30	41	93	98	10	0	255
 107	30	30	41	93	98	8	0	255
 152	30	30	41	93	98	10	0	255
 197	30	30	41	93	98	8	0	255
 243	30	30	41	93	98	8	0	255
 288	30	30	41	93	98	10	0	255
 333	30	30	41	93	98	8	0	255
 379	30	30	41	93	98	8	0	255
 424	30	30	41	93	98	8	0	255
 469	30	30	41	93	98	8	0	255
 515	30	30	41	93	98	10	0	255
 560	30	30	41	93	98	10	0	255
 605	30	30	41	93	98	10	0	255
 651	30	30	41	93	98	10	0	255
 696	30	30	41	93	98	10	0	255
 741	30	30	41	93	98	10	0	255
 787	30	30	41	93	98	8	0	255
 832	30	30	41	93	98	8	0	255
 877	30	30	41	93	98	8	0	255
 923	30	30	41	93	98	8	0	255
 968	30	30	41	93	98	8	0	255
 1014	30	30	41	93	98	8	0	255
 1059	30	30	41	93	98	8	0	255
 1104	30	30	41	93	98	10	0	255
 1150	30	30	41	93	98	10	0	255
 1195	30	30	41	93	98	10	0	255
 1240	30	30	41	93	98	10	0	255
 1286	30	30	41	93	98	10	0	255
 1331	30	30	41	93	98	8	0	255
 1376	30	30	41	93	98	10	0	255
 1422	30	30	41	93	98	10	0	255
 1467	30	30	41	93	98	10	0	255
 1512	30	30	41	93	98	10	0	255
 1558	30	30	41	93	98	8	0	255
 1603	30	30	41	93	98	10	0	255
 1648	30	30	41	93	98	8	0	255
 1694	30	30	41	93	98	8	0	255
 1739	30	30	41	93	98	8	0	255
 1784	30	30	41	93	98	10	0	255
 1830	30	30	41	93	98	8	0	255
 1875	30	30	41	93	98	8	0	255
 1921	30	30	41	93	98	8	0	255
 1966	30	30	41	93	98	10	0	255
 2011	30	30	41	93	98	8	0	255
 2057	30	30	41	93	98	8	0	255
 2102	30	30	41	93	98	8	0	255
 2147	30	30	41	93	98	10	0	255
 2193	30	30	41	93	98	8	0	255
 2238	30	30	41	93	98	8	0	255
 2283	30	30	41	93	98	10	0	255
 2329	30	30	41	93	98	8	0	255
 2374	30	30	41	93	98	8	0	255
 2419	30	30	41	93	98	10	0	255
 2465	30	30	41	93	98	8	0	255
 2510	30	30	41	93	98	8	0	255
 2555	30	30	41	93	98	8	0	255
 2601	30	30	41	93	98	8	0	255
 2646	30	30	41	93	98	10	0	255
 2692	30	30	41	93	98	8	0	255
 2737	30	30	41	93	98	10	0	255
 2782	30	30	41	93	98	10	0	255
 2828	30	30	41	93	98	10	0	255
 2873	30	30	41	93	98	8	0	255
 2918	30	30	41	93	98	10	0	255
 2964	30	30	41	93	98	10	0	255
 3009	30	30	41	93	98	8	0	255
 3054	30	30	41	93	98	10	0	255
 3100	30	30	41	93	98	8	0	255
 3145	30	30	41	93	98	8	0	255
 3190	30	30	41	93	98	10	0	255
 3236	30	30	41	93	98	8	0	255
 3281	30	30	41	93	98	8	0	255
 3326	30	30	41	93	98	10	0	255
 3372	30	30	41	93	98	10	0	255
 3417	30	30	41	93	98	8	0	255
 3462	30	30	41	93	98	8	0	255
 3508	30	30	41	93	98	8	0	255
 3553	30	30	41	93	98	8	0	255
 3598	30	30	41	93	98	8	0	255
 3644	30	30	41	93	98	10	0	255
 3689	30	30	41	93	98	8	0	255
 3735	30	30	41	93	98	8	0	255
 3780	30	30	41	93	98	10	0	255
 3825	30	30	41	93	98	8	0	255
 3871	30	30	41	93	98	8	0	255
 3916	30	30	41	93	98	8	0	255
 3961	30	30	41	93	98	8	0	255
 4007	30	30	41	93	98	10	0	255
 4052	30	30	41	93	98	8	0	255
 4098	30	30	41	93	98	8	0	255
 4143	30	30	41	93	98	8	0	255
 4188	30	30	41	93	98	8	0	255
 4233	30	30	41	93	98	8	0	255
 4279	30	30	41	93	98	8	0	255
 4324	30	30	41	93	98	8	0	255
 4369	30	30	41	93	98	8	0	255
 4415	30	30	41	93	98	8	0	255
 4461	30	30	41	93	98	8	0	255
 4505	30	30	41	93	98	8	0	255
 4551	30	30	41	93	98	10	0	255
 4596	30	30	41	93	98	8	0	255
 4641	30	30	41	93	98	8	0	255
 4687	30	30	41	93	98	8	0	255
 4732	30	30	41	93	98	10	0	255
 4778	30	30	41	93	98	8	0	255
 4824	30	30	41	93	98	8	0	255
 4868	30	30	41	93	98	8	0	255
 4914	30	30	41	93	98	10	0	255
 4959	30	30	41	93	98	10	0	255
 5004	30	30	41	93	98	10	0	255
 5050	30	30	41	93	98	8	0	255
 5095	30	30	41	93	98	10	0	255
 5140	30	30	41	93	98	10	0	255
 5186	30	30	41	93	98	8	0	255
 5231	30	30	41	93	98	10	0	255
 5276	30	30	41	93	98	10	0	255
 5322	30	30	41	93	98	8	0	255
 5367	30	30	41	93	98	10	0	255
 5412	30	30	41	93	98	10	0	255
 5458	30	30	41	93	98	8	0	255
 5503	30	30	41	93	98	10	0	255
 5549	30	30	41	93	98	8	0	255
 5594	30	30	41	93	98	8	0	255
 5639	30	30	41	93	98	8	0	255
 5685	30	30	41	93	98	8	0	255
 5730	30	30	41	93	98	10	0	255
 5775	30	30	41	93	98	8	0	255
 5821	30	30	41	93	98	8	0	255
 5866	30	30	41	93	98	10	0	255
 5911	30	30	41	93	97	8	0	255
 5957	30	30	41	93	97	8	0	255
 6002	30	30	41	93	97	8	0	255
 6047	30	30	41	93	98	8	0	255
 6093	30	30	41	93	98	8	0	255
 6138	30	30	41	93	98	10	0	255
 6183	30	30	41	93	98	7	0	255
 6229	30	30	41	93	98	8	0	255
 6274	30	30	41	93	98	8	0	255
 6319	30	30	41	93	97	8	0	255
 6365	30	30	41	93	97	8	0	255
 6410	30	30	41	93	97	8	0	255
 6455	30	30	41	93	98	8	0	255
 6501	30	30	41	93	97	8	0	255
 6546	30	30	41	93	97	10	0	255
 6592	30	30	41	93	97	8	0	255
 6637	30	30	41	93	97	8	0	255
 6682	30	30	41	93	97	8	0	255
 6728	30	30	41	93	97	8	0	255
 6773	30	30	41	93	97	8	0	255
 6818	30	30	41	93	97	8	0	255
 6864	30	30	41	93	97	8	0	255
 6909	30	30	41	93	97	8	0	255
 6954	30	30	41	93	97	8	0	255
 7000	30	30	41	93	97	8	0	255
 7045	30	30	41	93	97	8	0	255
 7090	30	30	41	93	97	8	0	255
 7136	30	30	41	93	97	10	0	255
 7181	30	30	41	93	97	8	0	255
 7226	30	30	41	93	97	8	0	255
 7272	30	30	41	93	97	10	0	255
 7317	30	30	41	93	97	8	0	255
 7362	30	30	41	93	97	8	0	255
 7408	30	30	41	93	97	8	0	255
 7453	30	30	41	93	97	8	0	255
 7499	30	30	41	93	97	10	0	255
 7544	30	30	41	93	97	8	0	255
 7589	30	30	41	93	97	8	0	255
 7635	30	30	41	93	97	8	0	255
 7680	30	30	41	93	97	8	0	255
 7725	30	30	41	93	97	8	0	255
 7771	30	30	41	93	97	8	0	255
 7816	30	30	41	93	97	10	0	255
 7861	30	30	41	93	97	8	0	255
 7907	30	30	41	93	97	8	0	255
 7952	30	30	41	93	97	8	0	255
 7997	30	30	41	93	97	8	0	255
 8043	30	30	41	93	97	8	0	255
 8088	30	30	41	93	97	8	0	255
 8133	30	30	41	93	97	10	0	255
 8179	30	30	41	93	97	8	0	255
 8224	30	30	41	92	97	10	0	255
 8270	30	30	41	92	97	8	0	255
 8315	30	30	41	92	97	8	0	255
 8360	30	30	41	92	97	8	0	255
 8405	30	30	41	92	97	8	0	255
 8451	30	30	41	92	97	8	0	255
 8496	30	30	41	92	97	10	0	255
 8542	30	30	41	92	97	8	0	255
 8587	30	30	41	92	97	8	0	255
 8632	30	30	41	92	97	8	0	255
 8678	30	30	41	92	97	8	0	255
 8723	30	30	41	92	97	8	0	255
 8768	30	30	41	92	97	8	0	255
 8814	30	30	41	92	97	8	0	255
 8859	30	30	41	92	97	8	0	255
 8904	30	30	41	92	97	10	0	255
 8950	30	30	41	92	97	8	0	255
 8995	30	30	41	92	97	8	0	255
 9040	30	30	41	92	97	10	0	255
 9086	30	30	41	92	97	10	0	255
 9131	30	30	41	92	97	10	0	255
 9176	30	30	41	92	97	8	0	255
 9222	30	30	41	92	97	8	0	255
 9267	30	30	41	92	97	8	0	255
 9312	30	30	41	92	97	8	0	255
 9358	30	30	41	92	97	10	0	255
 9403	30	30	41	92	97	8	0	255
 9449	30	30	41	92	97	10	0	255
 9494	30	30	41	92	97	10	0	255
 9539	30	30	41	92	97	8	0	255
 9585	30	30	41	92	97	10	0	255
 9630	30	30	41	92	97	8	0	255
 9675	30	30	41	92	97	10	0	255
 9721	30	30	41	92	97	10	0	255
 9766	30	30	41	92	97	8	0	255
 9811	30	30	41	92	97	10	0	255
 9857	30	30	41	92	97	10	0	255
 9902	30	30	41	92	97	8	0	255
 9947	30	30	41	92	97	10	0	255
 9993	30	30	41	92	97	8	0	255
 10039	30	30	40	92	97	10	0	255
 10083	30	30	41	92	97	8	0	255
 10129	30	30	41	92	97	7	0	255
 10174	30	30	41	92	97	8	0	255
 10219	30	30	41	92	97	8	0	255
 10265	30	30	41	92	97	8	0	255
 10310	30	30	41	92	97	8	0	255
 10356	30	30	41	92	97	8	0	255
 10401	30	30	41	92	97	8	0	255
 10446	30	30	41	92	97	10	0	255
 10492	30	30	41	92	97	8	0	255
 10537	30	30	41	92	97	8	0	255
 10582	30	30	41	92	97	8	0	255
 10628	30	30	41	92	97	8	0	255
 10673	30	30	40	92	97	10	0	255
 10718	30	30	41	92	97	8	0	255
 10764	30	30	41	92	97	8	0	255
 10810	30	30	41	92	97	8	0	255
 10854	30	30	41	92	97	10	0	255
 10900	30	30	41	92	97	10	0	255
 10945	30	30	41	92	97	8	0	255
 10990	30	30	41	92	97	8	0	255
 11036	30	30	41	92	97	8	0	255
 11081	30	30	40	92	97	8	0	255
 11126	30	30	41	92	97	8	0	255
 11172	30	30	41	92	97	8	0	255
 11217	30	30	41	92	97	8	0	255
 11263	30	30	40	92	97	8	0	255
 11308	30	30	40	92	97	8	0	255
 11353	30	30	40	92	97	10	0	255
 11399	30	30	41	92	97	8	0	255
 11444	30	30	41	92	97	8	0	255
 11489	30	30	41	92	97	8	0	255
 11535	30	30	40	92	97	8	0	255
 11580	30	30	41	92	97	10	0	255
 11625	30	30	41	92	97	10	0	255
 11671	30	30	40	92	97	8	0	255
 11716	30	30	41	92	97	8	0	255
 11761	30	30	40	92	97	10	0	255
 11807	30	30	40	92	97	8	0	255
 11852	30	30	40	92	97	8	0	255
 11897	30	30	40	92	97	8	0	255
 11943	30	30	40	92	97	8	0	255
 11988	30	30	40	92	97	8	0	255
 12033	30	30	40	92	97	10	0	255
 12079	30	30	40	92	97	10	0	255
 12124	30	30	40	92	97	8	0	255
 12170	30	30	41	92	97	8	0	255
 12215	30	30	40	92	97	8	0	255
 12260	30	30	40	92	97	10	0	255
 12306	30	30	40	92	97	8	0	255
 12351	30	30	40	92	97	8	0	255
 12396	30	30	40	92	97	10	0	255
 12442	30	30	40	92	97	8	0	255
 12487	30	30	40	92	97	8	0	255
 12532	30	30	40	92	97	8	0	255
 12578	30	30	40	92	97	8	0	255
 12623	30	30	40	92	97	8	0	255
 12668	30	30	40	92	97	8	0	255
 12714	30	30	40	92	97	8	0	255
 12759	30	30	40	92	97	8	0	255
 12804	30	30	40	92	97	8	0	255
 12850	30	30	40	92	97	8	0	255
 12895	30	30	40	92	97	10	0	255
 12940	30	30	40	92	97	10	0	255
 12986	30	30	40	92	97	10	0	255
 13031	30	30	40	92	97	10	0	255
 13076	30	30	40	92	97	8	0	255
 13122	30	30	40	92	97	8	0	255
 13167	30	30	40	92	97	10	0	255
 13213	30	30	40	92	97	10	0	255
 13258	30	30	40	92	97	10	0	255
 13303	30	30	40	92	97	8	0	255
 13349	30	30	40	92	97	10	0	255
 13394	30	30	40	92	97	8	0	255
 13439	30	30	40	92	97	10	0	255
 13485	30	30	40	92	97	8	0	255
 13530	30	30	40	92	97	10	0	255
 13575	30	30	40	92	97	8	0	255
 13621	30	30	40	92	97	8	0	255
 13666	30	30	40	92	97	8	0	255
 13711	30	30	40	92	97	8	0	255
 13757	30	30	40	92	97	10	0	255
 13802	30	30	40	92	97	8	0	255
 13847	30	30	40	92	97	10	0	255
 13893	30	30	40	92	97	8	0	255
 13938	30	30	40	92	97	10	0	255
 13983	30	30	40	92	97	8	0	255
 14029	30	30	40	92	97	10	0	255
 14074	30	30	40	92	97	8	0	255
 14120	30	30	40	92	97	10	0	255
 14165	30	30	40	92	97	8	0	255
 14210	30	30	40	92	97	10	0	255
 14256	30	30	40	92	97	10	0	255
 14301	30	30	40	92	97	10	0	255
 14346	30	30	40	92	97	10	0	255
 14392	30	30	40	92	97	10	0	255
 14437	30	30	40	92	97	8	0	255
 14482	30	30	40	92	97	10	0	255
 14528	30	30	40	92	97	10	0	255
 14573	30	30	40	92	97	10	0	255
 14618	30	30	40	92	97	10	0	255
 14664	30	30	40	92	97	8	0	255
 14710	30	30	40	92	97	10	0	255
 14754	30	30	40	92	97	10	0	255
 14800	30	30	40	92	97	10	0	255
 14845	30	30	40	92	97	8	0	255
 14890	30	30	40	92	97	10	0	255
 14936	30	30	40	92	97	8	0	255
 14981	30	30	40	92	97	10	0	255
 15027	30	30	40	92	96	10	0	255
 15072	30	30	40	92	97	8	0	255
 15117	30	30	40	92	97	8	0	255
 15163	30	30	40	92	97	8	0	255
 15208	30	30	40	92	97	10	0	255
 15253	30	30	40	92	96	8	0	255
 15299	30	30	40	92	96	8	0	255
 15344	30	30	40	92	96	8	0	255
 15389	30	30	40	92	96	8	0	255
 15435	30	30	40	92	96	8	0	255
 15480	30	30	40	92	96	8	0	255
 15525	30	30	40	92	96	8	0	255
 15571	30	30	40	92	96	8	0	255
 15616	30	30	40	92	96	10	0	255
 15661	30	30	40	92	96	8	0	255
 15707	30	30	40	92	96	8	0	255
 15752	30	30	40	92	96	8	0	255
 15797	30	30	40	92	96	10	0	255
 15843	30	30	40	92	96	10	0	255
 15888	30	30	40	92	96	8	0	255
 15934	30	30	40	92	96	8	0	255
 15979	30	30	40	92	96	8	0	255
 16024	30	30	40	92	96	8	0	255
 16070	30	30	40	92	96	10	0	255
 16115	30	30	40	92	96	8	0	255
 16160	30	30	40	92	96	8	0	255
 16206	30	30	40	92	96	10	0	255
 16251	30	30	40	92	96	8	0	255
 16296	30	30	40	92	96	8	0	255
 16342	30	30	40	92	96	10	0	255
 16387	30	30	40	92	96	10	0	255
 16432	30	30	40	92	96	8	0	255
 16478	30	30	40	92	96	8	0	255
 16523	30	30	40	92	96	8	0	255
 16568	30	30	40	92	96	8	0	255
 16614	30	30	40	92	96	10	0	255
 16659	30	30	40	92	96	8	0	255
 16704	30	30	40	92	96	10	0	255
 16750	30	30	40	92	96	10	0	255
 16795	30	30	40	92	96	8	0	255
 16841	30	30	40	92	96	8	0	255
 16886	30	30	40	92	96	8	0	255
 16931	30	30	40	92	96	8	0	255
 16977	30	30	40	92	96	8	0	255
 17022	30	30	40	92	96	8	0	255
 17067	30	30	40	92	96	8	0	255
 17113	30	30	40	92	96	8	0	255
 17159	30	30	40	92	96	8	0	255
 17203	30	30	40	92	96	10	0	255
 17249	30	30	40	92	96	8	0	255
 17294	30	30	40	92	96	10	0	255
 17339	30	30	40	92	96	8	0	255
 17385	30	30	40	92	96	8	0	255
 17430	30	30	40	92	96	8	0	255
 17475	30	30	40	92	96	8	0	255
 17521	30	30	40	92	96	10	0	255
 17566	30	30	40	92	96	10	0	255
 17611	30	30	40	91	96	10	0	255
 17657	30	30	40	92	96	8	0	255
 17702	30	30	40	92	96	8	0	255
 17748	30	30	40	92	96	10	0	255
 17793	30	30	40	92	96	10	0	255
 17838	30	30	40	92	96	8	0	255
 17884	30	30	40	91	96	10	0	255
 17929	30	30	40	92	96	8	0	255
 17974	30	30	40	92	96	8	0	255
 18020	30	30	40	92	96	8	0	255
 18066	30	30	40	91	96	8	0	255
 18110	30	30	40	91	96	8	0	255
 18156	30	30	40	91	96	8	0	255
 18201	30	30	40	91	96	8	0	255
 18246	30	30	40	91	96	8	0	255
 18292	30	30	40	91	96	8	0	255
 18337	30	30	40	91	96	8	0	255
 18382	30	30	40	91	96	7	0	255
 18428	30	30	40	91	96	8	0	255
 18473	30	30	40	91	96	8	0	255
 18518	30	30	40	91	96	8	0	255
 18564	30	30	40	91	96	10	0	255
 18609	30	30	40	91	96	10	0	255
 18654	30	30	40	91	96	8	0	255
 18700	30	30	40	91	96	8	0	255
 18745	30	30	40	91	96	8	0	255
 18791	30	30	40	91	96	8	0	255
 18836	30	30	40	91	96	8	0	255
 18881	30	30	40	91	96	7	0	255
 18927	30	30	40	91	96	8	0	255
 18972	30	30	40	91	96	8	0	255
 19017	30	30	40	91	96	8	0	255
 19063	30	30	40	91	96	8	0	255
 19108	30	30	40	91	96	8	0	255
 19153	30	30	40	91	96	10	0	255
 19199	30	30	40	91	96	8	0	255
 19244	30	30	40	91	96	10	0	255
 19289	30	30	40	91	96	8	0	255
 19335	30	30	40	91	96	8	0	255
 19380	30	30	40	91	96	10	0	255
 19425	30	30	40	91	96	8	0	255
 19471	30	30	40	91	96	8	0	255
 19516	30	30	40	91	96	8	0	255
 19561	30	30	40	91	96	8	0	255
 19607	30	30	40	91	96	7	0	255
 19652	30	30	40	91	96	7	0	255
 19698	30	30	40	91	96	8	0	255
 19743	30	30	40	91	96	8	0	255
 19788	30	30	40	91	96	8	0	255
 19834	30	30	40	91	96	8	0	255
 19879	30	30	40	91	96	7	0	255
 19924	30	30	40	91	96	8	0	255
 19970	30	30	40	91	96	8	0	255
 20015	30	30	40	91	96	8	0	255
 20060	30	30	40	91	96	8	0	255
 20106	30	30	40	91	96	8	0	255
 20151	30	30	40	91	96	8	0	255
 20196	30	30	40	91	96	10	0	255
 20242	30	30	40	91	96	8	0	255
 20287	30	30	40	91	96	7	0	255
 20332	30	30	40	91	96	8	0	255
 20378	30	30	40	91	96	7	0	255
 20423	30	30	40	91	96	8	0	255
 20469	30	30	40	91	96	8	0	255
 20514	30	30	40	91	96	7	0	255
 20559	30	30	40	91	96	7	0	255
 20605	30	30	40	91	96	8	0	255
 20650	30	30	40	91	96	7	0	255
 20695	30	30	40	91	96	8	0	255
 20741	30	30	40	91	96	8	0	255
 20786	30	30	40	91	96	8	0	255
 20831	30	30	40	91	96	7	0	255
 20877	30	30	40	91	96	7	0	255
 20922	30	30	40	91	96	8	0	255
 20967	30	30	40	91	96	8	0	255
 21013	30	30	40	91	96	8	0	255
 21058	30	30	40	91	96	7	0	255
 21103	30	30	40	91	96	8	0	255
 21149	30	30	40	91	96	8	0	255
 21194	30	30	40	91	96	7	0	255
 21239	30	30	40	91	96	8	0	255
 21285	29	30	40	91	96	8	0	255
 21330	29	30	40	91	96	8	0	255
 21375	30	30	40	91	96	8	0	255
 21421	30	30	40	91	96	8	0	255
 21466	29	30	40	91	96	8	0	255
 21511	29	30	40	91	96	8	0	255
 21557	30	30	40	91	96	7	0	255
 21602	29	30	40	91	96	7	0	255
 21648	29	30	40	91	96	8	0	255
 21693	30	30	40	91	96	8	0	255
 21738	29	30	40	91	96	7	0	255
 21785	30	30	40	91	96	10	0	255
 21829	29	30	40	91	96	7	0	255
 21874	30	30	40	91	96	8	0	255
 21920	30	30	40	91	96	7	0	255
 21965	29	30	40	91	96	8	0	255
 22010	29	30	40	91	96	8	0	255
 22056	29	30	40	91	96	7	0	255
 22101	30	30	40	91	96	8	0	255
 22146	29	30	40	91	96	8	0	255
 22192	30	30	40	91	96	7	0	255
 22237	29	30	40	91	96	8	0	255
 22282	29	30	40	91	96	8	0	255
 22328	30	30	40	91	96	8	0	255
 22373	29	30	40	91	96	8	0	255
 22418	29	30	40	91	96	8	0	255
 22464	29	30	40	91	96	8	0	255
 22509	29	30	40	91	96	8	0	255
 22555	29	30	40	91	96	8	0	255
 22600	29	30	40	91	96	8	0	255
 22645	29	30	40	91	96	8	0	255
 22691	29	30	40	91	96	8	0	255
 22736	29	30	40	91	96	7	0	255
 22781	29	30	40	91	96	8	0	255
 22827	29	30	40	91	96	8	0	255
 22872	29	30	40	91	96	8	0	255
 22917	29	30	40	91	96	8	0	255
 22963	29	30	40	91	96	8	0	255
 23008	29	30	40	91	96	8	0	255
 23053	29	30	40	91	96	8	0	255
 23099	29	30	40	91	96	8	0	255
 23144	29	30	40	91	96	8	0	255
 23189	29	30	40	91	96	8	0	255
 23235	29	30	40	91	96	8	0	255
 23280	29	30	40	91	96	8	0	255
 23325	29	30	40	91	96	8	0	255
 23371	29	29	40	91	96	8	0	255
 23416	29	30	40	91	96	8	0	255
 23462	29	30	40	91	96	8	0	255
 23507	29	29	40	91	96	10	0	255
 23552	29	30	40	91	96	8	0	255
 23598	29	30	40	91	96	8	0	255
 23643	29	29	40	91	96	8	0	255
 23688	29	29	40	91	96	7	0	255
 23734	29	30	40	91	96	8	0	255
 23779	29	30	40	91	96	8	0	255
 23824	29	30	40	91	96	7	0	255
 23870	29	30	40	91	96	8	0	255
 23915	29	29	40	91	96	8	0	255
 23960	29	30	40	91	96	8	0	255
 24006	29	29	40	91	96	8	0	255
 24051	29	30	40	91	96	8	0	255
 24096	29	29	40	91	96	8	0	255
 24142	29	29	40	91	96	8	0	255
 24187	29	29	40	91	95	8	0	255
 24232	29	29	40	91	95	8	0	255
 24278	29	30	40	91	96	8	0	255
 24323	29	29	40	91	96	8	0	255
 24369	29	30	40	91	95	7	0	255
 24414	29	29	40	91	96	8	0	255
 24459	29	29	40	91	95	7	0	255
 24505	29	29	40	91	95	8	0	255
 24550	29	29	40	91	95	7	0	255
 24595	29	29	40	91	95	8	0	255
 24641	29	29	40	91	95	7	0	255
 24686	29	29	40	91	95	7	0	255
 24731	29	29	40	91	95	8	0	255
 24777	29	29	40	91	95	8	0	255
 24822	29	29	40	91	95	8	0	255
 24869	29	29	40	91	95	7	0	255
 24913	29	29	40	91	95	8	0	255
 24958	29	29	40	91	95	8	0	255
 25003	29	29	40	91	95	7	0	255
 25049	29	29	40	91	95	8	0	255
 25094	29	29	40	91	95	7	0	255
 25141	29	29	40	91	95	7	0	255
 25185	29	29	40	91	95	8	0	255
 25230	29	29	40	91	95	7	0	255
 25276	29	29	40	91	95	8	0	255
 25321	29	29	40	91	95	7	0	255
 25366	29	29	40	91	95	7	0	255
 25412	29	29	40	91	95	8	0	255
 25457	29	29	40	91	95	7	0	255
 25502	29	29	40	91	95	8	0	255
 25548	29	29	40	91	95	7	0	255
 25593	29	29	40	91	95	8	0	255
 25638	29	29	40	91	95	7	0	255
 25684	29	29	40	91	95	7	0	255
 25729	29	29	40	91	95	8	0	255
 25774	29	29	40	91	95	7	0	255
 25820	29	29	40	91	95	8	0	255
 25865	29	29	40	91	95	8	0	255
 25910	29	29	40	91	95	8	0	255
 25956	29	29	40	91	95	7	0	255
 26001	29	29	40	91	95	8	0	255
 26046	29	29	40	91	95	8	0	255
 26092	29	29	40	91	95	8	0	255
 26137	29	29	40	91	95	8	0	255
 26182	29	29	40	91	95	7	0	255
 26228	29	29	40	91	95	8	0	255
 26273	29	29	40	91	95	7	0	255
 26319	29	29	40	91	95	8	0	255
 26364	29	29	40	91	95	8	0	255
 26409	29	29	40	91	95	8	0	255
 26455	29	29	40	91	95	7	0	255
 26500	29	29	40	91	95	8	0	255
 26545	29	29	40	91	95	8	0	255
 26591	29	29	40	91	95	8	0	255
 26636	29	29	40	91	95	8	0	255
 26681	29	29	40	91	95	8	0	255
 26727	29	29	40	91	95	8	0	255
 26772	29	29	40	91	95	8	0	255
 26817	29	29	40	91	95	8	0	255
 26863	29	29	40	91	95	8	0	255
 26908	29	29	40	91	95	8	0	255
 26953	29	29	40	91	95	8	0	255
 26999	29	29	40	91	95	8	0	255
 27044	29	29	40	91	95	10	0	255
 27089	29	29	40	91	95	8	0	255
 27135	29	29	40	91	95	8	0	255
 27180	29	29	40	91	95	8	0	255
 27226	29	29	40	91	95	8	0	255
 27271	29	29	40	91	95	10	0	255
 27316	29	29	40	91	95	10	0	255
 27362	29	29	40	91	95	10	0	255
 27407	29	29	40	91	95	10	0	255
 27452	29	29	40	91	95	10	0	255
 27498	29	29	40	90	95	10	0	255
 27543	29	29	40	90	95	10	0	255
 27588	29	29	40	91	95	10	0	255
 27634	29	29	40	91	95	10	0	255
 27679	29	29	40	90	95	10	0	255
 27724	29	29	40	91	95	10	0	255
 27770	29	29	40	90	95	10	0	255
 27815	29	29	40	90	95	10	0	255
 27860	29	29	40	90	95	10	0	255
 27906	29	29	40	90	95	11	0	255
 27951	29	29	40	90	95	10	0	255
 27996	29	29	40	90	95	11	0	255
 28042	29	29	40	90	95	11	0	255
 28087	29	29	40	90	95	11	0	255
 28133	29	29	40	90	95	11	0	255
 28178	29	29	40	90	95	11	0	255
 28223	29	29	40	90	95	11	0	255
 28269	29	29	40	90	95	12	0	255
 28314	29	29	40	90	95	12	0	255
 28359	29	29	40	90	95	11	0	255
 28405	29	29	40	90	95	12	0	255
 28450	29	29	40	90	95	11	0	255
 28495	29	29	40	90	95	11	0	255
 28541	29	29	40	90	95	11	0	255
 28586	29	29	40	90	95	12	0	255
 28631	29	29	40	90	95	12	0	255
 28677	29	29	40	90	95	12	0	255
 28722	29	29	40	90	95	13	0	255
 28767	29	29	40	90	95	12	0	255
 28813	29	29	40	90	95	13	0	255
 28858	29	29	40	90	95	13	0	255
 28903	29	29	40	90	95	12	0	255
 28949	29	29	40	90	95	13	0	255
 28994	29	29	40	90	95	13	0	255
 29040	29	29	40	90	95	12	0	255
 29086	29	29	40	90	95	14	0	255
 29130	29	29	40	90	95	13	0	255
 29176	29	29	40	90	95	13	0	255
 29221	29	29	40	90	95	13	0	255
 29266	29	29	40	90	95	13	0	255
 29312	29	29	40	90	95	13	0	255
 29357	29	29	40	90	95	13	0	255
 29403	29	29	40	90	95	13	0	255
 29448	29	29	40	90	95	13	0	255
 29493	29	29	40	90	95	14	0	255
 29538	29	29	40	90	95	13	0	255
 29584	29	29	40	90	95	14	0	255
 29629	29	29	40	90	95	14	0	255
 29675	29	29	40	90	95	16	0	255
 29720	29	29	40	90	95	16	0	255
 29765	29	29	40	90	95	14	0	255
 29810	29	29	40	90	95	14	0	255
 29856	29	29	40	90	95	16	0	255
 29901	29	29	40	90	95	16	0	255
 29947	29	29	40	90	95	16	0	255
 29992	29	29	40	90	95	17	0	255
 30037	29	29	40	90	95	16	0	255
 30083	29	29	40	90	95	16	0	255
 30128	29	29	40	90	95	18	0	255
 30173	29	29	40	90	95	17	0	255
 30219	29	29	40	90	95	17	0	255
 30264	29	29	40	90	95	17	0	255
 30309	29	29	40	90	95	17	0	255
 30355	29	29	40	90	95	17	0	255
 30400	29	29	40	90	95	18	0	255
 30445	29	29	40	90	95	18	0	255
 30491	29	29	40	90	95	18	0	255
 30536	29	29	40	90	95	18	0	255
 30581	29	29	40	90	95	19	0	255
 30627	29	29	40	90	95	18	0	255
 30672	29	29	40	90	95	18	0	255
 30717	29	29	40	90	95	19	0	255
 30763	29	29	40	90	95	19	0	255
 30808	29	29	40	90	95	19	0	255
 30854	29	29	40	90	95	19	0	255
 30899	29	29	40	90	95	20	0	255
 30944	29	29	40	90	95	20	0	255
 30990	29	29	40	90	95	19	0	255
 31035	29	29	40	90	95	19	0	255
 31080	29	29	40	90	95	20	0	255
 31126	29	29	40	90	95	20	0	255
 31171	29	29	40	90	95	20	0	255
 31216	29	29	40	90	95	22	0	255
 31262	29	29	40	90	95	22	0	255
 31307	29	29	40	90	95	22	0	255
 31352	29	29	40	90	95	22	0	255
 31398	29	29	40	90	95	23	0	255
 31443	29	29	40	90	95	23	0	255
 31488	29	29	40	90	95	23	0	255
 31534	29	29	40	90	95	23	0	255
 31579	29	29	40	90	95	22	0	255
 31624	29	29	40	90	95	23	0	255
 31670	29	29	40	90	95	23	0	255
 31715	29	29	40	90	95	24	0	255
 31760	29	29	40	90	95	24	0	255
 31806	29	29	40	90	95	24	0	255
 31851	29	29	40	90	95	24	0	255
 31897	29	29	40	90	95	25	0	255
 31942	29	29	40	90	95	25	0	255
 31987	29	29	40	90	95	25	0	255
 32033	29	29	40	90	95	25	0	255
 32078	29	29	40	90	95	25	0	255
 32123	29	29	40	90	95	25	0	255
 32169	29	29	40	90	95	25	0	255
 32214	29	29	40	90	95	25	0	255
 32259	29	29	40	90	95	25	0	255
 32305	29	29	40	90	95	26	0	255
 32350	29	29	40	90	95	26	0	255
 32395	29	29	40	90	95	25	0	255
 32441	29	29	40	90	95	26	0	255
 32486	29	29	40	90	95	28	0	255
 32531	29	29	40	90	95	28	0	255
 32577	29	29	40	90	95	28	0	255
 32622	29	29	40	90	95	29	0	255
 32667	29	29	40	90	95	28	0	255
 32713	29	29	40	90	95	29	0	255
 32758	29	29	40	90	95	29	0	255
 32804	29	29	40	90	95	29	0	255
 32849	29	29	40	90	95	29	0	255
 32894	29	29	40	90	95	29	0	255
 32940	29	29	40	90	95	29	0	255
 32985	29	29	40	90	95	29	0	255
 33030	29	29	39	90	95	29	0	255
 33076	29	29	40	90	95	31	0	255
 33121	29	29	40	90	95	31	0	255
 33166	29	29	40	90	95	30	0	255
 33212	29	29	40	90	95	31	0	255
 33257	29	29	39	90	95	31	0	255
 33302	29	29	40	90	95	32	0	255
 33348	29	29	40	90	95	34	0	255
 33393	29	29	40	90	95	32	0	255
 33438	29	29	40	90	94	34	0	255
 33484	29	29	39	90	94	34	0	255
 33529	29	29	39	90	95	34	0	255
 33574	29	29	39	90	95	35	0	255
 33620	29	29	40	90	94	34	0	255
 33665	29	29	39	90	95	35	0	255
 33711	29	29	40	90	94	35	0	255
 33756	29	29	39	90	94	35	0	255
 33801	29	29	39	90	94	36	0	255
 33847	29	29	40	90	94	36	0	255
 33892	29	29	39	90	94	36	0	255
 33937	29	29	40	90	94	36	0	255
 33983	29	29	39	90	94	37	0	255
 34028	29	29	40	90	94	38	0	255
 34073	29	29	40	90	94	38	0	255
 34119	29	29	40	90	94	38	0	255
 34164	29	29	40	90	94	38	0	255
 34209	29	29	39	90	94	40	0	255
 34255	29	29	39	90	94	38	0	255
 34300	29	29	39	90	94	41	0	255
 34345	29	29	40	90	94	41	0	255
 34391	29	29	39	90	94	41	0	255
 34436	29	29	39	90	94	41	0	255
 34481	29	29	39	90	94	42	0	255
 34527	29	29	39	90	94	44	0	255
 34573	29	29	39	90	94	45	0	255
 34618	29	29	39	90	94	45	0	255
 34663	29	29	39	90	94	46	0	255
 34708	29	29	39	90	94	47	0	255
 34754	29	29	39	90	94	47	0	255
 34799	29	29	39	90	94	48	0	255
 34844	29	29	39	90	94	50	0	255
 34890	29	29	39	90	94	51	0	255
 34935	29	29	39	90	94	51	0	255
 34980	29	29	39	90	94	51	0	255
 35026	29	30	39	90	94	53	0	255
 35071	29	29	39	90	94	54	0	255
 35116	29	29	39	90	94	54	0	255
 35162	29	29	39	90	94	56	0	255
 35207	29	29	39	90	94	58	0	255
 35252	29	29	39	90	94	60	0	255
 35298	29	29	39	90	94	60	0	255
 35343	29	29	39	90	94	61	0	255
 35388	29	29	39	90	94	62	0	255
 35434	29	29	39	90	94	64	0	255
 35479	29	29	39	90	94	64	0	255
 35525	29	29	39	90	94	66	0	255
 35570	29	29	39	90	94	67	0	255
 35615	29	29	39	90	94	67	0	255
 35661	29	29	39	90	94	68	0	255
 35706	29	29	39	90	94	70	0	255
 35751	29	29	39	90	94	71	0	255
 35797	29	29	39	90	94	71	0	255
 35842	29	29	39	90	94	74	0	255
 35887	29	29	39	90	94	75	0	255
 35933	29	29	39	90	94	75	0	255
 35978	29	29	39	90	94	76	0	255
 36023	29	29	39	90	94	78	0	255
 36069	29	29	39	90	94	78	0	255
 36114	29	29	39	90	94	78	0	255
 36160	29	29	39	90	94	78	0	255
 36205	28	31	39	90	94	83	8	255
 36250	39	39	39	90	94	89	8	255
 36295	50	44	39	90	94	90	8	255
 36341	57	48	39	90	94	85	8	255
 36386	60	50	39	90	94	83	8	255
 36432	62	52	39	90	94	85	8	255
 36477	64	53	39	90	94	86	8	255
 36522	65	54	39	90	94	82	8	255
 36568	64	54	39	90	94	72	0	255
 36613	62	54	40	90	94	68	0	255
 36658	61	54	40	89	94	70	0	255
 36704	60	53	40	89	94	70	0	255
 36749	59	53	40	89	94	71	0	255
 36794	58	52	40	89	94	72	0	255
 36840	58	52	40	89	94	72	0	255
 36885	57	52	40	90	94	74	0	255
 36930	56	51	40	90	94	75	0	255
 36976	56	51	40	89	94	75	0	255
 37021	55	50	40	89	94	76	0	255
 37066	54	50	40	90	94	78	0	255
 37112	54	50	40	90	94	79	0	255
 37157	53	49	40	89	94	80	8	255
 37202	54	50	40	89	94	83	8	255
 37248	58	51	40	89	94	84	8	255
 37293	61	53	40	89	94	85	8	255
 37338	64	54	40	89	94	85	8	255
 37384	65	54	40	89	94	88	8	255
 37429	67	55	40	89	94	93	8	255
 37475	70	56	40	89	94	97	8	255
 37520	73	56	40	89	94	96	8	255
 37565	74	56	40	89	94	94	8	255
 37611	74	56	40	89	94	93	8	255
 37656	74	57	40	89	94	92	8	255
 37701	74	57	40	89	94	93	8	255
 37747	74	57	40	89	94	94	8	255
 37792	75	57	40	89	94	96	8	255
 37837	75	58	40	89	94	97	8	255
 37883	76	58	40	89	94	97	8	255
 37928	76	58	40	89	94	94	8	255
 37973	76	58	40	89	94	94	8	255
 38019	76	58	40	89	94	94	8	255
 38064	76	58	40	89	94	94	8	255
 38109	75	59	40	89	94	93	8	255
 38155	75	59	40	89	94	93	8	255
 38200	75	59	40	89	94	92	8	255
 38245	74	59	40	89	94	92	8	255
 38291	74	59	40	89	94	92	8	255
 38336	74	59	40	89	94	92	8	255
 38382	74	59	40	89	94	92	8	255
 38427	74	59	40	89	94	90	8	255
 38472	73	59	40	89	94	92	8	255
 38518	73	59	40	89	94	90	8	255
 38563	73	60	40	89	94	90	8	255
 38608	73	60	40	89	94	90	8	255
 38654	72	60	40	89	94	89	8	255
 38699	72	60	40	89	94	88	8	255
 38744	71	60	40	89	94	88	8	255
 38790	71	60	40	89	94	86	8	255
 38835	70	60	40	89	94	86	8	255
 38880	70	60	40	89	94	86	8	255
 38926	70	60	40	89	94	86	8	255
 38971	70	60	40	89	94	86	8	255
 39016	69	60	40	89	94	86	8	255
 39062	69	60	40	89	94	86	8	255
 39107	69	61	40	89	94	85	8	255
 39152	69	61	40	89	94	86	8	255
 39198	69	61	41	89	94	85	8	255
 39243	69	61	41	89	94	86	8	255
 39289	69	61	41	89	94	86	8	255
 39334	69	61	41	89	94	86	8	255
 39379	69	61	41	89	94	85	8	255
 39425	69	61	41	89	94	85	8	255
 39470	69	61	41	89	94	85	8	255
 39515	69	61	41	89	94	86	8	255
 39561	69	61	41	89	94	85	8	255
 39606	69	61	41	89	94	85	8	255
 39651	69	61	41	89	94	85	8	255
 39697	69	61	41	89	94	85	8	255
 39742	68	62	41	89	94	84	8	255
 39787	68	62	41	89	94	84	8	255
 39833	68	62	41	89	94	83	8	255
 39878	67	62	41	89	94	83	0	255
 39923	67	61	41	89	94	82	0	255
 39969	66	61	41	89	94	83	0	255
 40014	65	60	41	89	94	83	0	255
 40059	65	60	41	89	94	83	0	255
 40105	64	59	41	89	94	84	0	255
 40150	63	58	41	89	94	84	0	255
 40196	62	58	41	89	94	84	0	255
 40241	62	57	41	89	94	85	0	255
 40286	61	57	41	89	94	86	0	255
 40332	60	56	41	89	94	86	8	255
 40377	62	57	41	89	94	90	8	255
 40422	66	58	41	89	94	93	8	255
 40468	69	59	41	89	94	93	8	255
 40513	71	60	41	89	94	92	8	255
 40558	72	61	41	89	94	94	8	255
 40604	73	61	41	89	94	94	8	255
 40649	74	61	41	89	94	93	8	255
 40694	74	62	41	89	94	92	8	255
 40740	73	62	41	89	94	89	8	255
 40785	72	62	42	89	94	88	8	255
 40830	71	62	42	89	94	85	8	255
 40876	70	62	42	89	94	85	8	255
 40921	70	63	42	89	94	85	8	255
 40966	69	63	42	89	94	85	8	255
 41012	69	63	42	89	94	85	8	255
 41057	69	63	42	89	94	84	8	255
 41103	69	63	42	89	94	84	8	255
 41148	69	63	42	89	94	85	8	255
 41193	69	63	42	89	94	85	8	255
 41239	69	63	42	89	94	86	8	255
 41284	69	63	42	89	94	86	8	255
 41329	69	63	42	89	94	86	8	255
 41375	69	63	42	89	94	88	8	255
 41421	70	63	42	89	94	88	8	255
 41465	70	63	42	89	94	89	8	255
 41511	71	63	42	89	94	89	8	255
 41556	71	63	42	89	94	90	8	255
 41601	72	64	42	89	94	92	8	255
 41647	72	64	42	89	94	93	8	255
 41692	73	64	42	89	94	93	8	255
 41737	73	64	42	89	94	93	8	255
 41783	74	64	42	89	94	93	8	255
 41828	74	64	42	89	94	93	8	255
 41873	74	64	42	89	94	92	8	255
 41919	74	64	42	89	94	92	8	255
 41964	74	64	42	89	94	90	8	255
 42010	73	64	42	89	94	90	8	255
 42055	73	64	42	89	94	90	8	255
 42100	73	64	43	89	94	89	8	255
 42146	73	65	43	89	94	90	8	255
 42191	72	65	43	89	94	89	8	255
 42236	72	65	43	89	94	90	8	255
 42282	72	65	43	89	94	90	8	255
 42327	73	65	43	89	94	90	8	255
 42372	73	65	43	89	94	90	8	255
 42418	73	65	43	89	94	92	8	255
 42463	73	65	43	89	94	92	8	255
 42508	74	65	43	89	94	93	8	255
 42554	74	65	43	89	94	94	8	255
 42599	75	65	43	89	94	96	8	255
 42644	76	65	43	89	94	97	8	255
 42690	76	65	43	89	94	100	8	255
 42735	77	65	43	89	94	101	8	255
 42780	79	65	43	89	94	102	8	255
 42827	80	66	43	89	94	106	8	255
 42871	82	66	43	89	94	109	8	255
 42917	84	66	43	89	94	110	8	255
 42962	85	66	43	89	94	110	8	255
 43007	86	66	43	89	94	110	8	255
 43053	87	66	43	89	94	112	8	255
 43098	87	66	43	89	94	112	8	255
 43143	88	66	43	89	93	112	8	255
 43189	88	66	43	89	94	116	8	255
 43234	89	66	43	89	94	120	8	255
 43279	91	67	43	89	93	124	8	255
 43325	94	67	43	89	93	126	8	255
 43370	96	67	43	89	93	127	8	255
 43415	97	67	43	89	93	128	8	255
 43461	99	67	44	89	93	130	8	255
 43506	100	67	44	90	93	130	8	255
 43551	101	67	44	90	93	127	8	255
 43597	100	67	44	90	93	123	8	255
 43642	99	67	44	90	93	119	8	255
 43687	97	67	44	90	93	119	8	255
 43733	96	67	44	90	93	120	8	255
 43778	96	67	44	90	93	123	8	255
 43824	96	68	44	90	93	127	8	255
 43869	98	68	44	90	93	130	8	255
 43914	100	68	44	90	93	134	8	255
 43960	102	68	44	90	94	140	8	255
 44005	105	68	44	91	94	144	8	255
 44050	108	68	44	91	94	146	8	255
 44096	111	68	44	91	94	148	8	255
 44141	113	68	44	91	94	152	8	255
 44186	115	68	44	91	94	155	8	255
 44232	117	68	44	91	94	155	8	255
 44277	118	68	44	91	94	156	8	255
 44322	119	69	44	92	94	156	8	255
 44368	120	69	44	92	94	156	8	255
 44413	121	69	44	92	94	156	8	255
 44458	122	69	44	92	94	158	8	255
 44504	122	69	44	92	95	160	8	255
 44549	123	69	44	92	95	161	8	255
 44594	123	69	44	92	95	161	8	255
 44640	123	69	45	93	95	158	8	255
 44685	124	69	45	93	95	158	8	255
 44730	123	69	45	93	95	155	8	255
 44776	123	69	45	93	95	151	8	255
 44821	121	69	45	93	95	148	8	255
 44867	119	69	45	93	96	144	8	255
 44912	117	69	45	93	96	144	8	255
 44957	115	70	45	93	96	144	8	255
 45003	114	70	45	94	96	144	8	255
 45048	114	70	45	94	96	146	8	255
 45093	114	70	45	94	96	150	8	255
 45139	115	70	45	94	96	150	8	255
 45184	116	70	45	94	96	154	8	255
 45229	118	70	45	94	96	155	8	255
 45275	120	70	45	94	97	158	8	255
 45320	121	70	45	94	97	160	8	255
 45365	122	70	45	94	97	155	8	255
 45411	122	70	45	95	97	151	8	255
 45456	120	70	45	95	97	146	8	255
 45501	118	70	45	95	97	144	8	255
 45547	116	71	45	95	97	138	8	255
 45592	113	71	45	95	97	137	8	255
 45638	111	71	45	95	97	132	8	255
 45683	108	71	45	95	97	130	8	255
 45728	107	71	45	95	98	131	8	255
 45774	106	71	45	95	98	131	8	255
 45819	105	71	45	95	98	136	8	255
 45864	106	71	46	95	98	138	8	255
 45910	107	71	46	96	98	137	8	255
 45955	108	71	46	96	98	138	8	255
 46000	108	71	46	96	98	138	8	255
 46046	108	71	46	96	98	138	8	255
 46091	108	72	46	96	98	134	8	255
 46136	107	71	46	96	98	128	8	255
 46182	105	71	46	96	98	124	8	255
 46227	102	71	46	96	98	118	8	255
 46272	99	71	46	96	98	112	8	255
 46318	95	71	46	96	98	108	8	255
 46363	92	72	46	96	98	104	8	255
 46408	88	72	46	96	98	100	8	255
 46454	85	72	46	96	98	97	8	255
 46499	83	72	46	96	98	94	8	255
 46544	81	72	46	96	98	93	0	255
 46590	79	71	46	96	98	94	0	255
 46635	77	71	46	96	98	93	0	255
 46681	76	70	46	96	98	94	0	255
 46726	75	69	46	96	98	94	0	255
 46771	74	68	46	96	98	96	0	255
 46817	73	68	46	96	98	96	0	255
 46862	72	67	46	96	98	96	0	255
 46907	71	66	46	96	98	98	0	255
 46953	70	65	46	96	98	100	8	255
 46998	72	66	46	96	98	102	8	255
 47043	76	68	47	96	98	104	8	255
 47089	78	69	47	96	98	102	8	255
 47134	80	70	47	96	98	102	8	255
 47179	81	71	47	96	98	102	8	255
 47226	81	71	47	96	98	104	8	255
 47270	82	71	47	96	98	102	8	255
 47315	82	71	47	96	98	98	8	255
 47361	81	72	47	96	98	94	8	255
 47406	79	71	47	96	98	94	0	255
 47451	78	71	47	96	99	94	0	255
 47497	76	70	47	96	98	94	0	255
 47542	75	69	47	96	98	96	0	255
 47588	74	69	47	96	98	94	0	255
 47633	73	68	47	96	98	96	0	255
 47678	72	67	47	96	98	96	0	255
 47724	71	67	47	96	98	96	0	255
 47769	70	66	47	96	98	96	0	255
 47814	69	65	47	96	98	96	0	255
 47860	68	64	47	96	98	96	0	255
 47905	68	64	47	96	98	97	0	255
 47950	67	63	47	96	98	96	0	255
 47996	66	62	47	96	98	96	0	255
 48041	65	62	47	96	98	96	0	255
 48086	64	61	47	96	99	96	0	255
 48132	64	60	47	96	99	96	0	255
 48177	63	60	47	96	98	96	0	255
 48222	62	59	47	96	98	94	0	255
 48268	61	58	47	96	99	96	0	255
 48313	61	58	47	96	98	94	0	255
 48358	60	57	47	96	98	94	0	255
 48404	59	56	47	96	98	93	0	255
 48449	59	56	47	96	98	93	0	255
 48495	58	55	47	96	98	92	0	255
 48540	57	55	47	96	98	92	0	255
 48585	57	54	47	96	98	92	0	255
 48631	56	53	47	96	98	90	0	255
 48676	56	53	47	96	98	89	0	255
 48721	55	53	47	96	98	88	0	255
 48767	55	52	47	96	98	88	0	255
 48812	54	52	47	96	98	86	0	255
 48859	53	52	47	96	98	85	0	255
 48903	53	52	47	96	98	84	0	255
 48948	53	51	47	96	98	84	0	255
 48993	52	51	47	96	98	83	0	255
 49039	52	51	47	96	98	82	0	255
 49084	51	50	47	96	98	82	0	255
 49129	51	50	47	96	98	80	0	255
 49175	50	49	47	96	98	79	0	255
 49220	50	49	47	96	98	79	0	255
 49265	49	48	47	96	98	78	0	255
 49311	49	48	47	96	98	78	0	255
 49356	49	47	47	96	98	76	0	255
 49402	48	47	47	96	98	76	0	255
 49447	48	47	47	96	98	75	0	255
 49492	48	46	47	96	98	74	0	255
 49538	47	46	47	96	98	74	0	255
 49583	47	45	47	96	98	72	0	255
 49628	47	45	47	96	98	72	0	255
 49674	46	45	47	96	98	72	0	255
 49719	46	44	47	96	98	71	0	255
 49764	46	44	47	96	98	71	0	255
 49810	45	44	47	96	98	70	0	255
 49855	45	44	47	96	98	70	0	255
 49900	45	43	47	96	98	70	0	255
 49991	44	43	47	96	98	70	0	255
 50036	44	43	47	96	98	70	0	255
 50082	44	43	47	96	98	68	0	255
 50127	43	42	47	96	98	68	0	255
 50172	43	42	47	96	98	68	0	255
 50218	43	42	47	96	98	71	0	255
 50263	43	42	47	96	98	68	0	255
 50309	42	41	47	96	98	70	0	255
 50354	42	41	47	96	98	68	0	255
 50399	42	41	47	96	98	68	0	255
 50445	42	41	47	96	98	70	0	255
 50490	42	41	47	96	98	70	0	255
 50535	41	41	47	96	98	68	0	255
 50581	41	40	47	96	98	70	0	255
 50626	41	40	47	96	98	70	0	255
 50671	41	40	47	96	98	70	0	255
 50717	41	40	47	96	98	70	0	255
 50762	40	40	47	96	98	70	0	255
 50807	40	40	47	96	98	71	0	255
 50854	40	40	47	96	98	71	0	255
 50898	40	39	47	96	98	72	0	255
 50943	40	39	47	96	98	72	0	255
 50989	40	39	47	96	98	74	0	255
 51034	39	39	47	96	98	74	0	255
 51079	39	39	47	96	98	75	0	255
 51125	39	39	47	96	98	75	0	255
 51170	39	39	47	96	98	76	0	255
 51216	39	39	47	96	98	76	0	255
 51261	39	39	47	96	98	78	0	255
 51306	38	39	47	96	98	78	0	255
 51352	38	39	47	96	98	79	0	255
 51397	38	38	47	96	98	78	0	255
 51442	38	38	47	96	98	80	0	255
 51488	38	38	47	96	98	79	0	255
 51533	38	38	47	96	98	80	0	255
 51578	38	38	47	96	98	80	0	255
 51624	37	38	47	96	98	80	0	255
 51669	37	38	47	96	98	82	0	255
 51714	37	38	47	95	98	82	0	255
 51760	37	38	47	96	98	82	0	255
 51805	37	37	47	95	98	82	0	255
 51850	37	37	47	96	98	80	0	255
 51896	37	37	47	95	98	82	0	255
 51941	37	37	47	95	98	82	0	255
 51986	37	37	47	95	98	82	0	255
 52032	36	37	47	95	98	82	0	255
 52077	36	37	47	95	98	82	0	255
 52123	36	37	47	95	98	82	0	255
 52168	36	36	47	95	98	82	0	255
 52213	36	36	47	95	98	82	0	255
 52259	36	36	47	95	98	80	0	255
 52304	36	36	47	95	98	80	0	255
 52349	36	36	47	95	98	79	0	255
 52395	36	36	47	95	98	79	0	255
 52440	36	36	47	95	98	79	0	255
 52485	36	35	47	95	98	78	0	255
 52531	35	35	47	95	98	78	0	255
 52576	35	35	47	95	98	76	0	255
 52621	35	35	47	95	98	76	0	255
 52667	35	35	47	95	98	76	0	255
 52712	35	35	47	95	98	75	0	255
 52757	35	35	47	95	98	75	0	255
 52803	35	35	47	95	98	74	0	255
 52848	35	35	47	95	98	74	0	255
 52893	35	34	47	95	98	74	0	255
 52939	35	34	47	95	98	74	0	255
 52984	35	34	47	95	98	72	0	255
 53029	35	34	47	95	98	72	0	255
 53075	34	34	47	95	98	72	0	255
 53120	34	34	47	95	98	72	0	255
 53166	34	34	47	95	98	72	0	255
 53212	34	34	47	95	98	71	0	255
 53256	34	34	47	95	98	71	0	255
 53302	34	34	47	95	98	71	0	255
 53347	34	34	47	95	98	71	0	255
 53392	34	34	47	95	98	71	0	255
 53438	34	34	47	95	98	70	0	255
 53483	34	34	47	95	98	71	0	255
 53529	34	34	47	95	98	70	0	255
 53574	34	33	47	95	98	71	0	255
 53619	34	33	47	95	98	70	0	255
 53664	34	33	47	95	98	71	0	255
 53710	34	33	47	95	98	71	0	255
 53755	34	33	47	95	98	70	0	255
 53800	33	33	47	95	98	71	0	255
 53846	33	33	47	95	98	71	0	255
 53891	33	33	47	95	98	70	0	255
 53936	33	33	47	95	98	70	0	255
 53982	33	33	47	95	98	71	0	255
 54027	33	33	47	95	98	70	0	255
 54073	33	33	47	95	98	71	0	255
 54118	33	33	47	95	98	70	0	255
 54163	33	33	47	95	98	70	0	255
 54209	33	33	47	95	98	70	0	255
 54254	33	33	47	95	98	68	0	255
 54299	33	33	47	95	98	68	0	255
 54345	33	33	47	95	98	70	0	255
 54390	33	33	47	95	98	68	0	255
 54435	33	33	47	95	98	68	0	255
 54481	33	33	47	95	98	67	0	255
 54526	33	33	47	95	98	67	0	255
 54571	33	33	47	95	98	68	0	255
 54617	33	32	47	95	98	67	0	255
 54662	33	32	47	95	98	67	0	255
 54707	33	32	47	95	98	67	0	255
 54753	33	32	47	95	98	67	0	255
 54798	33	32	47	95	98	67	0	255
 54843	33	32	47	95	98	66	0	255
 54889	33	32	47	95	98	66	0	255
 54934	32	32	47	95	98	66	0	255
 54980	32	32	47	95	98	65	0	255
 55025	32	32	47	95	98	65	0	255
 55070	32	32	47	95	98	65	0	255
 55116	32	32	47	95	98	65	0	255
 55161	32	32	47	95	98	64	0	255
 55206	32	32	47	95	98	64	0	255
 55252	32	32	47	95	98	64	0	255
 55297	32	32	47	95	98	62	0	255
 55342	32	32	47	95	98	64	0	255
 55388	32	32	47	95	98	64	0	255
 55433	32	32	47	95	98	62	0	255
 55478	32	32	47	95	98	64	0	255
 55524	32	32	47	95	98	62	0	255
 55569	32	32	47	95	98	62	0	255
 55615	32	32	47	95	98	64	0	255
 55660	32	32	47	95	98	62	0	255
 55705	32	32	47	95	98	64	0	255
 55750	32	32	47	95	98	64	0	255
 55796	32	32	47	95	98	64	0	255
 55841	32	32	47	95	98	64	0	255
 55887	32	32	47	95	98	65	0	255
 55932	32	32	47	95	98	65	0	255
 55977	32	32	47	95	98	65	0	255
 56023	32	32	47	95	98	65	0	255
 56068	32	32	47	95	98	67	0	255
 56113	32	32	47	95	98	67	0	255
 56159	32	32	47	95	98	67	0	255
 56204	32	32	47	95	98	68	0	255
 56249	32	32	47	95	98	70	0	255
 56295	32	32	47	95	98	68	0	255
 56340	32	32	47	95	98	71	0	255
 56385	32	32	47	95	98	70	0	255
 56431	32	32	47	95	98	71	0	255
 56476	32	32	47	95	98	70	0	255
 56521	32	32	47	95	98	72	0	255
 56567	32	32	47	95	98	74	0	255
 56612	32	32	47	95	98	74	0	255
 56657	32	32	47	95	98	78	0	255
 56703	31	32	47	95	98	80	0	255
 56748	32	32	47	95	98	82	0	255
 56794	31	32	47	95	98	83	0	255
 56840	31	32	47	95	98	84	0	255
 56884	31	32	47	95	98	84	0	255
 56930	31	32	47	95	98	89	0	255
 56975	31	32	47	95	98	89	0	255
 57020	31	32	47	95	98	90	0	255
 57066	31	32	47	95	98	90	0	255
 57111	31	32	47	95	98	90	0	255
 57156	31	32	47	95	98	90	0	255
 57202	31	32	47	95	98	90	0	255
 57247	31	32	47	95	98	90	0	255
 57292	31	32	47	95	98	90	0	255
 57338	31	32	47	95	98	90	0	255
 57383	31	32	47	95	98	89	0	255
 57428	31	32	47	95	98	88	0	255
 57474	31	32	47	95	98	88	0	255
 57519	31	32	47	95	98	86	0	255
 57564	31	31	47	95	98	86	0	255
 57610	31	31	47	95	98	86	0	255
 57655	31	31	47	95	98	85	0	255
 57701	31	31	47	95	98	85	0	255
 57746	31	31	47	95	98	84	0	255
 57791	31	31	47	95	98	84	0	255
 57837	31	31	47	95	98	84	0	255
 57882	31	31	47	95	98	83	0	255
 57927	31	31	47	95	98	83	0	255
 57973	31	31	47	95	98	82	0	255
 58018	31	31	47	95	98	82	0	255
 58063	31	31	47	95	98	80	0	255
 58109	31	31	47	95	98	79	0	255
 58154	31	31	47	95	98	79	0	255
 58199	31	31	47	95	98	78	0	255
 58245	31	31	47	95	98	76	0	255
 58290	31	31	47	95	98	76	0	255
 58335	31	31	47	94	98	75	0	255
 58381	31	31	47	94	98	75	0	255
 58426	31	31	47	94	98	74	0	255
 58471	31	31	47	95	98	74	0	255
 58517	31	31	47	94	98	71	0	255
 58562	31	31	47	95	98	71	0	255
 58608	31	31	47	94	98	70	0	255
 58653	31	31	47	94	98	70	0	255
 58698	31	31	47	94	98	68	0	255
 58744	31	31	47	94	98	67	0	255
 58789	31	31	47	94	98	67	0	255
 58834	31	31	47	94	98	66	0	255
 58880	31	31	47	94	98	66	0	255
 58925	31	31	47	94	98	65	0	255
 58970	31	31	47	94	98	65	0	255
 59016	31	31	47	94	98	64	0	255
 59061	31	31	47	94	98	64	0	255
 59106	31	31	47	94	98	62	0	255
 59152	31	31	47	94	98	62	0	255
 59197	31	31	47	94	98	61	0	255
 59242	31	31	47	94	98	60	0	255
 59288	31	31	47	94	98	60	0	255
 59333	31	31	47	94	98	58	0	255
 59378	31	31	47	94	98	60	0	255
 59424	31	31	47	94	98	58	0	255
 59469	31	31	47	94	98	58	0	255
 59515	31	31	47	94	98	57	0	255
 59560	31	31	47	94	98	57	0	255
 59605	31	31	47	94	98	56	0	255
 59651	31	31	47	94	98	56	0	255
 59696	31	31	47	94	98	54	0	255
 59741	31	31	47	94	98	54	0	255
 59787	31	31	47	94	98	54	0	255
 59832	31	30	47	94	98	54	0	255
 59877	31	31	47	94	98	54	0	255
 59923	31	30	47	94	98	53	0	255
 59968	31	31	47	94	98	53	0	255
 60013	31	31	47	94	98	53	0	255
 60059	31	31	47	94	98	51	0	255
 60104	31	31	47	94	98	52	0	255
 60149	31	31	47	94	98	52	0	255
 60195	31	30	47	94	98	51	0	255
 60240	31	30	47	94	98	51	0	255
 60285	31	30	47	94	98	51	0	255
 60331	31	30	47	94	98	51	0	255
 60376	31	30	47	94	98	50	0	255
 60422	31	30	47	94	98	50	0	255
 60467	31	30	47	94	98	48	0	255
 60512	31	30	47	94	98	48	0	255
 60558	31	30	47	94	98	48	0	255
 60604	31	30	47	94	98	48	0	255
 60648	31	30	47	94	98	47	0	255
 60694	31	30	47	94	98	47	0	255
 60739	31	30	47	94	98	47	0	255
 60784	31	30	47	94	98	47	0	255
 60830	31	30	47	94	98	47	0	255
 60875	31	30	47	94	98	47	0	255
 60920	31	30	47	94	98	46	0	255
 60966	31	30	47	94	98	46	0	255
 61011	31	30	47	94	98	46	0	255
 61056	31	30	47	94	98	46	0	255
 61102	31	30	47	94	98	45	0	255
 61147	31	30	47	94	98	45	0	255
 61192	31	30	47	94	98	45	0	255
 61239	31	30	47	94	97	45	0	255
 61283	31	30	47	94	98	45	0	255
 61328	31	30	47	94	97	44	0	255
 61374	31	30	47	94	98	44	0	255
 61419	31	30	47	94	98	45	0	255
 61465	31	30	47	94	97	44	0	255
 61510	31	30	47	94	98	44	0	255
 61555	31	30	47	94	98	42	0	255
 61601	31	30	47	94	97	44	0	255
 61646	31	30	47	94	97	41	0	255
 61691	31	30	47	94	97	44	0	255
 61737	31	30	47	94	97	42	0	255
 61782	31	30	47	94	97	44	0	255
 61827	31	30	47	94	97	41	0	255
 61873	31	30	47	94	97	42	0	255
 61918	31	30	47	94	97	42	0	255
 61963	31	30	47	94	97	41	0	255
 62009	31	30	47	94	97	41	0	255
 62054	31	30	47	94	97	41	0	255
 62099	31	30	47	94	97	41	0	255
 62145	31	30	47	94	97	41	0	255
 62190	30	30	47	94	97	41	0	255
 62235	31	30	47	94	97	41	0	255
 62281	31	30	47	94	97	40	0	255
 62326	30	30	47	94	97	40	0	255
 62372	30	30	47	94	97	40	0	255
 62417	30	30	47	94	97	40	0	255
 62462	30	30	47	94	97	40	0	255
 62508	30	30	47	94	97	41	0	255
 62553	30	30	47	94	97	40	0	255
 62598	30	30	47	94	97	40	0	255
 62644	30	30	47	94	97	40	0	255
 62689	30	30	47	94	97	40	0	255
 62734	30	30	47	94	97	40	0	255
 62780	31	30	47	94	97	40	0	255
 62825	30	30	47	94	97	40	0	255
 62870	30	30	47	94	97	40	0	255
 62916	30	30	47	94	97	40	0	255
 62961	30	30	47	94	97	40	0	255
 63006	30	30	47	94	97	40	0	255
 63052	30	30	47	94	97	38	0	255
 63097	30	30	47	94	97	40	0	255
 63143	30	30	47	94	97	38	0	255
 63188	30	30	47	94	97	38	0	255
 63233	30	30	47	94	97	40	0	255
 63279	30	30	47	94	97	38	0	255
 63324	30	30	47	94	97	37	0	255
 63370	30	30	47	94	97	38	0	255
 63415	30	30	47	94	97	37	0	255
 63460	30	30	47	94	97	37	0	255
 63505	30	30	47	94	97	37	0	255
 63551	30	30	47	94	97	37	0	255
 63596	30	30	47	94	97	36	0	255
 63641	30	30	47	94	97	36	0	255
 63687	30	30	47	94	97	36	0	255
 63732	30	30	47	94	97	36	0	255
 63777	30	30	47	94	97	36	0	255
 63823	30	30	47	94	97	35	0	255
 63868	30	30	47	94	97	35	0	255
 63914	30	30	47	94	97	35	0	255
 63959	30	30	47	94	97	35	0	255
 64004	30	30	47	94	97	34	0	255
 64050	30	30	47	94	97	34	0	255
 64095	30	30	47	94	97	34	0	255
 64140	30	30	47	94	97	34	0	255
 64186	30	30	47	94	97	34	0	255
 64231	30	30	47	94	97	34	0	255
 64276	30	30	47	94	97	32	0	255
 64322	30	30	47	94	97	32	0	255
 64367	30	30	47	94	97	32	0	255
 64412	30	30	47	94	97	32	0	255
 64458	30	30	47	94	97	32	0	255
 64503	30	30	47	94	97	32	0	255
 64549	30	30	47	94	97	30	0	255
 64594	30	30	47	94	97	31	0	255
 64639	30	30	47	94	97	31	0	255
 64684	30	30	47	94	97	30	0	255
 64730	30	30	47	94	97	31	0	255
 64775	30	30	47	94	97	31	0	255
 64821	30	30	47	94	97	30	0	255
 64866	30	30	47	94	97	30	0	255
 64911	30	30	47	94	97	30	0	255
 64957	30	30	47	94	97	30	0	255
 65002	30	30	47	94	97	29	0	255
 65047	30	30	47	94	97	30	0	255
 65093	30	30	47	94	97	29	0	255
 65138	30	30	47	94	97	29	0	255
 65183	30	30	47	94	97	29	0	255
 65229	30	30	47	94	97	28	0	255
 65274	30	30	47	94	97	28	0	255
 65319	30	30	47	94	97	28	0	255
 65365	30	30	47	94	97	28	0	255
 65410	30	30	47	94	97	28	0	255
 65455	30	30	47	93	97	28	0	255
 65501	30	30	47	94	97	28	0	255
 65546	30	30	47	93	97	26	0	255
 65592	30	30	47	94	97	26	0	255
 65637	30	30	47	93	97	26	0	255
 65682	30	30	47	93	97	26	0	255
 65728	30	30	47	93	97	26	0	255
 65773	30	30	47	93	97	25	0	255
 65818	30	30	47	93	97	25	0	255
 65864	30	30	47	93	97	25	0	255
 65909	30	30	47	93	97	25	0	255
 65954	30	30	47	93	97	25	0	255
 66000	30	30	47	93	97	25	0	255
 66045	30	30	47	93	97	24	0	255
 66090	30	30	47	93	97	25	0	255
 66136	30	30	47	93	97	24	0	255
 66181	30	30	47	93	97	24	0	255
 66226	30	30	47	93	97	24	0	255
 66272	30	30	47	93	97	24	0	255
 66317	30	30	47	93	97	23	0	255
 66362	30	30	47	93	97	23	0	255
 66408	30	30	47	93	97	23	0	255
 66453	30	30	47	93	97	24	0	255
 66500	30	30	47	93	97	24	0	255
 66544	30	30	47	93	97	23	0	255
 66589	30	30	47	93	97	23	0	255
 66635	30	30	47	93	97	23	0	255
 66680	30	30	47	93	97	23	0	255
 66725	30	30	47	93	97	23	0	255
 66771	30	30	47	93	97	23	0	255
 66816	30	30	47	93	97	23	0	255
 66861	30	30	47	93	97	22	0	255
 66907	30	30	47	93	97	22	0	255
 66952	30	30	47	93	97	22	0	255
 66997	30	30	47	93	97	22	0	255
 67043	30	30	47	93	97	22	0	255
 67088	30	30	47	93	97	22	0	255
 67133	30	30	47	93	97	22	0	255
 67183	30	30	47	93	97	20	0	255
 67224	30	30	47	93	97	20	0	255
 67270	30	30	47	93	97	20	0	255
 67315	30	30	47	93	97	20	0	255
 67360	30	30	47	93	97	20	0	255
 67406	30	30	47	93	97	20	0	255
 67451	30	30	47	93	97	20	0	255
 67496	30	30	47	93	97	20	0	255
 67542	30	30	47	93	97	19	0	255
 67587	30	30	47	93	97	20	0	255
 67632	30	30	47	93	97	19	0	255
 67678	30	30	47	93	97	20	0	255
 67723	30	30	47	93	97	20	0	255
 67768	30	30	47	93	97	20	0	255
 67817	30	30	47	93	97	20	0	255
 67859	30	30	47	93	97	19	0	255
 67904	30	30	47	93	97	19	0	255
 67950	30	30	47	93	97	19	0	255
 67995	30	30	47	93	97	19	0	255
 68040	30	30	47	93	97	20	0	255
 68086	30	30	47	93	97	19	0	255
 68131	30	30	47	93	97	19	0	255
 68177	30	30	47	93	97	19	0	255
 68222	30	30	47	93	97	19	0	255
 68267	30	30	47	93	97	19	0	255
 68313	30	30	47	93	97	19	0	255
 68358	30	30	47	93	97	19	0	255
 68403	30	30	47	93	97	19	0	255
 68449	30	30	47	93	97	19	0	255
 68494	30	30	47	93	97	18	0	255
 68540	30	30	47	93	97	18	0	255
 68585	30	30	47	93	97	18	0	255
 68630	30	30	47	93	97	18	0	255
 68675	30	30	47	93	97	18	0	255
 68721	30	30	47	93	97	19	0	255
 68766	30	30	47	93	97	18	0	255
 68811	30	30	47	93	97	18	0	255
 68857	30	30	47	93	97	18	0	255
 68902	30	30	47	93	97	19	0	255
 68948	30	30	47	93	97	18	0	255
 68993	30	30	47	93	97	18	0	255
 69038	30	30	47	93	97	18	0	255
 69084	30	30	47	93	97	18	0	255
 69129	30	30	47	93	97	18	0	255
 69174	30	30	47	93	97	17	0	255
 69220	30	30	47	93	97	18	0	255
 69265	30	30	47	93	97	18	0	255
 69310	30	30	47	93	97	18	0	255
 69356	30	30	47	93	97	17	0	255
 69401	30	30	47	93	97	18	0	255
 69446	30	30	47	93	97	18	0	255
 69492	30	30	47	93	97	18	0	255
 69537	30	30	47	93	97	18	0	255
 69582	30	30	46	93	97	18	0	255
 69628	30	30	47	93	97	18	0	255
 69673	30	30	46	93	97	18	0	255
 69719	30	30	46	93	97	18	0	255
 69764	30	30	46	93	97	18	0	255
 69809	30	30	46	93	97	18	0	255
 69855	30	30	46	93	97	18	0	255
 69900	30	30	47	93	97	17	0	255
 69945	30	30	47	93	97	18	0	255
 69991	30	30	47	93	97	18	0	255
 70036	30	30	46	93	97	18	0	255
 70081	30	30	46	93	97	18	0	255
 70127	30	30	47	93	97	17	0	255
 70172	30	30	47	93	97	18	0	255
 70217	30	30	46	93	97	18	0	255
 70263	30	30	46	93	97	17	0	255
 70308	30	30	47	93	97	18	0	255
 70353	30	30	46	93	97	18	0	255
 70399	30	30	46	93	97	17	0	255
 70444	30	30	46	93	97	18	0	255
 70490	30	30	46	93	97	17	0	255
 70535	30	30	47	93	97	18	0	255
 70580	30	30	46	93	97	17	0	255
 70626	30	30	46	93	97	18	0	255
 70671	30	30	46	93	97	18	0	255
 70716	30	30	46	93	97	17	0	255
 70762	30	30	46	93	97	17	0	255
 70807	30	30	46	93	97	18	0	255
 70852	30	30	46	93	97	17	0	255
 70898	30	30	46	93	97	18	0	255
 70943	30	30	46	93	97	18	0	255
 70988	30	30	46	93	97	17	0	255
 71034	30	30	46	93	97	17	0	255
 71079	30	30	46	93	97	17	0	255
 71124	30	30	46	93	97	18	0	255
 71170	30	30	46	93	97	18	0	255
 71215	30	30	46	93	97	17	0	255
 71260	30	30	46	93	97	17	0	255
 71306	30	30	46	93	97	17	0	255
 71351	30	30	46	93	97	17	0	255
 71397	30	30	46	93	97	17	0	255
 71442	30	30	46	93	97	16	0	255
 71487	30	30	46	93	97	17	0	255
 71533	30	30	46	93	97	16	0	255
 71578	30	30	46	93	97	17	0	255
 71623	30	30	46	93	97	16	0	255
 71669	30	30	46	93	97	17	0	255
 71714	30	30	46	93	97	16	0	255
 71759	30	30	46	93	97	17	0	255
 71805	30	30	46	93	97	17	0	255
 71850	30	30	46	93	97	17	0	255
 71895	30	30	46	93	97	17	0	255
 71941	30	30	46	93	97	17	0	255
 71986	30	30	46	93	97	17	0	255
 72032	30	30	46	93	97	16	0	255
 72077	30	30	46	93	96	17	0	255
 72122	30	30	46	93	96	16	0	255
 72168	30	30	46	93	97	16	0	255
 72213	30	30	46	93	96	16	0	255
 72258	30	30	46	93	96	17	0	255
 72304	30	30	46	93	97	16	0	255
 72349	30	30	46	93	96	17	0	255
 72394	30	30	46	93	96	16	0	255
 72440	30	30	46	93	96	16	0	255
 72485	30	30	46	93	96	14	0	255
 72530	30	30	46	93	96	16	0	255
 72576	30	30	46	93	96	16	0	255
 72621	30	30	46	93	96	16	0	255
 72666	30	30	46	93	96	16	0	255
 72712	30	30	46	93	96	16	0	255
 72757	30	30	46	93	96	16	0	255
 72802	30	30	46	93	96	16	0	255
 72848	30	30	46	93	96	16	0	255
 72893	30	30	46	93	96	16	0	255
 72939	30	30	46	93	96	16	0	255
 72984	30	30	46	93	96	14	0	255
 73029	30	30	46	93	96	16	0	255
 73075	30	30	46	92	96	16	0	255
 73120	30	30	46	92	96	16	0	255
 73165	30	30	46	93	96	16	0	255
 73211	30	30	46	93	96	16	0	255
 73256	30	30	46	92	96	14	0	255
 73301	30	30	46	92	96	14	0	255
 73347	30	30	46	92	96	14	0	255
 73392	30	30	46	92	96	16	0	255
 73437	30	30	46	92	96	16	0	255
 73483	30	30	46	92	96	16	0	255
 73528	30	30	46	92	96	14	0	255
 73573	30	30	46	92	96	14	0	255
 73619	30	30	46	92	96	14	0	255
 73664	30	30	46	92	96	16	0	255
 73710	30	30	46	92	96	14	0	255
 73755	30	30	46	92	96	13	0	255
 73800	30	30	46	92	96	16	0	255
 73846	30	30	46	92	96	14	0	255
 73891	30	30	46	92	96	14	0	255
 73936	30	30	46	92	96	14	0	255
 73982	30	30	46	92	96	14	0	255
 74027	30	30	46	92	96	14	0	255
 74072	30	30	46	92	96	16	0	255
 74118	30	30	46	92	96	16	0	255
 74163	30	30	46	92	96	16	0	255
 74208	30	30	46	92	96	14	0	255
 74254	30	30	46	92	96	14	0	255
 74299	30	30	46	92	96	14	0	255
 74344	30	30	46	92	96	14	0	255
 74390	30	30	46	92	96	14	0	255
 74435	30	30	46	92	96	16	0	255
 74480	30	30	46	92	96	14	0	255
 74526	30	30	46	92	96	16	0	255
 74571	30	30	46	92	96	14	0	255
 74617	30	30	46	92	96	13	0	255
 74662	30	30	46	92	96	14	0	255
 74707	30	30	46	92	96	14	0	255
 74753	30	30	46	92	96	14	0	255
 74798	30	30	46	92	96	14	0	255
 74843	30	30	46	92	96	14	0	255
 74889	30	30	46	92	96	14	0	255
 74934	30	30	46	92	96	14	0	255
 74979	30	30	46	92	96	14	0	255
 75025	30	30	46	92	96	14	0	255
 75070	30	30	46	92	96	14	0	255
 75115	30	30	46	92	96	14	0	255
 75165	30	30	46	92	96	14	0	255
 75206	30	30	46	92	96	14	0	255
 75251	30	30	46	92	96	14	0	255
 75297	30	30	46	92	96	13	0	255
 75342	30	30	46	92	96	14	0	255
 75387	30	30	46	92	96	14	0	255
 75433	30	30	46	92	96	14	0	255
 75478	30	30	46	92	96	14	0	255
 75524	30	30	46	92	96	14	0	255
 75569	30	30	46	92	96	14	0	255
 75614	30	30	46	92	96	14	0	255
 75660	30	30	46	92	96	14	0	255
 75705	30	30	46	92	96	14	0	255
 75750	30	30	46	92	96	14	0	255
 75796	30	30	46	92	96	14	0	255
 75841	30	30	46	92	96	14	0	255
 75886	30	30	46	92	96	16	0	255
 75932	30	30	46	92	96	14	0	255
 75977	30	30	46	92	96	14	0	255
 76022	30	30	46	92	96	14	0	255
 76068	30	30	46	92	96	14	0	255
 76113	30	30	46	92	96	14	0	255
 76159	30	30	46	92	96	14	0	255
 76204	30	30	46	92	96	13	0	255
 76249	30	30	46	92	96	14	0	255
 76295	30	30	46	92	96	14	0	255
 76340	30	30	46	92	96	14	0	255
 76385	30	30	46	92	96	14	0	255
 76431	30	30	46	92	96	14	0	255
 76476	30	30	46	92	96	14	0	255
 76521	30	30	46	92	96	16	0	255
 76567	30	30	46	92	96	13	0	255
 76612	30	30	46	92	96	14	0	255
 76660	30	30	46	92	96	14	0	255
 76703	30	30	46	92	96	14	0	255
 76748	30	30	46	92	96	14	0	255
 76793	30	30	46	92	96	13	0	255
 76839	30	30	46	92	96	14	0	255
 76884	30	30	46	92	96	13	0	255
 76929	30	30	46	92	96	14	0	255
 76975	30	30	46	92	96	13	0	255
 77020	30	30	46	92	96	13	0	255
 77065	30	30	46	92	96	14	0	255
 77111	30	30	46	92	96	14	0	255
 77156	30	30	46	92	96	13	0	255
 77202	30	30	46	92	96	14	0	255
 77247	30	30	46	92	96	14	0	255
 77293	30	30	46	92	96	13	0	255
 77338	30	30	46	92	96	13	0	255
 77383	30	30	46	92	96	13	0	255
 77429	30	30	46	92	96	13	0	255
 77474	30	30	46	92	96	13	0	255
 77519	30	30	46	92	96	13	0	255
 77564	30	30	46	92	96	13	0	255
 77610	30	30	46	92	96	14	0	255
 77655	30	30	46	92	96	14	0	255
 77700	30	30	46	92	96	13	0	255
 77746	30	30	46	92	96	13	0	255
 77791	30	30	46	92	96	13	0	255
 77836	30	30	46	92	96	14	0	255
 77882	30	30	46	92	96	13	0	255
 77927	30	30	46	92	96	13	0	255
 77973	30	30	46	92	96	13	0	255
 78018	30	30	46	92	96	13	0	255
 78063	30	30	46	92	96	13	0	255
 78109	30	30	46	92	96	13	0	255
 78154	30	30	46	92	96	14	0	255
 78199	30	30	46	92	96	13	0	255
 78245	30	30	46	92	96	14	0	255
 78290	30	30	46	92	96	13	0	255
 78336	30	30	46	92	96	13	0	255
 78381	30	30	46	92	96	13	0	255
 78426	30	30	46	92	96	13	0	255
 78471	30	30	46	92	96	12	0	255
 78517	30	30	46	92	96	14	0	255
 78562	30	30	46	92	96	13	0	255
 78611	30	30	46	92	96	13	0	255
 78653	30	30	46	92	96	13	0	255
 78698	30	30	46	92	96	13	0	255
 78744	30	30	46	92	96	13	0	255
 78789	30	30	46	92	96	13	0	255
 78834	30	30	46	92	96	14	0	255
 78880	30	30	46	92	96	13	0	255
 78925	30	30	46	92	96	13	0	255
 78970	30	30	46	92	96	13	0	255
 79016	30	30	46	92	96	13	0	255
 79061	30	30	46	92	96	13	0	255
 79106	30	30	46	92	96	13	0	255
 79152	30	30	46	92	96	14	0	255
 79197	30	30	46	92	96	13	0	255
 79242	30	30	46	92	96	13	0	255
 79288	30	30	46	92	96	13	0	255
 79333	30	30	46	92	96	13	0	255
 79378	30	30	46	92	96	13	0	255
 79424	30	30	46	92	96	13	0	255
 79469	30	30	46	92	96	13	0	255
 79515	30	30	46	92	96	14	0	255
 79560	30	30	46	92	96	12	0	255
 79605	30	30	46	92	96	13	0	255
 79651	30	30	46	92	96	13	0	255
 79696	30	30	46	92	96	13	0	255
 79741	30	30	46	92	96	13	0	255
 79787	30	30	46	92	96	13	0	255
 79832	30	30	46	92	96	12	0	255
 79877	30	30	46	92	96	13	0	255
 79923	30	30	46	92	96	12	0	255
 79968	30	30	46	92	96	13	0	255
 80013	30	30	46	92	96	12	0	255
 80059	30	30	46	92	96	13	0	255
 80104	30	30	46	92	96	13	0	255
 80149	30	30	46	92	96	13	0	255
 80195	30	30	46	92	96	12	0	255
 80240	30	30	46	92	96	13	0	255
 80285	30	30	46	92	96	12	0	255
 80331	30	30	46	92	96	13	0	255
 80376	30	30	46	92	96	13	0	255
 80422	30	30	46	92	96	13	0	255
 80467	30	30	46	92	96	13	0	255
 80512	30	30	46	92	96	13	0	255
 80558	30	30	46	92	96	13	0	255
 80603	30	30	46	92	96	13	0	255
 80648	30	30	46	92	96	13	0	255
 80694	30	30	46	92	96	13	0	255
 80739	30	30	46	92	96	13	0	255
 80784	30	30	46	92	96	13	0	255
 80830	30	30	46	92	96	13	0	255
 80875	30	30	46	92	96	13	0	255
 80920	30	30	46	92	96	13	0	255
 80966	30	30	46	92	96	13	0	255
 81011	30	30	46	92	96	13	0	255
 81057	30	30	46	92	96	12	0	255
 81102	30	30	46	92	96	12	0	255
 81147	30	30	46	92	96	13	0	255
 81193	30	30	46	91	96	12	0	255
 81238	30	30	46	91	96	13	0	255
 81283	30	30	46	91	96	13	0	255
 81329	30	30	46	91	96	13	0	255
 81374	30	30	46	91	96	13	0	255
 81419	30	30	46	91	96	13	0	255
 81465	30	30	46	91	96	12	0	255
 81510	30	30	46	91	96	13	0	255
 81555	30	30	46	91	96	12	0	255
 81601	30	30	46	91	96	12	0	255
 81646	30	30	46	91	96	13	0	255
 81691	30	30	46	91	96	13	0	255
 81737	30	30	46	91	96	13	0	255
 81782	30	30	46	91	96	13	0	255
 81827	30	30	46	91	96	13	0	255
 81873	30	30	46	91	96	13	0	255
 81918	30	30	46	91	96	14	0	255
 81964	30	30	46	91	96	13	0	255
 82009	30	30	46	91	96	13	0	255
 82054	30	30	46	91	96	13	0	255
 82100	30	30	46	91	96	12	0	255
 82145	30	30	46	91	96	12	0	255
 82190	30	30	46	91	96	12	0	255
 82236	30	30	46	91	96	13	0	255
 82281	30	30	46	91	96	13	0	255
 82326	30	30	46	91	96	12	0	255
 82372	30	30	46	91	96	13	0	255
 82417	30	30	46	91	96	13	0	255
 82462	30	30	46	91	96	12	0	255
 82508	30	30	46	91	95	13	0	255
 82553	30	30	46	91	96	12	0	255
 82598	30	30	46	91	95	13	0	255
 82644	30	30	46	91	95	12	0	255
 82689	30	30	46	91	95	13	0	255
 82734	30	30	46	91	95	12	0	255
 82780	30	30	46	91	95	12	0	255
 82825	30	30	46	91	95	12	0	255
 82871	30	30	46	91	95	12	0	255
 82916	30	30	46	91	95	12	0	255
 82961	30	30	46	91	95	12	0	255
 83007	30	30	46	91	95	12	0	255
 83052	30	30	46	91	95	13	0	255
 83097	30	30	46	91	95	13	0	255
 83143	30	30	46	91	95	12	0	255
 83188	30	30	46	91	95	13	0	255
 83233	30	30	46	91	95	12	0	255
 83279	30	30	46	91	95	12	0	255
 83324	30	30	46	91	95	12	0	255
 83369	30	30	46	91	95	12	0	255
 83415	30	30	46	91	95	13	0	255
 83460	30	30	46	91	95	12	0	255
 83505	30	30	46	91	95	13	0	255
 83551	30	30	46	91	95	12	0	255
 83596	30	30	46	91	95	12	0	255
 83642	30	30	46	91	95	13	0	255
 83687	30	30	46	91	95	12	0	255
 83732	30	30	46	91	95	12	0	255
 83778	30	30	46	91	95	13	0	255
 83823	30	30	46	91	95	12	0	255
 83868	30	30	46	91	95	13	0	255
 83914	30	30	46	91	95	13	0	255
 83959	30	30	46	91	95	12	0	255
 84004	30	30	46	91	95	12	0	255
 84050	30	30	46	91	95	12	0	255
 84095	30	30	46	91	95	12	0	255
 84140	30	30	46	91	95	12	0	255
 84186	30	30	46	91	95	11	0	255
 84231	30	30	46	91	95	12	0	255
 84276	30	30	46	91	95	12	0	255
 84322	30	30	46	91	95	12	0	255
 84367	30	30	46	91	95	13	0	255
 84413	30	30	46	91	95	12	0	255
 84458	30	30	46	91	95	11	0	255
 84503	30	30	46	91	95	12	0	255
 84549	30	30	46	91	95	12	0	255
 84594	30	30	46	91	95	12	0	255
 84639	30	30	46	91	95	12	0	255
 84685	30	30	46	91	95	12	0	255
 84730	30	30	46	91	95	13	0	255
 84775	30	30	46	91	95	13	0	255
 84821	30	30	46	91	95	12	0	255
 84866	30	30	46	91	95	12	0	255
 84911	30	30	46	91	95	12	0	255
 84957	30	30	46	91	95	12	0	255
 85002	30	30	46	91	95	12	0	255
 85047	30	30	46	91	95	12	0	255
 85093	30	30	46	91	95	12	0	255
 85138	30	30	46	91	95	12	0	255
 85183	30	30	46	91	95	12	0	255
 85229	30	30	46	91	95	12	0	255
 85275	30	30	46	91	95	12	0	255
 85320	30	30	46	91	95	12	0	255
 85365	30	30	46	91	95	12	0	255
 85410	30	30	46	91	95	13	0	255
 85456	30	30	46	91	95	12	0	255
 85501	30	30	46	91	95	12	0	255
 85546	30	30	46	91	95	12	0	255
 85592	30	30	46	91	95	12	0	255
 85637	30	30	46	91	95	11	0	255
 85682	30	30	46	91	95	12	0	255
 85728	30	30	46	91	95	12	0	255
 85773	30	30	46	91	95	12	0	255
 85818	30	30	46	91	95	11	0	255
 85864	30	30	46	91	95	12	0	255
 85909	30	30	46	91	95	12	0	255
 85954	30	30	46	91	95	12	0	255
 86000	30	30	46	91	95	13	0	255
 86045	30	30	46	91	95	12	0	255
 86091	30	30	46	91	95	13	0	255
 86136	30	30	46	91	95	12	0	255
 86181	30	30	46	91	95	12	0	255
 86227	30	30	46	91	95	12	0	255
 86272	30	30	46	91	95	12	0	255
 86317	30	30	46	91	95	12	0	255
 86363	30	30	46	91	95	12	0	255
