HomeCentral
 Falkenstrasse 20
 8630 Rueti
 Datum: 18.02.14 00:00
 
 Startzeit: 2014-02-18 00:00:35 +0100
 80	34	34	55	106	111	0	0	255
 126	34	34	55	106	111	0	0	255
 171	34	34	55	106	111	0	0	255
 216	34	34	55	106	111	0	0	255
 307	34	34	55	106	111	0	0	255
 352	34	34	55	106	111	0	0	255
 398	34	34	55	106	111	0	0	255
 443	34	34	55	106	111	0	0	255
 488	34	34	55	106	111	0	0	255
 537	34	34	55	106	111	0	0	255
 579	34	34	55	106	111	0	0	255
 624	34	34	55	106	111	0	0	255
 670	34	34	55	106	111	0	0	255
 715	34	34	55	106	111	0	0	255
 760	34	34	55	106	111	0	0	255
 806	34	34	55	106	111	0	0	255
 851	34	34	55	106	111	0	0	255
 896	34	34	55	106	111	0	0	255
 942	34	34	55	106	111	0	0	255
 987	34	34	55	106	111	0	0	255
 1033	34	34	55	106	111	0	0	255
 1078	34	34	55	106	111	0	0	255
 1123	34	34	55	106	111	0	0	255
 1169	34	34	55	106	111	0	0	255
 1214	34	34	55	106	111	0	0	255
 1259	34	34	55	106	111	0	0	255
 1305	34	34	55	106	111	0	0	255
 1350	34	34	55	106	111	0	0	255
 1395	34	34	55	106	111	0	0	255
 1441	34	34	55	106	111	0	0	255
 1486	34	34	55	106	111	0	0	255
 1531	34	34	55	106	111	0	0	255
 1577	34	34	55	106	111	0	0	255
 1622	34	34	55	106	111	0	0	255
 1667	34	34	55	106	111	0	0	255
 1713	34	34	55	106	111	0	0	255
 1758	34	34	55	106	111	0	0	255
 1803	34	34	55	106	111	0	0	255
 1849	34	34	55	106	110	0	0	255
 1894	34	34	55	106	110	0	0	255
 1940	34	34	55	106	110	0	0	255
 1985	34	34	55	106	110	0	0	255
 2030	34	34	55	106	110	0	0	255
 2076	34	34	55	106	111	0	0	255
 2121	34	34	55	106	110	0	0	255
 2166	34	34	55	106	110	0	0	255
 2212	34	34	55	106	110	0	0	255
 2257	34	34	55	106	110	0	0	255
 2302	34	34	55	106	110	0	0	255
 2348	34	34	55	106	110	0	0	255
 2393	34	34	55	106	110	0	0	255
 2438	34	34	55	106	110	0	0	255
 2484	34	34	55	106	110	0	0	255
 2529	34	34	55	106	110	0	0	255
 2574	34	34	55	106	110	2	0	255
 2620	34	34	55	106	110	0	0	255
 2665	34	34	55	106	110	2	0	255
 2710	34	34	55	106	110	0	0	255
 2756	34	34	55	106	110	0	0	255
 2801	34	34	55	106	110	0	0	255
 2846	34	34	55	106	110	2	0	255
 2892	34	34	55	106	110	0	0	255
 2937	34	34	55	106	110	0	0	255
 2983	34	34	55	106	110	0	0	255
 3028	34	34	55	106	110	0	0	255
 3073	34	34	55	106	110	0	0	255
 3119	34	34	55	106	110	2	0	255
 3164	34	34	55	106	110	0	0	255
 3209	34	34	55	106	110	0	0	255
 3255	34	34	55	106	110	0	0	255
 3300	34	34	55	106	110	0	0	255
 3345	34	34	55	106	110	0	0	255
 3391	34	34	55	106	110	0	0	255
 3436	34	34	55	106	110	2	0	255
 3481	34	34	55	106	110	0	0	255
 3527	34	34	55	106	110	0	0	255
 3572	34	34	55	106	110	0	0	255
 3617	34	34	55	106	110	0	0	255
 3663	34	34	55	106	110	2	0	255
 3708	34	34	55	106	110	2	0	255
 3753	34	34	55	106	110	0	0	255
 3799	34	34	55	106	110	0	0	255
 3844	34	34	55	106	110	0	0	255
 3890	34	34	55	106	110	2	0	255
 3935	34	34	55	106	110	0	0	255
 3980	34	34	55	106	110	2	0	255
 4026	34	34	55	106	110	0	0	255
 4071	34	34	55	106	110	0	0	255
 4116	34	34	55	106	110	0	0	255
 4162	34	34	55	106	110	0	0	255
 4207	34	34	55	106	110	0	0	255
 4252	34	34	55	106	110	0	0	255
 4298	34	34	55	106	110	0	0	255
 4344	34	34	55	106	110	0	0	255
 4388	34	34	55	106	110	0	0	255
 4434	34	34	55	106	110	0	0	255
 4479	34	34	55	106	110	0	0	255
 4524	34	34	55	105	110	0	0	255
 4570	34	34	55	105	110	0	0	255
 4615	34	34	55	105	110	0	0	255
 4660	34	34	55	105	110	0	0	255
 4706	34	34	55	105	110	0	0	255
 4751	34	34	55	105	110	0	0	255
 4797	34	34	55	105	110	0	0	255
 4842	34	34	55	105	110	0	0	255
 4887	34	34	55	105	110	0	0	255
 4933	34	34	55	105	110	0	0	255
 4978	34	34	55	105	110	0	0	255
 5023	34	34	55	105	110	0	0	255
 5069	34	34	55	105	110	0	0	255
 5114	34	34	55	105	110	0	0	255
 5159	34	34	55	105	110	0	0	255
 5205	34	34	55	105	110	0	0	255
 5250	34	34	55	105	110	0	0	255
 5295	34	34	55	105	110	0	0	255
 5341	34	34	55	105	110	0	0	255
 5386	34	34	55	105	110	0	0	255
 5431	34	34	55	105	110	0	0	255
 5477	34	34	55	105	110	0	0	255
 5522	34	34	55	105	110	0	0	255
 5567	34	34	55	105	110	0	0	255
 5613	34	34	55	105	110	0	0	255
 5658	34	34	55	105	110	0	0	255
 5704	34	34	55	105	110	0	0	255
 5750	34	34	55	105	110	0	0	255
 5794	34	34	54	105	110	0	0	255
 5840	34	34	54	105	110	0	0	255
 5885	34	34	54	105	110	0	0	255
 5930	34	34	54	105	110	0	0	255
 5976	34	34	54	105	110	0	0	255
 6021	34	34	55	105	110	0	0	255
 6066	34	34	55	105	110	0	0	255
 6112	34	34	54	105	110	0	0	255
 6157	34	34	55	105	110	0	0	255
 6202	34	34	54	105	110	0	0	255
 6248	34	34	54	105	110	0	0	255
 6293	34	34	54	105	110	0	0	255
 6338	34	34	54	105	110	0	0	255
 6384	34	34	54	105	110	0	0	255
 6429	34	34	54	105	110	0	0	255
 6474	34	34	54	105	110	0	0	255
 6520	34	34	54	105	110	0	0	255
 6565	34	34	54	105	110	0	0	255
 6611	34	34	54	105	110	0	0	255
 6656	34	34	54	105	110	0	0	255
 6701	34	34	54	105	110	0	0	255
 6747	34	34	54	105	110	0	0	255
 6792	34	34	54	105	110	0	0	255
 6837	34	34	54	105	110	0	0	255
 6883	34	34	54	105	110	0	0	255
 6928	34	34	54	105	110	0	0	255
 6973	34	34	54	105	110	0	0	255
 7019	34	34	54	105	110	0	0	255
 7064	34	34	54	105	110	0	0	255
 7109	34	34	54	105	110	0	0	255
 7155	34	34	54	105	110	0	0	255
 7200	34	34	54	105	110	0	0	255
 7245	34	34	54	105	110	0	0	255
 7291	34	34	54	105	110	0	0	255
 7336	34	34	54	105	110	0	0	255
 7381	34	34	54	105	110	0	0	255
 7427	34	34	54	105	110	0	0	255
 7472	34	34	54	105	110	0	0	255
 7518	34	34	54	105	110	0	0	255
 7563	34	34	54	105	110	0	0	255
 7608	34	34	54	105	110	0	0	255
 7654	34	34	54	105	110	0	0	255
 7699	34	34	54	105	110	0	0	255
 7744	34	34	54	105	110	0	0	255
 7790	34	34	54	105	110	0	0	255
 7835	34	34	54	105	110	0	0	255
 7880	34	34	54	105	110	0	0	255
 7926	34	34	54	105	110	0	0	255
 7971	34	34	54	105	110	0	0	255
 8016	34	34	54	105	110	0	0	255
 8062	34	34	54	105	110	0	0	255
 8107	34	34	54	105	110	0	0	255
 8152	34	34	54	105	110	0	0	255
 8198	34	34	54	105	110	0	0	255
 8243	34	34	54	105	110	0	0	255
 8288	34	34	54	105	110	0	0	255
 8334	34	34	54	105	110	0	0	255
 8379	34	34	54	105	110	0	0	255
 8424	34	34	54	105	110	0	0	255
 8470	34	34	54	105	110	0	0	255
 8515	34	34	54	105	110	0	0	255
 8561	34	34	54	105	110	0	0	255
 8606	34	34	54	105	110	0	0	255
 8651	34	34	54	105	110	0	0	255
 8697	34	34	54	105	110	0	0	255
 8742	34	34	54	105	110	0	0	255
 8787	34	34	54	105	110	0	0	255
 8833	34	34	54	105	110	0	0	255
 8878	34	34	54	105	110	0	0	255
 8923	34	34	54	105	110	0	0	255
 8969	34	34	54	105	110	0	0	255
 9014	34	34	54	105	110	0	0	255
 9059	34	34	54	105	110	0	0	255
 9105	34	34	54	105	110	0	0	255
 9150	34	34	54	105	110	0	0	255
 9195	34	34	54	105	110	0	0	255
 9241	34	34	54	105	110	0	0	255
 9286	34	34	54	105	110	0	0	255
 9331	34	34	54	105	110	0	0	255
 9377	34	34	54	105	110	0	0	255
 9422	34	34	54	105	110	0	0	255
 9468	34	34	54	105	110	0	0	255
 9513	34	34	54	105	110	0	0	255
 9558	34	34	54	105	110	0	0	255
 9604	34	34	54	105	110	0	0	255
 9649	34	34	54	105	110	0	0	255
 9694	34	34	54	105	110	0	0	255
 9740	34	34	54	105	110	0	0	255
 9785	34	34	54	105	110	0	0	255
 9830	34	34	54	105	110	0	0	255
 9876	34	34	54	105	110	0	0	255
 9921	34	34	54	105	110	0	0	255
 9966	34	34	54	105	110	0	0	255
 10012	34	34	54	105	110	0	0	255
 10058	34	34	54	105	110	0	0	255
 10102	34	34	54	105	110	0	0	255
 10148	34	34	54	105	110	0	0	255
 10193	34	34	54	105	110	0	0	255
 10239	34	34	54	105	110	0	0	255
 10284	34	34	54	105	109	0	0	255
 10329	34	34	54	105	110	0	0	255
 10375	34	34	54	105	110	0	0	255
 10420	34	34	54	105	109	0	0	255
 10465	34	34	54	105	110	0	0	255
 10511	34	34	54	105	109	0	0	255
 10556	34	34	54	105	109	0	0	255
 10601	34	34	54	105	109	0	0	255
 10647	34	34	54	105	110	0	0	255
 10692	34	34	54	105	110	0	0	255
 10737	34	34	54	105	109	0	0	255
 10783	34	34	54	105	109	0	0	255
 10828	34	34	54	105	109	0	0	255
 10873	34	34	54	105	109	0	0	255
 10919	34	34	54	105	109	0	0	255
 10964	34	34	54	105	109	0	0	255
 11009	34	34	54	105	109	0	0	255
 11055	34	34	54	105	109	0	0	255
 11101	34	34	54	105	109	0	0	255
 11145	34	34	54	105	109	0	0	255
 11191	34	34	54	105	109	0	0	255
 11236	34	34	54	105	109	0	0	255
 11282	34	34	54	105	109	0	0	255
 11327	34	34	54	105	109	0	0	255
 11372	34	34	54	105	109	0	0	255
 11418	34	34	54	105	109	0	0	255
 11463	34	34	54	105	109	0	0	255
 11508	34	34	54	105	109	0	0	255
 11554	34	34	54	105	109	0	0	255
 11599	34	34	54	105	109	0	0	255
 11644	34	34	54	104	109	0	0	255
 11690	34	34	54	105	109	0	0	255
 11735	34	34	54	104	109	0	0	255
 11780	34	34	54	104	109	0	0	255
 11826	34	34	54	105	109	0	0	255
 11871	34	34	54	104	109	0	0	255
 11916	34	34	54	104	109	0	0	255
 11962	34	34	54	104	109	0	0	255
 12007	34	34	54	104	109	0	0	255
 12052	34	34	54	104	109	0	0	255
 12098	34	34	54	104	109	0	0	255
 12143	34	34	54	104	109	0	0	255
 12189	34	34	54	104	109	0	0	255
 12234	34	34	54	104	109	0	0	255
 12279	34	34	54	104	109	0	0	255
 12325	34	34	54	104	109	0	0	255
 12370	34	34	54	104	109	0	0	255
 12415	34	34	54	104	109	0	0	255
 12461	34	34	54	104	109	0	0	255
 12506	34	34	54	104	109	0	0	255
 12551	34	34	54	104	109	0	0	255
 12597	34	34	54	104	109	0	0	255
 12642	34	34	54	104	109	0	0	255
 12687	34	34	54	104	109	0	0	255
 12733	34	34	54	104	109	0	0	255
 12778	34	34	54	104	109	0	0	255
 12823	34	34	54	104	109	0	0	255
 12869	34	34	54	104	109	0	0	255
 12915	34	34	54	104	109	0	0	255
 12959	34	34	54	104	109	0	0	255
 13005	34	34	54	104	109	0	0	255
 13050	34	34	54	104	109	0	0	255
 13096	34	34	54	104	109	0	0	255
 13141	34	34	54	104	109	0	0	255
 13186	34	34	54	104	109	0	0	255
 13232	34	34	54	104	109	0	0	255
 13277	34	34	54	104	109	0	0	255
 13322	34	34	54	104	109	0	0	255
 13368	34	34	54	104	109	0	0	255
 13413	34	34	54	104	109	0	0	255
 13458	34	34	54	104	109	0	0	255
 13504	34	34	54	104	109	0	0	255
 13549	34	34	54	104	109	0	0	255
 13594	34	34	54	104	109	0	0	255
 13640	34	34	54	104	109	0	0	255
 13685	34	34	54	104	109	0	0	255
 13730	34	34	54	104	109	0	0	255
 13776	34	34	54	104	109	0	0	255
 13821	34	34	54	104	109	0	0	255
 13866	34	34	54	104	109	0	0	255
 13912	34	34	54	104	109	0	0	255
 13957	34	34	54	104	109	0	0	255
 14003	34	34	54	104	109	0	0	255
 14048	34	34	54	104	109	0	0	255
 14093	34	34	54	104	109	0	0	255
 14139	34	34	54	104	109	0	0	255
 14184	34	34	54	104	109	0	0	255
 14229	34	34	54	104	109	0	0	255
 14275	34	34	54	104	109	0	0	255
 14320	34	34	54	104	109	0	0	255
 14365	34	34	54	104	109	0	0	255
 14411	34	34	54	104	109	0	0	255
 14456	34	34	54	104	109	0	0	255
 14501	34	34	53	104	109	0	0	255
 14547	34	34	54	104	109	0	0	255
 14592	34	34	54	104	109	0	0	255
 14637	34	34	54	104	109	0	0	255
 14683	34	34	54	104	109	0	0	255
 14728	34	34	53	104	109	0	0	255
 14773	34	34	54	104	109	0	0	255
 14819	34	34	54	104	109	0	0	255
 14864	34	34	53	104	109	0	0	255
 14909	34	34	53	104	109	0	0	255
 14955	34	34	53	104	109	0	0	255
 15000	34	34	53	104	109	0	0	255
 15046	34	34	53	104	109	0	0	255
 15091	34	34	53	104	109	0	0	255
 15136	34	34	53	104	109	0	0	255
 15182	34	34	53	104	109	0	0	255
 15227	34	34	53	104	109	0	0	255
 15272	34	34	53	104	109	0	0	255
 15318	34	34	53	104	109	0	0	255
 15363	34	34	53	104	109	0	0	255
 15408	34	34	53	104	109	0	0	255
 15454	34	34	53	104	109	0	0	255
 15499	34	34	53	104	109	0	0	255
 15544	34	34	53	104	109	0	0	255
 15590	34	34	53	104	109	0	0	255
 15635	34	34	53	104	109	0	0	255
 15680	34	34	53	104	109	0	0	255
 15726	34	34	53	104	109	0	0	255
 15771	34	34	53	104	109	0	0	255
 15816	34	34	53	104	109	0	0	255
 15862	34	34	53	104	109	0	0	255
 15907	34	34	53	104	109	0	0	255
 15953	34	34	53	104	109	0	0	255
 15998	34	34	53	104	109	0	0	255
 16043	34	34	53	104	109	0	0	255
 16089	34	34	53	104	109	0	0	255
 16134	34	34	53	104	109	0	0	255
 16179	34	34	53	104	109	0	0	255
 16225	34	34	53	104	109	0	0	255
 16270	34	34	53	104	109	0	0	255
 16315	34	34	53	104	109	0	0	255
 16361	34	34	53	104	109	0	0	255
 16406	34	34	53	104	109	0	0	255
 16451	34	34	53	104	109	0	0	255
 16497	34	34	53	104	109	0	0	255
 16542	34	34	53	104	109	0	0	255
 16587	34	34	53	104	109	0	0	255
 16633	34	34	53	104	109	0	0	255
 16678	34	34	53	104	109	0	0	255
 16723	34	34	53	104	109	0	0	255
 16769	34	34	53	104	109	0	0	255
 16814	34	34	53	104	109	0	0	255
 16860	34	34	53	104	109	0	0	255
 16905	34	34	53	104	109	0	0	255
 16950	34	34	53	104	109	0	0	255
 16996	34	34	53	104	109	0	0	255
 17041	34	34	53	104	109	0	0	255
 17086	34	34	53	104	109	0	0	255
 17132	34	34	53	104	109	0	0	255
 17177	34	34	53	104	109	0	0	255
 17222	34	34	53	104	109	0	0	255
 17268	34	34	53	104	109	0	0	255
 17313	34	34	53	104	109	0	0	255
 17358	34	34	53	104	109	0	0	255
 17404	34	34	53	104	109	0	0	255
 17449	34	34	53	104	109	0	0	255
 17494	34	34	53	104	109	0	0	255
 17540	33	34	53	104	109	0	0	255
 17585	34	34	53	104	109	0	0	255
 17630	34	34	53	104	109	0	0	255
 17676	34	34	53	104	109	0	0	255
 17721	33	34	53	104	109	0	0	255
 17767	34	34	53	104	109	0	0	255
 17812	34	34	53	104	109	0	0	255
 17857	34	34	53	104	109	0	0	255
 17903	33	34	53	104	109	0	0	255
 17948	33	34	53	104	109	0	0	255
 17993	33	33	53	104	109	0	0	255
 18039	33	33	53	104	109	0	0	255
 18084	33	34	53	104	109	0	0	255
 18129	33	33	53	104	109	0	0	255
 18175	33	34	53	104	109	0	0	255
 18220	33	33	53	104	109	0	0	255
 18265	33	33	53	104	109	0	0	255
 18311	33	33	53	104	109	0	0	255
 18356	33	33	53	104	109	0	0	255
 18402	34	33	53	104	109	0	0	255
 18447	34	33	53	104	109	0	0	255
 18492	33	33	53	104	109	0	0	255
 18537	34	33	53	104	109	0	0	255
 18583	33	33	53	104	109	0	0	255
 18628	33	33	53	104	109	0	0	255
 18673	33	33	53	104	109	0	0	255
 18719	33	33	53	104	109	0	0	255
 18764	33	33	53	104	108	0	0	255
 18810	33	33	53	104	108	0	0	255
 18855	33	33	53	104	108	0	0	255
 18900	33	33	53	104	109	0	0	255
 18946	33	33	53	104	108	0	0	255
 18991	33	33	53	104	108	0	0	255
 19036	33	33	53	104	108	0	0	255
 19082	33	33	53	104	108	0	0	255
 19127	33	33	53	104	108	0	0	255
 19172	33	33	53	104	108	0	0	255
 19218	33	33	53	104	108	0	0	255
 19263	33	33	53	104	108	0	0	255
 19308	33	33	53	104	108	0	0	255
 19354	33	33	53	103	108	0	0	255
 19399	33	33	53	103	108	0	0	255
 19444	33	33	53	104	108	0	0	255
 19490	33	33	53	103	108	0	0	255
 19535	33	33	53	103	108	0	0	255
 19580	33	33	53	103	108	0	0	255
 19626	33	33	53	103	108	0	0	255
 19671	33	33	53	103	108	0	0	255
 19717	33	33	53	103	108	0	0	255
 19762	33	33	53	103	108	0	0	255
 19807	33	33	53	103	108	0	0	255
 19853	33	33	53	103	108	0	0	255
 19898	33	33	53	103	108	0	0	255
 19943	33	33	53	103	108	0	0	255
 19989	33	33	53	103	108	0	0	255
 20034	33	33	53	103	108	0	0	255
 20079	33	33	53	103	108	0	0	255
 20125	33	33	53	103	108	0	0	255
 20170	33	33	53	103	108	0	0	255
 20215	33	33	53	103	108	0	0	255
 20261	33	33	53	103	108	0	0	255
 20306	33	33	53	103	108	0	0	255
 20351	33	33	53	103	108	0	0	255
 20397	33	33	53	103	108	0	0	255
 20442	33	33	53	103	108	0	0	255
 20487	33	33	53	103	108	0	0	255
 20533	33	33	53	103	108	0	0	255
 20578	33	33	53	103	108	0	0	255
 20624	33	33	53	103	108	0	0	255
 20669	33	33	53	103	108	0	0	255
 20714	33	33	53	103	108	0	0	255
 20760	33	33	53	103	108	0	0	255
 20805	33	33	53	103	108	0	0	255
 20850	33	33	53	103	108	0	0	255
 20896	33	33	53	103	108	0	0	255
 20941	33	33	53	103	108	0	0	255
 20987	33	33	53	103	108	0	0	255
 21032	33	33	53	103	108	0	0	255
 21077	33	33	53	103	108	0	0	255
 21122	33	33	53	103	108	0	0	255
 21168	33	33	53	103	108	0	0	255
 21213	33	33	53	103	108	0	0	255
 21258	33	33	53	103	108	0	0	255
 21304	33	33	53	103	108	0	0	255
 21349	33	33	53	103	108	0	0	255
 21394	33	33	53	103	108	0	0	255
 21440	33	33	53	103	108	0	0	255
 21485	33	33	53	103	108	0	0	255
 21531	33	33	53	103	108	0	0	255
 21576	33	33	53	103	108	0	0	255
 21621	33	33	53	103	108	0	0	255
 21667	33	33	53	103	108	0	0	255
 21712	33	33	53	103	108	0	0	255
 21757	33	33	53	103	108	0	0	255
 21803	33	33	53	103	108	0	0	255
 21848	33	33	53	103	108	0	0	255
 21893	33	33	53	103	108	0	0	255
 21939	33	33	53	103	108	0	0	255
 21984	33	33	53	103	108	0	0	255
 22029	33	33	53	103	108	0	0	255
 22075	33	33	53	103	108	0	0	255
 22120	33	33	53	103	108	0	0	255
 22165	33	33	53	103	108	0	0	255
 22211	33	33	53	103	108	0	0	255
 22256	33	33	53	103	108	0	0	255
 22301	33	33	53	103	108	0	0	255
 22347	33	33	53	103	108	0	0	255
 22392	33	33	53	103	108	0	0	255
 22437	33	33	53	103	108	0	0	255
 22483	33	33	53	103	108	0	0	255
 22528	33	33	53	103	108	0	0	255
 22574	33	33	53	103	108	0	0	255
 22619	33	33	53	103	108	0	0	255
 22664	33	33	53	103	108	0	0	255
 22710	33	33	53	103	108	0	0	255
 22755	33	33	53	103	108	0	0	255
 22800	33	33	53	103	108	0	0	255
 22846	33	33	53	103	108	0	0	255
 22891	33	33	53	103	108	0	0	255
 22936	33	33	53	103	108	0	0	255
 22982	33	33	53	103	108	0	0	255
 23027	33	33	53	103	108	0	0	255
 23072	33	33	53	103	108	0	0	255
 23118	33	33	53	103	108	0	0	255
 23163	33	33	52	103	108	0	0	255
 23208	33	33	53	103	108	0	0	255
 23254	33	33	53	103	108	0	0	255
 23299	33	33	53	103	108	0	0	255
 23344	33	33	52	103	108	0	0	255
 23390	33	33	53	103	108	0	0	255
 23435	33	33	53	103	108	0	0	255
 23481	33	33	53	103	108	0	0	255
 23526	33	33	52	103	108	0	0	255
 23571	33	33	52	103	108	0	0	255
 23617	33	33	53	103	108	0	0	255
 23662	33	33	52	103	108	0	0	255
 23707	33	33	52	103	108	0	0	255
 23753	33	33	52	103	108	0	0	255
 23798	33	33	52	103	108	0	0	255
 23843	33	33	52	103	108	0	0	255
 23889	33	33	52	103	108	0	0	255
 23934	33	33	52	103	108	0	0	255
 23979	33	33	52	103	108	0	0	255
 24025	33	33	52	103	108	0	0	255
 24070	33	33	52	103	108	0	0	255
 24115	33	33	52	103	108	0	0	255
 24161	33	33	52	103	108	0	0	255
 24206	33	33	52	103	108	0	0	255
 24251	33	33	52	103	108	0	0	255
 24297	33	33	52	103	108	0	0	255
 24343	33	33	52	103	108	0	0	255
 24388	33	33	52	103	108	0	0	255
 24433	33	33	52	103	108	0	0	255
 24478	33	33	52	103	108	0	0	255
 24524	33	33	52	103	108	0	0	255
 24569	33	33	52	103	108	0	0	255
 24614	33	33	52	103	108	0	0	255
 24660	33	33	52	103	108	0	0	255
 24705	33	33	52	103	108	0	0	255
 24750	33	33	52	103	108	0	0	255
 24796	33	33	52	103	108	0	0	255
 24841	33	33	52	103	108	0	0	255
 24886	33	33	52	103	108	0	0	255
 24932	33	33	52	103	108	0	0	255
 24977	33	33	52	103	108	0	0	255
 25022	33	33	52	103	108	0	0	255
 25068	33	33	52	103	108	0	0	255
 25113	33	33	52	103	108	0	0	255
 25158	33	33	52	103	108	0	0	255
 25204	33	33	52	103	108	0	0	255
 25249	33	33	52	103	108	0	0	255
 25295	33	33	52	103	108	0	0	255
 25340	33	33	52	103	108	0	0	255
 25385	33	33	52	103	108	0	0	255
 25431	33	33	52	103	108	0	0	255
 25476	33	33	52	103	108	0	0	255
 25521	33	33	52	103	108	0	0	255
 25567	33	33	52	103	108	0	0	255
 25612	33	33	52	103	108	0	0	255
 25657	33	33	52	103	108	0	0	255
 25703	33	33	52	103	108	0	0	255
 25748	33	33	52	103	108	0	0	255
 25793	33	33	52	103	108	0	0	255
 25839	33	33	52	103	108	0	0	255
 25884	33	33	52	103	108	0	0	255
 25930	33	33	52	103	108	0	0	255
 25975	33	33	52	103	108	0	0	255
 26020	33	33	52	103	108	0	0	255
 26065	33	33	52	103	108	0	0	255
 26111	33	33	52	103	108	0	0	255
 26156	33	33	52	103	108	0	0	255
 26202	33	33	52	103	108	0	0	255
 26247	33	33	52	103	108	0	0	255
 26292	33	33	52	103	108	0	0	255
 26338	33	33	52	103	108	0	0	255
 26383	33	33	52	103	108	0	0	255
 26428	33	33	52	103	108	0	0	255
 26474	33	33	52	103	108	0	0	255
 26519	33	33	52	103	108	0	0	255
 26564	33	33	52	103	108	0	0	255
 26610	33	33	52	103	108	0	0	255
 26655	33	33	52	103	108	0	0	255
 26700	33	33	52	103	108	0	0	255
 26746	33	33	52	103	108	0	0	255
 26791	33	33	52	103	108	0	0	255
 26836	33	33	52	103	108	0	0	255
 26882	33	33	52	103	108	0	0	255
 26927	33	33	52	103	108	0	0	255
 26972	33	33	52	103	107	0	0	255
 27019	33	33	52	102	108	0	0	255
 27063	33	33	52	103	107	0	0	255
 27109	33	33	52	103	107	0	0	255
 27154	33	33	52	103	107	0	0	255
 27199	33	33	52	103	107	0	0	255
 27245	33	33	52	102	107	0	0	255
 27290	33	33	52	102	107	0	0	255
 27335	33	33	52	102	107	0	0	255
 27381	33	33	52	102	107	0	0	255
 27426	33	33	52	102	107	0	0	255
 27471	33	33	52	102	107	0	0	255
 27517	33	33	52	102	107	0	0	255
 27562	33	33	52	102	107	0	0	255
 27607	33	33	52	102	107	0	0	255
 27653	33	33	52	102	107	0	0	255
 27698	33	33	52	102	107	0	0	255
 27743	33	33	52	102	107	0	0	255
 27789	33	33	52	102	107	0	0	255
 27834	33	33	52	102	107	0	0	255
 27879	33	33	52	102	107	0	0	255
 27925	33	33	52	102	107	0	0	255
 27970	33	33	52	102	107	0	0	255
 28016	33	33	52	102	107	0	0	255
 28061	33	33	52	102	107	0	0	255
 28106	33	33	52	102	107	0	0	255
 28152	33	33	52	102	107	0	0	255
 28197	33	33	52	102	107	0	0	255
 28242	33	33	52	102	107	0	0	255
 28288	33	33	52	102	107	0	0	255
 28333	33	33	52	102	107	0	0	255
 28378	33	33	52	102	107	0	0	255
 28424	33	33	52	102	107	0	0	255
 28469	33	33	52	102	107	0	0	255
 28514	33	33	52	102	107	0	0	255
 28560	33	33	52	102	107	0	0	255
 28605	33	33	52	102	107	0	0	255
 28650	33	33	52	102	107	0	0	255
 28696	33	33	52	102	107	0	0	255
 28741	33	33	52	102	107	0	0	255
 28786	33	33	52	102	107	0	0	255
 28832	33	33	52	102	107	0	0	255
 28877	33	33	52	102	107	0	0	255
 28923	33	33	52	102	107	0	0	255
 28968	33	33	52	102	107	0	0	255
 29013	33	33	52	102	107	2	0	255
 29059	33	33	52	102	107	2	0	255
 29104	33	33	52	102	107	2	0	255
 29149	33	33	52	102	107	3	0	255
 29195	33	33	52	102	107	2	0	255
 29240	33	33	52	102	107	3	0	255
 29285	33	33	52	102	107	3	0	255
 29331	33	33	52	102	107	3	0	255
 29376	33	33	52	102	107	3	0	255
 29421	33	33	52	102	107	3	0	255
 29467	33	33	52	102	107	4	0	255
 29512	33	33	52	102	107	4	0	255
 29557	33	33	52	102	107	4	0	255
 29603	33	33	52	102	107	4	0	255
 29648	33	33	52	102	107	4	0	255
 29693	33	33	52	102	107	4	0	255
 29739	33	33	52	102	107	4	0	255
 29784	33	33	52	102	107	5	0	255
 29830	33	33	52	102	107	4	0	255
 29917	33	33	52	102	107	5	0	255
 29963	33	33	52	102	107	5	0	255
 30008	33	33	52	102	107	5	0	255
 30053	33	33	52	102	107	5	0	255
 30099	33	33	52	102	107	6	0	255
 30144	33	33	52	102	107	6	0	255
 30190	33	33	52	102	107	7	0	255
 30235	33	33	52	102	107	6	0	255
 30280	33	33	52	102	107	7	0	255
 30326	33	33	52	102	107	6	0	255
 30371	33	33	52	102	107	7	0	255
 30416	33	33	52	102	107	8	0	255
 30462	33	33	52	102	107	7	0	255
 30507	33	33	52	102	107	7	0	255
 30552	33	33	52	102	107	8	0	255
 30598	33	33	52	102	107	7	0	255
 30643	33	33	52	102	107	8	0	255
 30688	33	33	52	102	107	10	0	255
 30734	33	33	52	102	107	8	0	255
 30779	33	33	52	102	107	10	0	255
 30824	33	33	52	102	107	10	0	255
 30870	33	33	52	102	107	10	0	255
 30915	33	33	52	102	107	11	0	255
 30961	33	33	52	102	107	10	0	255
 31006	33	33	52	102	107	11	0	255
 31051	33	33	52	102	107	11	0	255
 31097	33	33	52	102	107	12	0	255
 31142	33	33	52	102	107	12	0	255
 31187	33	33	52	102	107	12	0	255
 31233	33	33	52	102	107	13	0	255
 31278	33	33	52	102	107	12	0	255
 31323	33	33	52	102	107	12	0	255
 31369	33	33	52	102	107	13	0	255
 31414	33	33	52	102	107	13	0	255
 31459	33	33	52	102	107	13	0	255
 31505	33	33	52	102	107	14	0	255
 31550	33	33	52	102	107	14	0	255
 31595	33	33	52	102	107	14	0	255
 31641	33	33	52	102	107	14	0	255
 31686	33	33	52	102	107	14	0	255
 31731	33	33	52	102	107	16	0	255
 31777	33	33	52	102	107	16	0	255
 31822	33	33	52	102	107	16	0	255
 31868	33	33	52	102	107	17	0	255
 31913	33	33	52	102	107	16	0	255
 31958	33	33	52	102	107	17	0	255
 32004	33	33	52	102	107	17	0	255
 32049	33	33	52	102	107	18	0	255
 32094	33	33	51	102	107	18	0	255
 32140	33	33	51	102	107	18	0	255
 32185	33	33	52	102	107	19	0	255
 32230	33	33	51	102	107	19	0	255
 32276	33	33	51	102	107	20	0	255
 32321	33	33	51	102	107	19	0	255
 32366	33	33	51	102	107	20	0	255
 32412	33	33	51	102	107	20	0	255
 32457	33	33	51	102	107	20	0	255
 32502	33	33	51	102	107	22	0	255
 32548	33	33	51	102	107	22	0	255
 32593	33	33	51	102	107	23	0	255
 32638	33	33	52	102	107	22	0	255
 32684	33	33	51	102	107	23	0	255
 32729	33	33	51	102	107	23	0	255
 32775	33	33	51	102	107	24	0	255
 32820	33	33	51	102	107	24	0	255
 32865	33	33	51	102	107	25	0	255
 32911	33	33	51	102	107	24	0	255
 32956	33	33	51	102	107	25	0	255
 33001	33	33	51	102	107	25	0	255
 33047	33	33	51	102	107	26	0	255
 33092	33	33	51	102	107	26	0	255
 33137	33	33	51	102	107	28	0	255
 33183	33	33	51	102	107	28	0	255
 33228	33	33	51	102	107	28	0	255
 33273	33	33	51	102	107	29	0	255
 33319	33	33	51	102	107	29	0	255
 33364	33	33	51	102	107	29	0	255
 33409	33	33	51	102	107	30	0	255
 33455	33	33	51	102	107	30	0	255
 33500	33	33	51	102	107	31	0	255
 33546	33	33	51	102	107	31	0	255
 33591	33	33	51	102	107	32	0	255
 33636	33	33	51	102	107	32	0	255
 33682	33	33	51	102	107	32	0	255
 33727	33	33	51	102	107	34	0	255
 33772	33	33	51	102	107	34	0	255
 33818	33	33	51	102	107	35	0	255
 33864	33	33	51	102	107	35	0	255
 33908	33	33	51	102	107	35	0	255
 33954	33	33	51	102	107	36	0	255
 33999	33	33	51	102	107	36	0	255
 34044	33	33	51	102	107	36	0	255
 34090	33	33	51	102	107	37	0	255
 34153	33	33	51	102	107	37	0	255
 34240	33	33	51	102	107	38	0	255
 34285	33	33	51	102	107	40	0	255
 34331	33	33	51	102	107	40	0	255
 34376	33	33	51	102	107	41	0	255
 34421	33	33	51	102	107	42	0	255
 34467	33	33	51	102	107	42	0	255
 34512	33	33	51	102	107	42	0	255
 34558	33	33	51	102	107	42	0	255
 34603	33	33	51	102	107	45	0	255
 34649	33	33	51	102	107	45	0	255
 34693	33	33	51	102	107	45	0	255
 34739	32	33	51	102	107	46	0	255
 34784	33	33	51	102	107	46	0	255
 34830	32	33	51	102	107	46	0	255
 34875	32	33	51	102	107	47	0	255
 34920	33	33	51	102	107	47	0	255
 34966	33	33	51	102	107	47	0	255
 35011	32	33	51	102	107	48	0	255
 35056	32	33	51	102	107	50	0	255
 35102	32	33	51	102	107	50	0	255
 35147	32	33	51	102	107	50	0	255
 35192	33	33	51	102	107	50	0	255
 35238	32	33	51	102	106	51	0	255
 35283	32	33	51	102	107	51	0	255
 35328	32	33	51	101	107	52	0	255
 35374	32	33	51	101	107	52	0	255
 35419	32	33	51	102	106	53	0	255
 35464	32	33	51	101	106	54	0	255
 35510	32	33	51	102	106	54	0	255
 35555	32	33	51	101	107	54	0	255
 35601	32	33	51	101	106	56	0	255
 35646	32	33	51	101	106	56	0	255
 35691	32	33	51	101	106	56	0	255
 35737	32	33	51	101	106	57	0	255
 35782	32	33	51	101	106	58	0	255
 35827	32	33	51	101	106	60	0	255
 35873	32	33	51	101	106	58	0	255
 35918	32	33	51	101	106	61	0	255
 35963	32	33	51	101	106	62	0	255
 36009	32	33	51	101	106	64	0	255
 36054	32	33	51	101	106	65	0	255
 36099	32	33	51	101	106	65	0	255
 36145	32	33	51	101	106	67	0	255
 36190	32	33	51	101	106	68	0	255
 36235	32	33	51	101	106	71	0	255
 36281	32	33	51	101	106	74	0	255
 36326	32	33	51	101	106	75	0	255
 36371	32	33	51	101	106	76	0	255
 36417	32	33	51	101	106	79	0	255
 36462	32	33	51	101	106	82	0	255
 36508	32	33	51	101	106	85	0	255
 36553	32	33	51	101	106	86	0	255
 36598	32	32	51	101	106	89	0	255
 36644	32	32	51	101	106	92	0	255
 36689	32	32	51	101	106	94	0	255
 36734	32	32	51	101	106	98	0	255
 36780	32	32	51	101	106	100	0	255
 36825	31	34	51	101	106	106	8	255
 36870	43	47	51	101	106	120	8	255
 36916	62	56	51	101	106	127	8	255
 36961	75	62	51	101	106	124	8	255
 37006	83	66	51	101	106	120	8	255
 37052	86	68	51	101	106	126	8	255
 37097	91	70	51	101	106	130	8	255
 37142	94	71	51	101	106	122	8	255
 37188	94	71	51	101	106	109	8	255
 37233	90	72	51	101	106	100	8	255
 37279	86	72	51	101	106	98	8	255
 37324	83	73	51	101	106	100	8	255
 37369	82	73	51	101	106	104	8	255
 37415	83	74	51	101	106	106	8	255
 37460	83	74	51	101	106	106	8	255
 37505	84	74	51	101	106	108	8	255
 37551	85	74	51	101	106	109	8	255
 37596	85	74	51	101	106	109	8	255
 37641	86	75	51	101	106	109	8	255
 37687	87	75	51	101	106	110	8	255
 37732	87	75	51	102	106	112	8	255
 37777	88	75	51	102	106	112	8	255
 37823	89	75	51	101	106	114	8	255
 37868	90	75	51	101	106	116	8	255
 37913	91	75	52	101	106	114	8	255
 37959	91	75	52	101	106	118	8	255
 38004	92	76	52	102	106	116	8	255
 38049	92	76	52	102	106	118	8	255
 38095	93	76	52	101	106	118	8	255
 38140	93	76	52	101	106	118	8	255
 38186	93	76	52	101	106	116	8	255
 38231	93	76	52	102	106	114	8	255
 38277	93	76	52	101	106	114	8	255
 38322	92	76	52	102	106	114	8	255
 38367	92	77	52	101	106	114	8	255
 38412	92	77	52	101	106	116	8	255
 38458	92	77	52	101	106	114	8	255
 38503	92	77	52	101	106	114	8	255
 38548	92	77	52	101	106	116	8	255
 38594	92	77	52	101	106	118	8	255
 38639	93	77	52	101	106	119	8	255
 38684	93	77	52	101	106	119	8	255
 38730	94	77	52	101	106	122	8	255
 38775	95	77	52	101	106	123	8	255
 38820	96	77	52	101	106	124	8	255
 38866	97	78	52	101	106	124	8	255
 38911	98	78	52	101	106	126	8	255
 38957	99	78	52	102	106	128	8	255
 39002	100	78	52	102	106	128	8	255
 39047	100	78	52	102	106	127	8	255
 39093	101	78	52	102	106	127	8	255
 39138	101	78	52	102	106	127	8	255
 39183	101	78	52	102	106	127	8	255
 39229	101	78	52	102	106	128	8	255
 39274	102	78	52	102	106	130	8	255
 39319	102	79	52	102	106	130	8	255
 39365	102	79	52	102	106	131	8	255
 39410	103	79	52	102	106	131	8	255
 39455	103	79	52	102	106	131	8	255
 39501	104	79	52	102	106	132	8	255
 39546	104	79	53	102	106	131	8	255
 39592	105	79	53	102	106	132	8	255
 39637	105	79	53	102	106	132	8	255
 39682	105	79	53	102	106	134	8	255
 39728	105	79	53	103	106	132	8	255
 39773	106	80	53	103	106	134	8	255
 39818	106	80	53	103	106	136	8	255
 39864	107	80	53	103	106	137	8	255
 39909	107	80	53	103	106	137	8	255
 39954	108	80	53	103	106	137	8	255
 40000	109	80	53	103	106	138	8	255
 40045	109	80	53	103	106	138	8	255
 40090	110	80	53	103	106	140	8	255
 40136	110	80	53	103	106	140	8	255
 40181	110	80	53	103	106	140	8	255
 40226	111	80	53	104	106	140	8	255
 40272	111	81	53	104	106	141	8	255
 40317	111	81	53	104	106	141	8	255
 40362	111	81	53	104	106	141	8	255
 40408	111	81	53	104	106	140	8	255
 40453	111	81	53	104	106	140	8	255
 40498	111	81	53	104	107	140	8	255
 40545	111	81	53	104	107	140	8	255
 40589	111	81	53	104	107	140	8	255
 40635	111	81	53	104	107	138	8	255
 40680	110	81	53	104	107	132	8	255
 40725	108	81	53	104	107	130	8	255
 40771	106	81	53	104	107	126	8	255
 40816	103	81	53	104	107	122	8	255
 40862	101	81	53	104	107	119	8	255
 40907	99	81	53	104	107	116	8	255
 40952	97	82	54	104	107	116	8	255
 40997	96	82	54	104	107	118	8	255
 41043	96	82	54	104	107	122	8	255
 41088	96	82	54	104	107	122	8	255
 41133	97	82	54	104	107	127	8	255
 41179	99	82	54	104	107	130	8	255
 41224	101	82	54	104	107	132	8	255
 41269	103	82	54	104	107	137	8	255
 41315	105	82	54	104	107	138	8	255
 41360	107	82	54	105	107	138	8	255
 41406	108	82	54	105	107	138	8	255
 41451	108	83	54	105	107	134	8	255
 41496	107	83	54	105	107	131	8	255
 41542	106	83	54	105	107	127	8	255
 41587	104	83	54	105	107	126	8	255
 41632	103	83	54	105	107	126	8	255
 41678	102	83	54	105	107	126	8	255
 41723	102	83	54	105	107	127	8	255
 41768	102	83	54	105	107	126	8	255
 41814	102	83	54	105	107	126	8	255
 41859	102	83	54	105	107	127	8	255
 41904	102	83	54	105	107	128	8	255
 41950	102	83	54	105	107	130	8	255
 41995	103	83	54	105	107	131	8	255
 42040	104	83	54	105	107	132	8	255
 42086	105	84	54	105	107	136	8	255
 42131	106	84	54	105	107	136	8	255
 42176	107	84	55	105	107	137	8	255
 42222	108	84	55	105	107	138	8	255
 42267	109	84	55	105	107	140	8	255
 42313	109	84	55	105	108	138	8	255
 42358	110	84	55	105	108	140	8	255
 42403	111	84	55	105	108	141	8	255
 42449	111	84	55	105	108	141	8	255
 42494	112	84	55	105	108	142	8	255
 42539	112	84	55	105	108	144	8	255
 42585	113	84	55	105	108	144	8	255
 42630	114	84	55	105	108	145	8	255
 42675	114	84	55	105	108	145	8	255
 42721	115	84	55	106	108	145	8	255
 42766	115	84	55	106	108	145	8	255
 42811	116	85	55	106	108	146	8	255
 42857	116	85	55	106	108	146	8	255
 42902	116	85	55	106	108	146	8	255
 42947	117	85	55	106	108	146	8	255
 42993	117	85	55	106	108	148	8	255
 43038	117	85	55	106	109	146	8	255
 43084	116	85	55	106	109	145	8	255
 43129	116	85	55	106	109	141	8	255
 43174	114	85	55	106	109	140	8	255
 43220	113	85	55	106	109	140	8	255
 43265	113	85	55	106	109	140	8	255
 43310	112	85	55	106	109	140	8	255
 43356	112	85	55	106	109	140	8	255
 43401	112	85	56	106	109	141	8	255
 43446	112	85	56	107	109	142	8	255
 43492	112	85	56	107	109	144	8	255
 43537	113	85	56	107	109	145	8	255
 43582	114	85	56	107	109	145	8	255
 43628	114	86	56	107	109	145	8	255
 43673	114	86	56	107	109	144	8	255
 43718	114	86	56	107	109	142	8	255
 43764	114	86	56	107	109	142	8	255
 43809	114	86	56	107	109	141	8	255
 43855	113	86	56	107	110	140	8	255
 43900	112	86	56	107	110	136	8	255
 43945	111	86	56	107	110	134	8	255
 43991	109	86	56	107	110	130	8	255
 44036	107	86	56	107	110	128	8	255
 44081	106	86	56	107	110	128	8	255
 44127	105	86	56	107	110	128	8	255
 44172	104	86	56	107	110	130	8	255
 44217	104	86	56	107	110	130	8	255
 44263	104	86	56	107	110	131	8	255
 44308	104	86	56	107	110	131	8	255
 44363	105	86	56	107	110	132	8	255
 44408	105	86	56	108	110	132	8	255
 44453	105	86	56	108	110	132	8	255
 44498	106	86	56	108	110	132	8	255
 44544	106	86	56	108	110	132	8	255
 44589	106	87	56	108	110	134	8	255
 44635	106	87	57	108	110	132	8	255
 44680	106	87	57	108	110	131	8	255
 44725	106	87	57	108	110	131	8	255
 44771	105	87	57	108	110	130	8	255
 44816	104	87	57	108	110	128	8	255
 44861	104	87	57	108	110	127	8	255
 44907	103	87	57	108	110	127	8	255
 44952	103	87	57	108	110	126	8	255
 44997	102	87	57	108	110	127	8	255
 45043	102	87	57	108	110	127	8	255
 45088	102	87	57	108	110	127	8	255
 45133	102	87	57	108	110	128	8	255
 45179	102	87	57	108	110	128	8	255
 45224	102	87	57	108	110	127	8	255
 45269	102	87	57	108	110	127	8	255
 45315	103	87	57	108	110	128	8	255
 45360	103	87	57	108	110	130	8	255
 45406	103	87	57	108	110	130	8	255
 45451	104	87	57	108	110	132	8	255
 45496	105	87	57	108	110	134	8	255
 45542	105	87	57	108	110	132	8	255
 45587	106	87	57	108	110	132	8	255
 45632	106	87	57	108	110	136	8	255
 45678	107	88	57	108	110	136	8	255
 45723	107	88	57	108	110	134	8	255
 45768	107	88	57	108	110	134	8	255
 45814	107	88	57	108	110	136	8	255
 45859	108	88	57	108	110	136	8	255
 45904	108	88	57	108	111	136	8	255
 45950	108	88	58	108	111	136	8	255
 45995	108	88	58	108	111	137	8	255
 46040	109	88	58	108	111	137	8	255
 46086	109	88	58	108	111	138	8	255
 46131	110	88	58	108	111	141	8	255
 46177	111	88	58	108	111	141	8	255
 46222	112	88	58	108	111	144	8	255
 46267	113	88	58	108	111	145	8	255
 46313	114	88	58	108	111	145	8	255
 46358	115	88	58	109	111	146	8	255
 46403	115	88	58	109	111	146	8	255
 46449	116	88	58	109	111	148	8	255
 46494	116	88	58	109	111	148	8	255
 46539	117	88	58	109	111	148	8	255
 46585	117	88	58	109	111	145	8	255
 46630	116	88	58	109	111	141	8	255
 46675	115	88	58	109	111	141	8	255
 46721	114	88	58	109	111	140	8	255
 46766	113	88	58	109	111	140	8	255
 46811	112	88	58	109	111	137	8	255
 46857	111	88	58	109	112	132	8	255
 46902	109	88	58	109	112	132	8	255
 46947	108	88	58	109	112	132	8	255
 46993	108	89	58	109	112	134	8	255
 47038	108	89	58	109	112	136	8	255
 47084	108	89	58	109	112	134	8	255
 47129	108	89	58	109	112	131	8	255
 47174	107	89	58	109	112	131	8	255
 47220	107	89	58	109	112	132	8	255
 47265	106	89	58	109	112	131	8	255
 47310	106	89	58	109	112	131	8	255
 47356	106	89	59	109	112	128	8	255
 47401	105	89	59	109	112	127	8	255
 47447	104	89	59	110	112	126	8	255
 47492	103	89	59	110	112	124	8	255
 47537	101	89	59	110	112	122	8	255
 47582	100	89	59	110	112	120	8	255
 47628	99	89	59	110	112	119	8	255
 47673	98	89	59	110	112	116	8	255
 47718	96	89	59	110	112	114	8	255
 47764	95	89	59	109	112	113	8	255
 47809	94	89	59	109	112	113	0	255
 47854	93	88	59	109	112	113	0	255
 47900	92	87	59	110	112	113	0	255
 47945	90	86	59	110	112	116	0	255
 47991	89	84	59	110	112	120	8	255
 48036	91	85	59	110	112	130	8	255
 48081	96	86	59	109	112	138	8	255
 48127	102	87	59	110	112	145	8	255
 48172	107	88	59	109	112	150	8	255
 48217	111	88	59	109	112	154	8	255
 48263	115	89	59	109	112	156	8	255
 48308	119	89	59	110	112	162	8	255
 48353	122	89	59	110	112	164	8	255
 48399	124	89	59	110	112	164	8	255
 48444	126	89	59	110	112	164	8	255
 48489	127	89	59	110	112	164	8	255
 48535	128	89	59	110	112	166	8	255
 48580	129	89	59	110	113	168	8	255
 48625	130	89	59	110	113	170	8	255
 48671	132	89	59	110	113	171	8	255
 48716	133	90	59	110	113	174	8	255
 48762	134	90	59	110	113	172	8	255
 48807	135	90	59	110	113	174	8	255
 48852	135	90	59	111	113	172	8	255
 48898	135	90	59	111	113	172	8	255
 48943	135	90	59	111	113	171	8	255
 48988	135	90	59	111	114	166	8	255
 49034	134	90	59	111	114	162	8	255
 49079	132	90	59	111	114	160	8	255
 49124	129	90	59	111	114	155	8	255
 49170	127	89	60	111	114	150	8	255
 49215	124	89	60	112	114	146	8	255
 49260	121	90	60	112	114	142	8	255
 49306	118	90	60	112	114	138	8	255
 49351	115	90	60	112	114	134	8	255
 49396	113	89	60	112	114	128	8	255
 49442	110	89	60	112	114	127	8	255
 49487	107	90	60	112	114	123	8	255
 49533	104	90	60	112	114	120	8	255
 49578	102	90	60	112	114	118	8	255
 49623	99	90	60	112	114	116	8	255
 49669	97	90	60	112	114	113	0	255
 49714	95	89	60	112	114	113	0	255
 49759	94	88	60	112	114	112	0	255
 49805	92	87	60	112	114	113	0	255
 49850	91	86	60	112	114	113	0	255
 49895	89	85	60	112	114	112	0	255
 49941	88	84	60	112	114	113	0	255
 49986	87	83	60	112	114	113	0	255
 50032	86	82	60	112	114	113	0	255
 50077	84	81	60	112	114	114	0	255
 50122	83	81	60	112	114	116	0	255
 50167	82	80	60	112	114	119	0	255
 50213	82	79	60	112	114	127	8	255
 50258	89	83	60	112	114	137	8	255
 50303	97	85	60	112	114	144	8	255
 50349	104	87	60	112	114	148	8	255
 50394	109	88	60	112	114	152	8	255
 50440	113	89	60	112	114	160	8	255
 50485	118	89	60	112	114	166	8	255
 50530	123	89	60	112	115	170	8	255
 50576	126	90	60	112	115	166	8	255
 50621	128	90	60	112	115	165	8	255
 50666	128	90	60	112	115	165	8	255
 50712	129	90	60	112	115	166	8	255
 50757	129	90	60	112	115	166	8	255
 50802	130	90	60	112	115	166	8	255
 50848	131	90	60	113	115	165	8	255
 50893	131	90	60	113	115	165	8	255
 50938	131	90	60	113	115	164	8	255
 50984	130	90	60	113	115	161	8	255
 51029	129	90	60	113	116	160	8	255
 51074	128	90	60	113	116	155	8	255
 51120	126	90	60	113	116	152	8	255
 51165	124	90	60	113	116	150	8	255
 51210	122	90	60	113	116	146	8	255
 51256	120	90	60	113	116	144	8	255
 51301	118	91	60	113	116	145	8	255
 51347	117	91	60	113	116	144	8	255
 51392	116	91	60	114	116	144	8	255
 51437	116	91	61	114	116	145	8	255
 51483	116	91	61	114	116	145	8	255
 51528	116	91	61	114	116	148	8	255
 51575	116	91	61	114	116	148	8	255
 51619	117	91	61	114	116	148	8	255
 51664	117	91	61	114	116	146	8	255
 51709	117	91	61	114	116	145	8	255
 51755	117	91	61	114	116	142	8	255
 51800	116	91	61	114	116	142	8	255
 51845	115	91	61	114	116	138	8	255
 51891	113	91	61	114	117	137	8	255
 51936	112	91	61	114	117	134	8	255
 51981	110	91	61	114	117	132	8	255
 52027	109	91	61	114	117	131	8	255
 52072	107	91	61	114	117	130	8	255
 52117	107	91	61	114	117	131	8	255
 52163	106	91	61	114	117	130	8	255
 52208	106	91	61	114	117	130	8	255
 52254	105	91	61	114	117	127	8	255
 52299	104	91	61	114	117	128	8	255
 52344	104	92	61	114	117	130	8	255
 52390	104	92	61	114	117	130	8	255
 52435	105	92	61	114	117	130	8	255
 52480	105	92	61	114	117	132	8	255
 52526	105	92	61	114	117	132	8	255
 52571	106	91	61	114	117	132	8	255
 52616	106	91	61	114	117	136	8	255
 52662	107	92	61	114	117	137	8	255
 52707	108	92	61	114	117	140	8	255
 52752	110	92	61	114	117	142	8	255
 52798	111	92	61	114	117	144	8	255
 52843	113	92	61	114	117	146	8	255
 52888	114	92	61	114	117	148	8	255
 52934	116	92	61	114	117	152	8	255
 52979	118	92	61	114	117	155	8	255
 53025	120	92	61	114	117	155	8	255
 53070	121	92	61	114	117	155	8	255
 53118	122	92	61	114	117	155	8	255
 53161	122	92	61	114	117	152	8	255
 53206	122	92	62	114	117	151	8	255
 53251	121	92	61	115	117	150	8	255
 53297	120	92	62	115	117	146	8	255
 53342	119	92	62	115	117	145	8	255
 53387	118	92	62	115	117	148	8	255
 53433	118	92	62	115	117	148	8	255
 53478	118	93	62	115	117	150	8	255
 53523	118	93	62	115	117	150	8	255
 53569	119	93	62	115	117	151	8	255
 53614	119	93	62	115	117	150	8	255
 53659	119	93	62	115	118	145	8	255
 53705	118	93	62	115	118	145	8	255
 53750	117	93	62	115	118	142	8	255
 53796	116	93	62	115	118	141	8	255
 53841	115	93	62	115	118	140	8	255
 53886	113	93	62	115	118	137	8	255
 53932	112	93	62	115	118	136	8	255
 53977	111	93	62	115	118	134	8	255
 54022	109	93	62	115	118	132	8	255
 54068	108	93	62	115	118	130	8	255
 54113	107	93	62	115	118	130	8	255
 54158	106	93	62	115	118	128	8	255
 54204	105	93	62	115	118	126	8	255
 54249	104	93	62	115	118	126	8	255
 54294	103	93	62	115	118	124	8	255
 54340	102	93	62	115	118	126	8	255
 54385	102	93	62	115	118	126	8	255
 54430	102	93	62	115	118	127	8	255
 54476	103	93	62	115	118	130	8	255
 54521	103	93	62	115	118	132	8	255
 54576	105	93	62	115	118	136	8	255
 54621	107	93	62	115	118	136	8	255
 54666	107	93	62	115	118	136	8	255
 54712	108	93	62	115	118	134	8	255
 54757	108	93	62	115	118	134	8	255
 54802	107	93	62	115	118	132	8	255
 54848	107	93	62	115	118	134	8	255
 54893	107	94	62	115	118	132	8	255
 54938	107	94	62	115	118	131	8	255
 54984	106	94	62	115	118	131	8	255
 55029	106	94	62	115	118	131	8	255
 55074	106	94	63	115	118	130	8	255
 55120	105	94	63	115	118	128	8	255
 55165	105	94	63	115	118	127	8	255
 55210	104	94	63	115	118	127	8	255
 55256	103	94	63	115	118	127	8	255
 55301	103	94	63	115	118	127	8	255
 55347	103	94	63	115	118	128	8	255
 55392	103	94	63	115	118	130	8	255
 55437	103	94	63	115	118	130	8	255
 55483	104	94	63	115	118	131	8	255
 55528	104	94	63	115	118	132	8	255
 55573	105	94	63	115	118	134	8	255
 55619	106	94	63	115	118	134	8	255
 55664	107	94	63	115	118	136	8	255
 55709	107	94	63	115	118	138	8	255
 55755	108	94	63	115	118	137	8	255
 55800	109	94	63	115	118	136	8	255
 55845	109	94	63	115	118	134	8	255
 55891	109	94	63	115	118	132	8	255
 55936	108	94	63	115	118	131	8	255
 55981	107	94	63	115	118	128	8	255
 56027	106	94	63	115	118	127	8	255
 56072	104	94	63	115	118	124	8	255
 56118	103	94	63	115	118	123	8	255
 56163	101	94	63	115	118	120	8	255
 56208	99	94	63	115	118	120	0	255
 56254	98	93	63	115	118	120	0	255
 56300	97	92	63	115	118	122	0	255
 56345	95	91	63	115	118	123	0	255
 56390	94	90	63	115	118	122	0	255
 56435	92	89	63	115	118	124	0	255
 56480	92	88	63	115	118	128	8	255
 56526	96	90	63	115	118	130	8	255
 56571	99	91	63	115	118	131	8	255
 56616	102	93	63	115	118	130	8	255
 56662	103	93	63	115	118	131	8	255
 56707	104	94	63	115	118	136	8	255
 56752	105	94	63	115	118	136	8	255
 56798	107	94	63	115	118	136	8	255
 56843	108	94	63	115	118	134	8	255
 56889	107	94	63	115	118	131	8	255
 56934	107	94	63	115	118	131	8	255
 56979	106	94	63	115	118	130	8	255
 57025	106	94	63	115	118	130	8	255
 57070	105	94	63	115	118	128	8	255
 57115	105	95	63	115	118	128	8	255
 57161	104	95	63	115	118	126	8	255
 57206	103	95	63	115	118	123	8	255
 57251	102	95	63	115	118	122	8	255
 57297	101	95	64	115	118	122	8	255
 57342	99	94	64	115	118	120	0	255
 57387	98	93	64	115	118	120	0	255
 57433	97	92	64	115	118	120	0	255
 57478	96	91	64	115	118	119	0	255
 57524	94	90	64	115	118	119	0	255
 57569	93	89	64	115	118	118	0	255
 57614	92	88	64	115	118	118	0	255
 57660	91	86	64	115	118	118	0	255
 57705	89	85	64	115	118	116	0	255
 57750	88	84	64	115	118	114	0	255
 57796	87	82	64	115	118	113	0	255
 57841	86	81	64	115	118	112	0	255
 57886	85	80	64	115	118	112	0	255
 57932	83	79	64	115	118	112	0	255
 57977	82	78	64	115	118	110	0	255
 58022	81	77	64	115	118	110	0	255
 58068	80	76	64	115	118	110	0	255
 58113	79	75	64	115	118	110	0	255
 58158	78	74	64	115	118	109	0	255
 58204	77	74	64	115	118	109	0	255
 58249	76	73	64	115	118	109	0	255
 58294	75	72	64	115	118	108	0	255
 58340	74	71	64	115	118	108	0	255
 58385	73	71	64	115	118	108	0	255
 58430	72	70	63	115	118	106	0	255
 58476	72	69	64	115	118	106	0	255
 58525	71	68	63	115	118	106	0	255
 58567	70	67	63	115	118	106	0	255
 58612	69	67	63	115	118	105	0	255
 58657	68	66	63	115	118	105	0	255
 58703	68	65	63	115	118	105	0	255
 58748	67	64	63	115	118	104	0	255
 58793	66	64	63	115	118	102	0	255
 58839	65	64	63	115	118	102	0	255
 58884	65	63	63	115	118	102	0	255
 58929	64	63	63	115	118	101	0	255
 58975	64	63	63	115	118	101	0	255
 59020	63	62	63	115	118	101	0	255
 59065	62	62	63	115	118	98	0	255
 59111	62	61	63	115	118	98	0	255
 59157	61	61	63	115	118	98	0	255
 59201	61	61	63	115	118	98	0	255
 59247	60	60	63	115	118	97	0	255
 59292	60	60	63	115	118	97	0	255
 59338	59	59	63	115	118	97	0	255
 59383	59	59	63	115	118	97	0	255
 59428	58	59	63	115	118	97	0	255
 59474	58	58	63	115	118	96	0	255
 59519	57	58	63	115	118	96	0	255
 59564	57	57	63	115	118	94	0	255
 59610	56	57	63	115	118	94	0	255
 59655	56	57	63	115	118	94	0	255
 59700	55	56	63	115	118	93	0	255
 59746	55	56	63	115	118	93	0	255
 59791	55	55	63	115	118	93	0	255
 59836	54	55	63	115	118	92	0	255
 59882	54	55	63	115	118	93	0	255
 59927	53	54	63	115	118	93	0	255
 59972	53	54	63	115	118	92	0	255
 60018	53	54	63	115	118	90	0	255
 60063	52	53	63	115	118	90	0	255
 60109	52	53	63	115	118	89	0	255
 60154	52	53	63	115	118	89	0	255
 60199	51	53	63	115	118	89	0	255
 60245	51	52	63	115	118	88	0	255
 60290	51	52	63	115	118	88	0	255
 60335	50	52	63	115	118	88	0	255
 60381	50	51	63	115	118	85	0	255
 60435	50	51	63	115	118	85	0	255
 60480	50	51	63	115	118	85	0	255
 60526	49	50	63	115	118	84	0	255
 60571	49	50	63	115	118	84	0	255
 60616	49	50	63	115	118	83	0	255
 60662	48	50	63	115	118	84	0	255
 60707	48	49	63	115	118	82	0	255
 60752	48	49	63	115	118	82	0	255
 60798	48	49	63	115	118	80	0	255
 60843	47	49	63	115	118	80	0	255
 60889	47	48	63	115	118	79	0	255
 60934	47	48	63	115	118	78	0	255
 60979	47	47	63	115	118	79	0	255
 61025	47	47	63	115	118	78	0	255
 61070	46	47	63	115	118	78	0	255
 61115	46	46	63	115	118	76	0	255
 61161	46	46	63	115	118	76	0	255
 61206	46	46	63	115	118	75	0	255
 61251	46	46	63	115	118	75	0	255
 61297	45	45	63	115	118	74	0	255
 61342	45	45	63	115	118	72	0	255
 61387	45	45	63	115	118	72	0	255
 61433	45	45	63	115	118	72	0	255
 61478	45	44	63	115	118	70	0	255
 61523	45	44	63	115	118	70	0	255
 61569	44	44	63	115	118	68	0	255
 61614	44	44	63	115	118	68	0	255
 61660	44	43	63	115	118	68	0	255
 61705	44	43	63	115	118	67	0	255
 61750	44	43	63	115	118	66	0	255
 61796	44	43	63	115	118	66	0	255
 61841	43	43	63	115	118	65	0	255
 61886	43	43	63	115	118	65	0	255
 61932	43	42	63	115	118	64	0	255
 61977	43	42	63	115	117	62	0	255
 62022	43	42	63	115	118	62	0	255
 62068	43	42	63	115	118	61	0	255
 62113	43	42	63	115	118	61	0	255
 62159	43	42	63	114	118	61	0	255
 62204	42	42	63	114	118	60	0	255
 62249	42	41	63	114	117	58	0	255
 62294	42	41	63	114	118	57	0	255
 62340	42	41	63	114	117	57	0	255
 62385	42	41	63	114	117	56	0	255
 62431	42	41	63	114	117	56	0	255
 62476	42	41	63	114	118	56	0	255
 62521	42	41	63	114	117	56	0	255
 62567	41	41	63	114	118	53	0	255
 62612	41	41	63	114	117	53	0	255
 62657	41	41	63	114	117	53	0	255
 62703	41	41	63	114	117	52	0	255
 62748	41	40	63	114	117	52	0	255
 62794	41	40	63	114	117	52	0	255
 62839	41	40	63	114	117	51	0	255
 62886	41	40	63	114	117	51	0	255
 62929	41	40	63	114	117	50	0	255
 62975	41	40	63	114	117	50	0	255
 63020	41	40	63	114	117	48	0	255
 63065	40	40	63	114	117	47	0	255
 63111	40	40	63	114	117	47	0	255
 63156	40	40	63	114	117	46	0	255
 63202	40	40	63	114	117	46	0	255
 63247	40	40	62	114	117	46	0	255
 63292	40	40	62	114	117	45	0	255
 63338	40	39	62	114	117	45	0	255
 63383	40	39	62	114	117	44	0	255
 63428	40	39	62	114	117	42	0	255
 63474	40	39	62	114	117	42	0	255
 63519	40	39	62	114	117	42	0	255
 63564	40	39	62	114	117	42	0	255
 63610	40	39	62	114	117	41	0	255
 63656	40	39	62	114	117	41	0	255
 63700	39	39	62	114	117	41	0	255
 63746	39	39	62	114	117	40	0	255
 63791	39	39	62	114	117	40	0	255
 63836	39	39	62	114	117	38	0	255
 63882	39	39	62	114	117	38	0	255
 63927	39	39	62	114	117	38	0	255
 63972	39	39	62	114	117	37	0	255
 64018	39	39	62	114	117	38	0	255
 64063	39	39	62	114	117	36	0	255
 64109	39	38	62	114	117	36	0	255
 64154	39	38	62	114	117	36	0	255
 64199	39	38	62	114	117	35	0	255
 64245	39	38	62	114	117	35	0	255
 64290	39	38	62	114	117	35	0	255
 64335	39	38	62	114	117	35	0	255
 64381	39	38	62	114	117	34	0	255
 64426	39	38	62	114	117	34	0	255
 64471	39	38	62	114	117	34	0	255
 64517	38	38	62	114	117	31	0	255
 64562	38	38	62	114	117	32	0	255
 64616	38	38	62	114	117	31	0	255
 64662	38	38	62	114	117	31	0	255
 64707	38	38	62	114	117	31	0	255
 64753	38	38	62	114	117	31	0	255
 64798	38	38	62	114	117	31	0	255
 64843	38	38	62	114	117	30	0	255
 64889	38	38	62	114	117	30	0	255
 64934	38	38	62	114	117	30	0	255
 64979	38	38	62	114	117	30	0	255
 65025	38	38	62	114	117	29	0	255
 65070	38	37	62	114	117	29	0	255
 65115	38	37	62	114	117	28	0	255
 65161	38	37	62	114	117	29	0	255
 65206	38	37	62	114	117	28	0	255
 65251	38	37	62	114	117	28	0	255
 65297	38	37	62	114	117	28	0	255
 65342	38	37	62	114	117	28	0	255
 65387	38	37	62	114	117	26	0	255
 65433	38	37	62	114	117	26	0	255
 65478	38	37	62	114	117	25	0	255
 65524	38	37	62	114	117	26	0	255
 65569	38	37	62	114	117	25	0	255
 65614	38	37	62	114	117	26	0	255
 65660	37	37	62	114	117	25	0	255
 65706	37	37	62	114	117	25	0	255
 65750	37	37	62	114	117	25	0	255
 65796	37	37	62	114	117	25	0	255
 65841	37	37	62	114	117	25	0	255
 65886	37	37	62	114	117	25	0	255
 65932	37	37	62	114	117	24	0	255
 65977	37	37	62	114	117	24	0	255
 66022	37	37	62	114	117	23	0	255
 66068	37	37	62	114	117	24	0	255
 66113	37	37	62	114	117	24	0	255
 66158	37	37	62	114	117	23	0	255
 66204	37	37	62	114	117	24	0	255
 66249	37	37	62	114	117	24	0	255
 66295	37	37	62	114	117	23	0	255
 66340	37	37	62	114	117	23	0	255
 66385	37	37	62	114	117	23	0	255
 66431	37	37	62	114	117	23	0	255
 66476	37	37	62	114	117	22	0	255
 66521	37	37	62	114	117	23	0	255
 66567	37	36	62	114	117	22	0	255
 66612	37	36	62	114	117	22	0	255
 66657	37	36	62	114	117	22	0	255
 66703	37	36	62	114	117	22	0	255
 66748	37	36	62	114	117	22	0	255
 66793	37	36	62	114	117	22	0	255
 66839	37	36	62	114	117	22	0	255
 66884	37	36	62	114	117	20	0	255
 66929	37	36	62	114	117	20	0	255
 66975	37	36	62	114	117	20	0	255
 67020	37	36	62	114	117	20	0	255
 67066	37	36	62	114	117	20	0	255
 67111	37	36	62	114	117	20	0	255
 67156	37	36	62	114	117	20	0	255
 67202	37	36	62	114	117	20	0	255
 67247	37	36	62	114	117	19	0	255
 67292	37	36	62	114	117	20	0	255
 67338	37	36	62	114	117	19	0	255
 67383	36	36	62	114	117	20	0	255
 67428	36	36	62	114	117	19	0	255
 67474	36	36	62	114	117	19	0	255
 67519	36	36	62	114	117	19	0	255
 67564	36	36	62	114	117	19	0	255
 67610	36	36	62	114	117	19	0	255
 67657	36	36	62	114	117	19	0	255
 67700	36	36	62	114	117	18	0	255
 67746	36	36	62	114	117	18	0	255
 67791	36	36	62	114	117	18	0	255
 67836	36	36	62	114	117	18	0	255
 67882	36	36	62	114	117	19	0	255
 67927	36	36	62	114	117	18	0	255
 67973	36	36	62	114	117	18	0	255
 68018	36	36	62	114	117	18	0	255
 68063	36	36	62	114	117	19	0	255
 68109	36	36	62	114	117	17	0	255
 68154	36	36	62	114	117	18	0	255
 68199	36	36	62	114	117	18	0	255
 68245	36	36	62	114	117	18	0	255
 68290	36	36	62	114	117	18	0	255
 68335	36	36	62	114	117	17	0	255
 68381	36	36	62	114	117	18	0	255
 68426	36	36	62	113	117	18	0	255
 68471	36	36	62	113	117	18	0	255
 68517	36	36	62	113	117	18	0	255
 68563	36	36	62	113	117	17	0	255
 68607	36	36	62	113	117	16	0	255
 68653	36	36	62	113	117	17	0	255
 68698	36	36	62	113	117	17	0	255
 68744	36	36	62	113	117	16	0	255
 68789	36	36	62	113	117	17	0	255
 68834	36	36	62	113	117	17	0	255
 68880	36	36	62	113	117	17	0	255
 68925	36	36	61	113	117	17	0	255
 68970	36	36	62	113	117	16	0	255
 69016	36	36	61	113	117	16	0	255
 69061	36	36	62	113	117	16	0	255
 69106	36	36	61	113	117	16	0	255
 69152	36	36	61	113	117	16	0	255
 69197	36	36	61	113	117	16	0	255
 69242	36	36	61	113	117	16	0	255
 69288	36	36	61	113	117	16	0	255
 69333	36	36	61	113	117	16	0	255
 69383	36	36	61	113	117	14	0	255
 69424	36	36	61	113	117	16	0	255
 69469	36	36	61	113	117	16	0	255
 69514	36	36	61	113	117	16	0	255
 69560	36	35	61	113	117	14	0	255
 69605	36	35	61	113	117	14	0	255
 69651	36	35	61	113	117	16	0	255
 69696	36	35	61	113	117	16	0	255
 69741	36	35	61	113	117	16	0	255
 69787	36	35	61	113	117	14	0	255
 69832	36	35	61	113	117	16	0	255
 69877	36	35	61	113	117	16	0	255
 69923	36	35	61	113	117	14	0	255
 69968	36	35	61	113	117	14	0	255
 70013	36	35	61	113	117	14	0	255
 70059	36	35	61	113	117	14	0	255
 70104	36	35	61	113	117	14	0	255
 70149	36	35	61	113	117	14	0	255
 70195	36	35	61	113	117	14	0	255
 70240	36	35	61	113	117	14	0	255
 70285	36	35	61	113	117	14	0	255
 70331	36	35	61	113	117	14	0	255
 70376	36	35	61	113	117	14	0	255
 70422	36	35	61	113	117	14	0	255
 70467	36	35	61	113	117	14	0	255
 70512	36	35	61	113	117	13	0	255
 70558	36	35	61	113	117	14	0	255
 70603	36	35	61	113	117	14	0	255
 70648	36	35	61	113	117	14	0	255
 70694	36	35	61	113	117	14	0	255
 70739	35	35	61	113	117	13	0	255
 70784	36	35	61	113	117	13	0	255
 70830	35	35	61	113	117	14	0	255
 70875	35	35	61	113	117	13	0	255
 70920	35	35	61	113	117	13	0	255
 70966	35	35	61	113	117	13	0	255
 71011	35	35	61	113	117	14	0	255
 71056	35	35	61	113	117	13	0	255
 71102	35	35	61	113	117	13	0	255
 71147	35	35	61	113	117	13	0	255
 71193	35	35	61	113	117	13	0	255
 71238	35	35	61	113	117	13	0	255
 71283	35	35	61	113	117	13	0	255
 71329	35	35	61	113	117	13	0	255
 71374	35	35	61	113	117	13	0	255
 71419	35	35	61	113	117	13	0	255
 71465	35	35	61	113	116	13	0	255
 71510	35	35	61	113	116	13	0	255
 71555	35	35	61	113	116	13	0	255
 71601	35	35	61	113	116	13	0	255
 71646	35	35	61	113	116	13	0	255
 71691	35	35	61	113	116	13	0	255
 71737	35	35	61	113	116	12	0	255
 71782	35	35	61	113	116	12	0	255
 71827	35	35	61	113	116	13	0	255
 71873	35	35	61	113	116	13	0	255
 71922	35	35	61	113	116	13	0	255
 71963	35	35	61	113	116	13	0	255
 72009	35	35	61	113	116	13	0	255
 72054	35	35	61	113	116	13	0	255
 72100	35	35	61	113	116	12	0	255
 72145	35	35	61	113	116	13	0	255
 72190	35	35	61	113	116	12	0	255
 72236	35	35	61	113	116	13	0	255
 72281	35	35	61	113	116	12	0	255
 72326	35	35	61	113	116	13	0	255
 72372	35	35	61	113	116	13	0	255
 72417	35	35	61	113	116	12	0	255
 72463	35	35	61	113	116	12	0	255
 72508	35	35	61	113	116	13	0	255
 72553	35	35	61	113	116	12	0	255
 72598	35	35	61	113	116	12	0	255
 72644	35	35	61	113	116	12	0	255
 72690	35	35	61	113	116	11	0	255
 72734	35	35	61	113	116	12	0	255
 72780	35	35	61	113	116	12	0	255
 72825	35	35	61	113	116	12	0	255
 72871	35	35	61	113	116	12	0	255
 72916	35	35	61	113	116	12	0	255
 72961	35	35	61	113	116	12	0	255
 73007	35	35	61	113	116	12	0	255
 73052	35	35	61	113	116	13	0	255
 73097	35	35	61	113	116	12	0	255
 73143	35	35	61	113	116	12	0	255
 73188	35	35	61	113	116	12	0	255
 73233	35	35	61	113	116	12	0	255
 73279	35	35	61	113	116	12	0	255
 73324	35	35	61	113	116	12	0	255
 73373	35	35	61	113	116	12	0	255
 73415	35	35	61	113	116	11	0	255
 73460	35	35	61	113	116	11	0	255
 73505	35	35	61	113	116	12	0	255
 73551	35	35	61	113	116	12	0	255
 73596	35	35	61	113	116	12	0	255
 73641	35	35	61	113	116	11	0	255
 73687	35	35	61	113	116	11	0	255
 73732	35	35	61	113	116	11	0	255
 73778	35	35	61	113	116	12	0	255
 73823	35	35	61	113	116	12	0	255
 73869	35	35	61	113	116	11	0	255
 73914	35	35	61	113	116	11	0	255
 73959	35	35	61	113	116	11	0	255
 74004	35	35	61	113	116	11	0	255
 74050	35	35	61	113	116	12	0	255
 74095	35	35	61	113	116	11	0	255
 74142	35	35	61	113	116	11	0	255
 74186	35	35	61	113	116	11	0	255
 74231	35	35	61	113	116	11	0	255
 74276	35	35	61	113	116	11	0	255
 74322	35	35	61	113	116	11	0	255
 74367	35	35	61	113	116	11	0	255
 74412	35	35	61	113	116	11	0	255
 74458	35	35	61	113	116	11	0	255
 74503	35	35	61	113	116	11	0	255
 74548	35	35	61	113	116	11	0	255
 74594	35	35	61	113	116	11	0	255
 74639	35	35	61	113	116	11	0	255
 74685	35	35	61	112	116	11	0	255
 74730	35	35	61	112	116	11	0	255
 74775	35	35	61	112	116	11	0	255
 74822	35	35	61	112	116	11	0	255
 74866	35	35	61	112	116	11	0	255
 74911	35	35	61	112	116	11	0	255
 74957	35	35	61	112	116	11	0	255
 75002	35	35	61	112	116	11	0	255
 75048	35	35	61	112	116	11	0	255
 75093	35	35	61	112	116	11	0	255
 75138	35	35	61	112	116	11	0	255
 75184	35	35	61	112	116	11	0	255
 75229	35	35	61	112	116	11	0	255
 75274	35	35	61	112	116	12	0	255
 75320	35	35	61	112	116	11	0	255
 75365	35	35	61	112	116	11	0	255
 75410	35	35	61	112	116	10	0	255
 75456	35	35	61	112	116	11	0	255
 75501	35	35	61	112	116	11	0	255
 75546	35	35	61	112	116	11	0	255
 75592	35	35	61	112	116	11	0	255
 75637	35	35	60	112	116	11	0	255
 75682	35	35	61	112	116	11	0	255
 75728	35	35	61	112	116	11	0	255
 75773	35	35	61	112	116	11	0	255
 75818	35	35	60	112	116	11	0	255
 75864	35	35	60	112	116	11	0	255
 75909	35	35	60	112	116	11	0	255
 75954	35	35	60	112	116	10	0	255
 76000	35	35	60	112	116	11	0	255
 76045	35	35	60	112	116	11	0	255
 76091	35	35	60	112	116	11	0	255
 76136	35	35	60	112	116	11	0	255
 76181	35	35	60	112	116	11	0	255
 76227	35	35	60	112	116	11	0	255
 76272	35	35	60	112	116	11	0	255
 76317	35	35	60	112	116	11	0	255
 76363	35	35	60	112	116	11	0	255
 76408	35	35	60	112	116	11	0	255
 76453	35	35	60	112	116	11	0	255
 76499	35	35	60	112	116	11	0	255
 76544	35	35	60	112	116	11	0	255
 76589	35	35	60	112	116	11	0	255
 76635	35	35	60	112	116	11	0	255
 76680	35	35	60	112	116	11	0	255
 76725	35	35	60	112	116	11	0	255
 76771	35	35	60	112	116	10	0	255
 76817	35	35	60	112	116	11	0	255
 76861	35	35	60	112	116	10	0	255
 76907	35	35	60	112	116	11	0	255
 76952	35	35	60	112	116	11	0	255
 76998	35	35	60	112	116	10	0	255
 77043	35	35	60	112	116	11	0	255
 77088	35	35	60	112	116	11	0	255
 77134	35	35	60	112	116	11	0	255
 77179	35	35	60	112	116	11	0	255
 77224	35	35	60	112	116	10	0	255
 77270	35	35	60	112	116	11	0	255
 77315	35	35	60	112	116	10	0	255
 77360	35	35	60	112	116	11	0	255
 77406	35	35	60	112	116	11	0	255
 77451	35	35	60	112	116	11	0	255
 77496	35	35	60	112	116	11	0	255
 77542	35	35	60	112	116	11	0	255
 77587	35	35	60	112	116	10	0	255
 77632	35	35	60	112	116	11	0	255
 77678	35	35	60	112	116	11	0	255
 77723	35	35	60	112	116	11	0	255
 77768	35	35	60	112	116	11	0	255
 77814	35	35	60	112	116	11	0	255
 77859	35	35	60	112	116	11	0	255
 77905	35	35	60	112	116	11	0	255
 77950	35	35	60	112	116	11	0	255
 77995	35	35	60	112	116	11	0	255
 78041	35	35	60	112	116	11	0	255
 78086	35	35	60	112	116	10	0	255
 78131	35	35	60	112	116	11	0	255
 78177	35	35	60	112	116	11	0	255
 78222	35	35	60	112	116	11	0	255
 78267	35	35	60	112	116	10	0	255
 78313	35	35	60	112	116	11	0	255
 78358	35	35	60	112	116	11	0	255
 78403	35	35	60	112	116	11	0	255
 78449	35	35	60	112	116	11	0	255
 78494	35	35	60	112	116	11	0	255
 78540	35	35	60	112	116	10	0	255
 78585	35	35	60	112	116	11	0	255
 78630	35	35	60	112	116	11	0	255
 78675	35	35	60	112	116	11	0	255
 78721	35	35	60	112	116	10	0	255
 78766	35	35	60	112	116	10	0	255
 78812	35	35	60	112	116	11	0	255
 78857	35	35	60	112	116	10	0	255
 78902	35	35	60	112	116	11	0	255
 78948	35	35	60	112	116	11	0	255
 78993	35	35	60	112	116	10	0	255
 79038	35	35	60	112	116	10	0	255
 79084	35	35	60	112	116	10	0	255
 79129	35	35	60	112	116	11	0	255
 79174	35	35	60	112	116	11	0	255
 79220	35	35	60	112	116	11	0	255
 79265	35	35	60	112	116	10	0	255
 79310	35	35	60	112	116	11	0	255
 79356	35	35	60	112	116	11	0	255
 79401	35	35	60	112	116	10	0	255
 79446	35	35	60	112	116	11	0	255
 79492	35	35	60	112	116	10	0	255
 79537	35	35	60	112	116	11	0	255
 79582	35	35	60	112	116	11	0	255
 79628	35	35	60	112	116	10	0	255
 79673	35	35	60	112	116	11	0	255
 79718	35	35	60	112	116	10	0	255
 79764	35	35	60	112	116	10	0	255
 79809	35	35	60	112	116	11	0	255
 79855	35	35	60	112	116	10	0	255
 79900	35	35	60	112	116	10	0	255
 79945	35	35	60	112	116	10	0	255
 79991	35	34	60	112	116	10	0	255
 80036	35	35	60	112	115	10	0	255
 80081	35	34	60	112	116	10	0	255
 80127	35	35	60	112	116	10	0	255
 80172	35	35	60	112	115	10	0	255
 80217	35	35	60	112	116	10	0	255
 80263	35	35	60	112	115	10	0	255
 80308	35	34	60	112	115	10	0	255
 80353	35	34	60	112	115	10	0	255
 80399	35	35	60	112	115	10	0	255
 80444	35	34	60	112	115	10	0	255
 80489	35	34	60	112	115	10	0	255
 80535	35	34	60	112	115	11	0	255
 80580	35	34	60	112	115	10	0	255
 80625	35	34	60	112	115	10	0	255
 80671	35	34	60	112	115	10	0	255
 80716	35	34	60	112	115	11	0	255
 80762	35	35	60	112	115	10	0	255
 80807	35	34	60	112	115	10	0	255
 80852	35	34	60	112	115	10	0	255
 80898	35	34	60	112	115	10	0	255
 80943	35	34	60	112	115	10	0	255
 80988	35	34	60	112	115	10	0	255
 81034	35	34	60	112	115	10	0	255
 81079	35	34	60	112	115	10	0	255
 81124	35	34	60	112	115	10	0	255
 81170	35	34	60	112	115	10	0	255
 81215	35	34	60	112	115	11	0	255
 81260	35	34	60	112	115	10	0	255
 81306	35	34	60	112	115	10	0	255
 81351	35	34	60	111	115	10	0	255
 81396	35	34	60	112	115	10	0	255
 81442	35	34	60	111	115	10	0	255
 81487	35	34	60	111	115	10	0	255
 81532	35	34	60	112	115	10	0	255
 81578	35	34	60	111	115	10	0	255
 81623	35	34	60	111	115	11	0	255
 81669	35	34	60	111	115	8	0	255
 81714	35	34	60	111	115	10	0	255
 81759	35	34	60	111	115	10	0	255
 81805	35	34	60	111	115	10	0	255
 81850	35	34	60	111	115	11	0	255
 81895	35	34	60	111	115	11	0	255
 81941	35	34	60	111	115	11	0	255
 81986	35	34	60	111	115	11	0	255
 82031	35	34	60	111	115	10	0	255
 82077	35	34	60	111	115	8	0	255
 82122	35	34	60	111	115	10	0	255
 82167	35	34	59	111	115	11	0	255
 82213	35	34	59	111	115	10	0	255
 82258	35	34	59	111	115	10	0	255
 82303	35	34	59	111	115	10	0	255
 82349	35	34	59	111	115	10	0	255
 82394	35	34	59	111	115	10	0	255
 82439	35	34	59	111	115	10	0	255
 82485	35	34	59	111	115	10	0	255
 82530	35	34	59	111	115	8	0	255
 82576	35	34	59	111	115	10	0	255
 82621	35	34	59	111	115	10	0	255
 82669	34	34	59	111	115	10	0	255
 82712	35	34	59	111	115	10	0	255
 82757	35	34	59	111	115	10	0	255
 82802	34	34	59	111	115	10	0	255
 82848	35	34	59	111	115	10	0	255
 82893	34	34	59	111	115	10	0	255
 82938	35	34	59	111	115	10	0	255
 82984	34	34	59	111	115	10	0	255
 83029	34	34	59	111	115	10	0	255
 83074	34	34	59	111	115	10	0	255
 83120	35	34	59	111	115	10	0	255
 83165	34	34	59	111	115	10	0	255
 83210	35	34	59	111	115	10	0	255
 83256	35	34	59	111	115	10	0	255
 83301	34	34	59	111	115	10	0	255
 83347	34	34	59	111	115	8	0	255
 83392	34	34	59	111	115	10	0	255
 83437	34	34	59	111	115	10	0	255
 83482	34	34	59	111	115	10	0	255
 83528	34	34	59	111	115	10	0	255
 83573	34	34	59	111	115	10	0	255
 83619	34	34	59	111	115	10	0	255
 83664	34	34	59	111	115	8	0	255
 83709	34	34	59	111	115	8	0	255
 83755	34	34	59	111	115	10	0	255
 83800	34	34	59	111	115	8	0	255
 83845	34	34	59	111	115	10	0	255
 83891	34	34	59	111	115	10	0	255
 83936	34	34	59	111	115	10	0	255
 83981	34	34	59	111	115	10	0	255
 84027	34	34	59	111	115	10	0	255
 84072	34	34	59	111	115	10	0	255
 84118	34	34	59	111	115	8	0	255
 84163	34	34	59	111	115	10	0	255
 84208	34	34	59	111	115	8	0	255
 84253	34	34	59	111	115	8	0	255
 84299	34	34	59	111	115	10	0	255
 84344	34	34	59	111	115	8	0	255
 84389	34	34	59	111	115	8	0	255
 84435	34	34	59	111	115	10	0	255
 84480	34	34	59	111	115	8	0	255
 84526	34	34	59	111	115	10	0	255
 84571	34	34	59	111	115	8	0	255
 84616	34	34	59	111	115	8	0	255
 84662	34	34	59	111	115	8	0	255
 84707	34	34	59	111	115	10	0	255
 84752	34	34	59	111	115	8	0	255
 84798	34	34	59	111	115	8	0	255
 84843	34	34	59	111	115	10	0	255
 84888	34	34	59	111	115	8	0	255
 84934	34	34	59	111	115	8	0	255
 84979	34	34	59	111	115	8	0	255
 85024	34	34	59	111	115	8	0	255
 85070	34	34	59	111	115	10	0	255
 85115	34	34	59	111	115	8	0	255
 85160	34	34	59	111	115	10	0	255
 85206	34	34	59	111	115	8	0	255
 85251	34	34	59	111	115	8	0	255
 85297	34	34	59	111	115	8	0	255
 85342	34	34	59	111	115	10	0	255
 85387	34	34	59	111	115	10	0	255
 85433	34	34	59	111	115	8	0	255
 85478	34	34	59	111	115	8	0	255
 85523	34	34	59	111	115	8	0	255
 85569	34	34	59	111	115	10	0	255
 85614	34	34	59	111	115	8	0	255
 85659	34	34	59	111	115	8	0	255
 85705	34	34	59	111	115	8	0	255
 85750	34	34	59	111	115	8	0	255
 85795	34	34	59	111	115	8	0	255
 85841	34	34	59	111	115	8	0	255
 85886	34	34	59	111	115	8	0	255
 85931	34	34	59	111	115	8	0	255
 85977	34	34	59	111	115	8	0	255
 86022	34	34	59	111	115	8	0	255
 86067	34	34	59	111	115	8	0	255
 86113	34	34	59	111	115	8	0	255
 86158	34	34	59	111	115	8	0	255
 86203	34	34	59	111	115	8	0	255
 86249	34	34	59	111	115	8	0	255
 86294	34	34	59	111	115	8	0	255
 86339	34	34	59	111	115	8	0	255
 86385	34	34	59	111	115	8	0	255
