HomeCentral
 Falkenstrasse 20
 8630 Rueti
 Datum: 07.02.14 00:00
 
 Startzeit: 2014-02-07 00:00:32 +0100
 78	33	33	55	116	121	14	0	255
 123	33	33	55	116	121	13	0	255
 168	33	33	55	116	121	14	0	255
 214	33	33	55	116	121	13	0	255
 259	33	33	55	116	121	13	0	255
 304	33	33	55	116	121	13	0	255
 350	33	33	55	116	121	13	0	255
 395	33	33	55	116	121	13	0	255
 440	33	33	55	116	121	13	0	255
 486	33	33	55	116	121	14	0	255
 531	33	33	55	116	121	14	0	255
 576	33	33	55	116	121	14	0	255
 622	33	33	55	116	121	14	0	255
 667	33	33	55	116	121	13	0	255
 712	33	33	55	116	121	13	0	255
 758	33	33	55	116	121	14	0	255
 803	33	33	55	116	121	14	0	255
 848	33	33	55	116	121	14	0	255
 894	33	33	55	116	121	14	0	255
 939	33	33	55	116	121	14	0	255
 985	33	33	55	116	121	14	0	255
 1030	33	33	55	116	121	16	0	255
 1075	33	33	55	116	121	14	0	255
 1121	33	33	55	116	121	16	0	255
 1166	33	33	55	116	121	14	0	255
 1211	33	33	55	116	121	14	0	255
 1257	33	33	55	116	121	14	0	255
 1302	33	33	55	116	121	14	0	255
 1347	33	33	55	116	121	14	0	255
 1393	33	33	55	116	121	14	0	255
 1438	33	33	55	116	121	16	0	255
 1483	33	33	55	116	121	16	0	255
 1529	33	33	55	115	120	16	0	255
 1574	33	33	55	115	121	14	0	255
 1619	33	33	55	116	121	14	0	255
 1665	33	33	55	115	121	16	0	255
 1710	33	33	55	115	120	14	0	255
 1755	33	33	55	115	120	16	0	255
 1801	33	33	55	115	120	14	0	255
 1846	33	33	55	115	120	16	0	255
 1892	33	33	55	115	120	16	0	255
 1937	33	33	55	115	120	16	0	255
 1982	33	33	55	115	120	16	0	255
 2028	33	33	55	115	120	16	0	255
 2073	33	33	55	115	120	16	0	255
 2118	33	33	55	115	120	16	0	255
 2164	33	33	55	115	120	17	0	255
 2209	33	33	55	115	120	16	0	255
 2254	33	33	55	115	120	14	0	255
 2300	33	33	55	115	120	14	0	255
 2345	33	33	55	115	120	16	0	255
 2390	33	33	55	115	120	16	0	255
 2436	33	33	55	115	120	16	0	255
 2481	33	33	55	115	120	17	0	255
 2526	33	33	55	115	120	16	0	255
 2572	33	33	55	115	120	16	0	255
 2617	33	33	55	115	120	16	0	255
 2662	33	33	55	115	120	17	0	255
 2708	33	33	55	115	120	16	0	255
 2753	33	33	55	115	120	16	0	255
 2798	33	33	55	115	120	17	0	255
 2844	33	33	55	115	120	17	0	255
 2889	33	33	55	115	120	16	0	255
 2935	33	33	55	115	120	17	0	255
 2980	33	33	55	115	120	16	0	255
 3026	33	33	55	115	120	17	0	255
 3071	33	33	55	115	120	16	0	255
 3116	33	33	55	115	120	17	0	255
 3161	33	33	55	115	120	17	0	255
 3207	33	33	55	115	120	16	0	255
 3252	33	33	55	115	120	16	0	255
 3297	33	33	55	115	120	17	0	255
 3343	33	33	55	115	120	17	0	255
 3388	33	33	55	115	120	17	0	255
 3433	33	33	55	115	120	16	0	255
 3479	33	33	55	115	120	16	0	255
 3524	33	33	55	115	120	17	0	255
 3569	33	33	55	115	120	17	0	255
 3615	33	33	55	115	120	17	0	255
 3661	33	33	55	115	120	18	0	255
 3705	33	33	55	115	120	18	0	255
 3751	33	33	55	115	120	17	0	255
 3796	33	33	55	115	120	16	0	255
 3842	33	33	55	115	120	17	0	255
 3887	33	33	55	115	120	17	0	255
 3932	33	33	55	115	120	16	0	255
 3978	33	33	55	115	120	18	0	255
 4023	33	33	55	115	120	17	0	255
 4068	33	33	55	115	120	16	0	255
 4114	33	33	55	115	120	17	0	255
 4159	33	33	55	115	120	17	0	255
 4204	33	33	55	115	120	17	0	255
 4250	33	33	55	115	120	17	0	255
 4295	33	33	55	115	120	17	0	255
 4340	33	33	55	115	120	18	0	255
 4386	33	33	55	115	120	19	0	255
 4431	33	33	55	115	120	18	0	255
 4476	33	33	55	115	120	18	0	255
 4522	33	33	55	115	120	18	0	255
 4567	33	33	55	115	120	17	0	255
 4612	33	33	55	115	120	18	0	255
 4658	33	33	55	115	120	17	0	255
 4703	33	33	55	115	120	18	0	255
 4749	33	33	55	115	120	17	0	255
 4794	33	33	55	115	120	18	0	255
 4839	33	33	55	115	120	18	0	255
 4885	33	33	55	115	120	17	0	255
 4930	33	33	55	115	120	17	0	255
 4975	33	33	55	115	120	18	0	255
 5021	33	33	55	115	120	17	0	255
 5066	33	33	55	115	120	17	0	255
 5111	33	33	55	115	120	18	0	255
 5157	33	33	55	115	120	18	0	255
 5202	33	33	55	115	120	18	0	255
 5247	33	33	55	115	120	17	0	255
 5293	33	33	55	115	120	18	0	255
 5338	33	33	55	115	120	17	0	255
 5383	33	33	55	115	120	17	0	255
 5429	33	33	55	115	120	18	0	255
 5474	33	33	55	115	120	17	0	255
 5519	33	33	55	115	120	16	0	255
 5565	33	33	55	115	120	19	0	255
 5610	33	33	55	115	120	18	0	255
 5656	33	33	55	115	120	17	0	255
 5701	33	33	55	115	120	17	0	255
 5746	33	33	55	115	120	17	0	255
 5792	33	33	55	115	120	17	0	255
 5837	33	33	55	115	120	17	0	255
 5882	33	33	55	115	120	18	0	255
 5928	33	33	55	115	120	17	0	255
 5973	33	33	55	115	120	18	0	255
 6018	33	33	55	115	120	18	0	255
 6064	33	33	55	115	120	16	0	255
 6109	33	33	55	115	120	18	0	255
 6154	33	33	55	115	120	17	0	255
 6200	33	33	55	115	120	16	0	255
 6245	33	33	55	115	120	18	0	255
 6290	33	33	55	115	120	17	0	255
 6336	33	33	55	115	120	17	0	255
 6381	33	33	55	115	120	16	0	255
 6426	33	33	55	115	120	16	0	255
 6472	33	33	55	115	120	17	0	255
 6517	33	33	55	115	120	18	0	255
 6563	33	33	55	115	120	16	0	255
 6608	33	33	55	115	120	16	0	255
 6653	33	33	55	115	120	17	0	255
 6699	33	33	55	115	120	16	0	255
 6744	33	33	55	115	120	17	0	255
 6789	33	33	55	115	120	16	0	255
 6835	33	33	55	115	120	17	0	255
 6880	33	33	55	115	120	16	0	255
 6925	33	33	55	115	120	17	0	255
 6971	33	33	55	115	120	16	0	255
 7016	33	33	55	115	120	16	0	255
 7061	33	33	55	115	120	16	0	255
 7107	33	33	55	115	120	16	0	255
 7152	33	33	55	115	120	17	0	255
 7197	33	33	55	114	120	14	0	255
 7243	33	33	55	115	120	14	0	255
 7288	33	33	55	114	120	16	0	255
 7333	33	33	55	114	120	14	0	255
 7379	33	33	55	114	120	17	0	255
 7424	33	33	55	114	120	16	0	255
 7469	33	33	55	114	120	14	0	255
 7515	33	33	55	114	120	14	0	255
 7560	33	33	55	114	120	14	0	255
 7606	33	33	55	114	120	16	0	255
 7651	33	33	55	114	120	16	0	255
 7696	33	33	55	114	120	14	0	255
 7742	33	33	55	114	120	14	0	255
 7787	33	33	55	114	120	16	0	255
 7832	33	33	55	114	120	16	0	255
 7878	33	33	55	114	120	14	0	255
 7923	33	33	55	114	120	16	0	255
 7968	33	33	55	114	120	16	0	255
 8014	33	33	55	114	120	16	0	255
 8059	33	33	55	114	120	13	0	255
 8104	33	33	55	114	120	14	0	255
 8150	33	33	55	114	120	13	0	255
 8195	33	33	55	114	120	14	0	255
 8240	33	33	55	114	120	14	0	255
 8286	33	33	55	114	120	13	0	255
 8331	33	33	55	114	120	13	0	255
 8376	33	33	55	114	120	13	0	255
 8422	33	33	55	114	120	12	0	255
 8467	33	33	55	114	120	13	0	255
 8513	33	33	55	114	120	13	0	255
 8558	33	33	55	114	120	14	0	255
 8603	33	33	55	114	120	13	0	255
 8649	33	33	55	114	120	12	0	255
 8694	33	33	55	114	120	13	0	255
 8739	33	33	55	114	120	12	0	255
 8785	33	33	54	114	120	12	0	255
 8830	33	33	54	114	120	12	0	255
 8875	33	33	55	114	120	12	0	255
 8921	33	33	54	114	120	13	0	255
 8966	33	33	55	114	120	12	0	255
 9011	33	33	54	114	120	12	0	255
 9057	33	33	54	114	119	11	0	255
 9102	33	33	54	114	119	12	0	255
 9147	33	33	55	114	119	12	0	255
 9193	33	33	54	114	119	11	0	255
 9238	33	33	54	114	119	11	0	255
 9284	33	33	54	114	119	12	0	255
 9329	33	33	54	114	119	11	0	255
 9374	33	33	54	114	119	11	0	255
 9420	33	33	54	114	119	11	0	255
 9465	33	33	54	114	119	11	0	255
 9510	33	33	54	114	119	11	0	255
 9556	33	33	54	114	119	11	0	255
 9601	33	33	54	114	119	11	0	255
 9646	33	33	54	114	119	12	0	255
 9692	33	33	54	114	119	12	0	255
 9737	33	33	54	114	119	10	0	255
 9782	33	33	54	114	119	11	0	255
 9828	33	33	54	114	119	11	0	255
 9873	33	33	54	114	119	11	0	255
 9918	33	33	54	114	119	10	0	255
 9964	33	33	54	114	119	11	0	255
 10009	33	33	54	114	119	11	0	255
 10054	33	33	54	114	119	11	0	255
 10100	33	33	54	114	119	10	0	255
 10145	33	33	54	114	119	10	0	255
 10191	33	33	54	114	119	10	0	255
 10236	33	33	54	114	119	11	0	255
 10281	33	33	54	114	119	11	0	255
 10327	33	33	54	114	119	8	0	255
 10372	33	33	54	114	119	8	0	255
 10417	33	33	54	114	119	11	0	255
 10463	33	33	54	114	119	10	0	255
 10508	33	33	54	114	119	11	0	255
 10553	33	33	54	114	119	11	0	255
 10599	33	33	54	114	119	10	0	255
 10644	33	33	54	114	119	11	0	255
 10689	33	33	54	114	119	10	0	255
 10735	33	33	54	114	119	11	0	255
 10780	33	33	54	114	119	10	0	255
 10825	33	33	54	114	119	8	0	255
 10871	33	33	54	114	119	10	0	255
 10916	33	33	54	114	119	10	0	255
 10962	33	33	54	114	119	8	0	255
 11007	33	33	54	114	119	10	0	255
 11052	33	33	54	114	119	11	0	255
 11098	33	33	54	114	119	10	0	255
 11143	33	33	54	114	119	10	0	255
 11188	33	33	54	114	119	8	0	255
 11234	33	33	54	114	119	8	0	255
 11279	33	33	54	114	119	10	0	255
 11324	33	33	54	114	119	8	0	255
 11370	33	33	54	114	119	8	0	255
 11415	33	33	54	114	119	8	0	255
 11460	33	33	54	114	119	7	0	255
 11506	33	33	54	114	119	8	0	255
 11551	33	33	54	114	119	8	0	255
 11596	33	33	54	114	119	8	0	255
 11642	33	33	54	114	119	8	0	255
 11687	33	33	54	114	119	8	0	255
 11732	33	33	54	114	119	10	0	255
 11778	33	33	54	114	119	8	0	255
 11823	33	33	54	114	119	8	0	255
 11868	33	33	54	114	119	8	0	255
 11914	33	33	54	114	119	10	0	255
 11959	33	33	54	114	119	7	0	255
 12005	33	33	54	114	119	8	0	255
 12050	33	33	54	114	119	8	0	255
 12095	33	33	54	114	119	7	0	255
 12141	33	33	54	114	119	10	0	255
 12186	33	33	54	114	119	7	0	255
 12231	33	33	54	114	119	7	0	255
 12277	33	33	54	114	119	8	0	255
 12322	33	33	54	114	119	7	0	255
 12367	33	33	54	114	119	8	0	255
 12413	33	33	54	114	119	8	0	255
 12458	33	33	54	114	119	7	0	255
 12503	33	33	54	114	119	7	0	255
 12549	33	33	54	114	119	8	0	255
 12594	33	33	54	114	119	6	0	255
 12640	33	33	54	114	119	7	0	255
 12685	33	33	54	114	119	6	0	255
 12730	33	33	54	114	119	7	0	255
 12775	33	33	54	114	119	6	0	255
 12821	33	33	54	114	119	7	0	255
 12866	33	33	54	114	119	7	0	255
 12911	33	33	54	114	119	6	0	255
 12957	33	33	54	113	119	6	0	255
 13002	33	33	54	113	119	6	0	255
 13048	33	33	54	113	119	7	0	255
 13093	33	33	54	113	119	6	0	255
 13138	33	33	54	113	119	6	0	255
 13184	33	33	54	113	119	6	0	255
 13229	33	33	54	113	119	7	0	255
 13274	33	33	54	113	119	6	0	255
 13320	33	33	54	113	119	7	0	255
 13365	33	33	54	113	119	6	0	255
 13410	33	33	54	113	119	7	0	255
 13456	33	33	54	113	119	7	0	255
 13501	33	33	54	113	119	7	0	255
 13546	33	33	54	113	119	5	0	255
 13592	33	33	54	113	119	6	0	255
 13637	33	33	54	113	119	6	0	255
 13682	33	33	54	113	119	5	0	255
 13728	33	33	54	113	119	6	0	255
 13773	33	33	54	113	119	5	0	255
 13819	33	33	54	113	119	6	0	255
 13864	33	33	54	113	119	5	0	255
 13909	33	33	54	113	119	5	0	255
 13955	33	33	54	113	119	6	0	255
 14000	33	33	54	113	119	7	0	255
 14045	33	33	54	113	119	7	0	255
 14091	33	33	54	113	119	7	0	255
 14136	33	33	54	113	119	7	0	255
 14181	33	33	54	113	119	6	0	255
 14227	33	33	54	113	119	6	0	255
 14272	33	33	54	113	119	6	0	255
 14317	33	33	54	113	119	6	0	255
 14363	33	33	54	113	119	5	0	255
 14408	33	33	54	113	119	6	0	255
 14453	33	33	54	113	119	6	0	255
 14499	33	33	54	113	119	5	0	255
 14544	33	33	54	113	119	5	0	255
 14590	33	33	54	113	119	5	0	255
 14635	33	33	54	113	119	5	0	255
 14680	33	33	54	113	119	6	0	255
 14726	33	33	54	113	119	5	0	255
 14771	33	33	54	113	119	6	0	255
 14816	33	33	54	113	119	5	0	255
 14862	33	33	54	113	119	5	0	255
 14907	33	33	54	113	119	4	0	255
 14952	33	33	54	113	119	6	0	255
 14998	33	33	54	113	119	6	0	255
 15043	33	33	54	113	119	6	0	255
 15088	33	33	54	113	119	5	0	255
 15134	33	33	54	113	119	5	0	255
 15179	33	33	54	113	119	6	0	255
 15225	33	33	54	113	119	5	0	255
 15270	33	33	54	113	119	6	0	255
 15315	33	33	54	113	119	6	0	255
 15361	33	33	54	113	119	6	0	255
 15406	33	33	54	113	119	5	0	255
 15451	33	33	54	113	119	6	0	255
 15497	33	33	54	113	119	5	0	255
 15542	33	33	54	113	119	5	0	255
 15587	33	33	54	113	119	5	0	255
 15633	33	33	54	113	119	6	0	255
 15678	33	33	54	113	119	5	0	255
 15723	33	33	54	113	119	6	0	255
 15769	33	33	54	113	119	4	0	255
 15814	33	33	54	113	119	5	0	255
 15859	33	33	54	113	119	6	0	255
 15905	33	33	54	113	119	5	0	255
 15950	33	33	54	113	119	6	0	255
 15995	33	33	54	113	119	6	0	255
 16041	33	33	54	113	119	5	0	255
 16086	33	33	54	113	119	5	0	255
 16131	33	33	54	113	119	5	0	255
 16177	33	33	54	113	119	4	0	255
 16222	33	33	54	113	119	5	0	255
 16268	33	33	54	113	119	5	0	255
 16313	33	33	54	113	118	5	0	255
 16358	33	33	54	113	118	5	0	255
 16404	33	33	54	113	119	6	0	255
 16449	33	33	54	113	118	5	0	255
 16494	33	33	54	113	118	5	0	255
 16540	33	33	54	113	118	6	0	255
 16585	33	33	54	113	118	5	0	255
 16630	33	33	54	113	118	4	0	255
 16676	33	33	54	113	118	4	0	255
 16721	33	33	54	113	118	4	0	255
 16766	33	33	54	113	118	5	0	255
 16812	33	33	54	113	118	4	0	255
 16857	33	33	54	113	118	5	0	255
 16902	33	33	54	113	118	4	0	255
 16948	33	33	54	113	118	4	0	255
 16993	33	33	54	113	118	4	0	255
 17038	33	33	54	113	118	4	0	255
 17084	33	33	54	113	118	4	0	255
 17129	33	33	54	113	118	4	0	255
 17175	33	33	54	113	118	4	0	255
 17220	33	33	54	113	118	4	0	255
 17265	33	33	54	113	118	4	0	255
 17311	33	33	54	113	118	5	0	255
 17356	33	33	54	113	118	4	0	255
 17401	33	33	54	113	118	4	0	255
 17447	33	33	54	113	118	4	0	255
 17492	33	33	54	113	118	4	0	255
 17537	33	33	54	113	118	4	0	255
 17583	33	33	54	113	118	3	0	255
 17628	33	33	54	113	118	4	0	255
 17673	33	33	54	113	118	3	0	255
 17719	33	33	54	113	118	3	0	255
 17764	33	33	54	113	118	3	0	255
 17809	33	33	54	113	118	3	0	255
 17855	33	33	54	113	118	4	0	255
 17900	33	33	54	113	118	3	0	255
 17945	33	33	54	113	118	3	0	255
 17991	33	33	54	113	118	4	0	255
 18036	33	33	54	113	118	4	0	255
 18082	33	33	54	113	118	4	0	255
 18127	33	33	54	113	118	3	0	255
 18172	33	33	54	113	118	4	0	255
 18218	33	33	54	113	118	4	0	255
 18263	33	33	54	113	118	4	0	255
 18308	33	33	54	113	118	4	0	255
 18354	33	33	54	113	118	3	0	255
 18399	33	33	54	113	118	4	0	255
 18444	33	33	53	113	118	3	0	255
 18490	33	33	54	113	118	4	0	255
 18535	33	33	53	113	118	3	0	255
 18580	33	33	53	113	118	3	0	255
 18626	33	33	53	113	118	4	0	255
 18671	33	33	53	113	118	2	0	255
 18716	33	33	54	113	118	3	0	255
 18762	33	33	53	113	118	3	0	255
 18807	33	33	53	113	118	3	0	255
 18852	33	33	53	113	118	2	0	255
 18898	33	33	53	113	118	3	0	255
 18943	33	33	53	113	118	4	0	255
 18989	33	33	53	112	118	2	0	255
 19034	33	33	53	113	118	2	0	255
 19079	33	33	53	112	118	3	0	255
 19125	33	33	53	112	118	2	0	255
 19170	33	33	53	112	118	3	0	255
 19215	33	33	53	112	118	2	0	255
 19261	33	33	53	112	118	3	0	255
 19306	33	33	53	112	118	2	0	255
 19351	33	33	53	112	118	3	0	255
 19397	33	33	53	112	118	2	0	255
 19442	33	33	53	112	118	3	0	255
 19487	33	33	53	112	118	2	0	255
 19533	33	33	53	112	118	4	0	255
 19578	33	33	53	112	118	2	0	255
 19623	33	33	53	112	118	3	0	255
 19669	33	33	53	112	118	3	0	255
 19714	33	33	53	112	118	3	0	255
 19759	33	33	53	112	118	2	0	255
 19805	33	33	53	112	118	2	0	255
 19850	33	33	53	112	118	3	0	255
 19896	33	33	53	112	118	3	0	255
 19941	33	33	53	112	118	4	0	255
 19986	33	33	53	112	118	3	0	255
 20032	33	33	53	112	118	3	0	255
 20077	33	33	53	112	118	4	0	255
 20122	33	33	53	112	118	3	0	255
 20168	33	33	53	112	118	3	0	255
 20213	33	33	53	112	118	3	0	255
 20258	33	33	53	112	118	3	0	255
 20304	33	33	53	112	118	3	0	255
 20349	33	33	53	112	118	3	0	255
 20394	33	33	53	112	118	2	0	255
 20441	33	33	53	112	118	4	0	255
 20485	33	33	53	112	118	2	0	255
 20530	33	33	53	112	118	3	0	255
 20576	33	33	53	112	118	3	0	255
 20621	33	33	53	112	118	4	0	255
 20666	33	33	53	112	118	3	0	255
 20712	33	33	53	112	118	3	0	255
 20757	33	33	53	112	118	3	0	255
 20803	33	33	53	112	118	3	0	255
 20848	33	33	53	112	118	4	0	255
 20893	33	33	53	112	118	4	0	255
 20939	33	33	53	112	118	2	0	255
 20984	33	33	53	112	118	3	0	255
 21029	33	33	53	112	118	2	0	255
 21075	33	33	53	112	118	4	0	255
 21120	33	33	53	112	118	3	0	255
 21165	33	33	53	112	118	4	0	255
 21211	33	33	53	112	118	3	0	255
 21256	33	33	53	112	118	3	0	255
 21301	33	33	53	112	118	2	0	255
 21348	33	33	53	112	118	4	0	255
 21392	33	33	53	112	118	3	0	255
 21437	33	33	53	112	118	3	0	255
 21483	33	33	53	112	118	4	0	255
 21528	33	33	53	112	118	3	0	255
 21573	33	33	53	112	118	4	0	255
 21619	33	33	53	112	118	4	0	255
 21664	33	33	53	112	118	4	0	255
 21710	33	33	53	112	118	4	0	255
 21755	33	33	53	112	118	3	0	255
 21800	33	33	53	112	118	3	0	255
 21846	33	33	53	112	118	3	0	255
 21891	33	33	53	112	118	4	0	255
 21936	33	33	53	112	118	3	0	255
 21982	33	33	53	112	118	3	0	255
 22027	33	33	53	112	118	3	0	255
 22072	33	33	53	112	118	3	0	255
 22118	33	33	53	112	118	3	0	255
 22163	33	33	53	112	118	3	0	255
 22208	33	33	53	112	118	3	0	255
 22254	33	33	53	112	118	3	0	255
 22299	33	33	53	112	118	3	0	255
 22344	33	33	53	112	118	4	0	255
 22390	33	33	53	112	118	3	0	255
 22435	33	33	53	112	118	3	0	255
 22480	33	33	53	112	118	3	0	255
 22526	33	33	53	112	118	3	0	255
 22574	33	33	53	112	118	3	0	255
 22616	33	33	53	112	118	3	0	255
 22662	33	33	53	112	118	3	0	255
 22707	33	33	53	112	118	4	0	255
 22753	33	33	53	112	118	3	0	255
 22798	33	33	53	112	118	3	0	255
 22843	33	33	53	112	118	3	0	255
 22889	33	33	53	112	118	3	0	255
 22934	33	33	53	112	118	4	0	255
 22979	33	33	53	112	118	3	0	255
 23025	33	33	53	112	118	3	0	255
 23070	33	33	53	112	118	3	0	255
 23115	33	33	53	112	118	3	0	255
 23161	33	33	53	112	118	4	0	255
 23206	33	33	53	112	118	3	0	255
 23251	33	33	53	112	118	4	0	255
 23297	33	33	53	112	118	3	0	255
 23343	33	33	53	112	117	3	0	255
 23387	33	33	53	112	118	4	0	255
 23433	33	33	53	112	118	3	0	255
 23478	33	33	53	112	117	3	0	255
 23523	33	33	53	112	118	3	0	255
 23569	33	33	53	112	117	3	0	255
 23614	33	33	53	112	117	3	0	255
 23660	33	33	53	112	117	3	0	255
 23705	32	33	53	112	117	3	0	255
 23750	33	33	53	112	117	3	0	255
 23796	33	33	53	112	117	3	0	255
 23841	33	33	53	112	117	4	0	255
 23886	33	33	53	112	117	3	0	255
 23932	33	33	53	112	117	4	0	255
 23977	33	33	53	112	117	3	0	255
 24022	33	33	53	112	117	3	0	255
 24068	33	33	53	112	117	3	0	255
 24113	33	33	53	112	117	3	0	255
 24158	33	33	53	112	117	3	0	255
 24204	33	33	53	112	117	4	0	255
 24249	33	33	53	112	117	3	0	255
 24294	32	33	53	112	117	3	0	255
 24340	33	32	53	112	117	3	0	255
 24385	33	33	53	112	117	3	0	255
 24430	33	33	53	112	117	3	0	255
 24476	32	33	53	112	117	4	0	255
 24521	32	33	53	112	117	4	0	255
 24567	32	33	53	112	117	4	0	255
 24612	33	33	53	112	117	4	0	255
 24657	32	33	53	112	117	4	0	255
 24703	33	33	53	112	117	4	0	255
 24748	32	33	53	112	117	4	0	255
 24793	33	33	53	112	117	4	0	255
 24839	32	33	53	112	117	4	0	255
 24884	33	33	53	112	117	4	0	255
 24929	32	33	53	112	117	4	0	255
 24975	33	33	53	112	117	5	0	255
 25020	32	33	53	112	117	5	0	255
 25065	33	33	53	112	117	4	0	255
 25111	32	33	53	112	117	4	0	255
 25156	32	33	53	112	117	4	0	255
 25201	32	33	53	112	117	5	0	255
 25247	33	33	53	112	117	5	0	255
 25292	32	33	53	112	117	5	0	255
 25337	33	33	53	112	117	5	0	255
 25383	32	33	53	111	117	5	0	255
 25428	33	33	53	112	117	6	0	255
 25473	32	33	53	112	117	4	0	255
 25519	33	33	53	111	117	5	0	255
 25564	33	33	53	111	117	6	0	255
 25610	32	33	53	111	117	5	0	255
 25655	32	33	53	111	117	6	0	255
 25700	32	33	53	111	117	5	0	255
 25746	32	33	53	111	117	6	0	255
 25791	32	33	53	111	117	6	0	255
 25836	32	33	53	111	117	6	0	255
 25882	32	33	53	111	117	5	0	255
 25927	32	33	53	111	117	5	0	255
 25972	32	33	53	111	117	6	0	255
 26018	32	33	53	111	117	6	0	255
 26063	33	33	53	111	117	6	0	255
 26108	32	33	53	111	117	6	0	255
 26154	32	33	53	111	117	7	0	255
 26199	32	33	53	111	117	6	0	255
 26244	33	33	53	111	117	6	0	255
 26290	32	33	53	111	117	7	0	255
 26335	33	33	53	111	117	7	0	255
 26380	32	33	53	111	117	7	0	255
 26426	33	33	53	111	117	7	0	255
 26471	32	33	53	111	117	6	0	255
 26517	32	33	53	111	117	7	0	255
 26562	32	33	53	111	117	7	0	255
 26607	32	33	53	111	117	8	0	255
 26653	32	33	53	111	117	8	0	255
 26698	32	33	53	111	117	7	0	255
 26743	32	33	53	111	117	7	0	255
 26789	32	33	53	111	117	8	0	255
 26834	32	33	53	111	117	7	0	255
 26879	32	33	53	111	117	8	0	255
 26925	33	33	53	111	117	7	0	255
 26970	32	33	53	111	117	8	0	255
 27015	32	33	53	111	117	8	0	255
 27061	32	33	53	111	117	7	0	255
 27106	32	33	53	111	117	7	0	255
 27151	32	33	53	111	117	8	0	255
 27197	32	33	53	111	117	8	0	255
 27242	32	33	53	111	117	7	0	255
 27287	33	33	53	111	117	7	0	255
 27333	32	33	53	111	117	8	0	255
 27378	32	33	53	111	117	8	0	255
 27424	32	33	53	111	117	10	0	255
 27469	32	33	53	111	117	8	0	255
 27514	32	33	53	111	117	8	0	255
 27560	32	33	53	111	117	10	0	255
 27605	32	33	53	111	117	8	0	255
 27650	32	33	53	111	117	8	0	255
 27696	32	33	53	111	117	10	0	255
 27741	33	33	53	111	117	8	0	255
 27786	32	33	53	111	117	10	0	255
 27832	32	33	53	111	117	8	0	255
 27877	32	33	53	111	117	8	0	255
 27922	32	33	52	111	117	10	0	255
 27968	32	33	53	111	117	11	0	255
 28013	32	33	52	111	117	10	0	255
 28058	32	33	52	111	117	11	0	255
 28104	32	33	53	111	117	10	0	255
 28149	32	33	52	111	117	10	0	255
 28194	32	33	52	111	117	10	0	255
 28240	32	33	52	111	117	10	0	255
 28285	32	33	52	111	117	10	0	255
 28331	32	33	52	111	117	12	0	255
 28376	32	33	52	111	117	11	0	255
 28421	32	33	52	111	117	11	0	255
 28467	32	33	52	111	117	11	0	255
 28512	32	33	52	111	117	11	0	255
 28557	32	33	52	111	117	12	0	255
 28603	32	33	52	111	117	11	0	255
 28648	32	33	52	111	117	11	0	255
 28693	32	33	52	111	117	11	0	255
 28739	32	33	52	111	117	12	0	255
 28784	32	33	52	111	117	12	0	255
 28829	32	33	52	111	117	11	0	255
 28875	32	33	52	111	117	12	0	255
 28920	32	33	52	111	117	13	0	255
 28965	32	33	52	111	117	12	0	255
 29011	32	33	52	111	117	11	0	255
 29056	32	33	52	111	117	11	0	255
 29101	32	33	52	111	117	12	0	255
 29147	32	33	52	111	117	12	0	255
 29192	32	33	52	111	117	12	0	255
 29238	32	33	52	111	117	12	0	255
 29283	32	33	52	111	117	13	0	255
 29328	32	33	52	111	117	13	0	255
 29374	32	33	52	111	117	13	0	255
 29419	32	33	52	111	117	13	0	255
 29464	32	33	52	111	117	13	0	255
 29510	32	33	52	111	117	12	0	255
 29555	32	33	52	111	117	13	0	255
 29600	32	33	52	111	117	13	0	255
 29646	32	33	52	111	117	13	0	255
 29691	32	33	52	111	117	13	0	255
 29736	32	33	52	111	117	13	0	255
 29782	32	33	52	111	117	13	0	255
 29827	32	33	52	111	117	14	0	255
 29872	32	33	52	111	117	14	0	255
 29918	32	33	52	111	117	14	0	255
 29963	32	33	52	111	117	16	0	255
 30008	32	33	52	111	117	14	0	255
 30054	32	33	52	111	117	16	0	255
 30099	32	33	52	111	117	16	0	255
 30145	32	33	52	111	117	14	0	255
 30190	32	33	52	111	117	14	0	255
 30235	32	33	52	111	117	16	0	255
 30281	32	33	52	111	117	16	0	255
 30326	32	33	52	111	117	16	0	255
 30372	32	33	52	111	117	16	0	255
 30417	32	33	52	111	117	16	0	255
 30462	32	33	52	111	117	16	0	255
 30507	32	33	52	111	117	16	0	255
 30553	32	33	52	111	117	17	0	255
 30598	32	33	52	111	117	17	0	255
 30643	32	33	52	111	117	17	0	255
 30689	32	33	52	111	117	17	0	255
 30734	32	33	52	111	116	18	0	255
 30779	32	33	52	111	116	18	0	255
 30825	32	33	52	111	116	17	0	255
 30870	32	33	52	111	117	18	0	255
 30915	32	33	52	111	116	17	0	255
 30961	32	33	52	111	116	18	0	255
 31006	32	33	52	111	116	19	0	255
 31051	32	33	52	111	116	18	0	255
 31097	32	33	52	111	116	18	0	255
 31142	32	33	52	111	116	19	0	255
 31188	32	33	52	111	116	19	0	255
 31233	32	33	52	111	116	19	0	255
 31278	32	33	52	111	116	19	0	255
 31324	32	33	52	111	116	22	0	255
 31369	32	33	52	111	116	20	0	255
 31414	32	33	52	111	116	20	0	255
 31460	32	33	52	111	116	20	0	255
 31505	32	33	52	111	116	20	0	255
 31550	32	33	52	111	116	22	0	255
 31596	32	33	52	111	116	20	0	255
 31641	32	33	52	111	116	22	0	255
 31686	32	33	52	110	116	20	0	255
 31732	32	33	52	111	116	22	0	255
 31777	32	33	52	110	116	22	0	255
 31822	32	33	52	111	116	22	0	255
 31868	32	33	52	111	116	23	0	255
 31913	32	33	52	111	116	23	0	255
 31958	32	33	52	111	116	24	0	255
 32004	32	33	52	111	116	24	0	255
 32049	32	33	52	110	116	24	0	255
 32095	32	33	52	110	116	25	0	255
 32140	32	33	52	110	116	25	0	255
 32185	32	33	52	110	116	26	0	255
 32231	32	33	52	110	116	26	0	255
 32276	32	33	52	110	116	26	0	255
 32321	32	33	52	110	116	28	0	255
 32367	32	33	52	110	116	28	0	255
 32412	32	33	52	110	116	28	0	255
 32457	32	33	52	110	116	29	0	255
 32503	32	33	52	110	116	30	0	255
 32548	32	33	52	110	116	31	0	255
 32593	32	33	52	110	116	31	0	255
 32639	32	33	52	110	116	32	0	255
 32684	32	33	52	110	116	34	0	255
 32729	32	33	52	110	116	34	0	255
 32775	32	33	52	110	116	35	0	255
 32820	32	33	52	110	116	35	0	255
 32866	32	33	52	110	116	37	0	255
 32911	32	33	52	110	116	38	0	255
 32956	32	33	52	110	116	38	0	255
 33002	32	33	52	110	116	38	0	255
 33047	32	33	52	110	116	40	0	255
 33092	32	33	52	110	116	41	0	255
 33138	32	33	52	110	116	44	0	255
 33183	32	33	52	110	116	44	0	255
 33228	32	33	52	110	116	45	0	255
 33274	32	33	52	110	116	46	0	255
 33319	32	33	52	110	116	48	0	255
 33364	32	32	52	110	116	50	0	255
 33410	32	32	52	110	116	52	0	255
 33455	32	32	52	110	116	54	0	255
 33500	32	32	52	110	116	56	0	255
 33546	32	32	52	110	116	58	0	255
 33591	32	32	52	110	116	61	0	255
 33636	32	32	52	110	116	64	0	255
 33682	32	32	52	110	116	65	0	255
 33727	32	32	52	110	116	66	0	255
 33772	32	32	52	110	116	68	0	255
 33819	32	32	52	110	116	70	0	255
 33863	32	32	52	110	116	71	0	255
 33909	32	32	52	110	116	72	0	255
 33954	32	32	52	110	116	75	0	255
 33999	32	32	52	110	116	74	0	255
 34045	32	32	52	110	116	74	0	255
 34090	32	32	52	110	116	75	0	255
 34135	32	32	52	110	116	76	0	255
 34181	32	32	52	110	116	76	0	255
 34226	32	32	52	110	116	76	0	255
 34271	32	32	52	110	116	79	0	255
 34317	32	32	52	110	116	79	0	255
 34362	32	32	52	110	116	82	0	255
 34407	32	32	52	110	116	82	0	255
 34453	32	32	52	110	116	82	0	255
 34498	32	32	52	110	116	80	0	255
 34543	32	32	52	110	116	80	0	255
 34589	32	32	52	110	116	80	0	255
 34634	32	32	52	110	116	80	0	255
 34680	32	32	52	110	116	80	0	255
 34725	32	32	52	110	116	80	0	255
 34770	32	32	52	110	116	82	0	255
 34816	32	32	52	110	116	83	0	255
 34861	32	32	52	110	116	82	0	255
 34906	32	32	52	110	116	82	0	255
 34952	32	32	52	110	116	82	0	255
 34997	32	32	52	110	116	82	0	255
 35042	32	32	52	110	116	84	0	255
 35088	32	32	52	110	116	86	0	255
 35133	32	32	52	110	116	85	0	255
 35178	32	32	52	110	116	86	0	255
 35224	32	33	52	110	116	88	0	255
 35269	32	33	52	110	116	90	0	255
 35314	32	33	52	110	116	92	0	255
 35360	32	33	52	110	116	92	0	255
 35405	32	33	52	110	116	93	0	255
 35451	32	33	52	110	116	94	0	255
 35496	32	33	52	110	116	94	0	255
 35541	32	33	52	110	116	96	0	255
 35587	32	32	52	110	116	97	0	255
 35632	32	32	52	110	116	98	0	255
 35677	32	32	52	110	116	101	0	255
 35723	32	32	52	110	116	101	0	255
 35768	32	32	52	110	116	102	0	255
 35813	32	32	52	110	116	102	0	255
 35859	32	32	52	110	116	102	0	255
 35904	32	32	52	110	116	101	0	255
 35949	32	32	52	110	116	102	0	255
 35995	32	32	52	110	116	101	0	255
 36040	32	32	52	110	116	100	0	255
 36085	32	32	52	110	116	102	0	255
 36131	32	32	52	110	116	102	0	255
 36176	32	32	52	110	116	102	0	255
 36222	32	32	52	110	116	104	0	255
 36267	31	33	52	110	116	109	8	255
 36312	43	46	52	110	116	122	8	255
 36358	62	57	52	110	116	127	8	255
 36403	75	63	52	110	116	119	8	255
 36448	81	67	52	110	116	108	8	255
 36494	82	70	52	110	116	106	8	255
 36539	82	71	52	110	116	106	8	255
 36584	83	73	52	110	116	101	8	255
 36630	82	73	52	110	116	92	0	255
 36675	81	72	52	110	116	86	0	255
 36720	80	72	52	110	116	86	0	255
 36766	79	71	52	110	116	86	0	255
 36811	78	70	52	110	116	86	0	255
 36856	77	69	52	110	116	85	0	255
 36902	76	69	52	110	116	85	0	255
 36947	75	68	52	110	116	84	0	255
 36992	74	67	52	110	116	84	0	255
 37038	73	66	52	110	116	83	0	255
 37083	72	65	52	110	116	83	0	255
 37129	71	64	52	110	116	82	0	255
 37174	70	64	52	110	116	80	0	255
 37219	70	63	52	110	116	80	0	255
 37265	69	62	52	110	116	80	0	255
 37310	68	61	52	110	116	79	0	255
 37355	67	61	52	110	116	79	0	255
 37401	66	60	52	110	116	78	0	255
 37446	65	60	52	110	116	76	0	255
 37491	64	60	52	110	116	75	0	255
 37537	64	59	52	110	116	74	0	255
 37582	63	59	52	110	116	72	0	255
 37627	62	58	52	110	116	74	0	255
 37673	61	58	52	110	116	71	0	255
 37719	61	58	52	110	116	70	0	255
 37763	60	57	52	110	116	68	0	255
 37809	59	57	52	110	116	68	0	255
 37856	59	56	52	110	116	68	0	255
 37900	58	56	52	110	116	66	0	255
 37945	58	55	52	110	116	67	0	255
 37990	57	55	52	110	116	65	0	255
 38036	56	55	52	110	116	65	0	255
 38081	56	54	52	110	115	65	0	255
 38126	55	54	52	110	116	65	0	255
 38172	55	53	52	110	115	64	0	255
 38217	54	53	52	110	115	64	0	255
 38262	54	53	52	110	115	61	0	255
 38308	53	52	52	110	115	62	0	255
 38353	53	52	52	110	115	61	0	255
 38398	52	52	52	110	115	60	0	255
 38444	52	51	52	110	115	58	0	255
 38489	51	51	52	110	115	61	0	255
 38534	51	50	52	110	115	60	0	255
 38580	51	50	52	110	115	58	0	255
 38625	50	50	52	110	115	58	0	255
 38671	50	49	52	110	115	60	0	255
 38716	49	49	52	110	115	57	0	255
 38761	49	49	52	110	115	58	0	255
 38807	49	48	52	110	115	58	0	255
 38852	48	48	52	110	115	58	0	255
 38897	48	48	52	109	115	57	0	255
 38943	48	47	52	109	115	57	0	255
 38988	47	47	52	109	115	58	0	255
 39033	47	47	52	109	115	58	0	255
 39079	47	47	52	109	115	57	0	255
 39124	46	46	52	109	115	56	0	255
 39169	46	46	52	109	115	56	0	255
 39215	46	46	52	109	115	56	0	255
 39260	45	45	52	109	115	57	0	255
 39305	45	45	52	109	115	57	0	255
 39351	45	45	52	109	115	57	0	255
 39396	45	45	52	109	115	57	0	255
 39442	44	44	52	109	115	57	0	255
 39487	44	44	52	109	115	56	0	255
 39532	44	44	52	109	115	57	0	255
 39578	44	44	52	109	115	56	0	255
 39623	43	44	52	109	115	57	0	255
 39668	43	43	52	109	115	56	0	255
 39714	43	43	52	109	115	56	0	255
 39759	43	43	52	109	115	57	0	255
 39804	43	43	52	109	115	57	0	255
 39850	42	43	52	109	115	57	0	255
 39895	42	42	52	109	115	57	0	255
 39940	42	42	52	109	115	57	0	255
 39986	42	42	52	109	115	57	0	255
 40031	42	42	52	109	115	58	0	255
 40076	41	42	52	109	115	57	0	255
 40122	41	41	52	109	115	57	0	255
 40167	41	41	52	109	115	57	0	255
 40213	41	41	52	109	115	57	0	255
 40258	41	41	52	109	115	57	0	255
 40303	41	41	52	109	115	57	0	255
 40349	40	41	52	109	115	56	0	255
 40394	40	40	52	109	115	57	0	255
 40439	40	40	52	109	115	57	0	255
 40485	40	40	52	109	115	56	0	255
 40530	40	40	52	109	115	56	0	255
 40575	40	40	52	109	115	54	0	255
 40621	40	40	52	109	115	54	0	255
 40666	39	40	52	109	115	54	0	255
 40711	39	40	52	109	115	54	0	255
 40757	39	39	52	109	115	53	0	255
 40802	39	39	52	109	115	53	0	255
 40847	39	39	52	109	115	52	0	255
 40893	39	39	52	109	115	52	0	255
 40938	39	39	52	109	115	52	0	255
 40983	39	39	52	109	115	52	0	255
 41029	38	39	52	109	115	51	0	255
 41074	38	39	52	109	115	51	0	255
 41120	38	39	52	109	115	50	0	255
 41165	38	38	52	109	115	48	0	255
 41210	38	38	52	109	115	50	0	255
 41256	38	38	52	109	115	48	0	255
 41301	38	38	52	109	115	48	0	255
 41346	38	38	52	109	115	47	0	255
 41392	38	38	52	109	115	48	0	255
 41437	38	38	52	109	115	46	0	255
 41482	37	38	52	109	115	46	0	255
 41528	37	38	52	109	115	47	0	255
 41573	37	38	52	109	115	46	0	255
 41618	37	37	52	109	115	46	0	255
 41664	37	37	52	109	115	46	0	255
 41709	37	37	52	109	115	45	0	255
 41754	37	37	52	109	115	45	0	255
 41800	37	37	52	109	115	45	0	255
 41845	37	37	52	109	115	45	0	255
 41891	37	37	52	109	115	44	0	255
 41936	37	37	52	109	115	44	0	255
 41981	37	37	52	109	115	44	0	255
 42027	36	37	52	109	115	44	0	255
 42072	36	37	52	109	115	44	0	255
 42117	36	37	52	109	115	44	0	255
 42163	36	36	52	109	115	42	0	255
 42208	36	36	52	109	115	44	0	255
 42253	36	36	52	109	115	44	0	255
 42299	36	36	52	109	115	42	0	255
 42344	36	36	52	109	115	42	0	255
 42389	36	36	52	109	115	42	0	255
 42435	36	36	52	109	115	42	0	255
 42480	36	36	52	109	115	42	0	255
 42525	36	36	52	109	115	42	0	255
 42571	36	36	52	109	115	42	0	255
 42616	36	36	52	109	115	42	0	255
 42662	36	36	52	109	115	42	0	255
 42707	36	36	52	109	115	42	0	255
 42752	35	35	52	109	115	42	0	255
 42798	35	35	52	109	115	41	0	255
 42843	35	35	52	109	115	42	0	255
 42888	35	35	52	109	115	42	0	255
 42934	35	35	52	109	115	42	0	255
 42979	35	35	52	109	115	41	0	255
 43024	35	35	52	109	115	41	0	255
 43070	35	35	52	109	115	41	0	255
 43115	35	35	52	109	115	41	0	255
 43160	35	35	52	109	115	41	0	255
 43206	35	35	52	109	115	40	0	255
 43251	35	35	52	109	115	41	0	255
 43297	35	35	52	109	115	41	0	255
 43342	35	35	52	109	115	41	0	255
 43387	35	35	52	109	115	41	0	255
 43433	35	35	51	109	115	40	0	255
 43478	35	35	52	109	115	41	0	255
 43523	35	35	52	109	115	40	0	255
 43569	35	35	52	109	115	40	0	255
 43614	35	35	51	109	115	40	0	255
 43659	35	34	52	109	115	38	0	255
 43705	35	34	51	109	115	40	0	255
 43750	35	34	52	109	115	40	0	255
 43795	35	34	52	109	115	40	0	255
 43841	34	34	51	109	115	40	0	255
 43886	34	34	52	109	115	38	0	255
 43933	34	34	51	109	115	38	0	255
 43977	34	34	51	109	115	40	0	255
 44022	34	34	51	109	115	40	0	255
 44067	34	34	51	109	115	38	0	255
 44113	34	34	51	109	115	40	0	255
 44158	34	34	51	109	115	38	0	255
 44204	34	34	51	109	115	38	0	255
 44249	34	34	51	109	115	40	0	255
 44294	34	34	51	109	115	38	0	255
 44340	34	34	51	109	115	40	0	255
 44385	34	34	51	109	115	38	0	255
 44430	34	34	51	109	115	40	0	255
 44476	34	34	51	109	115	40	0	255
 44521	34	34	51	109	115	40	0	255
 44566	34	34	51	109	115	38	0	255
 44612	34	34	51	109	115	40	0	255
 44657	34	34	51	109	115	40	0	255
 44702	34	34	51	109	115	40	0	255
 44748	34	34	51	109	115	41	0	255
 44794	34	34	51	109	115	40	0	255
 44838	34	34	51	109	115	40	0	255
 44884	34	34	51	109	115	40	0	255
 44929	34	34	51	109	115	40	0	255
 44975	34	34	51	109	115	40	0	255
 45020	34	34	51	109	115	40	0	255
 45065	34	34	51	109	115	41	0	255
 45111	34	34	51	109	115	41	0	255
 45156	34	34	51	109	115	40	0	255
 45201	34	34	51	109	115	41	0	255
 45247	34	34	51	109	114	41	0	255
 45292	34	34	51	109	115	41	0	255
 45337	34	34	51	109	115	41	0	255
 45383	34	34	51	109	114	41	0	255
 45428	34	34	51	109	115	41	0	255
 45473	34	34	51	109	115	41	0	255
 45519	34	34	51	109	114	41	0	255
 45564	34	34	51	109	114	42	0	255
 45609	33	34	51	108	114	42	0	255
 45655	34	34	51	109	114	42	0	255
 45700	33	34	51	109	114	42	0	255
 45745	33	33	51	108	114	42	0	255
 45791	33	33	51	108	114	42	0	255
 45836	33	33	51	108	114	42	0	255
 45882	33	33	51	109	114	42	0	255
 45927	33	33	51	109	114	42	0	255
 45972	33	33	51	108	114	44	0	255
 46018	33	33	51	108	114	42	0	255
 46063	33	33	51	108	114	42	0	255
 46108	33	33	51	108	114	42	0	255
 46154	33	33	51	108	114	44	0	255
 46199	33	33	51	108	114	42	0	255
 46244	33	33	51	108	114	42	0	255
 46290	33	33	51	108	114	42	0	255
 46335	33	33	51	108	114	42	0	255
 46380	33	33	51	108	114	42	0	255
 46426	33	33	51	108	114	42	0	255
 46471	33	33	51	108	114	42	0	255
 46516	33	33	51	108	114	42	0	255
 46562	33	33	51	108	114	42	0	255
 46607	33	33	51	108	114	44	0	255
 46653	33	33	51	108	114	42	0	255
 46698	33	33	51	108	114	42	0	255
 46743	33	33	51	108	114	44	0	255
 46789	33	33	51	108	114	44	0	255
 46834	33	33	51	108	114	44	0	255
 46879	33	33	51	108	114	44	0	255
 46925	33	33	51	108	114	44	0	255
 46970	33	33	51	108	114	44	0	255
 47015	33	33	51	108	114	44	0	255
 47061	33	33	51	108	114	44	0	255
 47106	33	33	51	108	114	44	0	255
 47151	33	33	51	108	114	45	0	255
 47197	33	33	51	108	114	44	0	255
 47242	33	33	51	108	114	44	0	255
 47287	33	33	51	108	114	44	0	255
 47333	33	33	51	108	114	44	0	255
 47378	33	33	51	108	114	44	0	255
 47424	33	33	51	108	114	44	0	255
 47469	33	33	51	108	114	44	0	255
 47514	33	33	51	108	114	42	0	255
 47560	33	33	51	108	114	44	0	255
 47605	33	33	51	108	114	42	0	255
 47650	33	33	51	108	114	42	0	255
 47696	33	33	51	108	114	42	0	255
 47741	33	33	51	108	114	42	0	255
 47786	33	33	51	108	114	42	0	255
 47832	33	33	51	108	114	42	0	255
 47877	33	33	51	108	114	41	0	255
 47922	33	33	51	108	114	42	0	255
 47968	33	33	51	108	114	41	0	255
 48013	33	33	51	108	114	42	0	255
 48058	33	33	51	108	114	42	0	255
 48104	33	33	51	108	114	41	0	255
 48149	33	33	51	108	114	41	0	255
 48195	33	33	51	108	114	41	0	255
 48240	33	33	51	108	114	41	0	255
 48285	33	33	51	108	114	41	0	255
 48331	33	33	51	108	114	41	0	255
 48376	33	33	51	108	114	41	0	255
 48421	33	33	51	108	114	41	0	255
 48467	33	33	51	108	114	41	0	255
 48512	33	33	51	108	114	40	0	255
 48557	33	33	51	108	114	41	0	255
 48603	33	33	51	108	114	41	0	255
 48648	33	33	51	108	114	41	0	255
 48693	33	33	51	108	114	41	0	255
 48739	33	33	51	108	114	41	0	255
 48784	33	33	51	108	114	41	0	255
 48829	33	33	51	108	114	41	0	255
 48875	33	33	51	108	114	40	0	255
 48920	33	33	51	108	114	41	0	255
 48965	33	33	51	108	114	41	0	255
 49011	33	33	51	108	114	40	0	255
 49056	33	33	51	108	114	40	0	255
 49102	33	33	51	108	114	41	0	255
 49147	33	33	51	108	114	38	0	255
 49192	33	33	51	108	114	40	0	255
 49238	33	33	51	108	114	38	0	255
 49283	33	33	51	108	114	38	0	255
 49328	33	33	51	108	114	38	0	255
 49374	33	33	51	108	114	38	0	255
 49419	33	33	51	108	114	38	0	255
 49465	33	33	51	108	114	37	0	255
 49510	33	33	51	108	114	38	0	255
 49555	33	33	51	108	114	38	0	255
 49600	33	33	51	108	114	38	0	255
 49646	33	33	51	108	114	38	0	255
 49692	33	33	51	108	114	38	0	255
 49736	33	33	51	108	114	37	0	255
 49782	33	33	51	108	114	38	0	255
 49827	33	33	51	108	114	37	0	255
 49873	33	33	51	108	114	37	0	255
 49918	33	33	51	108	114	37	0	255
 49963	33	33	51	108	114	37	0	255
 50009	33	33	51	108	114	37	0	255
 50054	33	33	51	108	114	37	0	255
 50099	33	33	51	108	114	37	0	255
 50145	33	33	51	108	114	37	0	255
 50190	33	33	51	108	114	37	0	255
 50235	33	33	51	108	114	37	0	255
 50281	33	33	51	108	114	36	0	255
 50326	33	33	51	108	114	36	0	255
 50371	33	33	51	108	114	36	0	255
 50417	33	33	51	108	114	36	0	255
 50462	33	33	51	108	114	35	0	255
 50507	33	33	51	108	114	35	0	255
 50553	33	33	51	108	114	35	0	255
 50598	33	33	51	108	114	35	0	255
 50644	33	33	51	108	114	35	0	255
 50689	33	33	51	108	114	35	0	255
 50734	33	32	51	108	114	35	0	255
 50780	33	32	51	108	114	35	0	255
 50825	33	32	51	108	114	34	0	255
 50870	33	33	51	108	114	35	0	255
 50916	33	32	51	108	114	34	0	255
 50961	33	33	51	108	114	34	0	255
 51006	33	32	51	108	114	34	0	255
 51052	33	32	51	108	114	34	0	255
 51097	33	32	51	108	114	35	0	255
 51142	33	32	51	108	114	34	0	255
 51188	33	32	51	108	114	34	0	255
 51233	33	32	51	108	114	34	0	255
 51278	33	32	51	108	114	34	0	255
 51324	33	33	51	108	114	34	0	255
 51369	33	32	51	108	114	35	0	255
 51414	33	32	51	108	114	32	0	255
 51460	33	32	51	108	114	34	0	255
 51505	33	32	51	108	114	32	0	255
 51551	33	32	51	108	114	32	0	255
 51596	33	32	51	108	114	32	0	255
 51641	33	33	51	108	114	32	0	255
 51687	33	32	51	108	114	32	0	255
 51732	33	32	51	108	114	32	0	255
 51777	33	32	51	108	114	31	0	255
 51823	33	32	51	108	114	31	0	255
 51868	33	32	51	108	114	32	0	255
 51913	33	32	51	108	114	31	0	255
 51959	33	32	51	108	114	31	0	255
 52004	33	32	51	108	114	31	0	255
 52049	33	32	51	108	114	31	0	255
 52095	33	32	51	108	114	31	0	255
 52141	33	32	51	108	114	31	0	255
 52185	33	32	51	108	114	31	0	255
 52231	33	32	51	108	114	31	0	255
 52276	33	32	51	108	114	31	0	255
 52322	33	32	51	108	114	31	0	255
 52367	33	32	51	108	114	31	0	255
 52412	33	32	51	108	114	31	0	255
 52458	33	32	51	108	114	31	0	255
 52503	33	32	51	108	114	30	0	255
 52548	33	32	51	108	114	30	0	255
 52594	33	32	51	108	114	31	0	255
 52639	33	32	51	108	114	29	0	255
 52684	33	32	51	108	114	29	0	255
 52730	33	32	51	108	114	31	0	255
 52775	33	32	51	108	113	30	0	255
 52821	33	32	51	108	113	30	0	255
 52866	33	32	51	107	113	30	0	255
 52911	33	32	51	108	113	30	0	255
 52956	33	32	51	107	113	30	0	255
 53002	33	32	51	107	113	29	0	255
 53047	33	32	51	107	113	29	0	255
 53093	33	32	51	107	113	29	0	255
 53138	32	32	51	107	113	29	0	255
 53183	33	32	51	107	113	30	0	255
 53229	32	32	51	107	113	30	0	255
 53274	33	32	51	107	113	29	0	255
 53319	33	32	51	107	113	29	0	255
 53365	33	32	51	107	113	29	0	255
 53410	32	32	51	107	113	29	0	255
 53455	32	32	51	107	113	29	0	255
 53501	33	32	51	107	113	30	0	255
 53546	32	32	51	107	113	29	0	255
 53591	32	32	51	107	113	29	0	255
 53637	33	32	51	107	113	29	0	255
 53682	32	32	51	107	113	29	0	255
 53727	33	32	51	107	113	29	0	255
 53773	32	32	51	107	113	28	0	255
 53818	32	32	51	107	113	28	0	255
 53864	32	32	51	107	113	28	0	255
 53909	32	32	51	107	113	28	0	255
 53954	33	32	51	107	113	28	0	255
 54000	33	32	51	107	113	28	0	255
 54045	32	32	51	107	113	28	0	255
 54090	32	32	51	107	113	28	0	255
 54136	32	32	51	107	113	26	0	255
 54181	32	32	51	107	113	26	0	255
 54226	32	32	51	107	113	26	0	255
 54272	32	32	51	107	113	26	0	255
 54317	32	32	51	107	113	28	0	255
 54362	32	32	51	107	113	26	0	255
 54408	32	32	51	107	113	26	0	255
 54453	32	32	51	107	113	28	0	255
 54498	32	32	51	107	113	28	0	255
 54544	32	32	51	107	113	26	0	255
 54589	32	32	51	107	113	26	0	255
 54635	32	32	51	107	113	26	0	255
 54680	32	32	51	107	113	28	0	255
 54725	32	32	51	107	113	26	0	255
 54771	32	32	51	107	113	26	0	255
 54816	32	32	51	107	113	26	0	255
 54861	32	32	51	107	113	26	0	255
 54907	32	32	51	107	113	26	0	255
 54952	32	32	51	107	113	28	0	255
 54997	32	32	51	107	113	28	0	255
 55043	32	32	51	107	113	28	0	255
 55088	32	32	51	107	113	28	0	255
 55133	32	32	51	107	113	28	0	255
 55179	32	32	51	107	113	28	0	255
 55224	32	32	51	107	113	28	0	255
 55269	32	32	51	107	113	28	0	255
 55315	32	32	51	107	113	29	0	255
 55360	32	32	51	107	113	29	0	255
 55405	32	32	51	107	113	28	0	255
 55451	32	32	51	107	113	29	0	255
 55496	32	32	51	107	113	29	0	255
 55542	32	32	51	107	113	28	0	255
 55587	32	32	51	107	113	29	0	255
 55632	32	32	51	107	113	29	0	255
 55678	32	32	51	107	113	29	0	255
 55723	32	32	51	107	113	28	0	255
 55768	32	33	51	107	113	29	0	255
 55815	32	32	51	107	113	28	0	255
 55859	32	32	50	107	113	29	0	255
 55904	32	32	51	107	113	29	0	255
 55950	32	33	51	107	113	29	0	255
 55995	32	33	51	107	113	29	0	255
 56040	32	32	50	107	113	29	0	255
 56086	32	32	51	107	113	29	0	255
 56131	32	32	51	107	113	29	0	255
 56176	32	32	50	107	113	29	0	255
 56222	32	32	50	107	113	29	0	255
 56267	32	32	50	107	113	29	0	255
 56313	32	32	50	107	113	29	0	255
 56358	32	32	50	107	113	29	0	255
 56403	32	33	50	107	113	29	0	255
 56449	32	32	50	107	113	29	0	255
 56494	32	32	50	107	113	29	0	255
 56539	32	32	50	107	113	29	0	255
 56585	32	32	50	107	113	29	0	255
 56630	32	33	50	107	113	30	0	255
 56675	32	32	50	107	113	29	0	255
 56721	32	32	50	107	113	29	0	255
 56766	32	32	50	107	113	30	0	255
 56812	32	32	50	107	113	30	0	255
 56857	32	32	50	107	113	30	0	255
 56902	32	33	50	107	113	30	0	255
 56947	32	32	50	107	113	30	0	255
 56993	32	33	50	107	113	31	0	255
 57038	32	32	50	107	113	31	0	255
 57084	32	33	50	107	113	31	0	255
 57129	32	33	50	107	113	31	0	255
 57175	32	33	50	107	113	32	0	255
 57220	32	33	50	107	113	31	0	255
 57265	32	33	50	107	113	32	0	255
 57310	32	33	50	107	113	32	0	255
 57356	32	33	50	107	113	31	0	255
 57401	32	33	50	107	113	32	0	255
 57446	32	33	50	107	113	32	0	255
 57492	32	33	50	107	113	32	0	255
 57537	32	33	50	107	113	34	0	255
 57582	32	33	50	107	113	34	0	255
 57628	32	33	50	107	113	34	0	255
 57673	32	33	50	107	113	35	0	255
 57718	32	33	50	107	113	35	0	255
 57764	32	33	50	107	113	36	0	255
 57809	32	33	50	107	113	36	0	255
 57854	32	33	50	107	113	36	0	255
 57900	32	33	50	107	113	37	0	255
 57945	32	33	50	107	113	37	0	255
 57991	32	33	50	107	113	37	0	255
 58036	32	33	50	107	113	38	0	255
 58081	32	33	50	107	113	38	0	255
 58127	32	33	50	107	113	38	0	255
 58172	32	33	50	107	113	38	0	255
 58217	32	33	50	107	113	38	0	255
 58263	32	33	50	107	113	40	0	255
 58308	32	33	50	107	113	38	0	255
 58353	32	33	50	107	113	38	0	255
 58399	32	33	50	107	113	40	0	255
 58444	32	33	50	107	113	38	0	255
 58489	32	33	50	107	113	40	0	255
 58535	32	33	50	107	113	40	0	255
 58580	32	33	50	107	113	38	0	255
 58625	32	33	50	107	113	38	0	255
 58671	32	33	50	107	113	38	0	255
 58716	32	33	50	107	113	38	0	255
 58762	32	33	50	107	113	38	0	255
 58807	32	33	50	107	113	38	0	255
 58852	32	33	50	107	113	38	0	255
 58898	32	33	50	107	113	38	0	255
 58943	32	33	50	107	113	38	0	255
 58988	32	33	50	107	113	38	0	255
 59034	32	33	50	107	113	38	0	255
 59079	32	33	50	107	113	40	0	255
 59124	32	33	50	107	113	38	0	255
 59170	32	33	50	107	113	38	0	255
 59215	32	33	50	107	113	38	0	255
 59260	32	33	50	107	113	40	0	255
 59306	32	33	50	107	113	40	0	255
 59351	32	33	50	107	113	40	0	255
 59396	32	33	50	107	113	38	0	255
 59442	32	33	50	107	113	40	0	255
 59487	32	33	50	107	113	40	0	255
 59533	32	33	50	107	113	38	0	255
 59578	32	33	50	107	113	40	0	255
 59623	32	33	50	107	113	38	0	255
 59669	32	32	50	107	113	38	0	255
 59714	32	33	50	107	113	38	0	255
 59759	32	32	50	107	113	37	0	255
 59805	32	33	50	107	113	37	0	255
 59850	32	32	50	107	113	37	0	255
 59895	32	32	50	107	113	37	0	255
 59941	32	32	50	107	113	36	0	255
 59986	32	32	50	107	113	36	0	255
 60031	32	32	50	107	112	36	0	255
 60077	32	32	50	107	113	36	0	255
 60122	32	32	50	107	112	35	0	255
 60167	32	32	50	107	113	36	0	255
 60213	32	32	50	107	112	35	0	255
 60258	32	32	50	107	112	35	0	255
 60304	32	32	50	107	112	35	0	255
 60349	32	32	50	107	112	35	0	255
 60394	32	32	50	107	112	35	0	255
 60440	32	32	50	107	112	34	0	255
 60485	32	32	50	106	112	34	0	255
 60534	32	32	50	106	112	34	0	255
 60576	32	32	50	106	112	34	0	255
 60621	32	32	50	106	112	32	0	255
 60666	32	32	50	106	112	32	0	255
 60712	32	32	50	106	112	32	0	255
 60757	32	32	50	106	112	32	0	255
 60802	32	32	50	106	112	31	0	255
 60848	32	32	50	106	112	31	0	255
 60893	32	32	50	106	112	31	0	255
 60939	32	32	50	106	112	31	0	255
 60984	32	32	50	106	112	31	0	255
 61029	32	32	50	106	112	30	0	255
 61075	32	32	50	106	112	30	0	255
 61120	32	32	50	106	112	30	0	255
 61165	32	32	50	106	112	30	0	255
 61211	32	32	50	106	112	29	0	255
 61256	32	32	50	106	112	30	0	255
 61301	32	32	50	106	112	30	0	255
 61347	32	32	50	106	112	29	0	255
 61392	32	32	50	106	112	29	0	255
 61437	32	32	50	106	112	29	0	255
 61483	32	32	50	106	112	29	0	255
 61528	32	32	50	106	112	29	0	255
 61573	32	32	50	106	112	29	0	255
 61619	32	32	50	106	112	28	0	255
 61665	32	32	50	106	112	28	0	255
 61709	32	32	50	106	112	28	0	255
 61755	32	32	50	106	112	26	0	255
 61800	32	32	50	106	112	28	0	255
 61846	32	32	50	106	112	26	0	255
 61891	32	32	50	106	112	26	0	255
 61936	32	32	50	106	112	28	0	255
 61982	32	32	50	106	112	26	0	255
 62027	32	32	50	106	112	26	0	255
 62072	32	32	50	106	112	26	0	255
 62118	32	32	50	106	112	26	0	255
 62163	32	32	50	106	112	26	0	255
 62208	32	32	50	106	112	25	0	255
 62254	32	32	50	106	112	25	0	255
 62299	32	32	50	106	112	25	0	255
 62344	32	32	50	106	112	25	0	255
 62390	32	32	50	106	112	25	0	255
 62435	32	32	50	106	112	25	0	255
 62480	32	32	50	106	112	25	0	255
 62526	32	32	50	106	112	25	0	255
 62571	32	32	50	106	112	24	0	255
 62616	32	32	50	106	112	24	0	255
 62662	32	32	50	106	112	24	0	255
 62707	32	32	50	106	112	23	0	255
 62753	32	32	50	106	112	24	0	255
 62798	32	32	50	106	112	23	0	255
 62843	32	32	50	106	112	23	0	255
 62889	32	32	50	106	112	23	0	255
 62934	32	32	50	106	112	23	0	255
 62979	32	32	50	106	112	23	0	255
 63025	32	32	50	106	112	23	0	255
 63070	32	32	50	106	112	22	0	255
 63115	32	32	50	106	112	23	0	255
 63161	32	32	50	106	112	23	0	255
 63206	32	32	50	106	112	22	0	255
 63253	32	32	50	106	112	22	0	255
 63297	32	32	50	106	112	20	0	255
 63342	32	32	50	106	112	22	0	255
 63387	32	32	50	106	112	20	0	255
 63433	32	32	50	106	112	20	0	255
 63478	32	32	50	106	112	22	0	255
 63524	32	32	50	106	112	20	0	255
 63569	32	32	50	106	112	22	0	255
 63614	32	32	50	106	112	20	0	255
 63660	32	32	50	106	112	20	0	255
 63705	32	32	50	106	112	20	0	255
 63750	32	32	50	106	112	20	0	255
 63796	32	32	50	106	112	19	0	255
 63841	32	32	50	106	112	19	0	255
 63886	32	32	50	106	112	20	0	255
 63932	32	32	50	106	112	20	0	255
 63977	32	32	50	106	112	19	0	255
 64022	32	32	50	106	112	19	0	255
 64068	32	32	50	106	112	19	0	255
 64113	32	32	50	106	112	19	0	255
 64158	32	32	50	106	112	19	0	255
 64204	32	32	50	106	112	18	0	255
 64249	32	32	50	106	112	19	0	255
 64295	32	32	50	106	112	18	0	255
 64340	32	32	50	106	112	18	0	255
 64385	32	32	50	106	112	19	0	255
 64431	32	32	50	106	112	19	0	255
 64476	32	32	50	106	112	18	0	255
 64521	32	32	50	106	112	18	0	255
 64567	32	32	50	106	112	18	0	255
 64612	32	32	50	106	112	18	0	255
 64657	32	32	50	106	112	18	0	255
 64703	32	32	50	106	112	17	0	255
 64748	32	32	50	106	112	18	0	255
 64793	32	32	50	106	112	17	0	255
 64839	32	32	50	106	112	18	0	255
 64884	32	32	50	106	112	18	0	255
 64931	32	32	50	106	112	17	0	255
 64975	32	32	50	106	112	16	0	255
 65020	32	32	50	106	112	17	0	255
 65065	32	32	50	106	112	17	0	255
 65111	32	32	50	106	112	17	0	255
 65156	32	32	50	106	112	17	0	255
 65202	32	32	50	106	112	17	0	255
 65247	32	32	50	106	112	17	0	255
 65292	32	32	50	106	112	17	0	255
 65338	32	32	50	106	112	16	0	255
 65383	32	32	50	106	112	16	0	255
 65428	32	32	50	106	112	16	0	255
 65519	32	32	50	106	112	17	0	255
 65564	32	32	50	106	112	16	0	255
 65610	32	32	50	106	112	16	0	255
 65655	32	32	50	106	112	17	0	255
 65700	32	32	50	106	112	17	0	255
 65746	32	32	50	106	112	14	0	255
 65791	32	32	50	106	112	16	0	255
 65836	32	32	50	106	112	16	0	255
 65882	32	32	50	106	112	16	0	255
 65927	32	32	50	106	112	16	0	255
 65973	32	32	50	106	112	16	0	255
 66018	32	32	50	106	112	16	0	255
 66063	32	32	50	106	112	16	0	255
 66109	32	32	50	106	112	16	0	255
 66154	32	32	50	106	112	16	0	255
 66201	32	32	50	106	112	14	0	255
 66245	32	32	50	106	112	16	0	255
 66290	32	32	50	106	112	14	0	255
 66336	32	32	50	106	112	14	0	255
 66381	32	32	50	106	112	14	0	255
 66426	32	32	50	106	112	16	0	255
 66471	32	32	50	106	112	14	0	255
 66517	32	32	50	106	112	13	0	255
 66562	32	32	50	106	112	16	0	255
 66607	32	32	50	106	112	13	0	255
 66653	32	32	50	106	112	14	0	255
 66698	32	32	50	106	112	14	0	255
 66744	32	32	50	106	112	16	0	255
 66789	32	32	50	106	112	14	0	255
 66835	32	32	50	106	112	14	0	255
 66880	32	32	50	106	112	14	0	255
 66925	32	32	50	106	112	14	0	255
 66970	32	32	50	106	112	13	0	255
 67016	32	32	50	106	112	14	0	255
 67061	32	32	50	106	112	13	0	255
 67106	32	32	50	106	112	14	0	255
 67152	32	32	50	106	112	13	0	255
 67197	32	32	50	106	112	14	0	255
 67242	32	32	50	106	112	14	0	255
 67288	32	32	50	106	112	14	0	255
 67333	32	32	50	106	112	14	0	255
 67378	32	32	50	106	112	13	0	255
 67424	32	32	50	106	112	14	0	255
 67469	32	32	50	106	112	13	0	255
 67514	32	32	50	106	111	13	0	255
 67560	32	32	50	106	112	13	0	255
 67605	32	32	50	106	111	13	0	255
 67651	32	32	50	106	111	13	0	255
 67696	32	32	50	106	111	14	0	255
 67741	32	32	50	106	111	13	0	255
 67787	32	32	50	106	111	14	0	255
 67832	32	32	50	106	111	13	0	255
 67877	32	32	50	106	111	13	0	255
 67923	32	32	50	106	111	13	0	255
 67968	32	32	50	106	111	13	0	255
 68013	32	32	50	105	111	13	0	255
 68059	32	32	50	106	111	13	0	255
 68104	32	32	50	105	111	13	0	255
 68149	32	32	50	105	111	13	0	255
 68195	32	32	50	106	111	13	0	255
 68240	32	32	50	105	111	14	0	255
 68285	32	32	50	105	111	13	0	255
 68331	32	32	50	106	111	13	0	255
 68376	32	32	50	105	111	13	0	255
 68422	32	32	50	105	111	13	0	255
 68467	32	32	50	105	111	13	0	255
 68512	32	32	50	105	111	13	0	255
 68558	32	32	50	105	111	14	0	255
 68603	32	32	50	105	111	14	0	255
 68648	32	32	50	105	111	13	0	255
 68694	32	32	50	105	111	13	0	255
 68739	32	32	50	105	111	13	0	255
 68784	32	32	50	105	111	13	0	255
 68830	32	32	50	105	111	14	0	255
 68875	32	32	50	105	111	13	0	255
 68920	32	32	50	105	111	13	0	255
 68966	32	32	50	105	111	12	0	255
 69011	32	32	50	105	111	13	0	255
 69093	32	32	50	105	111	14	0	255
 69138	32	32	50	105	111	14	0	255
 69184	32	32	50	105	111	13	0	255
 69229	32	32	50	105	111	13	0	255
 69274	32	32	50	105	111	13	0	255
 69320	32	32	50	105	111	13	0	255
 69365	32	32	50	105	111	12	0	255
 69410	32	32	50	105	111	14	0	255
 69456	32	32	50	105	111	13	0	255
 69501	32	32	50	105	111	13	0	255
 69546	32	32	50	105	111	13	0	255
 69592	32	32	50	105	111	12	0	255
 69637	32	32	50	105	111	14	0	255
 69682	32	32	50	105	111	13	0	255
 69728	32	32	50	105	111	14	0	255
 69773	32	32	50	105	111	13	0	255
 69818	32	32	50	105	111	12	0	255
 69864	32	32	50	105	111	13	0	255
 69909	32	32	50	105	111	14	0	255
 69954	32	32	50	105	111	12	0	255
 70000	32	32	50	105	111	12	0	255
 70045	32	32	50	105	111	13	0	255
 70091	32	32	50	105	111	13	0	255
 70136	32	32	50	105	111	13	0	255
 70181	32	32	50	105	111	12	0	255
 70227	32	32	50	105	111	13	0	255
 70272	32	32	50	105	111	12	0	255
 70317	32	32	50	105	111	13	0	255
 70363	32	32	50	105	111	12	0	255
 70408	32	32	50	105	111	12	0	255
 70453	32	32	50	105	111	13	0	255
 70499	32	32	50	105	111	13	0	255
 70544	32	32	50	105	111	13	0	255
 70589	32	32	50	105	111	13	0	255
 70635	32	32	50	105	111	13	0	255
 70680	32	32	50	105	111	13	0	255
 70725	32	32	50	105	111	12	0	255
 70771	32	32	50	105	111	14	0	255
 70816	32	32	50	105	111	12	0	255
 70862	32	32	50	105	111	14	0	255
 70907	32	32	50	105	111	13	0	255
 70952	32	32	49	105	111	12	0	255
 70998	32	32	50	105	111	14	0	255
 71043	32	32	50	105	111	13	0	255
 71088	32	32	50	105	111	13	0	255
 71134	32	32	50	105	111	13	0	255
 71179	32	32	50	105	111	13	0	255
 71224	32	32	50	105	111	14	0	255
 71270	32	32	50	105	111	13	0	255
 71315	32	32	49	105	111	13	0	255
 71360	32	32	50	105	111	12	0	255
 71406	32	32	50	105	111	13	0	255
 71451	32	32	49	105	111	14	0	255
 71496	32	32	50	105	111	13	0	255
 71542	32	32	49	105	111	13	0	255
 71587	32	32	49	105	111	12	0	255
 71632	32	32	49	105	111	14	0	255
 71678	32	32	49	105	111	14	0	255
 71723	32	32	49	105	111	13	0	255
 71769	32	32	49	105	111	13	0	255
 71814	32	32	49	105	111	12	0	255
 71859	32	32	49	105	111	14	0	255
 71905	32	32	49	105	111	12	0	255
 71950	32	32	49	105	111	12	0	255
 71995	32	32	49	105	111	13	0	255
 72042	32	32	49	105	111	13	0	255
 72086	32	32	49	105	111	12	0	255
 72131	32	32	49	105	111	14	0	255
 72177	32	32	49	105	111	14	0	255
 72222	32	32	49	105	111	13	0	255
 72267	32	32	49	105	111	13	0	255
 72313	32	32	49	105	111	12	0	255
 72358	32	32	49	105	111	12	0	255
 72403	32	32	49	105	111	13	0	255
 72449	32	32	49	105	111	12	0	255
 72494	32	32	49	105	111	11	0	255
 72539	32	32	49	105	111	13	0	255
 72585	32	32	49	105	111	13	0	255
 72630	32	32	49	105	111	14	0	255
 72676	32	32	49	105	111	12	0	255
 72721	32	32	49	105	111	14	0	255
 72766	32	32	49	105	111	13	0	255
 72812	32	32	49	105	111	13	0	255
 72857	32	32	49	105	111	13	0	255
 72902	32	32	49	105	111	12	0	255
 72948	32	32	49	105	111	13	0	255
 72993	32	32	49	105	111	13	0	255
 73038	32	32	49	105	111	12	0	255
 73084	32	32	49	105	111	11	0	255
 73129	32	32	49	105	111	13	0	255
 73174	32	32	49	105	111	11	0	255
 73220	32	32	49	105	111	12	0	255
 73265	32	32	49	105	111	12	0	255
 73310	32	32	49	105	111	13	0	255
 73356	32	32	49	105	111	14	0	255
 73401	32	32	49	105	111	13	0	255
 73446	32	32	49	105	111	12	0	255
 73492	32	32	49	105	111	13	0	255
 73537	32	32	49	105	111	13	0	255
 73583	32	32	49	105	111	12	0	255
 73628	32	32	49	105	111	12	0	255
 73673	32	32	49	105	111	14	0	255
 73719	32	32	49	105	111	13	0	255
 73764	32	32	49	105	111	13	0	255
 73809	32	32	49	105	111	12	0	255
 73855	32	32	49	105	111	12	0	255
 73900	32	32	49	105	111	12	0	255
 73945	32	32	49	105	111	13	0	255
 73991	32	32	49	105	111	12	0	255
 74036	32	32	49	105	111	13	0	255
 74081	32	32	49	105	111	12	0	255
 74127	32	32	49	105	111	13	0	255
 74172	32	32	49	105	111	13	0	255
 74217	32	32	49	105	111	13	0	255
 74263	32	32	49	105	111	12	0	255
 74308	32	32	49	105	111	12	0	255
 74353	32	32	49	105	111	12	0	255
 74399	32	32	49	105	111	13	0	255
 74444	32	32	49	105	111	12	0	255
 74490	32	32	49	105	111	13	0	255
 74535	32	32	49	105	111	12	0	255
 74580	32	32	49	105	111	13	0	255
 74626	32	32	49	105	111	12	0	255
 74671	32	32	49	105	111	13	0	255
 74716	32	32	49	105	111	14	0	255
 74762	32	32	49	105	111	13	0	255
 74807	32	32	49	105	111	13	0	255
 74853	32	32	49	105	111	13	0	255
 74898	32	32	49	105	111	12	0	255
 74943	32	32	49	105	111	13	0	255
 74988	32	32	49	105	111	12	0	255
 75034	32	32	49	105	110	13	0	255
 75079	32	32	49	105	111	12	0	255
 75125	32	32	49	105	110	12	0	255
 75170	32	32	49	105	111	11	0	255
 75215	32	32	49	105	111	13	0	255
 75260	32	32	49	105	110	13	0	255
 75306	32	32	49	105	110	13	0	255
 75351	32	32	49	105	110	12	0	255
 75397	32	32	49	105	110	13	0	255
 75442	32	32	49	105	110	13	0	255
 75487	32	32	49	105	110	13	0	255
 75533	32	32	49	105	110	12	0	255
 75578	32	32	49	105	110	13	0	255
 75623	32	32	49	105	110	12	0	255
 75669	32	32	49	105	110	12	0	255
 75714	32	32	49	105	110	13	0	255
 75759	32	32	49	105	110	12	0	255
 75805	32	32	49	105	110	13	0	255
 75850	32	32	49	105	110	12	0	255
 75895	32	32	49	105	110	13	0	255
 75941	32	32	49	105	110	13	0	255
 75986	32	32	49	105	110	12	0	255
 76031	32	32	49	104	110	13	0	255
 76077	32	32	49	104	110	12	0	255
 76122	32	32	49	105	110	12	0	255
 76167	32	32	49	104	110	13	0	255
 76213	32	32	49	104	110	13	0	255
 76258	32	32	49	104	110	12	0	255
 76304	32	32	49	104	110	13	0	255
 76349	32	32	49	104	110	11	0	255
 76394	32	32	49	104	110	11	0	255
 76440	32	32	49	104	110	12	0	255
 76485	32	32	49	104	110	13	0	255
 76530	32	32	49	104	110	12	0	255
 76576	32	32	49	104	110	11	0	255
 76621	32	32	49	104	110	12	0	255
 76666	32	32	49	104	110	13	0	255
 76712	32	32	49	104	110	12	0	255
 76757	32	32	49	104	110	12	0	255
 76802	32	32	49	104	110	12	0	255
 76848	32	32	49	104	110	11	0	255
 76893	32	32	49	104	110	11	0	255
 76938	32	32	49	104	110	13	0	255
 76984	32	32	49	104	110	12	0	255
 77029	32	32	49	104	110	11	0	255
 77074	32	32	49	104	110	13	0	255
 77120	32	32	49	104	110	12	0	255
 77165	32	32	49	104	110	11	0	255
 77210	32	32	49	104	110	12	0	255
 77256	32	32	49	104	110	12	0	255
 77301	32	32	49	104	110	13	0	255
 77347	32	32	49	104	110	11	0	255
 77392	32	32	49	104	110	12	0	255
 77437	32	32	49	104	110	12	0	255
 77483	32	32	49	104	110	12	0	255
 77528	32	32	49	104	110	11	0	255
 77573	32	32	49	104	110	12	0	255
 77619	32	32	49	104	110	11	0	255
 77664	32	32	49	104	110	12	0	255
 77709	32	32	49	104	110	12	0	255
 77755	32	32	49	104	110	12	0	255
 77800	32	32	49	104	110	12	0	255
 77845	32	32	49	104	110	12	0	255
 77891	32	32	49	104	110	11	0	255
 77936	32	32	49	104	110	11	0	255
 77981	32	32	49	104	110	12	0	255
 78027	32	32	49	104	110	11	0	255
 78072	32	32	49	104	110	12	0	255
 78117	32	32	49	104	110	13	0	255
 78163	32	32	49	104	110	12	0	255
 78208	32	32	49	104	110	11	0	255
 78254	32	32	49	104	110	11	0	255
 78299	32	32	49	104	110	12	0	255
 78344	32	32	49	104	110	12	0	255
 78390	32	32	49	104	110	12	0	255
 78435	32	32	49	104	110	10	0	255
 78480	32	32	49	104	110	11	0	255
 78526	32	32	49	104	110	11	0	255
 78571	32	32	49	104	110	12	0	255
 78616	32	32	49	104	110	11	0	255
 78662	32	32	49	104	110	12	0	255
 78707	32	32	49	104	110	11	0	255
 78752	32	32	49	104	110	12	0	255
 78798	32	32	49	104	110	12	0	255
 78843	32	32	49	104	110	12	0	255
 78888	32	32	49	104	110	12	0	255
 78934	32	32	49	104	110	10	0	255
 78979	32	32	49	104	110	11	0	255
 79025	32	32	49	104	110	12	0	255
 79070	32	32	49	104	110	12	0	255
 79115	32	32	49	104	110	10	0	255
 79161	32	32	49	104	110	11	0	255
 79206	32	32	49	104	110	12	0	255
 79251	32	32	49	104	110	12	0	255
 79297	32	32	49	104	110	12	0	255
 79342	32	32	49	104	110	11	0	255
 79387	32	32	49	104	110	11	0	255
 79433	32	32	49	104	110	11	0	255
 79478	32	32	49	104	110	10	0	255
 79523	32	32	49	104	110	10	0	255
 79569	32	32	49	104	110	11	0	255
 79614	32	32	49	104	110	12	0	255
 79659	32	32	49	104	110	11	0	255
 79705	32	32	49	104	110	12	0	255
 79750	32	32	49	104	110	10	0	255
 79796	32	32	49	104	110	10	0	255
 79841	32	32	49	104	110	11	0	255
 79886	32	32	49	104	110	11	0	255
 79932	32	32	49	104	110	12	0	255
 79977	32	32	49	104	110	11	0	255
 80022	32	32	49	104	110	11	0	255
 80068	32	32	49	104	110	12	0	255
 80113	32	32	49	104	110	10	0	255
 80158	32	32	49	104	110	11	0	255
 80204	32	32	49	104	110	11	0	255
 80249	32	32	49	104	110	12	0	255
 80294	32	32	49	104	110	12	0	255
 80340	32	32	49	104	110	10	0	255
 80385	32	32	49	104	110	11	0	255
 80430	32	32	49	104	110	11	0	255
 80476	32	32	49	104	110	11	0	255
 80521	32	32	49	104	110	12	0	255
 80566	32	32	49	104	110	12	0	255
 80612	32	32	49	104	110	11	0	255
 80657	32	32	49	104	110	12	0	255
 80702	32	32	49	104	110	12	0	255
 80748	32	32	49	104	110	10	0	255
 80793	32	32	49	104	110	12	0	255
 80838	32	32	49	104	110	11	0	255
 80884	32	32	49	104	110	12	0	255
 80929	32	32	49	104	110	12	0	255
 80975	32	32	49	104	110	11	0	255
 81020	32	32	49	104	110	11	0	255
 81065	32	32	49	104	110	11	0	255
 81111	32	32	49	104	110	12	0	255
 81156	32	32	49	104	110	11	0	255
 81201	32	32	49	104	110	10	0	255
 81247	32	32	49	104	110	12	0	255
 81292	32	32	49	104	110	11	0	255
 81337	32	32	49	104	110	12	0	255
 81383	32	32	49	104	110	10	0	255
 81428	32	32	49	104	110	11	0	255
 81473	32	32	49	104	110	11	0	255
 81519	32	32	49	104	110	12	0	255
 81564	32	32	49	104	110	11	0	255
 81609	32	32	49	104	110	12	0	255
 81655	32	32	49	104	110	11	0	255
 81700	32	32	49	104	110	10	0	255
 81745	32	32	49	104	110	10	0	255
 81791	32	32	49	104	110	11	0	255
 81836	32	32	49	104	110	11	0	255
 81882	32	32	49	104	110	12	0	255
 81927	32	32	49	104	110	12	0	255
 81972	32	32	49	104	110	11	0	255
 82018	32	32	49	104	110	11	0	255
 82063	32	32	49	104	110	12	0	255
 82108	32	32	49	104	110	10	0	255
 82154	32	32	49	104	110	10	0	255
 82199	32	32	49	104	110	10	0	255
 82244	32	32	49	104	110	11	0	255
 82290	32	32	49	104	110	11	0	255
 82335	32	32	49	104	110	11	0	255
 82380	32	32	49	104	110	11	0	255
 82426	32	32	49	104	110	11	0	255
 82471	32	32	49	104	110	11	0	255
 82516	32	32	49	104	110	10	0	255
 82562	32	32	49	104	110	11	0	255
 82607	32	32	49	104	110	11	0	255
 82652	32	32	49	104	109	10	0	255
 82698	32	32	49	104	109	8	0	255
 82743	32	32	49	104	110	11	0	255
 82789	32	32	49	104	109	11	0	255
 82834	32	32	49	104	109	8	0	255
 82879	32	32	49	104	109	10	0	255
 82925	32	32	49	104	109	8	0	255
 82970	32	32	49	104	109	8	0	255
 83015	32	32	49	104	110	10	0	255
 83061	32	32	49	104	109	10	0	255
 83106	32	32	49	104	109	11	0	255
 83151	32	32	49	104	109	10	0	255
 83197	32	32	49	104	109	10	0	255
 83242	32	32	49	104	109	10	0	255
 83287	32	32	49	104	109	11	0	255
 83333	32	32	49	104	109	11	0	255
 83378	32	32	49	104	109	11	0	255
 83423	32	32	49	104	109	8	0	255
 83469	32	32	49	104	109	10	0	255
 83514	32	32	49	104	109	10	0	255
 83559	32	32	49	104	109	11	0	255
 83605	32	32	49	104	109	11	0	255
 83650	32	32	49	104	109	8	0	255
 83695	32	32	49	104	109	10	0	255
 83741	32	32	49	104	109	8	0	255
 83786	32	32	49	104	109	8	0	255
 83836	32	32	49	104	109	8	0	255
 83877	32	32	49	104	109	10	0	255
 83922	32	32	49	104	109	8	0	255
 83968	32	32	49	104	109	10	0	255
 84013	32	32	49	104	109	10	0	255
 84058	32	32	49	104	109	8	0	255
 84104	32	32	49	104	109	8	0	255
 84149	32	32	49	104	109	8	0	255
 84194	32	32	49	103	109	10	0	255
 84240	32	32	49	103	109	8	0	255
 84285	32	32	49	103	109	8	0	255
 84330	32	32	49	103	109	10	0	255
 84376	32	32	49	103	109	10	0	255
 84421	32	32	49	103	109	10	0	255
 84466	32	32	49	103	109	8	0	255
 84512	32	32	49	103	109	10	0	255
 84557	32	32	49	103	109	10	0	255
 84603	32	32	49	103	109	8	0	255
 84648	32	32	49	103	109	8	0	255
 84693	32	32	49	103	109	10	0	255
 84739	32	32	49	103	109	10	0	255
 84784	32	32	49	103	109	10	0	255
 84829	32	32	49	103	109	10	0	255
 84875	32	32	49	103	109	7	0	255
 84920	32	32	49	103	109	8	0	255
 84965	32	32	49	103	109	8	0	255
 85011	32	32	49	103	109	7	0	255
 85056	32	32	49	103	109	7	0	255
 85101	32	32	49	103	109	8	0	255
 85147	32	32	49	103	109	7	0	255
 85192	32	32	49	103	109	6	0	255
 85237	32	32	49	103	109	7	0	255
 85283	32	32	49	103	109	7	0	255
 85328	32	32	49	103	109	8	0	255
 85373	32	32	49	103	109	8	0	255
 85419	32	32	49	103	109	7	0	255
 85464	32	32	49	103	109	7	0	255
 85509	32	32	49	103	109	6	0	255
 85555	32	32	49	103	109	7	0	255
 85600	32	32	49	103	109	7	0	255
 85646	32	32	49	103	109	7	0	255
 85691	32	32	49	103	109	8	0	255
 85736	32	32	49	103	109	7	0	255
 85782	32	32	49	103	109	6	0	255
 85827	32	32	49	103	109	7	0	255
 85873	32	32	49	103	109	6	0	255
 85918	32	32	49	103	109	5	0	255
 85963	32	32	49	103	109	6	0	255
 86008	32	32	49	103	109	6	0	255
 86054	32	32	49	103	109	6	0	255
 86099	32	32	49	103	109	7	0	255
 86144	32	32	49	103	109	6	0	255
 86190	32	32	49	103	109	6	0	255
 86235	32	32	49	103	109	5	0	255
 86280	32	32	49	103	109	5	0	255
 86326	32	32	49	103	109	7	0	255
 86371	32	32	49	103	109	6	0	255
