HomeCentral
 Falkenstrasse 20
 8630 Rueti
 Datum: 19.11.14 00:00
 
 Startzeit: 2014-11-19 00:00:34 +0100
 79	37	37	43	92	96	17	0	255
 124	37	37	43	92	96	17	0	255
 170	37	37	43	92	96	17	0	255
 215	37	37	43	92	96	17	0	255
 261	37	37	43	92	96	17	0	255
 306	37	37	43	92	96	18	0	255
 351	37	37	43	92	96	18	0	255
 10408	36	36	41	90	95	17	0	255
 10454	36	36	41	90	95	17	0	255
 10499	36	36	41	90	95	16	0	255
 10545	36	36	41	90	95	17	0	255
 10590	36	36	41	90	95	17	0	255
 10635	36	36	41	90	95	17	0	255
 10681	36	36	41	90	95	16	0	255
 10726	36	36	41	90	95	17	0	255
 10771	36	36	41	90	95	16	0	255
 10817	36	36	41	90	95	16	0	255
 10862	36	37	41	90	95	17	0	255
 10907	36	36	41	90	95	17	0	255
 10998	36	36	41	90	95	16	0	255
 11043	36	36	41	90	95	17	0	255
 11089	36	36	41	90	95	17	0	255
 11134	36	36	41	90	95	16	0	255
 11179	36	36	41	90	95	17	0	255
 11225	36	36	41	90	95	16	0	255
 11270	36	36	41	90	95	16	0	255
 11316	36	36	41	90	95	17	0	255
 11361	36	36	41	90	95	16	0	255
 11406	36	36	41	90	95	17	0	255
 11455	36	36	41	90	95	16	0	255
 11497	36	36	41	90	95	17	0	255
 11542	36	36	41	90	95	17	0	255
 11588	36	36	41	90	95	17	0	255
 11633	36	36	41	90	95	17	0	255
 11678	36	36	41	90	95	16	0	255
 11724	36	36	41	90	95	17	0	255
 11773	36	36	41	90	95	17	0	255
 11814	36	36	41	90	95	17	0	255
 11860	36	36	41	90	95	17	0	255
 11905	36	36	41	90	95	17	0	255
 11950	36	36	41	90	95	17	0	255
 11996	36	36	41	90	95	17	0	255
 12041	36	36	41	90	95	16	0	255
 12087	36	36	41	90	95	16	0	255
 12132	36	36	41	90	95	16	0	255
 12177	36	36	41	90	95	17	0	255
 12223	36	36	41	90	95	16	0	255
 12268	36	36	41	90	95	16	0	255
 12313	36	36	41	90	95	16	0	255
 12359	36	36	41	90	95	17	0	255
 12404	36	36	41	90	95	17	0	255
 12449	36	36	41	90	95	16	0	255
 12495	36	36	41	90	95	17	0	255
 12540	36	36	41	90	95	16	0	255
 12585	36	36	41	90	95	16	0	255
 12631	36	36	41	90	95	17	0	255
 12676	36	36	41	90	95	16	0	255
 12721	36	36	41	90	95	17	0	255
 12767	36	36	41	90	95	17	0	255
 12812	36	36	41	90	95	17	0	255
 12858	36	36	41	90	95	16	0	255
 12903	36	36	41	90	95	17	0	255
 12948	36	36	41	90	95	17	0	255
 12994	36	36	41	90	95	16	0	255
 13039	36	36	41	90	95	16	0	255
 13084	36	36	41	90	95	16	0	255
 13130	36	36	41	90	95	17	0	255
 13175	36	36	41	90	95	16	0	255
 13220	36	36	41	90	95	16	0	255
 13266	36	36	41	90	95	16	0	255
 13311	36	36	41	90	95	17	0	255
 13356	36	36	41	90	95	17	0	255
 13402	36	36	41	90	95	17	0	255
 13447	36	36	41	90	95	17	0	255
 13492	36	36	41	90	95	17	0	255
 13538	36	36	41	90	95	16	0	255
 13583	36	36	41	90	95	16	0	255
 13628	36	36	41	90	95	16	0	255
 13674	36	36	41	90	95	17	0	255
 13719	36	36	41	90	95	17	0	255
 13765	36	36	41	90	95	17	0	255
 13810	36	36	41	89	95	17	0	255
 13855	36	36	41	89	95	16	0	255
 13901	36	36	41	90	95	17	0	255
 13946	36	36	41	89	95	16	0	255
 13991	36	36	41	89	95	17	0	255
 14037	36	36	41	89	95	17	0	255
 14082	36	36	41	89	95	17	0	255
 14127	36	36	41	89	95	17	0	255
 14173	36	36	41	89	95	17	0	255
 14218	36	36	41	89	95	17	0	255
 14263	36	36	41	89	95	16	0	255
 14309	36	36	41	89	95	16	0	255
 14354	36	36	41	89	95	17	0	255
 14399	36	36	41	89	95	16	0	255
 14491	36	36	41	89	95	16	0	255
 14535	36	36	41	89	95	17	0	255
 14581	36	36	41	89	95	16	0	255
 14626	36	36	41	89	95	17	0	255
 14672	36	36	41	89	95	16	0	255
 14717	36	36	41	89	95	17	0	255
 14762	36	36	41	89	95	17	0	255
 14808	36	36	41	89	95	17	0	255
 14853	36	36	41	89	95	17	0	255
 14898	36	36	41	89	95	17	0	255
 14944	36	36	41	89	95	16	0	255
 14989	36	36	41	89	95	17	0	255
 15034	36	36	41	89	95	17	0	255
 15080	36	36	41	89	95	16	0	255
 15125	36	36	41	89	95	17	0	255
 15170	36	36	41	89	95	17	0	255
 15216	36	36	41	89	95	17	0	255
 15261	36	36	41	89	95	17	0	255
 15307	36	36	41	89	95	16	0	255
 15352	36	36	41	89	95	17	0	255
 15397	36	36	41	89	95	17	0	255
 16303	36	36	41	89	95	17	0	255
 16349	36	36	41	89	95	17	0	255
 16394	36	36	41	89	95	16	0	255
 16439	36	36	41	89	95	17	0	255
 16485	36	36	41	89	95	17	0	255
 16530	36	36	41	89	95	16	0	255
 16575	36	36	41	89	95	17	0	255
 16621	36	36	41	89	95	17	0	255
 16666	36	36	41	89	95	17	0	255
 16711	36	36	41	89	95	17	0	255
 16757	36	36	41	89	95	16	0	255
 16802	36	36	41	89	95	16	0	255
 16848	36	36	41	89	95	16	0	255
 16893	36	36	41	89	95	16	0	255
 16938	36	36	41	89	95	16	0	255
 16984	36	36	41	89	95	16	0	255
 17029	36	36	41	89	95	16	0	255
 17074	36	36	41	89	95	16	0	255
 17120	36	36	41	89	95	17	0	255
 17165	36	36	41	89	95	17	0	255
 17210	36	36	41	89	95	17	0	255
 17256	36	36	41	89	95	16	0	255
 17301	36	36	41	89	95	16	0	255
 17346	36	36	41	89	95	16	0	255
 17392	36	36	41	89	95	16	0	255
 17437	36	36	41	89	95	16	0	255
 17482	36	36	41	89	95	16	0	255
 17528	36	36	41	89	95	17	0	255
 17573	36	36	41	89	95	16	0	255
 17619	36	36	41	89	95	17	0	255
 17664	36	36	41	89	95	16	0	255
 17709	36	36	41	89	95	17	0	255
 17755	36	36	41	89	95	17	0	255
 17800	36	36	41	89	95	17	0	255
 17845	36	36	41	89	95	16	0	255
 17891	36	36	41	89	95	16	0	255
 17936	36	36	41	89	95	16	0	255
 17981	36	36	41	89	95	17	0	255
 18027	36	36	41	89	95	17	0	255
 18072	36	36	41	89	95	17	0	255
 18117	36	36	41	89	95	17	0	255
 18163	36	36	41	89	95	14	0	255
 18208	36	36	41	89	95	16	0	255
 18254	36	36	41	89	95	16	0	255
 18299	36	36	41	89	95	16	0	255
 18344	36	36	41	89	95	16	0	255
 18390	36	36	41	89	94	16	0	255
 18435	36	36	41	89	95	17	0	255
 18480	36	36	41	89	94	17	0	255
 18526	36	36	41	89	95	16	0	255
 18571	36	36	41	89	95	16	0	255
 18616	36	36	41	89	94	17	0	255
 18662	36	36	41	89	94	16	0	255
 18707	36	36	41	89	94	16	0	255
 18752	36	36	41	89	94	16	0	255
 18798	36	36	41	89	94	16	0	255
 18843	36	36	41	89	94	17	0	255
 18888	36	36	41	89	94	16	0	255
 18934	36	36	41	89	94	16	0	255
 18979	36	36	41	89	94	16	0	255
 19025	36	36	41	89	94	16	0	255
 19070	36	36	41	89	94	16	0	255
 19115	36	36	41	89	94	16	0	255
 19161	36	36	41	89	94	16	0	255
 19206	36	36	41	89	94	16	0	255
 19251	36	36	41	89	94	17	0	255
 19297	36	36	41	89	94	16	0	255
 19342	36	36	41	89	94	16	0	255
 19387	36	36	41	89	94	16	0	255
 19433	36	36	41	89	94	16	0	255
 19478	36	36	41	89	94	14	0	255
 19523	36	36	41	89	94	16	0	255
 19569	36	36	41	89	94	17	0	255
 19614	36	36	41	89	94	16	0	255
 19659	36	36	41	89	94	16	0	255
 19705	36	36	41	89	94	16	0	255
 19750	36	36	41	89	94	16	0	255
 19795	36	36	41	89	94	16	0	255
 19841	36	36	41	89	94	16	0	255
 19886	36	36	41	89	94	16	0	255
 19932	36	36	41	89	94	17	0	255
 19977	36	36	41	89	94	16	0	255
 20022	36	36	41	89	94	16	0	255
 20068	36	36	41	89	94	16	0	255
 20113	36	36	41	89	94	17	0	255
 20158	36	36	41	89	94	16	0	255
 20204	36	36	41	89	94	16	0	255
 20258	36	36	41	89	94	17	0	255
 20294	36	36	41	89	94	16	0	255
 20340	36	36	41	89	94	16	0	255
 20385	36	36	41	89	94	16	0	255
 20430	36	36	41	89	94	16	0	255
 20476	36	36	41	89	94	14	0	255
 20521	36	36	41	89	94	16	0	255
 20566	36	36	41	89	94	16	0	255
 20612	36	36	41	89	94	16	0	255
 20657	36	36	41	89	94	17	0	255
 20703	36	36	41	89	94	16	0	255
 20748	36	36	41	89	94	16	0	255
 20793	36	36	41	89	94	16	0	255
 20839	36	36	41	89	94	16	0	255
 20884	36	36	41	89	94	16	0	255
 20929	36	36	41	89	94	16	0	255
 20975	36	36	41	89	94	16	0	255
 21020	36	36	41	89	94	16	0	255
 21065	36	36	41	89	94	17	0	255
 21111	36	36	41	89	94	14	0	255
 21156	36	36	41	89	94	17	0	255
 21201	36	36	41	89	94	16	0	255
 21247	36	36	41	89	94	16	0	255
 21292	36	36	41	89	94	16	0	255
 21337	36	36	41	89	94	16	0	255
 21383	36	36	41	89	94	16	0	255
 21428	36	36	41	89	94	16	0	255
 21474	36	36	41	89	94	16	0	255
 21519	36	36	41	89	94	16	0	255
 21564	36	36	42	89	94	16	0	255
 21610	36	36	41	89	94	16	0	255
 21655	36	36	41	89	94	16	0	255
 21700	36	36	41	89	94	16	0	255
 21746	36	36	41	89	94	16	0	255
 21791	36	36	42	89	94	16	0	255
 21836	36	36	42	89	94	16	0	255
 21882	36	36	41	89	94	17	0	255
 21927	36	36	42	89	94	14	0	255
 21972	36	36	42	89	94	16	0	255
 22063	36	36	42	89	94	16	0	255
 22108	36	36	42	89	94	17	0	255
 22154	36	36	42	89	94	16	0	255
 22199	36	36	42	89	94	16	0	255
 22245	36	36	42	89	94	16	0	255
 22290	36	36	42	89	94	16	0	255
 22335	36	36	42	89	94	16	0	255
 22381	36	36	42	89	94	17	0	255
 22426	36	36	42	89	94	17	0	255
 22471	36	36	42	89	94	16	0	255
 22517	36	36	42	89	94	16	0	255
 22562	36	36	42	89	94	16	0	255
 22607	36	36	42	89	94	16	0	255
 22653	36	36	42	89	94	16	0	255
 22698	36	36	42	89	94	17	0	255
 22743	36	36	42	89	94	16	0	255
 22789	36	36	42	89	94	17	0	255
 22834	36	36	42	89	94	17	0	255
 22879	36	36	42	89	94	17	0	255
 22925	36	36	42	89	94	16	0	255
 22970	36	36	42	89	94	17	0	255
 23016	36	36	42	89	94	16	0	255
 23061	36	36	42	89	94	17	0	255
 23106	36	36	42	88	94	16	0	255
 23164	36	36	42	88	94	14	0	255
 23197	36	36	42	88	94	17	0	255
 23242	36	36	42	89	94	16	0	255
 23288	36	36	42	88	94	16	0	255
 23333	36	36	42	88	94	16	0	255
 23378	36	36	42	88	94	17	0	255
 23424	36	36	42	88	94	17	0	255
 23469	36	36	42	88	94	16	0	255
 23514	36	36	42	88	94	16	0	255
 23560	36	36	42	88	94	16	0	255
 23605	36	36	42	88	94	16	0	255
 23650	36	36	42	88	94	17	0	255
 23696	36	36	42	88	94	16	0	255
 23741	36	36	42	88	94	16	0	255
 23786	36	36	42	88	94	17	0	255
 23832	36	36	42	88	94	16	0	255
 23877	36	36	42	88	94	16	0	255
 23923	36	36	42	88	94	16	0	255
 23968	36	36	42	88	94	17	0	255
 24013	36	36	42	88	94	16	0	255
 24059	36	36	42	88	94	16	0	255
 24104	36	36	42	88	94	16	0	255
 24149	36	36	42	88	94	16	0	255
 24195	36	36	42	88	94	17	0	255
 24240	36	36	42	88	94	16	0	255
 24285	36	36	42	88	94	16	0	255
 24331	36	36	42	88	94	16	0	255
 24376	36	36	42	88	94	16	0	255
 24421	36	36	42	88	94	17	0	255
 24467	36	36	42	88	94	16	0	255
 24512	36	36	42	88	94	16	0	255
 24558	36	36	42	88	94	16	0	255
 24603	36	36	42	88	94	16	0	255
 24652	36	36	42	88	94	16	0	255
 24694	36	36	42	88	94	16	0	255
 24739	36	36	42	88	94	14	0	255
 24784	36	36	42	88	94	16	0	255
 24830	36	36	42	88	94	16	0	255
 24875	36	36	42	88	94	16	0	255
 24920	36	36	42	88	94	16	0	255
 24966	36	36	42	88	94	16	0	255
 25011	36	36	42	88	94	16	0	255
 25056	36	36	42	88	94	16	0	255
 25102	36	36	42	88	94	16	0	255
 25147	36	36	42	88	94	16	0	255
 25192	36	36	42	88	94	16	0	255
 25238	36	36	42	88	94	14	0	255
 25283	36	36	42	88	94	14	0	255
 25374	36	36	42	88	94	16	0	255
 25419	36	36	42	88	94	14	0	255
 25465	36	36	42	88	94	16	0	255
 25510	36	36	42	88	94	16	0	255
 25555	36	36	42	88	94	16	0	255
 25601	36	36	42	88	94	16	0	255
 25646	36	36	42	88	94	16	0	255
 25691	36	36	42	88	94	16	0	255
 25737	36	36	42	88	94	16	0	255
 25782	36	36	42	88	94	16	0	255
 25827	36	36	42	88	94	16	0	255
 25873	36	36	42	88	94	16	0	255
 25918	36	36	42	88	94	16	0	255
 25963	36	36	42	88	94	16	0	255
 26009	36	36	42	88	94	16	0	255
 26054	36	36	42	88	94	16	0	255
 26099	36	36	42	88	94	16	0	255
 26145	36	36	42	88	94	16	0	255
 26190	36	36	42	88	94	16	0	255
 26236	36	36	42	88	94	16	0	255
 26281	36	36	42	88	94	16	0	255
 26326	36	36	42	88	94	16	0	255
 26372	36	36	42	88	94	16	0	255
 26417	36	36	42	88	94	16	0	255
 26462	36	36	42	88	94	16	0	255
 26512	36	36	42	88	94	16	0	255
 26553	36	36	42	88	94	16	0	255
 26598	36	36	42	88	94	16	0	255
 26644	36	36	42	88	94	16	0	255
 26689	36	36	42	88	94	16	0	255
 26734	36	36	42	88	94	16	0	255
 26780	36	36	42	88	94	16	0	255
 26825	36	36	42	88	94	16	0	255
 26871	36	36	42	88	94	16	0	255
 26916	36	36	42	88	94	16	0	255
 26961	36	36	42	88	94	16	0	255
 27009	36	36	42	88	94	16	0	255
 27052	36	36	42	88	94	16	0	255
 27097	36	36	42	88	94	16	0	255
 27143	36	36	42	88	94	16	0	255
 27233	36	36	42	88	94	16	0	255
 27279	36	36	42	88	94	16	0	255
 27324	36	36	42	88	94	14	0	255
 27369	36	36	42	88	94	16	0	255
 27415	36	36	42	88	94	16	0	255
 27460	36	36	42	88	94	16	0	255
 27505	36	36	42	88	94	16	0	255
 27551	36	36	42	88	94	16	0	255
 27596	36	36	42	88	94	16	0	255
 27641	36	36	42	88	94	16	0	255
 27687	36	36	42	88	94	16	0	255
 27732	36	36	42	88	94	17	0	255
 27777	36	36	42	88	94	14	0	255
 27868	36	36	42	88	94	16	0	255
 27914	36	36	42	88	94	16	0	255
 28050	36	36	42	88	94	16	0	255
 28095	36	36	42	88	94	17	0	255
 28140	36	36	42	88	94	16	0	255
 28186	36	36	42	88	94	17	0	255
 28231	36	36	42	88	94	16	0	255
 28276	36	36	42	88	94	17	0	255
 28322	36	36	42	88	94	17	0	255
 28367	36	36	42	88	94	17	0	255
 28412	36	36	42	88	94	17	0	255
 28458	36	36	42	88	94	16	0	255
 28503	36	36	42	88	94	18	0	255
 28548	36	36	42	88	94	17	0	255
 28594	36	36	42	88	94	17	0	255
 28639	36	36	42	88	94	17	0	255
 28684	36	36	42	88	94	17	0	255
 28730	36	36	42	88	94	18	0	255
 28775	36	36	42	88	94	17	0	255
 28821	36	36	42	88	94	18	0	255
 28866	36	36	42	88	94	17	0	255
 28911	36	36	42	88	94	18	0	255
 28957	36	36	42	88	94	18	0	255
 29002	36	36	42	88	94	19	0	255
 29047	36	36	42	88	94	18	0	255
 29093	36	36	42	88	94	18	0	255
 29138	36	36	42	88	94	19	0	255
 29183	36	36	42	88	94	18	0	255
 29229	36	36	42	88	94	19	0	255
 29274	36	36	42	88	93	19	0	255
 29319	36	36	42	88	94	18	0	255
 29365	36	36	42	88	94	19	0	255
 29410	36	36	42	88	94	18	0	255
 29455	36	36	42	88	93	20	0	255
 29501	36	36	42	88	93	20	0	255
 29546	36	36	42	88	93	20	0	255
 29592	36	36	42	88	94	20	0	255
 29637	36	36	42	88	93	20	0	255
 29682	36	36	42	88	94	20	0	255
 29728	36	36	42	88	93	22	0	255
 29773	36	36	42	88	93	22	0	255
 29818	36	36	42	88	93	20	0	255
 29909	36	36	42	88	93	22	0	255
 29954	36	36	42	88	93	23	0	255
 30000	36	36	42	88	93	20	0	255
 30045	36	36	42	88	93	23	0	255
 30090	36	36	42	88	93	22	0	255
 30136	36	36	42	88	93	23	0	255
 30227	36	36	42	88	93	23	0	255
 30272	36	36	42	88	93	23	0	255
 30317	36	36	42	88	93	23	0	255
 30363	36	36	42	88	93	23	0	255
 30408	36	36	42	88	93	24	0	255
 30453	36	36	42	88	93	23	0	255
 30499	36	36	42	88	93	23	0	255
 30544	36	36	42	88	93	24	0	255
 30589	36	36	42	88	93	24	0	255
 30635	36	36	42	88	93	24	0	255
 30680	36	36	42	88	93	25	0	255
 30726	36	36	42	88	93	25	0	255
 30771	36	36	42	88	93	25	0	255
 30816	36	36	42	88	93	25	0	255
 30861	36	36	42	88	93	25	0	255
 30907	36	36	42	88	93	26	0	255
 30952	36	36	42	88	93	26	0	255
 30997	36	36	42	88	93	26	0	255
 31043	36	36	42	88	93	26	0	255
 31088	36	36	42	88	93	26	0	255
 31134	36	36	42	88	93	28	0	255
 31179	36	36	42	88	93	28	0	255
 31224	36	36	42	88	93	28	0	255
 31270	36	36	42	88	93	28	0	255
 31315	36	36	42	88	93	29	0	255
 31360	36	36	42	88	93	28	0	255
 31406	36	36	42	88	93	28	0	255
 31451	36	36	42	88	93	28	0	255
 31496	36	36	42	88	93	29	0	255
 31542	36	36	42	88	93	29	0	255
 31587	36	36	42	88	93	28	0	255
 31632	36	36	42	88	93	29	0	255
 31678	36	36	42	88	93	30	0	255
 31723	36	36	42	88	93	30	0	255
 31768	36	36	42	87	93	29	0	255
 31814	36	36	42	87	93	28	0	255
 31859	36	36	42	87	93	29	0	255
 31905	36	36	41	87	93	30	0	255
 31950	36	36	41	87	93	29	0	255
 31999	36	36	40	87	93	30	0	255
 32041	36	36	39	87	93	30	0	255
 32090	36	36	38	86	93	30	0	255
 32131	36	36	37	86	93	30	0	255
 32177	36	36	36	86	93	30	0	255
 32222	36	36	35	86	93	30	0	255
 32267	36	36	34	86	93	31	0	255
 32358	36	36	33	86	93	31	0	255
 32404	36	36	33	86	93	31	0	255
 32449	36	36	33	86	93	31	0	255
 32494	36	36	32	86	93	32	0	255
 32539	36	36	32	86	93	32	0	255
 32585	36	36	32	86	93	34	0	255
 32630	36	36	32	86	93	32	0	255
 32676	36	36	32	86	93	34	0	255
 32721	36	36	32	86	93	34	0	255
 32766	36	36	32	86	93	32	0	255
 32812	36	36	32	86	93	34	0	255
 32860	36	36	32	86	93	35	0	255
 32902	36	36	32	86	93	35	0	255
 32948	36	36	32	86	93	36	0	255
 32993	36	36	32	86	93	36	0	255
 33038	36	36	32	86	93	36	0	255
 33084	36	36	32	86	93	36	0	255
 33129	36	36	32	86	93	36	0	255
 33174	36	36	32	86	93	36	0	255
 33220	36	36	32	86	93	37	0	255
 33265	36	36	32	86	93	37	0	255
 33310	36	36	32	86	93	38	0	255
 33356	36	36	32	86	93	40	0	255
 33401	36	36	32	86	93	40	0	255
 33447	36	36	32	86	93	40	0	255
 33492	36	36	32	86	93	38	0	255
 33537	36	36	32	86	93	40	0	255
 33583	36	36	32	86	93	41	0	255
 33628	36	36	32	85	93	40	0	255
 33673	36	36	32	86	93	41	0	255
 33719	36	36	32	86	93	42	0	255
 33764	36	36	32	86	93	42	0	255
 33809	36	36	32	85	93	41	0	255
 33855	36	36	32	85	93	42	0	255
 33900	36	36	32	85	93	41	0	255
 33945	36	36	31	85	93	42	0	255
 33991	36	36	31	85	93	41	0	255
 34036	36	36	31	85	93	42	0	255
 34081	36	36	31	85	93	41	0	255
 34127	36	36	31	85	93	42	0	255
 34172	36	36	31	85	93	42	0	255
 34218	36	36	31	85	93	42	0	255
 34263	36	36	31	85	93	41	0	255
 34308	36	36	31	85	93	42	0	255
 34354	36	36	31	85	93	42	0	255
 34399	36	36	31	85	93	42	0	255
 34444	36	36	31	85	93	42	0	255
 34490	36	36	31	85	93	42	0	255
 34535	36	36	31	85	93	41	0	255
 34580	36	36	31	85	93	42	0	255
 34626	36	36	31	85	93	42	0	255
 34671	36	36	31	85	93	42	0	255
 34716	36	36	31	85	93	42	0	255
 34765	36	36	31	85	93	41	0	255
 34852	36	36	31	85	93	42	0	255
 34898	36	36	31	85	93	44	0	255
 34943	36	36	31	85	93	44	0	255
 34988	36	36	31	85	93	44	0	255
 35034	36	36	31	85	93	44	0	255
 35125	36	36	31	85	93	44	0	255
 35170	36	36	31	85	93	45	0	255
 35215	36	36	31	85	93	42	0	255
 35261	36	36	31	85	93	45	0	255
 35306	36	36	31	85	93	45	0	255
 35351	36	36	31	85	93	45	0	255
 35397	36	36	31	85	93	45	0	255
 35442	36	36	31	85	93	45	0	255
 35487	36	36	31	85	93	45	0	255
 35533	36	36	31	85	93	46	0	255
 35578	36	36	31	85	93	46	0	255
 35623	36	36	31	85	93	46	0	255
 35714	36	36	31	85	93	46	0	255
 35759	36	36	31	85	93	48	0	255
 35805	36	36	31	85	93	47	0	255
 35850	36	36	31	85	93	47	0	255
 35896	36	36	31	85	93	48	0	255
 35941	36	36	31	85	93	46	0	255
 35986	36	36	31	85	93	48	0	255
 36032	36	36	31	85	93	48	0	255
 36077	36	36	31	85	93	48	0	255
 36126	36	36	31	85	93	48	0	255
 36168	36	36	31	85	93	48	0	255
 36213	36	36	31	85	93	48	0	255
 36258	36	36	31	85	93	50	0	255
 36304	36	36	31	85	93	48	0	255
 36349	36	36	31	85	93	48	0	255
 36394	36	36	31	85	93	48	0	255
 36440	36	36	31	85	93	50	0	255
 36485	36	36	31	85	93	50	0	255
 36530	36	36	31	85	93	50	0	255
 36576	36	36	31	85	93	51	0	255
 36621	36	36	31	85	93	50	0	255
 36667	36	36	31	85	93	51	0	255
 36712	36	36	31	85	93	51	0	255
 36757	36	36	31	85	93	51	0	255
 36803	36	36	31	85	93	51	0	255
 36848	36	36	31	85	93	51	0	255
 36893	36	36	31	85	93	52	0	255
 36939	36	36	31	85	93	52	0	255
 36984	36	36	31	85	93	52	0	255
 37029	36	36	31	85	93	52	0	255
 37075	36	36	31	85	93	53	0	255
 37124	36	36	31	85	93	53	0	255
 37165	36	36	31	85	93	54	0	255
 37211	36	36	31	85	93	53	0	255
 37256	36	36	31	85	93	54	0	255
 37301	36	36	31	85	93	54	0	255
 37347	36	36	31	85	93	56	0	255
 37392	36	36	31	85	93	56	0	255
 37438	36	36	31	85	93	56	0	255
 37483	36	36	31	85	93	56	0	255
 37528	36	36	31	85	92	57	0	255
 37574	36	36	31	85	93	57	0	255
 37619	36	36	31	85	93	60	0	255
 37664	36	36	31	85	92	60	0	255
 37710	36	36	31	85	92	60	0	255
 37755	36	36	31	85	92	61	0	255
 37800	36	36	31	85	93	62	0	255
 37846	36	36	31	85	92	64	0	255
 37891	36	36	32	85	92	64	0	255
 37982	36	36	32	85	92	66	0	255
 38027	36	36	32	85	92	66	0	255
 38072	36	36	32	85	92	67	0	255
 38118	36	36	32	85	92	67	0	255
 38163	36	36	32	85	92	68	0	255
 38209	36	36	32	85	92	70	0	255
 38254	36	36	32	85	92	71	0	255
 38299	36	36	32	85	92	72	8	255
 38345	35	35	32	85	92	76	8	255
 38390	44	36	32	85	92	82	8	255
 38435	53	39	32	85	92	83	8	255
 38482	58	41	32	85	92	80	8	255
 38526	60	43	32	85	92	79	8	255
 38571	62	44	32	85	92	83	8	255
 38617	64	45	32	85	92	84	8	255
 38662	66	45	32	85	92	85	8	255
 38707	66	46	32	85	92	79	8	255
 38753	65	46	32	85	92	75	8	255
 38757	65	46	32	85	92	75	8	255
 38798	63	47	32	85	92	74	8	255
 38844	62	47	32	85	92	74	8	255
 38893	62	47	32	85	92	76	8	255
 38934	62	48	32	85	92	79	8	255
 38980	63	48	32	84	92	80	8	255
 39025	64	48	32	85	92	80	8	255
 39070	65	48	32	84	92	80	8	255
 39116	65	49	32	84	92	78	8	255
 39161	65	49	32	84	92	79	8	255
 39252	64	49	32	84	92	75	8	255
 39297	63	49	32	84	92	74	8	255
 39388	61	49	33	84	92	71	8	255
 39433	60	50	33	84	92	71	8	255
 39478	60	50	33	84	92	70	0	255
 39524	59	50	33	84	92	71	0	255
 39569	58	49	33	84	92	71	0	255
 39615	58	49	33	84	92	72	0	255
 39660	57	49	33	84	92	72	0	255
 39751	57	48	33	84	92	78	8	255
 39796	59	47	33	84	92	79	8	255
 39841	61	48	33	84	92	79	8	255
 39932	64	49	33	84	92	80	8	255
 39977	64	49	33	84	92	82	8	255
 40023	65	50	33	84	92	84	8	255
 40068	67	50	33	84	92	84	8	255
 40113	67	50	33	84	92	83	8	255
 40159	67	51	33	84	92	82	8	255
 40204	67	51	33	84	92	78	8	255
 40254	66	51	33	84	92	78	8	255
 40295	65	51	34	84	92	78	8	255
 40345	64	52	34	84	92	76	8	255
 40386	64	52	34	84	92	75	8	255
 40431	63	52	34	84	92	74	8	255
 40476	63	52	34	84	92	75	8	255
 40526	63	52	34	84	92	75	8	255
 40570	63	52	34	84	92	76	8	255
 40612	63	52	34	84	92	78	8	255
 40703	64	53	34	84	92	79	8	255
 40748	65	53	34	84	92	80	8	255
 40794	65	53	34	84	92	82	8	255
 40839	66	53	34	84	92	85	8	255
 40884	68	53	34	84	92	89	8	255
 40930	70	53	34	84	92	90	8	255
 40975	72	53	34	84	92	93	8	255
 41020	73	53	34	84	92	97	8	255
 41066	76	53	35	84	92	101	8	255
 41161	79	54	35	84	92	100	8	255
 41202	80	54	35	84	92	98	8	255
 41247	80	54	35	84	92	97	8	255
 41293	79	54	35	84	92	94	8	255
 41338	78	55	35	84	92	93	8	255
 41429	75	55	35	84	92	88	8	255
 41474	74	55	35	84	92	85	8	255
 41519	72	55	35	84	92	84	8	255
 41565	71	55	35	84	92	83	8	255
 41610	70	56	35	84	92	80	8	255
 41655	69	56	35	84	92	80	8	255
 41704	68	56	35	84	92	79	8	255
 41746	67	56	36	84	92	78	8	255
 41791	66	56	36	84	92	78	8	255
 41837	66	56	36	84	92	78	8	255
 41882	65	56	36	84	92	78	8	255
 41928	65	56	36	84	92	78	8	255
 41973	65	56	36	84	92	78	8	255
 42018	64	56	36	84	92	78	8	255
 42109	64	56	36	84	92	75	8	255
 42200	64	56	36	84	92	78	8	255
 42245	64	56	36	84	92	76	8	255
 42290	64	57	36	84	92	78	8	255
 42336	64	57	36	84	92	79	8	255
 42381	64	57	36	84	92	78	8	255
 42426	64	57	36	84	92	78	8	255
 42472	65	57	37	84	92	80	8	255
 42517	65	57	37	84	92	78	8	255
 42562	65	57	37	84	92	79	8	255
 42608	65	57	37	84	92	79	8	255
 42653	65	57	37	84	92	80	8	255
 42698	66	57	37	84	92	80	8	255
 42744	66	57	37	84	92	80	8	255
 42789	66	57	37	84	92	80	8	255
 42835	66	57	37	84	92	80	8	255
 42880	67	58	37	84	92	82	8	255
 42925	67	58	37	84	92	82	8	255
 42971	67	58	37	84	92	80	8	255
 43016	67	58	37	84	92	80	8	255
 43061	66	58	37	84	92	80	8	255
 43107	66	58	37	84	92	80	8	255
 43152	66	58	38	84	92	79	8	255
 43197	66	58	38	84	92	79	8	255
 43243	66	58	38	84	92	79	8	255
 43288	65	58	38	84	92	79	0	255
 43333	65	58	38	84	92	79	0	255
 43379	65	58	38	84	92	80	0	255
 43433	64	57	38	84	92	80	0	255
 43479	63	57	38	84	92	79	0	255
 43524	63	56	38	84	92	82	0	255
 43569	62	56	38	84	92	80	0	255
 43615	62	56	38	84	92	80	0	255
 43660	61	55	38	84	92	82	0	255
 43705	61	55	38	84	92	82	0	255
 43751	60	55	38	84	92	83	0	255
 43800	60	54	38	84	92	83	0	255
 43841	59	54	38	84	92	84	8	255
 43887	62	54	38	84	92	86	8	255
 43932	65	55	38	84	92	86	8	255
 43977	68	56	38	84	92	88	8	255
 44023	69	57	38	84	92	86	8	255
 44068	70	57	38	84	92	88	8	255
 44114	71	58	38	84	92	92	8	255
 44159	73	58	38	84	92	96	8	255
 44204	75	58	39	84	92	98	8	255
 44250	77	59	39	84	92	101	8	255
 44295	79	59	39	84	92	102	8	255
 44340	81	59	39	84	92	105	8	255
 44386	82	59	39	84	92	109	8	255
 44431	84	59	39	84	92	112	8	255
 44476	87	60	39	84	92	114	8	255
 44522	89	60	39	84	92	113	8	255
 44567	90	60	39	84	92	112	8	255
 44612	90	60	39	84	92	108	8	255
 44658	89	60	39	84	92	105	8	255
 44703	87	60	39	85	92	102	8	255
 44748	86	60	39	85	92	100	8	255
 44794	84	60	39	85	92	97	8	255
 44839	82	61	39	85	92	93	8	255
 44884	80	61	39	85	92	90	8	255
 44930	78	61	39	85	92	90	8	255
 44979	76	61	39	85	92	88	8	255
 45021	75	61	39	85	92	86	8	255
 45066	73	61	40	85	92	85	8	255
 45112	72	61	40	85	92	84	8	255
 45157	71	61	40	85	92	83	8	255
 45202	70	61	40	85	92	83	8	255
 45247	69	61	40	85	92	82	0	255
 45293	69	61	40	85	92	82	0	255
 45338	68	61	40	85	92	84	0	255
 45383	67	60	40	85	92	86	8	255
 45429	68	60	40	85	92	89	8	255
 45474	70	60	40	85	92	90	8	255
 45519	72	60	40	85	92	89	8	255
 45565	73	61	40	85	92	88	8	255
 45610	73	61	40	85	92	88	8	255
 45656	73	61	40	85	92	89	8	255
 45701	73	61	40	85	92	89	8	255
 45746	73	61	40	85	92	86	8	255
 45792	73	62	40	85	92	86	8	255
 45837	72	62	40	85	92	89	8	255
 45883	73	62	40	85	92	97	8	255
 45928	75	62	40	85	92	105	8	255
 45973	79	62	41	85	92	112	8	255
 46018	84	62	41	85	92	119	8	255
 46064	89	62	41	85	92	127	8	255
 46109	94	62	41	85	92	132	8	255
 46154	98	63	41	85	92	138	8	255
 46200	103	63	41	85	92	142	8	255
 46245	106	63	41	85	92	144	8	255
 46290	109	63	41	85	92	144	8	255
 46336	112	63	41	85	92	145	8	255
 46381	113	63	41	86	92	146	8	255
 46427	114	63	41	86	92	142	8	255
 46472	114	63	41	86	92	136	8	255
 46517	111	63	41	86	92	130	8	255
 46563	108	63	41	86	92	124	8	255
 46617	104	64	41	87	92	119	8	255
 46662	101	64	41	87	92	113	8	255
 46708	98	64	41	87	92	108	8	255
 46798	90	64	42	87	92	98	8	255
 46844	86	64	42	87	92	96	8	255
 46889	83	64	42	87	92	93	8	255
 46934	81	64	42	87	92	90	8	255
 46984	79	64	42	87	92	92	8	255
 47025	78	64	42	87	92	92	8	255
 47070	77	64	42	87	92	90	8	255
 47116	76	65	42	87	92	90	8	255
 47161	76	65	42	87	92	90	8	255
 47207	75	65	42	87	92	94	8	255
 47252	77	65	42	87	92	96	8	255
 47297	78	65	42	87	92	97	8	255
 47343	79	65	42	87	92	94	8	255
 47388	79	65	42	87	92	93	8	255
 47433	78	65	42	87	92	93	8	255
 47479	78	65	42	87	92	98	8	255
 47528	79	65	42	87	92	100	8	255
 47569	80	65	42	87	92	100	8	255
 47615	81	65	42	87	92	98	8	255
 47660	80	65	43	87	92	97	8	255
 47705	80	65	43	87	92	98	8	255
 47751	80	65	43	87	92	98	8	255
 47796	81	66	43	87	92	97	8	255
 47842	81	66	43	87	92	100	8	255
 47887	81	66	43	87	92	102	8	255
 47932	82	66	43	87	92	108	8	255
 47978	85	66	43	87	92	114	8	255
 48023	88	66	43	87	92	122	8	255
 48068	92	66	43	87	92	128	8	255
 48114	97	66	43	87	92	132	8	255
 48159	101	66	43	88	92	136	8	255
 48204	104	66	43	88	92	134	8	255
 48250	105	66	43	88	92	131	8	255
 48295	105	66	43	88	92	126	8	255
 48340	103	66	43	88	92	120	8	255
 48386	100	66	43	88	92	114	8	255
 48431	97	66	43	88	92	109	8	255
 48476	94	66	43	89	92	105	8	255
 48522	91	67	44	89	92	105	8	255
 48567	89	67	44	89	92	102	8	255
 48612	87	67	44	89	92	105	8	255
 48658	87	67	44	89	92	112	8	255
 48703	89	67	44	89	92	118	8	255
 48749	92	67	44	89	92	124	8	255
 48794	96	67	44	89	92	131	8	255
 48839	100	67	44	89	92	137	8	255
 48885	104	67	44	89	92	141	8	255
 48930	108	68	44	89	92	146	8	255
 48975	111	68	44	90	92	150	8	255
 49021	114	68	44	90	93	151	8	255
 49066	116	68	44	90	93	154	8	255
 49111	118	68	44	90	93	152	8	255
 49157	119	68	44	91	93	152	8	255
 49202	119	68	44	91	93	148	8	255
 49247	119	68	44	91	93	144	8	255
 49293	117	68	44	91	93	137	8	255
 49338	114	68	44	91	93	130	8	255
 49383	110	68	44	91	93	128	8	255
 49429	108	68	45	91	93	126	8	255
 49474	105	68	45	91	93	122	8	255
 49520	102	68	45	91	94	118	8	255
 49565	99	68	45	91	94	112	8	255
 49610	96	68	45	92	94	108	8	255
 49656	93	68	45	92	94	106	8	255
 49701	91	68	45	92	94	102	8	255
 49746	89	69	45	92	94	101	8	255
 49792	86	69	45	92	94	98	8	255
 49837	85	69	45	92	94	97	8	255
 49882	83	69	45	92	94	101	8	255
 49928	83	69	45	92	94	105	8	255
 49973	85	69	45	92	94	110	8	255
 50018	87	69	45	92	94	116	8	255
 50064	90	69	45	92	94	122	8	255
 50109	94	69	45	92	94	128	8	255
 50154	97	69	45	92	94	131	8	255
 50200	101	69	45	92	94	136	8	255
 50245	104	69	45	92	94	141	8	255
 50291	107	69	45	92	94	141	8	255
 50336	109	69	45	92	94	142	8	255
 50381	110	70	46	92	94	140	8	255
 50427	111	70	46	92	94	141	8	255
 50472	112	70	46	92	94	141	8	255
 50517	112	70	46	92	94	141	8	255
 50563	112	70	46	92	94	141	8	255
 50608	112	70	46	93	95	140	8	255
 50653	113	70	46	93	95	141	8	255
 50699	112	70	46	93	95	141	8	255
 50744	113	70	46	93	95	140	8	255
 50789	112	70	46	93	95	138	8	255
 50835	112	70	46	93	95	138	8	255
 50880	112	70	46	93	95	138	8	255
 50925	111	70	46	93	95	138	8	255
 50971	111	70	46	93	95	138	8	255
 51016	111	70	46	93	95	138	8	255
 51062	111	71	46	93	95	138	8	255
 51107	111	71	46	93	95	138	8	255
 51152	111	71	46	93	95	140	8	255
 51198	111	71	46	94	96	138	8	255
 51243	111	71	46	94	96	138	8	255
 51288	111	71	47	94	96	138	8	255
 51334	111	71	47	94	96	138	8	255
 51379	111	71	47	94	96	138	8	255
 51424	111	71	47	94	96	138	8	255
 51470	111	71	47	94	96	137	8	255
 51515	110	71	47	94	96	134	8	255
 51560	110	71	47	94	96	134	8	255
 51606	109	71	47	94	96	134	8	255
 51651	109	71	47	94	96	134	8	255
 51696	109	71	47	94	96	134	8	255
 51742	108	71	47	95	96	134	8	255
 51787	108	71	47	95	96	134	8	255
 51833	108	71	47	95	97	134	8	255
 51878	109	72	47	95	97	137	8	255
 51923	109	72	47	95	97	137	8	255
 51969	109	72	47	95	97	138	8	255
 52014	110	72	47	95	97	137	8	255
 52060	110	72	47	95	97	137	8	255
 52105	110	72	47	95	97	138	8	255
 52150	110	72	47	95	97	137	8	255
 52195	110	72	47	95	97	137	8	255
 52241	110	72	48	95	97	137	8	255
 52286	110	72	48	95	97	137	8	255
 52331	110	72	48	95	97	137	8	255
 52377	110	72	48	95	97	137	8	255
 52422	110	72	48	96	97	138	8	255
 52467	110	72	48	96	98	137	8	255
 52513	110	72	48	96	98	137	8	255
 52558	110	72	48	96	98	138	8	255
 52649	110	72	48	96	98	134	8	255
 52694	109	73	48	96	98	132	8	255
 52740	109	73	48	96	98	131	8	255
 52785	108	73	48	96	98	130	8	255
 52830	107	73	48	96	98	128	8	255
 52876	105	73	48	96	98	124	8	255
 52921	104	73	48	96	98	122	8	255
 52966	101	73	48	96	98	116	8	255
 53012	99	72	48	96	98	112	8	255
 53057	96	73	48	96	98	109	8	255
 53102	93	73	48	96	98	105	8	255
 53148	91	73	48	96	98	102	8	255
 53193	88	73	48	97	98	98	8	255
 53238	86	73	49	96	98	96	8	255
 53284	83	73	49	97	98	94	8	255
 53329	82	73	49	97	98	94	8	255
 53420	80	73	49	96	98	94	8	255
 53465	79	73	49	97	98	93	8	255
 53510	79	73	49	97	98	94	8	255
 53556	79	73	49	97	98	97	8	255
 53601	79	73	49	97	98	98	8	255
 53650	80	73	49	97	98	100	8	255
 53692	81	73	49	97	98	100	8	255
 53737	82	73	49	97	98	101	8	255
 53783	82	73	49	97	98	101	8	255
 53828	83	73	49	97	98	101	8	255
 53873	83	73	49	97	98	101	8	255
 53919	83	73	49	97	98	100	8	255
 53964	83	73	49	97	98	98	8	255
 54009	82	73	49	97	98	97	8	255
 54055	81	73	49	97	98	94	8	255
 54100	80	73	49	97	98	94	8	255
 54145	79	73	49	97	98	93	0	255
 54191	79	73	49	97	98	92	0	255
 54281	77	71	49	96	98	90	0	255
 54327	76	71	49	96	98	90	0	255
 54372	75	70	49	96	98	89	0	255
 54417	74	69	50	96	98	89	0	255
 54463	74	69	50	96	98	90	0	255
 54508	73	68	50	96	98	89	0	255
 54554	72	68	50	96	98	89	0	255
 54599	71	67	50	96	98	88	0	255
 54644	71	66	50	96	98	89	0	255
 54690	70	66	50	96	98	88	0	255
 54735	69	65	50	96	98	88	0	255
 54785	69	65	50	96	98	88	0	255
 54915	68	64	50	96	98	88	0	255
 54954	67	63	50	96	98	86	0	255
 54962	67	63	50	96	98	88	0	255
 54978	66	63	50	96	98	86	0	255
 55007	65	62	50	96	98	89	0	255
 55052	65	62	50	96	98	86	0	255
 55098	64	61	50	96	98	88	0	255
 55143	63	61	50	96	98	88	0	255
 55188	63	60	50	96	98	88	0	255
 55234	62	60	50	96	98	86	0	255
 55279	62	59	50	96	98	85	0	255
 55324	61	59	50	96	98	85	0	255
 55370	61	58	50	96	98	85	0	255
 55415	60	58	50	96	98	84	0	255
 55460	60	57	50	96	98	84	0	255
 55506	59	57	50	96	98	84	0	255
 55554	59	56	50	96	98	84	0	255
 55597	58	56	50	96	98	83	0	255
 55646	58	56	50	96	98	83	0	255
 55687	57	55	50	96	98	82	0	255
 55733	57	55	50	96	98	82	0	255
 55778	57	54	50	96	98	82	0	255
 55823	56	54	50	96	98	83	0	255
 55869	56	54	50	96	98	83	0	255
 55914	55	54	50	96	98	82	0	255
 55959	55	53	50	96	98	80	0	255
 56005	55	53	50	96	98	79	0	255
 56050	54	53	50	96	98	79	0	255
 56095	54	53	50	96	98	79	0	255
 56141	53	53	50	96	98	78	0	255
 56186	53	52	50	96	98	79	0	255
 56232	53	52	50	96	98	78	0	255
 56277	52	52	50	96	98	78	0	255
 56326	52	52	50	96	98	76	0	255
 56368	52	52	50	96	98	75	0	255
 56413	52	51	50	96	98	75	0	255
 56458	51	51	50	96	98	74	0	255
 56504	51	51	50	96	98	72	0	255
 56549	51	51	50	96	98	72	0	255
 56594	50	51	50	96	98	72	0	255
 56640	50	50	50	96	98	72	0	255
 56685	50	50	50	96	98	71	0	255
 56730	50	50	50	96	98	70	0	255
 56776	49	50	50	96	98	70	0	255
 56821	49	49	50	96	98	70	0	255
 56866	49	49	50	96	98	68	0	255
 56912	49	49	50	96	98	68	0	255
 56957	49	49	50	96	98	67	0	255
 57003	48	49	50	96	98	66	0	255
 57048	48	48	50	96	98	67	0	255
 57093	48	48	50	96	98	66	0	255
 57139	48	48	50	96	98	66	0	255
 57184	47	48	50	96	98	66	0	255
 57229	47	48	50	96	98	65	0	255
 57275	47	48	50	96	98	65	0	255
 57324	47	47	50	96	98	64	0	255
 57365	47	47	50	96	98	62	0	255
 57411	47	47	50	96	98	62	0	255
 57456	46	47	50	96	98	62	0	255
 57501	46	47	50	96	98	62	0	255
 57547	46	46	50	96	98	61	0	255
 57592	46	46	50	96	98	60	0	255
 57637	46	46	50	96	98	60	0	255
 57728	45	46	50	96	98	58	0	255
 57773	45	46	50	96	98	57	0	255
 57819	45	46	50	96	98	58	0	255
 57864	45	45	50	96	98	57	0	255
 57909	45	45	50	96	98	57	0	255
 57955	45	45	50	96	98	57	0	255
 58000	45	45	50	96	98	57	0	255
 58046	44	45	50	96	98	56	0	255
 58091	44	45	50	96	98	54	0	255
 58136	44	45	50	96	98	54	0	255
 58182	44	44	50	96	98	53	0	255
 58227	44	44	50	96	98	53	0	255
 58272	44	44	50	96	98	53	0	255
 58318	44	44	50	96	98	53	0	255
 58363	44	44	50	96	98	53	0	255
 58408	43	44	50	96	98	51	0	255
 58454	43	44	50	96	98	52	0	255
 58499	43	44	50	96	98	51	0	255
 58544	43	43	50	96	98	51	0	255
 58590	43	43	50	96	98	50	0	255
 58635	43	43	50	96	98	50	0	255
 58680	43	43	50	96	98	48	0	255
 58726	43	43	50	96	98	50	0	255
 58771	43	43	50	96	98	48	0	255
 58818	43	43	50	96	98	48	0	255
 58862	42	43	50	96	98	47	0	255
 58907	42	43	50	96	98	47	0	255
 58956	42	43	50	96	98	46	0	255
 58998	42	42	50	96	98	47	0	255
 59043	42	42	50	96	98	46	0	255
 59134	42	42	50	96	98	45	0	255
 59179	42	42	50	96	98	45	0	255
 59225	42	42	50	96	98	44	0	255
 59270	42	42	50	96	98	44	0	255
 59315	42	42	50	96	98	44	0	255
 59361	42	42	50	96	98	44	0	255
 59406	41	42	50	96	98	42	0	255
 59451	41	42	50	96	98	42	0	255
 59497	41	42	50	96	98	42	0	255
 59542	41	41	50	96	98	41	0	255
 59588	41	41	50	96	98	41	0	255
 59633	41	41	50	96	98	40	0	255
 59678	41	41	50	96	98	40	0	255
 59724	41	41	50	96	98	40	0	255
 59769	41	41	50	96	98	40	0	255
 59814	41	41	50	96	98	38	0	255
 59860	41	41	50	96	98	38	0	255
 59905	41	41	50	96	98	38	0	255
 59950	41	41	50	96	98	37	0	255
 59996	41	41	50	96	98	37	0	255
 60041	41	41	50	96	98	36	0	255
 60086	40	41	50	96	98	36	0	255
 60132	40	41	50	96	98	36	0	255
 60222	40	41	50	96	98	35	0	255
 60268	40	40	50	96	98	35	0	255
 60313	40	40	50	96	98	35	0	255
 60358	40	40	50	96	98	32	0	255
 60449	40	40	50	96	98	34	0	255
 60495	40	40	50	96	98	34	0	255
 60541	40	40	50	96	98	32	0	255
 60585	40	40	50	95	98	32	0	255
 60631	40	40	50	95	98	32	0	255
 60676	40	40	50	95	98	32	0	255
 60721	40	40	50	96	98	31	0	255
 60767	40	40	50	95	98	31	0	255
 60812	40	40	50	95	98	31	0	255
 60857	40	40	50	95	98	30	0	255
 60903	40	40	50	95	98	30	0	255
 60948	40	40	50	95	98	30	0	255
 60993	40	40	50	95	98	30	0	255
 61043	40	40	50	95	98	29	0	255
 61084	40	40	50	95	98	29	0	255
 61129	39	40	50	95	98	29	0	255
 61175	39	40	50	95	98	30	0	255
 61220	39	39	50	95	98	29	0	255
 61265	39	39	50	95	98	28	0	255
 61311	39	39	50	95	98	29	0	255
 61356	39	39	50	95	98	28	0	255
 61402	39	39	50	95	98	26	0	255
 61447	39	39	50	95	98	28	0	255
 61492	39	39	50	95	98	26	0	255
 61538	39	39	50	95	98	26	0	255
 61583	39	39	50	95	98	26	0	255
 61628	39	39	50	95	98	26	0	255
 61674	39	39	50	95	98	25	0	255
 61719	39	39	50	95	98	25	0	255
 61768	39	39	50	95	98	25	0	255
 61810	39	39	50	95	98	25	0	255
 61855	39	39	50	95	98	25	0	255
 61900	39	39	50	95	98	25	0	255
 61946	39	39	50	95	98	24	0	255
 61991	39	39	50	95	98	25	0	255
 62036	39	39	50	95	98	24	0	255
 62082	39	39	50	95	98	24	0	255
 62127	39	39	50	95	98	23	0	255
 62173	39	39	50	95	98	23	0	255
 62218	39	39	50	95	98	23	0	255
 62263	39	39	50	95	98	24	0	255
 62312	39	39	50	95	98	23	0	255
 62354	39	39	50	95	98	24	0	255
 62399	39	39	50	95	98	22	0	255
 62445	39	39	50	95	98	23	0	255
 62490	39	39	50	95	98	23	0	255
 62535	39	38	50	95	98	22	0	255
 62581	39	38	50	95	98	22	0	255
 62626	39	38	50	95	98	20	0	255
 62671	39	38	50	95	98	22	0	255
 62717	38	38	50	95	98	22	0	255
 62762	38	38	50	95	98	20	0	255
 62807	38	38	50	95	98	20	0	255
 62898	38	38	50	95	98	20	0	255
 62943	38	38	50	95	98	20	0	255
 62989	38	38	50	95	98	20	0	255
 63034	38	38	50	95	98	19	0	255
 63080	38	38	50	95	98	20	0	255
 63125	38	38	50	95	98	19	0	255
 63174	38	38	50	95	98	20	0	255
 63216	38	38	50	95	98	19	0	255
 63261	38	38	50	95	98	18	0	255
 63306	38	38	50	95	98	19	0	255
 63352	38	38	50	95	98	18	0	255
 63397	38	38	50	95	98	18	0	255
 63442	38	38	50	95	98	19	0	255
 63488	38	38	50	95	98	18	0	255
 63533	38	38	50	95	98	17	0	255
 63578	38	38	50	95	98	18	0	255
 63624	38	38	50	95	98	18	0	255
 63669	38	38	50	95	98	18	0	255
 63714	38	38	50	95	98	18	0	255
 63760	38	38	50	95	98	18	0	255
 63805	38	38	50	95	98	17	0	255
 63851	38	38	50	95	98	18	0	255
 63900	38	38	50	95	98	17	0	255
 63941	38	38	50	95	98	17	0	255
 63987	38	38	50	95	98	17	0	255
 64032	38	38	50	95	98	17	0	255
 64081	38	38	50	95	98	17	0	255
 64123	38	38	50	95	98	17	0	255
 64168	38	38	50	95	98	17	0	255
 64213	38	38	50	95	98	17	0	255
 64259	38	38	50	95	98	17	0	255
 64304	38	38	50	95	98	17	0	255
 64349	38	38	50	95	98	16	0	255
 64395	38	38	50	95	98	16	0	255
 64440	38	38	50	95	98	16	0	255
 64531	38	38	50	95	98	16	0	255
 64576	38	38	50	95	98	14	0	255
 64622	38	38	50	95	98	16	0	255
 64670	38	38	50	95	98	16	0	255
 64713	38	38	50	95	98	14	0	255
 64758	38	38	50	95	98	14	0	255
 64848	38	38	50	95	98	14	0	255
 64894	38	38	50	95	98	13	0	255
 64939	38	38	50	95	98	14	0	255
 64984	38	38	50	95	98	14	0	255
 65030	38	38	50	95	98	14	0	255
 65075	38	38	50	95	98	14	0	255
 65120	38	38	50	95	98	14	0	255
 65166	38	38	50	95	98	13	0	255
 65211	38	38	50	95	98	14	0	255
 65256	38	38	50	95	98	14	0	255
 65302	38	38	50	95	98	14	0	255
 65347	38	38	50	95	98	13	0	255
 65438	38	37	50	95	98	13	0	255
 65483	38	37	50	95	98	14	0	255
 65529	38	37	50	95	98	13	0	255
 65574	38	37	50	95	98	13	0	255
 65619	38	37	50	95	98	13	0	255
 65665	38	37	50	95	98	12	0	255
 65710	38	37	50	95	98	13	0	255
 65755	38	37	50	95	98	13	0	255
 65801	38	37	50	95	98	12	0	255
 65846	38	37	50	95	98	14	0	255
 65891	38	37	50	95	98	13	0	255
 65937	38	37	50	95	98	13	0	255
 65982	38	37	50	95	98	13	0	255
 66027	38	37	50	95	98	12	0	255
 66073	38	37	50	95	98	12	0	255
 66118	38	37	50	95	98	12	0	255
 66164	38	37	50	95	98	13	0	255
 66209	38	37	50	95	98	12	0	255
 66254	37	37	50	95	98	12	0	255
 66300	38	37	50	95	98	12	0	255
 66345	37	37	50	95	98	13	0	255
 66390	38	37	50	95	98	12	0	255
 66436	37	37	50	95	98	13	0	255
 66481	37	37	50	95	98	12	0	255
 66526	37	37	50	95	98	12	0	255
 66572	37	37	50	95	98	12	0	255
 66617	37	37	50	95	98	12	0	255
 66662	37	37	50	95	98	12	0	255
 66708	37	37	50	95	98	12	0	255
 66753	37	37	50	95	98	12	0	255
 66844	37	37	50	95	98	12	0	255
 66889	37	37	50	95	98	12	0	255
 66935	37	37	50	95	98	13	0	255
 66980	37	37	50	95	98	11	0	255
 67025	37	37	50	95	98	11	0	255
 67071	37	37	50	95	98	12	0	255
 67116	37	37	50	95	98	11	0	255
 67161	37	37	50	95	98	12	0	255
 67207	37	37	50	95	98	11	0	255
 67252	37	37	50	95	98	12	0	255
 67297	37	37	50	95	98	11	0	255
 67343	37	37	50	95	98	11	0	255
 67388	37	37	50	95	97	12	0	255
 67433	37	37	50	95	97	12	0	255
 67479	37	37	50	95	98	11	0	255
 67524	37	37	50	94	98	11	0	255
 67569	37	37	50	95	97	11	0	255
 67615	37	37	50	95	98	11	0	255
 67660	37	37	50	94	98	11	0	255
 67705	37	37	50	94	98	11	0	255
 67751	37	37	50	95	98	11	0	255
 67796	37	37	50	94	97	11	0	255
 67842	37	37	50	94	98	11	0	255
 67890	37	37	50	94	97	12	0	255
 67932	37	37	50	94	97	11	0	255
 67978	37	37	50	94	97	11	0	255
 68023	37	37	50	94	97	11	0	255
 68068	37	37	50	94	97	11	0	255
 68114	37	37	50	94	97	12	0	255
 68159	37	37	50	94	97	11	0	255
 68204	37	37	50	94	97	10	0	255
 68250	37	37	50	94	97	10	0	255
 68295	37	37	50	94	97	10	0	255
 68340	37	37	50	94	97	10	0	255
 68386	37	37	50	94	97	11	0	255
 68431	37	37	50	94	97	10	0	255
 68476	37	37	50	94	97	10	0	255
 68522	37	37	50	94	97	10	0	255
 68567	37	37	50	94	97	11	0	255
 68613	37	37	50	94	97	10	0	255
 68662	37	37	50	94	97	10	0	255
 68703	37	37	50	94	97	10	0	255
 68749	37	37	50	94	97	10	0	255
 68885	37	37	50	94	97	10	0	255
 68930	37	37	50	94	97	10	0	255
 68975	37	37	50	94	97	10	0	255
 69021	37	37	50	94	97	10	0	255
 69066	37	37	50	94	97	10	0	255
 69111	37	37	50	94	97	8	0	255
 69157	37	37	50	94	97	11	0	255
 69203	37	37	50	94	97	10	0	255
 69247	37	37	50	94	97	10	0	255
 69297	37	37	50	94	97	8	0	255
 69338	37	37	50	94	97	8	0	255
 69383	37	37	50	94	97	10	0	255
 69429	37	37	50	94	97	10	0	255
 69474	37	37	50	94	97	8	0	255
 69520	37	37	50	94	97	10	0	255
 69565	37	37	50	94	97	10	0	255
 69615	37	37	50	94	97	10	0	255
 69656	37	37	50	94	97	10	0	255
 69701	37	37	50	94	97	10	0	255
 69746	37	37	50	94	97	10	0	255
 69837	37	37	50	94	97	10	0	255
 69882	37	37	50	94	97	10	0	255
 69928	37	37	50	94	97	10	0	255
 69973	37	37	50	94	97	10	0	255
 70018	37	37	50	94	97	10	0	255
 70064	37	37	50	94	97	8	0	255
 70109	37	37	50	94	97	10	0	255
 70154	37	37	50	94	97	10	0	255
 70200	37	37	50	94	97	8	0	255
 70245	37	37	50	94	97	8	0	255
 70291	37	37	50	94	97	10	0	255
 70336	37	37	50	94	97	10	0	255
 70381	37	37	50	94	97	8	0	255
 70427	37	37	50	94	97	10	0	255
 70472	37	37	50	94	97	8	0	255
 70517	37	37	50	94	97	10	0	255
 70563	37	37	50	94	97	10	0	255
 70608	37	37	50	94	97	10	0	255
 70653	37	37	50	94	97	10	0	255
 70699	37	37	50	94	97	8	0	255
 70789	37	37	50	94	97	10	0	255
 70835	37	37	50	94	97	8	0	255
 70880	37	37	50	94	97	10	0	255
 70925	37	37	50	94	97	8	0	255
 70971	37	37	50	94	97	8	0	255
 71016	37	37	50	94	97	8	0	255
 71062	37	37	50	94	97	8	0	255
 71107	37	37	50	94	97	10	0	255
 71152	37	37	50	94	97	10	0	255
 71198	37	37	50	94	97	7	0	255
 71243	37	37	50	94	97	8	0	255
 71288	37	37	50	94	97	8	0	255
 71334	37	37	50	94	97	8	0	255
 71379	37	37	50	94	97	10	0	255
 71424	37	37	50	94	97	8	0	255
 71470	37	37	50	94	97	8	0	255
 71515	37	37	50	94	97	8	0	255
 71560	37	37	50	94	97	7	0	255
 71606	37	37	50	94	97	8	0	255
 71651	37	37	50	94	97	7	0	255
 71696	37	37	50	94	97	8	0	255
 71742	37	37	50	94	97	8	0	255
 71787	37	37	50	94	97	8	0	255
 71833	37	37	50	94	97	8	0	255
 71878	37	37	50	94	97	8	0	255
 71923	37	37	50	94	97	7	0	255
 71969	37	37	50	94	97	8	0	255
 72014	37	37	50	94	97	7	0	255
 72059	37	37	50	94	97	7	0	255
 72105	37	37	50	94	97	8	0	255
 72150	37	37	50	94	97	7	0	255
 72195	37	37	50	94	97	7	0	255
 72241	37	37	50	94	97	7	0	255
 72286	37	37	50	94	97	7	0	255
 72331	37	37	50	94	97	7	0	255
 72377	37	37	50	94	97	7	0	255
 72422	37	37	50	94	97	7	0	255
 72467	37	37	50	94	97	7	0	255
 72513	37	37	50	94	97	8	0	255
 72558	37	37	50	94	97	8	0	255
 72604	37	37	50	94	97	8	0	255
 72649	37	37	50	94	97	7	0	255
 72694	37	37	50	94	97	7	0	255
 72740	37	37	50	94	97	7	0	255
 72785	37	37	50	94	97	7	0	255
 72830	37	37	50	94	97	7	0	255
 72876	37	37	50	94	97	6	0	255
 72921	37	37	50	94	97	7	0	255
 72966	37	37	50	94	97	6	0	255
 73012	37	37	50	94	97	7	0	255
 73057	37	37	50	94	97	6	0	255
 73102	37	37	50	94	97	7	0	255
 73148	37	37	50	94	97	7	0	255
 73193	37	37	50	94	97	6	0	255
 73238	37	37	50	94	97	7	0	255
 73284	37	37	50	94	97	7	0	255
 73329	37	37	50	94	97	6	0	255
 73374	37	37	50	94	97	7	0	255
 73420	37	37	50	94	97	7	0	255
 73465	37	37	50	94	97	6	0	255
 73511	37	37	50	94	97	6	0	255
 73556	37	37	50	94	97	6	0	255
 73601	37	37	50	94	97	6	0	255
 73647	37	37	50	94	97	6	0	255
 73692	37	37	50	94	97	6	0	255
 73737	37	37	50	94	97	6	0	255
 73783	37	37	50	94	97	7	0	255
 73828	37	37	50	94	97	6	0	255
 73873	37	37	50	94	97	7	0	255
 73919	37	37	50	94	97	6	0	255
 73964	37	37	50	94	97	7	0	255
 74009	37	37	50	94	97	6	0	255
 74055	37	37	50	94	97	6	0	255
 74100	37	37	50	94	97	6	0	255
 74145	37	37	50	94	97	6	0	255
 74191	37	37	50	94	97	7	0	255
 74236	37	37	50	94	97	6	0	255
 74282	37	37	50	94	97	6	0	255
 74327	37	37	50	94	97	6	0	255
 74372	37	37	50	94	97	6	0	255
 74418	37	37	50	94	97	7	0	255
 74463	37	37	50	94	97	7	0	255
 74508	37	37	50	94	97	6	0	255
 74558	37	37	50	94	97	6	0	255
 74599	37	37	50	94	97	7	0	255
 74644	37	37	50	94	97	6	0	255
 74690	37	37	50	94	97	6	0	255
 74735	37	37	50	93	97	6	0	255
 74780	37	37	50	93	97	6	0	255
 74826	37	37	50	93	97	7	0	255
 74871	37	37	50	94	97	6	0	255
 74916	37	37	50	94	97	7	0	255
 74962	37	37	50	93	97	6	0	255
 75007	37	37	50	93	97	6	0	255
 75053	37	37	50	93	97	6	0	255
 75098	37	37	50	93	97	6	0	255
 75143	37	37	50	93	97	6	0	255
 75189	37	37	50	93	97	6	0	255
 75234	37	37	50	93	97	6	0	255
 75279	37	37	50	93	97	7	0	255
 75325	37	37	50	93	97	6	0	255
 75370	37	37	50	93	97	6	0	255
 75415	37	37	50	93	97	6	0	255
 75461	37	37	50	93	97	6	0	255
 75506	37	37	50	93	97	6	0	255
 75551	37	37	50	93	97	6	0	255
 75597	37	37	50	93	97	6	0	255
 75642	37	37	50	93	97	5	0	255
 75688	37	37	50	93	97	6	0	255
 75733	37	37	50	93	97	6	0	255
 75778	37	37	50	93	97	6	0	255
 75824	37	37	50	93	97	7	0	255
 75869	37	37	50	93	97	6	0	255
 75914	37	37	50	93	97	5	0	255
 75960	37	37	50	93	97	6	0	255
 76005	37	37	50	93	97	5	0	255
 76050	37	37	50	93	97	6	0	255
 76096	37	37	50	93	97	6	0	255
 76141	37	37	50	93	97	6	0	255
 76186	37	37	50	93	97	6	0	255
 76232	37	37	50	93	97	6	0	255
 76277	37	37	50	93	97	5	0	255
 76322	37	37	50	93	97	5	0	255
 76368	37	37	50	93	97	5	0	255
 76413	37	37	50	93	97	6	0	255
 76458	37	37	50	93	97	6	0	255
 76504	37	37	50	93	97	6	0	255
 76550	37	37	50	93	97	6	0	255
 76594	37	37	50	93	97	5	0	255
 76685	37	37	50	93	97	5	0	255
 76731	37	37	50	93	97	5	0	255
 76776	37	37	50	93	97	5	0	255
 76821	37	37	50	93	97	6	0	255
 76867	37	37	50	93	97	5	0	255
 76912	37	37	50	93	97	5	0	255
 76957	37	37	50	93	97	5	0	255
 77003	37	37	50	93	97	5	0	255
 77048	37	37	50	93	97	6	0	255
 77093	37	37	50	93	97	5	0	255
 77139	37	37	50	93	97	5	0	255
 77184	37	37	50	93	97	5	0	255
 77229	37	37	50	93	97	5	0	255
 77275	37	37	50	93	97	5	0	255
 77320	37	37	50	93	97	4	0	255
 77365	37	37	50	93	97	5	0	255
 77411	37	37	50	93	97	5	0	255
 77456	37	37	50	93	97	4	0	255
 77502	37	37	50	93	97	4	0	255
 77547	37	37	50	93	97	4	0	255
 77592	37	37	50	93	97	5	0	255
 77638	37	37	50	93	97	5	0	255
 77683	37	37	50	93	97	5	0	255
 77774	37	37	50	93	97	4	0	255
 77819	37	37	50	93	97	5	0	255
 77864	37	37	50	93	97	4	0	255
 77910	37	37	49	93	97	4	0	255
 78000	37	37	50	93	97	5	0	255
 78046	37	37	49	93	97	4	0	255
 78091	37	36	50	93	97	5	0	255
 78136	37	37	50	93	97	4	0	255
 78182	37	37	50	93	97	5	0	255
 78227	37	37	50	93	97	4	0	255
 78272	37	36	50	93	97	4	0	255
 78322	37	36	50	93	97	5	0	255
 78363	37	37	49	93	97	5	0	255
 78408	37	37	50	93	97	5	0	255
 78454	37	37	49	93	97	5	0	255
 78499	37	36	49	93	97	4	0	255
 78545	37	36	50	93	97	4	0	255
 78590	37	37	49	93	97	4	0	255
 78635	37	37	49	93	97	4	0	255
 78681	37	37	50	93	97	3	0	255
 78726	37	36	49	93	97	5	0	255
 78771	37	36	49	93	97	4	0	255
 78817	37	36	50	93	97	4	0	255
 78862	37	36	49	93	97	4	0	255
 78907	37	36	49	93	97	4	0	255
 78953	37	36	49	93	97	3	0	255
 78998	37	37	49	93	97	4	0	255
 79043	36	36	49	93	97	4	0	255
 79089	36	36	49	93	97	4	0	255
 79134	37	36	49	93	97	4	0	255
 79179	37	36	49	93	97	3	0	255
 79225	37	36	49	93	96	4	0	255
 79270	36	36	49	93	97	4	16	255
 79316	37	36	49	93	97	4	16	255
 79361	37	36	49	93	97	4	16	255
 79406	36	36	49	93	96	4	16	255
 79452	37	36	49	93	96	4	16	255
 79497	37	36	49	93	97	4	16	255
 79542	37	36	49	93	96	4	16	255
 79588	36	36	49	93	97	4	16	255
 79633	36	36	49	94	97	4	16	255
 79678	37	36	49	94	97	4	16	255
 79724	36	36	49	94	97	4	16	255
 79769	37	36	49	94	96	3	16	255
 79814	36	36	49	94	96	4	16	255
 79860	36	36	48	94	96	4	16	255
 79905	36	36	47	95	97	4	16	255
 79951	37	36	46	95	97	4	16	255
 79996	36	36	45	95	97	4	16	255
 80041	37	36	44	95	97	3	16	255
 80087	36	36	43	95	97	4	16	255
 80132	37	36	41	95	97	4	16	255
 80177	36	36	40	96	97	4	16	255
 80223	37	36	39	96	97	4	16	255
 80268	36	36	38	96	97	4	16	255
 80313	37	36	37	96	97	4	16	255
 80362	37	36	36	96	98	4	16	255
 80404	37	37	35	96	98	4	0	255
 80449	37	36	35	96	98	3	0	255
 80495	37	36	34	96	98	4	0	255
 80540	37	36	34	96	98	4	0	255
 80585	36	36	33	96	98	4	0	255
 80631	37	37	33	96	98	4	0	255
 80676	37	37	33	96	98	4	0	255
 80722	37	37	33	96	98	4	0	255
 80767	37	36	33	96	98	4	0	255
 80812	37	37	32	96	98	4	0	255
 80858	37	37	32	96	98	4	0	255
 80903	37	37	32	96	98	4	0	255
 80948	37	37	32	96	98	3	0	255
 80994	37	37	32	96	98	3	0	255
 81040	37	37	32	96	98	3	0	255
 81084	37	37	32	96	98	3	0	255
 81130	37	37	32	96	98	3	0	255
 81175	37	37	32	96	98	3	0	255
 81220	37	37	32	96	98	3	0	255
 81266	37	37	32	96	98	3	0	255
 81311	37	37	32	96	98	4	0	255
 81357	37	37	32	96	98	4	0	255
 81402	37	37	32	96	98	3	0	255
 81447	37	37	32	96	98	4	0	255
 81493	37	37	32	96	98	4	0	255
 81538	37	37	32	96	98	3	0	255
 81583	37	37	32	96	98	3	0	255
 81629	37	37	32	96	98	3	0	255
 81674	37	37	32	96	98	4	0	255
 81719	37	37	32	96	98	4	0	255
 81765	37	37	32	96	98	3	0	255
 81810	37	37	32	96	98	3	0	255
 81855	37	37	32	96	98	3	0	255
 81901	37	37	32	96	98	3	0	255
 81946	37	37	32	96	98	4	0	255
 81991	37	37	32	96	98	3	0	255
 82037	37	37	32	96	98	3	0	255
 82082	37	37	32	96	98	4	0	255
 82128	37	37	32	96	98	3	0	255
 82173	37	37	32	96	98	3	0	255
 82218	37	37	32	96	98	3	0	255
 82264	37	37	32	96	98	4	0	255
 82309	37	37	32	96	98	3	0	255
 82354	37	37	32	96	98	3	0	255
 82400	37	37	32	96	98	4	0	255
 82445	37	37	32	96	98	3	0	255
 82490	37	37	32	96	98	4	0	255
 82536	37	37	32	96	98	4	0	255
 82581	37	37	32	96	98	4	0	255
 82626	37	37	32	96	98	3	0	255
 82672	37	37	32	96	98	3	0	255
 82763	37	37	32	96	98	3	0	255
 82808	37	37	32	96	98	3	0	255
 82853	37	37	32	96	98	4	0	255
 82899	37	37	32	96	98	3	0	255
 82944	37	37	32	96	98	3	0	255
 82989	37	37	32	96	98	3	0	255
 83035	37	37	32	96	98	3	0	255
 83080	37	37	32	96	98	3	0	255
 83125	37	37	32	96	98	4	0	255
 83171	37	37	32	96	98	3	0	255
 83216	37	37	32	96	98	3	0	255
 83261	37	37	32	96	98	4	0	255
 83307	37	37	32	96	98	3	0	255
 83352	37	37	32	96	98	3	0	255
 83397	37	37	32	96	98	3	0	255
 83443	37	37	33	96	98	3	0	255
 83488	37	37	32	96	98	4	0	255
 83534	37	37	33	96	98	4	0	255
 83579	37	37	33	96	98	3	0	255
 83624	37	37	33	96	98	4	0	255
 83670	37	37	33	96	98	3	0	255
 83715	37	37	33	96	98	4	0	255
 83760	37	37	33	96	98	4	0	255
 83806	37	37	33	96	98	4	0	255
 83851	37	37	33	96	98	3	0	255
 83896	37	37	33	96	98	3	0	255
 83942	37	37	33	96	98	3	0	255
 83987	37	37	33	96	98	4	0	255
 84032	37	37	33	96	98	3	0	255
 84078	37	37	33	96	98	3	0	255
 84123	37	37	33	96	98	3	0	255
 84169	37	37	33	96	98	3	0	255
 84214	37	37	33	96	98	4	0	255
 84259	37	37	33	96	98	3	0	255
 84350	37	37	33	96	98	3	0	255
 84395	37	37	33	96	98	3	0	255
 84441	37	37	33	96	98	3	0	255
 84486	37	37	33	96	98	4	0	255
 84531	37	37	33	96	98	3	0	255
 84577	37	37	33	96	98	3	0	255
 84622	37	37	33	96	98	4	0	255
 84667	37	37	33	96	98	4	0	255
 84713	37	37	33	96	98	2	0	255
 84758	37	37	33	96	98	3	0	255
 84804	37	37	33	96	98	3	0	255
 84849	37	37	33	96	98	3	0	255
 84894	37	37	33	96	98	4	0	255
 84940	37	37	33	96	98	4	0	255
 84985	37	37	33	96	98	3	0	255
 85030	37	37	33	96	98	3	0	255
 85076	37	37	33	96	98	3	0	255
 85166	37	37	33	96	98	3	0	255
 85212	37	37	33	96	98	3	0	255
 85257	37	37	33	96	98	3	0	255
 85302	37	37	33	96	98	3	0	255
 85348	37	37	33	96	98	3	0	255
 85393	37	37	33	96	98	3	0	255
 85439	37	37	33	96	98	3	0	255
 85484	37	37	33	96	98	3	0	255
 85529	37	37	33	96	98	3	0	255
 85575	37	37	33	96	98	2	0	255
 85620	37	37	33	96	98	3	0	255
 85665	37	37	33	96	98	2	0	255
 85711	37	37	33	96	98	2	0	255
 85756	37	37	33	96	98	3	0	255
 85801	37	37	33	96	98	3	0	255
 85847	37	37	33	96	98	2	0	255
 85892	37	37	33	96	98	3	0	255
 85937	37	37	33	96	98	3	0	255
 85983	37	37	33	96	98	3	0	255
 86028	37	37	33	96	98	3	0	255
 86074	37	37	33	96	98	2	0	255
 86123	37	37	33	96	98	2	0	255
 86164	37	37	33	96	98	2	0	255
 86210	37	37	34	96	98	2	0	255
 86255	37	37	33	96	98	2	0	255
 86300	37	37	33	96	98	2	0	255
 86346	37	37	34	96	98	2	0	255
 86391	37	37	34	96	98	2	0	255
