HomeCentral
 Falkenstrasse 20
 8630 Rueti
 Datum: 16.11.14 00:00
 
 Startzeit: 2014-11-16 00:00:03 +0100
 48	36	36	47	88	91	18	0	255
 93	36	36	47	88	91	18	0	255
 139	36	36	47	88	91	18	0	255
 184	36	36	47	88	91	17	0	255
 229	36	36	47	88	91	17	0	255
 275	36	36	47	88	91	18	0	255
 320	36	36	47	88	91	18	0	255
 365	36	36	47	88	91	18	0	255
 411	36	36	47	88	91	18	0	255
 456	36	36	47	88	91	18	0	255
 502	36	36	47	88	91	17	0	255
 547	36	36	47	88	91	17	0	255
 592	36	36	47	88	91	18	0	255
 638	36	36	47	88	91	18	0	255
 683	36	36	47	88	91	18	0	255
 728	36	36	47	88	91	17	0	255
 774	36	36	47	88	91	18	0	255
 819	36	36	47	88	91	18	0	255
 864	36	36	47	88	91	17	0	255
 955	36	36	47	88	91	18	0	255
 1000	36	36	47	88	91	17	0	255
 1091	36	36	47	88	91	17	0	255
 1136	36	36	47	88	91	16	0	255
 1182	36	36	47	88	91	17	0	255
 1227	36	36	47	88	91	17	0	255
 1272	36	36	47	88	91	17	0	255
 1318	36	36	47	88	91	17	0	255
 1363	36	36	47	88	91	18	0	255
 1409	36	36	47	88	91	17	0	255
 1454	36	36	47	88	91	17	0	255
 1499	36	36	47	88	91	17	0	255
 1545	36	36	47	88	91	17	0	255
 1590	36	36	47	88	91	17	0	255
 1635	36	36	47	88	91	17	0	255
 1681	36	36	47	88	91	17	0	255
 1726	36	36	47	88	91	17	0	255
 1771	36	36	47	88	91	18	0	255
 1817	36	36	47	88	91	17	0	255
 1862	36	36	47	88	91	17	0	255
 1911	36	36	47	88	91	17	0	255
 1953	36	36	47	88	91	17	0	255
 1998	36	36	47	88	91	17	0	255
 2043	36	36	47	88	91	17	0	255
 2089	36	36	47	88	91	17	0	255
 2134	36	36	47	88	91	17	0	255
 2180	36	36	47	88	91	17	0	255
 2225	36	36	47	88	91	17	0	255
 2270	36	36	47	88	91	17	0	255
 2361	36	36	47	88	91	17	0	255
 2406	36	36	47	88	91	17	0	255
 2452	36	36	47	88	91	17	0	255
 2497	36	36	47	88	91	17	0	255
 2542	36	36	47	88	91	17	0	255
 2588	36	36	47	88	91	17	0	255
 2633	36	36	47	88	91	16	0	255
 2678	36	36	47	88	91	17	0	255
 2724	36	36	47	88	91	17	0	255
 2769	36	36	47	88	91	17	0	255
 2860	36	36	47	88	91	17	0	255
 2905	36	36	47	88	91	17	0	255
 2950	36	36	47	88	91	16	0	255
 2996	36	36	47	88	91	16	0	255
 3041	36	36	47	88	91	17	0	255
 3087	36	36	47	88	91	17	0	255
 3177	36	36	47	88	91	17	0	255
 3223	36	36	47	88	91	16	0	255
 3268	36	36	47	88	91	16	0	255
 3313	36	36	47	88	91	16	0	255
 3359	36	36	47	88	91	16	0	255
 3404	36	36	47	88	91	17	0	255
 3449	36	36	47	88	91	16	0	255
 3495	36	36	47	88	91	14	0	255
 3540	36	36	47	88	91	16	0	255
 3631	36	36	47	88	91	16	0	255
 3676	36	36	47	88	91	16	0	255
 3721	36	36	47	88	91	16	0	255
 3767	36	36	47	88	91	16	0	255
 3812	36	36	47	88	91	16	0	255
 3858	36	36	47	88	91	16	0	255
 3903	36	36	47	88	91	16	0	255
 3948	36	36	47	88	91	16	0	255
 3994	36	36	47	88	91	16	0	255
 4039	36	36	47	88	91	16	0	255
 4084	36	36	47	88	91	16	0	255
 4130	36	36	47	88	91	16	0	255
 4175	36	36	47	88	91	16	0	255
 4222	36	36	47	88	91	16	0	255
 4266	36	36	47	88	91	16	0	255
 4311	36	36	47	88	91	16	0	255
 4356	36	36	47	88	91	16	0	255
 4402	36	36	47	88	91	16	0	255
 4447	36	36	47	88	91	16	0	255
 4492	36	36	47	88	91	16	0	255
 4538	36	36	47	88	91	16	0	255
 4583	36	36	47	88	91	16	0	255
 4629	36	36	47	88	91	16	0	255
 4674	36	36	47	88	91	16	0	255
 4719	36	36	47	88	91	16	0	255
 4765	36	36	47	88	91	16	0	255
 4810	36	36	47	87	91	16	0	255
 4855	36	36	47	88	91	14	0	255
 4901	36	36	47	88	91	16	0	255
 4946	36	36	47	88	91	16	0	255
 4991	36	36	47	87	91	16	0	255
 5037	36	36	47	88	91	16	0	255
 5082	36	36	47	87	91	17	0	255
 5127	36	36	47	88	91	16	0	255
 5173	36	36	47	87	91	16	0	255
 5218	36	36	47	88	91	16	0	255
 5263	36	36	47	87	91	16	0	255
 5354	36	36	47	87	91	16	0	255
 5400	36	36	47	87	91	17	0	255
 5445	36	36	47	87	91	16	0	255
 5490	36	36	47	87	91	16	0	255
 5536	36	36	47	87	91	16	0	255
 5581	36	36	47	87	91	16	0	255
 5629	36	36	47	87	91	16	0	255
 5672	36	36	47	87	91	16	0	255
 5717	36	36	47	87	91	16	0	255
 5762	36	36	47	87	91	16	0	255
 5808	36	36	47	87	91	16	0	255
 5853	36	36	47	87	91	16	0	255
 5898	36	36	47	87	91	16	0	255
 5944	36	36	47	87	91	16	0	255
 5989	36	36	47	87	91	16	0	255
 6034	36	36	47	87	91	16	0	255
 6080	36	36	47	87	91	16	0	255
 6125	36	36	47	87	91	16	0	255
 6170	36	36	47	87	91	16	0	255
 6216	36	36	47	87	91	14	0	255
 6261	36	36	47	87	91	16	0	255
 6307	36	36	47	87	91	17	0	255
 6352	36	36	47	87	91	16	0	255
 6397	36	36	47	87	91	16	0	255
 6443	36	36	47	87	91	16	0	255
 6488	36	36	47	87	91	17	0	255
 6533	36	36	47	87	91	16	0	255
 6579	36	36	47	87	91	16	0	255
 6624	36	36	47	87	91	17	0	255
 6669	36	36	47	87	91	14	0	255
 6715	36	36	47	87	91	16	0	255
 6760	36	36	47	87	91	16	0	255
 6805	36	36	47	87	91	16	0	255
 6851	36	36	47	87	91	16	0	255
 6896	36	36	47	87	91	16	0	255
 6942	36	36	47	87	91	16	0	255
 6987	36	36	47	87	91	16	0	255
 7032	36	36	47	87	91	14	0	255
 7078	36	36	47	87	91	16	0	255
 7123	36	36	47	87	91	16	0	255
 7168	36	36	47	87	91	16	0	255
 7214	36	36	47	87	91	16	0	255
 7259	36	36	47	87	91	16	0	255
 7304	36	36	47	87	91	16	0	255
 7350	36	36	47	87	91	16	0	255
 7395	36	36	47	87	91	16	0	255
 7440	36	36	47	87	91	16	0	255
 7486	36	36	47	87	91	16	0	255
 7531	36	36	47	87	91	16	0	255
 7576	36	36	47	87	91	16	0	255
 7622	36	36	47	87	91	17	0	255
 7667	36	36	47	87	91	16	0	255
 7713	36	36	47	87	91	16	0	255
 7758	36	36	47	87	91	16	0	255
 7803	36	36	47	87	91	16	0	255
 7849	36	36	47	87	91	16	0	255
 7894	36	36	47	87	91	16	0	255
 7939	36	36	47	87	91	16	0	255
 7985	36	36	47	87	91	16	0	255
 8030	36	36	47	87	91	16	0	255
 8075	36	36	47	87	91	16	0	255
 8121	36	36	47	87	91	16	0	255
 8166	36	36	47	87	91	16	0	255
 8211	36	36	47	87	91	16	0	255
 8257	36	36	47	87	91	16	0	255
 8302	36	36	47	87	91	16	0	255
 8347	36	36	47	87	91	17	0	255
 8393	36	36	47	87	91	16	0	255
 8438	36	36	47	87	91	16	0	255
 8487	36	36	47	87	91	14	0	255
 8529	36	36	47	87	91	16	0	255
 8574	36	36	47	87	91	16	0	255
 8620	36	36	47	87	91	16	0	255
 8665	36	36	47	87	91	14	0	255
 8710	36	36	47	87	91	16	0	255
 8756	36	36	47	87	91	16	0	255
 8802	36	36	47	87	91	16	0	255
 8846	36	36	47	87	91	17	0	255
 8892	36	36	47	87	91	16	0	255
 8937	36	36	47	87	91	16	0	255
 8986	36	36	47	87	91	17	0	255
 9028	36	36	47	87	91	17	0	255
 9073	36	36	47	87	91	16	0	255
 9119	36	36	47	87	91	16	0	255
 9164	36	36	47	87	91	16	0	255
 9209	36	36	47	87	91	16	0	255
 9255	36	36	47	87	91	16	0	255
 9300	36	36	47	87	91	16	0	255
 9345	36	36	47	87	91	16	0	255
 9391	36	36	47	87	91	16	0	255
 9436	36	36	47	87	91	16	0	255
 9481	36	36	47	87	91	16	0	255
 9531	36	36	47	87	91	16	0	255
 9572	36	36	47	87	91	16	0	255
 9617	36	36	47	87	91	16	0	255
 9663	36	36	47	87	91	16	0	255
 9708	36	36	47	87	91	16	0	255
 9753	36	36	47	87	91	16	0	255
 9799	36	36	47	87	91	16	0	255
 9844	36	36	47	87	91	16	0	255
 9890	36	36	47	87	91	16	0	255
 9935	36	36	47	87	91	16	0	255
 9980	36	36	47	87	91	16	0	255
 10026	36	36	47	87	91	16	0	255
 10071	36	36	47	87	90	16	0	255
 10116	36	36	47	87	90	16	0	255
 10162	36	36	47	87	91	16	0	255
 10207	36	36	47	87	91	16	0	255
 10252	36	36	47	87	91	16	0	255
 10298	36	36	47	87	91	16	0	255
 10343	36	36	47	87	91	14	0	255
 10388	36	36	47	87	90	16	0	255
 10434	36	36	47	87	90	16	0	255
 10524	36	36	47	87	91	16	0	255
 10570	36	36	47	87	90	16	0	255
 10615	36	36	47	87	90	16	0	255
 10660	36	36	47	87	90	16	0	255
 10706	36	36	47	87	90	16	0	255
 10751	36	36	47	87	90	16	0	255
 10797	36	36	47	87	90	16	0	255
 10842	36	36	47	87	90	16	0	255
 10887	36	36	47	87	90	16	0	255
 10933	36	36	47	87	90	16	0	255
 10978	36	36	47	87	90	16	0	255
 11023	36	36	47	87	90	16	0	255
 11069	36	36	47	87	90	16	0	255
 11114	36	36	47	87	90	17	0	255
 11164	36	36	47	87	90	16	0	255
 11205	36	36	47	87	90	16	0	255
 11250	36	36	47	87	90	16	0	255
 11295	36	36	47	87	90	17	0	255
 11341	36	36	47	87	90	16	0	255
 11386	36	36	47	87	90	16	0	255
 11431	36	36	47	87	90	17	0	255
 11477	36	36	47	87	90	16	0	255
 11522	36	36	47	87	90	16	0	255
 11568	36	36	47	87	90	16	0	255
 11613	36	36	47	87	90	16	0	255
 11658	36	36	47	87	90	16	0	255
 11704	36	36	47	87	90	16	0	255
 11749	36	36	47	87	90	17	0	255
 11794	36	36	47	87	90	14	0	255
 11840	36	36	47	87	90	16	0	255
 11930	36	36	47	87	90	16	0	255
 11976	36	36	47	87	90	16	0	255
 12021	36	36	47	87	90	16	0	255
 12066	36	36	47	87	90	16	0	255
 12112	36	36	47	87	90	16	0	255
 12157	36	36	47	87	90	16	0	255
 12202	36	36	47	87	90	16	0	255
 12248	36	36	47	87	90	16	0	255
 12293	36	36	47	87	90	16	0	255
 12339	36	36	47	87	90	16	0	255
 12384	36	36	47	87	90	16	0	255
 12429	36	36	47	87	90	16	0	255
 12475	36	36	47	87	90	14	0	255
 12520	36	36	47	87	90	16	0	255
 12565	36	36	47	87	90	16	0	255
 12611	36	36	47	87	90	16	0	255
 12656	36	36	47	87	90	16	0	255
 12701	36	36	47	87	90	16	0	255
 12747	36	36	47	87	90	16	0	255
 12792	36	36	47	87	90	16	0	255
 12837	36	36	47	87	90	17	0	255
 12883	36	36	47	87	90	16	0	255
 12928	36	36	47	87	90	16	0	255
 12973	36	36	47	87	90	16	0	255
 13019	36	36	47	87	90	16	0	255
 13064	36	36	47	87	90	16	0	255
 13110	36	36	47	87	90	16	0	255
 13155	36	36	47	87	90	16	0	255
 13200	36	36	47	87	90	16	0	255
 13246	36	36	47	87	90	16	0	255
 13291	36	36	47	87	90	16	0	255
 13336	36	36	47	87	90	16	0	255
 13382	36	36	47	87	90	16	0	255
 13427	36	36	47	87	90	16	0	255
 13472	36	36	47	87	90	16	0	255
 13518	36	36	47	87	90	16	0	255
 13563	36	36	47	87	90	16	0	255
 13608	36	36	47	87	90	16	0	255
 13654	36	36	47	87	90	16	0	255
 13699	36	36	47	87	90	16	0	255
 13744	36	36	47	87	90	16	0	255
 13790	36	36	47	87	90	16	0	255
 13835	36	36	47	87	90	16	0	255
 13881	36	36	47	87	90	14	0	255
 13926	36	36	47	87	90	16	0	255
 13971	36	36	47	87	90	16	0	255
 14017	36	36	47	87	90	16	0	255
 14062	36	36	47	87	90	17	0	255
 14107	36	36	47	87	90	16	0	255
 14153	36	36	47	87	90	16	0	255
 14198	36	36	47	87	90	16	0	255
 14243	36	36	47	87	90	16	0	255
 14289	36	36	47	87	90	14	0	255
 14334	36	36	47	87	90	16	0	255
 14379	36	36	47	87	90	17	0	255
 14425	36	36	47	87	90	17	0	255
 14470	36	36	47	87	90	16	0	255
 14520	36	36	47	87	90	16	0	255
 14561	36	36	47	87	90	16	0	255
 14606	36	36	47	87	90	16	0	255
 14652	36	36	47	87	90	16	0	255
 14697	36	36	47	87	90	16	0	255
 14742	36	36	47	87	90	16	0	255
 14788	36	36	47	87	90	16	0	255
 14833	36	36	47	87	90	16	0	255
 14878	36	36	47	87	90	16	0	255
 14924	36	36	47	87	90	14	0	255
 14969	36	36	47	87	90	16	0	255
 15014	36	36	47	87	90	16	0	255
 15060	36	36	47	87	90	16	0	255
 15105	36	36	47	87	90	16	0	255
 15150	36	36	47	87	90	16	0	255
 15196	36	36	47	87	90	16	0	255
 15241	36	36	47	87	90	16	0	255
 15287	36	36	47	87	90	16	0	255
 15332	36	36	47	87	90	16	0	255
 15377	36	36	47	87	90	17	0	255
 15423	36	36	47	87	90	16	0	255
 15468	36	36	47	87	90	16	0	255
 15518	36	36	47	87	90	16	0	255
 15559	36	36	47	87	90	16	0	255
 15604	36	36	47	87	90	14	0	255
 15649	36	36	47	87	90	14	0	255
 15695	36	36	47	86	90	16	0	255
 15740	36	36	47	86	90	16	0	255
 15785	36	36	47	87	90	16	0	255
 15831	36	36	47	86	90	16	0	255
 15876	36	36	47	86	90	16	0	255
 15921	36	36	47	86	90	16	0	255
 15967	36	36	47	87	90	16	0	255
 16012	36	36	47	86	90	16	0	255
 16057	36	36	47	86	90	16	0	255
 16103	36	36	47	86	90	14	0	255
 16148	36	36	47	86	90	16	0	255
 16194	36	36	47	86	90	17	0	255
 16239	36	36	47	86	90	16	0	255
 16284	36	36	47	86	90	16	0	255
 16330	36	36	47	86	90	14	0	255
 16375	36	36	47	86	90	16	0	255
 16420	36	36	47	86	90	16	0	255
 16466	36	36	47	86	90	14	0	255
 16511	36	36	47	86	90	16	0	255
 16556	36	36	47	86	90	16	0	255
 16602	36	36	47	86	90	16	0	255
 16647	36	36	47	86	90	17	0	255
 16692	36	36	47	86	90	16	0	255
 16738	36	36	47	86	90	16	0	255
 16783	36	36	47	86	90	16	0	255
 16828	36	36	47	86	90	16	0	255
 16874	36	36	47	86	90	16	0	255
 16919	36	36	47	86	90	16	0	255
 16965	36	36	47	86	90	16	0	255
 17010	36	36	47	86	90	16	0	255
 17055	36	36	47	86	90	16	0	255
 17101	36	36	47	86	90	16	0	255
 17149	36	36	47	86	90	16	0	255
 17191	36	36	47	86	90	16	0	255
 17237	36	36	47	86	90	16	0	255
 17282	36	36	47	86	90	16	0	255
 17327	36	36	47	86	90	16	0	255
 17373	36	36	47	86	90	16	0	255
 17418	36	36	47	86	90	16	0	255
 17463	36	36	47	86	90	16	0	255
 17509	36	36	47	86	90	16	0	255
 17599	36	36	47	86	90	16	0	255
 17645	36	36	47	86	90	16	0	255
 17690	36	36	47	86	90	16	0	255
 17735	36	36	47	86	90	16	0	255
 17781	36	36	47	86	90	16	0	255
 17826	36	36	47	86	90	16	0	255
 17872	36	36	47	86	90	16	0	255
 17917	36	36	47	86	90	17	0	255
 17962	36	36	47	86	90	14	0	255
 18008	36	36	47	86	90	16	0	255
 18053	36	36	47	86	90	16	0	255
 18098	36	36	47	86	90	16	0	255
 18144	36	36	47	86	90	16	0	255
 18189	36	36	47	86	90	17	0	255
 18280	36	36	47	86	90	16	0	255
 18325	36	36	47	86	90	16	0	255
 18370	36	36	47	86	90	16	0	255
 18416	36	36	47	86	90	17	0	255
 18461	36	36	47	86	90	16	0	255
 18506	36	36	47	86	90	16	0	255
 18552	36	36	47	86	90	16	0	255
 18597	36	36	47	86	90	17	0	255
 18643	36	36	47	86	90	16	0	255
 18688	36	36	47	86	90	16	0	255
 18733	36	36	47	86	90	16	0	255
 18779	36	36	47	86	90	16	0	255
 18824	36	36	47	86	90	17	0	255
 18869	36	36	47	86	90	16	0	255
 18915	36	36	47	86	90	16	0	255
 18960	36	36	47	86	90	16	0	255
 19005	36	36	47	86	90	16	0	255
 19051	36	36	47	86	90	16	0	255
 19096	36	36	47	86	90	16	0	255
 19141	36	36	47	86	90	16	0	255
 19187	36	36	47	86	90	17	0	255
 19232	36	36	47	86	90	16	0	255
 19277	36	36	47	86	90	16	0	255
 19323	36	36	47	86	90	16	0	255
 19368	36	36	47	86	90	16	0	255
 19414	36	36	47	86	90	16	0	255
 19459	36	36	47	86	90	16	0	255
 19504	36	36	47	86	90	16	0	255
 19550	36	36	47	86	90	16	0	255
 19595	36	36	47	86	90	16	0	255
 19640	36	36	47	86	90	16	0	255
 19686	36	36	47	86	90	16	0	255
 19731	36	36	47	86	90	16	0	255
 19776	36	36	47	86	90	17	0	255
 19822	36	36	47	86	90	16	0	255
 19867	36	36	47	86	90	17	0	255
 19912	36	35	47	86	90	17	0	255
 19958	36	36	47	86	90	16	0	255
 20003	36	35	47	86	90	16	0	255
 20048	36	36	47	86	90	17	0	255
 20094	36	36	47	86	90	16	0	255
 20139	36	36	47	86	90	17	0	255
 20185	36	35	47	86	90	16	0	255
 20230	36	36	47	86	90	17	0	255
 20275	36	36	47	86	90	16	0	255
 20321	36	36	47	86	90	16	0	255
 20366	36	35	47	86	90	16	0	255
 20411	36	36	47	86	90	16	0	255
 20457	36	35	47	86	90	16	0	255
 20502	36	35	47	86	90	16	0	255
 20547	36	36	47	86	90	16	0	255
 20593	36	36	47	86	90	16	0	255
 20638	36	36	47	86	90	14	0	255
 20683	36	36	47	86	90	16	0	255
 20729	36	36	47	86	90	17	0	255
 20774	36	36	47	86	90	17	0	255
 20819	36	35	47	86	90	17	0	255
 20865	36	36	47	86	90	16	0	255
 20910	36	35	46	86	90	16	0	255
 20956	36	36	47	86	90	17	0	255
 21001	36	35	47	86	90	17	0	255
 21046	36	35	46	86	90	16	0	255
 21092	36	35	47	86	90	16	0	255
 21137	36	35	47	86	90	16	0	255
 21182	36	35	47	86	90	17	0	255
 21228	36	35	47	86	90	16	0	255
 21273	36	35	47	86	90	16	0	255
 21318	36	35	47	86	90	17	0	255
 21364	36	35	47	86	90	16	0	255
 21409	36	35	47	86	90	16	0	255
 21454	36	35	46	86	90	17	0	255
 21500	35	35	47	86	90	16	0	255
 21545	36	35	47	86	90	16	0	255
 21590	36	35	46	86	90	16	0	255
 21636	36	35	46	86	90	16	0	255
 21681	36	35	46	86	90	16	0	255
 21727	36	35	46	86	90	16	0	255
 21772	36	35	47	86	90	17	0	255
 21817	35	35	46	86	90	17	0	255
 21863	35	35	46	86	90	16	0	255
 21908	36	35	46	86	90	17	0	255
 21953	35	35	46	86	89	16	0	255
 21999	35	35	46	86	90	16	0	255
 22044	36	35	46	86	90	16	0	255
 22047	36	35	46	86	90	16	0	255
 22089	36	35	46	86	90	17	0	255
 22135	35	35	46	86	89	16	0	255
 22180	36	35	46	86	89	16	0	255
 22225	35	35	46	86	89	16	0	255
 22271	36	35	46	86	89	17	0	255
 22316	35	35	46	86	89	16	0	255
 22361	36	35	46	86	89	16	0	255
 22407	35	35	46	86	89	16	0	255
 22452	35	35	46	86	89	16	0	255
 22498	35	35	46	86	89	16	0	255
 22543	35	35	46	86	89	16	0	255
 22588	35	35	46	86	89	16	0	255
 22634	35	35	46	86	89	17	0	255
 22679	36	35	46	86	89	16	0	255
 22724	35	35	46	86	89	16	0	255
 22770	35	35	46	86	89	16	0	255
 22815	35	35	46	86	89	16	0	255
 22860	36	35	46	86	89	17	0	255
 22906	35	35	46	86	89	16	0	255
 22996	35	35	46	86	89	17	0	255
 23042	35	35	46	86	89	16	0	255
 23087	35	35	46	86	89	16	0	255
 23132	35	35	46	86	89	17	0	255
 23183	35	35	46	86	89	16	0	255
 23223	35	35	46	86	89	17	0	255
 23268	35	35	46	86	89	16	0	255
 23314	35	35	46	86	89	17	0	255
 23359	35	35	46	86	89	16	0	255
 23405	36	35	46	86	89	16	0	255
 23450	35	35	46	86	89	16	0	255
 23495	35	35	46	86	89	16	0	255
 23541	35	35	46	86	89	16	0	255
 23586	35	35	46	86	89	16	0	255
 23631	35	35	46	86	89	17	0	255
 23677	35	35	46	86	89	17	0	255
 23722	35	35	46	86	89	16	0	255
 23767	35	35	46	86	89	17	0	255
 23813	35	35	46	86	89	16	0	255
 23858	35	35	46	86	89	16	0	255
 23903	35	35	46	86	89	16	0	255
 23949	35	35	46	86	89	16	0	255
 23994	35	35	46	86	89	16	0	255
 24039	35	35	46	86	89	16	0	255
 24085	35	35	46	86	89	16	0	255
 24130	35	35	46	86	89	16	0	255
 24176	35	35	46	86	89	16	0	255
 24221	35	35	46	86	89	16	0	255
 24266	35	35	46	86	89	16	0	255
 24313	35	35	46	86	89	16	0	255
 24357	35	35	46	86	89	14	0	255
 24402	35	35	46	86	89	16	0	255
 24448	35	35	46	86	89	16	0	255
 24493	35	35	46	86	89	16	0	255
 24538	35	35	46	86	89	16	0	255
 24584	35	35	46	86	89	17	0	255
 24629	35	35	46	86	89	16	0	255
 24674	35	35	46	86	89	17	0	255
 24720	35	35	46	86	89	16	0	255
 24765	35	35	46	86	89	16	0	255
 24810	35	35	46	86	89	16	0	255
 24856	35	35	46	86	89	16	0	255
 24901	35	35	46	86	89	16	0	255
 24947	35	35	46	86	89	16	0	255
 24992	35	35	46	86	89	16	0	255
 25037	35	35	46	86	89	17	0	255
 25083	35	35	46	86	89	16	0	255
 25128	35	35	46	86	89	17	0	255
 25173	35	35	46	86	89	17	0	255
 25219	35	35	46	86	89	17	0	255
 25264	35	35	46	86	89	16	0	255
 25309	35	35	46	86	89	16	0	255
 25355	35	35	46	86	89	16	0	255
 25400	35	35	46	86	89	17	0	255
 25445	35	35	46	86	89	16	0	255
 25491	35	35	46	86	89	17	0	255
 25536	35	35	46	86	89	17	0	255
 25582	35	35	46	86	89	16	0	255
 25627	35	35	46	86	89	16	0	255
 25672	35	35	46	86	89	16	0	255
 25763	35	35	46	86	89	16	0	255
 25808	35	35	46	86	89	16	0	255
 25854	35	35	46	86	89	17	0	255
 25899	35	35	46	86	89	16	0	255
 25944	35	35	46	86	89	16	0	255
 25990	35	35	46	86	89	17	0	255
 26035	35	35	46	86	89	16	0	255
 26080	35	35	46	86	89	16	0	255
 26126	35	35	46	86	89	17	0	255
 26171	35	35	46	86	89	16	0	255
 26216	35	35	46	86	89	16	0	255
 26265	35	35	46	86	89	16	0	255
 26307	35	35	46	86	89	17	0	255
 26352	35	35	46	86	89	16	0	255
 26398	35	35	46	86	89	17	0	255
 26443	35	35	46	86	89	16	0	255
 26489	35	35	46	86	89	17	0	255
 26534	35	35	46	86	89	17	0	255
 26579	35	35	46	86	89	16	0	255
 26625	35	35	46	86	89	16	0	255
 26670	35	35	46	86	89	17	0	255
 26715	35	35	46	86	89	16	0	255
 26761	35	35	46	86	89	16	0	255
 26806	35	35	46	86	89	17	0	255
 26851	35	35	46	85	89	16	0	255
 26897	35	35	46	86	89	17	0	255
 26943	35	35	46	86	89	16	0	255
 27033	35	35	46	85	89	17	0	255
 27078	35	35	46	85	89	16	0	255
 27123	35	35	46	85	89	17	0	255
 27169	35	35	46	85	89	17	0	255
 27214	35	35	46	85	89	17	0	255
 27260	35	35	46	85	89	16	0	255
 27305	35	35	46	85	89	16	0	255
 27350	35	35	46	85	89	16	0	255
 27441	35	35	46	85	89	17	0	255
 27486	35	35	46	85	89	16	0	255
 27532	35	35	46	85	89	16	0	255
 27577	35	35	46	85	89	17	0	255
 27622	35	35	46	85	89	17	0	255
 27668	35	35	46	85	89	16	0	255
 27713	35	35	46	85	89	17	0	255
 27758	35	35	46	85	89	16	0	255
 27804	35	35	46	85	89	17	0	255
 27849	35	35	46	85	89	17	0	255
 27894	35	35	46	85	89	17	0	255
 27940	35	35	46	85	89	17	0	255
 27985	35	35	46	85	89	17	0	255
 28031	35	35	46	85	89	17	0	255
 28076	35	35	46	85	89	17	0	255
 28125	35	35	46	85	89	18	0	255
 28167	35	35	46	85	89	18	0	255
 28212	35	35	46	85	89	18	0	255
 28257	35	35	46	85	89	18	0	255
 28303	35	35	46	85	89	18	0	255
 28348	35	35	46	85	89	17	0	255
 28393	35	35	46	85	89	19	0	255
 28439	35	35	46	85	89	17	0	255
 28484	35	35	46	85	89	17	0	255
 28529	35	35	46	85	89	18	0	255
 28575	35	35	46	85	89	18	0	255
 28620	35	35	46	85	89	18	0	255
 28665	35	35	46	85	89	18	0	255
 28711	35	35	46	85	89	18	0	255
 28756	35	35	46	85	89	19	0	255
 28802	35	35	46	85	89	18	0	255
 28847	35	35	46	85	89	19	0	255
 28892	35	35	46	85	89	18	0	255
 28938	35	35	46	85	89	19	0	255
 28983	35	35	46	85	89	18	0	255
 29028	35	35	46	85	89	19	0	255
 29074	35	35	46	85	89	19	0	255
 29119	35	35	46	85	89	19	0	255
 29164	35	35	46	85	89	19	0	255
 29210	35	35	46	85	89	19	0	255
 29255	35	35	46	85	89	20	0	255
 29300	35	35	46	85	89	20	0	255
 29346	35	35	46	85	89	22	0	255
 29391	35	35	46	85	89	20	0	255
 29436	35	35	46	85	89	20	0	255
 29482	35	35	46	85	89	20	0	255
 29527	35	35	46	85	89	22	0	255
 29573	35	35	46	85	89	22	0	255
 29618	35	35	46	85	89	22	0	255
 29663	35	35	46	85	89	22	0	255
 29757	35	35	46	85	89	23	0	255
 29799	35	35	46	85	89	23	0	255
 29845	35	35	46	85	89	23	0	255
 29890	35	35	46	85	89	23	0	255
 29935	35	35	46	85	89	22	0	255
 29981	35	35	46	85	89	23	0	255
 30026	35	35	46	85	89	23	0	255
 30071	35	35	46	85	89	23	0	255
 30117	35	35	46	85	89	23	0	255
 30162	35	35	46	85	89	24	0	255
 30207	35	35	46	85	89	24	0	255
 30253	35	35	46	85	89	24	0	255
 30298	35	35	46	85	89	24	0	255
 30344	35	35	46	85	89	23	0	255
 30389	35	35	46	85	89	25	0	255
 30434	35	35	46	85	89	24	0	255
 30480	35	35	46	85	89	24	0	255
 30525	35	35	46	85	89	24	0	255
 30570	35	35	46	85	89	25	0	255
 30616	35	35	46	85	89	25	0	255
 30661	35	35	46	85	89	25	0	255
 30707	35	35	46	85	89	25	0	255
 30752	35	35	46	85	89	26	0	255
 30797	35	35	46	85	89	25	0	255
 30842	35	35	46	85	89	25	0	255
 30888	35	35	46	85	89	26	0	255
 30933	35	35	46	85	89	25	0	255
 30978	35	35	46	85	89	26	0	255
 31024	35	35	46	85	89	26	0	255
 31069	35	35	46	85	89	25	0	255
 31115	35	35	46	85	89	25	0	255
 31160	35	35	46	85	89	26	0	255
 31205	35	35	46	85	89	26	0	255
 31251	35	35	46	85	89	26	0	255
 31296	35	35	46	85	89	26	0	255
 31341	35	35	46	85	89	28	0	255
 31387	35	35	46	85	89	26	0	255
 31432	35	35	46	85	89	26	0	255
 31477	35	35	46	85	89	26	0	255
 31523	35	35	46	85	89	28	0	255
 31568	35	35	46	85	89	26	0	255
 31613	35	35	46	85	89	26	0	255
 31659	35	35	46	85	89	26	0	255
 31704	35	35	46	85	89	26	0	255
 31749	35	35	46	85	89	28	0	255
 31798	35	35	46	85	89	28	0	255
 31840	35	35	46	85	89	28	0	255
 31886	35	35	46	85	89	28	0	255
 31976	35	35	46	85	89	28	0	255
 32022	35	35	46	85	89	28	0	255
 32067	35	35	46	85	89	28	0	255
 32112	35	35	46	85	89	28	0	255
 32158	35	35	46	85	89	28	0	255
 32203	35	35	46	85	89	29	0	255
 32248	35	35	46	85	89	29	0	255
 32294	35	35	46	85	89	29	0	255
 32339	35	35	46	85	89	29	0	255
 32384	35	35	46	85	89	28	0	255
 32430	35	35	46	85	89	29	0	255
 32475	35	35	46	85	89	30	0	255
 32521	35	35	46	85	89	30	0	255
 32611	35	35	46	85	89	30	0	255
 32657	35	35	46	85	89	31	0	255
 32702	35	35	46	85	89	31	0	255
 32747	35	35	46	85	89	30	0	255
 32793	35	35	46	85	89	31	0	255
 32838	35	35	46	85	89	31	0	255
 32883	35	35	46	85	89	31	0	255
 32929	35	35	46	85	89	31	0	255
 32974	35	35	46	85	89	32	0	255
 33019	35	35	46	85	89	32	0	255
 33065	35	35	46	85	89	32	0	255
 33110	35	35	46	85	89	32	0	255
 33155	35	35	46	85	89	34	0	255
 33201	35	35	46	85	89	32	0	255
 33246	35	35	46	85	89	32	0	255
 33292	35	35	46	85	89	34	0	255
 33337	35	35	46	85	89	35	0	255
 33428	35	35	46	85	89	34	0	255
 33473	35	35	46	85	89	35	0	255
 33518	35	35	46	85	89	35	0	255
 33564	35	35	46	85	89	35	0	255
 33609	35	35	46	85	89	36	0	255
 33654	35	35	46	85	89	35	0	255
 33700	35	35	46	85	89	36	0	255
 33745	35	35	46	85	88	36	0	255
 33790	35	35	46	85	89	36	0	255
 33836	35	35	46	85	89	37	0	255
 33881	35	35	46	85	88	36	0	255
 33926	35	35	46	85	89	37	0	255
 33972	35	35	46	85	88	37	0	255
 34017	35	35	46	85	89	37	0	255
 34062	35	35	46	85	88	37	0	255
 34108	35	35	46	85	88	37	0	255
 34153	35	35	46	85	88	38	0	255
 34199	35	35	46	85	88	37	0	255
 34244	35	35	46	85	88	38	0	255
 34289	35	35	46	85	88	38	0	255
 34338	35	35	46	85	88	40	0	255
 34380	35	35	46	85	88	40	0	255
 34425	35	35	46	85	88	40	0	255
 34520	35	35	46	85	88	40	0	255
 34561	35	35	46	85	88	40	0	255
 34607	35	35	46	85	88	41	0	255
 34652	35	35	46	85	88	41	0	255
 34697	35	35	46	85	88	41	0	255
 34743	35	35	46	85	88	42	0	255
 34834	35	35	46	85	88	42	0	255
 34879	35	35	46	85	88	42	0	255
 34924	35	35	46	85	88	44	0	255
 34970	35	35	46	85	88	42	0	255
 35015	35	35	46	85	88	42	0	255
 35060	35	35	46	85	88	44	0	255
 35106	35	35	46	85	88	46	0	255
 35151	35	35	46	85	88	45	0	255
 35196	35	35	46	85	88	46	0	255
 35242	35	35	46	85	88	46	0	255
 35287	35	35	46	85	88	47	0	255
 35332	35	35	46	85	88	48	0	255
 35378	35	35	46	85	88	48	0	255
 35423	35	35	46	85	88	48	0	255
 35468	35	35	46	85	88	50	0	255
 35514	35	35	46	85	88	50	0	255
 35559	35	35	46	85	88	51	0	255
 35605	35	35	46	85	88	51	0	255
 35650	35	35	46	85	88	52	0	255
 35695	35	35	46	85	88	52	0	255
 35741	35	35	46	85	88	53	0	255
 35831	35	35	46	85	88	54	0	255
 35877	35	35	46	85	88	54	0	255
 35922	35	35	46	85	88	56	0	255
 35967	35	35	46	85	88	57	0	255
 36013	35	35	46	85	88	60	0	255
 36058	35	35	46	85	88	61	0	255
 36149	35	35	46	85	88	68	0	255
 36194	35	35	46	85	88	71	0	255
 36240	35	35	46	85	88	75	0	255
 36285	35	35	46	85	88	79	0	255
 36330	35	35	46	85	88	82	0	255
 36376	35	35	46	85	88	84	8	255
 36421	37	41	46	85	88	93	8	255
 36466	51	48	46	85	88	101	8	255
 36512	62	52	46	85	88	104	8	255
 36557	69	55	46	85	88	98	8	255
 36602	72	57	46	85	88	101	8	255
 36648	75	58	46	85	88	106	8	255
 36693	79	59	46	85	88	109	8	255
 36738	82	59	46	85	88	102	8	255
 36784	81	60	46	85	88	92	8	255
 36829	78	60	46	85	88	89	8	255
 36874	76	61	46	85	88	90	8	255
 36920	75	61	46	85	88	90	8	255
 36965	75	61	46	85	88	92	8	255
 37011	75	61	46	85	88	93	8	255
 37056	75	62	46	85	88	93	8	255
 37101	75	62	46	85	88	92	8	255
 37147	75	62	46	85	88	92	8	255
 37192	75	62	46	85	88	93	8	255
 37237	75	62	46	85	88	92	8	255
 37283	75	62	46	85	88	94	8	255
 37328	76	63	46	85	88	94	8	255
 37373	76	63	46	85	88	94	8	255
 37419	76	63	46	85	88	94	8	255
 37509	77	63	46	85	88	96	8	255
 37555	78	63	46	85	88	98	8	255
 37600	78	63	46	85	88	98	8	255
 37691	79	63	46	85	88	100	8	255
 37736	79	64	46	85	88	98	8	255
 37782	80	64	46	85	88	100	8	255
 37827	81	64	46	85	88	101	8	255
 37918	82	64	46	85	88	104	8	255
 37963	83	64	46	85	88	105	8	255
 38008	84	64	46	85	88	108	8	255
 38054	85	64	46	85	88	109	8	255
 38099	86	64	46	85	88	110	8	255
 38144	87	65	46	85	88	110	8	255
 38190	88	65	47	85	88	109	8	255
 38235	88	65	47	85	88	110	8	255
 38280	89	65	47	85	88	110	8	255
 38326	89	65	47	85	88	109	8	255
 38371	89	65	47	85	88	109	8	255
 38416	89	65	47	85	88	108	8	255
 38462	88	65	47	85	88	108	8	255
 38507	88	65	47	85	88	106	8	255
 38553	87	65	47	85	88	105	8	255
 38598	87	65	47	85	88	105	8	255
 38643	86	66	47	85	88	105	8	255
 38689	86	66	47	86	88	106	8	255
 38734	86	66	47	86	88	106	8	255
 38779	86	66	47	86	88	106	8	255
 38825	87	66	47	86	88	108	8	255
 38870	87	66	47	86	88	109	8	255
 38915	88	66	47	86	88	109	8	255
 39006	88	66	47	86	88	110	8	255
 39052	89	66	47	86	88	110	8	255
 39097	89	66	47	86	88	113	8	255
 39142	90	67	47	86	88	116	8	255
 39187	91	67	47	86	88	116	8	255
 39278	93	67	47	86	88	120	8	255
 39327	95	67	47	86	88	123	8	255
 39369	96	67	47	86	88	124	8	255
 39414	97	67	47	86	88	126	8	255
 39460	99	67	47	87	88	126	8	255
 39505	100	67	47	87	88	127	8	255
 39596	102	67	47	87	89	130	8	255
 39641	103	67	47	87	89	131	8	255
 39686	103	68	47	87	89	131	8	255
 39732	104	68	47	87	89	132	8	255
 39777	105	68	48	87	89	132	8	255
 39822	105	68	48	87	89	132	8	255
 39868	105	68	48	87	89	132	8	255
 39913	106	68	48	87	89	132	8	255
 39960	106	68	48	87	89	134	8	255
 40004	106	68	48	87	89	134	8	255
 40049	107	68	48	87	89	134	8	255
 40095	107	68	48	88	89	134	8	255
 40140	107	68	48	88	89	136	8	255
 40185	107	69	48	88	90	134	8	255
 40231	108	69	48	88	90	136	8	255
 40276	108	69	48	88	90	136	8	255
 40321	108	69	48	88	90	136	8	255
 40367	108	69	48	88	90	136	8	255
 40412	108	69	48	88	90	136	8	255
 40457	109	69	48	88	90	136	8	255
 40503	109	69	48	88	90	137	8	255
 40548	109	69	48	88	90	137	8	255
 40593	109	69	48	89	90	137	8	255
 40643	109	69	48	89	90	138	8	255
 40684	110	70	48	89	91	138	8	255
 40729	110	70	48	89	91	137	8	255
 40775	110	70	48	89	91	140	8	255
 40820	110	70	48	89	91	137	8	255
 40866	111	70	48	89	91	138	8	255
 40956	111	70	48	89	91	138	8	255
 41002	111	70	48	89	91	141	8	255
 41047	111	70	49	90	91	138	8	255
 41092	111	70	49	90	91	140	8	255
 41138	111	70	49	90	91	141	8	255
 41183	112	70	49	90	92	140	8	255
 41228	112	70	49	90	92	140	8	255
 41274	112	71	49	90	92	140	8	255
 41319	112	71	49	90	92	140	8	255
 41364	112	71	49	90	92	141	8	255
 41410	112	71	49	90	92	140	8	255
 41455	112	71	49	90	92	140	8	255
 41501	112	71	49	90	92	141	8	255
 41546	112	71	49	91	92	140	8	255
 41637	113	71	49	91	93	141	8	255
 41682	113	71	49	91	93	142	8	255
 41727	113	71	49	91	93	142	8	255
 41773	113	71	49	91	93	142	8	255
 41818	113	71	49	91	93	144	8	255
 41863	114	72	49	91	93	141	8	255
 41909	114	72	49	91	93	144	8	255
 41954	114	72	49	91	93	142	8	255
 41999	114	72	49	92	93	142	8	255
 42045	114	72	49	92	93	144	8	255
 42090	114	72	49	92	94	142	8	255
 42135	114	72	49	92	94	144	8	255
 42181	115	72	49	92	94	145	8	255
 42226	115	72	49	92	94	144	8	255
 42272	115	72	50	92	94	144	8	255
 42317	115	72	50	92	94	144	8	255
 42362	115	72	50	92	94	144	8	255
 42408	115	72	50	92	94	144	8	255
 42453	115	72	50	93	94	145	8	255
 42498	115	72	50	93	94	145	8	255
 42544	116	72	50	93	95	145	8	255
 42589	116	73	50	93	95	145	8	255
 42634	116	73	50	93	95	146	8	255
 42680	116	73	50	93	95	146	8	255
 42725	116	73	50	93	95	146	8	255
 42770	116	73	50	93	95	145	8	255
 42816	116	73	50	93	95	146	8	255
 42861	117	73	50	93	95	145	8	255
 42907	117	73	50	94	95	145	8	255
 42952	117	73	50	94	96	145	8	255
 42997	117	73	50	94	96	146	8	255
 43043	117	73	50	94	96	146	8	255
 43088	117	73	50	94	96	146	8	255
 43133	117	73	50	94	96	150	8	255
 43179	118	73	50	94	96	146	8	255
 43224	118	74	50	94	96	150	8	255
 43269	118	74	50	94	96	148	8	255
 43315	118	74	50	95	96	148	8	255
 43360	118	74	51	95	96	148	8	255
 43405	118	74	51	95	97	148	8	255
 43451	118	74	51	95	97	148	8	255
 43496	118	74	51	95	97	150	8	255
 43541	118	74	51	95	97	148	8	255
 43587	118	74	51	95	97	150	8	255
 43632	119	74	51	95	97	151	8	255
 43677	119	74	51	95	97	150	8	255
 43723	119	74	51	95	97	150	8	255
 43768	119	74	51	96	97	150	8	255
 43814	119	74	51	96	98	150	8	255
 43859	119	74	51	96	98	150	8	255
 43905	119	74	51	96	98	150	8	255
 43950	120	75	51	96	98	150	8	255
 43995	120	75	51	96	98	151	8	255
 44040	120	75	51	96	98	151	8	255
 44086	120	75	51	96	98	151	8	255
 44131	120	75	51	96	98	151	8	255
 44176	120	75	51	97	98	152	8	255
 44222	120	75	51	97	99	151	8	255
 44267	121	75	51	97	99	151	8	255
 44312	121	75	51	97	99	152	8	255
 44358	121	75	51	97	99	152	8	255
 44403	121	75	51	97	99	154	8	255
 44449	121	75	51	97	99	154	8	255
 44494	122	75	51	97	99	152	8	255
 44539	122	75	51	97	99	152	8	255
 44585	122	75	52	98	99	154	8	255
 44630	122	75	52	98	100	154	8	255
 44724	123	76	52	98	100	155	8	255
 44766	123	76	52	98	100	155	8	255
 44811	123	76	52	98	100	155	8	255
 44857	123	76	52	98	100	158	8	255
 44902	124	76	52	98	100	156	8	255
 44947	124	76	52	99	100	158	8	255
 44993	124	76	52	99	100	156	8	255
 45038	125	76	52	99	101	158	8	255
 45084	125	76	52	99	101	158	8	255
 45129	126	76	52	99	101	160	8	255
 45174	126	76	52	99	101	158	8	255
 45220	125	76	52	99	101	155	8	255
 45265	124	76	52	99	101	150	8	255
 45310	122	76	52	99	101	146	8	255
 45356	120	76	52	100	101	141	8	255
 45401	117	76	52	100	101	136	8	255
 45446	114	76	52	100	102	132	8	255
 45492	111	76	52	100	102	131	8	255
 45537	109	76	52	100	102	134	8	255
 45585	108	76	52	100	102	132	8	255
 45628	108	77	52	100	102	128	8	255
 45673	107	76	52	100	102	126	8	255
 45720	105	76	52	100	102	120	8	255
 45764	102	76	52	100	102	118	8	255
 45809	99	76	53	100	102	112	8	255
 45855	96	77	53	100	102	106	8	255
 45900	92	77	53	100	102	101	8	255
 45945	89	77	53	100	102	97	0	255
 45991	85	76	53	100	102	96	0	255
 46036	83	76	53	100	102	93	0	255
 46081	81	75	53	100	102	93	0	255
 46127	80	74	53	100	102	94	0	255
 46176	79	74	53	100	102	100	0	255
 46263	80	73	53	100	102	116	8	255
 46308	86	74	53	100	102	124	8	255
 46356	92	75	53	100	102	131	8	255
 46400	97	75	53	100	102	136	8	255
 46444	102	76	53	100	102	141	8	255
 46489	106	76	53	100	102	150	8	255
 46535	111	76	53	100	102	155	8	255
 46580	116	76	53	100	102	155	8	255
 46626	119	76	53	100	102	154	8	255
 46671	120	77	53	101	102	155	8	255
 46716	121	77	53	101	103	155	8	255
 46762	122	77	53	101	103	156	8	255
 46807	122	77	53	101	103	156	8	255
 46852	123	77	53	101	103	156	8	255
 46898	124	77	53	101	103	158	8	255
 46943	124	77	53	101	103	156	8	255
 46988	124	77	53	101	103	158	8	255
 47034	124	77	53	101	103	156	8	255
 47080	125	78	53	101	103	158	8	255
 47124	125	78	53	102	103	158	8	255
 47170	125	78	53	102	104	158	8	255
 47215	125	78	53	102	104	156	8	255
 47261	125	78	53	102	104	158	8	255
 47306	125	78	53	102	104	158	8	255
 47351	125	78	54	102	104	158	8	255
 47397	125	78	54	102	104	158	8	255
 47442	125	78	54	102	104	155	8	255
 47487	125	78	54	102	104	155	8	255
 47533	124	78	54	102	104	154	8	255
 47578	123	78	54	103	105	152	8	255
 47623	123	78	54	103	105	154	8	255
 47714	123	78	54	103	105	154	8	255
 47759	122	78	54	103	105	154	8	255
 47805	122	78	54	103	105	154	8	255
 47850	123	78	54	103	105	155	8	255
 47895	123	79	54	103	105	156	8	255
 47941	123	79	54	103	105	154	8	255
 47986	123	79	54	103	105	155	8	255
 48032	123	79	54	104	105	156	8	255
 48077	124	79	54	104	106	155	8	255
 48122	124	79	54	104	106	155	8	255
 48168	124	79	54	104	106	156	8	255
 48213	124	79	54	104	106	156	8	255
 48304	124	79	54	104	106	156	8	255
 48349	124	79	54	104	106	155	8	255
 48394	124	79	54	104	106	156	8	255
 48440	125	79	54	104	106	155	8	255
 48485	125	79	54	104	106	155	8	255
 48530	125	79	54	105	107	155	8	255
 48576	125	79	54	105	107	156	8	255
 48621	125	79	54	105	107	155	8	255
 48666	125	79	54	105	107	155	8	255
 48712	125	80	55	105	107	156	8	255
 48757	125	80	55	105	107	156	8	255
 48803	125	80	55	105	107	156	8	255
 48848	125	80	55	105	107	156	8	255
 48893	125	80	55	105	107	156	8	255
 48939	125	80	55	105	107	156	8	255
 48984	125	80	55	105	107	156	8	255
 49029	125	80	55	106	108	156	8	255
 49075	125	80	55	106	108	156	8	255
 49120	125	80	55	106	108	155	8	255
 49165	124	80	55	106	108	155	8	255
 49211	124	80	55	106	108	155	8	255
 49256	124	80	55	106	108	155	8	255
 49301	124	80	55	106	108	155	8	255
 49347	124	80	55	106	108	155	8	255
 49392	124	80	55	106	108	154	8	255
 49438	124	80	55	106	108	156	8	255
 49483	124	80	55	106	108	155	8	255
 49528	124	81	55	107	109	152	8	255
 49574	123	81	55	107	109	152	8	255
 49619	123	81	55	107	109	151	8	255
 49664	122	81	55	107	109	151	8	255
 49710	122	81	55	107	109	151	8	255
 49755	122	81	55	107	109	152	8	255
 49800	122	81	55	107	109	152	8	255
 49846	122	81	55	107	109	152	8	255
 49891	122	81	55	107	109	152	8	255
 49936	122	81	55	107	109	154	8	255
 49982	122	81	55	107	109	154	8	255
 50027	122	81	55	107	109	154	8	255
 50072	122	81	55	107	109	154	8	255
 50118	123	81	56	108	110	154	8	255
 50163	123	81	56	108	110	155	8	255
 50209	123	81	56	108	110	156	8	255
 50254	124	82	56	108	110	155	8	255
 50299	124	82	56	108	110	156	8	255
 50345	124	82	56	108	110	156	8	255
 50390	124	82	56	108	110	156	8	255
 50435	124	82	56	108	110	151	8	255
 50481	123	82	56	108	110	146	8	255
 50526	121	82	56	108	110	145	8	255
 50617	116	82	56	108	111	141	8	255
 50662	115	82	56	109	111	140	8	255
 50707	114	82	56	109	111	140	8	255
 50753	113	82	56	109	111	138	8	255
 50798	113	82	56	109	111	140	8	255
 50843	113	82	56	109	111	141	8	255
 50889	114	82	56	109	111	145	8	255
 50934	115	82	56	109	111	145	8	255
 50980	116	82	56	109	111	146	8	255
 51025	117	82	56	109	111	151	8	255
 51070	118	82	56	109	111	152	8	255
 51116	120	83	56	109	111	154	8	255
 51161	121	83	56	109	111	156	8	255
 51206	123	83	56	109	111	158	8	255
 51252	124	83	56	109	111	160	8	255
 51297	125	83	56	109	111	161	8	255
 51346	126	83	56	109	111	161	8	255
 51388	127	83	57	110	112	162	8	255
 51433	127	83	56	110	112	161	8	255
 51482	128	83	57	110	112	160	8	255
 51524	128	83	57	110	112	162	8	255
 51569	128	83	57	110	112	162	8	255
 51615	128	83	57	110	112	162	8	255
 51660	128	83	57	110	112	161	8	255
 51705	128	83	57	110	112	162	8	255
 51751	128	83	57	110	112	161	8	255
 51796	128	83	57	110	112	160	8	255
 51841	128	84	57	110	113	160	8	255
 51887	128	84	57	110	113	161	8	255
 51932	128	84	57	111	113	161	8	255
 51977	128	84	57	111	113	160	8	255
 52023	127	84	57	111	113	158	8	255
 52068	127	84	57	111	113	160	8	255
 52113	127	84	57	111	113	160	8	255
 52159	126	84	57	111	113	158	8	255
 52204	126	84	57	111	113	156	8	255
 52249	126	84	57	111	113	156	8	255
 52295	125	84	57	111	113	156	8	255
 52340	125	84	57	111	113	155	8	255
 52385	125	84	57	111	114	155	8	255
 52431	125	84	57	112	114	155	8	255
 52476	125	84	57	112	114	154	8	255
 52522	124	84	57	112	114	155	8	255
 52567	124	84	57	112	114	154	8	255
 52612	124	84	57	112	114	154	8	255
 52658	123	84	57	112	114	152	8	255
 52703	122	85	57	112	114	151	8	255
 52748	122	85	57	112	114	148	8	255
 52794	121	85	58	112	114	146	8	255
 52839	120	85	58	112	114	146	8	255
 52884	119	85	58	112	114	145	8	255
 52930	118	85	58	112	114	144	8	255
 52975	117	85	58	112	114	142	8	255
 53020	116	85	58	112	114	141	8	255
 53066	115	85	58	113	115	138	8	255
 53111	114	85	58	113	115	140	8	255
 53157	113	85	58	113	115	138	8	255
 53206	113	85	58	113	115	137	8	255
 53247	112	85	58	113	115	136	8	255
 53293	111	85	58	113	115	136	8	255
 53338	111	85	58	113	115	138	8	255
 53383	111	85	58	113	115	138	8	255
 53429	111	85	58	113	115	137	8	255
 53474	111	85	58	113	115	134	8	255
 53519	110	85	58	113	115	134	8	255
 53565	110	86	58	113	115	136	8	255
 53610	110	86	58	113	115	136	8	255
 53655	110	86	58	113	115	132	8	255
 53701	108	85	58	113	115	130	8	255
 53746	107	85	58	113	115	127	8	255
 53791	106	85	58	113	115	126	8	255
 53837	104	86	58	113	115	123	8	255
 53882	103	86	58	113	115	120	8	255
 53973	99	86	58	113	115	114	8	255
 54018	97	86	59	113	115	112	8	255
 54064	95	86	59	113	115	109	8	255
 54109	93	85	59	113	115	106	0	255
 54154	91	85	59	113	115	104	0	255
 54200	90	84	59	113	115	104	0	255
 54245	88	83	59	113	115	102	0	255
 54290	87	82	59	113	115	101	0	255
 54336	86	81	59	113	115	101	0	255
 54381	85	80	59	113	115	101	0	255
 54426	84	79	59	113	115	101	0	255
 54472	83	79	59	113	115	102	0	255
 54517	82	78	59	113	115	105	0	255
 54562	81	78	59	113	115	108	0	255
 54608	80	78	59	113	115	112	0	255
 54653	79	77	59	113	115	113	0	255
 54698	79	76	59	113	115	120	8	255
 54744	85	79	59	113	115	128	8	255
 54789	93	81	59	113	115	132	8	255
 54835	98	83	59	113	115	132	8	255
 54880	102	84	59	113	115	134	8	255
 54925	104	84	59	113	115	137	8	255
 54971	106	85	59	113	115	138	8	255
 55016	108	85	59	113	115	136	8	255
 55061	108	85	59	113	115	128	8	255
 55107	106	85	59	113	115	124	8	255
 55152	104	85	59	113	115	120	8	255
 55197	101	86	59	113	115	118	8	255
 55243	99	86	59	113	115	116	8	255
 55288	98	86	59	113	115	116	8	255
 55333	97	86	59	113	115	116	8	255
 55379	96	86	59	113	115	114	8	255
 55424	95	86	59	113	115	113	8	255
 55469	95	86	59	113	115	114	8	255
 55515	95	86	59	113	115	116	8	255
 55560	95	86	59	113	115	118	8	255
 55651	96	86	59	113	115	119	8	255
 55696	97	86	59	113	115	120	8	255
 55742	97	86	59	113	115	122	8	255
 55787	98	86	59	113	115	122	8	255
 55832	98	86	59	113	115	123	8	255
 55878	99	87	59	113	115	122	8	255
 55923	99	87	59	113	115	123	8	255
 55968	99	87	59	113	115	123	8	255
 56014	100	87	59	113	115	123	8	255
 56059	100	87	60	113	115	123	8	255
 56104	100	87	60	113	115	123	8	255
 56150	100	87	60	113	115	122	8	255
 56195	100	87	60	113	115	118	8	255
 56240	98	87	60	113	115	116	8	255
 56286	97	87	60	113	115	112	8	255
 56331	95	87	60	113	115	110	0	255
 56376	93	86	60	113	115	108	0	255
 56422	92	86	60	113	115	106	0	255
 56467	90	85	60	113	115	104	0	255
 56513	89	84	60	113	115	102	0	255
 56558	88	82	60	113	115	101	0	255
 56607	87	81	60	113	115	100	0	255
 56649	86	80	60	113	115	98	0	255
 56694	85	79	60	113	115	97	0	255
 56739	84	78	60	113	115	97	0	255
 56785	83	78	60	113	115	94	0	255
 56830	82	77	60	113	115	93	0	255
 56875	81	76	60	113	115	92	0	255
 56921	80	75	60	113	115	90	0	255
 56966	80	74	60	113	115	89	0	255
 57011	79	74	60	113	115	88	0	255
 57057	78	73	60	113	115	88	0	255
 57102	77	72	60	113	115	86	0	255
 57148	76	72	60	113	115	88	0	255
 57193	75	71	60	113	115	85	0	255
 57238	75	71	60	113	115	84	0	255
 57284	74	70	60	113	115	83	0	255
 57329	73	70	60	113	115	82	0	255
 57374	72	69	60	113	115	80	0	255
 57420	71	69	60	113	115	80	0	255
 57465	71	68	60	113	115	80	0	255
 57510	70	68	60	113	115	79	0	255
 57556	69	67	60	113	115	79	0	255
 57601	69	67	60	113	115	78	0	255
 57646	68	66	60	113	115	79	0	255
 57692	67	66	60	113	115	79	0	255
 57737	67	65	60	113	115	76	0	255
 57782	66	65	60	113	115	78	0	255
 57828	65	64	60	113	115	78	0	255
 57873	65	63	60	113	115	78	0	255
 57919	64	63	60	113	115	76	0	255
 57964	64	63	60	112	115	76	0	255
 58009	63	62	60	112	115	76	0	255
 58055	63	62	60	113	115	76	0	255
 58100	62	61	60	112	115	75	0	255
 58145	62	61	60	112	115	75	0	255
 58191	61	60	60	112	115	76	0	255
 58236	61	60	60	112	115	75	0	255
 58285	60	60	60	112	115	75	0	255
 58327	60	59	60	112	115	75	0	255
 58372	59	59	60	112	115	75	0	255
 58417	59	58	60	112	115	76	0	255
 58463	58	58	60	112	115	74	0	255
 58508	58	58	60	112	115	74	0	255
 58553	58	57	60	112	115	71	0	255
 58599	57	57	60	112	115	71	0	255
 58644	57	57	60	112	115	70	0	255
 58690	56	57	60	112	115	68	0	255
 58735	56	56	60	112	115	68	0	255
 58780	56	56	60	112	115	67	0	255
 58826	55	56	60	112	115	67	0	255
 58871	55	55	60	112	115	66	0	255
 58916	55	55	60	112	115	65	0	255
 58962	54	55	60	112	115	65	0	255
 59007	54	55	60	112	115	64	0	255
 59052	54	54	60	112	115	64	0	255
 59098	53	54	60	112	115	62	0	255
 59143	53	54	60	112	115	60	0	255
 59188	53	54	60	112	115	60	0	255
 59234	53	53	60	112	115	60	0	255
 59279	52	53	60	112	115	60	0	255
 59324	52	53	60	112	115	58	0	255
 59370	52	52	60	112	115	57	0	255
 59460	51	52	60	112	115	56	0	255
 59506	51	52	60	112	115	56	0	255
 59551	51	51	60	112	115	54	0	255
 59597	51	51	60	112	115	54	0	255
 59642	50	51	60	112	115	53	0	255
 59687	50	51	60	112	115	52	0	255
 59733	50	51	60	112	115	52	0	255
 59778	50	50	60	112	115	52	0	255
 59823	49	50	60	112	115	51	0	255
 59869	49	50	60	112	115	51	0	255
 59914	49	50	60	112	115	50	0	255
 59959	49	50	60	112	115	48	0	255
 60005	49	49	60	112	115	48	0	255
 60050	48	49	60	112	115	47	0	255
 60095	48	49	60	112	115	47	0	255
 60141	48	49	60	112	115	47	0	255
 60186	48	49	60	112	115	46	0	255
 60231	48	48	60	112	115	45	0	255
 60277	48	48	60	112	115	46	0	255
 60322	47	48	60	112	115	45	0	255
 60368	47	48	60	112	115	44	0	255
 60413	47	48	60	112	115	44	0	255
 60458	47	47	60	112	115	44	0	255
 60504	47	47	60	112	115	42	0	255
 60549	47	47	60	112	115	41	0	255
 60640	46	47	60	112	115	41	0	255
 60685	46	47	60	112	115	40	0	255
 60730	46	47	60	112	115	40	0	255
 60821	46	46	60	112	115	40	0	255
 60866	46	46	60	112	115	38	0	255
 60912	46	46	60	112	115	38	0	255
 60957	45	46	60	112	115	38	0	255
 61002	45	46	60	112	115	38	0	255
 61048	45	46	60	112	115	37	0	255
 61093	45	46	60	112	115	36	0	255
 61139	45	45	60	112	115	36	0	255
 61184	45	45	60	112	115	36	0	255
 61229	45	45	60	112	115	35	0	255
 61275	45	45	60	112	115	35	0	255
 61320	45	45	60	112	115	35	0	255
 61365	44	45	60	112	115	35	0	255
 61411	44	45	60	112	115	34	0	255
 61456	44	45	60	112	115	34	0	255
 61501	44	44	59	112	115	34	0	255
 61547	44	44	60	112	115	34	0	255
 61592	44	44	60	112	115	32	0	255
 61637	44	44	60	112	115	32	0	255
 61683	44	44	59	112	115	32	0	255
 61728	44	44	59	112	115	32	0	255
 61773	44	44	59	112	115	31	0	255
 61819	44	44	59	112	115	31	0	255
 61864	44	44	59	112	115	31	0	255
 61910	43	44	59	112	115	31	0	255
 61955	43	44	59	112	115	30	0	255
 62001	43	43	59	112	115	30	0	255
 62046	43	43	59	112	115	30	0	255
 62091	43	43	59	112	115	29	0	255
 62136	43	43	59	112	115	29	0	255
 62227	43	43	59	112	115	29	0	255
 62272	43	43	59	112	115	29	0	255
 62318	43	43	59	112	115	28	0	255
 62363	43	43	59	112	115	28	0	255
 62408	43	43	59	112	115	28	0	255
 62454	43	43	59	112	115	28	0	255
 62499	43	43	59	112	115	28	0	255
 62544	42	43	59	112	115	26	0	255
 62590	42	42	59	112	115	26	0	255
 62635	42	42	59	112	115	26	0	255
 62684	42	42	59	112	115	28	0	255
 62726	42	42	59	112	115	26	0	255
 62771	42	42	59	112	115	25	0	255
 62817	42	42	59	112	115	26	0	255
 62862	42	42	59	112	115	25	0	255
 62998	42	42	59	112	115	25	0	255
 63043	42	42	59	112	115	25	0	255
 63089	42	42	59	112	115	25	0	255
 63134	42	42	59	112	114	24	0	255
 63179	42	42	59	112	114	24	0	255
 63225	42	42	59	112	115	24	0	255
 63270	42	42	59	112	114	24	0	255
 63361	41	41	59	112	114	24	0	255
 63406	41	41	59	112	114	24	0	255
 63451	41	41	59	112	114	23	0	255
 63497	41	41	59	112	114	23	0	255
 63542	41	41	59	112	114	23	0	255
 63587	41	41	59	112	114	23	0	255
 63633	41	41	59	112	114	22	0	255
 63678	41	41	59	111	114	23	0	255
 63723	41	41	59	112	114	22	0	255
 63769	41	41	59	112	114	23	0	255
 63814	41	41	59	112	114	22	0	255
 63860	41	41	59	112	114	23	0	255
 63905	41	41	59	112	114	22	0	255
 63950	41	41	59	112	114	22	0	255
 63996	41	41	59	111	114	22	0	255
 64041	41	41	59	111	114	22	0	255
 64086	41	41	59	111	114	22	0	255
 64132	41	41	59	111	114	22	0	255
 64177	41	41	59	111	114	20	0	255
 64222	41	41	59	111	114	22	0	255
 64268	41	41	59	111	114	22	0	255
 64313	41	41	59	111	114	22	0	255
 64358	41	41	59	111	114	22	0	255
 64404	41	40	59	111	114	22	0	255
 64449	41	40	59	111	114	20	0	255
 64494	41	40	59	111	114	20	0	255
 64540	41	40	59	111	114	22	0	255
 64585	41	40	59	111	114	20	0	255
 64631	41	40	59	111	114	19	0	255
 64679	41	40	59	111	114	20	0	255
 64721	40	40	59	111	114	19	0	255
 64767	40	40	59	111	114	19	0	255
 64812	40	40	59	111	114	19	0	255
 64903	40	40	59	111	114	19	0	255
 64948	40	40	59	111	114	19	0	255
 64993	40	40	59	111	114	18	0	255
 65039	40	40	59	111	114	19	0	255
 65084	40	40	59	111	114	18	0	255
 65129	40	40	59	111	114	19	0	255
 65175	40	40	59	111	114	19	0	255
 65220	40	40	59	111	114	19	0	255
 65265	40	40	59	111	114	19	0	255
 65311	40	40	59	111	114	18	0	255
 65356	40	40	59	111	114	18	0	255
 65401	40	40	59	111	114	18	0	255
 65447	40	40	59	111	114	19	0	255
 65492	40	40	59	111	114	18	0	255
 65538	40	40	59	111	114	18	0	255
 65583	40	40	59	111	114	18	0	255
 65628	40	40	59	111	114	18	0	255
 65674	40	40	59	111	114	18	0	255
 65764	40	40	59	111	114	18	0	255
 65810	40	40	59	111	114	18	0	255
 65855	40	40	59	111	114	18	0	255
 65900	40	40	59	111	114	18	0	255
 65946	40	40	59	111	114	18	0	255
 65991	40	40	59	111	114	17	0	255
 66036	40	40	59	111	114	18	0	255
 66082	40	40	59	111	114	17	0	255
 66127	40	40	59	111	114	17	0	255
 66173	40	40	59	111	114	17	0	255
 66218	40	39	59	111	114	17	0	255
 66263	40	39	59	111	114	17	0	255
 66354	40	39	59	111	114	17	0	255
 66403	40	39	59	111	114	17	0	255
 66445	40	39	59	111	114	17	0	255
 66490	40	39	59	111	114	17	0	255
 66535	40	39	59	111	114	17	0	255
 66581	40	39	59	111	114	17	0	255
 66626	40	39	59	111	114	17	0	255
 66676	40	39	59	111	114	16	0	255
 66717	40	39	59	111	114	16	0	255
 66762	40	39	59	111	114	16	0	255
 66811	40	39	59	111	114	16	0	255
 66853	40	39	59	111	114	16	0	255
 66898	40	39	59	111	114	16	0	255
 66944	40	39	59	111	114	16	0	255
 66989	40	39	59	111	114	16	0	255
 67034	39	39	59	111	114	16	0	255
 67080	39	39	59	111	114	16	0	255
 67125	39	39	59	111	114	16	0	255
 67170	39	39	59	111	114	16	0	255
 67216	39	39	59	111	114	16	0	255
 67261	39	39	59	111	114	14	0	255
 67306	39	39	59	111	114	16	0	255
 67352	39	39	59	111	114	16	0	255
 67397	39	39	59	111	114	14	0	255
 67442	39	39	59	111	114	14	0	255
 67488	39	39	59	111	114	14	0	255
 67533	39	39	59	111	114	16	0	255
 67578	39	39	59	111	114	14	0	255
 67624	39	39	59	111	114	14	0	255
 67669	39	39	59	111	114	16	0	255
 67715	39	39	59	111	114	14	0	255
 67760	39	39	59	111	114	14	0	255
 67805	39	39	59	111	114	14	0	255
 67851	39	39	59	111	114	14	0	255
 67896	39	39	59	111	114	14	0	255
 67941	39	39	59	111	114	13	0	255
 67987	39	39	59	111	114	14	0	255
 68032	39	39	59	111	114	13	0	255
 68077	39	39	59	111	114	13	0	255
 68123	39	39	59	111	114	13	0	255
 68168	39	39	59	111	114	13	0	255
 68213	39	39	59	111	114	13	0	255
 68259	39	39	59	111	114	13	0	255
 68304	39	39	59	111	114	14	0	255
 68349	39	39	59	111	114	13	0	255
 68395	39	39	59	111	114	13	0	255
 68440	39	39	59	111	114	13	0	255
 68490	39	39	59	111	114	13	0	255
 68531	39	39	59	111	114	13	0	255
 68576	39	39	59	111	114	12	0	255
 68667	39	39	59	111	114	12	0	255
 68712	39	39	59	111	114	13	0	255
 68758	39	39	59	111	114	13	0	255
 68803	39	39	59	111	114	13	0	255
 68848	39	39	59	111	114	12	0	255
 68894	39	39	59	111	114	13	0	255
 68939	39	39	59	111	114	13	0	255
 68984	39	39	59	111	114	13	0	255
 69030	39	39	59	111	114	13	0	255
 69075	39	39	59	111	114	12	0	255
 69120	39	39	59	111	114	12	0	255
 69166	39	39	59	111	114	13	0	255
 69211	39	39	59	111	114	13	0	255
 69257	39	39	59	111	114	12	0	255
 69302	39	39	59	111	114	12	0	255
 69347	39	39	59	111	114	13	0	255
 69393	39	39	59	111	114	12	0	255
 69438	39	39	59	111	114	13	0	255
 69483	39	39	59	111	114	13	0	255
 69532	39	39	59	111	114	12	0	255
 69574	39	39	59	111	114	13	0	255
 69619	39	39	59	111	114	13	0	255
 69665	39	39	59	111	114	12	0	255
 69755	39	39	59	111	114	13	0	255
 69801	39	39	59	111	114	13	0	255
 69846	39	39	59	111	114	12	0	255
 69892	39	39	59	111	114	13	0	255
 69937	39	39	59	111	114	12	0	255
 69982	39	39	59	111	114	12	0	255
 70028	39	39	59	111	114	12	0	255
 70118	39	39	59	111	114	13	0	255
 70164	39	39	59	110	114	13	0	255
 70209	39	39	59	110	114	13	0	255
 70257	39	39	59	110	114	12	0	255
 70300	39	39	59	110	114	13	0	255
 70345	39	39	59	110	114	13	0	255
 70390	39	39	59	110	114	13	0	255
 70436	39	39	59	110	114	13	0	255
 70481	39	39	59	110	114	13	0	255
 70526	39	39	59	110	114	13	0	255
 70572	39	39	59	110	114	13	0	255
 70663	39	39	59	110	114	14	0	255
 70708	39	39	59	110	114	13	0	255
 70799	39	39	59	110	114	13	0	255
 70844	39	39	59	110	114	13	0	255
 70889	39	39	59	110	114	14	0	255
 70935	39	39	59	110	114	13	0	255
 70980	39	39	58	110	114	13	0	255
 71025	39	39	59	110	114	13	0	255
 71071	39	39	58	110	114	13	0	255
 71120	39	39	59	110	114	13	0	255
 71166	39	39	58	110	114	13	0	255
 71207	39	39	58	110	114	13	0	255
 71252	39	39	58	110	114	13	0	255
 71297	39	39	59	110	114	13	0	255
 71343	39	39	58	110	114	14	0	255
 71388	39	39	58	110	114	13	0	255
 71434	39	39	58	110	114	13	0	255
 71479	39	39	58	110	114	13	0	255
 71524	39	39	58	110	114	13	0	255
 71570	39	39	58	110	114	13	0	255
 71615	39	39	58	110	114	14	0	255
 71660	39	39	58	110	114	14	0	255
 71706	39	39	58	110	114	14	0	255
 71751	39	39	58	110	114	12	0	255
 71796	39	39	58	110	114	14	0	255
 71842	39	39	58	110	114	14	0	255
 71887	39	39	58	110	114	14	0	255
 71932	39	39	58	110	114	13	0	255
 71978	39	39	58	110	114	13	0	255
 72023	39	39	58	110	114	14	0	255
 72069	39	39	58	110	114	13	0	255
 72114	39	39	58	110	114	14	0	255
 72159	39	39	58	110	114	14	0	255
 72205	39	39	58	110	114	14	0	255
 72250	39	39	58	110	114	13	0	255
 72295	39	39	58	110	114	13	0	255
 72341	39	39	58	110	114	14	0	255
 72386	39	39	58	110	114	14	0	255
 72431	39	39	58	110	114	14	0	255
 72477	39	39	58	110	114	13	0	255
 72522	39	39	58	110	114	14	0	255
 72567	39	39	58	110	114	13	0	255
 72613	39	39	58	110	114	14	0	255
 72658	39	39	58	110	114	13	0	255
 72703	39	39	58	110	114	14	0	255
 72749	39	39	58	110	114	14	0	255
 72794	39	39	58	110	114	13	0	255
 72840	39	39	58	110	113	13	0	255
 72885	39	39	58	110	113	14	0	255
 72930	39	39	58	110	113	13	0	255
 72976	39	39	58	110	113	14	0	255
 73025	39	39	58	110	113	13	0	255
 73066	39	39	58	110	113	13	0	255
 73112	39	39	58	110	113	13	0	255
 73157	39	39	58	110	113	13	0	255
 73202	39	39	58	110	113	13	0	255
 73248	39	39	58	110	113	13	0	255
 73338	39	39	58	110	113	12	0	255
 73384	39	39	58	110	113	13	0	255
 73474	39	39	58	110	113	13	0	255
 73520	39	39	58	110	113	13	0	255
 73565	39	39	58	110	113	13	0	255
 73611	39	39	58	110	113	13	0	255
 73656	39	39	58	110	113	13	0	255
 73701	39	39	58	110	113	13	0	255
 73747	39	39	58	110	113	13	0	255
 73792	39	39	58	110	113	13	0	255
 73837	39	39	58	110	113	13	0	255
 73883	39	39	58	110	113	13	0	255
 73928	39	39	58	110	113	14	0	255
 73973	39	39	58	110	113	13	0	255
 74019	39	39	58	110	113	12	0	255
 74064	39	39	58	110	113	12	0	255
 74109	39	39	58	110	113	13	0	255
 74155	39	39	58	110	113	13	0	255
 74200	39	39	58	110	113	13	0	255
 74245	39	39	58	110	113	12	0	255
 74291	39	39	58	110	113	12	0	255
 74336	39	39	58	110	113	12	0	255
 74381	39	39	58	110	113	12	0	255
 74427	39	39	58	110	113	12	0	255
 74472	39	39	58	110	113	12	0	255
 74518	39	39	58	110	113	13	0	255
 74563	39	39	58	110	113	13	0	255
 74666	39	39	58	110	113	13	0	255
 74711	39	39	58	110	113	13	0	255
 74756	39	39	58	110	113	13	0	255
 74802	39	39	58	110	113	13	0	255
 74847	39	39	58	110	113	12	0	255
 74892	39	39	58	110	113	12	0	255
 74938	39	39	58	110	113	12	0	255
 74983	39	39	58	110	113	13	0	255
 75029	39	39	58	110	113	12	0	255
 75074	39	39	58	110	113	13	0	255
 75165	39	39	58	110	113	12	0	255
 75210	39	39	58	110	113	13	0	255
 75255	39	39	58	110	113	12	0	255
 75301	39	39	58	110	113	13	0	255
 75346	39	39	58	110	113	12	0	255
 75391	39	39	58	110	113	12	0	255
 75437	39	39	58	110	113	13	0	255
 75482	39	39	58	110	113	12	0	255
 75527	39	39	58	110	113	12	0	255
 75573	39	39	58	110	113	12	0	255
 75618	39	39	58	110	113	11	0	255
 75663	39	39	58	110	113	12	0	255
 75754	39	39	58	110	113	12	0	255
 75799	39	38	58	110	113	12	0	255
 75845	39	39	58	110	113	12	0	255
 75890	39	38	58	110	113	12	0	255
 75936	39	39	58	110	113	12	0	255
 75981	39	39	58	110	113	12	0	255
 76072	39	39	58	110	113	12	0	255
 76117	39	39	58	110	113	12	0	255
 76162	39	38	58	110	113	12	0	255
 76208	39	38	58	109	113	11	0	255
 76253	39	39	58	109	113	11	0	255
 76298	39	39	58	109	113	12	0	255
 76344	39	38	58	109	113	12	0	255
 76389	39	38	58	109	113	12	0	255
 76434	39	39	58	109	113	12	0	255
 76480	39	38	58	109	113	11	0	255
 76525	39	38	58	109	113	11	0	255
 76574	39	38	58	109	113	12	0	255
 76616	39	38	58	109	113	11	0	255
 76661	39	39	58	109	113	12	0	255
 76707	39	39	58	109	113	11	0	255
 76752	39	39	58	109	113	11	0	255
 76797	39	38	58	109	113	11	0	255
 76843	39	39	58	109	113	12	0	255
 76888	39	38	58	109	113	12	0	255
 76933	39	39	58	109	113	11	0	255
 76979	39	39	58	109	113	12	0	255
 77024	39	39	58	109	113	12	0	255
 77069	39	39	58	109	113	11	0	255
 77115	39	38	58	109	113	12	0	255
 77160	39	38	58	109	113	12	0	255
 77205	39	38	58	109	113	11	0	255
 77251	39	38	58	109	113	11	0	255
 77296	39	38	58	109	113	11	0	255
 77342	39	38	58	109	113	11	0	255
 77387	39	38	58	109	113	10	0	255
 77432	39	38	58	109	113	12	0	255
 77482	39	38	58	109	113	12	0	255
 77532	39	38	58	109	113	11	0	255
 77577	39	38	58	109	113	11	0	255
 77623	39	38	58	109	113	11	0	255
 77668	39	38	58	109	113	11	0	255
 77759	39	38	58	109	113	11	0	255
 77804	39	38	58	109	113	11	0	255
 77849	39	38	58	109	113	11	0	255
 77895	39	38	58	109	113	11	0	255
 77940	39	38	58	109	113	11	0	255
 77986	39	38	58	109	113	11	0	255
 78080	39	38	58	109	113	11	0	255
 78126	39	38	58	109	113	11	0	255
 78171	39	38	58	109	113	11	0	255
 78216	39	38	58	109	113	11	0	255
 78262	39	38	58	109	113	11	0	255
 78307	39	38	58	109	113	11	0	255
 78352	39	38	58	109	113	11	0	255
 78398	39	38	58	109	113	11	0	255
 78443	39	38	58	109	113	11	0	255
 78488	39	38	58	109	113	11	0	255
 78534	39	38	58	109	113	10	0	255
 78579	39	38	58	109	113	11	0	255
 78624	39	38	58	109	113	10	0	255
 78670	39	38	58	109	113	11	0	255
 78715	39	38	58	109	113	11	0	255
 78760	39	38	58	109	113	11	0	255
 78806	39	38	58	109	113	10	0	255
 78851	39	38	58	109	113	11	0	255
 78897	39	38	58	109	113	10	0	255
 78942	39	38	58	109	113	11	0	255
 78987	39	38	58	109	113	11	0	255
 79033	39	38	58	109	113	11	0	255
 79078	39	38	58	109	113	11	0	255
 79123	39	38	58	109	113	11	0	255
 79169	39	38	58	109	113	10	0	255
 79214	39	38	58	109	113	11	0	255
 79259	39	38	58	109	113	10	0	255
 79305	39	38	58	109	113	11	0	255
 79350	39	38	58	109	113	10	0	255
 79395	39	38	58	109	113	11	0	255
 79441	39	38	58	109	113	10	0	255
 79486	39	38	58	109	113	11	0	255
 79531	39	38	58	109	113	11	0	255
 79577	39	38	58	109	113	11	0	255
 79622	39	38	58	109	113	10	0	255
 79668	39	38	58	109	113	11	0	255
 79713	39	38	58	109	113	11	0	255
 79758	39	38	58	109	113	10	0	255
 79804	39	38	58	109	113	11	0	255
 79849	39	38	58	109	113	11	0	255
 79895	39	38	58	109	113	11	0	255
 79940	39	38	58	109	113	10	0	255
 79985	39	38	58	109	113	10	0	255
 80030	39	38	58	109	113	11	0	255
 80079	39	38	58	109	113	11	0	255
 80121	39	38	58	109	113	10	0	255
 80166	39	38	58	109	113	10	0	255
 80212	39	38	58	109	113	10	0	255
 80257	39	38	58	109	113	11	0	255
 80302	39	38	58	109	113	11	0	255
 80393	39	38	58	109	113	10	0	255
 80438	39	38	58	109	113	10	0	255
 80484	39	38	58	109	113	10	0	255
 80530	39	38	58	109	113	10	0	255
 80575	39	38	58	109	113	10	0	255
 80620	39	38	58	109	113	11	0	255
 80665	39	38	58	109	113	10	0	255
 80711	39	38	58	109	113	10	0	255
 80756	39	38	58	109	113	10	0	255
 80801	39	38	57	109	113	10	0	255
 80847	39	38	57	109	113	8	0	255
 80892	39	38	57	109	113	10	0	255
 80937	39	38	58	109	113	10	0	255
 80983	39	38	57	109	113	11	0	255
 81028	39	38	57	109	113	10	0	255
 81119	39	38	58	109	113	10	0	255
 81164	39	38	57	109	113	10	0	255
 81210	39	38	57	109	113	10	0	255
 81255	39	38	57	109	113	8	0	255
 81300	39	38	57	109	113	10	0	255
 81346	39	38	57	109	113	10	0	255
 81391	39	38	57	109	113	10	0	255
 81436	39	38	57	109	113	10	0	255
 81482	39	38	57	109	113	10	0	255
 81527	39	38	57	109	113	10	0	255
 81572	39	38	57	109	113	8	0	255
 81618	39	38	57	109	113	10	0	255
 81666	39	38	57	109	113	10	0	255
 81708	39	38	57	109	113	10	0	255
 81754	39	38	57	109	113	10	0	255
 81799	39	38	57	109	113	10	0	255
 81844	39	38	57	109	113	10	0	255
 81890	39	38	57	109	112	10	0	255
 81935	39	38	57	109	112	10	0	255
 81981	39	38	57	109	112	8	0	255
 82026	39	38	57	109	112	8	0	255
 82071	39	38	57	109	112	10	0	255
 82117	39	38	57	109	112	8	0	255
 82162	39	38	57	109	112	10	0	255
 82207	39	38	57	109	113	10	0	255
 82253	39	38	57	109	112	10	0	255
 82298	39	38	57	109	112	8	0	255
 82343	39	38	57	109	112	10	0	255
 82389	39	38	57	109	112	10	0	255
 82434	39	38	57	109	112	10	0	255
 82479	39	38	57	108	112	10	0	255
 82525	39	38	57	108	112	10	0	255
 82570	39	38	57	109	112	10	0	255
 82615	39	38	57	108	112	8	0	255
 82661	39	38	57	108	112	10	0	255
 82706	39	38	57	108	112	10	0	255
 82752	39	38	57	108	112	10	0	255
 82797	39	38	57	108	112	10	0	255
 82842	39	38	57	108	112	10	0	255
 82888	39	38	57	108	112	10	0	255
 82933	39	38	57	108	112	10	0	255
 82978	39	38	57	108	112	11	0	255
 83024	39	38	57	108	112	10	0	255
 83069	39	38	57	108	112	10	0	255
 83114	39	38	57	108	112	10	0	255
 83160	39	38	57	108	112	10	0	255
 83205	39	38	57	108	112	10	0	255
 83250	39	38	57	108	112	10	0	255
 83296	39	38	57	108	112	10	0	255
 83341	39	38	57	108	112	11	0	255
 83386	39	38	57	108	112	10	0	255
 83432	39	38	57	108	112	11	0	255
 83477	39	38	57	108	112	10	0	255
 83523	39	38	57	108	112	10	0	255
 83568	39	38	57	108	112	10	0	255
 83613	39	38	57	108	112	10	0	255
 83659	39	38	57	108	112	8	0	255
 83704	39	38	57	108	112	11	0	255
 83749	39	38	57	108	112	10	0	255
 83795	39	38	57	108	112	11	0	255
 83840	39	38	57	108	112	10	0	255
 83885	39	38	57	108	112	11	0	255
 83931	39	38	57	108	112	10	0	255
 83976	39	38	57	108	112	10	0	255
 84021	39	38	57	108	112	10	0	255
 84067	39	38	57	108	112	10	0	255
 84112	39	38	57	108	112	11	0	255
 84157	39	38	57	108	112	10	0	255
 84248	39	38	57	108	112	10	0	255
 84294	39	38	57	108	112	10	0	255
 84339	39	38	57	108	112	10	0	255
 84384	39	38	57	108	112	10	0	255
 84430	39	38	57	108	112	10	0	255
 84475	39	38	57	108	112	11	0	255
 84520	39	38	57	108	112	11	0	255
 84566	39	38	57	108	112	10	0	255
 84656	39	38	57	108	112	11	0	255
 84702	39	38	57	108	112	10	0	255
 84747	39	38	57	108	112	10	0	255
 84792	39	38	57	108	112	10	0	255
 84838	39	38	57	108	112	11	0	255
 84883	39	38	57	108	112	10	0	255
 84928	39	38	57	108	112	10	0	255
 84974	39	38	57	108	112	10	0	255
 85019	39	38	57	108	112	10	0	255
 85064	39	38	57	108	112	10	0	255
 85110	39	38	57	108	112	10	0	255
 85155	39	38	57	108	112	10	0	255
 85200	39	38	57	108	112	8	0	255
 85246	39	38	57	108	112	10	0	255
 85291	39	38	57	108	112	10	0	255
 85337	39	38	57	108	112	10	0	255
 85382	39	38	57	108	112	10	0	255
 85427	39	38	57	108	112	8	0	255
 85476	39	38	57	108	112	10	0	255
 85518	39	38	57	108	112	10	0	255
 85563	39	38	56	108	112	10	0	255
 85609	39	38	56	108	112	10	0	255
 85654	39	38	55	108	112	10	0	255
 85699	39	38	55	108	112	10	0	255
 85745	39	38	54	108	112	8	0	255
 85790	39	38	54	108	112	10	0	255
 85835	39	38	54	108	112	10	0	255
 85881	39	38	53	108	112	10	0	255
 85926	39	38	53	108	112	10	0	255
 85975	39	38	53	108	112	10	0	255
 86017	39	38	53	108	112	10	0	255
 86062	39	38	53	107	112	8	0	255
 86108	39	38	53	107	112	10	0	255
 86153	39	38	53	107	112	8	0	255
 86198	39	38	53	107	112	10	0	255
 86244	39	38	52	107	112	8	0	255
 86289	39	38	52	107	112	10	0	255
 86334	39	38	52	107	112	8	0	255
 86380	39	38	52	107	112	8	0	255
