HomeCentral
 Falkenstrasse 20
 8630 Rueti
 Datum: 28.09.14 00:00
 
 Startzeit: 2014-09-28 00:00:37 +0100
 82	55	54	91	149	160	24	0	255
 128	55	54	91	149	160	25	0	255
 173	55	54	91	149	160	25	0	255
 218	55	54	91	149	160	24	0	255
 264	55	54	91	149	160	25	0	255
 309	55	54	91	149	160	25	0	255
 354	55	54	91	149	160	24	0	255
 400	55	54	91	149	160	25	0	255
 445	55	54	91	149	160	24	0	255
 491	55	54	91	149	160	24	0	255
 536	55	54	91	149	160	24	0	255
 581	54	54	91	149	160	25	0	255
 627	54	54	91	149	160	25	0	255
 672	54	54	91	149	160	25	0	255
 717	54	54	91	149	160	25	0	255
 763	54	54	91	149	160	24	0	255
 808	54	54	91	149	160	25	0	255
 899	54	54	91	149	160	24	0	255
 944	54	54	91	149	160	25	0	255
 990	54	54	91	149	160	25	0	255
 1035	54	54	91	149	160	24	0	255
 1081	54	54	91	149	160	24	0	255
 1126	54	54	91	149	160	25	0	255
 1171	54	54	91	149	160	24	0	255
 1216	54	54	91	149	160	24	0	255
 1262	54	54	91	149	160	24	0	255
 1307	54	53	91	149	160	25	0	255
 1352	54	53	91	149	160	24	0	255
 1398	54	54	90	149	160	25	0	255
 1443	54	54	90	149	160	24	0	255
 1488	54	53	90	149	160	24	0	255
 1534	54	53	90	149	160	23	0	255
 1579	54	53	90	149	160	24	0	255
 1624	54	53	90	149	160	23	0	255
 1670	54	54	90	149	160	25	0	255
 1715	54	53	90	149	160	24	0	255
 1760	54	54	90	149	160	25	0	255
 1806	54	53	90	149	160	24	0	255
 1851	54	53	90	149	160	24	0	255
 1896	54	53	90	149	160	24	0	255
 1942	54	53	90	149	160	23	0	255
 1987	54	53	90	149	160	24	0	255
 2033	54	53	90	149	160	23	0	255
 2078	54	53	90	149	160	24	0	255
 2123	54	53	90	149	160	24	0	255
 2169	54	53	90	149	160	24	0	255
 2214	54	53	90	149	160	23	0	255
 2259	54	53	90	149	160	23	0	255
 2305	54	53	90	149	160	24	0	255
 2350	54	53	90	149	160	25	0	255
 2395	54	53	90	149	160	24	0	255
 2441	54	53	90	149	160	24	0	255
 2535	54	53	90	149	160	24	0	255
 2577	54	53	90	149	160	24	0	255
 2622	54	53	90	149	160	24	0	255
 2667	54	53	90	149	160	24	0	255
 2713	54	53	90	149	160	23	0	255
 2758	54	53	90	149	160	23	0	255
 2804	54	53	90	149	160	24	0	255
 2849	54	53	90	149	160	24	0	255
 2894	54	53	90	149	160	23	0	255
 2940	54	53	90	149	160	24	0	255
 2985	54	53	90	149	160	23	0	255
 3030	54	53	90	149	160	24	0	255
 3076	54	53	90	149	159	23	0	255
 3121	54	53	90	149	160	23	0	255
 3166	54	53	90	148	159	23	0	255
 3212	54	53	90	148	160	23	0	255
 3257	54	53	90	148	159	22	0	255
 3302	54	53	90	148	159	24	0	255
 3348	54	53	90	148	159	23	0	255
 3393	54	53	90	148	159	23	0	255
 3438	54	53	90	148	159	23	0	255
 3484	54	53	90	148	159	24	0	255
 3529	54	53	90	148	159	24	0	255
 3575	54	53	90	148	159	23	0	255
 3666	54	53	90	148	159	23	0	255
 3711	54	53	90	148	159	23	0	255
 3756	54	53	90	148	159	23	0	255
 3802	54	53	90	148	159	23	0	255
 3847	54	53	90	148	159	23	0	255
 3892	54	53	90	148	159	23	0	255
 3937	54	53	90	148	159	24	0	255
 3983	54	53	90	148	159	24	0	255
 4028	54	53	90	148	159	24	0	255
 4073	54	53	89	148	159	23	0	255
 4119	54	53	89	148	159	23	0	255
 4164	54	53	89	148	159	23	0	255
 4209	54	53	89	148	159	23	0	255
 4255	54	53	89	148	159	23	0	255
 4300	54	53	89	148	159	23	0	255
 4346	54	53	89	148	159	23	0	255
 4391	54	53	89	148	159	24	0	255
 4436	54	53	89	148	159	23	0	255
 4482	54	53	89	148	159	24	0	255
 4528	54	53	89	148	159	23	0	255
 4572	54	53	89	148	159	23	0	255
 4618	54	53	89	148	159	23	0	255
 4663	54	53	89	148	159	23	0	255
 4708	54	53	89	148	159	23	0	255
 4754	54	53	89	148	159	23	0	255
 4799	54	53	89	148	159	23	0	255
 4844	54	53	89	148	159	23	0	255
 4890	54	53	89	148	159	23	0	255
 4935	54	53	89	148	159	23	0	255
 4980	54	53	89	148	159	24	0	255
 5028	54	53	89	148	159	23	0	255
 5071	54	53	89	148	159	23	0	255
 5140	54	53	89	148	159	23	0	255
 5168	54	53	89	148	159	23	0	255
 5207	54	53	89	148	159	23	0	255
 5253	54	53	89	148	159	23	0	255
 5298	54	53	89	148	159	23	0	255
 5343	54	53	89	148	159	24	0	255
 5389	54	53	89	148	159	24	0	255
 5434	54	53	89	148	159	23	0	255
 5479	54	53	89	148	159	23	0	255
 5525	54	53	89	148	159	23	0	255
 5570	54	53	89	148	159	23	0	255
 5615	54	53	89	148	159	23	0	255
 5661	54	53	89	148	159	23	0	255
 5706	54	53	89	148	159	23	0	255
 5751	54	53	89	148	159	23	0	255
 5797	54	53	89	148	159	23	0	255
 5842	54	53	89	148	159	23	0	255
 5887	54	53	89	148	159	23	0	255
 5933	54	53	89	148	159	23	0	255
 5978	54	53	89	148	159	22	0	255
 6024	54	53	89	148	159	23	0	255
 6069	54	53	89	148	159	23	0	255
 6114	54	53	89	148	159	22	0	255
 6160	54	53	89	148	159	22	0	255
 6205	54	53	89	148	159	22	0	255
 6250	54	53	89	148	159	23	0	255
 6296	54	53	89	148	159	23	0	255
 6386	54	53	89	148	159	22	0	255
 6432	54	53	89	148	159	22	0	255
 6477	54	53	89	148	159	22	0	255
 6522	54	53	89	148	159	22	0	255
 6568	54	53	89	148	159	22	0	255
 6613	54	53	89	148	159	22	0	255
 6658	54	53	89	148	159	22	0	255
 6704	54	53	89	148	159	22	0	255
 6749	54	53	89	148	159	23	0	255
 6794	54	53	89	148	159	22	0	255
 6840	54	53	89	148	159	22	0	255
 6885	54	53	89	148	159	22	0	255
 6931	54	53	88	148	159	22	0	255
 6976	54	53	88	148	159	20	0	255
 7021	54	53	88	148	159	22	0	255
 7067	54	53	88	148	159	22	0	255
 7112	54	53	88	148	159	22	0	255
 7157	54	53	88	148	159	22	0	255
 7203	54	53	88	148	159	22	0	255
 7248	54	53	88	148	159	22	0	255
 7293	54	53	88	148	159	22	0	255
 7339	54	53	88	148	159	20	0	255
 7384	54	53	88	148	159	22	0	255
 7429	54	53	88	148	159	22	0	255
 7475	54	53	88	148	159	22	0	255
 7520	54	53	88	148	159	22	0	255
 7565	54	53	88	148	159	22	0	255
 7611	54	53	88	148	158	22	0	255
 7656	54	53	88	148	158	22	0	255
 7702	54	53	88	148	158	22	0	255
 7747	54	53	88	148	158	20	0	255
 7792	54	53	88	148	158	22	0	255
 7838	54	53	88	148	158	20	0	255
 7883	54	53	88	148	158	22	0	255
 7928	54	53	88	148	158	22	0	255
 7974	54	53	88	148	158	22	0	255
 8019	54	53	88	148	158	22	0	255
 8064	54	53	88	148	158	20	0	255
 8110	54	53	88	148	158	22	0	255
 8155	54	53	88	148	158	20	0	255
 8200	54	53	88	148	158	22	0	255
 8246	54	53	88	148	158	20	0	255
 8291	54	53	88	148	158	20	0	255
 8336	54	53	88	148	158	20	0	255
 8382	54	53	88	148	158	22	0	255
 8428	54	53	88	148	158	22	0	255
 8473	54	53	88	148	158	22	0	255
 8518	54	53	88	148	158	22	0	255
 8563	54	53	88	148	158	20	0	255
 8609	54	53	88	148	158	22	0	255
 8654	54	53	88	148	158	20	0	255
 8699	54	53	88	148	158	20	0	255
 8745	54	53	88	148	158	22	0	255
 8790	54	53	88	148	158	20	0	255
 8835	54	53	88	148	158	20	0	255
 8881	54	53	88	148	158	22	0	255
 8926	54	53	88	148	158	22	0	255
 8971	54	53	88	148	158	22	0	255
 9017	54	53	88	148	158	20	0	255
 9062	54	53	88	148	158	20	0	255
 9107	54	53	88	148	158	22	0	255
 9153	54	53	88	148	158	20	0	255
 9198	54	53	88	148	158	20	0	255
 9244	54	53	88	148	158	20	0	255
 9289	54	53	88	148	158	20	0	255
 9335	54	53	88	148	158	20	0	255
 9380	54	53	88	148	158	20	0	255
 9425	54	53	88	148	158	20	0	255
 9470	54	53	88	148	158	20	0	255
 9516	54	53	88	148	158	20	0	255
 9561	54	53	88	148	158	20	0	255
 9606	54	53	88	148	158	20	0	255
 9652	54	53	88	148	158	20	0	255
 9697	54	53	88	148	158	20	0	255
 9742	54	53	88	148	158	22	0	255
 9788	54	53	87	148	158	20	0	255
 9833	54	53	87	148	158	20	0	255
 9878	54	53	87	148	158	20	0	255
 9924	54	53	87	148	158	20	0	255
 9970	54	53	87	148	158	20	0	255
 10015	54	53	87	148	158	20	0	255
 10060	54	53	87	148	158	19	0	255
 10105	54	53	87	148	158	22	0	255
 10151	54	53	87	148	158	20	0	255
 10196	54	53	87	148	158	20	0	255
 10241	54	53	87	148	158	20	0	255
 10287	54	53	87	148	158	20	0	255
 10332	54	53	87	148	158	20	0	255
 10377	54	53	87	148	158	20	0	255
 10423	54	53	87	148	158	20	0	255
 10468	54	53	87	148	158	20	0	255
 10513	54	53	87	148	158	20	0	255
 10559	54	53	87	148	158	20	0	255
 10604	54	53	87	148	158	20	0	255
 10649	54	53	87	148	158	20	0	255
 10695	54	53	87	148	158	20	0	255
 10740	54	53	87	148	158	20	0	255
 10786	54	53	87	148	158	19	0	255
 10831	54	53	87	148	158	20	0	255
 10876	54	53	87	148	158	20	0	255
 10922	54	53	87	148	158	20	0	255
 10967	54	53	87	148	158	20	0	255
 11013	54	53	87	148	158	20	0	255
 11058	54	53	87	148	158	19	0	255
 11103	54	53	87	148	158	20	0	255
 11148	54	53	87	148	158	20	0	255
 11194	54	53	87	148	158	20	0	255
 11239	54	53	87	148	158	20	0	255
 11284	54	53	87	148	158	22	0	255
 11330	54	53	87	148	158	20	0	255
 11375	54	53	87	148	158	20	0	255
 11421	54	53	87	148	158	20	0	255
 11466	54	53	87	148	158	20	0	255
 11511	54	53	87	148	158	19	0	255
 11557	53	53	87	148	158	20	0	255
 11602	54	53	87	148	158	19	0	255
 11647	54	53	87	148	158	19	0	255
 11693	54	53	87	148	158	20	0	255
 11738	53	53	87	148	158	20	0	255
 11783	54	53	87	148	158	19	0	255
 11829	53	53	87	148	158	19	0	255
 11874	53	53	87	148	158	20	0	255
 11919	54	53	87	148	158	20	0	255
 11965	53	53	87	148	158	20	0	255
 12010	54	52	87	148	158	20	0	255
 12055	53	53	87	147	158	20	0	255
 12101	53	53	87	148	157	19	0	255
 12147	53	52	87	148	158	19	0	255
 12192	53	53	87	147	157	19	0	255
 12237	54	52	87	147	157	19	0	255
 12282	53	52	87	147	157	19	0	255
 12328	53	52	87	147	157	19	0	255
 12373	53	52	87	147	157	19	0	255
 12419	54	52	87	147	157	19	0	255
 12464	53	52	87	147	157	19	0	255
 12509	53	52	87	147	157	20	0	255
 12554	53	52	87	147	157	19	0	255
 12600	53	52	87	147	157	19	0	255
 12645	53	52	87	147	157	20	0	255
 12690	53	52	87	147	157	20	0	255
 12736	53	52	87	147	157	19	0	255
 12781	53	52	87	147	157	19	0	255
 12826	53	52	87	147	157	19	0	255
 12872	53	52	87	147	157	19	0	255
 12917	53	52	87	147	157	20	0	255
 12963	53	52	87	147	157	19	0	255
 13008	53	52	86	147	157	19	0	255
 13053	53	52	86	147	157	19	0	255
 13099	53	52	86	147	157	19	0	255
 13144	53	52	86	147	157	19	0	255
 13189	53	52	86	147	157	19	0	255
 13235	53	52	86	147	157	19	0	255
 13280	53	52	86	147	157	19	0	255
 13325	53	52	86	147	157	19	0	255
 13371	53	52	86	147	157	19	0	255
 13416	53	52	86	147	157	19	0	255
 13461	53	52	86	147	157	19	0	255
 13507	53	52	86	147	157	19	0	255
 13552	53	52	86	147	157	19	0	255
 13597	53	52	86	147	157	20	0	255
 13643	53	52	86	147	157	19	0	255
 13688	53	52	86	147	157	19	0	255
 13734	53	52	86	147	157	19	0	255
 13779	53	52	86	147	157	18	0	255
 13824	53	52	86	147	157	19	0	255
 13870	53	52	86	147	157	19	0	255
 13915	53	52	86	147	157	19	0	255
 13960	53	52	86	147	157	19	0	255
 14006	53	52	86	147	157	19	0	255
 14051	53	52	86	147	157	19	0	255
 14096	53	52	86	147	157	19	0	255
 14142	53	52	86	147	157	19	0	255
 14187	53	52	86	147	157	19	0	255
 14232	53	52	86	147	157	19	0	255
 14278	53	52	86	147	157	19	0	255
 14323	53	52	86	147	157	19	0	255
 14368	53	52	86	147	157	18	0	255
 14414	53	52	86	147	157	18	0	255
 14459	53	52	86	147	157	19	0	255
 14504	53	52	86	147	157	19	0	255
 14550	53	52	86	147	157	18	0	255
 14595	53	52	86	147	157	18	0	255
 14641	53	52	86	147	157	18	0	255
 14686	53	52	86	147	157	19	0	255
 14731	53	52	86	147	157	18	0	255
 14777	53	52	86	147	157	19	0	255
 14822	53	52	86	147	157	19	0	255
 14867	53	52	86	147	157	18	0	255
 14913	53	52	86	147	157	18	0	255
 14958	53	52	86	147	157	18	0	255
 15003	53	52	86	147	157	19	0	255
 15049	53	52	86	147	157	18	0	255
 15094	53	52	86	147	157	18	0	255
 15139	53	52	86	147	157	18	0	255
 15185	53	52	86	147	157	18	0	255
 15230	53	52	86	147	157	18	0	255
 15275	53	52	86	147	157	19	0	255
 15321	53	52	86	147	157	18	0	255
 15366	53	52	86	147	157	18	0	255
 15412	53	52	86	147	157	18	0	255
 15457	53	52	86	147	157	18	0	255
 15502	53	52	86	147	157	18	0	255
 15548	53	52	86	147	157	18	0	255
 15593	53	52	86	147	157	18	0	255
 15638	53	52	86	147	157	18	0	255
 15684	53	52	86	147	157	18	0	255
 15729	53	52	86	147	157	18	0	255
 15774	53	52	86	147	157	18	0	255
 15821	53	52	86	147	157	18	0	255
 15865	53	52	86	147	157	18	0	255
 15910	53	52	86	147	157	18	0	255
 15956	53	52	86	147	157	18	0	255
 16004	53	52	86	147	157	18	0	255
 16047	53	52	86	147	157	18	0	255
 16092	53	52	86	147	157	18	0	255
 16137	53	52	86	147	157	18	0	255
 16183	53	52	85	147	157	18	0	255
 16228	53	52	86	147	157	18	0	255
 16273	53	52	85	147	157	18	0	255
 16319	53	52	85	147	157	17	0	255
 16364	53	52	85	147	157	18	0	255
 16409	53	52	85	147	157	18	0	255
 16455	53	52	85	147	157	18	0	255
 16500	53	52	85	147	157	18	0	255
 16545	53	52	85	147	156	18	0	255
 16591	53	52	85	147	156	18	0	255
 16636	53	52	85	147	156	18	0	255
 16681	53	52	85	147	156	17	0	255
 16730	53	52	85	147	156	18	0	255
 16772	53	52	85	147	156	18	0	255
 16818	53	52	85	147	156	18	0	255
 16863	53	52	85	147	156	17	0	255
 16908	53	52	85	147	156	18	0	255
 16954	53	52	85	147	156	17	0	255
 16999	53	52	85	147	156	17	0	255
 17044	53	52	85	147	156	18	0	255
 17090	53	52	85	147	156	18	0	255
 17135	53	52	85	147	156	18	0	255
 17180	53	52	85	147	156	17	0	255
 17226	53	52	85	147	156	18	0	255
 17271	53	52	85	147	156	18	0	255
 17316	53	52	85	147	156	18	0	255
 17362	53	52	85	147	156	18	0	255
 17408	53	52	85	147	156	18	0	255
 17452	53	52	85	147	156	17	0	255
 17498	53	52	85	147	156	18	0	255
 17543	53	52	85	147	156	18	0	255
 17588	53	52	85	147	156	17	0	255
 17634	53	52	85	147	156	18	0	255
 17679	53	52	85	147	156	18	0	255
 17725	53	52	85	147	156	18	0	255
 17770	53	52	85	147	156	18	0	255
 17816	53	52	85	147	156	18	0	255
 17861	53	52	85	147	156	17	0	255
 17906	53	52	85	147	156	18	0	255
 17951	53	52	85	147	156	17	0	255
 17997	53	52	85	147	156	18	0	255
 18042	53	52	85	147	156	18	0	255
 18087	53	52	85	147	156	17	0	255
 18133	53	52	85	147	156	18	0	255
 18178	53	52	85	147	156	17	0	255
 18224	53	52	85	147	156	18	0	255
 18269	53	52	85	147	156	18	0	255
 18314	53	52	85	147	156	18	0	255
 18360	53	52	85	147	156	17	0	255
 18405	53	52	85	147	156	17	0	255
 18450	53	52	85	147	156	18	0	255
 18496	53	52	85	147	156	18	0	255
 18541	53	52	85	147	156	18	0	255
 18586	53	52	85	147	156	17	0	255
 18632	53	52	85	147	156	18	0	255
 18677	53	52	85	147	156	18	0	255
 18722	53	52	85	147	156	17	0	255
 18768	53	52	85	147	156	17	0	255
 18813	53	52	85	147	156	17	0	255
 18858	53	52	85	147	156	18	0	255
 18905	53	52	85	147	156	18	0	255
 18949	53	52	85	147	156	17	0	255
 18994	53	52	85	147	156	18	0	255
 19040	53	52	85	147	156	17	0	255
 19085	53	52	85	147	156	18	0	255
 19131	53	52	85	147	156	17	0	255
 19176	53	52	85	147	156	17	0	255
 19221	53	52	85	147	156	17	0	255
 19267	53	52	85	147	156	17	0	255
 19312	53	52	85	147	156	17	0	255
 19403	53	52	85	147	156	17	0	255
 19448	53	52	84	147	156	17	0	255
 19493	53	52	84	147	156	17	0	255
 19539	53	52	84	147	156	17	0	255
 19584	53	52	85	147	156	17	0	255
 19629	53	52	84	147	156	17	0	255
 19675	53	52	84	147	156	17	0	255
 19720	53	52	84	147	156	17	0	255
 19765	53	52	84	147	156	17	0	255
 19811	53	52	84	147	156	17	0	255
 19856	53	52	84	147	156	17	0	255
 19901	53	52	84	147	156	17	0	255
 19947	53	52	84	147	156	17	0	255
 19992	53	52	84	147	156	17	0	255
 20038	53	52	84	147	156	17	0	255
 20083	53	52	84	147	156	17	0	255
 20128	53	52	84	147	156	17	0	255
 20174	53	52	84	147	156	17	0	255
 20219	53	52	84	147	156	17	0	255
 20264	53	52	84	147	156	17	0	255
 20310	53	52	84	147	156	17	0	255
 20355	53	52	84	147	156	17	0	255
 20400	53	52	84	147	156	16	0	255
 20446	53	52	84	147	156	16	0	255
 20491	53	52	84	147	156	17	0	255
 20536	53	52	84	147	156	17	0	255
 20582	53	52	84	147	156	17	0	255
 20627	53	52	84	147	156	17	0	255
 20673	53	52	84	147	156	17	0	255
 20718	53	52	84	147	156	16	0	255
 20763	53	52	84	147	156	16	0	255
 20809	53	52	84	147	156	16	0	255
 20854	53	52	84	147	156	17	0	255
 20899	53	52	84	147	156	17	0	255
 20945	53	52	84	147	156	16	0	255
 20990	53	52	84	147	155	17	0	255
 21035	53	52	84	147	155	16	0	255
 21081	53	52	84	146	155	17	0	255
 21127	53	52	84	146	155	17	0	255
 21171	53	52	84	147	155	17	0	255
 21217	53	52	84	146	155	17	0	255
 21262	53	52	84	146	155	16	0	255
 21307	53	52	84	146	155	17	0	255
 21353	53	52	84	146	155	16	0	255
 21398	53	52	84	146	155	16	0	255
 21489	53	52	84	146	155	17	0	255
 21534	53	52	84	146	155	17	0	255
 21580	53	52	84	146	155	16	0	255
 21625	53	52	84	146	155	17	0	255
 21670	53	52	84	146	155	17	0	255
 21716	53	52	84	146	155	17	0	255
 21761	53	52	84	146	155	16	0	255
 21806	53	52	84	146	155	16	0	255
 21852	53	52	84	146	155	17	0	255
 21897	53	52	84	146	155	17	0	255
 21942	53	52	84	146	155	17	0	255
 21988	53	52	84	146	155	17	0	255
 22033	53	52	84	146	155	16	0	255
 22078	53	52	84	146	155	16	0	255
 22124	53	52	84	146	155	16	0	255
 22169	53	52	84	146	155	17	0	255
 22214	53	52	84	146	155	17	0	255
 22260	53	52	84	146	155	16	0	255
 22305	53	52	84	146	155	16	0	255
 22351	53	52	84	146	155	16	0	255
 22396	53	52	84	146	155	16	0	255
 22441	53	52	84	146	155	16	0	255
 22487	53	52	84	146	155	16	0	255
 22532	53	52	84	146	155	16	0	255
 22577	53	52	84	146	155	16	0	255
 22623	53	52	84	146	155	17	0	255
 22668	53	52	84	146	155	16	0	255
 22713	53	52	84	146	155	17	0	255
 22759	53	52	84	146	155	17	0	255
 22804	53	52	84	146	155	17	0	255
 22849	53	52	84	146	155	16	0	255
 22895	53	52	84	146	155	16	0	255
 22940	53	52	84	146	155	16	0	255
 22985	53	52	84	146	155	17	0	255
 23031	53	52	83	146	155	16	0	255
 23076	53	52	83	146	155	17	0	255
 23122	53	52	83	146	155	17	0	255
 23182	53	52	83	146	155	16	0	255
 23212	53	52	83	146	155	17	0	255
 23258	53	52	83	146	155	16	0	255
 23303	53	52	83	146	155	16	0	255
 23348	53	52	83	146	155	17	0	255
 23394	53	52	83	146	155	16	0	255
 23440	53	52	83	146	155	17	0	255
 23484	53	52	83	146	155	16	0	255
 23530	53	52	83	146	155	17	0	255
 23575	53	52	83	146	155	16	0	255
 23620	53	52	83	146	155	17	0	255
 23666	53	52	83	146	155	17	0	255
 23711	53	52	83	146	155	17	0	255
 23756	53	52	83	146	155	16	0	255
 23806	53	52	83	146	155	17	0	255
 23847	53	51	83	146	155	17	0	255
 23893	53	52	83	146	155	16	0	255
 23938	53	52	83	146	155	16	0	255
 23983	53	52	83	146	155	16	0	255
 24029	53	51	83	146	155	17	0	255
 24074	53	52	83	146	155	17	0	255
 24119	53	51	83	146	155	16	0	255
 24165	53	51	83	146	155	16	0	255
 24210	53	52	83	146	155	16	0	255
 24255	53	51	83	146	155	16	0	255
 24301	53	51	83	146	155	16	0	255
 24346	53	51	83	146	155	16	0	255
 24391	53	51	83	146	155	17	0	255
 24437	53	52	83	146	155	16	0	255
 24482	53	51	83	146	155	16	0	255
 24527	53	51	83	146	155	17	0	255
 24573	53	51	83	146	155	16	0	255
 24618	53	51	83	146	155	16	0	255
 24664	53	51	83	146	155	17	0	255
 24709	53	51	83	146	155	16	0	255
 24754	53	51	83	146	155	16	0	255
 24800	53	51	83	146	155	17	0	255
 24845	53	51	83	146	155	17	0	255
 24890	53	51	83	146	155	16	0	255
 24936	53	51	83	146	155	16	0	255
 24981	53	51	83	146	155	16	0	255
 25026	52	51	83	146	155	16	0	255
 25072	53	51	83	146	155	16	0	255
 25117	53	51	83	146	155	16	0	255
 25162	53	51	83	146	155	16	0	255
 25208	53	51	83	146	155	16	0	255
 25253	53	51	83	146	155	16	0	255
 25298	53	51	83	146	155	16	0	255
 25344	53	51	83	146	155	16	0	255
 25389	52	51	83	146	155	16	0	255
 25434	52	51	83	146	155	16	0	255
 25480	52	51	83	146	155	16	0	255
 25525	53	51	83	146	154	16	0	255
 25571	52	51	83	146	154	16	0	255
 25616	53	51	83	146	154	16	0	255
 25661	52	51	83	146	154	16	0	255
 25707	53	51	83	146	154	16	0	255
 25752	52	51	83	146	154	16	0	255
 25797	52	51	83	146	154	16	0	255
 25843	52	51	83	146	154	16	0	255
 25888	52	51	83	146	154	16	0	255
 25933	52	51	83	146	154	16	0	255
 25979	52	51	83	146	154	16	0	255
 26028	52	51	83	146	154	16	0	255
 26069	52	51	83	146	154	16	0	255
 26115	52	51	83	146	154	17	0	255
 26160	52	51	83	146	154	16	0	255
 26206	52	51	83	146	154	16	0	255
 26251	52	51	83	146	154	17	0	255
 26296	52	51	83	146	154	17	0	255
 26342	52	51	83	146	154	16	0	255
 26387	52	51	83	146	154	17	0	255
 26432	52	51	83	146	154	17	0	255
 26478	52	51	83	146	154	17	0	255
 26523	52	51	83	146	154	16	0	255
 26568	52	51	83	146	154	16	0	255
 26614	52	51	83	146	154	17	0	255
 26659	52	51	82	146	154	17	0	255
 26704	52	51	83	146	154	17	0	255
 26750	52	51	83	146	154	17	0	255
 26795	52	51	83	146	154	17	0	255
 26840	52	51	82	146	154	17	0	255
 26886	52	51	82	146	154	17	0	255
 26931	52	51	82	146	154	17	0	255
 26977	52	51	82	146	154	17	0	255
 27022	52	51	82	146	154	17	0	255
 27067	52	51	82	146	154	18	0	255
 27113	52	51	82	146	154	18	0	255
 27158	52	51	82	146	154	17	0	255
 27203	52	51	82	146	154	18	0	255
 27249	52	51	82	146	154	18	0	255
 27295	52	51	82	146	154	17	0	255
 27339	52	51	82	146	154	18	0	255
 27385	52	51	82	146	154	17	0	255
 27430	52	51	82	146	154	18	0	255
 27475	52	51	82	146	154	18	0	255
 27521	52	51	82	146	154	18	0	255
 27566	52	51	82	146	154	18	0	255
 27611	52	51	82	146	154	18	0	255
 27657	52	51	82	146	154	18	0	255
 27702	52	51	82	146	154	19	0	255
 27748	52	51	82	146	154	19	0	255
 27793	52	51	82	146	154	19	0	255
 27838	52	51	82	146	154	18	0	255
 27884	52	51	82	146	154	19	0	255
 27929	52	51	82	146	154	19	0	255
 27974	52	51	82	146	154	19	0	255
 28020	52	51	82	146	154	19	0	255
 28065	52	51	82	146	154	20	0	255
 28110	52	51	82	146	154	19	0	255
 28156	52	51	82	146	154	20	0	255
 28201	52	51	82	146	154	19	0	255
 28246	52	51	82	146	154	19	0	255
 28338	52	51	82	146	154	19	0	255
 28382	52	51	82	146	154	20	0	255
 28428	52	51	82	146	154	20	0	255
 28473	52	51	82	146	154	20	0	255
 28519	52	51	82	146	154	22	0	255
 28564	52	51	82	146	154	22	0	255
 28609	52	51	82	146	154	20	0	255
 28655	52	51	82	146	154	22	0	255
 28700	52	51	82	146	154	22	0	255
 28745	52	51	82	146	154	22	0	255
 28791	52	51	82	146	154	22	0	255
 28836	52	51	82	146	154	22	0	255
 28881	52	51	82	146	154	22	0	255
 28927	52	51	82	146	154	22	0	255
 28972	52	51	82	146	154	23	0	255
 29017	52	51	82	146	154	23	0	255
 29063	52	51	82	146	154	23	0	255
 29155	52	51	82	146	154	24	0	255
 29199	52	51	82	146	154	23	0	255
 29244	52	51	82	146	154	23	0	255
 29290	52	51	82	146	154	23	0	255
 29335	52	51	82	146	154	24	0	255
 29380	52	51	82	146	154	25	0	255
 29426	52	51	82	146	154	24	0	255
 29471	52	51	82	146	154	24	0	255
 29516	52	51	82	146	154	25	0	255
 29562	52	51	82	146	154	25	0	255
 29607	52	51	82	146	154	25	0	255
 29652	52	51	82	146	154	25	0	255
 29743	52	51	82	146	154	26	0	255
 29788	52	51	82	146	154	25	0	255
 29834	52	51	82	146	154	26	0	255
 29880	52	51	82	146	154	26	0	255
 29924	52	51	82	145	154	26	0	255
 29970	52	51	82	145	154	28	0	255
 30015	52	51	82	145	153	28	0	255
 30060	52	51	82	146	153	26	0	255
 30106	52	51	82	145	153	28	0	255
 30151	52	51	82	145	153	28	0	255
 30197	52	51	82	145	153	28	0	255
 30242	52	51	82	145	153	28	0	255
 30287	52	51	82	145	153	29	0	255
 30333	52	51	82	145	153	29	0	255
 30378	52	51	82	145	153	30	0	255
 30423	52	51	82	145	153	29	0	255
 30469	52	51	82	145	153	29	0	255
 30514	52	51	82	145	153	29	0	255
 30559	52	51	82	145	153	30	0	255
 30605	52	51	82	145	153	30	0	255
 30650	52	51	82	145	153	30	0	255
 30696	52	51	81	145	153	30	0	255
 30741	52	51	81	145	153	30	0	255
 30786	52	51	81	145	153	30	0	255
 30832	52	51	81	145	153	31	0	255
 30877	52	51	81	145	153	31	0	255
 30922	52	51	81	145	153	31	0	255
 30968	52	51	81	145	153	30	0	255
 31013	52	51	81	145	153	32	0	255
 31058	52	51	81	145	153	31	0	255
 31104	52	51	81	145	153	32	0	255
 31149	52	51	81	145	153	32	0	255
 31194	52	51	81	145	153	31	0	255
 31240	52	51	81	145	153	32	0	255
 31286	52	51	81	145	153	32	0	255
 31330	52	51	81	145	153	32	0	255
 31376	52	51	81	145	153	34	0	255
 31421	52	51	81	145	153	34	0	255
 31466	52	51	81	145	153	34	0	255
 31515	52	51	81	145	153	35	0	255
 31557	52	51	81	145	153	35	0	255
 31603	52	51	81	145	153	35	0	255
 31648	52	51	81	145	153	36	0	255
 31693	52	51	81	145	153	36	0	255
 31739	52	51	81	145	153	37	0	255
 31829	52	51	81	145	153	38	0	255
 31875	52	51	81	145	153	40	0	255
 31920	52	51	81	145	153	40	0	255
 31965	52	51	81	145	153	41	0	255
 32011	52	51	81	145	153	42	0	255
 32056	52	51	81	145	153	42	0	255
 32101	52	51	81	145	153	44	0	255
 32147	52	51	81	145	153	44	0	255
 32192	52	51	81	145	153	46	0	255
 32283	52	51	81	145	153	47	0	255
 32328	52	51	81	145	153	47	0	255
 32373	52	51	81	145	153	48	0	255
 32419	52	51	81	145	153	48	0	255
 32464	52	51	81	145	153	50	0	255
 32555	52	51	81	145	153	51	0	255
 32600	52	51	81	145	153	52	0	255
 32646	52	51	81	145	153	53	0	255
 32691	52	51	81	145	153	56	0	255
 32736	52	51	81	145	153	56	0	255
 32782	52	51	81	145	153	56	0	255
 32827	52	51	81	145	153	58	0	255
 32872	52	51	81	145	153	58	0	255
 32918	52	51	81	145	153	60	0	255
 32964	52	51	81	145	153	61	0	255
 33009	52	51	81	145	153	62	0	255
 33054	52	51	81	145	153	64	0	255
 33099	52	51	81	145	153	65	0	255
 33144	52	51	81	145	153	65	0	255
 33190	52	51	81	145	153	66	0	255
 33235	52	51	81	145	153	66	0	255
 33280	52	51	81	145	153	68	0	255
 33326	52	51	81	145	153	70	0	255
 33371	52	51	81	145	153	70	0	255
 33417	52	51	81	145	153	71	0	255
 33462	52	51	81	145	153	72	0	255
 33507	52	51	81	145	153	72	0	255
 33553	52	51	81	145	153	74	0	255
 33598	52	51	81	145	153	75	0	255
 33643	52	51	81	145	153	75	0	255
 33689	52	51	81	145	153	76	0	255
 33734	52	51	81	145	153	78	0	255
 33779	52	51	81	145	153	78	0	255
 33825	52	51	81	145	153	78	0	255
 33871	52	51	81	145	153	80	0	255
 33915	52	51	81	145	153	80	0	255
 33961	52	51	81	145	153	80	0	255
 34006	52	51	81	145	153	82	0	255
 34051	52	51	81	145	153	83	0	255
 34097	52	51	81	145	153	82	0	255
 34142	52	51	81	145	153	84	0	255
 34188	52	51	81	145	153	85	0	255
 34233	52	51	81	145	153	88	0	255
 34278	52	51	81	145	153	88	0	255
 34324	52	51	81	145	153	89	0	255
 34369	52	51	81	145	153	90	0	255
 34414	52	51	81	145	153	92	0	255
 34460	52	51	80	145	153	93	0	255
 34505	52	51	80	145	153	93	0	255
 34550	52	51	80	145	152	96	0	255
 34596	52	51	80	145	153	97	0	255
 34641	52	51	80	145	152	97	0	255
 34686	52	51	80	145	153	100	0	255
 34732	52	51	80	145	152	100	0	255
 34777	52	51	80	145	152	101	0	255
 34822	52	51	80	145	152	102	0	255
 34868	52	51	80	145	152	105	0	255
 34913	52	51	80	145	152	105	0	255
 34959	52	51	80	145	152	106	0	255
 35005	52	51	80	145	152	109	0	255
 35049	52	51	80	145	152	110	0	255
 35095	52	51	80	145	152	112	0	255
 35140	52	51	80	145	152	113	0	255
 35185	52	50	80	145	152	113	0	255
 35231	52	50	80	145	152	116	0	255
 35276	52	50	80	145	152	118	0	255
 35321	52	50	80	145	152	118	0	255
 35367	52	50	80	145	152	119	0	255
 35412	52	50	80	145	152	120	0	255
 35457	52	50	80	145	152	122	0	255
 35503	52	50	80	145	152	123	0	255
 35548	52	50	80	145	152	123	0	255
 35593	52	50	80	145	152	126	0	255
 35639	52	50	80	145	152	126	0	255
 35684	52	50	80	145	152	127	0	255
 35730	52	50	80	145	152	127	0	255
 35775	52	50	80	145	152	128	0	255
 35820	52	50	80	145	152	128	0	255
 35866	52	50	80	145	152	130	0	255
 35911	52	50	80	145	152	131	0	255
 35956	52	50	80	145	152	132	0	255
 36002	52	50	80	145	152	132	0	255
 36047	52	50	80	145	152	134	0	255
 36092	52	50	80	145	152	134	0	255
 36138	52	50	80	145	152	137	0	255
 36183	52	50	80	145	152	137	0	255
 36228	52	50	80	145	152	138	0	255
 36278	52	50	80	145	152	138	0	255
 36364	51	50	80	145	152	141	0	255
 36410	51	49	80	145	152	141	0	255
 36455	51	49	80	145	152	142	0	255
 36501	51	49	80	145	152	144	0	255
 36546	51	49	80	145	152	145	0	255
 36591	51	49	80	145	152	146	0	255
 36637	51	49	80	145	152	146	0	255
 36682	51	49	80	145	152	146	0	255
 36727	51	49	80	145	152	148	0	255
 36773	51	49	80	145	152	148	0	255
 36818	51	49	80	145	152	150	0	255
 36864	51	49	80	145	152	150	0	255
 36909	51	55	80	145	152	158	8	255
 36954	74	71	80	145	152	171	8	255
 36999	97	87	80	145	152	178	8	255
 37045	113	98	80	145	152	165	8	255
 37090	119	104	80	145	152	158	8	255
 37135	121	107	80	145	152	156	8	255
 37181	123	109	80	145	152	150	8	255
 37226	122	110	80	145	152	140	0	255
 37271	121	110	80	145	152	138	0	255
 37317	119	110	80	145	152	140	0	255
 37363	118	109	80	145	152	142	0	255
 37408	116	108	80	145	152	142	0	255
 37453	115	107	80	145	152	145	0	255
 37498	113	106	80	145	152	146	0	255
 37544	112	105	80	145	152	150	0	255
 37589	110	103	80	145	152	151	8	255
 37634	112	104	80	145	152	151	8	255
 37680	116	108	80	145	152	148	8	255
 37725	118	110	80	145	152	148	8	255
 37770	119	112	80	145	152	148	8	255
 37816	120	113	80	145	152	155	8	255
 37861	123	114	80	145	152	158	8	255
 37906	126	114	80	145	152	158	8	255
 37952	127	115	80	145	152	155	8	255
 38042	125	115	80	145	152	150	8	255
 38088	125	115	80	145	152	151	8	255
 38134	125	116	80	145	152	152	8	255
 38185	125	116	81	145	152	155	8	255
 38224	126	116	81	145	152	158	8	255
 38269	127	116	81	145	152	156	8	255
 38315	128	117	81	145	152	158	8	255
 38360	129	117	81	145	152	158	8	255
 38451	130	117	81	145	152	160	8	255
 38496	130	117	81	145	152	161	8	255
 38541	131	117	81	145	152	161	8	255
 38587	131	117	81	145	152	162	8	255
 38632	132	117	81	145	152	162	8	255
 38677	132	118	81	145	152	162	8	255
 38723	133	118	81	145	152	162	8	255
 38768	133	118	81	145	152	162	8	255
 38814	133	118	81	145	152	162	8	255
 38859	133	118	81	145	152	162	8	255
 38905	133	118	81	145	152	162	8	255
 38950	133	118	81	145	152	161	8	255
 38995	133	119	81	145	152	161	8	255
 39040	133	119	81	145	152	161	8	255
 39086	133	119	81	145	152	162	8	255
 39131	133	119	81	145	152	162	8	255
 39177	133	119	82	145	152	162	8	255
 39222	133	119	82	145	152	164	8	255
 39267	134	119	82	145	152	165	8	255
 39312	135	119	82	145	151	166	8	255
 39358	135	119	82	145	151	168	8	255
 39403	136	120	82	145	151	170	8	255
 39449	137	120	82	145	151	171	8	255
 39494	138	120	82	145	151	170	8	255
 39540	139	120	82	145	151	172	8	255
 39584	139	120	82	145	151	172	8	255
 39630	140	120	82	145	151	172	8	255
 39675	140	120	82	145	151	176	8	255
 39720	141	120	82	145	151	176	8	255
 39766	141	120	82	145	151	176	8	255
 39811	142	121	82	145	151	176	8	255
 39857	142	121	82	145	151	176	8	255
 39902	143	121	82	145	151	176	8	255
 39947	143	121	82	145	151	176	8	255
 39993	143	121	82	145	151	177	8	255
 40038	144	121	82	145	151	177	8	255
 40083	144	121	82	145	151	177	8	255
 40129	144	121	83	146	151	177	8	255
 40174	145	121	83	146	151	178	8	255
 40219	145	121	83	146	151	178	8	255
 40265	145	121	83	146	151	178	8	255
 40310	146	122	83	146	151	180	8	255
 40355	146	122	83	146	151	180	8	255
 40401	146	122	83	146	151	180	8	255
 40446	147	122	83	146	151	180	8	255
 40491	147	122	83	146	151	182	8	255
 40537	147	122	83	146	151	183	8	255
 40582	148	122	83	146	151	183	8	255
 40627	148	122	83	146	151	182	8	255
 40673	148	122	83	146	151	183	8	255
 40718	148	122	83	146	151	182	8	255
 40764	149	123	83	147	151	183	8	255
 40854	149	123	83	147	151	184	8	255
 40900	150	123	83	147	151	184	8	255
 40945	150	123	83	147	151	186	8	255
 40990	150	123	83	147	151	186	8	255
 41036	151	123	83	147	151	188	8	255
 41081	151	123	83	147	151	188	8	255
 41126	151	123	83	147	151	186	8	255
 41172	152	123	83	147	151	188	8	255
 41217	152	123	84	147	151	188	8	255
 41262	152	123	84	147	151	188	8	255
 41308	152	124	84	148	151	189	8	255
 41353	153	124	84	148	151	189	8	255
 41399	153	124	84	148	151	189	8	255
 41444	153	124	84	148	151	189	8	255
 41489	153	124	84	148	151	189	8	255
 41535	153	124	84	148	151	190	8	255
 41580	154	124	84	148	151	190	8	255
 41625	154	124	84	148	151	192	8	255
 41671	154	124	84	148	151	192	8	255
 41716	154	124	84	148	151	192	8	255
 41761	155	124	84	148	151	192	8	255
 41852	155	124	84	149	152	194	8	255
 41897	155	125	84	149	152	192	8	255
 41943	156	125	84	149	152	190	8	255
 41993	156	125	84	149	152	192	8	255
 42033	156	125	84	149	152	196	8	255
 42079	156	125	84	149	152	195	8	255
 42124	157	125	84	149	152	194	8	255
 42170	157	125	84	149	152	194	8	255
 42215	157	125	84	149	152	196	8	255
 42260	157	125	84	149	152	195	8	255
 42306	158	125	85	149	152	195	8	255
 42351	158	125	85	149	152	196	8	255
 42396	158	125	85	149	152	195	8	255
 42442	159	125	85	150	152	195	8	255
 42487	159	126	85	150	152	198	8	255
 42532	159	126	85	150	153	198	8	255
 42578	159	126	85	150	153	196	8	255
 42623	159	126	85	150	153	198	8	255
 42668	159	126	85	150	153	196	8	255
 42714	159	126	85	150	153	196	8	255
 42759	159	126	85	150	153	196	8	255
 42804	159	126	85	150	153	198	8	255
 42850	159	126	85	150	153	196	8	255
 42895	159	126	85	150	153	198	8	255
 42940	159	126	85	150	153	198	8	255
 42986	160	126	85	151	153	198	8	255
 43031	160	126	85	151	153	198	8	255
 43077	160	126	85	151	153	196	8	255
 43122	160	126	85	151	154	198	8	255
 43167	160	127	85	151	154	200	8	255
 43213	160	127	85	151	154	198	8	255
 43258	161	127	85	151	154	198	8	255
 43303	161	127	85	151	154	200	8	255
 43349	161	127	86	151	154	198	8	255
 43394	161	127	86	151	154	202	8	255
 43439	161	127	86	151	154	201	8	255
 43485	161	127	86	151	154	201	8	255
 43530	162	127	86	151	154	200	8	255
 43575	162	127	86	152	154	204	8	255
 43666	162	127	86	152	155	204	8	255
 43712	163	127	86	152	155	204	8	255
 43757	163	127	86	152	155	204	8	255
 43802	163	127	86	152	155	202	8	255
 43848	163	127	86	152	155	201	8	255
 43893	163	128	86	152	155	204	8	255
 43938	163	128	86	152	155	204	8	255
 43984	164	128	86	152	155	204	8	255
 44029	164	128	86	152	155	202	8	255
 44074	164	128	86	152	155	202	8	255
 44120	164	128	86	153	155	202	8	255
 44165	164	128	86	153	155	204	8	255
 44210	164	128	86	153	156	206	8	255
 44256	164	128	86	153	156	204	8	255
 44301	165	128	86	153	156	202	8	255
 44396	165	128	86	153	156	206	8	255
 44437	165	128	86	153	156	206	8	255
 44482	166	128	87	153	156	207	8	255
 44528	166	128	87	153	156	208	8	255
 44575	166	128	87	153	156	206	8	255
 44619	166	128	87	154	156	208	8	255
 44664	166	129	87	154	156	206	8	255
 44709	166	129	87	154	157	207	8	255
 44755	166	128	87	154	157	206	8	255
 44800	167	129	87	154	157	207	8	255
 44845	167	129	87	154	157	208	8	255
 44891	167	129	87	154	157	208	8	255
 44936	167	129	87	154	157	206	8	255
 44981	167	129	87	154	157	206	8	255
 45027	166	129	87	154	157	206	8	255
 45117	166	129	87	154	157	204	8	255
 45163	165	129	87	154	157	204	8	255
 45208	165	129	87	154	157	201	8	255
 45253	165	129	87	154	157	204	8	255
 45299	164	129	87	154	157	201	8	255
 45344	164	129	87	154	157	204	8	255
 45389	164	129	87	154	157	202	8	255
 45435	164	130	87	154	157	204	8	255
 45480	164	130	87	154	157	202	8	255
 45526	164	130	87	154	157	204	8	255
 45571	164	130	87	154	157	204	8	255
 45616	165	130	87	154	157	207	8	255
 45662	165	130	88	154	157	204	8	255
 45707	166	131	88	154	157	207	8	255
 45752	166	131	88	154	157	207	8	255
 45798	167	131	88	154	157	207	8	255
 45843	168	131	88	154	157	208	8	255
 45888	168	131	88	154	157	212	8	255
 45934	168	131	88	154	157	210	8	255
 45979	169	131	88	154	157	210	8	255
 46070	169	131	88	154	157	213	8	255
 46115	170	132	88	154	157	212	8	255
 46206	170	132	88	154	157	210	8	255
 46251	170	132	88	154	157	213	8	255
 46297	170	132	88	154	157	212	8	255
 46346	171	132	88	154	157	213	8	255
 46387	171	132	88	154	157	213	8	255
 46433	171	132	88	154	157	214	8	255
 46478	171	132	88	154	157	213	8	255
 46569	172	133	88	154	157	214	8	255
 46614	172	133	88	154	157	213	8	255
 46659	172	133	88	154	157	214	8	255
 46705	172	133	89	154	157	214	8	255
 46750	172	133	89	154	157	213	8	255
 46795	172	133	89	154	157	214	8	255
 46841	172	133	89	154	157	214	8	255
 46886	172	133	89	154	157	213	8	255
 46931	172	133	89	154	157	213	8	255
 46977	172	134	89	154	157	213	8	255
 47022	172	134	89	154	157	212	8	255
 47067	172	134	89	154	157	216	8	255
 47113	172	134	89	154	157	216	8	255
 47158	172	134	89	154	157	213	8	255
 47203	172	134	89	154	157	214	8	255
 47249	173	134	89	154	157	216	8	255
 47339	173	134	89	153	157	218	8	255
 47385	173	134	89	153	157	220	8	255
 47430	174	135	89	153	157	218	8	255
 47476	174	135	89	153	157	218	8	255
 47521	174	135	89	153	157	220	8	255
 47571	174	135	89	153	157	216	8	255
 47612	175	135	89	153	157	221	8	255
 47657	175	135	90	153	157	220	8	255
 47707	175	135	90	153	157	220	8	255
 47748	175	136	90	153	157	221	8	255
 47793	176	136	90	154	157	220	8	255
 47838	176	136	90	154	157	220	8	255
 47884	176	136	90	154	157	220	8	255
 47929	176	136	90	154	157	221	8	255
 47975	177	136	90	154	157	222	8	255
 48020	177	136	90	154	157	222	8	255
 48065	177	136	90	154	157	222	8	255
 48110	178	136	90	154	157	221	8	255
 48156	178	137	90	154	157	222	8	255
 48201	178	137	90	154	157	224	8	255
 48246	178	137	90	154	157	224	8	255
 48292	178	137	90	154	157	224	8	255
 48337	178	137	90	155	157	222	8	255
 48383	178	137	90	155	157	224	8	255
 48428	178	137	90	155	157	221	8	255
 48473	178	137	90	155	157	222	8	255
 48519	178	137	91	155	157	222	8	255
 48564	178	138	91	155	157	222	8	255
 48609	178	138	91	155	157	222	8	255
 48655	178	138	91	155	157	224	8	255
 48700	178	138	91	155	157	222	8	255
 48745	178	138	91	155	157	222	8	255
 48791	178	138	91	155	157	222	8	255
 48881	178	138	91	155	157	224	8	255
 48927	178	138	91	155	158	221	8	255
 48972	178	138	91	155	158	221	8	255
 49021	177	138	91	155	158	218	8	255
 49063	176	138	91	156	158	216	8	255
 49108	175	138	91	156	158	214	8	255
 49154	174	138	91	156	158	213	8	255
 49200	173	139	91	156	158	213	8	255
 49244	173	139	91	156	158	214	8	255
 49335	172	139	92	156	158	213	8	255
 49380	173	139	92	156	158	216	8	255
 49471	174	140	92	156	158	220	8	255
 49516	175	140	92	156	158	222	8	255
 49562	176	140	92	156	158	226	8	255
 49607	177	140	92	156	158	227	8	255
 49652	178	140	92	156	158	227	8	255
 49698	179	140	92	156	159	226	8	255
 49743	180	140	92	156	159	228	8	255
 49788	180	140	92	156	159	226	8	255
 49834	181	140	92	157	159	227	8	255
 49879	181	140	92	157	159	226	8	255
 49924	180	140	92	157	159	226	8	255
 49970	180	141	92	157	159	224	8	255
 50015	180	141	92	157	159	221	8	255
 50060	179	141	93	157	159	222	8	255
 50106	179	141	93	157	159	222	8	255
 50155	178	141	93	157	159	222	8	255
 50197	178	141	93	157	159	221	8	255
 50242	178	141	93	157	159	220	8	255
 50333	176	141	93	158	159	214	8	255
 50378	176	141	93	158	159	214	8	255
 50427	175	141	93	158	159	216	8	255
 50469	175	141	93	158	160	216	8	255
 50514	174	141	93	158	160	216	8	255
 50559	174	142	93	158	160	213	8	255
 50605	174	142	93	158	160	216	8	255
 50650	174	142	93	158	160	218	8	255
 50695	174	142	93	158	160	218	8	255
 50741	174	142	93	158	160	220	8	255
 50786	174	142	93	158	160	218	8	255
 50831	174	142	94	158	160	216	8	255
 50877	174	143	94	158	160	218	8	255
 50922	175	143	94	158	160	220	8	255
 50968	175	143	94	158	160	224	8	255
 51013	176	143	94	158	160	221	8	255
 51058	176	143	94	158	160	222	8	255
 51104	177	143	94	158	160	224	8	255
 51149	178	143	94	158	160	226	8	255
 51194	178	143	94	158	160	227	8	255
 51240	179	143	94	158	160	224	8	255
 51285	179	143	94	158	161	226	8	255
 51331	179	143	94	158	161	227	8	255
 51376	180	143	94	159	161	226	8	255
 51467	179	144	94	159	161	226	8	255
 51514	179	144	94	159	161	222	8	255
 51557	179	144	95	159	161	222	8	255
 51602	178	144	95	159	161	221	8	255
 51648	178	144	95	159	161	224	8	255
 51693	178	144	95	159	161	221	8	255
 51739	177	144	95	159	161	221	8	255
 51784	177	144	95	159	161	221	8	255
 51829	177	144	95	159	161	222	8	255
 51875	177	144	95	159	161	222	8	255
 51920	177	144	95	159	161	222	8	255
 51965	178	144	95	160	161	222	8	255
 52011	178	145	95	160	161	222	8	255
 52056	178	145	95	160	162	222	8	255
 52101	178	145	95	160	162	224	8	255
 52147	178	145	95	160	162	221	8	255
 52192	178	145	95	160	162	224	8	255
 52237	178	145	95	160	162	222	8	255
 52283	178	145	96	160	162	224	8	255
 52328	178	145	96	160	162	224	8	255
 52373	178	145	96	160	162	222	8	255
 52419	178	145	96	160	162	220	8	255
 52464	178	145	96	160	162	221	8	255
 52509	177	145	96	160	162	222	8	255
 52555	177	145	96	160	162	222	8	255
 52600	178	145	96	160	162	226	8	255
 52646	178	145	96	160	162	226	8	255
 52692	178	145	96	160	162	226	8	255
 52739	179	145	96	160	162	227	8	255
 52816	180	146	96	160	162	228	8	255
 52835	180	146	96	160	163	228	8	255
 52872	181	146	96	160	163	227	8	255
 52918	182	146	96	161	163	228	8	255
 52963	182	146	96	161	163	227	8	255
 53008	181	146	97	161	163	227	8	255
 53058	181	146	97	161	163	224	8	255
 53099	181	146	97	161	163	226	8	255
 53144	180	146	97	161	163	226	8	255
 53190	180	146	97	161	163	224	8	255
 53235	179	146	97	161	163	221	8	255
 53280	178	145	97	161	163	221	8	255
 53326	178	145	97	161	163	221	8	255
 53417	177	146	97	161	163	220	8	255
 53507	176	146	97	161	163	218	8	255
 53553	176	146	97	161	163	220	8	255
 53598	176	146	97	161	163	220	8	255
 53643	176	146	97	161	164	220	8	255
 53689	175	146	97	161	164	220	8	255
 53734	175	146	97	161	164	216	8	255
 53780	175	146	97	162	164	218	8	255
 53825	175	147	97	162	164	214	8	255
 53870	174	147	97	162	164	212	8	255
 53961	173	147	97	162	164	214	8	255
 54006	172	147	98	162	164	213	8	255
 54051	172	147	98	162	164	213	8	255
 54097	172	147	98	162	164	212	8	255
 54142	172	147	98	162	164	214	8	255
 54188	172	147	98	162	164	214	8	255
 54233	172	147	98	162	164	213	8	255
 54278	172	147	98	162	164	213	8	255
 54324	172	147	98	162	164	212	8	255
 54369	172	147	98	162	164	213	8	255
 54414	172	147	98	162	164	213	8	255
 54505	171	147	98	162	164	212	8	255
 54550	171	147	98	162	164	213	8	255
 54596	171	147	98	162	165	213	8	255
 54641	172	147	98	163	165	218	8	255
 54686	173	148	98	163	165	216	8	255
 54732	173	148	98	162	165	218	8	255
 54777	174	148	98	162	165	220	8	255
 54822	175	148	98	162	165	220	8	255
 54868	176	148	98	163	165	220	8	255
 54913	176	148	98	163	165	221	8	255
 54958	176	148	98	163	165	222	8	255
 55004	177	148	98	163	165	222	8	255
 55049	178	148	99	163	165	224	8	255
 55095	178	148	99	163	165	224	8	255
 55140	179	148	99	163	165	227	8	255
 55185	179	148	99	163	165	226	8	255
 55231	180	148	99	163	165	226	8	255
 55276	180	148	99	163	165	227	8	255
 55321	181	148	99	163	165	227	8	255
 55367	181	148	99	163	165	227	8	255
 55412	181	148	99	163	165	228	8	255
 55457	181	148	99	163	165	226	8	255
 55503	182	149	99	163	166	228	8	255
 55548	181	149	99	163	166	226	8	255
 55593	181	149	99	163	166	226	8	255
 55639	181	148	99	164	166	226	0	255
 55684	180	147	99	164	166	228	0	255
 55729	178	146	99	164	166	228	0	255
 55820	173	143	99	164	166	236	0	255
 55867	173	142	99	164	166	246	0	255
 55911	179	141	99	164	166	246	0	255
 55956	184	140	99	164	166	248	0	255
 56002	188	139	99	164	166	248	0	255
 56047	190	138	99	164	166	248	0	255
 56092	192	137	99	164	166	250	0	255
 56138	194	136	99	164	166	254	0	255
 56183	196	135	99	164	166	254	0	255
 56228	198	134	99	164	166	254	0	255
 56274	198	133	99	164	166	254	0	255
 56319	198	133	99	164	166	254	0	255
 56364	198	133	99	164	166	254	0	255
 56410	200	132	99	164	166	254	0	255
 56455	200	132	99	164	166	254	0	255
 56500	201	132	99	164	166	254	0	255
 56546	201	132	99	164	166	254	0	255
 56591	202	131	99	165	166	254	0	255
 56636	201	131	99	164	166	254	0	255
 56682	201	130	99	164	167	254	0	255
 56727	201	130	99	164	167	254	0	255
 56773	200	130	99	164	167	254	0	255
 56818	200	130	99	165	167	254	0	255
 56863	199	130	99	165	167	254	0	255
 56909	198	131	99	165	167	254	0	255
 56954	198	132	99	165	167	254	0	255
 56999	197	133	99	164	167	254	0	255
 57045	196	135	99	164	167	254	0	255
 57091	196	136	99	165	167	254	0	255
 57135	195	137	99	165	167	254	0	255
 57181	194	139	99	165	167	254	0	255
 57230	193	140	99	165	167	254	0	255
 57271	193	142	99	165	167	254	0	255
 57321	191	143	99	165	167	254	0	255
 57362	190	144	99	165	167	254	0	255
 57407	190	145	99	165	167	254	0	255
 57498	188	146	99	165	167	254	0	255
 57543	186	146	99	165	167	254	0	255
 57589	185	147	99	165	167	254	0	255
 57634	183	146	99	165	167	254	0	255
 57680	181	146	99	165	167	254	0	255
 57725	179	146	99	165	167	254	0	255
 57770	177	145	99	165	167	254	0	255
 57816	175	145	99	165	167	254	0	255
 57861	173	144	99	164	167	254	0	255
 57906	171	143	98	164	167	254	0	255
 57952	169	139	98	164	167	254	0	255
 57997	166	135	98	164	167	254	0	255
 58042	162	131	98	164	167	254	0	255
 58088	159	126	98	164	167	254	0	255
 58133	156	122	98	164	167	254	0	255
 58178	153	119	98	164	167	254	0	255
 58224	150	115	98	164	167	254	0	255
 58270	148	112	98	164	167	254	0	255
 58315	145	109	98	164	167	254	0	255
 58360	142	106	97	164	167	254	0	255
 58451	137	101	97	164	167	254	0	255
 58496	135	99	97	164	167	254	0	255
 58541	133	97	97	164	167	254	0	255
 58587	131	95	97	164	167	254	0	255
 58632	129	94	97	164	167	254	0	255
 58677	127	92	97	164	167	254	0	255
 58723	125	91	97	164	167	254	0	255
 58768	123	89	97	164	167	254	0	255
 58813	122	88	97	164	167	254	0	255
 58859	120	87	97	164	167	254	0	255
 58950	117	84	97	164	167	254	0	255
 58995	115	84	97	164	167	254	0	255
 59040	113	86	97	164	167	254	0	255
 59087	112	87	97	164	167	254	0	255
 59131	110	88	97	164	167	254	0	255
 59176	109	89	97	164	167	254	0	255
 59222	108	89	97	164	167	254	0	255
 59267	106	88	97	164	167	254	0	255
 59312	105	88	97	164	167	254	0	255
 59358	104	87	97	164	167	254	0	255
 59403	103	87	97	164	167	254	0	255
 59448	101	87	97	164	167	254	0	255
 59494	100	87	97	164	167	254	0	255
 59539	99	86	97	164	167	254	0	255
 59584	98	86	97	164	167	254	0	255
 59630	97	85	97	164	167	254	0	255
 59675	96	85	97	164	167	254	0	255
 59720	95	85	97	164	167	254	0	255
 59766	94	84	97	164	167	254	0	255
 59811	93	84	97	164	167	254	0	255
 59857	93	83	97	164	167	254	0	255
 59902	92	83	97	164	167	254	0	255
 59947	91	82	97	164	167	254	0	255
 59993	90	82	97	164	167	254	0	255
 60038	89	82	97	164	167	254	0	255
 60083	89	81	97	164	167	254	0	255
 60129	88	81	97	164	167	254	0	255
 60174	87	80	97	164	167	254	0	255
 60219	87	80	97	164	167	254	0	255
 60265	86	80	97	164	167	252	0	255
 60310	85	80	97	164	167	250	0	255
 60355	85	80	97	164	167	251	0	255
 60401	84	80	97	164	167	246	0	255
 60446	84	80	97	164	167	248	0	255
 60537	83	80	97	164	167	246	0	255
 60585	82	80	96	164	167	242	0	255
 60628	82	79	96	164	167	242	0	255
 60673	81	79	96	164	167	238	0	255
 60718	81	79	96	164	167	238	0	255
 60764	80	79	96	164	167	235	0	255
 60809	80	79	96	164	167	235	0	255
 60854	79	79	96	164	167	230	0	255
 60900	79	79	96	164	167	232	0	255
 60946	78	79	96	164	167	227	0	255
 60990	78	79	96	164	167	224	0	255
 61036	78	79	96	164	167	226	0	255
 61081	77	79	96	164	167	224	0	255
 61126	77	79	96	164	167	222	0	255
 61172	77	78	96	164	167	218	0	255
 61217	76	78	96	164	167	220	0	255
 61262	76	78	96	164	167	218	0	255
 61308	76	78	96	164	167	216	0	255
 61353	75	78	96	164	167	218	0	255
 61399	75	78	96	164	167	218	0	255
 61444	75	78	96	164	167	218	0	255
 61489	74	77	96	164	167	216	0	255
 61535	74	77	96	164	167	216	0	255
 61580	74	77	96	164	167	213	0	255
 61625	74	77	96	164	167	213	0	255
 61671	73	86	96	164	167	214	0	255
 61716	73	105	96	164	167	216	0	255
 61761	73	114	96	164	167	213	0	255
 61807	73	117	96	164	167	213	0	255
 61852	73	118	96	164	167	212	0	255
 61897	73	118	95	164	167	210	0	255
 61946	72	117	95	164	167	206	0	255
 61988	72	116	95	164	167	202	0	255
 62033	72	115	95	164	167	201	0	255
 62079	72	114	95	164	167	200	0	255
 62125	72	112	95	164	167	195	0	255
 62170	72	111	95	164	167	194	0	255
 62215	72	110	95	164	167	192	0	255
 62260	72	109	95	164	167	192	0	255
 62351	72	106	95	164	167	190	0	255
 62396	72	105	95	164	167	189	0	255
 62442	72	104	95	164	167	188	0	255
 62487	72	102	95	164	167	189	0	255
 62532	72	101	95	164	167	183	0	255
 62578	72	100	95	164	167	184	0	255
 62623	72	98	95	164	167	183	0	255
 62668	72	97	95	164	167	180	0	255
 62759	72	94	95	164	166	178	0	255
 62805	72	92	95	164	167	177	0	255
 62850	71	114	95	164	167	176	0	255
 62895	71	127	95	164	166	189	0	255
 62940	71	132	95	164	166	186	0	255
 63031	71	133	94	164	166	176	0	255
 63077	71	131	94	164	166	174	0	255
 63122	71	130	94	164	166	171	0	255
 63167	71	129	94	164	166	170	0	255
 63213	71	131	94	164	166	166	0	255
 63258	72	134	94	164	166	165	0	255
 63303	72	138	94	164	166	164	0	255
 63349	72	108	93	164	166	162	8	255
 63394	72	91	93	164	166	161	8	255
 63439	72	82	93	164	166	160	8	255
 63485	73	78	93	164	166	177	0	255
 63530	81	78	93	163	166	186	0	255
 63575	86	76	93	163	166	184	0	255
 63621	89	75	93	163	166	180	0	255
 63666	90	74	93	163	166	177	0	255
 63716	90	73	93	163	166	174	0	255
 63757	90	73	93	163	166	172	0	255
 63802	90	72	93	163	166	170	0	255
 63848	89	72	93	163	166	166	0	255
 63893	88	72	93	163	166	164	0	255
 63938	87	72	93	163	166	164	8	255
 63984	98	87	93	163	166	177	0	255
 64029	113	96	93	163	166	178	0	255
 64074	122	99	93	163	166	176	0	255
 64120	127	100	93	163	166	172	0	255
 64166	129	99	93	163	166	168	0	255
 64210	129	99	93	163	166	166	0	255
 64256	129	98	93	163	166	162	0	255
 64301	129	102	93	163	166	165	8	255
 64347	133	115	94	163	166	171	8	255
 64392	136	125	94	163	166	165	8	255
 64438	136	129	94	163	166	155	8	255
 64483	133	129	94	163	166	148	8	255
 64528	129	130	94	163	166	141	8	255
 64573	124	131	94	163	166	131	8	255
 64619	119	132	94	163	166	124	8	255
 64664	114	133	94	163	166	127	8	255
 64712	113	136	94	163	166	136	8	255
 64755	115	138	94	163	166	144	8	255
 64800	119	139	95	163	166	150	8	255
 64845	122	139	95	162	166	150	8	255
 64891	123	140	95	162	166	150	8	255
 64936	124	140	95	162	166	150	8	255
 64981	125	140	95	162	166	150	8	255
 65027	126	140	95	162	166	150	8	255
 65072	126	140	95	162	166	152	8	255
 65117	127	141	95	162	166	154	8	255
 65163	128	141	95	162	166	155	8	255
 65208	129	141	95	162	166	155	8	255
 65253	129	141	95	162	166	154	8	255
 65299	129	141	95	162	166	152	8	255
 65344	129	141	95	162	166	154	8	255
 65435	129	141	95	161	166	151	8	255
 65480	129	141	95	161	166	150	8	255
 65526	128	141	95	161	166	151	8	255
 65616	127	141	95	161	166	148	8	255
 65662	127	141	95	161	166	148	8	255
 65707	126	142	95	161	166	150	8	255
 65752	126	142	95	161	166	148	8	255
 65798	126	142	96	161	166	150	8	255
 65843	126	142	96	161	166	146	8	255
 65888	126	142	96	161	166	146	8	255
 65934	126	142	96	161	166	148	8	255
 65983	126	142	96	161	166	146	8	255
 66025	126	142	96	161	166	148	8	255
 66071	125	142	96	161	166	148	8	255
 66115	125	142	96	161	166	148	8	255
 66161	125	142	96	160	166	146	8	255
 66206	125	142	96	160	166	148	8	255
 66251	125	142	96	160	166	146	8	255
 66297	125	142	96	160	166	145	8	255
 66342	125	142	96	160	166	145	8	255
 66387	124	143	96	160	166	146	8	255
 66433	124	143	96	160	166	146	8	255
 66478	124	143	96	160	166	145	8	255
 66523	124	143	96	160	166	146	8	255
 66570	124	143	96	160	166	144	8	255
 66614	124	142	96	160	166	144	8	255
 66659	123	142	96	160	166	144	8	255
 66705	123	143	97	160	166	144	8	255
 66750	123	143	97	160	166	144	8	255
 66795	123	143	97	159	166	144	8	255
 66886	123	143	97	159	166	142	8	255
 66932	122	142	97	159	166	142	8	255
 66977	122	142	97	159	166	141	8	255
 67022	121	142	97	159	166	141	8	255
 67068	121	142	97	159	166	141	8	255
 67113	120	142	97	159	166	140	8	255
 67204	120	143	97	159	166	138	8	255
 67249	120	142	97	159	166	138	8	255
 67294	119	142	97	159	166	138	8	255
 67340	119	142	97	159	166	140	8	255
 67385	119	143	97	159	166	140	8	255
 67430	119	143	97	158	166	138	8	255
 67476	118	143	97	158	166	138	8	255
 67521	118	143	97	158	166	138	8	255
 67570	118	143	97	158	166	137	8	255
 67612	118	143	97	158	166	138	8	255
 67657	118	143	97	158	166	137	8	255
 67702	118	143	97	158	166	137	8	255
 67748	118	143	97	158	166	137	8	255
 67793	118	143	97	158	166	137	8	255
 67839	118	143	97	158	166	137	8	255
 67884	118	143	98	158	166	138	8	255
 67929	118	143	98	158	166	137	8	255
 67975	118	142	98	157	166	138	8	255
 68020	118	142	98	157	166	137	8	255
 68065	118	142	98	157	166	137	8	255
 68111	118	142	98	157	166	137	8	255
 68156	117	142	98	157	166	137	8	255
 68201	117	142	98	157	166	137	8	255
 68247	117	142	98	157	166	137	8	255
 68292	117	142	98	157	166	137	8	255
 68337	117	142	98	157	166	136	8	255
 68383	117	142	98	157	166	136	8	255
 68428	117	142	98	157	166	137	8	255
 68474	117	142	98	157	166	136	8	255
 68519	117	142	98	157	166	137	8	255
 68564	117	142	98	157	166	137	8	255
 68610	117	142	98	156	166	136	8	255
 68655	117	142	98	156	166	136	8	255
 68704	117	142	98	156	166	136	8	255
 68746	116	142	98	156	166	136	8	255
 68791	116	142	98	156	166	136	8	255
 68836	116	142	98	156	166	134	8	255
 68882	116	142	98	156	166	134	8	255
 68927	116	142	98	156	166	136	8	255
 68973	116	142	98	156	166	136	8	255
 69018	116	142	98	156	166	137	8	255
 69063	116	141	98	156	166	136	8	255
 69108	116	141	98	156	166	136	8	255
 69154	116	141	98	155	166	136	8	255
 69199	116	141	98	155	166	136	8	255
 69245	116	141	98	155	166	134	8	255
 69290	116	141	98	155	166	134	8	255
 69335	116	141	98	155	166	134	8	255
 69380	115	141	98	155	166	136	8	255
 69426	115	141	98	155	166	136	8	255
 69471	115	141	98	155	166	134	8	255
 69517	115	141	98	155	166	134	8	255
 69562	115	141	98	155	166	132	8	255
 69607	115	141	99	155	166	134	8	255
 69653	115	141	98	155	166	134	8	255
 69698	115	141	99	155	166	134	8	255
 69744	115	141	99	155	166	134	8	255
 69789	115	141	99	155	166	136	8	255
 69834	115	141	99	154	165	136	8	255
 69879	115	141	99	154	165	134	8	255
 69925	115	141	99	154	165	132	8	255
 69971	115	141	99	154	165	134	8	255
 70016	115	140	99	154	165	132	8	255
 70061	115	140	99	154	165	134	8	255
 70106	114	140	99	154	165	134	8	255
 70152	114	140	99	154	165	132	8	255
 70198	114	140	99	154	165	132	8	255
 70242	114	140	99	154	165	134	8	255
 70288	114	140	99	154	165	132	8	255
 70333	114	140	99	154	165	132	8	255
 70378	114	140	99	154	165	132	8	255
 70424	114	140	99	154	165	132	8	255
 70469	114	140	99	153	165	134	8	255
 70514	114	140	99	153	165	132	8	255
 70560	114	140	99	153	165	132	8	255
 70605	114	140	99	153	165	132	8	255
 70651	114	140	99	153	165	131	8	255
 70696	114	140	99	153	165	132	8	255
 70746	114	140	99	153	165	132	8	255
 70787	114	140	99	153	165	131	8	255
 70832	114	139	99	153	165	132	8	255
 70877	114	139	99	152	165	131	8	255
 70923	114	139	99	152	165	132	8	255
 71013	114	139	99	152	165	131	8	255
 71104	113	139	99	152	165	132	8	255
 71149	113	139	99	152	165	132	8	255
 71195	113	139	99	152	165	132	8	255
 71240	113	139	99	152	165	132	8	255
 71285	113	139	99	152	165	132	8	255
 71331	113	139	99	152	165	131	8	255
 71376	113	139	99	152	165	131	8	255
 71422	113	139	99	152	165	131	8	255
 71467	113	139	99	152	165	131	8	255
 71516	113	139	99	151	165	131	8	255
 71558	113	139	99	151	165	131	8	255
 71603	113	138	99	151	165	132	8	255
 71648	113	138	99	151	165	130	8	255
 71694	113	138	99	151	165	131	8	255
 71739	113	138	99	151	165	131	8	255
 71784	113	138	99	151	165	131	8	255
 71830	113	138	99	151	165	131	8	255
 71920	112	138	99	151	165	130	8	255
 71966	112	138	99	151	165	130	0	255
 72011	112	136	99	151	165	128	0	255
 72056	111	135	99	151	165	126	0	255
 72102	110	133	99	150	165	123	0	255
 72147	109	132	99	150	165	122	0	255
 72193	108	130	99	150	165	118	0	255
 72238	107	128	99	150	165	114	0	255
 72283	106	126	99	150	165	112	0	255
 72329	105	125	99	150	165	109	0	255
 72375	104	123	99	150	165	108	0	255
 72419	103	122	99	150	165	106	0	255
 72465	102	120	99	150	165	105	0	255
 72510	101	119	99	150	165	101	0	255
 72555	100	117	99	150	165	100	0	255
 72601	99	116	99	150	165	98	0	255
 72646	98	114	99	150	165	97	0	255
 72692	97	113	99	150	165	96	0	255
 72737	96	112	98	150	165	93	0	255
 72782	95	111	98	150	165	93	0	255
 72828	94	109	98	150	165	90	0	255
 72873	93	108	98	150	165	89	0	255
 72918	93	107	98	150	165	88	0	255
 72964	92	106	98	150	165	86	0	255
 73009	91	105	98	150	165	85	0	255
 73054	90	103	98	150	165	84	0	255
 73100	89	102	98	150	165	83	0	255
 73149	89	101	98	150	165	82	0	255
 73191	88	100	98	150	165	80	0	255
 73236	87	99	98	150	165	80	0	255
 73281	87	98	98	150	165	78	0	255
 73327	86	97	98	150	165	78	0	255
 73372	85	96	98	150	165	76	0	255
 73417	85	96	98	150	165	76	0	255
 73462	84	95	98	150	165	74	0	255
 73553	83	93	98	150	165	72	0	255
 73598	83	92	98	150	165	72	0	255
 73644	82	91	98	150	165	71	0	255
 73689	81	91	98	150	165	70	0	255
 73735	81	90	98	150	165	70	0	255
 73780	80	89	98	150	165	68	0	255
 73825	80	88	98	150	165	68	0	255
 73870	79	88	98	150	165	67	0	255
 73916	79	87	97	150	165	66	0	255
 73961	79	86	97	150	165	66	0	255
 74007	78	86	97	150	165	65	0	255
 74052	78	85	97	150	165	64	0	255
 74097	77	84	97	150	165	64	0	255
 74143	77	84	97	150	165	64	0	255
 74188	76	83	97	150	165	62	0	255
 74234	76	82	97	150	165	62	0	255
 74279	76	81	97	150	165	61	0	255
 74324	75	81	97	150	165	60	0	255
 74369	75	80	97	150	165	61	0	255
 74415	75	79	97	150	165	60	0	255
 74461	74	79	97	150	165	58	0	255
 74505	74	78	97	150	165	58	0	255
 74551	74	77	97	150	165	57	0	255
 74596	73	77	97	150	165	56	0	255
 74687	73	76	97	150	165	57	0	255
 74732	72	75	97	150	165	56	0	255
 74778	72	75	97	150	165	54	0	255
 74823	72	74	97	150	165	54	0	255
 74868	72	74	97	150	165	53	0	255
 74914	71	73	97	150	165	54	0	255
 74959	71	73	97	150	165	53	0	255
 75004	71	73	97	150	165	52	0	255
 75050	71	72	97	150	165	52	0	255
 75095	70	72	97	150	165	52	0	255
 75141	70	72	97	150	165	51	0	255
 75186	70	71	97	150	165	52	0	255
 75231	70	71	96	150	165	51	0	255
 75280	69	71	96	150	165	50	0	255
 75322	69	70	96	150	164	50	0	255
 75367	69	70	96	150	164	50	0	255
 75413	69	70	96	150	164	50	0	255
 75458	69	69	96	150	164	50	0	255
 75503	68	69	96	150	164	48	0	255
 75549	68	69	96	150	164	48	0	255
 75598	68	69	96	150	164	48	0	255
 75639	68	68	96	150	164	48	0	255
 75685	68	68	96	150	164	46	0	255
 75730	68	68	96	150	164	47	0	255
 75775	67	68	96	150	164	47	0	255
 75821	67	68	96	150	164	46	0	255
 75866	67	67	96	150	164	45	0	255
 75911	67	67	96	150	164	46	0	255
 75961	67	67	96	150	164	46	0	255
 76002	67	67	96	150	164	45	0	255
 76051	67	67	96	150	164	45	0	255
 76093	66	66	96	150	164	44	0	255
 76138	66	66	96	150	164	45	0	255
 76184	66	66	96	150	164	44	0	255
 76229	66	66	96	150	164	44	0	255
 76274	66	66	96	150	164	44	0	255
 76320	66	66	96	150	164	42	0	255
 76365	66	65	96	150	164	44	0	255
 76414	65	65	96	150	164	42	0	255
 76456	65	65	96	150	164	42	0	255
 76501	65	65	96	150	164	42	0	255
 76546	65	65	96	150	164	42	0	255
 76592	65	65	96	150	164	42	0	255
 76637	65	65	96	150	164	41	0	255
 76682	65	64	95	150	164	41	0	255
 76728	65	64	95	150	164	41	0	255
 76773	65	64	95	150	164	41	0	255
 76818	64	64	95	150	164	41	0	255
 76864	64	64	95	150	164	40	0	255
 76909	64	64	95	150	164	40	0	255
 76955	64	64	95	150	164	40	0	255
 77002	64	64	95	150	164	40	0	255
 77045	64	63	95	150	164	40	0	255
 77091	64	63	95	150	164	40	0	255
 77136	64	63	95	150	164	38	0	255
 77181	64	63	95	150	164	38	0	255
 77227	64	63	95	150	164	40	0	255
 77272	63	63	95	150	164	38	0	255
 77321	63	63	95	150	164	37	0	255
 77363	63	63	95	150	164	38	0	255
 77408	63	63	95	150	164	38	0	255
 77453	63	62	95	150	164	37	0	255
 77499	63	62	95	150	164	37	0	255
 77544	63	62	95	150	164	37	0	255
 77590	63	62	95	150	164	37	0	255
 77635	63	62	95	150	164	37	0	255
 77680	63	62	95	150	164	37	0	255
 77726	63	62	95	150	164	36	0	255
 77772	63	62	95	150	164	36	0	255
 77817	63	62	95	150	164	36	0	255
 77862	62	62	95	150	164	36	0	255
 77907	62	62	95	150	164	37	0	255
 77953	62	62	95	150	164	36	0	255
 77998	62	61	95	150	164	36	0	255
 78043	62	61	95	150	164	36	0	255
 78089	62	61	95	150	164	36	0	255
 78134	62	61	95	150	164	35	0	255
 78225	62	61	95	150	164	35	0	255
 78270	62	61	95	150	164	35	0	255
 78315	62	61	95	150	164	35	0	255
 78361	62	61	95	150	164	35	0	255
 78406	62	61	95	150	164	35	0	255
 78451	62	61	95	150	164	34	0	255
 78497	62	61	94	150	164	34	0	255
 78542	62	61	95	150	164	34	0	255
 78587	62	60	94	150	164	34	0	255
 78633	61	60	94	150	164	34	0	255
 78678	61	60	94	150	164	34	0	255
 78723	61	60	94	150	164	32	0	255
 78769	61	60	94	150	164	34	0	255
 78814	61	60	94	150	164	34	0	255
 78859	61	60	94	150	164	32	0	255
 78905	61	60	94	150	164	34	0	255
 78950	61	60	94	150	164	32	0	255
 78996	61	60	94	150	164	32	0	255
 79041	61	60	94	150	164	32	0	255
 79086	61	60	94	150	164	34	0	255
 79132	61	60	94	150	164	32	0	255
 79177	61	60	94	150	164	32	0	255
 79222	61	60	94	150	164	32	0	255
 79268	61	60	94	150	164	32	0	255
 79313	61	60	94	150	164	31	0	255
 79358	61	60	94	150	164	32	0	255
 79404	61	59	94	150	164	32	0	255
 79449	61	59	94	150	164	31	0	255
 79494	61	59	94	150	164	31	0	255
 79540	61	59	94	150	164	31	0	255
 79585	61	59	94	150	164	31	0	255
 79631	61	59	94	150	164	31	0	255
 79676	61	59	94	150	164	31	0	255
 79721	61	59	94	150	164	31	0	255
 79767	60	59	94	150	164	31	0	255
 79812	60	59	94	150	164	31	0	255
 79857	60	59	94	150	164	31	0	255
 79903	60	59	94	150	164	31	0	255
 79948	60	59	94	150	164	31	0	255
 79993	60	59	94	150	164	31	0	255
 80039	60	59	94	150	164	31	0	255
 80084	60	59	94	150	164	31	0	255
 80129	60	59	94	150	164	31	0	255
 80175	60	59	94	150	164	31	0	255
 80220	60	59	94	150	164	31	0	255
 80265	60	59	94	150	164	31	0	255
 80311	60	59	94	150	163	31	0	255
 80356	60	59	94	150	163	30	0	255
 80401	60	59	94	150	163	31	0	255
 80447	60	59	94	150	163	31	0	255
 80537	60	58	94	150	163	30	0	255
 80583	60	58	94	150	163	30	0	255
 80628	60	59	93	150	163	30	0	255
 80673	60	58	94	150	163	30	0	255
 80719	60	58	93	150	163	30	0	255
 80764	60	58	93	150	163	30	0	255
 80809	60	58	93	150	163	30	0	255
 80855	60	58	93	150	163	30	0	255
 80900	60	58	93	150	163	30	0	255
 80950	60	58	93	150	163	30	0	255
 80991	60	58	93	150	163	30	0	255
 81036	60	58	93	150	163	30	0	255
 81082	60	58	93	150	163	30	0	255
 81127	60	58	93	150	163	29	0	255
 81172	60	58	93	150	163	30	0	255
 81218	60	58	93	150	163	29	0	255
 81263	60	58	93	150	163	29	0	255
 81308	60	58	93	150	163	30	0	255
 81354	60	58	93	150	163	29	0	255
 81399	60	58	93	150	163	30	0	255
 81444	60	58	93	149	163	30	0	255
 81490	60	58	93	150	163	30	0	255
 81535	60	58	93	150	163	28	0	255
 81581	60	58	93	150	163	29	0	255
 81630	60	58	93	150	163	30	0	255
 81671	60	58	93	149	163	29	0	255
 81762	59	58	93	149	163	29	0	255
 81807	59	58	93	149	163	29	0	255
 81898	59	58	93	149	163	29	0	255
 81943	59	58	93	149	163	29	0	255
 81989	59	58	93	149	163	29	0	255
 82034	59	58	93	149	163	29	0	255
 82125	59	58	93	149	163	28	0	255
 82170	59	58	93	149	163	28	0	255
 82215	59	58	93	149	163	29	0	255
 82261	59	58	93	149	163	29	0	255
 82306	59	58	93	149	163	28	0	255
 82351	59	58	93	149	163	28	0	255
 82397	59	58	93	149	163	28	0	255
 82442	59	58	93	149	163	28	0	255
 82487	59	58	93	149	163	29	0	255
 82533	59	58	93	149	163	28	0	255
 82578	59	58	93	149	163	29	0	255
 82624	59	57	93	149	163	28	0	255
 82669	59	57	93	149	163	28	0	255
 82714	59	57	93	149	163	28	0	255
 82760	59	57	93	149	163	28	0	255
 82805	59	57	93	149	163	28	0	255
 82850	59	57	93	149	163	28	0	255
 82896	59	57	93	149	163	29	0	255
 82941	59	57	92	149	163	28	0	255
 82986	59	57	92	149	163	28	0	255
 83032	59	57	92	149	163	29	0	255
 83077	59	57	92	149	163	29	0	255
 83122	59	57	92	149	163	28	0	255
 83168	59	57	92	149	163	28	0	255
 83213	59	57	92	149	163	28	0	255
 83258	59	57	92	149	163	28	0	255
 83304	59	57	92	149	163	28	0	255
 83349	59	57	92	149	163	28	0	255
 83394	59	57	92	149	163	28	0	255
 83440	59	57	92	149	163	28	0	255
 83485	59	57	92	149	163	28	0	255
 83531	59	57	92	149	163	28	0	255
 83576	59	57	92	149	163	28	0	255
 83621	59	57	92	149	163	28	0	255
 83667	59	57	92	149	163	28	0	255
 83712	59	57	92	149	163	26	0	255
 83757	59	57	92	149	163	28	0	255
 83803	59	57	92	149	163	28	0	255
 83848	59	57	92	149	163	28	0	255
 83893	59	57	92	149	163	28	0	255
 83939	59	57	92	149	163	29	0	255
 83984	59	57	92	149	163	28	0	255
 84029	59	57	92	149	163	26	0	255
 84075	59	57	92	149	163	26	0	255
 84120	59	57	92	149	163	28	0	255
 84165	59	57	92	149	163	28	0	255
 84211	59	57	92	149	163	26	0	255
 84256	59	57	92	149	163	26	0	255
 84302	59	57	92	149	163	28	0	255
 84347	59	57	92	149	163	28	0	255
 84392	59	57	92	149	163	28	0	255
 84438	59	57	92	149	163	28	0	255
 84483	59	57	92	149	163	28	0	255
 84528	59	57	92	149	163	28	0	255
 84574	59	57	92	149	163	26	0	255
 84664	59	57	92	149	163	28	0	255
 84710	59	57	92	149	163	26	0	255
 84755	59	57	92	149	163	28	0	255
 84800	59	57	92	149	163	28	0	255
 84846	59	57	92	149	163	26	0	255
 84891	59	57	92	149	163	28	0	255
 84936	59	57	92	149	163	26	0	255
 84982	59	57	92	149	163	28	0	255
 85027	59	57	92	149	162	28	0	255
 85073	59	57	92	149	163	26	0	255
 85118	59	57	92	149	162	28	0	255
 85163	59	57	92	149	162	28	0	255
 85209	59	57	92	149	162	26	0	255
 85254	59	57	92	149	162	28	0	255
 85299	59	57	92	149	162	26	0	255
 85345	59	57	92	149	162	26	0	255
 85390	59	57	92	149	162	26	0	255
 85435	59	57	92	149	162	26	0	255
 85481	59	57	92	149	162	26	0	255
 85526	59	57	91	149	162	26	0	255
 85571	59	57	91	149	162	26	0	255
 85617	59	57	91	149	162	26	0	255
 85662	59	57	91	149	162	26	0	255
 85707	59	57	91	149	162	25	0	255
 85753	59	57	91	149	162	28	0	255
 85798	59	57	91	149	162	25	0	255
 85844	59	57	91	149	162	26	0	255
 85889	59	57	91	149	162	26	0	255
 85934	59	57	91	149	162	26	0	255
 85980	59	57	91	149	162	26	0	255
 86025	59	57	91	149	162	25	0	255
 86070	59	57	91	149	162	25	0	255
 86116	59	57	91	149	162	25	0	255
 86161	59	57	91	149	162	26	0	255
 86206	59	57	91	149	162	25	0	255
 86252	59	57	91	149	162	26	0	255
 86297	59	57	91	149	162	26	0	255
 86342	59	57	91	149	162	26	0	255
