HomeCentral
 Falkenstrasse 20
 8630 Rueti
 Datum: 29.11.14 00:00
 
 Startzeit: 2014-11-29 00:00:10 +0100
 55	35	35	45	96	99	8	0	255
 100	35	35	45	96	99	8	0	255
 146	35	35	45	96	99	8	0	255
 191	35	35	45	96	98	8	0	255
 236	35	35	45	96	99	8	0	255
 282	35	35	45	96	98	8	0	255
 327	35	35	46	96	99	8	0	255
 373	35	35	45	96	98	8	0	255
 418	35	35	46	96	99	8	0	255
 463	35	35	45	96	98	7	0	255
 509	35	35	45	96	99	8	0	255
 554	35	35	45	96	98	8	0	255
 602	35	35	45	96	98	8	0	255
 645	35	35	46	96	98	8	0	255
 690	35	35	45	96	98	8	0	255
 735	35	35	45	96	98	8	0	255
 781	35	35	45	96	98	8	0	255
 826	35	35	45	96	98	8	0	255
 871	35	35	45	96	98	8	0	255
 917	35	35	45	96	98	8	0	255
 962	35	35	45	96	98	8	0	255
 1007	35	35	46	96	98	8	0	255
 1053	35	35	45	96	98	8	0	255
 1098	35	35	46	96	98	10	0	255
 1143	35	35	45	96	98	8	0	255
 1189	35	35	45	96	98	8	0	255
 1234	35	35	46	96	98	10	0	255
 1280	35	35	45	96	98	8	0	255
 1325	35	35	46	96	98	10	0	255
 1370	35	35	45	96	98	8	0	255
 1416	35	35	45	96	98	8	0	255
 1461	35	35	45	96	98	8	0	255
 1506	35	35	45	96	98	10	0	255
 1597	35	35	45	96	98	8	0	255
 1642	35	35	45	96	98	10	0	255
 1688	35	35	45	96	98	10	0	255
 1733	35	35	45	96	98	10	0	255
 1778	35	35	45	96	98	8	0	255
 1824	35	35	45	96	98	10	0	255
 1869	35	35	45	96	98	10	0	255
 1914	35	35	45	96	98	10	0	255
 1960	35	35	45	96	98	8	0	255
 2005	35	35	45	96	98	10	0	255
 2050	35	35	45	96	98	10	0	255
 2096	35	35	45	96	98	10	0	255
 2141	35	35	45	96	98	10	0	255
 2187	35	35	45	96	98	10	0	255
 2232	35	35	45	96	98	10	0	255
 2277	35	35	45	96	98	8	0	255
 2323	35	35	45	96	98	10	0	255
 2413	35	35	45	96	98	10	0	255
 2459	35	35	45	96	98	10	0	255
 2504	35	35	45	96	98	10	0	255
 2549	35	35	45	96	98	10	0	255
 2595	35	35	45	96	98	10	0	255
 2640	35	35	45	96	98	10	0	255
 2685	35	35	45	96	98	10	0	255
 2821	35	35	45	96	98	10	0	255
 2867	35	35	45	96	98	10	0	255
 2912	35	35	45	96	98	10	0	255
 2958	35	35	45	96	98	10	0	255
 3003	35	35	45	96	98	10	0	255
 3048	35	35	45	96	98	8	0	255
 3094	35	35	45	96	98	10	0	255
 3139	35	35	45	96	98	10	0	255
 3184	35	35	45	96	98	10	0	255
 3230	35	35	45	96	98	10	0	255
 3275	35	35	45	96	98	11	0	255
 3320	35	35	45	96	98	10	0	255
 3366	35	35	45	96	98	10	0	255
 3411	35	35	45	96	98	10	0	255
 3456	35	35	45	96	98	11	0	255
 3502	35	35	45	96	98	10	0	255
 3547	35	35	45	96	98	10	0	255
 3638	35	35	45	96	98	10	0	255
 3683	35	35	45	96	98	11	0	255
 3733	35	35	45	96	98	10	0	255
 3774	35	35	45	96	98	10	0	255
 3819	35	35	45	96	98	11	0	255
 3864	35	35	45	96	98	11	0	255
 3910	35	35	45	96	98	10	0	255
 4001	35	35	45	96	98	11	0	255
 4046	35	35	45	96	98	10	0	255
 4091	35	35	45	96	98	11	0	255
 4141	35	35	45	96	98	11	0	255
 4182	35	35	45	96	98	11	0	255
 4234	35	35	45	96	98	10	0	255
 4273	35	35	45	96	98	11	0	255
 4318	35	35	45	96	98	11	0	255
 4363	35	35	45	96	98	11	0	255
 4409	35	35	45	96	98	10	0	255
 4454	35	35	45	96	98	11	0	255
 4545	35	35	45	96	98	10	0	255
 4590	35	35	45	96	98	11	0	255
 4635	35	35	45	96	98	11	0	255
 4681	35	35	45	96	98	11	0	255
 4726	35	35	45	96	98	11	0	255
 4771	35	35	45	96	98	11	0	255
 4828	35	35	45	96	98	11	0	255
 4866	35	35	45	96	98	11	0	255
 4909	35	35	45	96	98	11	0	255
 4957	35	35	45	96	98	11	0	255
 4998	35	35	45	96	98	11	0	255
 5045	35	35	45	96	98	11	0	255
 5089	35	35	45	96	98	11	0	255
 5134	35	35	45	96	98	11	0	255
 5180	35	35	45	96	98	11	0	255
 5228	35	35	45	96	98	12	0	255
 5270	35	35	45	96	98	11	0	255
 5316	35	35	45	96	98	11	0	255
 5363	35	35	45	96	98	11	0	255
 5406	35	35	45	96	98	11	0	255
 5452	35	35	45	96	98	12	0	255
 5498	35	35	45	96	98	11	0	255
 5548	35	35	45	96	98	11	0	255
 5588	35	35	45	96	98	11	0	255
 5633	35	35	45	96	98	12	0	255
 5680	35	35	45	96	98	11	0	255
 5725	35	35	45	96	98	11	0	255
 5769	35	35	45	96	98	11	0	255
 5815	35	35	45	96	98	12	0	255
 5860	35	35	45	96	98	12	0	255
 5905	35	35	45	96	98	11	0	255
 5951	35	35	45	96	98	11	0	255
 6041	35	35	45	96	98	11	0	255
 6087	35	35	45	96	98	12	0	255
 6132	35	35	45	96	98	12	0	255
 6177	35	35	45	96	98	12	0	255
 6223	35	35	45	96	98	11	0	255
 6268	35	35	45	96	98	11	0	255
 6313	35	35	45	96	98	12	0	255
 6359	35	35	45	96	98	12	0	255
 6404	35	35	45	96	98	12	0	255
 6450	35	35	45	96	98	12	0	255
 6495	35	35	45	96	98	12	0	255
 6540	35	35	45	96	98	12	0	255
 6586	35	35	45	96	98	11	0	255
 6631	35	35	45	96	98	12	0	255
 6676	35	35	45	96	98	12	0	255
 6722	35	35	45	96	98	12	0	255
 6767	35	35	45	96	98	12	0	255
 6812	35	35	45	96	98	12	0	255
 6858	35	35	45	96	98	12	0	255
 6903	35	35	45	96	98	12	0	255
 6948	35	35	45	96	98	12	0	255
 6994	35	35	45	96	98	12	0	255
 7039	35	35	45	96	98	12	0	255
 7084	35	35	45	96	98	12	0	255
 7175	35	35	45	95	98	12	0	255
 7220	35	35	45	95	98	12	0	255
 7266	35	35	45	95	98	12	0	255
 7311	35	35	45	95	98	12	0	255
 7357	35	35	45	95	98	12	0	255
 7402	35	35	45	96	98	12	0	255
 7447	35	35	45	95	98	12	0	255
 7493	35	35	45	95	98	12	0	255
 7538	35	35	45	95	98	12	0	255
 7583	35	35	45	95	98	12	0	255
 7632	35	35	45	95	98	12	0	255
 7674	35	35	45	95	98	12	0	255
 7719	35	35	45	95	98	12	0	255
 7765	35	35	45	95	98	11	0	255
 7810	35	35	45	95	98	11	0	255
 7855	35	35	45	95	98	12	0	255
 7901	35	35	45	95	98	12	0	255
 7946	35	35	45	95	98	12	0	255
 7991	35	35	45	95	98	12	0	255
 8037	35	35	45	95	98	12	0	255
 8082	35	35	45	95	98	11	0	255
 8128	35	35	45	95	98	12	0	255
 8173	35	35	45	95	98	12	0	255
 8264	35	35	45	95	98	12	0	255
 8309	35	35	45	95	98	12	0	255
 8400	35	35	45	95	98	12	0	255
 8445	35	35	45	95	98	12	0	255
 8490	35	35	45	95	98	13	0	255
 8581	35	35	45	95	98	13	0	255
 8626	35	35	45	95	98	11	0	255
 8717	35	35	45	95	98	12	0	255
 8762	35	35	45	95	98	13	0	255
 8808	35	35	45	95	98	12	0	255
 8853	35	35	45	95	98	12	0	255
 8898	35	35	45	95	98	12	0	255
 8989	35	35	45	95	98	12	0	255
 9034	35	35	45	95	98	12	0	255
 9080	35	35	45	95	98	13	0	255
 9125	35	35	45	95	98	12	0	255
 9171	35	35	45	95	98	12	0	255
 9216	35	35	45	95	98	13	0	255
 9261	35	35	45	95	98	13	0	255
 9307	35	35	45	95	98	12	0	255
 9352	35	35	45	95	98	12	0	255
 9397	35	35	45	95	98	12	0	255
 9443	35	35	45	95	98	12	0	255
 9488	35	35	45	95	98	13	0	255
 9533	35	35	45	95	98	12	0	255
 9579	35	35	45	95	98	12	0	255
 9624	35	35	45	95	98	13	0	255
 9669	35	35	45	95	98	12	0	255
 9715	35	35	45	95	98	12	0	255
 9760	35	35	45	95	98	12	0	255
 9805	35	35	45	95	98	12	0	255
 9851	35	35	45	95	98	12	0	255
 9896	35	35	45	95	98	12	0	255
 9942	35	35	45	95	98	12	0	255
 9987	35	35	45	95	98	12	0	255
 10032	35	35	45	95	98	12	0	255
 10078	35	35	45	95	98	12	0	255
 10123	35	35	45	95	98	12	0	255
 10168	35	35	45	95	98	12	0	255
 10214	35	35	45	95	98	12	0	255
 10259	35	35	45	95	98	12	0	255
 10304	35	35	45	95	98	12	0	255
 10350	35	35	45	95	98	12	0	255
 10395	35	35	45	95	98	12	0	255
 10441	35	35	45	95	98	12	0	255
 10486	35	35	45	95	98	12	0	255
 10531	35	35	45	95	98	12	0	255
 10576	35	35	45	95	98	12	0	255
 10622	35	35	45	95	98	12	0	255
 10667	35	35	45	95	98	12	0	255
 10713	35	35	45	95	98	12	0	255
 10758	35	35	45	95	98	12	0	255
 10803	35	35	45	95	98	12	0	255
 10849	35	35	45	95	98	12	0	255
 10894	35	35	45	95	98	12	0	255
 10939	35	35	45	95	98	12	0	255
 10985	35	35	45	95	98	13	0	255
 11030	35	35	45	95	98	12	0	255
 11075	35	35	45	95	98	12	0	255
 11121	35	35	45	95	98	12	0	255
 11166	35	35	45	95	98	12	0	255
 11211	35	35	45	95	98	12	0	255
 11257	35	35	45	95	98	12	0	255
 11302	35	35	45	95	98	12	0	255
 11347	35	35	45	95	98	13	0	255
 11393	35	35	45	95	98	12	0	255
 11438	35	35	45	95	98	12	0	255
 11484	35	35	45	95	98	12	0	255
 11529	35	35	45	95	98	13	0	255
 11574	35	35	45	95	98	13	0	255
 11620	35	35	45	95	98	13	0	255
 11665	35	35	45	95	98	12	0	255
 11715	35	35	45	95	98	12	0	255
 11756	35	35	45	95	98	12	0	255
 11801	35	35	45	95	98	12	0	255
 11846	35	35	45	95	98	12	0	255
 11892	35	35	45	95	98	12	0	255
 11937	35	35	45	95	98	12	0	255
 11982	35	35	45	95	98	12	0	255
 12028	35	35	45	95	98	12	0	255
 12073	35	35	45	95	98	12	0	255
 12118	35	35	45	95	98	12	0	255
 12164	35	35	45	95	98	12	0	255
 12209	35	35	45	95	98	12	0	255
 12255	35	35	45	95	98	12	0	255
 12300	35	35	45	95	97	13	0	255
 12345	35	35	45	95	97	12	0	255
 12391	35	35	45	95	97	12	0	255
 12440	35	35	45	95	97	12	0	255
 12481	35	35	45	95	97	12	0	255
 12527	35	35	45	95	97	12	0	255
 12572	35	35	45	95	97	12	0	255
 12617	35	35	45	95	97	13	0	255
 12663	35	35	45	95	97	12	0	255
 12708	35	35	45	95	97	12	0	255
 12757	35	35	45	95	97	12	0	255
 12799	35	35	45	95	97	12	0	255
 12844	35	35	45	95	97	12	0	255
 12889	35	35	45	95	97	12	0	255
 12935	35	35	45	95	97	12	0	255
 12980	35	35	45	95	97	12	0	255
 13025	35	35	45	95	97	13	0	255
 13071	35	35	45	95	97	13	0	255
 13116	35	35	45	95	97	12	0	255
 13162	35	35	45	95	97	12	0	255
 13207	35	35	45	95	97	12	0	255
 13252	35	35	45	95	97	12	0	255
 13298	35	35	45	95	97	12	0	255
 13343	35	35	45	95	97	12	0	255
 13388	35	35	45	95	97	12	0	255
 13434	35	35	45	95	97	12	0	255
 13479	35	35	45	95	97	13	0	255
 13524	35	35	45	95	97	13	0	255
 13570	35	35	45	95	97	12	0	255
 13615	35	35	45	95	97	12	0	255
 13660	35	35	45	95	97	12	0	255
 13706	35	35	45	95	97	12	0	255
 13751	35	35	45	95	97	13	0	255
 13796	35	35	45	95	97	12	0	255
 13842	35	35	45	95	97	12	0	255
 13887	35	35	45	95	97	12	0	255
 13933	35	35	45	95	97	13	0	255
 13978	35	35	45	95	97	12	0	255
 14023	35	35	45	95	97	12	0	255
 14069	35	35	45	95	97	13	0	255
 14114	35	35	45	95	97	13	0	255
 14159	35	35	45	95	97	12	0	255
 14205	35	35	45	95	97	13	0	255
 14250	35	35	45	95	97	13	0	255
 14295	35	35	45	95	97	13	0	255
 14341	35	35	45	95	97	13	0	255
 14386	35	35	45	95	97	13	0	255
 14431	35	35	45	95	97	12	0	255
 14522	35	35	45	95	97	13	0	255
 14567	35	35	45	95	97	13	0	255
 14613	35	35	45	95	97	13	0	255
 14658	35	35	45	95	97	13	0	255
 14749	35	35	45	95	97	13	0	255
 14794	35	35	45	95	97	12	0	255
 14840	35	35	45	95	97	13	0	255
 14885	35	35	45	95	97	13	0	255
 14930	35	35	45	95	97	13	0	255
 14976	35	35	45	95	97	13	0	255
 15021	35	35	45	95	97	13	0	255
 15066	35	35	45	95	97	13	0	255
 15112	35	35	45	95	97	13	0	255
 15157	35	35	45	95	97	12	0	255
 15202	35	35	45	95	97	12	0	255
 15248	35	35	45	95	97	12	0	255
 15293	35	35	45	95	97	12	0	255
 15338	35	35	45	95	97	12	0	255
 15384	35	35	45	95	97	13	0	255
 15429	35	35	45	95	97	13	0	255
 15474	35	35	45	95	97	13	0	255
 15520	35	35	45	95	97	13	0	255
 15565	35	35	45	95	97	12	0	255
 15611	35	35	45	95	97	13	0	255
 15656	35	35	45	95	97	13	0	255
 15701	35	35	45	95	97	12	0	255
 15747	35	35	45	95	97	13	0	255
 15792	35	35	45	95	97	13	0	255
 15837	35	35	45	95	97	12	0	255
 15883	35	35	45	95	97	13	0	255
 15928	35	35	45	95	97	13	0	255
 15977	35	35	45	95	97	13	0	255
 16019	35	35	45	95	97	13	0	255
 16064	35	35	45	95	97	13	0	255
 16109	35	35	45	95	97	13	0	255
 16155	35	35	45	95	97	13	0	255
 16200	35	35	45	95	97	14	0	255
 16245	35	35	45	95	97	13	0	255
 16291	35	35	45	95	97	13	0	255
 16336	35	35	45	95	97	13	0	255
 16382	35	35	45	95	97	12	0	255
 16427	35	35	45	95	97	13	0	255
 16472	35	35	45	94	97	13	0	255
 16518	35	35	45	94	97	13	0	255
 16563	35	35	45	94	97	13	0	255
 16608	35	35	45	94	97	13	0	255
 16654	35	35	45	94	97	13	0	255
 16699	35	35	45	95	97	13	0	255
 16744	35	35	45	94	97	12	0	255
 16790	35	35	45	94	97	13	0	255
 16835	35	35	45	94	97	13	0	255
 16880	35	35	45	94	97	13	0	255
 16971	35	35	45	94	97	13	0	255
 17016	35	35	45	94	97	13	0	255
 17062	35	35	45	94	97	13	0	255
 17107	35	35	45	94	97	13	0	255
 17152	35	35	45	94	97	12	0	255
 17198	35	35	45	94	97	13	0	255
 17243	35	35	45	94	97	13	0	255
 17289	35	35	45	94	97	13	0	255
 17334	35	35	45	94	97	12	0	255
 17379	35	35	45	94	97	13	0	255
 17425	35	35	45	94	97	13	0	255
 17470	35	35	45	94	97	13	0	255
 17515	35	35	45	94	97	13	0	255
 17561	35	35	45	94	97	13	0	255
 17606	35	35	45	94	97	13	0	255
 17651	35	35	45	94	97	13	0	255
 17697	35	35	45	94	97	13	0	255
 17742	35	35	45	94	97	13	0	255
 17787	35	35	45	94	97	13	0	255
 17833	35	35	45	94	97	13	0	255
 17878	35	35	45	94	97	13	0	255
 17923	35	35	45	94	97	13	0	255
 17969	35	35	45	94	97	13	0	255
 18014	35	35	45	94	97	12	0	255
 18060	35	35	45	94	97	12	0	255
 18105	35	35	45	94	97	13	0	255
 18150	35	35	45	94	97	13	0	255
 18196	35	35	45	94	97	13	0	255
 18241	35	35	45	94	97	13	0	255
 18286	35	35	45	94	97	12	0	255
 18332	35	35	45	94	97	13	0	255
 18377	35	35	45	94	97	13	0	255
 18422	35	35	45	94	97	13	0	255
 18468	35	35	45	94	97	13	0	255
 18513	35	35	45	94	97	13	0	255
 18558	35	35	45	94	97	13	0	255
 18604	35	35	45	94	97	13	0	255
 18649	35	35	45	94	97	13	0	255
 18694	35	35	45	94	97	13	0	255
 18740	35	35	45	94	97	13	0	255
 18785	35	35	45	94	97	12	0	255
 18831	35	35	45	94	97	13	0	255
 18876	35	35	45	94	97	13	0	255
 18921	35	35	45	94	97	13	0	255
 18967	35	35	45	94	97	13	0	255
 19012	35	35	45	94	97	13	0	255
 19057	35	35	45	94	97	13	0	255
 19103	35	35	45	94	97	13	0	255
 19148	35	35	45	94	97	13	0	255
 19193	35	35	45	94	97	13	0	255
 19239	35	35	45	94	97	13	0	255
 19284	35	35	45	94	97	13	0	255
 19329	35	35	45	94	97	13	0	255
 19375	35	35	45	94	97	13	0	255
 19420	35	35	45	94	97	13	0	255
 19465	35	35	45	94	97	13	0	255
 19511	35	35	45	94	97	13	0	255
 19556	35	35	45	94	97	13	0	255
 19602	35	35	45	94	97	13	0	255
 19647	35	35	45	94	97	13	0	255
 19692	35	35	45	94	97	13	0	255
 19738	35	35	45	94	97	13	0	255
 19783	35	35	45	94	97	13	0	255
 19828	35	35	45	94	97	12	0	255
 19874	35	35	45	94	97	13	0	255
 19919	35	35	45	94	97	13	0	255
 19964	35	35	45	94	97	13	0	255
 20010	35	35	45	94	97	13	0	255
 20055	35	35	45	94	97	13	0	255
 20100	35	35	45	94	97	12	0	255
 20146	35	35	45	94	97	13	0	255
 20194	35	35	45	94	97	13	0	255
 20237	35	35	45	94	97	13	0	255
 20282	35	35	45	94	97	14	0	255
 20327	35	35	45	94	97	13	0	255
 20373	35	35	45	94	97	12	0	255
 20418	35	35	45	94	97	13	0	255
 20463	35	35	45	94	97	13	0	255
 20509	35	35	45	94	97	13	0	255
 20599	35	35	45	94	97	13	0	255
 20645	35	35	45	94	97	13	0	255
 20690	35	35	45	94	97	14	0	255
 20735	35	35	45	94	97	13	0	255
 20781	35	35	45	94	97	13	0	255
 20826	35	35	45	94	97	13	0	255
 20871	35	35	45	94	97	12	0	255
 20917	35	35	45	94	97	13	0	255
 20962	35	35	45	94	97	13	0	255
 21007	35	35	45	94	97	14	0	255
 21053	35	35	45	94	97	13	0	255
 21098	35	35	45	94	97	13	0	255
 21144	35	35	45	94	97	13	0	255
 21189	35	35	45	94	97	13	0	255
 21234	35	35	45	94	97	13	0	255
 21280	35	35	45	94	97	13	0	255
 21325	35	35	45	94	97	13	0	255
 21370	35	35	45	94	97	13	0	255
 21416	35	35	45	94	97	13	0	255
 21461	35	35	45	94	97	13	0	255
 21506	35	35	45	94	97	13	0	255
 21552	35	35	45	94	97	13	0	255
 21597	35	34	45	94	97	13	0	255
 21642	35	34	45	94	97	13	0	255
 21688	35	35	45	94	97	13	0	255
 21733	35	35	45	94	97	13	0	255
 21779	35	34	45	94	97	13	0	255
 21824	35	34	45	94	97	13	0	255
 21869	35	34	45	94	97	13	0	255
 21915	34	34	45	94	97	13	0	255
 21960	35	34	45	94	97	14	0	255
 22005	35	34	45	94	97	13	0	255
 22051	35	34	45	94	97	13	0	255
 22096	35	35	45	94	97	13	0	255
 22141	35	34	45	94	97	13	0	255
 22187	35	34	45	94	97	13	0	255
 22232	35	34	45	94	97	13	0	255
 22277	35	34	45	94	97	13	0	255
 22323	35	34	45	94	97	13	0	255
 22368	35	34	45	94	97	13	0	255
 22413	35	34	45	94	97	13	0	255
 22459	34	34	45	94	97	13	0	255
 22504	35	34	45	94	97	13	0	255
 22550	35	34	45	94	97	14	0	255
 22595	35	34	45	94	97	13	0	255
 22640	35	34	45	94	97	13	0	255
 22686	34	34	45	94	97	13	0	255
 22731	34	34	45	94	97	13	0	255
 22776	35	34	45	94	97	13	0	255
 22822	35	34	45	94	97	13	0	255
 22867	35	34	45	94	97	13	0	255
 22912	34	34	45	94	97	13	0	255
 22958	35	34	45	94	97	13	0	255
 23003	35	34	45	94	97	13	0	255
 23052	35	34	45	94	97	13	0	255
 23094	34	34	45	94	97	13	0	255
 23139	34	34	45	94	97	13	0	255
 23184	34	34	45	94	97	13	0	255
 23230	35	34	45	94	97	13	0	255
 23275	34	34	45	94	97	13	0	255
 23321	34	34	45	94	97	13	0	255
 23366	34	34	45	94	97	14	0	255
 23411	34	34	45	94	97	13	0	255
 23457	34	34	45	94	97	13	0	255
 23502	34	34	45	94	97	13	0	255
 23547	34	34	45	94	97	12	0	255
 23593	35	34	45	94	97	12	0	255
 23638	34	34	45	94	97	13	0	255
 23683	34	34	45	94	97	13	0	255
 23729	35	34	45	94	97	13	0	255
 23774	34	34	45	94	96	13	0	255
 23819	35	34	45	94	96	13	0	255
 23865	34	34	45	94	96	13	0	255
 23910	34	34	45	94	96	14	0	255
 23955	34	34	45	94	96	13	0	255
 24001	34	34	45	94	96	13	0	255
 24046	34	34	45	94	96	13	0	255
 24092	34	34	45	94	96	13	0	255
 24137	34	34	45	94	96	13	0	255
 24182	34	34	45	94	96	13	0	255
 24228	34	34	45	94	96	13	0	255
 24273	34	34	45	94	96	13	0	255
 24318	34	34	45	94	96	13	0	255
 24364	34	34	45	94	96	13	0	255
 24409	34	34	45	94	96	13	0	255
 24454	34	34	45	94	96	13	0	255
 24500	34	34	45	94	96	13	0	255
 24549	34	34	45	94	96	13	0	255
 24590	34	34	45	94	96	13	0	255
 24636	34	34	45	94	96	13	0	255
 24681	34	34	45	94	96	13	0	255
 24726	34	34	45	94	96	13	0	255
 24772	34	34	45	94	96	13	0	255
 24817	34	34	45	94	96	13	0	255
 24863	34	34	45	94	96	13	0	255
 24908	34	34	45	94	96	13	0	255
 24953	34	34	45	94	96	14	0	255
 24999	34	34	45	94	96	13	0	255
 25044	34	34	45	94	96	13	0	255
 25089	34	34	45	94	96	13	0	255
 25135	34	34	45	94	96	13	0	255
 25180	34	34	45	94	96	13	0	255
 25225	34	34	45	94	96	13	0	255
 25271	34	34	45	94	96	13	0	255
 25316	34	34	45	94	96	13	0	255
 25361	34	34	45	94	96	13	0	255
 25407	34	34	45	94	96	13	0	255
 25452	34	34	45	93	96	13	0	255
 25497	34	34	45	93	96	13	0	255
 25543	34	34	45	93	96	13	0	255
 25592	34	34	45	94	96	12	0	255
 25634	34	34	45	94	96	12	0	255
 25679	34	34	45	93	96	13	0	255
 25724	34	34	45	93	96	13	0	255
 25770	34	34	45	93	96	13	0	255
 25815	34	34	45	93	96	13	0	255
 25860	34	34	45	93	96	12	0	255
 25906	34	34	45	93	96	13	0	255
 25951	34	34	45	93	96	13	0	255
 25996	34	34	45	93	96	13	0	255
 26042	34	34	45	93	96	13	0	255
 26087	34	34	45	93	96	13	0	255
 26132	34	34	45	93	96	13	0	255
 26178	34	34	45	93	96	13	0	255
 26223	34	34	45	93	96	13	0	255
 26268	34	34	45	93	96	13	0	255
 26314	34	34	45	93	96	13	0	255
 26359	34	34	45	93	96	13	0	255
 26405	34	34	45	93	96	14	0	255
 26450	34	34	45	93	96	13	0	255
 26495	34	34	45	93	96	13	0	255
 26541	34	34	45	93	96	13	0	255
 26586	34	34	45	93	96	13	0	255
 26631	34	34	45	93	96	13	0	255
 26677	34	34	45	93	96	13	0	255
 26722	34	34	45	93	96	13	0	255
 26767	34	34	45	93	96	14	0	255
 26813	34	34	45	93	96	13	0	255
 26858	34	34	45	93	96	14	0	255
 26903	34	34	45	93	96	13	0	255
 26949	34	34	45	93	96	14	0	255
 26994	34	34	45	93	96	13	0	255
 27039	34	34	45	93	96	14	0	255
 27085	34	34	45	93	96	14	0	255
 27130	34	34	44	93	96	13	0	255
 27176	34	34	45	93	96	13	0	255
 27221	34	34	45	93	96	13	0	255
 27266	34	34	44	93	96	13	0	255
 27312	34	34	45	93	96	13	0	255
 27357	34	34	44	93	96	13	0	255
 27402	34	34	45	93	96	13	0	255
 27448	34	34	44	93	96	12	0	255
 27493	34	34	45	93	96	14	0	255
 27538	34	34	45	93	96	13	0	255
 27584	34	34	45	93	96	12	0	255
 27629	34	34	45	93	96	13	0	255
 27674	34	34	45	93	96	13	0	255
 27720	34	34	44	93	96	14	0	255
 27765	34	34	44	93	96	13	0	255
 27810	34	34	45	93	96	13	0	255
 27856	34	34	44	93	96	13	0	255
 27901	34	34	44	93	96	14	0	255
 27946	34	34	44	93	96	14	0	255
 27995	34	34	44	93	96	14	0	255
 28037	34	34	44	93	96	13	0	255
 28128	34	34	44	93	96	13	0	255
 28173	34	34	44	93	96	14	0	255
 28219	34	34	44	93	96	13	0	255
 28264	34	34	44	93	96	13	0	255
 28367	34	34	44	93	96	13	0	255
 28400	34	34	44	93	96	13	0	255
 28445	34	34	44	93	96	14	0	255
 28491	34	34	44	93	96	13	0	255
 28536	34	34	44	93	96	13	0	255
 28581	34	34	44	93	96	14	0	255
 28627	34	34	44	93	96	13	0	255
 28672	34	34	44	93	96	13	0	255
 28717	34	34	44	93	96	14	0	255
 28763	34	34	44	93	96	13	0	255
 28808	34	34	44	93	96	14	0	255
 28853	34	34	44	93	96	14	0	255
 28899	34	34	44	93	96	14	0	255
 28944	34	34	44	93	96	14	0	255
 28990	34	34	44	93	96	14	0	255
 29038	34	34	44	93	96	14	0	255
 29080	34	34	44	93	96	13	0	255
 29126	34	34	44	93	96	13	0	255
 29171	34	34	44	93	96	14	0	255
 29216	34	34	44	93	96	14	0	255
 29262	34	34	44	93	96	13	0	255
 29352	34	34	44	93	96	13	0	255
 29398	34	34	44	93	96	14	0	255
 29443	34	34	44	93	96	14	0	255
 29488	34	34	44	93	96	13	0	255
 29534	34	34	44	93	96	14	0	255
 29579	34	34	44	93	96	14	0	255
 29625	34	34	44	93	96	14	0	255
 29670	34	34	44	93	96	14	0	255
 29715	34	34	44	93	96	16	0	255
 29761	34	34	44	93	96	14	0	255
 29806	34	34	44	93	96	14	0	255
 29851	34	34	44	93	96	14	0	255
 29900	34	34	44	93	96	14	0	255
 29942	34	34	44	93	96	14	0	255
 29987	34	34	44	93	96	16	0	255
 30033	34	34	44	93	96	16	0	255
 30078	34	34	44	93	96	14	0	255
 30123	34	34	44	93	96	16	0	255
 30214	34	34	44	93	96	14	0	255
 30259	34	34	44	93	96	14	0	255
 30305	34	34	44	93	96	16	0	255
 30350	34	34	44	93	96	16	0	255
 30395	34	34	44	93	96	16	0	255
 30441	34	34	44	93	96	16	0	255
 30531	34	34	44	93	96	16	0	255
 30577	34	34	44	93	96	17	0	255
 30622	34	34	44	93	96	16	0	255
 30668	34	34	44	93	96	16	0	255
 30713	34	34	44	93	96	16	0	255
 30758	34	34	44	93	96	16	0	255
 30804	34	34	44	93	96	17	0	255
 30849	34	34	44	93	96	16	0	255
 30894	34	34	44	93	96	17	0	255
 30943	34	34	44	93	96	17	0	255
 30985	34	34	44	93	96	17	0	255
 31030	34	34	44	93	96	17	0	255
 31076	34	34	44	93	96	17	0	255
 31121	34	34	44	93	96	17	0	255
 31166	34	34	44	93	96	17	0	255
 31212	34	34	44	93	96	17	0	255
 31257	34	34	44	93	96	17	0	255
 31302	34	34	44	93	96	17	0	255
 31348	34	34	44	93	96	17	0	255
 31393	34	34	44	93	96	18	0	255
 31439	34	34	44	93	96	17	0	255
 31488	34	34	44	93	96	18	0	255
 31529	34	34	44	93	96	17	0	255
 31575	34	34	44	93	96	18	0	255
 31620	34	34	44	93	96	18	0	255
 31665	34	34	44	93	96	18	0	255
 31711	34	34	44	93	96	18	0	255
 31756	34	34	44	93	96	18	0	255
 31801	34	34	44	93	96	18	0	255
 31847	34	34	44	93	96	17	0	255
 31892	34	34	44	93	96	19	0	255
 31937	34	34	44	93	96	18	0	255
 31983	34	34	44	93	96	18	0	255
 32028	34	34	44	93	96	19	0	255
 32073	34	34	44	93	96	19	0	255
 32119	34	34	44	93	96	19	0	255
 32210	34	34	44	93	96	19	0	255
 32255	34	34	44	93	96	20	0	255
 32300	34	34	44	93	96	19	0	255
 32346	34	34	44	93	96	19	0	255
 32391	34	34	44	93	96	20	0	255
 32436	34	34	44	93	96	20	0	255
 32482	34	34	44	93	96	20	0	255
 32528	34	34	44	93	96	20	0	255
 32595	34	34	44	93	96	20	0	255
 32640	34	34	44	93	96	22	0	255
 32685	34	34	44	93	96	22	0	255
 32731	34	34	44	93	96	20	0	255
 32779	34	34	44	93	96	20	0	255
 32821	34	34	44	93	96	22	0	255
 32867	34	34	44	93	96	22	0	255
 32912	34	34	44	93	96	22	0	255
 32957	34	34	44	93	96	22	0	255
 33003	34	34	44	93	96	23	0	255
 33048	34	34	44	93	96	23	0	255
 33093	34	34	44	93	96	23	0	255
 33139	34	34	44	93	96	23	0	255
 33184	34	34	44	93	96	23	0	255
 33229	34	34	44	93	96	23	0	255
 33275	34	34	44	93	96	23	0	255
 33320	34	34	44	93	96	23	0	255
 33411	34	34	44	93	96	24	0	255
 33456	34	34	44	93	96	24	0	255
 33502	34	34	44	93	96	24	0	255
 33547	34	34	44	93	96	24	0	255
 33592	34	34	44	93	96	24	0	255
 33638	34	34	44	93	96	24	0	255
 33683	34	34	44	93	96	25	0	255
 33728	34	34	44	93	96	25	0	255
 33774	34	34	44	93	96	25	0	255
 33819	34	34	44	93	96	25	0	255
 33864	34	34	44	93	96	25	0	255
 33910	34	34	44	93	96	25	0	255
 33955	34	34	44	93	96	26	0	255
 34000	34	34	44	93	96	26	0	255
 34046	34	34	44	93	96	26	0	255
 34091	34	34	44	93	96	26	0	255
 34137	34	34	44	93	96	26	0	255
 34182	34	34	44	93	96	28	0	255
 34227	34	34	44	93	96	26	0	255
 34273	34	34	44	93	96	26	0	255
 34318	34	34	44	93	96	26	0	255
 34363	34	34	44	93	96	26	0	255
 34409	34	34	44	92	96	28	0	255
 34454	34	34	44	92	96	28	0	255
 34499	34	34	44	92	96	29	0	255
 34545	34	34	44	92	95	28	0	255
 34590	34	34	44	92	96	28	0	255
 34635	34	34	44	92	95	28	0	255
 34681	34	34	44	92	95	28	0	255
 34726	34	34	44	92	96	29	0	255
 34771	34	34	44	92	96	29	0	255
 34817	34	34	44	92	95	29	0	255
 34862	34	34	44	92	95	30	0	255
 34908	34	34	44	92	95	30	0	255
 34953	34	34	44	92	95	30	0	255
 34998	34	34	44	92	95	30	0	255
 35047	34	34	44	92	95	31	0	255
 35089	34	34	44	92	95	31	0	255
 35134	34	34	44	92	95	30	0	255
 35180	34	34	44	92	95	30	0	255
 35225	34	34	44	92	95	31	0	255
 35270	34	34	44	92	95	31	0	255
 35316	34	34	44	92	95	31	0	255
 35361	34	34	44	92	95	31	0	255
 35406	34	34	44	92	95	31	0	255
 35452	34	34	44	92	95	31	0	255
 35497	34	34	44	92	95	32	0	255
 35543	34	34	44	92	95	32	0	255
 35588	34	34	44	92	95	32	0	255
 35633	34	34	44	92	95	32	0	255
 35682	34	34	44	92	95	34	0	255
 35724	34	34	44	92	95	32	0	255
 35769	34	34	44	92	95	32	0	255
 35815	34	34	44	92	95	32	0	255
 35860	34	34	44	92	95	34	0	255
 35910	34	34	44	92	95	34	0	255
 35951	34	34	44	92	95	32	0	255
 35996	34	34	44	92	95	34	0	255
 36041	34	34	44	92	95	34	0	255
 36087	34	34	44	92	95	34	0	255
 36132	34	34	44	92	95	35	0	255
 36177	34	34	44	92	95	34	0	255
 36223	34	34	44	92	95	34	0	255
 36268	34	34	44	92	95	35	0	255
 36314	34	34	44	92	95	34	0	255
 36359	34	34	44	92	95	35	0	255
 36404	34	34	44	92	95	35	0	255
 36450	34	34	44	92	95	36	0	255
 36495	34	34	44	92	95	35	0	255
 36540	34	34	44	92	95	36	0	255
 36586	34	34	44	92	95	35	0	255
 36631	34	34	44	92	95	36	0	255
 36676	34	34	44	92	95	36	0	255
 36722	34	34	44	92	95	37	0	255
 36767	34	34	44	92	95	37	0	255
 36812	34	34	44	92	95	37	0	255
 36858	34	34	44	92	95	37	0	255
 36903	34	34	44	92	95	37	0	255
 36949	34	34	44	92	95	37	0	255
 36994	34	34	44	92	95	37	0	255
 37039	34	34	44	92	95	38	0	255
 37085	34	34	44	92	95	38	0	255
 37130	34	34	44	92	95	37	0	255
 37175	34	34	44	92	95	38	0	255
 37221	34	34	44	92	95	38	0	255
 37266	34	34	44	92	95	38	0	255
 37311	34	34	44	92	95	38	0	255
 37357	34	34	44	92	95	38	0	255
 37402	34	34	44	92	95	38	0	255
 37447	34	34	44	92	95	38	0	255
 37493	34	34	44	92	95	38	0	255
 37538	34	34	44	92	95	38	0	255
 37629	34	34	44	92	95	40	0	255
 37674	34	34	44	92	95	40	0	255
 37720	34	34	44	92	95	40	0	255
 37765	34	34	44	92	95	40	0	255
 37810	34	34	44	92	95	41	0	255
 37856	34	34	44	92	95	41	0	255
 37901	34	34	44	92	95	40	0	255
 37946	34	34	44	92	95	40	0	255
 37992	34	34	44	92	95	40	0	255
 38037	34	34	44	92	95	40	0	255
 38082	34	34	44	92	95	40	0	255
 38128	34	34	44	92	95	41	0	255
 38173	34	34	44	92	95	41	0	255
 38218	34	34	44	92	95	41	0	255
 38264	34	34	44	92	95	40	0	255
 38309	34	34	44	92	95	41	0	255
 38355	34	34	44	92	95	42	0	255
 38400	34	34	44	92	95	42	0	255
 38445	34	34	44	92	95	42	0	255
 38491	34	34	44	92	95	41	0	255
 38536	34	34	44	92	95	42	0	255
 38581	34	34	44	92	95	41	0	255
 38627	34	34	44	92	95	42	0	255
 38672	34	34	44	92	95	42	0	255
 38717	34	34	44	92	95	44	0	255
 38763	34	34	44	92	95	42	0	255
 38808	34	34	44	92	95	42	0	255
 38853	34	34	44	92	95	44	0	255
 38944	34	34	44	92	95	44	0	255
 38989	34	34	44	92	95	44	0	255
 39035	34	34	44	92	95	44	0	255
 39080	34	34	44	92	95	44	0	255
 39126	34	34	44	92	95	44	0	255
 39171	34	34	44	92	95	44	0	255
 39216	34	34	44	92	95	44	0	255
 39262	34	34	44	92	95	44	0	255
 39352	34	34	44	92	95	44	0	255
 39398	34	34	44	92	95	44	0	255
 39443	34	34	44	92	95	44	0	255
 39534	34	34	44	92	95	44	0	255
 39579	34	34	44	92	95	45	0	255
 39624	34	34	44	92	95	44	0	255
 39670	34	34	44	92	95	45	0	255
 39715	34	34	44	92	95	44	0	255
 39760	34	34	44	92	95	45	0	255
 39806	34	34	44	92	95	44	0	255
 39851	34	34	44	92	95	44	0	255
 39897	34	34	44	92	95	45	0	255
 39942	34	34	44	92	95	45	0	255
 39987	34	34	44	92	95	44	0	255
 40033	34	34	44	92	95	46	0	255
 40078	34	34	44	92	95	45	0	255
 40123	34	34	44	92	95	46	0	255
 40169	34	34	44	92	95	45	0	255
 40214	34	34	44	92	95	46	0	255
 40259	34	34	44	92	95	46	0	255
 40305	34	34	44	92	95	46	0	255
 40350	34	34	44	92	95	46	0	255
 40442	34	34	44	92	95	46	0	255
 40486	34	34	44	92	95	46	0	255
 40531	34	34	44	92	95	46	0	255
 40577	34	34	44	92	95	46	0	255
 40622	34	34	44	92	95	46	0	255
 40667	34	34	44	92	95	46	0	255
 40713	34	34	44	92	95	47	0	255
 40758	34	34	44	92	95	46	0	255
 40804	34	34	44	92	95	46	0	255
 40849	34	34	44	92	95	47	0	255
 40894	34	34	44	92	95	47	0	255
 40940	34	34	44	92	95	47	0	255
 40985	34	34	44	92	95	47	0	255
 41034	34	34	44	92	95	47	0	255
 41076	34	34	44	92	95	48	0	255
 41121	34	34	44	92	95	47	0	255
 41167	34	34	44	92	95	47	0	255
 41212	34	34	44	92	95	48	0	255
 41257	34	34	44	92	95	48	0	255
 41303	34	34	44	92	95	48	0	255
 41348	34	34	44	92	95	47	0	255
 41393	34	34	44	92	95	48	0	255
 41439	34	34	44	92	95	48	0	255
 41484	34	34	44	92	95	50	0	255
 41529	34	34	44	92	95	50	0	255
 41575	34	34	44	92	95	48	0	255
 41621	34	34	44	92	95	48	0	255
 41665	34	34	44	92	95	48	0	255
 41711	34	34	44	92	95	48	0	255
 41756	34	34	44	92	95	48	0	255
 41801	34	34	44	92	95	48	0	255
 41847	34	34	44	92	95	48	0	255
 41892	34	34	44	92	95	50	0	255
 41937	34	34	44	92	95	50	0	255
 41983	34	34	44	92	95	50	0	255
 42028	34	34	44	92	95	48	0	255
 42073	34	34	44	92	95	50	0	255
 42119	34	34	44	92	95	50	0	255
 42164	34	34	44	92	95	48	0	255
 42255	34	34	44	92	95	48	0	255
 42300	34	34	44	92	95	48	0	255
 42346	34	34	44	92	95	50	0	255
 42391	34	34	44	92	95	50	0	255
 42527	34	34	44	92	95	51	0	255
 42572	34	34	44	92	95	50	0	255
 42618	34	34	44	92	95	50	0	255
 42663	34	34	44	92	95	51	0	255
 42708	34	34	44	92	95	50	0	255
 42754	34	34	44	92	95	48	0	255
 42799	34	34	44	92	95	50	0	255
 42844	34	34	44	92	95	50	0	255
 42890	34	34	44	92	95	50	0	255
 42935	34	34	44	92	95	50	0	255
 42980	34	34	44	92	95	50	0	255
 43026	34	34	44	92	95	48	0	255
 43071	34	34	44	92	95	48	0	255
 43117	34	34	44	92	95	48	0	255
 43162	34	34	44	92	95	48	0	255
 43207	34	34	44	92	95	48	0	255
 43253	34	34	44	92	95	50	0	255
 43298	34	34	44	92	95	48	0	255
 43343	34	34	44	92	95	48	0	255
 43389	34	34	44	92	95	50	0	255
 43434	34	34	44	91	95	48	0	255
 43479	34	34	44	91	95	48	0	255
 43525	34	34	44	91	95	48	0	255
 43570	34	34	44	92	95	48	0	255
 43615	34	34	44	91	95	47	0	255
 43661	34	34	44	91	95	48	0	255
 43706	34	34	44	91	95	47	0	255
 43751	34	34	44	91	95	48	0	255
 43842	34	34	44	91	95	47	0	255
 43887	34	34	44	91	95	47	0	255
 43933	34	34	44	91	95	47	0	255
 43978	34	34	44	91	95	47	0	255
 44024	34	34	44	91	95	48	0	255
 44069	34	34	44	91	95	51	0	255
 44114	34	34	44	91	95	50	0	255
 44160	34	34	44	91	95	51	0	255
 44205	34	34	44	91	95	50	0	255
 44250	34	34	44	91	95	50	0	255
 44296	34	34	44	91	95	48	0	255
 44341	34	34	44	91	95	50	0	255
 44386	34	34	44	91	95	48	0	255
 44432	34	34	44	91	95	50	0	255
 44477	34	34	44	91	95	50	0	255
 44522	34	34	44	91	95	50	0	255
 44568	34	34	44	91	95	50	0	255
 44613	34	34	44	91	95	48	0	255
 44658	34	34	44	91	95	50	0	255
 44708	34	34	44	91	95	51	0	255
 44749	34	34	44	91	95	52	0	255
 44795	34	34	44	91	95	50	0	255
 44840	34	34	44	91	95	50	0	255
 44885	34	34	44	91	95	51	0	255
 44931	34	34	44	91	95	50	0	255
 44976	34	34	44	91	95	51	0	255
 45021	34	34	44	91	95	51	0	255
 45067	34	34	44	91	95	51	0	255
 45112	34	34	44	91	95	51	0	255
 45160	34	34	44	91	95	51	0	255
 45203	34	34	44	91	95	51	0	255
 45248	34	34	44	91	95	51	0	255
 45293	34	34	44	91	95	52	0	255
 45339	34	34	44	91	95	51	0	255
 45384	34	34	44	91	95	51	0	255
 45429	34	34	44	91	95	52	0	255
 45475	34	34	44	91	95	52	0	255
 45520	34	34	44	91	95	52	0	255
 45566	34	34	44	91	94	51	0	255
 45611	34	34	44	91	95	51	0	255
 45656	34	34	44	91	95	51	0	255
 45702	34	34	44	91	94	51	0	255
 45747	34	34	44	91	94	51	0	255
 45792	34	34	44	91	94	51	0	255
 45838	34	34	44	91	95	52	0	255
 45883	34	34	44	91	95	52	0	255
 45928	34	34	44	91	94	52	0	255
 45974	34	34	44	91	94	52	0	255
 46019	34	34	44	91	94	52	0	255
 46064	34	34	44	91	94	54	0	255
 46110	34	34	44	91	94	54	0	255
 46155	34	34	44	91	94	53	0	255
 46200	34	34	44	91	94	53	0	255
 46246	34	34	44	91	94	54	0	255
 46291	34	34	44	91	94	57	0	255
 46337	34	34	44	91	94	54	0	255
 46382	34	34	44	91	94	54	0	255
 46430	34	34	44	91	94	53	0	255
 46473	34	34	44	91	94	53	0	255
 46518	34	34	44	91	94	54	0	255
 46563	34	34	44	91	94	54	0	255
 46609	34	34	44	91	94	54	0	255
 46654	34	34	44	91	94	53	0	255
 46699	34	34	44	91	94	54	0	255
 46745	34	34	44	91	94	54	0	255
 46790	34	34	44	91	94	56	0	255
 46839	34	34	44	91	94	54	0	255
 46881	34	34	44	91	94	58	0	255
 46926	34	34	44	91	94	57	0	255
 46972	34	34	44	91	94	56	0	255
 47017	34	34	44	91	94	56	0	255
 47062	34	34	44	91	94	54	0	255
 47108	34	34	44	91	94	54	0	255
 47153	34	34	44	91	94	58	0	255
 47198	34	34	44	91	94	57	0	255
 47244	34	34	44	91	94	54	0	255
 47289	34	34	44	91	94	54	0	255
 47334	34	34	44	91	94	54	0	255
 47380	34	34	44	91	94	53	0	255
 47428	34	34	44	91	94	54	0	255
 47471	34	34	44	91	94	54	0	255
 47516	34	34	44	91	94	53	0	255
 47561	34	34	44	91	94	53	0	255
 47606	34	34	44	91	94	53	0	255
 47652	34	34	44	91	94	52	0	255
 47697	34	34	44	91	94	53	0	255
 47743	34	34	44	91	94	52	0	255
 47791	34	34	44	91	94	52	0	255
 47833	34	34	44	91	94	52	0	255
 47879	34	34	44	91	94	52	0	255
 47924	34	34	44	91	94	52	0	255
 48015	34	34	44	91	94	52	0	255
 48060	34	34	44	91	94	52	0	255
 48105	34	34	44	91	94	51	0	255
 48151	34	34	44	91	94	51	0	255
 48196	34	34	44	91	94	51	0	255
 48241	34	34	44	91	94	50	0	255
 48290	34	34	44	91	94	52	0	255
 48332	34	34	44	91	94	50	0	255
 48377	34	34	44	91	94	50	0	255
 48423	34	34	44	91	94	50	0	255
 48468	34	34	44	91	94	48	0	255
 48517	34	34	44	91	94	48	0	255
 48559	34	34	44	91	94	48	0	255
 48604	34	34	44	91	94	48	0	255
 48650	34	34	44	91	94	48	0	255
 48695	34	34	44	91	94	48	0	255
 48740	34	34	44	91	94	48	0	255
 48786	34	34	44	91	94	48	0	255
 48831	34	34	44	91	94	47	0	255
 48876	34	34	44	91	94	47	0	255
 48922	34	34	44	91	94	47	0	255
 48967	34	34	44	91	94	46	0	255
 49012	34	34	44	91	94	47	0	255
 49058	34	34	44	91	94	47	0	255
 49103	34	34	44	91	94	46	0	255
 49153	34	34	44	91	94	46	0	255
 49198	34	34	44	91	94	46	0	255
 49239	34	34	44	91	94	46	0	255
 49285	34	34	44	91	94	46	0	255
 49330	34	34	44	91	94	46	0	255
 49375	34	34	44	91	94	46	0	255
 49466	34	34	44	91	94	45	0	255
 49511	34	34	44	91	94	45	0	255
 49557	34	34	44	91	94	44	0	255
 49602	34	34	44	91	94	47	0	255
 49651	34	34	44	91	94	45	0	255
 49693	34	34	44	91	94	44	0	255
 49738	34	34	44	91	94	42	0	255
 49783	34	34	44	91	94	44	0	255
 49829	34	34	44	91	94	44	0	255
 49874	34	34	44	91	94	44	0	255
 49920	34	34	44	91	94	44	0	255
 49968	34	34	44	91	94	44	0	255
 50010	34	34	44	91	94	42	0	255
 50056	34	34	44	91	94	44	0	255
 50101	34	34	44	91	94	45	0	255
 50146	34	34	44	91	94	44	0	255
 50192	34	34	44	91	94	44	0	255
 50262	34	34	44	91	94	42	0	255
 50307	34	34	44	91	94	42	0	255
 50352	34	34	44	91	94	44	0	255
 50398	34	34	44	91	94	42	0	255
 50443	34	34	44	91	94	42	0	255
 50489	34	34	44	91	94	42	0	255
 50534	34	34	44	91	94	42	0	255
 50583	34	34	44	91	94	42	0	255
 50625	34	34	44	91	94	44	0	255
 50670	34	34	44	91	94	42	0	255
 50715	34	34	44	91	94	44	0	255
 50761	34	34	44	91	94	44	0	255
 50806	34	34	44	91	94	44	0	255
 50851	34	34	44	91	94	42	0	255
 50897	34	34	44	91	94	42	0	255
 50942	34	34	44	91	94	42	0	255
 50987	34	34	44	91	94	42	0	255
 51078	34	34	44	91	94	42	0	255
 51123	34	34	44	91	94	41	0	255
 51169	34	34	44	91	94	41	0	255
 51214	34	34	44	91	94	41	0	255
 51350	34	34	44	91	94	41	0	255
 51396	34	34	44	91	94	44	0	255
 51486	34	34	44	91	94	41	0	255
 51532	34	34	44	91	94	41	0	255
 51577	34	34	43	91	94	41	0	255
 51622	34	34	44	91	94	41	0	255
 51668	34	34	44	91	94	41	0	255
 51713	34	34	44	91	94	41	0	255
 51758	34	34	44	91	94	40	0	255
 51804	34	34	44	91	94	41	0	255
 51849	34	34	44	91	94	41	0	255
 51894	34	34	44	91	94	42	0	255
 51940	34	34	44	91	94	40	0	255
 51985	34	34	44	91	94	40	0	255
 52030	34	34	44	91	94	40	0	255
 52076	34	34	44	91	94	41	0	255
 52123	34	34	44	91	94	40	0	255
 52167	34	34	44	91	94	41	0	255
 52212	34	34	44	91	94	41	0	255
 52257	34	34	44	91	94	40	0	255
 52303	34	34	44	91	94	41	0	255
 52348	34	34	43	91	94	40	0	255
 52393	34	34	44	91	94	38	0	255
 52439	34	34	44	91	94	40	0	255
 52484	34	34	43	91	94	38	0	255
 52529	34	34	44	91	94	38	0	255
 52621	34	34	44	91	94	38	0	255
 52665	34	34	43	91	94	38	0	255
 52711	34	34	43	91	94	40	0	255
 52756	34	34	43	90	94	40	0	255
 52802	34	34	43	91	94	38	0	255
 52847	34	34	43	91	94	38	0	255
 52892	34	34	43	90	94	37	0	255
 52938	34	34	44	90	94	37	0	255
 52983	34	34	43	90	94	38	0	255
 53028	34	34	43	90	94	40	0	255
 53074	34	34	44	90	94	37	0	255
 53119	34	34	43	90	94	37	0	255
 53164	34	34	43	90	94	38	0	255
 53210	34	34	43	90	94	38	0	255
 53255	34	34	43	90	94	37	0	255
 53300	34	34	43	90	94	37	0	255
 53346	34	34	43	90	94	37	0	255
 53391	34	34	43	90	94	37	0	255
 53436	34	34	43	90	94	38	0	255
 53482	34	34	43	90	94	38	0	255
 53527	34	34	43	90	94	37	0	255
 53573	34	34	43	90	94	37	0	255
 53618	34	34	43	90	94	37	0	255
 53663	34	34	43	90	94	37	0	255
 53709	34	34	43	90	94	38	0	255
 53754	34	34	43	90	94	37	0	255
 53845	34	34	43	90	94	37	0	255
 53890	34	34	43	90	94	37	0	255
 53935	34	34	43	90	94	37	0	255
 53981	34	34	43	90	94	36	0	255
 54071	34	34	43	90	94	36	0	255
 54117	34	34	43	90	94	36	0	255
 54162	34	34	43	90	94	36	0	255
 54208	34	34	43	90	94	36	0	255
 54253	34	34	43	90	94	36	0	255
 54298	34	34	43	90	94	36	0	255
 54344	34	34	43	90	94	36	0	255
 54389	34	34	43	90	94	35	0	255
 54434	34	34	43	90	94	36	0	255
 54570	34	34	43	90	94	36	0	255
 54616	34	34	43	90	94	35	0	255
 54661	34	34	43	90	94	36	0	255
 54706	34	34	43	90	94	36	0	255
 54797	34	34	43	90	94	36	0	255
 54842	34	34	43	90	94	35	0	255
 54888	34	34	43	90	94	34	0	255
 54933	34	34	43	90	94	35	0	255
 54978	34	34	43	90	94	35	0	255
 55024	34	34	43	90	94	35	0	255
 55069	34	34	43	90	94	34	0	255
 55115	34	34	43	90	94	34	0	255
 55160	34	34	43	90	94	34	0	255
 55205	34	34	43	90	94	34	0	255
 55251	34	34	43	90	94	35	0	255
 55296	34	34	43	90	94	34	0	255
 55345	34	34	43	90	94	34	0	255
 55387	34	34	43	90	94	32	0	255
 55477	34	34	43	90	94	34	0	255
 55523	34	34	43	90	94	32	0	255
 55568	34	34	43	90	94	32	0	255
 55613	34	34	43	90	94	34	0	255
 55659	34	34	43	90	94	32	0	255
 55704	34	34	43	90	94	32	0	255
 55750	34	34	43	90	94	32	0	255
 55795	34	34	43	90	94	31	0	255
 55840	34	34	43	90	94	31	0	255
 55886	34	34	43	90	94	31	0	255
 55931	34	34	43	90	94	34	0	255
 55976	34	34	43	90	94	31	0	255
 56022	34	34	43	90	94	31	0	255
 56067	34	34	43	90	94	32	0	255
 56112	34	34	43	90	94	31	0	255
 56203	34	34	43	90	94	31	0	255
 56248	34	34	43	90	94	30	0	255
 56294	34	34	43	90	94	30	0	255
 56339	34	34	43	90	94	30	0	255
 56384	34	34	43	90	94	30	0	255
 56430	34	34	43	90	94	32	0	255
 56475	34	34	43	90	94	29	0	255
 56521	34	34	43	90	94	29	0	255
 56566	34	34	43	90	94	29	0	255
 56611	34	34	43	90	93	29	0	255
 56657	34	34	43	90	94	29	0	255
 56702	34	34	43	90	94	29	0	255
 56747	34	34	43	90	94	29	0	255
 56793	34	34	43	90	93	29	0	255
 56838	34	34	43	90	93	29	0	255
 56883	34	34	43	90	94	29	0	255
 56929	34	34	43	90	93	28	0	255
 56974	34	34	43	90	94	29	0	255
 57019	34	34	43	90	93	28	0	255
 57065	34	34	43	90	93	28	0	255
 57110	34	34	43	90	93	28	0	255
 57155	34	34	43	90	93	30	0	255
 57201	34	34	43	90	93	28	0	255
 57246	34	34	43	90	93	28	0	255
 57292	34	34	43	90	93	28	0	255
 57337	34	34	43	90	93	26	0	255
 57382	34	34	43	90	93	26	0	255
 57428	34	34	43	90	93	26	0	255
 57473	34	34	43	90	93	26	0	255
 57564	34	34	43	90	93	25	0	255
 57700	34	34	43	90	93	26	0	255
 57745	34	34	43	90	93	25	0	255
 57836	34	34	43	90	93	26	0	255
 57881	34	34	43	90	93	28	0	255
 57926	34	34	43	90	93	25	0	255
 57972	34	34	43	90	93	25	0	255
 58017	34	34	43	90	93	25	0	255
 58063	34	34	43	90	93	25	0	255
 58108	34	34	43	90	93	25	0	255
 58153	34	34	43	90	93	25	0	255
 58199	34	34	43	90	93	25	0	255
 58244	34	34	43	90	93	24	0	255
 58335	34	34	43	90	93	25	0	255
 58380	34	34	43	90	93	24	0	255
 58425	34	34	43	90	93	24	0	255
 58471	34	34	43	90	93	26	0	255
 58516	34	34	43	90	93	24	0	255
 58561	34	34	43	90	93	24	0	255
 58607	34	34	43	90	93	24	0	255
 58652	34	34	43	90	93	24	0	255
 58697	34	34	43	90	93	23	0	255
 58743	34	34	43	90	93	24	0	255
 58788	34	34	43	90	93	24	0	255
 58834	34	34	43	90	93	24	0	255
 58879	34	34	43	90	93	23	0	255
 58924	34	34	43	90	93	23	0	255
 58970	34	34	43	90	93	23	0	255
 59015	34	34	43	90	93	25	0	255
 59060	34	34	43	90	93	24	0	255
 59106	34	34	43	90	93	23	0	255
 59151	34	34	43	90	93	23	0	255
 59196	34	34	43	90	93	23	0	255
 59242	34	34	43	90	93	23	0	255
 59287	34	34	43	90	93	23	0	255
 59332	34	34	43	90	93	22	0	255
 59378	34	34	43	90	93	24	0	255
 59423	34	34	43	90	93	23	0	255
 59468	34	34	43	90	93	22	0	255
 59514	34	34	43	90	93	23	0	255
 59559	34	34	43	90	93	22	0	255
 59605	34	34	43	90	93	22	0	255
 59650	34	34	43	90	93	22	0	255
 59695	34	34	43	90	93	22	0	255
 59741	34	34	43	90	93	22	0	255
 59786	34	34	43	90	93	22	0	255
 59831	34	34	43	90	93	20	0	255
 59877	34	34	43	90	93	22	0	255
 59967	34	34	43	90	93	20	0	255
 60016	34	34	43	90	93	20	0	255
 60058	34	34	43	90	93	20	0	255
 60103	34	34	43	90	93	22	0	255
 60149	34	34	43	90	93	20	0	255
 60194	34	34	43	90	93	20	0	255
 60240	34	34	43	90	93	20	0	255
 60285	34	34	43	90	93	22	0	255
 60330	34	34	43	90	93	20	0	255
 60376	34	34	43	90	93	19	0	255
 60466	34	34	43	90	93	20	0	255
 60512	34	34	43	90	93	20	0	255
 60557	34	34	43	90	93	19	0	255
 60602	34	34	43	90	93	19	0	255
 60648	34	34	43	90	93	20	0	255
 60693	34	34	43	90	93	19	0	255
 60738	34	34	43	90	93	20	0	255
 60829	34	34	43	90	93	19	0	255
 60874	34	34	43	90	93	19	0	255
 60920	34	34	43	90	93	19	0	255
 60965	34	34	43	90	93	19	0	255
 61011	34	34	43	90	93	19	0	255
 61056	34	34	43	90	93	18	0	255
 61103	34	34	43	90	93	20	0	255
 61147	34	34	43	90	93	19	0	255
 61192	34	34	43	90	93	18	0	255
 61237	34	34	43	90	93	19	0	255
 61286	34	34	43	90	93	19	0	255
 61328	34	34	43	90	93	22	0	255
 61373	34	34	43	90	93	19	0	255
 61419	34	34	43	90	93	18	0	255
 61464	34	34	43	90	93	18	0	255
 61509	34	34	43	90	93	18	0	255
 61555	33	34	43	90	93	19	0	255
 61600	34	34	43	90	93	19	0	255
 61645	33	34	43	90	93	19	0	255
 61736	34	34	43	90	93	18	0	255
 61782	34	34	43	90	93	18	0	255
 61827	34	34	43	90	93	18	0	255
 61872	34	34	43	90	93	19	0	255
 61918	34	34	43	90	93	18	0	255
 61963	33	34	43	90	93	18	0	255
 62008	34	34	43	90	93	18	0	255
 62054	34	34	43	90	93	18	0	255
 62099	34	34	43	90	93	19	0	255
 62144	34	34	43	89	93	19	0	255
 62190	33	34	43	89	93	18	0	255
 62235	34	34	43	89	93	17	0	255
 62280	33	34	43	89	93	17	0	255
 62326	33	34	43	89	93	17	0	255
 62371	33	34	43	90	93	17	0	255
 62417	33	34	43	89	93	17	0	255
 62462	33	34	43	89	93	17	0	255
 62507	33	33	43	89	93	17	0	255
 62553	33	33	43	89	93	17	0	255
 62598	33	34	43	89	93	19	0	255
 62643	33	33	43	89	93	18	0	255
 62693	33	33	43	89	93	17	0	255
 62734	33	34	43	89	93	17	0	255
 62779	33	34	43	89	93	18	0	255
 62825	33	33	43	89	93	18	0	255
 62870	33	34	43	89	93	17	0	255
 62915	33	34	43	89	93	17	0	255
 62961	33	33	43	89	93	17	0	255
 63006	33	33	43	89	93	18	0	255
 63051	33	33	43	89	93	17	0	255
 63097	34	34	43	89	93	18	0	255
 63142	34	33	43	89	93	17	0	255
 63188	33	33	43	89	93	18	0	255
 63233	33	33	43	89	93	17	0	255
 63278	33	33	43	89	93	17	0	255
 63324	33	33	43	89	93	17	0	255
 63460	33	33	43	89	93	17	0	255
 63505	33	33	43	89	93	18	0	255
 63550	33	33	43	89	93	17	0	255
 63596	33	33	43	89	93	17	0	255
 63641	33	34	43	89	93	16	0	255
 63686	33	33	43	89	93	17	0	255
 63777	33	33	43	89	93	18	0	255
 63822	33	33	43	89	93	16	0	255
 63868	33	33	43	89	93	17	0	255
 63913	33	33	43	89	93	16	0	255
 63959	33	33	43	89	93	16	0	255
 64004	33	34	43	89	93	17	0	255
 64049	33	33	43	89	93	17	0	255
 64095	33	33	43	89	93	17	0	255
 64140	33	33	43	89	93	16	0	255
 64185	33	34	43	89	93	17	0	255
 64231	33	33	43	89	93	17	0	255
 64276	33	33	43	89	93	17	0	255
 64321	33	33	43	89	93	16	0	255
 64367	33	33	43	89	93	17	0	255
 64412	33	33	43	89	93	16	0	255
 64457	33	33	43	89	93	16	0	255
 64503	33	33	43	89	93	16	0	255
 64548	33	33	43	89	93	16	0	255
 64594	33	33	43	89	93	17	0	255
 64639	33	33	43	89	93	16	0	255
 64684	33	33	43	89	93	16	0	255
 64730	33	33	43	89	93	17	0	255
 64775	33	33	43	89	93	16	0	255
 64820	33	33	43	89	93	16	0	255
 64866	33	33	43	89	93	16	0	255
 64911	33	33	43	89	93	16	0	255
 64956	33	33	43	89	93	16	0	255
 65002	33	33	43	89	93	17	0	255
 65047	33	33	43	89	93	17	0	255
 65092	33	33	43	89	93	16	0	255
 65138	33	33	43	89	93	16	0	255
 65183	33	33	43	89	93	16	0	255
 65229	33	33	43	89	93	16	0	255
 65274	33	33	43	89	93	17	0	255
 65319	33	33	43	89	93	16	0	255
 65365	33	33	43	89	93	16	0	255
 65410	33	33	43	89	93	16	0	255
 65455	33	33	43	89	93	14	0	255
 65501	33	33	43	89	93	17	0	255
 65546	33	33	43	89	93	16	0	255
 65591	33	33	43	89	93	16	0	255
 65640	33	33	43	89	93	17	0	255
 65682	33	33	43	89	93	16	0	255
 65727	33	33	43	89	93	17	0	255
 65773	33	33	43	89	93	16	0	255
 65818	33	33	43	89	93	16	0	255
 65864	33	33	43	89	93	16	0	255
 65909	33	33	43	89	93	16	0	255
 65954	33	33	43	89	93	16	0	255
 66000	33	33	43	89	93	16	0	255
 66045	33	33	43	89	93	16	0	255
 66090	33	33	43	89	93	16	0	255
 66136	33	33	43	89	93	16	0	255
 66226	33	33	43	89	93	16	0	255
 66272	33	33	43	89	93	16	0	255
 66317	33	33	43	89	93	14	0	255
 66362	33	33	43	89	93	16	0	255
 66408	33	33	43	89	93	14	0	255
 66498	33	33	43	89	93	16	0	255
 66544	33	33	43	89	93	16	0	255
 66589	33	33	43	89	93	16	0	255
 66639	33	33	43	89	93	16	0	255
 66680	33	33	43	89	93	16	0	255
 66725	33	33	43	89	93	16	0	255
 66770	33	33	43	89	93	16	0	255
 66816	33	33	43	89	93	16	0	255
 66861	33	33	43	89	93	14	0	255
 66952	33	33	43	89	93	16	0	255
 66997	33	33	43	89	93	16	0	255
 67088	33	33	43	89	93	16	0	255
 67133	33	33	43	89	93	16	0	255
 67179	33	33	43	89	93	14	0	255
 67224	33	33	43	89	93	16	0	255
 67269	33	33	43	89	93	16	0	255
 67315	33	33	43	89	93	16	0	255
 67405	33	33	43	89	93	14	0	255
 67451	33	33	43	89	93	17	0	255
 67496	33	33	43	89	93	14	0	255
 67587	33	33	43	89	92	16	0	255
 67636	33	33	43	89	93	14	0	255
 67677	33	33	43	89	93	16	0	255
 67726	33	33	43	89	93	14	0	255
 67777	33	33	43	89	92	16	0	255
 67823	33	33	43	89	92	14	0	255
 67868	33	33	43	89	92	16	0	255
 67913	33	33	43	89	92	16	0	255
 67959	33	33	43	89	92	16	0	255
 68004	33	33	43	89	92	16	0	255
 68049	33	33	43	89	92	16	0	255
 68095	33	33	43	89	92	16	0	255
 68140	33	33	43	89	92	16	0	255
 68185	33	33	43	89	92	14	0	255
 68231	33	33	43	89	93	16	0	255
 68276	33	33	43	89	92	16	0	255
 68322	33	33	43	89	92	16	0	255
 68368	33	33	43	89	92	16	0	255
 68416	33	33	43	89	92	16	0	255
 68458	33	33	43	89	92	16	0	255
 68503	33	33	43	89	92	16	0	255
 68548	33	33	43	89	92	16	0	255
 68594	33	33	43	89	92	16	0	255
 68639	33	33	43	89	92	14	0	255
 68684	33	33	43	89	92	16	0	255
 68730	33	33	43	89	92	16	0	255
 68775	33	33	43	89	92	16	0	255
 68820	33	33	43	89	92	14	0	255
 68866	33	33	43	89	92	16	0	255
 68911	33	33	43	89	92	16	0	255
 69087	33	33	43	89	92	16	0	255
 69132	33	33	43	89	92	16	0	255
 69178	33	33	43	89	92	14	0	255
 69223	33	33	43	89	92	16	0	255
 69269	33	33	43	89	92	16	0	255
 69314	33	33	43	89	92	14	0	255
 69359	33	33	43	89	92	16	0	255
 69405	33	33	43	89	92	16	0	255
 69450	33	33	43	89	92	16	0	255
 69495	33	33	43	89	92	16	0	255
 69541	33	33	43	89	92	16	0	255
 69586	33	33	43	89	92	16	0	255
 69631	33	33	43	89	92	16	0	255
 69677	33	33	43	89	92	14	0	255
 69722	33	33	43	89	92	14	0	255
 69767	33	33	43	89	92	14	0	255
 69813	33	33	43	89	92	16	0	255
 69858	33	33	43	89	92	16	0	255
 69903	33	33	43	89	92	14	0	255
 69949	33	33	43	89	92	16	0	255
 69994	33	33	43	89	92	14	0	255
 70040	33	33	43	89	92	16	0	255
 70085	33	33	43	89	92	16	0	255
 70135	33	33	43	89	92	16	0	255
 70176	33	33	43	89	92	16	0	255
 70221	33	33	43	89	92	14	0	255
 70266	33	33	43	89	92	16	0	255
 70312	33	33	43	89	92	14	0	255
 70357	33	33	43	89	92	14	0	255
 70402	33	33	43	89	92	14	0	255
 70448	33	33	43	89	92	16	0	255
 70493	33	33	43	89	92	14	0	255
 70538	33	33	43	89	92	14	0	255
 70584	33	33	43	89	92	14	0	255
 70629	33	33	43	89	92	14	0	255
 70674	33	33	43	89	92	14	0	255
 70720	33	33	43	89	92	14	0	255
 70765	33	33	43	89	92	14	0	255
 70811	33	33	43	89	92	16	0	255
 70856	33	33	43	89	92	14	0	255
 70902	33	33	43	89	92	14	0	255
 70947	33	33	43	89	92	14	0	255
 70992	33	33	43	89	92	14	0	255
 71037	33	33	43	89	92	14	0	255
 71083	33	33	43	89	92	14	0	255
 71128	33	33	43	89	92	14	0	255
 71173	33	33	43	89	92	14	0	255
 71219	33	33	43	89	92	14	0	255
 71264	33	33	43	89	92	14	0	255
 71309	33	33	43	89	92	14	0	255
 71355	33	33	43	89	92	14	0	255
 71400	33	33	43	89	92	14	0	255
 71445	33	33	43	89	92	13	0	255
 71495	33	33	43	89	92	14	0	255
 71536	33	33	43	89	92	14	0	255
 71582	33	33	43	88	92	14	0	255
 71627	33	33	43	89	92	14	0	255
 71672	33	33	43	89	92	14	0	255
 71718	33	33	43	89	92	14	0	255
 71763	33	33	43	89	92	14	0	255
 71808	33	33	43	88	92	14	0	255
 71854	33	33	43	88	92	14	0	255
 71899	33	33	43	88	92	14	0	255
 71944	33	33	43	88	92	14	0	255
 71990	33	33	43	88	92	14	0	255
 72035	33	33	43	88	92	14	0	255
 72080	33	33	43	88	92	14	0	255
 72126	33	33	43	88	92	14	0	255
 72171	33	33	43	88	92	14	0	255
 72216	33	33	43	88	92	14	0	255
 72262	33	33	43	88	92	14	0	255
 72307	33	33	43	88	92	14	0	255
 72353	33	33	43	88	92	14	0	255
 72401	33	33	43	88	92	14	0	255
 72447	33	33	43	88	92	14	0	255
 72489	33	33	43	88	92	14	0	255
 72534	33	33	43	88	92	14	0	255
 72579	33	33	43	88	92	14	0	255
 72625	33	33	43	88	92	14	0	255
 72670	33	33	43	88	92	14	0	255
 72715	33	33	43	88	92	14	0	255
 72761	33	33	43	88	92	14	0	255
 72806	33	33	43	88	92	14	0	255
 72851	33	33	43	88	92	14	0	255
 72897	33	33	43	88	92	14	0	255
 72942	33	33	43	88	92	16	0	255
 73033	33	33	43	88	92	14	0	255
 73078	33	33	43	88	92	14	0	255
 73123	33	33	43	88	92	14	0	255
 73169	33	33	43	88	92	14	0	255
 73214	33	33	43	88	92	16	0	255
 73260	33	33	43	88	92	14	0	255
 73305	33	33	43	88	92	14	0	255
 73350	33	33	43	88	92	14	0	255
 73396	33	33	43	88	92	14	0	255
 73441	33	33	43	88	92	14	0	255
 73486	33	33	43	88	92	13	0	255
 73532	33	33	43	88	92	16	0	255
 73577	33	33	43	88	92	14	0	255
 73622	33	33	43	88	92	14	0	255
 73668	33	33	43	88	92	14	0	255
 73713	33	33	43	88	92	14	0	255
 73758	33	33	43	88	92	14	0	255
 73804	33	33	43	88	92	16	0	255
 73849	33	33	43	88	92	14	0	255
 73894	33	33	43	88	92	14	0	255
 73940	33	33	43	88	92	14	0	255
 73985	33	33	43	88	92	14	0	255
 74031	33	33	43	88	92	14	0	255
 74076	33	33	43	88	92	14	0	255
 74121	33	33	43	88	92	14	0	255
 74167	33	33	43	88	92	14	0	255
 74212	33	33	43	88	92	14	0	255
 74257	33	33	43	88	92	14	0	255
 74303	33	33	43	88	92	14	0	255
 74348	33	33	43	88	92	14	0	255
 74398	33	33	43	88	92	14	0	255
 74439	33	33	43	88	92	14	0	255
 74484	33	33	43	88	92	14	0	255
 74529	33	33	43	88	92	13	0	255
 74575	33	33	43	88	92	14	0	255
 74620	33	33	43	88	92	14	0	255
 74665	33	33	43	88	92	14	0	255
 74711	33	33	43	88	92	14	0	255
 74756	33	33	43	88	92	16	0	255
 74847	33	33	43	88	92	14	0	255
 74892	33	33	43	88	92	14	0	255
 74938	33	33	43	88	92	14	0	255
 75028	33	33	43	88	92	14	0	255
 75077	33	33	43	88	92	14	0	255
 75119	33	33	43	88	92	14	0	255
 75164	33	33	43	88	92	14	0	255
 75210	33	33	43	88	92	14	0	255
 75255	33	33	43	88	92	14	0	255
 75300	33	33	43	88	92	14	0	255
 75346	33	33	43	88	92	14	0	255
 75391	33	33	43	88	92	14	0	255
 75436	33	33	43	88	92	14	0	255
 75485	33	33	42	88	92	14	0	255
 75527	33	33	43	88	92	14	0	255
 75573	33	33	42	88	92	14	0	255
 75618	33	33	42	88	92	14	0	255
 75667	33	33	43	88	92	14	0	255
 75709	33	33	42	88	92	13	0	255
 75754	33	33	43	88	92	14	0	255
 75799	33	33	43	88	92	14	0	255
 75848	33	33	42	88	92	14	0	255
 75890	33	33	42	88	92	14	0	255
 75935	33	33	43	88	92	14	0	255
 75981	33	33	43	88	92	14	0	255
 76026	33	33	42	88	92	14	0	255
 76071	33	33	43	88	92	14	0	255
 76121	33	33	42	88	92	14	0	255
 76162	33	33	42	88	92	14	0	255
 76207	33	33	42	88	92	13	0	255
 76253	33	33	42	88	92	14	0	255
 76298	33	33	42	88	92	14	0	255
 76343	33	33	42	88	92	14	0	255
 76434	33	33	42	88	92	16	0	255
 76479	33	33	42	88	92	14	0	255
 76525	33	33	42	88	92	14	0	255
 76570	33	33	43	88	92	14	0	255
 76616	33	33	42	88	92	14	0	255
 76665	33	33	42	88	92	14	0	255
 76707	33	33	42	88	92	14	0	255
 76752	33	33	42	88	92	14	0	255
 76797	33	33	42	88	92	14	0	255
 76842	33	33	42	88	92	14	0	255
 76888	33	33	42	88	92	14	0	255
 76933	33	33	42	88	92	14	0	255
 76978	33	33	42	88	92	16	0	255
 77024	33	33	42	88	92	16	0	255
 77069	33	33	42	88	92	14	0	255
 77114	33	33	42	88	92	16	0	255
 77160	33	33	42	88	92	14	0	255
 77205	33	33	42	88	92	14	0	255
 77250	33	33	42	88	92	14	0	255
 77296	33	33	42	88	92	14	0	255
 77341	33	33	42	88	92	14	0	255
 77387	33	33	42	88	92	14	0	255
 77432	33	33	42	88	92	13	0	255
 77477	33	33	42	88	92	14	0	255
 77523	33	33	42	88	92	14	0	255
 77568	33	33	42	88	92	14	0	255
 77613	33	33	42	88	92	14	0	255
 77659	33	33	42	88	92	14	0	255
 77704	33	33	42	88	92	14	0	255
 77749	33	33	42	88	92	14	0	255
 77795	33	33	42	88	92	14	0	255
 77840	33	33	42	88	92	14	0	255
 77885	33	33	42	88	92	14	0	255
 77931	33	33	42	88	92	14	0	255
 77976	33	33	42	88	92	14	0	255
 78021	33	33	42	88	92	14	0	255
 78067	33	33	42	88	92	14	0	255
 78112	33	33	42	88	92	14	0	255
 78158	33	33	42	88	92	14	0	255
 78203	33	33	42	88	92	16	0	255
 78248	33	33	42	88	92	14	0	255
 78294	33	33	42	88	92	14	0	255
 78339	33	33	42	88	92	14	0	255
 78384	33	33	42	88	92	14	0	255
 78430	33	33	42	88	92	14	0	255
 78475	33	33	42	88	92	14	0	255
 78566	33	33	42	88	92	14	0	255
 78611	33	33	42	88	91	14	0	255
 78656	33	33	42	88	92	13	0	255
 78702	33	33	42	88	92	14	0	255
 78747	33	33	42	88	92	14	0	255
 78838	33	33	42	88	91	16	0	255
 78883	33	33	42	88	91	14	0	255
 78928	33	33	42	88	91	14	0	255
 78974	33	33	42	88	91	13	0	255
 79065	33	33	42	88	91	13	0	255
 79110	33	33	42	88	91	14	0	255
 79155	33	33	42	88	91	13	0	255
 79201	33	33	42	88	91	14	0	255
 79246	33	33	42	88	91	14	0	255
 79291	33	33	42	88	91	14	0	255
 79337	33	33	42	88	91	14	0	255
 79382	33	33	42	88	91	14	0	255
 79427	33	33	42	88	91	14	0	255
 79473	33	33	42	88	91	14	0	255
 79518	33	33	42	88	91	14	0	255
 79609	33	33	42	88	91	14	0	255
 79654	33	33	42	88	91	14	0	255
 79699	33	33	42	88	91	14	0	255
 79745	33	33	42	88	91	13	0	255
 79790	33	33	42	88	91	13	0	255
 79836	33	33	42	88	91	14	0	255
 79881	33	33	42	88	91	14	0	255
 79926	33	33	42	88	91	14	0	255
 79972	33	33	42	88	91	13	0	255
 80017	33	33	42	88	91	13	0	255
 80062	33	33	42	88	91	13	0	255
 80108	33	33	42	88	91	13	0	255
 80153	33	33	42	88	91	13	0	255
 80198	33	33	42	88	91	14	0	255
 80244	33	33	42	88	91	14	0	255
 80289	33	33	42	88	91	14	0	255
 80334	33	33	42	88	91	14	0	255
 80380	33	33	42	88	91	13	0	255
 80425	33	33	42	88	91	14	0	255
 80470	33	33	42	88	91	14	0	255
 80516	33	33	42	88	91	14	0	255
 80561	33	33	42	88	91	14	0	255
 80606	33	33	42	88	91	14	0	255
 80652	33	33	42	88	91	13	0	255
 80697	33	33	42	88	91	13	0	255
 80742	33	33	42	88	91	14	0	255
 80792	33	33	42	88	91	13	0	255
 80833	33	33	42	88	91	13	0	255
 80879	33	33	42	88	91	14	0	255
 80924	33	33	42	88	91	14	0	255
 80969	33	33	42	88	91	14	0	255
 81015	33	33	42	88	91	14	0	255
 81060	33	33	42	88	91	14	0	255
 81105	33	33	42	88	91	14	0	255
 81151	33	33	42	88	91	14	0	255
 81196	33	33	42	88	91	13	0	255
 81241	33	33	42	88	91	14	0	255
 81287	33	33	42	88	91	14	0	255
 81332	33	33	42	88	91	13	0	255
 81377	33	33	42	88	91	13	0	255
 81423	33	33	42	88	91	14	0	255
 81468	33	33	42	87	91	13	0	255
 81513	33	33	42	88	91	14	0	255
 81559	33	33	42	88	91	14	0	255
 81604	33	33	42	88	91	13	0	255
 81650	33	33	42	88	91	13	0	255
 81695	33	33	42	87	91	14	0	255
 81740	33	33	42	87	91	13	0	255
 81786	33	33	42	87	91	13	0	255
 81831	33	33	42	87	91	13	0	255
 81876	33	33	42	87	91	13	0	255
 81922	33	33	42	87	91	13	0	255
 81967	33	33	42	87	91	14	0	255
 82012	33	33	42	87	91	13	0	255
 82058	33	33	42	87	91	13	0	255
 82103	33	33	42	87	91	14	0	255
 82152	33	33	42	87	91	13	0	255
 82194	33	33	42	87	91	14	0	255
 82239	33	33	42	87	91	13	0	255
 82330	33	33	42	87	91	13	0	255
 82375	33	33	42	87	91	14	0	255
 82420	33	33	42	87	91	14	0	255
 82466	33	33	42	87	91	13	0	255
 82511	33	33	42	87	91	13	0	255
 82557	33	33	42	87	91	14	0	255
 82602	33	33	42	87	91	14	0	255
 82647	33	33	42	87	91	13	0	255
 82693	33	33	42	87	91	13	0	255
 82738	33	33	42	87	91	13	0	255
 82783	33	33	42	87	91	13	0	255
 82829	33	33	42	87	91	13	0	255
 82919	33	33	42	87	91	13	0	255
 82965	33	33	42	87	91	14	0	255
 83010	33	33	42	87	91	13	0	255
 83055	33	33	42	87	91	13	0	255
 83101	33	33	42	87	91	14	0	255
 83146	33	33	42	87	91	13	0	255
 83191	33	33	42	87	91	14	0	255
 83282	33	33	42	87	91	14	0	255
 83327	33	33	42	87	91	14	0	255
 83373	33	33	42	87	91	13	0	255
 83418	33	33	42	87	91	14	0	255
 83464	33	33	42	87	91	13	0	255
 83509	33	33	42	87	91	14	0	255
 83554	33	33	42	87	91	13	0	255
 83604	33	33	42	87	91	13	0	255
 83645	33	33	42	87	91	14	0	255
 83690	33	33	42	87	91	13	0	255
 83736	33	33	42	87	91	14	0	255
 83781	33	33	42	87	91	13	0	255
 83826	33	33	42	87	91	14	0	255
 83872	33	33	42	87	91	14	0	255
 83917	33	33	42	87	91	13	0	255
 83962	33	33	42	87	91	14	0	255
 84008	33	33	42	87	91	14	0	255
 84053	33	33	42	87	91	14	0	255
 84098	33	33	42	87	91	13	0	255
 84144	33	33	42	87	91	14	0	255
 84189	33	33	42	87	91	13	0	255
 84235	33	33	42	87	91	14	0	255
 84280	33	33	42	87	91	14	0	255
 84329	33	33	42	87	91	13	0	255
 84371	33	33	42	87	91	14	0	255
 84416	33	33	42	87	91	13	0	255
 84461	33	33	42	87	91	13	0	255
 84507	33	33	42	87	91	13	0	255
 84552	33	33	42	87	91	14	0	255
 84597	33	33	42	87	91	14	0	255
 84643	33	33	42	87	91	13	0	255
 84688	33	33	42	87	91	13	0	255
 84733	33	33	42	87	91	13	0	255
 84779	33	33	42	87	91	13	0	255
 84824	33	33	42	87	91	13	0	255
 84915	33	33	42	87	91	13	0	255
 84960	33	33	42	87	91	13	0	255
 85005	33	33	42	87	91	13	0	255
 85051	33	33	42	87	91	13	0	255
 85096	33	33	42	87	91	13	0	255
 85142	33	33	42	87	91	13	0	255
 85187	33	33	42	87	91	13	0	255
 85232	33	33	42	87	91	13	0	255
 85278	33	33	42	87	91	14	0	255
 85323	33	33	42	87	91	13	0	255
 85368	33	33	42	87	91	13	0	255
 85414	33	33	42	87	91	13	0	255
 85459	33	33	42	87	91	13	0	255
 85504	33	33	42	87	91	14	0	255
 85550	33	33	42	87	91	14	0	255
 85595	33	33	42	87	91	14	0	255
 85640	33	33	42	87	91	14	0	255
 85686	33	33	42	87	91	14	0	255
 85731	33	33	42	87	91	13	0	255
 85776	33	33	42	87	91	14	0	255
 85822	33	33	42	87	91	12	0	255
 85867	33	33	42	87	91	13	0	255
 85913	33	33	42	87	91	13	0	255
 85958	33	33	42	87	91	13	0	255
 86003	33	33	42	87	91	13	0	255
 86049	33	33	42	87	91	13	0	255
 86094	33	33	42	87	91	14	0	255
 86139	33	33	42	87	91	13	0	255
 86185	33	33	42	87	91	14	0	255
 86230	33	33	42	87	91	13	0	255
 86275	33	33	42	87	91	13	0	255
 86321	33	33	42	87	91	13	0	255
 86366	33	33	42	87	91	14	0	255
