HomeCentral
 Falkenstrasse 20
 8630 Rueti
 Datum: 01.06.14 00:00
 
 Startzeit: 2014-06-01 00:00:21 +0100
 67	54	52	80	144	149	16	0	255
 112	54	52	80	144	149	16	0	255
 157	54	52	80	144	148	16	0	255
 203	54	52	80	144	148	16	0	255
 248	54	52	80	144	148	14	0	255
 293	54	52	80	144	148	17	0	255
 339	54	52	80	144	148	16	0	255
 384	54	52	80	144	148	16	0	255
 429	54	52	80	144	148	16	0	255
 475	54	52	80	144	148	16	0	255
 520	54	52	80	144	148	14	0	255
 565	54	52	80	144	148	16	0	255
 611	54	52	80	144	148	14	0	255
 656	54	52	80	144	148	16	0	255
 702	54	52	80	144	148	16	0	255
 747	54	52	80	144	148	16	0	255
 792	54	52	80	144	148	16	0	255
 838	54	52	80	144	148	16	0	255
 883	54	52	80	144	148	16	0	255
 928	54	52	80	144	148	16	0	255
 974	54	52	80	144	148	16	0	255
 1019	54	52	80	144	148	14	0	255
 1064	54	52	80	144	148	16	0	255
 1110	54	52	80	144	148	14	0	255
 1155	54	52	80	144	148	14	0	255
 1200	54	52	80	144	148	16	0	255
 1246	54	52	79	144	148	16	0	255
 1291	54	52	79	144	148	16	0	255
 1336	54	52	79	144	148	14	0	255
 1382	54	52	79	144	148	16	0	255
 1427	54	52	79	144	148	16	0	255
 1472	54	52	79	144	148	14	0	255
 1518	54	52	79	144	148	14	0	255
 1563	54	52	79	144	148	14	0	255
 1609	54	52	79	144	148	14	0	255
 1654	54	52	79	144	148	14	0	255
 1699	54	52	79	144	148	14	0	255
 1745	54	52	79	144	148	14	0	255
 1790	54	52	79	144	148	14	0	255
 1835	54	52	79	144	148	14	0	255
 1881	54	52	79	144	148	14	0	255
 1926	54	52	79	144	148	14	0	255
 1971	54	52	79	144	148	14	0	255
 2017	54	52	79	144	148	14	0	255
 2062	54	52	79	144	148	16	0	255
 2107	53	52	79	144	148	14	0	255
 2153	53	52	79	144	148	14	0	255
 2198	54	52	79	144	148	14	0	255
 2243	54	52	79	144	148	14	0	255
 2289	53	52	79	144	148	14	0	255
 2334	53	52	79	144	148	14	0	255
 2379	53	52	79	144	148	14	0	255
 2425	54	52	79	144	148	14	0	255
 2470	53	52	79	144	148	14	0	255
 2515	53	52	79	144	148	14	0	255
 2561	53	52	79	144	148	14	0	255
 2606	53	52	79	144	148	14	0	255
 2652	53	52	79	144	148	14	0	255
 2697	53	52	79	144	148	14	0	255
 2742	53	52	79	144	148	14	0	255
 2788	53	52	79	144	148	14	0	255
 2833	53	52	79	144	148	14	0	255
 2878	53	52	79	144	148	14	0	255
 2924	53	52	79	144	148	14	0	255
 2969	53	52	79	144	148	14	0	255
 3014	53	52	79	144	148	14	0	255
 3060	53	52	79	144	148	14	0	255
 3105	53	52	79	144	148	13	0	255
 3150	53	52	79	144	148	14	0	255
 3196	53	52	79	144	148	14	0	255
 3241	53	52	79	144	148	14	0	255
 3286	53	52	79	144	148	14	0	255
 3332	53	52	79	144	148	14	0	255
 3377	53	52	79	144	148	14	0	255
 3422	53	52	79	144	148	14	0	255
 3469	53	52	79	144	148	14	0	255
 3513	53	52	79	144	148	14	0	255
 3559	53	52	79	144	148	14	0	255
 3604	53	52	79	144	148	14	0	255
 3649	53	52	79	144	148	13	0	255
 3695	53	52	79	144	148	14	0	255
 3740	53	52	79	144	148	14	0	255
 3785	53	52	79	144	148	14	0	255
 3831	53	52	79	144	148	13	0	255
 3876	53	52	79	144	148	14	0	255
 3921	53	52	79	144	148	14	0	255
 3967	53	52	79	144	148	13	0	255
 4012	53	52	79	144	148	13	0	255
 4057	53	52	79	144	148	14	0	255
 4103	53	52	79	144	148	13	0	255
 4148	53	52	79	144	148	13	0	255
 4193	53	52	79	144	148	13	0	255
 4239	53	52	79	144	148	14	0	255
 4284	53	52	79	144	148	13	0	255
 4329	53	52	79	144	148	13	0	255
 4375	53	52	79	144	148	13	0	255
 4420	53	52	79	143	148	14	0	255
 4466	53	52	79	143	148	13	0	255
 4511	53	52	79	143	148	13	0	255
 4556	53	52	79	143	148	14	0	255
 4602	53	52	79	143	148	13	0	255
 4647	53	52	79	143	148	13	0	255
 4693	53	52	79	143	148	14	0	255
 4738	53	52	79	143	148	13	0	255
 4783	53	52	79	143	148	13	0	255
 4828	53	52	79	143	148	13	0	255
 4874	53	52	79	143	148	13	0	255
 4919	53	52	79	143	148	13	0	255
 4964	53	52	79	143	148	13	0	255
 5010	53	52	79	143	148	14	0	255
 5055	53	52	79	143	148	14	8	255
 5100	53	52	79	143	148	14	0	255
 5146	53	52	79	143	148	14	0	255
 5191	53	52	79	143	148	13	0	255
 5238	53	52	79	143	148	14	0	255
 5282	53	52	79	143	148	14	0	255
 5327	53	52	79	143	148	14	0	255
 5373	53	52	79	143	148	13	0	255
 5418	53	52	79	143	148	13	0	255
 5463	53	52	79	143	148	14	0	255
 5509	53	52	79	143	148	13	0	255
 5554	53	52	79	143	148	13	0	255
 5600	53	52	79	143	148	13	0	255
 5645	53	52	79	143	148	13	0	255
 5690	53	52	78	143	148	13	0	255
 5735	53	52	78	143	148	13	0	255
 5781	53	52	78	143	148	13	0	255
 5826	53	52	78	143	148	13	0	255
 5871	53	52	78	143	148	13	0	255
 5917	53	52	78	143	148	13	0	255
 5962	53	52	78	143	148	13	0	255
 6007	53	52	78	143	148	13	0	255
 6053	53	52	78	143	148	13	0	255
 6098	53	52	78	143	148	13	0	255
 6144	53	52	78	143	148	13	0	255
 6189	53	52	78	143	148	13	0	255
 6234	53	52	78	143	148	13	0	255
 6280	53	52	78	143	148	12	0	255
 6325	53	52	78	143	148	13	0	255
 6370	53	52	78	143	148	13	0	255
 6416	53	52	78	143	148	13	0	255
 6461	53	52	78	143	148	13	0	255
 6506	53	52	78	143	148	13	0	255
 6552	53	52	78	143	148	13	0	255
 6597	53	52	78	143	148	13	0	255
 6642	53	52	78	143	148	13	0	255
 6688	53	52	78	143	148	12	0	255
 6733	53	52	78	143	148	13	0	255
 6778	53	52	78	143	147	13	0	255
 6824	53	52	78	143	147	13	0	255
 6869	53	52	78	143	148	13	0	255
 6914	53	52	78	143	147	12	0	255
 6960	53	52	78	143	147	13	0	255
 7005	53	52	78	143	147	13	0	255
 7050	53	52	78	143	147	13	0	255
 7096	53	52	78	143	147	13	0	255
 7141	53	52	78	143	147	12	0	255
 7187	53	52	78	143	147	12	0	255
 7232	53	52	78	143	147	13	0	255
 7277	53	52	78	143	147	13	0	255
 7323	53	52	78	143	147	12	0	255
 7368	53	52	78	143	147	13	0	255
 7413	53	52	78	143	147	12	0	255
 7459	53	52	78	143	147	13	0	255
 7504	53	52	78	143	147	12	0	255
 7549	53	52	78	143	147	13	0	255
 7595	53	52	78	143	147	13	0	255
 7640	53	52	78	143	147	13	0	255
 7685	53	52	78	143	147	12	0	255
 7731	53	52	78	143	147	12	0	255
 7776	53	52	78	143	147	13	0	255
 7821	53	52	78	143	147	13	0	255
 7867	53	52	78	143	147	12	0	255
 7912	53	52	78	143	147	13	0	255
 7957	53	52	78	143	147	12	0	255
 8003	53	52	78	143	147	12	0	255
 8048	53	52	78	143	147	13	0	255
 8093	53	52	78	143	147	12	0	255
 8139	53	52	78	143	147	12	0	255
 8184	53	52	78	143	147	12	0	255
 8230	53	52	78	143	147	12	0	255
 8275	53	52	78	143	147	12	0	255
 8320	53	52	78	143	147	12	0	255
 8366	53	52	78	143	147	12	0	255
 8414	53	52	78	143	147	12	0	255
 8456	53	52	78	143	147	12	0	255
 8502	53	52	78	143	147	12	0	255
 8547	53	52	78	143	147	12	0	255
 8592	53	52	78	143	147	13	0	255
 8638	53	52	78	143	147	12	0	255
 8683	53	52	78	143	147	12	0	255
 8728	53	52	78	143	147	13	0	255
 8774	53	52	78	143	147	12	0	255
 8819	53	52	78	143	147	12	0	255
 8864	53	51	78	143	147	12	0	255
 8910	53	51	78	143	147	12	0	255
 8955	53	52	78	143	147	12	0	255
 9000	53	51	78	143	147	12	0	255
 9046	53	51	78	143	147	12	0	255
 9091	53	51	78	143	147	12	0	255
 9137	53	51	78	143	147	12	0	255
 9182	53	51	78	143	147	12	0	255
 9227	53	52	78	143	147	12	0	255
 9273	53	52	78	143	147	12	0	255
 9318	53	51	78	143	147	12	0	255
 9363	53	51	78	143	147	11	0	255
 9409	53	51	78	143	147	12	0	255
 9454	53	51	78	143	147	12	0	255
 9499	53	51	78	143	147	12	0	255
 9545	53	51	78	143	147	12	0	255
 9590	53	51	78	143	147	12	0	255
 9635	53	51	78	142	147	12	0	255
 9681	53	51	78	142	147	11	0	255
 9726	53	51	78	142	147	12	0	255
 9771	53	51	78	142	147	12	0	255
 9817	53	51	78	142	147	12	0	255
 9862	53	51	78	142	147	12	0	255
 9907	53	51	78	142	147	12	0	255
 9953	53	51	78	142	147	12	0	255
 9999	53	51	78	142	147	12	0	255
 10044	53	51	78	142	147	12	0	255
 10089	53	51	78	142	147	12	0	255
 10134	53	51	78	142	147	12	0	255
 10180	53	51	78	142	147	12	0	255
 10225	53	51	78	142	147	12	0	255
 10270	53	51	78	142	147	11	0	255
 10316	53	51	78	142	147	12	0	255
 10361	53	51	78	142	147	12	0	255
 10406	53	51	78	142	147	12	0	255
 10452	53	51	77	142	147	11	0	255
 10497	53	51	77	142	147	12	0	255
 10542	53	51	77	142	147	11	0	255
 10588	53	51	77	142	147	12	0	255
 10633	53	51	77	142	147	12	0	255
 10678	53	51	77	142	147	11	0	255
 10724	53	51	77	142	147	12	0	255
 10769	53	51	77	142	147	11	0	255
 10814	53	51	77	142	147	11	0	255
 10860	53	51	77	142	147	11	0	255
 10905	53	51	77	142	147	11	0	255
 10951	53	51	77	142	147	11	0	255
 10996	53	51	77	142	147	11	0	255
 11041	53	51	77	142	147	11	0	255
 11087	53	51	77	142	147	11	0	255
 11132	53	51	77	142	147	12	0	255
 11177	53	51	77	142	147	11	0	255
 11223	53	51	77	142	147	12	0	255
 11268	53	51	77	142	147	12	0	255
 11313	53	51	77	142	147	11	0	255
 11359	53	51	77	142	147	11	0	255
 11404	53	51	77	142	147	11	0	255
 11449	53	51	77	142	147	11	0	255
 11495	53	51	77	142	147	11	0	255
 11540	53	51	77	142	147	12	0	255
 11585	53	51	77	142	147	11	0	255
 11631	53	51	77	142	147	12	0	255
 11676	53	51	77	142	147	12	0	255
 11721	53	51	77	142	147	12	0	255
 11767	53	51	77	142	147	11	0	255
 11812	53	51	77	142	147	11	0	255
 11858	53	51	77	142	147	12	0	255
 11903	53	51	77	142	147	12	0	255
 11948	53	51	77	142	147	12	0	255
 11994	53	51	77	142	147	11	0	255
 12039	53	51	77	142	147	12	0	255
 12084	53	51	77	142	147	12	0	255
 12130	53	51	77	142	147	12	0	255
 12176	53	51	77	142	147	12	0	255
 12220	53	51	77	142	147	11	0	255
 12266	53	51	77	142	147	12	0	255
 12311	53	51	77	142	147	12	0	255
 12356	53	51	77	142	147	12	0	255
 12402	53	51	77	142	147	12	0	255
 12447	53	51	77	142	147	11	0	255
 12492	53	51	77	142	147	11	0	255
 12538	53	51	77	142	147	12	0	255
 12583	53	51	77	142	147	12	0	255
 12628	53	51	77	142	147	12	0	255
 12674	53	51	77	142	147	12	0	255
 12719	53	51	77	142	146	12	0	255
 12765	53	51	77	142	147	11	0	255
 12810	53	51	77	142	147	12	0	255
 12855	53	51	77	142	147	12	0	255
 12901	53	51	77	142	147	12	0	255
 12946	53	51	77	142	147	11	0	255
 12991	53	51	77	142	146	12	0	255
 13037	53	51	77	142	146	12	0	255
 13082	53	51	77	142	146	12	0	255
 13127	53	51	77	142	146	12	0	255
 13173	53	51	77	142	146	12	0	255
 13218	53	51	77	142	146	11	0	255
 13263	53	51	77	142	146	12	0	255
 13309	53	51	77	142	146	11	0	255
 13354	53	51	77	142	146	11	0	255
 13399	53	51	77	142	146	12	0	255
 13445	53	51	77	142	146	12	0	255
 13490	53	51	77	142	146	12	0	255
 13535	53	51	77	142	146	12	0	255
 13581	53	51	77	142	146	11	0	255
 13626	53	51	77	142	146	12	0	255
 13672	53	51	77	142	146	12	0	255
 13717	53	51	77	142	146	11	0	255
 13762	53	51	77	142	146	11	0	255
 13808	53	51	77	142	146	12	0	255
 13853	53	51	77	142	146	12	0	255
 13898	52	51	77	142	146	11	0	255
 13944	53	51	77	142	146	11	0	255
 13989	53	51	77	142	146	12	0	255
 14034	52	51	77	142	146	12	0	255
 14080	53	51	77	142	146	11	0	255
 14125	53	51	77	142	146	12	0	255
 14170	53	51	77	142	146	11	0	255
 14216	53	51	77	142	146	12	0	255
 14261	53	51	77	142	146	12	0	255
 14306	52	51	77	142	146	11	0	255
 14352	52	51	77	142	146	11	0	255
 14397	53	51	77	142	146	11	0	255
 14442	52	51	77	142	146	12	0	255
 14488	52	51	77	142	146	11	0	255
 14533	52	51	77	142	146	11	0	255
 14578	52	51	77	142	146	11	0	255
 14624	52	51	77	142	146	12	0	255
 14669	52	51	77	142	146	11	0	255
 14715	52	51	77	142	146	11	0	255
 14760	52	51	77	142	146	11	0	255
 14805	52	51	77	142	146	12	0	255
 14851	52	51	77	142	146	12	0	255
 14896	52	51	77	142	146	11	0	255
 14942	52	51	77	141	146	11	0	255
 14987	52	51	77	141	146	12	0	255
 15032	52	51	77	141	146	11	0	255
 15077	52	51	77	141	146	11	0	255
 15123	52	51	77	141	146	11	0	255
 15168	52	51	76	141	146	11	0	255
 15213	52	51	76	141	146	11	0	255
 15259	52	51	76	141	146	11	0	255
 15304	52	51	76	141	146	11	0	255
 15349	52	51	76	141	146	11	0	255
 15395	52	51	76	141	146	11	0	255
 15440	52	51	76	141	146	11	0	255
 15485	52	51	76	141	146	11	0	255
 15531	52	51	76	141	146	11	0	255
 15576	52	51	76	141	146	11	0	255
 15622	52	51	76	141	146	12	0	255
 15667	52	51	76	141	146	12	0	255
 15712	52	51	76	141	146	11	0	255
 15758	52	51	76	141	146	11	0	255
 15803	52	51	76	141	146	11	0	255
 15848	52	51	76	141	146	12	0	255
 15894	52	51	76	141	146	11	0	255
 15939	52	51	76	141	146	11	0	255
 15984	52	51	76	141	146	11	0	255
 16030	52	51	76	141	146	11	0	255
 16075	52	51	76	141	146	12	0	255
 16120	52	51	76	141	146	11	0	255
 16166	52	51	76	141	146	12	0	255
 16211	52	51	76	141	146	12	0	255
 16256	52	51	76	141	146	12	0	255
 16302	52	51	76	141	146	11	0	255
 16347	52	51	76	141	146	12	0	255
 16392	52	51	76	141	146	11	0	255
 16438	52	51	76	141	146	11	0	255
 16483	52	51	76	141	146	11	0	255
 16529	52	51	76	141	146	11	0	255
 16574	52	51	76	141	146	12	0	255
 16619	52	51	76	141	146	11	0	255
 16665	52	51	76	141	146	12	0	255
 16710	52	51	76	141	146	12	0	255
 16755	52	51	76	141	146	11	0	255
 16801	52	51	76	141	146	11	0	255
 16846	52	51	76	141	146	12	0	255
 16891	52	51	76	141	146	11	0	255
 16937	52	51	76	141	146	11	0	255
 16982	52	51	76	141	146	12	0	255
 17027	52	51	76	141	146	12	0	255
 17073	52	51	76	141	146	11	0	255
 17118	52	51	76	141	146	12	0	255
 17163	52	51	76	141	146	12	0	255
 17209	52	51	76	141	146	12	0	255
 17254	52	51	76	141	146	11	0	255
 17299	52	51	76	141	146	11	0	255
 17345	52	51	76	141	146	11	0	255
 17390	52	51	76	141	146	12	0	255
 17436	52	51	76	141	146	11	0	255
 17481	52	51	76	141	146	11	0	255
 17526	52	51	76	141	146	11	0	255
 17572	52	51	76	141	146	12	0	255
 17617	52	51	76	141	146	12	0	255
 17662	52	51	76	141	146	11	0	255
 17708	52	51	76	141	146	12	0	255
 17753	52	51	76	141	146	12	0	255
 17798	52	51	76	141	146	11	0	255
 17844	52	51	76	141	146	12	0	255
 17889	52	51	76	141	146	11	0	255
 17934	52	51	76	141	146	12	0	255
 17980	52	51	76	141	146	11	0	255
 18025	52	51	76	141	146	11	0	255
 18070	52	51	76	141	146	11	0	255
 18116	52	51	76	141	146	11	0	255
 18161	52	51	76	141	146	11	0	255
 18206	52	51	76	141	146	10	0	255
 18252	52	51	76	141	146	12	0	255
 18297	52	51	76	141	146	11	0	255
 18343	52	51	76	141	146	11	0	255
 18388	52	51	76	141	146	10	0	255
 18433	52	51	76	141	146	11	0	255
 18479	52	51	76	141	146	11	0	255
 18524	52	51	76	141	146	11	0	255
 18569	52	51	76	141	146	11	0	255
 18615	52	51	76	141	146	11	0	255
 18661	52	51	76	141	146	11	0	255
 18705	52	51	76	141	146	11	0	255
 18751	52	51	76	141	146	11	0	255
 18796	52	51	76	141	146	12	0	255
 18841	52	51	76	141	146	11	0	255
 18887	52	51	76	141	146	12	0	255
 18932	52	51	76	141	146	11	0	255
 18977	52	51	76	141	146	11	0	255
 19023	52	51	76	141	146	11	0	255
 19068	52	51	76	141	146	11	0	255
 19113	52	51	76	141	146	11	0	255
 19159	52	51	76	141	145	11	0	255
 19204	52	51	76	141	146	12	0	255
 19251	52	51	76	141	145	10	0	255
 19295	52	51	76	141	146	11	0	255
 19340	52	51	76	141	145	11	0	255
 19386	52	51	76	141	145	12	0	255
 19431	52	51	76	141	145	11	0	255
 19476	52	51	76	141	145	11	0	255
 19522	52	51	76	141	145	11	0	255
 19567	52	51	76	141	145	11	0	255
 19612	52	51	76	141	145	11	0	255
 19658	52	51	76	141	145	11	0	255
 19703	52	51	76	141	145	11	0	255
 19748	52	51	76	141	145	12	0	255
 19794	52	51	76	141	145	11	0	255
 19839	52	51	76	141	145	11	0	255
 19884	52	51	76	141	145	11	0	255
 19930	52	51	76	141	145	11	0	255
 19975	52	51	76	141	145	11	0	255
 20020	52	51	75	141	145	11	0	255
 20066	52	50	76	141	145	11	0	255
 20111	52	51	75	141	145	11	0	255
 20156	52	50	75	141	145	11	0	255
 20202	52	50	75	140	145	12	0	255
 20247	52	50	75	141	145	11	0	255
 20293	52	50	75	140	145	11	0	255
 20338	52	50	75	140	145	11	0	255
 20383	52	50	75	140	145	11	0	255
 20429	52	50	75	140	145	12	0	255
 20474	52	50	75	140	145	12	0	255
 20519	52	50	75	141	145	12	0	255
 20565	52	50	75	140	145	11	0	255
 20610	52	50	75	140	145	13	0	255
 20655	52	50	75	140	145	12	0	255
 20701	52	50	75	140	145	12	0	255
 20746	52	50	75	140	145	12	0	255
 20791	52	50	75	140	145	12	0	255
 20837	52	50	75	140	145	12	0	255
 20882	52	50	75	140	145	13	0	255
 20927	52	50	75	140	145	13	0	255
 20973	52	50	75	140	145	13	0	255
 21018	52	50	75	140	145	13	0	255
 21063	52	50	75	140	145	12	0	255
 21109	52	50	75	140	145	13	0	255
 21154	52	50	75	140	145	13	0	255
 21200	52	50	75	140	145	13	0	255
 21245	52	50	75	140	145	13	0	255
 21290	52	50	75	140	145	13	0	255
 21336	52	50	75	140	145	13	0	255
 21381	52	50	75	140	145	14	0	255
 21426	52	50	75	140	145	13	0	255
 21472	52	50	75	140	145	14	0	255
 21517	52	50	75	140	145	14	0	255
 21562	52	50	75	140	145	13	0	255
 21608	52	50	75	140	145	14	0	255
 21653	52	50	75	140	145	14	0	255
 21698	52	50	75	140	145	14	0	255
 21744	52	50	75	140	145	16	0	255
 21789	52	50	75	140	145	14	0	255
 21834	52	50	75	140	145	14	0	255
 21880	52	50	75	140	145	16	0	255
 21925	52	50	75	140	145	16	0	255
 21970	52	50	75	140	145	14	0	255
 22016	52	50	75	140	145	14	0	255
 22061	52	50	75	140	145	16	0	255
 22107	52	50	75	140	145	16	0	255
 22152	52	50	75	140	145	16	0	255
 22197	52	50	75	140	145	16	0	255
 22243	52	50	75	140	145	16	0	255
 22288	52	50	75	140	145	17	0	255
 22333	52	50	75	140	145	16	0	255
 22379	52	50	75	140	145	17	0	255
 22424	52	50	75	140	145	17	0	255
 22469	52	50	75	140	145	18	0	255
 22515	52	50	75	140	145	18	0	255
 22560	52	50	75	140	145	17	0	255
 22605	52	50	75	140	145	17	0	255
 22651	52	50	75	140	145	19	0	255
 22696	52	50	75	140	145	18	0	255
 22741	52	50	75	140	145	18	0	255
 22787	52	50	75	140	145	18	0	255
 22832	52	50	75	140	145	18	0	255
 22877	52	50	75	140	145	18	0	255
 22923	52	50	75	140	145	18	0	255
 22968	52	50	75	140	145	18	0	255
 23014	52	50	75	140	145	19	0	255
 23059	52	50	75	140	145	20	0	255
 23104	52	50	75	140	145	19	0	255
 23150	52	50	75	140	145	19	0	255
 23195	52	50	75	140	145	19	0	255
 23240	52	50	75	140	145	20	0	255
 23286	52	50	75	140	145	20	0	255
 23331	52	50	75	140	145	20	0	255
 23376	52	50	75	140	145	22	0	255
 23422	52	50	75	140	145	19	0	255
 23467	52	50	75	140	145	20	0	255
 23512	52	50	75	140	145	20	0	255
 23558	52	50	75	140	145	20	0	255
 23603	52	50	75	140	145	22	0	255
 23648	52	50	75	140	145	22	0	255
 23694	52	50	75	140	145	22	0	255
 23739	52	50	75	140	145	22	0	255
 23784	52	50	75	140	145	20	0	255
 23830	52	50	75	140	145	22	0	255
 23875	52	50	75	140	145	22	0	255
 23921	52	50	75	140	145	22	0	255
 23966	52	50	75	140	145	22	0	255
 24011	52	50	75	140	145	23	0	255
 24057	52	50	75	140	145	22	0	255
 24102	52	50	75	140	145	22	0	255
 24147	52	50	75	140	145	22	0	255
 24193	52	50	75	140	145	20	0	255
 24238	52	50	75	140	145	22	0	255
 24283	52	50	75	140	145	22	0	255
 24329	52	50	75	140	145	22	0	255
 24374	52	50	75	140	145	22	0	255
 24419	52	50	75	140	145	22	0	255
 24465	52	50	75	140	145	22	0	255
 24510	52	50	75	140	145	22	0	255
 24555	51	50	75	140	145	22	0	255
 24601	52	50	75	140	145	22	0	255
 24646	51	50	75	140	145	22	0	255
 24691	51	50	75	140	145	23	0	255
 24737	52	50	75	140	145	23	0	255
 24782	51	50	75	140	145	23	0	255
 24827	51	50	75	140	145	23	0	255
 24873	51	50	75	140	145	23	0	255
 24918	52	50	75	140	145	24	0	255
 24964	51	50	75	140	145	22	0	255
 25009	51	50	75	140	145	23	0	255
 25054	51	50	75	140	145	23	0	255
 25100	51	50	75	140	145	23	0	255
 25145	51	50	74	140	145	24	0	255
 25190	51	50	74	140	145	23	0	255
 25236	51	50	74	140	145	24	0	255
 25281	51	50	75	140	145	23	0	255
 25326	51	50	74	140	145	24	0	255
 25372	51	50	74	140	144	24	0	255
 25417	51	50	74	140	145	24	0	255
 25462	51	50	74	140	144	24	0	255
 25508	51	50	74	140	144	25	0	255
 25553	51	50	74	140	144	25	0	255
 25598	51	50	74	140	144	24	0	255
 25644	51	50	74	140	144	25	0	255
 25689	51	50	74	140	144	24	0	255
 25734	51	50	74	140	144	25	0	255
 25780	51	50	74	139	144	25	0	255
 25825	51	50	74	140	144	25	0	255
 25871	51	50	74	140	144	25	0	255
 25916	51	50	74	139	144	26	0	255
 25961	51	50	74	139	144	26	0	255
 26007	51	50	74	139	144	26	0	255
 26052	51	50	74	139	144	28	0	255
 26097	51	50	74	139	144	28	0	255
 26143	51	50	74	139	144	29	0	255
 26188	51	50	74	139	144	29	0	255
 26233	51	50	74	139	144	29	0	255
 26279	51	50	74	139	144	30	0	255
 26324	51	50	74	139	144	30	0	255
 26369	51	50	74	139	144	30	0	255
 26415	51	50	74	139	144	31	0	255
 26460	51	50	74	139	144	31	0	255
 26505	51	50	74	139	144	31	0	255
 26551	51	50	74	139	144	31	0	255
 26596	51	50	74	139	144	32	0	255
 26641	51	50	74	139	144	32	0	255
 26687	51	50	74	139	144	31	0	255
 26732	51	50	74	139	144	34	0	255
 26778	51	50	74	139	144	34	0	255
 26823	51	50	74	139	144	34	0	255
 26868	51	50	74	139	144	35	0	255
 26914	51	50	74	139	144	35	0	255
 26959	51	50	74	139	144	35	0	255
 27004	51	50	74	139	144	35	0	255
 27050	51	50	74	139	144	36	0	255
 27095	51	50	74	139	144	36	0	255
 27140	51	50	74	139	144	37	0	255
 27186	51	50	74	139	144	37	0	255
 27231	51	50	74	139	144	38	0	255
 27276	51	50	74	139	144	37	0	255
 27322	51	50	74	139	144	40	0	255
 27367	51	50	74	139	144	38	0	255
 27412	51	50	74	139	144	38	0	255
 27458	51	50	74	139	144	40	0	255
 27503	51	50	74	139	144	38	0	255
 27548	51	50	74	139	144	40	0	255
 27594	51	50	74	139	144	41	0	255
 27639	51	50	74	139	144	41	0	255
 27685	51	50	74	139	144	42	0	255
 27730	51	50	74	139	144	42	0	255
 27775	51	50	74	139	144	42	0	255
 27821	51	50	74	139	144	42	0	255
 27866	51	50	74	139	144	42	0	255
 27911	51	50	74	139	144	44	0	255
 27957	51	50	74	139	144	45	0	255
 28002	51	50	74	139	144	44	0	255
 28047	51	50	74	139	144	46	0	255
 28093	51	50	74	139	144	45	0	255
 28138	51	50	74	139	144	46	0	255
 28183	51	50	74	139	144	47	0	255
 28229	51	50	74	139	144	46	0	255
 28274	51	50	74	139	144	46	0	255
 28320	51	50	74	139	144	47	0	255
 28365	51	50	74	139	144	47	0	255
 28410	51	50	74	139	144	48	0	255
 28455	51	50	74	139	144	47	0	255
 28501	51	50	74	139	144	47	0	255
 28546	51	50	74	139	144	48	0	255
 28592	51	50	74	139	144	50	0	255
 28637	51	50	74	139	144	50	0	255
 28682	51	50	74	139	144	50	0	255
 28728	51	50	74	139	144	50	0	255
 28773	51	50	74	139	144	50	0	255
 28818	51	50	74	139	144	51	0	255
 28864	51	50	74	139	144	51	0	255
 28909	51	50	74	139	144	52	0	255
 28954	51	50	74	139	144	52	0	255
 29000	51	50	74	139	144	52	0	255
 29045	51	50	74	139	144	52	0	255
 29090	51	50	74	139	144	52	0	255
 29136	51	50	74	139	144	52	0	255
 29181	51	50	74	139	144	53	0	255
 29226	51	50	74	139	144	53	0	255
 29272	51	50	74	139	144	54	0	255
 29317	51	50	74	139	144	56	0	255
 29362	51	50	74	139	144	56	0	255
 29408	51	50	74	139	144	56	0	255
 29453	51	50	74	139	144	58	0	255
 29499	51	50	74	139	144	58	0	255
 29544	51	50	74	139	144	58	0	255
 29589	51	50	74	139	144	60	0	255
 29635	51	50	74	139	144	60	0	255
 29680	51	50	74	139	144	61	0	255
 29726	51	50	74	139	144	62	0	255
 29771	51	50	74	139	144	62	0	255
 29816	51	50	74	139	144	62	0	255
 29861	51	50	74	139	144	62	0	255
 29907	51	50	74	139	144	64	0	255
 29952	51	50	74	139	144	64	0	255
 29997	51	50	74	139	144	64	0	255
 30043	51	50	74	139	144	65	0	255
 30088	51	50	74	139	144	66	0	255
 30133	51	50	74	139	144	65	0	255
 30179	51	50	74	139	144	66	0	255
 30224	51	50	74	139	144	66	0	255
 30269	51	50	74	139	144	66	0	255
 30315	51	50	74	139	144	66	0	255
 30360	51	50	74	139	144	67	0	255
 30406	51	50	74	139	144	67	0	255
 30451	51	50	74	139	144	67	0	255
 30496	51	50	74	139	144	68	0	255
 30542	51	50	74	139	144	68	0	255
 30587	51	50	74	139	144	71	0	255
 30632	51	50	74	139	144	70	0	255
 30678	51	50	74	139	144	71	0	255
 30723	51	50	74	139	144	71	0	255
 30769	51	50	74	139	144	74	0	255
 30814	51	50	74	139	144	74	0	255
 30859	51	50	74	139	144	74	0	255
 30904	51	50	74	139	144	75	0	255
 30950	51	50	74	139	144	75	0	255
 30995	51	50	74	139	144	76	0	255
 31040	51	50	74	139	144	76	0	255
 31086	51	50	74	139	144	79	0	255
 31131	51	50	74	139	144	78	0	255
 31176	51	50	74	139	144	79	0	255
 31222	51	50	74	139	144	80	0	255
 31267	51	50	73	139	144	80	0	255
 31313	51	50	74	139	144	82	0	255
 31358	51	50	73	139	144	82	0	255
 31403	51	50	73	139	144	84	0	255
 31449	51	50	73	139	144	83	0	255
 31494	51	50	73	139	144	84	0	255
 31539	51	50	73	139	143	85	0	255
 31585	51	50	73	139	144	84	0	255
 31630	51	50	73	139	143	85	0	255
 31675	51	50	73	139	143	86	0	255
 31721	51	50	73	139	143	88	0	255
 31766	51	50	73	139	143	88	0	255
 31811	51	50	73	139	143	89	0	255
 31857	51	50	73	139	143	89	0	255
 31902	51	49	73	138	143	92	0	255
 31947	51	50	73	138	143	90	0	255
 31993	51	50	73	138	143	92	0	255
 32038	51	50	73	138	143	93	0	255
 32084	51	49	73	138	143	93	0	255
 32129	51	50	73	138	143	96	0	255
 32174	51	49	73	138	143	96	0	255
 32220	51	49	73	138	143	97	0	255
 32265	51	49	73	138	143	97	0	255
 32310	51	49	73	138	143	100	0	255
 32356	51	49	73	138	143	100	0	255
 32401	51	49	73	138	143	101	0	255
 32446	51	49	73	138	143	102	0	255
 32492	51	49	73	138	143	102	0	255
 32537	51	49	73	138	143	104	0	255
 32582	51	49	73	138	143	104	0	255
 32628	51	49	73	138	143	105	0	255
 32673	51	49	73	138	143	105	0	255
 32718	51	49	73	138	143	105	0	255
 32764	51	49	73	138	143	108	0	255
 32809	51	49	73	138	143	108	0	255
 32855	51	49	73	138	143	110	0	255
 32900	51	49	73	138	143	112	0	255
 32945	51	49	73	138	143	113	0	255
 32991	51	49	73	138	143	114	0	255
 33036	51	49	73	138	143	113	0	255
 33081	51	49	73	138	143	118	0	255
 33127	51	49	73	138	143	119	0	255
 33172	51	49	73	138	143	120	0	255
 33217	51	49	73	138	143	122	0	255
 33263	51	49	73	138	143	122	0	255
 33308	51	49	73	138	143	124	0	255
 33353	51	49	73	138	143	124	0	255
 33399	51	49	73	138	143	127	0	255
 33444	51	49	73	138	143	127	0	255
 33489	51	49	73	138	143	128	0	255
 33535	51	49	73	138	143	128	0	255
 33580	50	49	73	138	143	130	0	255
 33625	51	49	73	138	143	131	0	255
 33672	50	49	73	138	143	132	0	255
 33716	51	53	73	138	143	134	8	255
 33762	69	68	73	138	143	138	8	255
 33807	85	80	73	138	143	138	8	255
 33853	94	88	73	138	143	127	0	255
 33898	98	91	73	138	143	124	0	255
 33943	100	93	73	138	143	123	0	255
 33988	100	93	73	138	143	126	0	255
 34034	100	93	73	138	143	127	0	255
 34079	100	92	73	138	143	130	0	255
 34124	99	92	73	138	143	132	0	255
 34170	99	90	73	138	143	132	8	255
 34215	100	92	73	138	143	137	8	255
 34260	105	95	73	138	143	140	8	255
 34306	109	97	73	138	143	134	8	255
 34351	109	99	73	138	143	123	0	255
 34396	108	98	73	138	143	122	0	255
 34442	106	98	73	138	143	122	0	255
 34487	105	97	73	138	143	124	0	255
 34533	104	96	73	138	143	127	0	255
 34578	103	96	73	138	143	130	0	255
 34623	102	95	73	138	143	132	0	255
 34669	100	93	73	138	143	132	8	255
 34714	103	96	73	138	143	131	8	255
 34759	105	98	73	138	143	132	8	255
 34805	107	99	73	138	143	130	8	255
 34850	108	101	73	138	143	131	8	255
 34895	108	101	73	138	143	134	8	255
 34941	109	102	73	138	143	134	8	255
 34986	110	102	74	138	143	132	8	255
 35031	110	102	74	138	143	130	8	255
 35077	109	103	74	138	143	130	0	255
 35122	109	102	74	138	143	131	0	255
 35167	107	101	74	138	143	132	8	255
 35213	107	100	74	138	143	136	8	255
 35258	109	101	74	138	143	137	8	255
 35304	111	101	74	138	143	140	8	255
 35349	113	102	74	138	143	137	8	255
 35394	113	103	74	138	143	138	8	255
 35440	114	103	74	138	143	140	8	255
 35485	115	103	74	138	143	141	8	255
 35530	116	104	74	138	143	141	8	255
 35576	116	104	74	138	143	138	8	255
 35621	115	104	74	138	143	137	8	255
 35666	115	104	74	138	143	138	8	255
 35712	115	104	74	138	143	138	8	255
 35757	115	104	74	138	143	140	8	255
 35802	116	104	74	138	143	140	8	255
 35848	116	105	74	138	143	141	8	255
 35893	117	105	74	138	143	141	8	255
 35938	117	105	74	138	143	141	8	255
 35984	117	105	74	138	143	142	8	255
 36029	118	105	74	138	143	142	8	255
 36075	118	105	74	138	143	142	8	255
 36120	118	105	74	138	143	144	8	255
 36165	119	105	74	138	143	144	8	255
 36211	119	106	74	138	143	144	8	255
 36256	119	106	74	138	143	145	8	255
 36301	120	106	74	138	143	144	8	255
 36347	120	106	75	138	143	145	8	255
 36392	120	106	75	138	143	145	8	255
 36437	121	106	75	138	143	145	8	255
 36483	121	106	75	138	143	146	8	255
 36528	121	106	75	138	143	148	8	255
 36573	122	106	75	138	143	148	8	255
 36619	122	107	75	138	143	148	8	255
 36664	122	107	75	138	143	148	8	255
 36709	123	107	75	138	143	150	8	255
 36755	123	107	75	138	143	150	8	255
 36800	123	107	75	138	143	151	8	255
 36845	124	107	75	138	143	150	8	255
 36891	124	107	75	137	143	151	8	255
 36936	124	107	75	137	143	151	8	255
 36982	125	107	75	138	143	151	8	255
 37029	125	108	75	138	143	151	8	255
 37072	125	108	75	137	143	152	8	255
 37118	126	108	75	137	143	152	8	255
 37163	126	108	75	137	143	152	8	255
 37208	126	108	75	138	143	152	8	255
 37254	127	108	75	137	143	154	8	255
 37299	127	108	75	137	143	154	8	255
 37344	127	108	75	137	143	155	8	255
 37390	128	108	75	137	143	155	8	255
 37435	128	108	76	137	143	154	8	255
 37480	128	109	76	137	143	156	8	255
 37526	129	109	76	137	143	156	8	255
 37571	129	109	76	138	143	158	8	255
 37617	129	109	76	138	143	156	8	255
 37662	130	109	76	138	143	158	8	255
 37707	130	109	76	138	143	158	8	255
 37753	130	109	76	138	143	158	8	255
 37798	130	109	76	138	143	160	8	255
 37843	131	109	76	138	143	158	8	255
 37889	131	110	76	138	143	160	8	255
 37934	131	110	76	138	142	158	8	255
 37979	132	110	76	138	142	160	8	255
 38025	132	110	76	138	143	160	8	255
 38070	132	110	76	138	142	161	8	255
 38115	133	110	76	138	142	161	8	255
 38161	133	110	76	138	142	161	8	255
 38206	133	110	76	138	142	162	8	255
 38251	134	110	76	138	142	164	8	255
 38297	134	110	76	138	142	162	8	255
 38342	134	111	76	138	142	164	8	255
 38387	135	111	76	138	142	164	8	255
 38433	135	111	76	138	142	164	8	255
 38478	135	111	76	138	142	164	8	255
 38524	135	111	76	138	142	164	8	255
 38569	136	111	77	138	142	165	8	255
 38614	136	111	77	139	142	165	8	255
 38660	136	111	77	139	142	165	8	255
 38705	137	111	77	139	142	166	8	255
 38750	137	111	77	139	142	166	8	255
 38796	137	112	77	139	142	166	8	255
 38841	137	112	77	139	142	165	8	255
 38886	138	112	77	139	142	168	8	255
 38932	138	112	77	139	142	166	8	255
 38977	138	112	77	139	142	168	8	255
 39022	139	112	77	139	142	168	8	255
 39068	139	112	77	139	142	170	8	255
 39113	139	112	77	139	142	170	8	255
 39158	140	112	77	139	142	170	8	255
 39204	140	112	77	139	142	171	8	255
 39249	140	112	77	140	142	171	8	255
 39295	141	113	77	140	142	171	8	255
 39340	141	113	77	140	142	171	8	255
 39385	141	113	77	140	143	172	8	255
 39431	141	113	77	140	143	172	8	255
 39476	142	113	77	140	143	172	8	255
 39521	142	113	77	140	143	172	8	255
 39567	142	113	77	140	143	172	8	255
 39612	142	113	78	140	143	172	8	255
 39657	143	113	78	140	143	174	8	255
 39703	143	113	78	140	143	172	8	255
 39748	143	113	78	140	143	174	8	255
 39793	143	113	78	140	143	176	8	255
 39839	144	114	78	140	143	176	8	255
 39884	144	114	78	140	143	176	8	255
 39929	144	114	78	140	143	177	8	255
 39975	144	114	78	141	143	176	8	255
 40020	145	114	78	141	143	177	8	255
 40066	145	114	78	141	143	176	8	255
 40111	145	114	78	141	143	177	8	255
 40156	145	114	78	141	143	177	8	255
 40202	146	114	78	141	143	177	8	255
 40247	146	114	78	141	143	177	8	255
 40292	146	114	78	141	143	180	8	255
 40338	146	114	78	141	143	178	8	255
 40383	147	114	78	141	144	178	8	255
 40428	147	115	78	141	144	178	8	255
 40474	147	115	78	141	144	180	8	255
 40519	147	115	78	141	144	180	8	255
 40564	148	115	79	141	144	180	8	255
 40610	148	115	79	141	144	182	8	255
 40655	148	115	79	141	144	180	8	255
 40700	148	115	79	142	144	182	8	255
 40746	149	115	79	142	144	182	8	255
 40791	149	115	79	142	144	182	8	255
 40837	149	115	79	142	144	183	8	255
 40882	149	115	79	142	144	182	8	255
 40927	150	115	79	142	144	182	8	255
 40973	150	115	79	142	144	182	8	255
 41018	150	116	79	142	144	184	8	255
 41063	150	116	79	142	145	184	8	255
 41109	151	116	79	142	145	184	8	255
 41154	151	116	79	142	145	184	8	255
 41199	151	116	79	142	145	186	8	255
 41245	151	116	79	142	145	184	8	255
 41290	152	116	79	142	145	186	8	255
 41335	152	116	79	143	145	186	8	255
 41381	152	116	79	143	145	186	8	255
 41426	152	116	79	143	145	188	8	255
 41471	152	116	80	143	145	188	8	255
 41517	152	116	80	143	145	186	8	255
 41562	153	116	80	143	145	186	8	255
 41608	153	116	80	143	146	186	8	255
 41653	153	117	80	143	146	188	8	255
 41699	153	117	80	143	146	188	8	255
 41744	153	117	80	143	146	189	8	255
 41789	154	117	80	143	146	188	8	255
 41834	154	117	80	143	146	189	8	255
 41880	154	117	80	143	146	188	8	255
 41925	154	117	80	144	146	190	8	255
 41970	155	117	80	144	146	189	8	255
 42016	155	117	80	144	146	188	8	255
 42061	155	117	80	144	146	190	8	255
 42106	155	117	80	144	146	190	8	255
 42152	156	117	80	144	147	190	8	255
 42199	156	117	80	144	147	190	8	255
 42243	156	117	80	144	147	190	8	255
 42288	156	117	80	144	147	190	8	255
 42333	156	117	80	144	147	192	8	255
 42379	157	118	81	144	147	194	8	255
 42424	157	118	81	145	147	192	8	255
 42469	157	118	81	145	147	192	8	255
 42515	157	118	81	145	147	194	8	255
 42560	158	118	81	145	147	194	8	255
 42605	158	118	81	145	147	194	8	255
 42651	158	118	81	145	148	194	8	255
 42696	158	118	81	145	148	195	8	255
 42741	159	118	81	145	148	195	8	255
 42787	159	118	81	145	148	195	8	255
 42832	159	118	81	145	148	195	8	255
 42877	159	118	81	145	148	195	8	255
 42923	160	118	81	146	148	196	8	255
 42968	160	118	81	146	148	196	8	255
 43013	160	118	81	146	148	196	8	255
 43059	160	118	81	146	148	196	8	255
 43104	160	119	81	146	149	198	8	255
 43149	161	119	81	146	149	196	8	255
 43195	161	119	81	146	149	196	8	255
 43240	161	119	81	146	149	196	8	255
 43286	161	119	81	146	149	198	8	255
 43331	162	119	81	146	149	200	8	255
 43376	162	119	82	147	149	198	8	255
 43422	162	119	82	147	149	200	8	255
 43467	162	119	82	147	149	198	8	255
 43512	163	119	82	147	149	201	8	255
 43558	163	119	82	147	150	201	8	255
 43603	163	119	82	147	150	200	8	255
 43648	163	119	82	147	150	198	8	255
 43694	163	119	82	147	150	200	8	255
 43739	163	119	82	147	150	201	8	255
 43784	163	119	82	147	150	200	8	255
 43830	163	120	82	148	150	201	8	255
 43875	164	120	82	148	150	201	8	255
 43920	164	120	82	148	150	201	8	255
 43966	164	120	82	148	151	200	8	255
 44011	164	120	82	148	151	201	8	255
 44057	164	120	82	148	151	201	8	255
 44102	164	120	82	148	151	201	8	255
 44147	164	120	82	148	151	202	8	255
 44193	165	120	82	148	151	202	8	255
 44238	165	120	82	149	151	201	8	255
 44283	165	120	82	149	151	204	8	255
 44329	165	120	82	149	151	202	8	255
 44374	165	120	82	149	152	202	8	255
 44419	166	120	83	149	152	202	8	255
 44465	166	120	82	149	152	202	8	255
 44510	166	120	83	149	152	202	8	255
 44556	165	120	83	149	152	202	8	255
 44601	165	120	83	149	152	204	8	255
 44646	165	121	83	150	152	202	8	255
 44691	166	121	83	150	152	204	8	255
 44737	166	121	83	150	152	204	8	255
 44782	166	121	83	150	153	204	8	255
 44828	166	121	83	150	153	206	8	255
 44873	166	121	83	150	153	206	8	255
 44918	167	121	83	150	153	204	8	255
 44964	167	121	83	150	153	204	8	255
 45009	167	121	83	150	153	204	8	255
 45054	167	121	83	150	153	206	8	255
 45100	168	121	83	151	153	206	8	255
 45145	168	121	83	151	153	206	8	255
 45190	168	121	83	151	154	207	8	255
 45236	168	121	83	151	154	207	8	255
 45281	169	121	83	151	154	207	8	255
 45326	169	121	83	151	154	210	8	255
 45372	169	121	83	151	154	208	8	255
 45417	170	122	83	151	154	210	8	255
 45462	170	122	83	151	154	212	8	255
 45508	171	122	83	152	154	210	8	255
 45553	171	122	84	152	155	213	8	255
 45599	172	122	84	152	155	212	8	255
 45644	172	122	84	152	155	206	8	255
 45689	170	120	84	152	155	200	8	255
 45735	167	120	84	152	155	196	8	255
 45780	164	119	84	152	155	192	8	255
 45825	162	119	84	152	155	189	8	255
 45871	159	120	84	152	155	189	8	255
 45916	158	120	84	152	155	189	8	255
 45961	157	121	84	153	155	194	8	255
 46007	158	122	84	153	155	196	8	255
 46052	160	122	84	153	156	201	8	255
 46097	161	122	84	153	156	204	8	255
 46143	164	122	84	153	156	208	8	255
 46188	166	122	84	153	156	210	8	255
 46233	169	123	84	153	156	214	8	255
 46279	171	123	84	153	156	214	8	255
 46324	172	123	84	153	156	214	8	255
 46370	173	123	84	154	156	216	8	255
 46415	174	123	84	154	156	216	8	255
 46460	175	123	84	154	157	218	8	255
 46506	175	120	84	154	157	216	8	255
 46551	175	121	84	154	157	216	8	255
 46596	176	121	84	154	157	218	8	255
 46642	176	122	84	154	157	216	8	255
 46687	176	122	84	154	157	218	8	255
 46732	176	123	84	154	157	218	8	255
 46778	176	123	85	154	157	216	8	255
 46823	176	123	85	154	157	216	8	255
 46868	176	124	85	154	157	216	8	255
 46914	176	124	85	154	157	216	8	255
 46959	176	124	85	154	157	218	8	255
 47004	176	124	85	154	157	216	8	255
 47050	176	124	85	154	157	216	8	255
 47095	177	125	85	154	157	218	8	255
 47141	177	125	85	154	157	220	8	255
 47186	177	125	85	154	157	220	8	255
 47232	178	125	85	154	157	220	8	255
 47277	178	125	85	154	157	218	8	255
 47322	178	125	85	154	157	221	8	255
 47368	179	125	85	154	157	221	8	255
 47413	179	125	85	154	157	222	8	255
 47458	179	126	85	154	157	224	8	255
 47503	180	126	85	154	157	222	8	255
 47549	180	126	85	154	157	220	8	255
 47594	180	124	85	154	157	213	8	255
 47639	177	123	85	154	157	204	8	255
 47685	173	123	85	154	157	195	8	255
 47730	168	123	85	154	157	188	8	255
 47775	163	122	85	154	157	178	8	255
 47821	157	122	85	154	157	170	8	255
 47866	151	122	85	154	157	162	8	255
 47912	145	122	86	154	157	155	8	255
 47957	140	122	86	154	157	151	0	255
 48002	136	121	86	154	157	150	0	255
 48048	133	120	86	154	157	151	0	255
 48093	130	118	86	154	157	150	0	255
 48138	127	117	86	154	157	148	0	255
 48184	125	116	86	154	157	146	0	255
 48229	123	114	86	154	157	146	0	255
 48274	121	113	86	154	157	145	0	255
 48320	119	111	86	154	157	145	0	255
 48365	118	110	85	154	157	145	0	255
 48410	116	109	85	154	157	145	0	255
 48456	114	108	85	154	157	148	0	255
 48501	113	108	85	154	157	151	0	255
 48546	111	107	85	154	157	150	0	255
 48592	110	106	85	154	157	148	0	255
 48637	108	104	85	154	157	148	0	255
 48683	107	103	85	154	157	148	0	255
 48728	106	102	85	154	157	146	0	255
 48773	104	101	85	154	157	146	0	255
 48819	103	99	85	154	157	146	0	255
 48864	102	98	85	154	157	146	0	255
 48909	100	97	85	153	157	146	0	255
 48955	99	96	85	153	157	146	0	255
 49000	98	95	85	154	157	146	0	255
 49045	97	95	85	153	157	148	0	255
 49091	96	94	85	153	157	148	0	255
 49136	95	93	85	153	157	148	0	255
 49181	94	92	85	153	157	146	0	255
 49227	93	91	85	153	157	148	0	255
 49272	92	91	85	153	157	148	0	255
 49317	91	91	85	153	157	151	0	255
 49363	90	92	85	153	157	160	8	255
 49408	96	93	85	153	157	178	8	255
 49454	114	105	85	153	157	192	8	255
 49499	130	113	85	153	157	202	8	255
 49544	143	118	85	153	157	202	8	255
 49590	150	121	85	153	157	212	8	255
 49635	158	122	85	153	157	222	8	255
 49680	167	123	85	153	157	230	8	255
 49726	173	124	86	153	157	222	8	255
 49771	175	123	86	153	157	214	8	255
 49816	174	123	86	153	157	213	8	255
 49862	174	124	86	153	157	218	8	255
 49907	175	125	86	153	157	222	8	255
 49952	177	126	86	153	157	224	8	255
 49998	178	126	86	153	157	226	8	255
 50043	179	127	86	153	157	224	8	255
 50088	180	127	86	153	157	226	8	255
 50134	181	127	86	153	157	227	8	255
 50179	181	128	86	153	157	226	8	255
 50224	181	128	86	153	157	226	8	255
 50270	182	128	86	153	157	227	8	255
 50315	182	128	86	153	157	226	8	255
 50361	183	128	86	153	157	227	8	255
 50406	183	128	86	153	157	227	8	255
 50451	184	129	86	153	157	224	8	255
 50497	182	127	86	153	157	214	8	255
 50542	179	126	86	153	157	213	8	255
 50587	177	127	86	153	157	212	8	255
 50633	175	128	86	153	157	206	8	255
 50678	172	128	86	153	157	198	8	255
 50723	168	127	87	153	157	192	8	255
 50769	165	127	87	153	157	194	8	255
 50814	163	128	87	153	157	195	8	255
 50859	163	129	87	153	157	196	8	255
 50905	162	129	87	153	157	188	8	255
 50950	159	128	87	153	157	180	8	255
 50995	155	127	87	153	157	177	8	255
 51041	152	127	87	153	157	176	8	255
 51086	149	128	87	153	157	172	8	255
 51132	148	129	87	153	157	174	8	255
 51177	147	129	87	153	157	180	8	255
 51222	148	130	87	153	157	188	8	255
 51268	151	130	87	153	157	195	8	255
 51313	155	131	87	153	157	202	8	255
 51358	159	131	87	153	157	210	8	255
 51404	164	131	87	153	157	218	8	255
 51451	169	131	87	153	157	224	8	255
 51494	173	132	88	153	157	227	8	255
 51540	177	132	88	153	157	224	8	255
 51585	178	131	88	153	157	216	8	255
 51630	176	129	88	153	157	204	8	255
 51676	172	129	88	153	157	196	8	255
 51721	168	128	88	153	157	189	8	255
 51766	163	128	88	153	157	182	8	255
 51812	157	128	88	153	157	172	8	255
 51857	152	128	88	153	157	170	8	255
 51902	148	129	88	153	157	176	8	255
 51948	148	131	88	153	157	183	8	255
 51993	150	132	88	153	157	188	8	255
 52039	153	132	88	153	157	196	8	255
 52084	156	133	88	153	157	204	8	255
 52129	161	133	89	153	157	212	8	255
 52175	165	133	89	153	157	218	8	255
 52220	169	133	89	152	157	221	8	255
 52265	173	134	89	152	157	221	8	255
 52311	175	134	89	152	157	224	8	255
 52356	177	134	89	152	157	222	8	255
 52401	179	134	89	152	157	226	8	255
 52447	180	134	89	152	157	227	8	255
 52492	181	134	89	152	157	228	8	255
 52537	182	135	89	153	157	228	8	255
 52583	183	135	89	153	157	228	8	255
 52628	183	135	89	153	157	227	8	255
 52674	184	135	89	153	157	228	8	255
 52719	184	135	89	153	157	228	8	255
 52764	184	135	89	153	157	230	8	255
 52809	185	135	89	153	157	228	8	255
 52855	185	136	89	153	157	230	8	255
 52900	185	136	89	154	157	228	8	255
 52946	185	136	90	154	157	228	8	255
 52991	185	136	90	154	157	230	8	255
 53036	185	136	90	154	157	230	8	255
 53082	186	136	90	154	157	228	8	255
 53127	186	136	90	154	157	228	8	255
 53172	186	137	90	154	157	232	8	255
 53218	186	137	90	154	157	230	8	255
 53263	186	137	90	155	157	230	8	255
 53308	186	137	90	155	157	228	8	255
 53354	186	137	90	155	157	232	8	255
 53399	186	137	90	155	157	232	8	255
 53446	186	137	90	155	157	232	8	255
 53490	186	138	90	155	157	232	8	255
 53535	186	138	91	155	157	232	8	255
 53580	186	138	91	155	157	232	8	255
 53626	186	138	91	155	157	230	8	255
 53671	186	138	91	155	157	230	8	255
 53716	186	138	91	156	158	230	8	255
 53762	186	138	91	156	158	230	8	255
 53807	186	138	91	156	158	230	8	255
 53853	187	139	91	156	158	232	8	255
 53898	187	139	91	156	158	230	8	255
 53943	187	139	91	156	158	230	8	255
 53989	187	139	91	156	158	230	8	255
 54036	187	139	91	156	158	232	8	255
 54079	187	139	91	156	158	230	8	255
 54125	187	139	91	156	158	232	8	255
 54170	187	139	91	156	158	230	8	255
 54215	187	140	92	156	158	230	8	255
 54261	187	140	92	157	159	232	8	255
 54306	187	140	92	157	159	232	8	255
 54351	186	140	92	157	159	230	8	255
 54397	186	140	92	157	159	230	8	255
 54442	186	140	92	157	159	232	8	255
 54487	186	140	92	157	159	230	8	255
 54533	186	140	92	157	159	228	8	255
 54578	186	141	92	157	159	230	8	255
 54623	186	141	92	157	159	228	8	255
 54669	186	141	92	157	159	228	8	255
 54714	186	141	92	157	159	228	8	255
 54760	186	141	92	158	159	228	8	255
 54805	186	141	92	158	159	228	8	255
 54850	186	141	93	158	160	230	8	255
 54896	186	141	93	158	160	228	8	255
 54941	186	142	93	158	160	230	8	255
 54986	185	142	93	158	160	228	8	255
 55032	185	142	93	158	160	228	8	255
 55077	185	142	93	158	160	228	8	255
 55122	185	142	93	158	160	228	8	255
 55168	185	142	93	158	160	228	8	255
 55213	185	142	93	158	160	227	8	255
 55258	185	142	93	158	160	230	8	255
 55304	185	142	93	158	160	230	8	255
 55349	185	143	93	158	160	228	8	255
 55394	185	143	94	159	160	228	8	255
 55440	185	143	94	159	161	228	8	255
 55485	185	143	94	159	161	230	8	255
 55530	185	143	94	159	161	228	8	255
 55576	185	143	94	159	161	227	8	255
 55621	185	143	94	159	161	228	8	255
 55667	185	143	94	159	161	228	8	255
 55712	185	143	94	159	161	228	8	255
 55757	185	144	94	159	161	228	8	255
 55803	185	144	94	159	161	228	8	255
 55848	185	144	94	159	161	228	8	255
 55893	185	144	94	159	161	227	8	255
 55939	185	144	94	159	161	228	8	255
 55984	185	144	94	160	161	227	8	255
 56029	185	144	94	160	161	228	8	255
 56075	185	144	95	160	162	228	8	255
 56120	185	144	95	160	162	230	8	255
 56165	185	144	95	160	162	228	8	255
 56211	185	145	95	160	162	228	8	255
 56256	185	145	95	160	162	228	8	255
 56301	185	145	95	160	162	227	8	255
 56347	185	145	95	160	162	228	8	255
 56392	185	145	95	160	162	227	8	255
 56437	184	144	95	160	162	222	8	255
 56483	183	143	95	160	162	221	8	255
 56528	182	144	95	160	162	220	8	255
 56574	181	144	95	160	162	218	8	255
 56619	179	143	95	160	163	212	8	255
 56664	176	142	96	160	163	202	8	255
 56710	173	142	96	161	163	200	8	255
 56755	170	141	96	161	163	196	8	255
 56800	167	141	96	161	163	192	8	255
 56846	164	141	96	161	163	189	8	255
 56891	161	142	96	161	163	190	8	255
 56936	161	143	96	161	163	195	8	255
 56982	162	144	96	161	163	200	8	255
 57027	163	145	96	161	163	204	8	255
 57072	165	145	96	161	163	207	8	255
 57118	167	145	96	161	163	212	8	255
 57163	170	146	96	161	163	218	8	255
 57208	172	146	96	161	163	218	8	255
 57254	175	146	97	161	163	220	8	255
 57299	177	146	97	161	163	221	8	255
 57344	178	146	97	161	163	222	8	255
 57390	179	146	97	161	163	222	8	255
 57435	180	146	97	161	163	222	8	255
 57481	181	146	97	161	163	224	8	255
 57526	181	146	97	161	163	226	8	255
 57571	182	146	97	161	163	224	8	255
 57617	182	147	97	161	164	224	8	255
 57662	182	147	97	162	164	226	8	255
 57707	183	147	97	162	164	224	8	255
 57753	183	147	97	162	164	228	8	255
 57798	183	147	97	162	164	227	8	255
 57843	184	147	97	162	164	228	8	255
 57889	184	147	97	162	164	227	8	255
 57934	184	147	97	162	164	227	8	255
 57979	185	147	98	162	164	227	8	255
 58025	185	147	98	162	164	230	8	255
 58070	185	147	98	162	164	224	8	255
 58115	184	145	98	162	164	218	8	255
 58161	181	142	98	162	164	213	8	255
 58206	178	143	98	162	164	210	8	255
 58251	176	145	98	162	164	213	8	255
 58297	176	146	98	162	165	213	8	255
 58342	175	146	98	163	165	216	8	255
 58388	175	147	98	163	165	213	8	255
 58433	175	147	98	163	165	218	8	255
 58478	176	147	98	163	165	220	8	255
 58524	177	147	98	163	165	220	8	255
 58569	178	147	98	163	165	220	8	255
 58614	179	147	98	163	165	221	8	255
 58660	180	147	98	163	165	222	8	255
 58705	181	148	98	163	165	226	8	255
 58750	182	148	98	163	165	226	8	255
 58796	183	148	99	163	165	226	8	255
 58841	184	148	99	163	165	228	8	255
 58886	184	148	99	163	165	230	8	255
 58932	185	148	99	163	165	230	8	255
 58977	185	148	99	163	165	228	8	255
 59022	186	148	99	163	165	230	8	255
 59068	186	148	99	164	166	230	8	255
 59113	186	148	99	164	166	230	8	255
 59158	186	148	99	164	166	228	8	255
 59204	186	148	99	164	166	230	8	255
 59249	186	147	99	164	166	230	0	255
 59295	184	146	99	164	166	236	0	255
 59340	183	145	99	164	166	242	0	255
 59385	186	144	99	164	166	244	0	255
 59431	189	143	99	164	166	242	0	255
 59476	191	142	99	164	166	244	0	255
 59521	193	141	99	164	166	248	0	255
 59567	196	140	99	164	166	250	0	255
 59612	197	139	99	164	166	250	0	255
 59657	199	138	99	164	166	251	0	255
 59703	199	137	99	164	166	251	0	255
 59748	199	136	99	164	166	252	0	255
 59793	199	135	99	164	166	251	0	255
 59839	199	134	99	164	166	248	0	255
 59884	200	134	99	164	166	250	0	255
 59929	201	133	100	164	166	254	0	255
 59975	202	133	100	164	166	254	0	255
 60020	201	133	100	165	167	251	0	255
 60065	198	132	100	165	167	242	0	255
 60111	195	132	99	165	167	234	0	255
 60156	191	131	99	165	167	232	0	255
 60202	189	130	99	165	167	228	0	255
 60247	187	130	99	165	167	228	0	255
 60292	186	129	99	164	167	227	0	255
 60338	184	128	99	164	167	227	0	255
 60383	186	128	99	164	167	235	0	255
 60428	189	127	99	164	167	244	0	255
 60474	193	127	99	164	167	254	0	255
 60519	197	127	99	164	167	254	0	255
 60564	198	127	99	164	167	254	0	255
 60610	199	127	98	164	167	254	0	255
 60655	198	127	99	165	167	254	0	255
 60700	195	127	98	165	167	254	0	255
 60746	191	128	98	165	167	246	0	255
 60791	187	128	98	165	167	238	0	255
 60836	186	128	98	165	167	244	0	255
 60882	187	129	98	165	167	252	0	255
 60927	189	130	98	165	167	254	0	255
 60972	192	131	98	165	167	254	0	255
 61018	193	133	98	165	167	254	0	255
 61063	194	134	98	165	167	254	0	255
 61109	193	136	98	165	167	254	0	255
 61154	192	137	98	165	167	254	0	255
 61199	190	137	98	165	167	254	0	255
 61245	188	138	98	165	167	254	0	255
 61290	187	138	98	165	167	254	0	255
 61335	187	139	98	165	167	254	0	255
 61381	187	139	98	165	167	254	0	255
 61426	187	140	98	165	167	254	0	255
 61471	187	140	98	165	167	254	0	255
 61517	185	140	98	165	167	254	0	255
 61562	183	140	98	164	167	254	0	255
 61607	180	140	98	164	167	254	0	255
 61653	177	140	98	165	167	254	0	255
 61698	175	139	98	164	167	254	0	255
 61743	173	139	98	164	167	254	0	255
 61789	170	139	97	164	167	254	0	255
 61834	167	139	97	164	167	254	0	255
 61880	165	138	97	164	167	254	0	255
 61925	162	133	97	164	167	254	0	255
 61970	160	129	97	164	167	254	0	255
 62016	157	125	97	164	167	254	0	255
 62061	155	121	97	164	167	254	0	255
 62106	152	117	97	164	167	254	0	255
 62152	150	114	97	164	167	254	0	255
 62197	147	111	97	164	167	254	0	255
 62242	144	108	97	164	167	254	0	255
 62288	142	106	97	164	167	254	0	255
 62333	139	103	97	164	167	254	0	255
 62378	137	101	97	164	167	254	0	255
 62424	134	99	96	164	167	254	0	255
 62469	132	97	96	164	167	254	0	255
 62514	130	95	96	164	167	254	0	255
 62560	128	94	96	164	167	254	0	255
 62605	126	92	96	164	167	254	0	255
 62651	124	91	96	164	167	254	0	255
 62696	123	92	96	164	167	254	0	255
 62741	121	93	96	164	167	254	0	255
 62787	119	93	96	164	167	254	0	255
 62832	118	93	96	164	167	254	0	255
 62877	117	93	96	164	167	254	0	255
 62923	115	93	96	164	167	254	0	255
 62968	114	93	96	164	167	254	0	255
 63013	113	93	96	164	167	252	0	255
 63059	112	92	96	164	167	251	0	255
 63104	110	92	96	164	167	250	0	255
 63149	109	92	96	164	167	250	0	255
 63195	108	91	96	164	167	246	0	255
 63240	106	91	96	164	167	246	0	255
 63285	105	91	96	164	167	244	0	255
 63331	104	91	96	164	167	242	0	255
 63376	103	90	96	164	167	240	0	255
 63422	102	90	96	164	167	240	0	255
 63467	100	90	96	164	167	238	0	255
 63512	99	90	96	164	167	238	0	255
 63558	98	90	96	164	167	236	0	255
 63603	97	89	96	164	167	234	0	255
 63648	96	89	96	164	167	234	0	255
 63694	95	89	96	164	167	232	0	255
 63739	95	89	96	164	167	230	0	255
 63784	94	88	96	164	167	228	0	255
 63830	93	88	96	164	167	228	0	255
 63875	92	88	96	164	167	227	0	255
 63920	91	97	96	164	167	227	0	255
 63966	91	115	96	164	167	228	0	255
 64011	90	121	96	164	167	227	0	255
 64056	89	124	96	164	167	224	0	255
 64102	89	124	95	164	167	226	0	255
 64147	88	124	95	164	167	222	0	255
 64192	87	123	95	164	167	224	0	255
 64238	87	122	95	164	167	224	0	255
 64284	86	120	95	164	167	226	0	255
 64329	86	119	95	164	167	224	0	255
 64374	85	118	95	164	167	224	0	255
 64419	85	116	95	164	167	222	0	255
 64465	85	115	95	164	167	224	0	255
 64510	84	114	95	164	167	222	0	255
 64555	84	112	95	164	167	221	0	255
 64601	83	110	95	164	167	221	0	255
 64646	83	109	95	164	167	220	0	255
 64691	83	107	95	164	167	216	0	255
 64737	82	106	95	164	167	216	0	255
 64782	82	104	95	164	167	214	0	255
 64827	82	103	95	164	167	214	0	255
 64873	81	102	95	164	167	213	0	255
 64918	81	100	95	164	167	212	0	255
 64963	81	99	95	164	167	210	0	255
 65009	80	97	95	164	167	207	0	255
 65054	80	95	95	164	167	204	0	255
 65100	80	93	95	164	167	202	0	255
 65145	79	92	95	164	167	201	0	255
 65190	79	91	95	164	167	200	0	255
 65236	79	91	95	164	167	196	0	255
 65281	79	98	95	164	167	194	0	255
 65326	78	123	95	164	167	190	0	255
 65372	78	135	95	164	167	189	0	255
 65417	78	141	95	164	167	180	0	255
 65462	77	144	94	164	167	174	0	255
 65508	77	144	94	164	167	166	0	255
 65553	77	145	94	164	167	161	8	255
 65598	77	110	94	164	167	155	8	255
 65644	77	95	93	164	167	160	8	255
 65689	90	104	93	164	167	172	8	255
 65734	109	113	93	164	167	174	0	255
 65780	120	116	93	164	167	172	0	255
 65825	126	117	93	164	167	172	0	255
 65871	129	117	93	164	167	172	0	255
 65916	130	116	93	163	167	170	0	255
 65961	130	115	93	163	167	170	0	255
 66007	130	114	93	163	167	168	0	255
 66053	129	113	93	164	167	166	0	255
 66097	128	112	93	163	167	165	0	255
 66143	126	111	93	164	167	166	0	255
 66188	125	110	93	163	167	165	0	255
 66233	123	109	93	163	167	165	0	255
 66279	121	108	93	163	167	164	0	255
 66324	120	107	93	163	167	164	0	255
 66369	118	106	93	163	166	164	0	255
 66415	117	105	93	163	167	162	0	255
 66460	115	104	93	163	167	162	0	255
 66505	116	105	93	163	167	170	8	255
 66551	125	106	93	163	167	177	0	255
 66596	131	106	93	163	167	176	0	255
 66642	134	106	93	163	166	174	0	255
 66687	135	105	93	163	166	172	0	255
 66732	135	104	93	163	167	170	0	255
 66778	134	103	93	163	166	168	0	255
 66823	133	102	93	163	166	166	0	255
 66868	131	101	93	163	166	165	0	255
 66914	130	100	93	163	166	164	0	255
 66959	128	99	93	163	166	161	0	255
 67004	129	105	93	163	166	170	8	255
 67050	134	114	93	163	166	174	0	255
 67095	137	117	93	163	166	172	0	255
 67140	138	118	93	163	166	170	0	255
 67186	139	118	93	163	166	165	0	255
 67231	138	117	93	163	166	162	0	255
 67276	137	116	93	163	166	161	8	255
 67322	137	118	93	163	166	162	8	255
 67367	137	124	93	163	166	162	8	255
 67413	137	128	93	163	166	156	8	255
 67458	135	130	93	163	166	152	8	255
 67503	133	131	93	163	166	144	8	255
 67549	128	131	93	163	166	134	8	255
 67594	122	131	93	163	166	124	8	255
 67639	117	132	93	163	166	122	8	255
 67685	112	134	93	163	166	122	8	255
 67730	110	135	93	163	166	124	8	255
 67775	110	136	93	163	166	127	8	255
 67821	110	137	94	162	166	130	8	255
 67866	111	138	94	162	166	131	8	255
 67911	112	138	94	162	166	131	8	255
 67957	113	138	94	162	166	131	8	255
 68002	113	139	94	162	166	131	8	255
 68047	113	139	94	162	166	132	8	255
 68093	114	139	94	162	166	134	8	255
 68138	115	139	94	162	166	137	8	255
 68184	116	139	94	161	166	137	8	255
 68229	117	140	94	161	166	140	8	255
 68274	118	140	94	161	166	140	8	255
 68320	119	140	94	161	166	144	8	255
 68365	120	140	94	161	166	144	8	255
 68410	122	140	95	161	166	145	8	255
 68456	123	140	95	161	166	146	8	255
 68501	124	140	95	161	166	148	8	255
 68546	125	140	95	161	166	148	8	255
 68592	125	141	95	161	166	148	8	255
 68637	126	141	95	161	166	151	8	255
 68682	127	141	95	160	166	150	8	255
 68728	127	141	95	160	166	151	8	255
 68773	128	141	95	160	166	151	8	255
 68818	128	141	95	160	166	152	8	255
 68864	128	141	95	160	166	151	8	255
 68909	129	141	95	160	166	152	8	255
 68955	129	141	96	160	166	151	8	255
 69000	129	141	96	160	166	152	8	255
 69045	129	141	96	160	166	152	8	255
 69091	129	142	96	160	166	152	8	255
 69136	130	142	96	160	166	152	8	255
 69181	130	142	96	160	166	151	8	255
 69227	130	142	96	160	166	151	8	255
 69272	130	142	96	160	166	152	8	255
 69317	130	142	96	160	166	151	8	255
 69363	129	142	96	160	166	151	8	255
 69408	129	142	96	160	166	151	8	255
 69453	129	142	96	160	166	151	8	255
 69499	129	142	96	160	166	150	8	255
 69544	129	142	97	160	166	150	8	255
 69589	128	142	97	160	166	150	8	255
 69635	128	142	97	160	166	148	8	255
 69680	128	142	97	159	166	150	8	255
 69726	128	142	97	159	166	150	8	255
 69771	128	142	97	159	166	148	8	255
 69816	128	142	97	159	166	148	8	255
 69862	127	142	97	159	166	148	8	255
 69907	127	142	97	159	166	146	8	255
 69953	127	142	97	159	166	148	8	255
 69998	127	142	97	159	166	146	8	255
 70043	126	142	97	159	166	146	8	255
 70088	126	142	97	159	166	145	8	255
 70134	126	142	97	159	166	145	8	255
 70179	125	142	97	159	166	144	8	255
 70224	125	142	97	159	166	145	8	255
 70270	125	142	98	159	166	145	8	255
 70315	125	142	98	159	166	144	8	255
 70360	125	142	98	159	166	145	8	255
 70406	125	142	98	159	166	144	8	255
 70451	124	142	98	159	166	145	8	255
 70496	124	142	98	159	166	144	8	255
 70542	124	142	98	159	166	142	8	255
 70587	124	142	98	159	166	142	8	255
 70633	123	142	98	158	166	142	8	255
 70678	123	142	98	158	166	142	8	255
 70723	123	142	98	158	166	142	8	255
 70769	123	142	98	158	166	142	8	255
 70814	123	142	98	158	166	142	8	255
 70859	123	142	98	158	166	142	8	255
 70905	122	142	98	158	166	142	8	255
 70950	122	142	98	158	166	141	8	255
 70995	122	142	98	158	166	141	8	255
 71041	122	142	98	158	166	141	8	255
 71086	122	142	98	158	166	141	8	255
 71131	122	142	98	158	166	141	8	255
 71177	121	142	98	158	166	141	8	255
 71223	121	142	98	157	166	141	8	255
 71268	121	142	98	157	166	141	8	255
 71313	121	142	99	157	166	140	8	255
 71358	121	142	99	157	166	141	8	255
 71404	121	142	99	157	166	141	8	255
 71449	121	142	99	157	166	140	8	255
 71494	121	142	99	157	166	141	8	255
 71540	120	142	99	157	166	140	8	255
 71585	120	142	99	157	166	140	8	255
 71630	120	142	99	157	166	138	8	255
 71676	120	142	99	157	166	140	8	255
 71721	120	142	99	157	166	138	8	255
 71766	120	142	99	157	166	138	8	255
 71812	120	142	99	157	166	138	8	255
 71857	120	142	99	156	166	138	8	255
 71902	119	142	99	156	166	138	8	255
 71948	119	142	99	156	166	137	8	255
 71993	119	142	99	156	166	137	8	255
 72038	119	142	99	156	166	138	8	255
 72084	119	142	99	156	166	138	8	255
 72129	119	142	99	156	166	137	8	255
 72175	119	142	99	156	166	138	8	255
 72220	119	142	99	156	166	137	8	255
 72265	118	142	99	156	166	137	8	255
 72311	118	142	99	156	166	137	8	255
 72356	118	142	99	156	166	137	8	255
 72401	118	142	99	156	166	136	8	255
 72447	118	141	99	156	166	137	8	255
 72492	118	141	99	156	166	136	8	255
 72537	118	141	99	156	166	137	8	255
 72583	118	141	99	155	166	137	8	255
 72628	117	141	99	155	166	136	8	255
 72673	117	141	99	155	166	136	8	255
 72719	117	141	99	155	166	134	8	255
 72764	117	141	99	155	166	136	8	255
 72809	117	141	99	155	166	134	8	255
 72855	117	141	99	155	166	136	8	255
 72900	117	141	99	155	166	134	8	255
 72946	117	141	99	155	166	136	8	255
 72991	117	141	99	155	166	136	8	255
 73036	116	141	100	155	166	136	8	255
 73082	116	141	99	155	166	134	8	255
 73127	116	141	100	155	166	136	8	255
 73172	116	141	100	155	166	136	8	255
 73218	116	141	100	155	166	132	8	255
 73263	116	141	100	155	166	134	8	255
 73308	116	141	100	154	166	134	8	255
 73354	116	141	100	154	166	134	8	255
 73399	116	141	100	154	166	134	8	255
 73444	116	141	100	154	165	134	8	255
 73490	116	140	100	154	165	132	8	255
 73544	115	140	100	154	165	134	8	255
 73590	115	140	100	154	165	132	8	255
 73635	115	140	100	154	165	132	8	255
 73680	115	140	100	154	165	132	8	255
 73726	115	140	100	154	165	132	8	255
 73771	115	140	100	154	165	132	8	255
 73816	115	140	100	154	165	134	8	255
 73862	115	140	100	153	165	131	8	255
 73907	115	140	100	153	165	132	8	255
 73952	114	140	100	153	165	131	8	255
 73998	114	140	100	153	165	132	8	255
 74043	114	140	100	153	165	131	8	255
 74088	114	140	100	153	165	131	8	255
 74134	114	140	100	153	165	131	8	255
 74179	114	140	100	153	165	131	8	255
 74224	114	140	100	153	165	132	8	255
 74270	114	140	100	153	165	132	8	255
 74315	114	140	100	153	165	130	8	255
 74361	114	139	100	153	165	131	8	255
 74406	114	139	100	153	165	131	8	255
 74451	114	139	100	152	165	130	8	255
 74497	114	139	100	152	165	131	8	255
 74542	113	139	100	152	165	131	8	255
 74587	113	139	100	152	165	131	8	255
 74633	113	139	100	152	165	130	8	255
 74678	113	139	100	152	165	131	8	255
 74723	113	139	100	152	165	131	8	255
 74769	113	139	100	152	165	130	8	255
 74814	113	139	100	152	165	131	8	255
 74859	113	139	100	152	165	130	8	255
 74905	113	139	100	152	165	128	8	255
 74950	113	139	100	152	165	130	8	255
 74995	113	139	100	151	165	130	8	255
 75041	113	139	100	151	165	130	8	255
 75086	113	139	100	151	165	130	8	255
 75132	112	138	100	151	165	130	8	255
 75177	112	138	100	151	165	130	8	255
 75222	112	138	100	151	165	130	8	255
 75268	112	138	100	151	165	130	8	255
 75313	112	138	100	151	165	130	8	255
 75358	112	138	100	151	165	130	8	255
 75404	112	138	100	151	165	128	8	255
 75449	112	138	100	151	165	128	8	255
 75494	112	138	100	151	165	128	0	255
 75540	112	137	100	151	165	127	0	255
 75585	111	135	100	151	165	124	0	255
 75630	110	134	100	151	165	123	0	255
 75676	109	132	100	150	165	119	0	255
 75721	108	130	100	150	165	118	0	255
 75766	107	129	100	150	165	114	0	255
 75812	106	127	100	150	165	112	0	255
 75857	105	126	100	150	165	109	0	255
 75903	104	124	99	150	165	106	0	255
 75948	103	122	99	150	165	105	0	255
 75993	102	121	99	150	165	104	0	255
 76039	101	119	99	150	165	101	0	255
 76084	100	118	99	150	165	100	0	255
 76129	99	117	99	150	165	98	0	255
 76175	98	115	99	150	165	96	0	255
 76220	97	114	99	150	165	94	0	255
 76265	96	113	99	150	165	93	0	255
 76311	95	111	99	150	165	90	0	255
 76356	95	110	99	150	165	90	0	255
 76401	94	109	99	150	165	88	0	255
 76447	93	108	99	150	165	86	0	255
 76492	92	106	99	150	165	85	0	255
 76537	91	104	99	150	165	85	0	255
 76583	91	103	99	150	165	84	0	255
 76628	90	101	99	150	165	82	0	255
 76674	89	100	99	150	165	80	0	255
 76719	89	98	99	150	165	80	0	255
 76764	88	97	99	150	165	79	0	255
 76810	87	96	99	150	165	78	0	255
 76855	87	94	99	150	165	76	0	255
 76900	86	93	99	150	165	75	0	255
 76946	85	92	99	150	165	75	0	255
 76991	85	91	99	150	165	74	0	255
 77036	84	90	98	150	165	72	0	255
 77082	84	89	98	150	165	71	0	255
 77127	83	88	98	150	165	71	0	255
 77172	83	87	98	150	165	70	0	255
 77218	82	87	98	150	165	68	0	255
 77263	82	86	98	150	165	70	0	255
 77308	81	85	98	150	165	68	0	255
 77354	81	84	98	150	165	67	0	255
 77399	80	84	98	150	165	66	0	255
 77445	80	83	98	150	165	65	0	255
 77490	79	82	98	150	165	65	0	255
 77535	79	82	98	150	165	65	0	255
 77581	79	81	98	150	165	62	0	255
 77626	78	81	98	150	165	62	0	255
 77671	78	80	98	150	165	62	0	255
 77717	77	80	98	150	165	61	0	255
 77762	77	79	98	150	165	60	0	255
 77807	77	79	98	150	165	60	0	255
 77853	76	78	98	150	165	60	0	255
 77898	76	78	98	150	165	58	0	255
 77943	76	78	98	150	165	58	0	255
 77989	75	77	98	150	165	57	0	255
 78035	75	77	98	150	165	57	0	255
 78079	75	76	98	150	165	56	0	255
 78125	74	76	98	150	165	56	0	255
 78170	74	76	98	150	165	56	0	255
 78216	74	75	98	150	165	54	0	255
 78261	74	75	98	150	165	53	0	255
 78306	73	75	97	150	165	53	0	255
 78352	73	74	97	150	165	52	0	255
 78397	73	74	97	150	165	53	0	255
 78442	72	74	97	150	165	52	0	255
 78488	72	73	97	150	165	51	0	255
 78533	72	73	97	150	165	51	0	255
 78578	72	73	97	150	165	51	0	255
 78624	72	73	97	150	165	50	0	255
 78669	71	72	97	150	165	50	0	255
 78714	71	72	97	150	165	50	0	255
 78760	71	72	97	150	165	50	0	255
 78805	71	71	97	150	165	48	0	255
 78850	70	71	97	150	165	48	0	255
 78896	70	71	97	150	165	48	0	255
 78941	70	71	97	150	165	47	0	255
 78986	70	70	97	150	164	48	0	255
 79032	70	70	97	150	164	47	0	255
 79077	69	70	97	150	164	47	0	255
 79123	69	70	97	150	164	46	0	255
 79168	69	70	97	150	164	47	0	255
 79213	69	69	97	150	164	46	0	255
 79259	69	69	97	150	164	45	0	255
 79304	69	69	97	150	164	45	0	255
 79349	68	69	97	150	164	46	0	255
 79395	68	69	97	150	164	45	0	255
 79440	68	68	97	150	164	45	0	255
 79485	68	68	97	150	164	44	0	255
 79532	68	68	97	150	164	44	0	255
 79576	68	68	97	150	164	44	0	255
 79621	67	68	97	150	164	44	0	255
 79667	67	67	97	150	164	42	0	255
 79712	67	67	96	150	164	42	0	255
 79758	67	67	96	150	164	42	0	255
 79803	67	67	96	150	164	42	0	255
 79848	67	67	96	150	164	41	0	255
 79894	67	67	96	150	164	42	0	255
 79939	66	66	96	150	164	41	0	255
 79984	66	66	96	150	164	42	0	255
 80030	66	66	96	150	164	41	0	255
 80075	66	66	96	150	164	41	0	255
 80120	66	66	96	150	164	41	0	255
 80166	66	66	96	150	164	40	0	255
 80211	66	66	96	150	164	40	0	255
 80256	66	65	96	150	164	40	0	255
 80302	66	65	96	150	164	40	0	255
 80347	66	65	96	150	164	40	0	255
 80392	65	65	96	150	164	40	0	255
 80438	65	65	96	150	164	38	0	255
 80483	65	65	96	150	164	38	0	255
 80528	65	65	96	150	164	40	0	255
 80574	65	65	96	150	164	38	0	255
 80619	65	64	96	150	164	38	0	255
 80665	65	64	96	150	164	38	0	255
 80710	65	64	96	150	164	37	0	255
 80755	65	64	96	150	164	38	0	255
 80801	65	64	96	150	164	37	0	255
 80846	64	64	96	150	164	37	0	255
 80891	64	64	96	150	164	37	0	255
 80937	64	64	96	150	164	37	0	255
 80982	64	64	96	150	164	37	0	255
 81027	64	63	96	150	164	37	0	255
 81073	64	63	96	150	164	37	0	255
 81119	64	63	96	150	164	36	0	255
 81163	64	63	96	150	164	37	0	255
 81209	64	63	96	150	164	36	0	255
 81254	64	63	96	150	164	36	0	255
 81299	64	63	96	150	164	36	0	255
 81345	64	63	96	150	164	36	0	255
 81390	64	63	96	150	164	36	0	255
 81435	63	63	96	150	164	36	0	255
 81481	63	63	95	150	164	36	0	255
 81526	63	62	95	150	164	35	0	255
 81572	63	62	95	150	164	36	0	255
 81617	63	62	95	150	164	36	0	255
 81662	63	62	95	150	164	35	0	255
 81708	63	62	95	150	164	35	0	255
 81753	63	62	95	150	164	35	0	255
 81798	63	62	95	150	164	36	0	255
 81844	63	62	95	150	164	35	0	255
 81889	63	62	95	150	164	34	0	255
 81934	63	62	95	150	164	35	0	255
 81980	63	62	95	150	164	34	0	255
 82025	63	62	95	150	164	34	0	255
 82070	63	62	95	150	164	35	0	255
 82116	63	62	95	150	164	34	0	255
 82161	63	61	95	150	164	35	0	255
 82206	63	61	95	150	164	32	0	255
 82252	63	61	95	150	164	34	0	255
 82297	62	61	95	150	164	34	0	255
 82342	62	61	95	150	164	34	0	255
 82388	62	61	95	150	164	32	0	255
 82433	62	61	95	150	164	34	0	255
 82479	62	61	95	150	164	34	0	255
 82524	62	61	95	150	164	32	0	255
 82569	62	61	95	150	164	32	0	255
 82615	62	61	95	150	164	32	0	255
 82660	62	61	95	150	164	32	0	255
 82705	62	61	95	150	164	31	0	255
 82751	62	61	95	150	164	32	0	255
 82796	62	61	95	150	164	32	0	255
 82841	62	61	95	150	164	32	0	255
 82887	62	61	95	150	164	32	0	255
 82932	62	61	95	150	164	31	0	255
 82977	62	60	95	150	164	32	0	255
 83023	62	60	95	150	164	31	0	255
 83068	62	60	95	150	164	31	0	255
 83113	62	60	95	150	164	31	0	255
 83159	62	60	95	150	164	31	0	255
 83204	62	60	95	150	164	31	0	255
 83249	62	60	95	150	164	31	0	255
 83295	62	60	95	150	164	32	0	255
 83340	62	60	95	150	164	30	0	255
 83386	61	60	95	150	164	30	0	255
 83431	61	60	95	150	164	31	0	255
 83476	61	60	95	150	164	30	0	255
 83522	61	60	95	150	164	31	0	255
 83567	61	60	94	150	164	31	0	255
 83612	61	60	94	150	164	30	0	255
 83658	61	60	95	150	164	31	0	255
 83703	61	60	94	150	164	30	0	255
 83748	61	60	94	150	163	29	0	255
 83794	61	60	94	150	164	31	0	255
 83839	61	60	94	150	163	30	0	255
 83884	61	60	94	150	163	31	0	255
 83930	61	60	94	150	163	29	0	255
 83975	61	60	94	150	163	30	0	255
 84020	61	60	94	150	163	31	0	255
 84066	61	60	94	150	163	30	0	255
 84111	61	60	94	150	163	29	0	255
 84156	61	59	94	150	163	29	0	255
 84202	61	59	94	150	163	28	0	255
 84247	61	59	94	150	163	30	0	255
 84293	61	59	94	149	163	29	0	255
 84338	61	59	94	149	163	30	0	255
 84383	61	59	94	149	163	30	0	255
 84429	61	59	94	149	163	29	0	255
 84474	61	59	94	150	163	29	0	255
 84519	61	59	94	149	163	30	0	255
 84565	61	59	94	149	163	29	0	255
 84610	61	59	94	149	163	30	0	255
 84655	61	59	94	149	163	29	0	255
 84701	61	59	94	149	163	28	0	255
 84746	61	59	94	149	163	28	0	255
 84791	61	59	94	149	163	29	0	255
 84837	61	59	94	149	163	29	0	255
 84882	61	59	94	149	163	29	0	255
 84927	61	59	94	149	163	30	0	255
 84973	61	59	94	149	163	29	0	255
 85018	61	59	94	149	163	29	0	255
 85063	61	59	94	149	163	28	0	255
 85109	61	59	94	149	163	29	0	255
 85154	61	59	94	149	163	29	0	255
 85200	61	59	94	149	163	29	0	255
 85245	61	59	94	149	163	29	0	255
 85290	61	59	94	149	163	29	0	255
 85336	61	59	94	149	163	29	0	255
 85381	61	59	94	149	163	28	0	255
 85426	61	59	94	149	163	28	0	255
 85472	61	59	94	149	163	28	0	255
 85517	61	59	94	149	163	28	0	255
 85562	60	59	94	149	163	30	0	255
 85608	60	59	94	149	163	30	0	255
 85653	60	59	94	149	163	29	0	255
 85698	60	59	94	149	163	28	0	255
 85744	60	59	94	149	163	29	0	255
 85789	60	59	94	149	163	29	0	255
 85834	60	59	94	149	163	30	0	255
 85880	60	59	94	149	163	28	0	255
 85925	60	59	94	149	163	28	0	255
 85970	60	59	94	149	163	29	0	255
 86016	60	59	94	149	163	28	0	255
 86061	60	59	94	149	163	28	0	255
 86107	60	59	93	149	163	30	0	255
 86152	60	58	93	149	163	29	0	255
 86197	60	59	93	149	163	28	0	255
 86243	60	59	93	149	163	29	0	255
 86288	60	59	93	149	163	29	0	255
 86334	60	58	92	149	163	29	0	255
 86379	60	58	92	149	163	30	0	255
