HomeCentral
 Falkenstrasse 20
 8630 Rueti
 Datum: 04.04.14 00:00
 
 Startzeit: 2014-04-04 00:00:27 +0100
 73	52	52	73	139	144	22	0	255
 118	52	52	73	139	144	22	0	255
 163	52	52	73	139	144	23	0	255
 209	52	52	73	139	144	22	0	255
 254	52	52	73	139	144	22	0	255
 299	52	52	73	139	144	22	0	255
 345	52	52	73	139	144	23	0	255
 390	52	52	73	139	144	22	0	255
 435	52	52	73	139	144	23	0	255
 481	52	52	73	139	144	22	0	255
 526	52	52	73	139	144	23	0	255
 571	52	52	73	139	144	22	0	255
 617	52	52	73	139	144	23	0	255
 662	52	52	73	139	144	22	0	255
 707	52	52	73	139	144	23	0	255
 753	52	52	73	139	144	23	0	255
 798	52	52	73	139	144	22	0	255
 844	52	52	73	139	144	22	0	255
 889	52	52	73	139	144	24	0	255
 935	52	52	73	139	144	23	0	255
 980	52	52	73	139	144	24	0	255
 1025	52	52	73	139	144	24	0	255
 1070	52	52	73	139	144	23	0	255
 1116	52	52	73	139	144	25	0	255
 1161	52	52	73	139	144	24	0	255
 1206	52	52	73	139	144	25	0	255
 1252	52	52	73	139	144	23	0	255
 1297	52	52	73	139	144	24	0	255
 1342	52	52	73	139	144	23	0	255
 1388	52	52	73	139	144	23	0	255
 1433	52	52	73	139	144	23	0	255
 1479	52	52	73	139	144	23	0	255
 1524	52	52	73	139	144	23	0	255
 1569	52	52	73	139	144	25	0	255
 1614	52	52	73	139	144	24	0	255
 1660	52	52	73	139	144	24	0	255
 1705	52	52	73	139	144	25	0	255
 1751	52	52	73	139	144	25	0	255
 1796	52	52	73	139	144	24	0	255
 1841	52	52	73	139	144	24	0	255
 1887	52	52	73	139	144	24	0	255
 1932	52	52	73	139	144	25	0	255
 1977	52	51	73	139	144	25	0	255
 2023	52	52	73	139	144	24	0	255
 2068	52	51	73	139	144	23	0	255
 2113	52	51	73	139	144	24	0	255
 2159	52	52	73	139	144	25	0	255
 2204	52	51	73	139	144	25	0	255
 2249	52	51	73	139	144	24	0	255
 2295	52	51	73	139	144	25	0	255
 2340	52	51	73	139	144	24	0	255
 2385	52	52	72	139	144	24	0	255
 2431	52	51	72	139	144	24	0	255
 2476	52	51	72	139	144	25	0	255
 2521	52	51	73	139	144	24	0	255
 2567	52	51	72	139	144	25	0	255
 2612	52	51	72	139	144	25	0	255
 2658	52	51	72	139	144	25	0	255
 2703	52	51	72	139	144	24	0	255
 2748	52	51	72	139	144	25	0	255
 2794	52	51	72	139	144	25	0	255
 2839	52	51	72	139	144	23	0	255
 2884	52	51	72	139	144	25	0	255
 2930	52	51	72	139	144	24	0	255
 2975	52	51	72	139	144	25	0	255
 3020	52	51	72	139	144	25	0	255
 3066	52	51	72	139	144	24	0	255
 3111	52	51	72	139	144	24	0	255
 3156	52	51	72	139	144	25	0	255
 3202	52	51	72	139	144	24	0	255
 3247	52	51	72	139	144	24	0	255
 3292	52	51	72	139	144	25	0	255
 3338	52	51	72	139	144	24	0	255
 3383	52	51	72	139	144	25	0	255
 3428	52	51	72	139	144	25	0	255
 3474	52	51	72	139	144	25	0	255
 3519	52	51	72	139	144	25	0	255
 3565	52	51	72	139	144	24	0	255
 3610	52	51	72	139	144	25	0	255
 3655	52	51	72	139	144	26	0	255
 3701	52	51	72	139	144	26	0	255
 3746	52	51	72	139	144	26	0	255
 3791	52	51	72	139	144	24	0	255
 3837	52	51	72	139	144	25	0	255
 3882	52	51	72	139	144	25	0	255
 3927	52	51	72	139	144	25	0	255
 3973	52	51	72	139	144	25	0	255
 4018	52	51	72	139	144	25	0	255
 4063	52	51	72	139	144	26	0	255
 4109	52	51	72	138	144	25	0	255
 4154	52	51	72	139	144	25	0	255
 4199	52	51	72	139	144	24	0	255
 4245	52	51	72	139	144	25	0	255
 4290	52	51	72	139	144	25	0	255
 4335	52	51	72	138	144	24	0	255
 4381	52	51	72	139	144	24	0	255
 4426	52	51	72	138	144	25	0	255
 4472	52	51	72	138	144	25	0	255
 4517	52	51	72	138	144	25	0	255
 4562	52	51	72	138	144	25	0	255
 4608	52	51	72	138	144	25	0	255
 4653	52	51	72	138	144	24	0	255
 4698	52	51	72	138	144	25	0	255
 4744	52	51	72	138	144	24	0	255
 4789	52	51	72	138	144	24	0	255
 4834	52	51	72	138	144	24	0	255
 4881	52	51	72	138	144	25	0	255
 4925	52	51	72	138	144	25	0	255
 4970	52	51	72	138	144	25	0	255
 5016	52	51	72	138	144	24	0	255
 5061	52	51	72	138	144	24	0	255
 5106	52	51	72	138	144	24	0	255
 5152	52	51	72	138	144	25	0	255
 5198	52	51	72	138	144	25	0	255
 5242	52	51	72	138	144	24	0	255
 5288	52	51	72	138	144	24	0	255
 5333	52	51	72	138	144	24	0	255
 5379	52	51	72	138	144	23	0	255
 5424	52	51	72	138	143	24	0	255
 5469	52	51	72	138	143	25	0	255
 5515	52	51	72	138	144	25	0	255
 5560	52	51	72	138	143	24	0	255
 5605	52	51	72	138	143	24	0	255
 5651	52	51	72	138	143	24	0	255
 5696	52	51	72	138	143	24	0	255
 5741	52	51	72	138	143	25	0	255
 5787	52	51	72	138	143	25	0	255
 5832	52	51	72	138	143	25	0	255
 5877	52	51	72	138	143	24	0	255
 5923	52	51	72	138	143	24	0	255
 5968	52	51	72	138	143	24	0	255
 6013	52	51	72	138	143	25	0	255
 6059	52	51	72	138	143	23	0	255
 6104	52	51	72	138	143	24	0	255
 6149	52	51	72	138	143	25	0	255
 6195	52	51	72	138	143	25	0	255
 6240	52	51	72	138	143	25	0	255
 6286	52	51	72	138	143	25	0	255
 6331	52	51	72	138	143	25	0	255
 6376	52	51	72	138	143	25	0	255
 6422	52	51	72	138	143	24	0	255
 6467	52	51	72	138	143	25	0	255
 6512	52	51	72	138	143	25	0	255
 6558	52	51	72	138	143	24	0	255
 6603	52	51	72	138	143	25	0	255
 6648	52	51	72	138	143	26	0	255
 6694	52	51	72	138	143	25	0	255
 6739	52	51	72	138	143	24	0	255
 6784	52	51	72	138	143	25	0	255
 6830	52	51	72	138	143	25	0	255
 6875	52	51	72	138	143	25	0	255
 6920	52	51	72	138	143	26	0	255
 6966	52	51	72	138	143	25	0	255
 7011	52	51	72	138	143	26	0	255
 7056	52	51	72	138	143	25	0	255
 7102	52	51	72	138	143	24	0	255
 7147	52	51	72	138	143	24	0	255
 7193	52	51	72	138	143	25	0	255
 7238	52	51	72	138	143	25	0	255
 7283	52	51	72	138	143	24	0	255
 7329	52	51	72	138	143	25	0	255
 7374	52	51	72	138	143	25	0	255
 7419	52	51	72	138	143	25	0	255
 7465	52	51	72	138	143	25	0	255
 7510	52	51	72	138	143	25	0	255
 7555	52	51	72	138	143	25	0	255
 7601	52	51	72	138	143	25	0	255
 7646	52	51	72	138	143	25	0	255
 7691	52	51	72	138	143	24	0	255
 7737	52	51	72	138	143	24	0	255
 7782	52	51	72	138	143	25	0	255
 7827	52	51	72	138	143	24	0	255
 7873	52	51	72	138	143	24	0	255
 7918	52	51	72	138	143	25	0	255
 7963	52	51	72	138	143	25	0	255
 8009	52	51	72	138	143	24	0	255
 8054	52	51	72	138	143	25	0	255
 8100	52	51	72	138	143	25	0	255
 8145	52	51	72	138	143	26	0	255
 8190	52	51	72	138	143	24	0	255
 8236	52	51	72	138	143	26	0	255
 8281	52	51	72	138	143	26	0	255
 8326	52	51	72	138	143	25	0	255
 8372	52	51	72	138	143	25	0	255
 8417	52	51	72	138	143	24	0	255
 8462	52	51	72	138	143	25	0	255
 8508	52	51	72	138	143	25	0	255
 8553	52	51	72	138	143	25	0	255
 8598	52	51	72	138	143	25	0	255
 8644	52	51	72	138	143	25	8	255
 8689	52	51	72	138	143	25	0	255
 8734	52	51	72	138	143	24	0	255
 8780	52	51	72	138	143	26	0	255
 8825	52	51	72	138	143	24	0	255
 8870	52	51	72	138	143	25	0	255
 8916	52	51	72	138	143	25	0	255
 8961	52	51	72	138	143	25	0	255
 9006	52	51	72	138	143	25	0	255
 9052	52	51	72	138	143	24	0	255
 9097	52	51	72	138	143	25	0	255
 9143	52	51	72	138	143	26	0	255
 9188	52	51	72	138	143	25	0	255
 9233	52	51	72	138	143	25	0	255
 9279	52	51	72	138	143	25	0	255
 9324	52	51	72	138	143	26	0	255
 9369	52	51	72	138	143	25	0	255
 9415	52	51	72	138	143	26	0	255
 9460	52	51	72	138	143	25	0	255
 9505	52	51	72	138	143	25	0	255
 9551	52	51	72	138	143	25	0	255
 9596	52	51	71	138	143	26	0	255
 9641	52	51	71	138	143	26	0	255
 9687	52	51	71	138	143	26	0	255
 9732	52	51	71	138	143	25	0	255
 9777	52	51	71	138	143	25	0	255
 9823	52	51	71	138	143	25	0	255
 9869	52	51	71	138	143	26	0	255
 9913	52	51	71	138	143	26	0	255
 9959	52	51	71	138	143	26	0	255
 10004	52	51	71	138	143	25	0	255
 10050	52	51	71	138	143	25	0	255
 10095	52	51	71	138	143	25	0	255
 10140	52	51	71	138	143	28	0	255
 10186	52	51	71	138	143	25	0	255
 10231	52	51	71	138	143	26	0	255
 10276	52	51	71	138	143	26	0	255
 10322	52	51	71	138	143	25	0	255
 10367	52	51	71	138	143	25	0	255
 10412	52	51	71	138	143	25	0	255
 10458	52	51	71	138	143	26	0	255
 10503	52	51	71	138	143	25	0	255
 10548	52	51	71	138	143	25	0	255
 10594	52	51	71	138	143	25	0	255
 10639	52	51	71	138	143	25	0	255
 10684	52	51	71	138	143	25	0	255
 10730	52	51	71	138	143	26	0	255
 10775	52	51	71	138	143	25	0	255
 10820	52	51	71	138	143	25	0	255
 10866	52	51	71	138	143	25	0	255
 10911	52	51	71	138	143	25	0	255
 10957	52	51	71	138	143	25	0	255
 11002	52	51	71	138	143	25	0	255
 11047	52	51	71	138	143	26	0	255
 11093	52	51	71	138	143	25	0	255
 11138	52	51	71	138	143	25	0	255
 11183	52	51	71	138	143	25	0	255
 11229	52	51	71	138	143	25	0	255
 11274	52	51	71	138	143	25	0	255
 11319	52	51	71	138	143	26	0	255
 11365	52	51	71	138	143	26	0	255
 11410	52	51	71	138	142	25	0	255
 11455	52	51	71	138	142	25	0	255
 11501	52	51	71	138	142	26	0	255
 11546	52	51	71	138	143	25	0	255
 11591	52	51	71	138	142	26	0	255
 11637	52	51	71	138	142	26	0	255
 11682	52	51	71	138	142	25	0	255
 11727	52	51	71	138	142	25	0	255
 11773	52	51	71	138	142	25	0	255
 11818	52	51	71	138	142	25	0	255
 11864	52	51	71	137	142	25	0	255
 11909	52	51	71	137	142	26	0	255
 11954	52	51	71	137	142	26	0	255
 12000	52	51	71	137	142	25	0	255
 12045	52	51	71	137	142	25	0	255
 12090	52	51	71	137	142	25	0	255
 12136	52	51	71	137	142	25	0	255
 12181	52	51	71	137	142	26	0	255
 12226	52	51	71	137	142	26	0	255
 12272	52	51	71	137	142	26	0	255
 12317	52	51	71	137	142	25	0	255
 12362	52	51	71	137	142	25	0	255
 12408	52	51	71	137	142	25	0	255
 12453	52	51	71	137	142	26	0	255
 12498	52	51	71	137	142	26	0	255
 12544	52	51	71	137	142	25	0	255
 12589	52	51	71	137	142	25	0	255
 12634	52	51	71	137	142	25	0	255
 12680	52	51	71	137	142	25	0	255
 12725	52	51	71	137	142	26	0	255
 12771	52	51	71	137	142	25	0	255
 12816	52	51	71	137	142	25	0	255
 12862	52	51	71	137	142	24	0	255
 12907	52	51	71	137	142	26	0	255
 12952	52	51	71	137	142	25	0	255
 12997	52	51	71	137	142	28	0	255
 13043	52	51	71	137	142	25	0	255
 13088	52	51	71	137	142	25	0	255
 13133	52	51	71	137	142	25	0	255
 13179	52	51	71	137	142	26	0	255
 13224	52	51	71	137	142	25	0	255
 13269	52	51	71	137	142	25	0	255
 13315	51	51	71	137	142	25	0	255
 13360	52	51	71	137	142	26	0	255
 13405	51	51	71	137	142	26	0	255
 13451	52	51	71	137	142	25	0	255
 13496	51	51	71	137	142	26	0	255
 13541	51	51	71	137	142	26	0	255
 13587	51	51	71	137	142	25	0	255
 13632	51	51	71	137	142	25	0	255
 13678	51	51	71	137	142	25	0	255
 13723	52	51	71	137	142	25	0	255
 13768	51	51	71	137	142	25	0	255
 13814	51	51	71	137	142	26	0	255
 13859	51	51	71	137	142	26	0	255
 13904	51	51	71	137	142	26	0	255
 13950	51	51	71	137	142	26	0	255
 13995	51	51	71	137	142	25	0	255
 14040	51	51	71	137	142	25	0	255
 14086	51	51	71	137	142	25	0	255
 14131	51	51	71	137	142	26	0	255
 14176	51	51	71	137	142	25	0	255
 14222	51	51	71	137	142	26	0	255
 14267	51	51	71	137	142	25	0	255
 14312	51	51	71	137	142	26	0	255
 14358	51	51	71	137	142	25	0	255
 14403	51	51	71	137	142	25	0	255
 14448	51	51	71	137	142	25	0	255
 14494	51	51	71	137	142	24	0	255
 14539	51	51	71	137	142	25	0	255
 14585	51	51	71	137	142	26	0	255
 14630	51	51	71	137	142	25	0	255
 14675	51	51	71	137	142	25	0	255
 14721	51	51	71	137	142	25	0	255
 14766	51	51	71	137	142	25	0	255
 14811	51	51	71	137	142	25	0	255
 14857	51	51	71	137	142	26	0	255
 14902	51	51	71	137	142	25	0	255
 14947	51	51	71	137	142	25	0	255
 14993	51	51	71	137	142	25	0	255
 15038	51	51	71	137	142	26	0	255
 15083	51	51	71	137	142	25	0	255
 15129	51	51	71	137	142	25	0	255
 15174	51	51	71	137	142	25	0	255
 15219	51	51	71	137	142	25	0	255
 15265	51	51	71	137	142	25	0	255
 15310	51	51	71	137	142	25	0	255
 15355	51	51	71	137	142	25	0	255
 15401	51	51	71	137	142	25	0	255
 15446	51	51	71	137	142	25	0	255
 15492	51	51	71	137	142	25	0	255
 15537	51	51	71	137	142	25	0	255
 15582	51	51	71	137	142	25	0	255
 15628	51	51	71	137	142	25	0	255
 15673	51	51	71	137	142	25	0	255
 15718	51	51	71	137	142	26	0	255
 15764	51	51	71	137	142	25	0	255
 15809	51	51	71	137	142	25	0	255
 15854	51	51	71	137	142	25	0	255
 15900	51	51	71	137	142	25	0	255
 15945	51	51	71	137	142	25	0	255
 15990	51	51	71	137	142	25	0	255
 16036	51	51	71	137	142	25	0	255
 16081	51	51	71	137	142	25	0	255
 16126	51	51	71	137	142	25	0	255
 16172	51	51	71	137	142	25	0	255
 16217	51	51	71	137	142	25	0	255
 16262	51	51	71	137	142	25	0	255
 16308	51	51	71	137	142	24	0	255
 16353	51	51	71	137	142	25	0	255
 16399	51	51	71	137	142	25	0	255
 16444	51	51	71	137	142	25	0	255
 16489	51	51	71	137	142	25	0	255
 16535	51	51	71	137	142	25	0	255
 16580	51	51	71	137	142	25	0	255
 16625	51	51	71	137	142	24	0	255
 16671	51	51	71	137	142	25	0	255
 16716	51	51	70	137	142	25	0	255
 16761	51	51	70	137	142	25	0	255
 16807	51	51	71	137	142	25	0	255
 16852	51	51	70	137	142	24	0	255
 16897	51	51	70	137	142	25	0	255
 16943	51	51	70	137	142	25	0	255
 16988	51	51	70	137	142	24	0	255
 17033	51	51	70	137	142	25	0	255
 17079	51	50	70	137	142	24	0	255
 17124	51	50	70	137	142	24	0	255
 17169	51	51	70	137	142	25	0	255
 17215	51	50	70	137	142	24	0	255
 17260	51	51	70	137	142	24	0	255
 17305	51	50	70	137	142	24	0	255
 17351	51	51	70	137	142	24	0	255
 17396	51	50	70	137	142	24	0	255
 17442	51	50	70	137	142	26	0	255
 17487	51	50	70	137	141	24	0	255
 17532	51	50	70	137	141	23	0	255
 17578	51	50	70	137	141	24	0	255
 17623	51	50	70	137	141	24	0	255
 17668	51	50	70	137	141	24	0	255
 17714	51	50	70	137	141	25	0	255
 17759	51	50	70	137	141	24	0	255
 17804	51	50	70	137	141	24	0	255
 17850	51	50	70	137	141	23	0	255
 17895	51	50	70	137	141	24	0	255
 17940	51	50	70	137	141	24	0	255
 17986	51	50	70	137	141	24	0	255
 18031	51	50	70	137	141	24	0	255
 18076	51	50	70	137	141	23	0	255
 18122	51	50	70	137	141	24	0	255
 18167	51	50	70	137	141	24	0	255
 18212	51	50	70	137	141	24	0	255
 18258	51	50	70	137	141	24	0	255
 18303	51	50	70	137	141	24	0	255
 18349	51	50	70	137	141	24	0	255
 18394	51	50	70	137	141	24	0	255
 18439	51	50	70	137	141	24	0	255
 18485	51	50	70	137	141	25	0	255
 18530	51	50	70	137	141	24	0	255
 18575	51	50	70	137	141	24	0	255
 18621	51	50	70	137	141	24	0	255
 18666	51	50	70	137	141	24	0	255
 18711	51	50	70	137	141	24	0	255
 18757	51	50	70	137	141	24	0	255
 18802	51	50	70	137	141	24	0	255
 18847	51	50	70	137	141	24	0	255
 18893	51	50	70	137	141	24	0	255
 18938	51	50	70	137	141	24	0	255
 18983	51	50	70	137	141	24	0	255
 19029	51	50	70	137	141	23	0	255
 19074	51	50	70	137	141	24	0	255
 19119	51	50	70	137	141	24	0	255
 19165	51	50	70	137	141	24	0	255
 19210	51	50	70	137	141	24	0	255
 19256	51	50	70	137	141	23	0	255
 19301	51	50	70	136	141	24	0	255
 19346	51	50	70	137	141	24	0	255
 19392	51	50	70	136	141	24	0	255
 19437	51	50	70	136	141	23	0	255
 19482	51	50	70	137	141	24	0	255
 19528	51	50	70	136	141	24	0	255
 19573	51	50	70	136	141	24	0	255
 19618	51	50	70	136	141	24	0	255
 19664	51	50	70	136	141	23	0	255
 19709	51	50	70	136	141	24	0	255
 19754	51	50	70	136	141	24	0	255
 19800	51	50	70	136	141	23	0	255
 19845	51	50	70	136	141	24	0	255
 19891	51	50	70	136	141	23	0	255
 19936	51	50	70	136	141	24	0	255
 19981	51	50	70	136	141	24	0	255
 20026	51	50	70	136	141	24	0	255
 20072	51	50	70	136	141	24	0	255
 20117	51	50	70	136	141	24	0	255
 20163	51	50	70	136	141	24	0	255
 20208	51	50	70	136	141	24	0	255
 20253	51	50	70	136	141	24	0	255
 20299	51	50	70	136	141	23	0	255
 20344	51	50	70	136	141	24	0	255
 20389	51	50	70	136	141	24	0	255
 20435	51	50	70	136	141	24	0	255
 20480	51	50	70	136	141	23	0	255
 20525	51	50	70	136	141	23	0	255
 20571	51	50	70	136	141	23	0	255
 20616	51	50	70	136	141	23	0	255
 20661	51	50	70	136	141	23	0	255
 20707	51	50	70	136	141	23	0	255
 20752	51	50	70	136	141	23	0	255
 20797	51	50	70	136	141	23	0	255
 20843	51	50	70	136	141	24	0	255
 20888	51	50	70	136	141	23	0	255
 20933	51	50	70	136	141	23	0	255
 20979	51	50	70	136	141	23	0	255
 21024	51	50	70	136	141	23	0	255
 21070	51	50	70	136	141	23	0	255
 21115	51	50	70	136	141	23	0	255
 21160	51	50	70	136	141	23	0	255
 21206	51	50	70	136	141	23	0	255
 21251	51	50	70	136	141	23	0	255
 21296	51	50	70	136	141	23	0	255
 21342	51	50	70	136	141	23	0	255
 21387	51	50	70	136	141	23	0	255
 21432	51	50	70	136	141	22	0	255
 21478	51	50	70	136	141	23	0	255
 21523	51	50	70	136	141	23	0	255
 21568	51	50	70	136	141	22	0	255
 21614	51	50	70	136	141	23	0	255
 21659	51	50	70	136	141	23	0	255
 21704	51	50	70	136	141	23	0	255
 21750	51	50	70	136	141	23	0	255
 21795	51	50	70	136	141	23	0	255
 21840	51	50	70	136	141	23	0	255
 21886	51	50	70	136	141	22	0	255
 21931	51	50	70	136	141	23	0	255
 21977	51	50	70	136	141	22	0	255
 22022	51	50	70	136	141	22	0	255
 22067	51	50	70	136	141	23	0	255
 22113	51	50	70	136	141	22	0	255
 22160	51	50	70	136	141	23	0	255
 22203	51	50	70	136	141	22	0	255
 22249	51	50	70	136	141	23	0	255
 22294	51	50	70	136	141	23	0	255
 22339	51	50	70	136	141	23	0	255
 22385	51	50	70	136	141	22	0	255
 22430	51	50	70	136	141	23	0	255
 22475	51	50	70	136	141	22	0	255
 22521	51	50	70	136	141	22	0	255
 22566	51	50	70	136	141	20	0	255
 22611	51	50	70	136	141	22	0	255
 22657	51	50	70	136	141	22	0	255
 22702	51	50	70	136	141	22	0	255
 22747	51	50	70	136	141	22	0	255
 22793	51	50	70	136	141	22	0	255
 22838	51	50	70	136	141	23	0	255
 22884	51	50	70	136	141	23	0	255
 22929	51	50	70	136	141	22	0	255
 22974	51	50	70	136	141	23	0	255
 23020	51	50	70	136	141	23	0	255
 23065	51	50	70	136	141	22	0	255
 23110	51	50	70	136	141	22	0	255
 23156	51	50	70	136	141	23	0	255
 23201	51	50	70	136	141	22	0	255
 23246	51	50	70	136	141	22	0	255
 23292	51	50	70	136	141	22	0	255
 23337	51	50	70	136	141	23	0	255
 23382	51	50	70	136	141	23	0	255
 23428	51	50	70	136	141	23	0	255
 23473	51	50	70	136	141	22	0	255
 23518	51	50	70	136	141	22	0	255
 23564	51	50	70	136	141	22	0	255
 23609	51	50	70	136	141	23	0	255
 23654	51	50	70	136	140	22	0	255
 23700	51	50	70	136	140	22	0	255
 23746	51	50	70	136	141	23	0	255
 23791	51	50	70	136	141	23	0	255
 23836	51	50	70	136	140	23	0	255
 23881	51	50	70	136	140	22	0	255
 23927	51	50	70	136	140	22	0	255
 23972	51	50	70	136	140	22	0	255
 24017	51	50	70	136	140	22	0	255
 24063	51	50	70	136	140	23	0	255
 24108	51	50	70	136	140	23	0	255
 24153	51	50	70	136	140	22	0	255
 24199	51	50	69	136	140	22	0	255
 24244	51	50	69	136	140	22	0	255
 24289	51	50	69	136	140	23	0	255
 24335	51	50	70	136	140	23	0	255
 24380	51	50	70	136	140	22	0	255
 24425	51	50	69	136	140	23	0	255
 24471	51	50	70	136	140	22	0	255
 24516	51	50	69	136	140	23	0	255
 24561	51	50	69	136	140	22	0	255
 24607	51	50	69	136	140	22	0	255
 24652	51	50	69	136	140	22	0	255
 24698	51	50	69	136	140	22	0	255
 24743	51	50	69	136	140	22	0	255
 24788	51	50	69	136	140	22	0	255
 24834	51	50	69	136	140	23	0	255
 24879	51	50	69	136	140	22	0	255
 24924	51	50	69	136	140	22	0	255
 24970	51	50	69	136	140	23	0	255
 25015	51	50	69	136	140	22	0	255
 25060	51	50	69	136	140	22	0	255
 25106	51	50	69	136	140	23	0	255
 25151	51	50	69	136	140	22	0	255
 25196	51	50	69	136	140	22	0	255
 25242	51	50	69	136	140	22	0	255
 25287	51	50	69	136	140	23	0	255
 25332	51	50	69	136	140	23	0	255
 25378	51	50	69	136	140	22	0	255
 25423	51	50	69	136	140	22	0	255
 25469	51	50	69	136	140	22	0	255
 25514	51	50	69	136	140	22	0	255
 25559	51	50	69	136	140	22	0	255
 25604	51	50	69	136	140	23	0	255
 25650	51	50	69	136	140	22	0	255
 25695	51	50	69	136	140	20	0	255
 25741	51	50	69	136	140	22	0	255
 25786	51	50	69	136	140	22	0	255
 25831	51	50	69	136	140	20	0	255
 25877	51	50	69	136	140	22	0	255
 25922	51	50	69	136	140	22	0	255
 25967	51	50	69	136	140	22	0	255
 26013	51	50	69	136	140	23	0	255
 26058	51	50	69	136	140	22	0	255
 26103	51	50	69	136	140	22	0	255
 26149	51	50	69	136	140	23	0	255
 26194	51	50	69	136	140	22	0	255
 26239	51	50	69	136	140	20	0	255
 26285	51	50	69	136	140	22	0	255
 26330	51	50	69	136	140	23	0	255
 26375	51	50	69	136	140	23	0	255
 26421	51	50	69	136	140	22	0	255
 26466	51	50	69	136	140	22	0	255
 26511	51	50	69	136	140	23	0	255
 26557	51	50	69	135	140	22	0	255
 26602	51	50	69	136	140	22	0	255
 26648	51	50	69	136	140	22	0	255
 26693	51	50	69	136	140	23	0	255
 26738	51	50	69	135	140	23	0	255
 26784	51	50	69	135	140	22	0	255
 26829	51	50	69	136	140	23	0	255
 26874	51	50	69	135	140	23	0	255
 26920	51	50	69	135	140	22	0	255
 26965	51	50	69	135	140	24	0	255
 27010	51	50	69	135	140	22	0	255
 27056	51	50	69	135	140	23	0	255
 27101	51	50	69	135	140	23	0	255
 27146	51	50	69	135	140	24	0	255
 27192	51	50	69	135	140	23	0	255
 27237	51	50	69	135	140	23	0	255
 27282	50	50	69	135	140	23	0	255
 27328	51	50	69	135	140	23	0	255
 27374	51	50	69	135	140	23	0	255
 27418	51	50	69	135	140	24	0	255
 27464	51	50	69	135	140	23	0	255
 27509	50	50	69	135	140	24	0	255
 27555	51	50	69	135	140	25	0	255
 27600	51	50	69	135	140	24	0	255
 27645	51	50	69	135	140	24	0	255
 27691	50	50	69	135	140	25	0	255
 27736	50	50	69	135	140	25	0	255
 27781	50	50	69	135	140	25	0	255
 27827	50	50	69	135	140	25	0	255
 27872	51	50	69	135	140	25	0	255
 27917	50	50	69	135	140	25	0	255
 27963	50	50	69	135	140	25	0	255
 28008	50	50	69	135	140	25	0	255
 28053	50	50	69	135	140	25	0	255
 28099	50	50	69	135	140	25	0	255
 28144	50	50	69	135	140	25	0	255
 28189	50	50	69	135	140	26	0	255
 28235	50	50	69	135	140	26	0	255
 28280	50	50	69	135	140	26	0	255
 28325	50	50	69	135	140	26	0	255
 28371	50	50	69	135	140	26	0	255
 28416	50	50	69	135	140	26	0	255
 28462	50	50	69	135	140	28	0	255
 28507	50	50	69	135	140	26	0	255
 28552	50	50	69	135	140	28	0	255
 28598	50	50	69	135	140	28	0	255
 28643	50	50	69	135	140	28	0	255
 28688	50	50	69	135	140	29	0	255
 28734	50	50	69	135	140	28	0	255
 28779	50	50	69	135	140	29	0	255
 28824	50	50	69	135	140	29	0	255
 28870	50	50	69	135	140	29	0	255
 28915	50	50	69	135	140	30	0	255
 28960	50	50	69	135	140	29	0	255
 29006	50	50	69	135	140	29	0	255
 29051	50	50	69	135	140	30	0	255
 29096	50	50	69	135	140	30	0	255
 29142	50	50	69	135	140	30	0	255
 29187	50	50	69	135	140	31	0	255
 29232	50	50	69	135	140	30	0	255
 29278	50	50	69	135	140	31	0	255
 29323	50	50	69	135	140	30	0	255
 29369	50	50	69	135	140	31	0	255
 29414	50	50	69	135	140	31	0	255
 29459	50	50	69	135	140	32	0	255
 29505	50	50	69	135	140	31	0	255
 29550	50	50	69	135	140	32	0	255
 29595	50	50	69	135	140	31	0	255
 29641	50	50	69	135	140	34	0	255
 29686	50	50	69	135	140	32	0	255
 29731	50	50	69	135	140	34	0	255
 29777	50	50	69	135	140	34	0	255
 29822	50	50	69	135	140	35	0	255
 29867	50	50	69	135	140	32	0	255
 29913	50	50	69	135	140	34	0	255
 29958	50	50	69	135	140	34	0	255
 30003	50	50	69	135	140	35	0	255
 30049	50	50	69	135	140	35	0	255
 30094	50	50	69	135	139	35	0	255
 30139	50	50	69	135	139	34	0	255
 30185	50	50	69	135	140	36	0	255
 30230	50	50	69	135	139	36	0	255
 30276	50	50	69	135	139	35	0	255
 30321	50	50	69	135	139	36	0	255
 30366	50	50	69	135	139	36	0	255
 30412	50	50	69	135	139	36	0	255
 30457	50	50	69	135	139	37	0	255
 30502	50	50	69	135	139	37	0	255
 30548	50	50	69	135	139	37	0	255
 30593	50	50	69	135	139	38	0	255
 30638	50	50	69	135	139	38	0	255
 30684	50	50	69	135	139	38	0	255
 30729	50	50	69	135	139	38	0	255
 30775	50	50	69	135	139	38	0	255
 30820	50	50	69	135	139	40	0	255
 30865	50	50	69	135	139	40	0	255
 30910	50	50	69	135	139	38	0	255
 30956	50	50	69	135	139	40	0	255
 31001	50	50	69	135	139	40	0	255
 31046	50	50	69	135	139	41	0	255
 31092	50	50	69	135	139	41	0	255
 31137	50	50	69	135	139	41	0	255
 31183	50	50	69	135	139	41	0	255
 31228	50	50	69	135	139	41	0	255
 31273	50	50	69	135	139	41	0	255
 31319	50	50	69	135	139	42	0	255
 31364	50	50	69	135	139	42	0	255
 31409	50	50	68	135	139	42	0	255
 31455	50	50	69	135	139	42	0	255
 31500	50	50	69	135	139	42	0	255
 31545	50	50	69	135	139	42	0	255
 31591	50	50	69	135	139	44	0	255
 31636	50	50	69	135	139	44	0	255
 31681	50	50	69	135	139	44	0	255
 31727	50	50	68	135	139	44	0	255
 31772	50	50	68	135	139	46	0	255
 31817	50	50	68	135	139	45	0	255
 31863	50	50	68	135	139	45	0	255
 31908	50	50	68	135	139	45	0	255
 31953	50	50	68	135	139	46	0	255
 31999	50	50	68	135	139	45	0	255
 32044	50	50	68	135	139	45	0	255
 32090	50	50	68	135	139	46	0	255
 32135	50	49	68	135	139	46	0	255
 32180	50	50	68	135	139	46	0	255
 32226	50	49	68	135	139	46	0	255
 32271	50	49	68	135	139	47	0	255
 32316	50	49	68	135	139	47	0	255
 32362	50	50	68	135	139	47	0	255
 32408	50	49	68	135	139	48	0	255
 32452	50	49	68	135	139	47	0	255
 32498	50	50	68	135	139	48	0	255
 32543	50	49	68	135	139	47	0	255
 32588	50	49	68	135	139	50	0	255
 32634	50	49	68	135	139	48	0	255
 32679	50	49	68	135	139	50	0	255
 32726	50	49	68	135	139	48	0	255
 32770	50	49	68	135	139	51	0	255
 32815	50	49	68	135	139	48	0	255
 32860	50	49	68	135	139	50	0	255
 32906	50	49	68	135	139	50	0	255
 32951	50	49	68	135	139	51	0	255
 32997	50	49	68	135	139	51	0	255
 33042	50	49	68	135	139	52	0	255
 33087	50	49	68	135	139	51	0	255
 33133	50	49	68	135	139	52	0	255
 33178	50	49	68	135	139	52	0	255
 33223	50	49	68	135	139	51	0	255
 33269	50	49	68	135	139	53	0	255
 33314	50	49	68	135	139	53	0	255
 33359	50	49	68	135	139	52	0	255
 33405	50	49	68	135	139	54	0	255
 33450	50	49	68	135	139	53	0	255
 33495	50	49	68	135	139	54	0	255
 33541	50	49	68	135	139	53	0	255
 33586	50	49	68	135	139	54	0	255
 33631	50	49	68	135	139	54	0	255
 33677	50	49	68	135	139	54	0	255
 33722	50	49	68	135	139	54	0	255
 33768	50	49	68	135	139	54	0	255
 33813	50	49	68	135	139	56	0	255
 33858	50	49	68	135	139	56	0	255
 33904	50	49	68	135	139	57	0	255
 33949	50	49	68	134	139	56	0	255
 33994	50	49	68	135	139	56	0	255
 34040	50	49	68	135	139	56	0	255
 34085	50	49	68	134	139	58	0	255
 34130	50	49	68	135	139	58	0	255
 34176	50	49	68	135	139	58	0	255
 34221	50	49	68	135	139	60	0	255
 34266	50	49	68	135	139	58	0	255
 34312	50	49	68	135	139	58	0	255
 34357	50	49	68	134	139	60	0	255
 34402	50	49	68	134	139	60	0	255
 34448	50	49	68	134	139	60	0	255
 34493	50	49	68	134	139	61	0	255
 34538	50	49	68	134	139	61	0	255
 34584	50	49	68	134	139	61	0	255
 34629	50	49	68	134	139	62	0	255
 34675	50	49	68	134	139	61	0	255
 34720	50	49	68	134	139	62	0	255
 34765	50	49	68	134	139	61	0	255
 34811	50	49	68	134	139	64	0	255
 34856	50	49	68	134	139	64	0	255
 34901	50	49	68	134	139	64	0	255
 34947	50	49	68	134	139	64	0	255
 34992	50	49	68	134	139	65	0	255
 35037	50	49	68	134	139	65	0	255
 35083	50	49	68	134	139	66	0	255
 35128	50	49	68	134	139	66	0	255
 35173	50	49	68	134	139	66	0	255
 35219	50	49	68	134	139	66	0	255
 35264	50	49	68	134	139	66	0	255
 35309	50	49	68	134	139	67	0	255
 35355	50	49	68	134	139	67	0	255
 35400	50	49	68	134	139	67	0	255
 35446	50	49	68	134	139	68	0	255
 35491	50	49	68	134	139	68	0	255
 35536	50	49	68	134	139	68	0	255
 35582	50	49	68	134	139	68	0	255
 35627	50	49	68	134	139	68	0	255
 35672	50	49	68	134	139	68	0	255
 35718	50	49	68	134	139	70	0	255
 35763	50	49	68	134	139	70	0	255
 35808	50	49	68	134	139	71	0	255
 35854	50	49	68	134	139	72	0	255
 35899	50	49	68	134	139	71	0	255
 35944	50	49	68	134	139	72	0	255
 35990	50	49	68	134	139	72	0	255
 36035	50	49	68	134	139	72	0	255
 36080	50	49	68	134	139	74	0	255
 36126	50	49	68	134	139	72	0	255
 36171	50	49	68	134	139	74	0	255
 36217	50	49	68	134	139	74	0	255
 36262	50	49	68	134	139	76	0	255
 36307	50	49	68	134	139	75	0	255
 36353	50	49	68	134	139	75	0	255
 36398	50	49	68	134	139	76	0	255
 36443	50	49	68	134	139	75	0	255
 36489	50	49	68	134	139	78	0	255
 36534	50	49	68	134	139	78	0	255
 36579	50	49	68	134	139	79	0	255
 36625	50	49	68	134	139	79	0	255
 36670	50	49	68	134	139	78	0	255
 36715	50	49	68	134	139	80	0	255
 36761	50	49	68	134	139	79	0	255
 36806	50	49	68	134	138	80	0	255
 36851	50	49	68	134	138	82	0	255
 36897	50	49	68	134	138	80	0	255
 36942	50	49	68	134	138	80	0	255
 36987	50	49	68	134	138	82	0	255
 37033	50	49	68	134	138	82	0	255
 37078	50	49	68	134	138	82	0	255
 37124	50	49	68	134	138	82	0	255
 37169	50	49	68	134	138	84	0	255
 37214	50	49	68	134	138	83	0	255
 37260	50	49	68	134	138	84	0	255
 37305	50	49	68	134	138	84	0	255
 37350	50	49	68	134	138	85	0	255
 37396	50	49	68	134	138	85	0	255
 37441	50	49	68	134	138	85	0	255
 37486	50	49	68	134	138	86	0	255
 37532	50	49	68	134	138	88	0	255
 37577	50	49	68	134	138	89	0	255
 37631	50	49	68	134	138	88	0	255
 37677	50	49	68	134	138	89	0	255
 37722	50	49	68	134	138	89	0	255
 37768	50	49	68	134	138	90	0	255
 37813	50	49	68	134	138	92	0	255
 37858	50	49	68	134	138	90	0	255
 37904	50	49	68	134	138	92	0	255
 37949	50	49	68	134	138	93	0	255
 37994	50	49	68	134	138	93	0	255
 38040	50	49	68	134	138	93	0	255
 38085	50	49	68	134	138	93	0	255
 38130	50	49	68	134	138	96	0	255
 38176	50	49	68	134	138	97	0	255
 38221	50	49	68	134	138	97	0	255
 38266	50	49	68	134	138	97	0	255
 38312	50	49	68	134	138	97	0	255
 38357	50	49	68	134	138	97	0	255
 38402	50	49	68	134	138	100	0	255
 38448	50	49	68	134	138	100	0	255
 38493	50	49	68	134	138	100	0	255
 38539	50	49	68	134	138	102	0	255
 38584	50	49	68	134	138	102	0	255
 38629	50	49	68	134	138	101	0	255
 38675	50	49	68	134	138	104	0	255
 38720	50	49	68	134	138	104	0	255
 38765	50	49	68	134	138	105	0	255
 38811	50	49	68	134	138	105	0	255
 38856	50	49	68	134	138	104	0	255
 38901	49	49	68	134	138	108	0	255
 38947	50	49	67	134	138	106	0	255
 38992	50	49	68	134	138	108	0	255
 39037	49	49	68	134	138	108	0	255
 39083	50	49	67	134	138	109	0	255
 39128	50	49	67	134	138	109	0	255
 39174	50	49	68	134	138	109	0	255
 39219	50	49	68	134	138	112	0	255
 39264	50	49	68	134	138	109	0	255
 39309	50	49	68	134	138	112	0	255
 39355	49	49	67	134	138	113	0	255
 39400	49	49	67	134	138	113	0	255
 39446	49	49	67	134	138	114	0	255
 39492	49	49	67	134	138	114	0	255
 39536	49	49	68	134	138	116	0	255
 39582	49	49	67	134	138	116	0	255
 39627	49	49	67	134	138	116	0	255
 39672	49	49	67	134	138	118	0	255
 39718	49	49	67	134	138	118	0	255
 39763	49	49	67	134	138	118	0	255
 39808	49	49	67	134	138	119	0	255
 39854	49	49	67	134	138	120	0	255
 39899	49	49	67	134	138	120	0	255
 39944	49	49	67	134	138	120	0	255
 39990	49	49	67	134	138	120	0	255
 40035	49	49	67	134	138	122	0	255
 40080	49	49	67	134	138	123	0	255
 40126	49	49	67	134	138	123	0	255
 40171	49	51	67	134	138	130	8	255
 40217	64	62	67	134	138	140	8	255
 40262	82	73	67	134	138	141	8	255
 40307	94	80	67	133	138	138	8	255
 40353	100	85	67	133	138	131	8	255
 40398	102	87	67	133	138	134	8	255
 40443	105	89	67	133	138	140	8	255
 40489	108	90	67	133	138	137	8	255
 40534	109	91	68	133	138	123	8	255
 40579	106	91	68	133	138	112	0	255
 40625	104	91	68	133	138	110	0	255
 40671	102	90	68	133	138	110	0	255
 40716	100	90	68	133	138	112	0	255
 40761	98	89	68	133	138	113	0	255
 40806	97	88	68	133	138	114	0	255
 40851	96	88	68	133	138	116	0	255
 40897	95	87	68	133	138	118	0	255
 40942	94	86	68	133	138	119	0	255
 40987	93	86	68	133	138	120	0	255
 41033	91	85	68	133	138	122	0	255
 41078	90	84	68	133	138	122	0	255
 41124	89	84	68	133	138	123	0	255
 41169	88	83	68	133	138	124	8	255
 41214	88	82	68	133	138	127	8	255
 41260	93	85	68	133	138	128	8	255
 41305	98	87	68	133	138	131	8	255
 41350	101	89	68	133	138	130	8	255
 41396	104	91	68	133	138	128	8	255
 41441	105	92	68	133	138	130	8	255
 41486	106	92	68	133	138	132	8	255
 41532	107	93	68	133	138	136	8	255
 41577	109	93	68	133	138	132	8	255
 41622	109	93	68	133	138	128	8	255
 41668	108	94	68	133	138	123	8	255
 41713	106	94	68	133	138	122	8	255
 41758	104	94	68	133	138	120	0	255
 41804	103	93	68	133	138	120	0	255
 41849	101	92	68	133	138	122	0	255
 41895	100	91	68	133	138	123	0	255
 41940	98	91	68	133	138	123	0	255
 41985	97	90	68	133	138	124	0	255
 42031	96	88	68	133	138	124	8	255
 42076	99	89	68	133	138	128	8	255
 42121	102	91	68	133	138	130	8	255
 42167	104	92	68	133	138	130	8	255
 42212	105	93	68	133	138	127	8	255
 42257	106	94	68	133	138	128	8	255
 42303	106	94	68	133	138	128	8	255
 42348	107	95	68	133	138	128	8	255
 42393	107	95	68	133	138	130	8	255
 42439	107	95	68	133	138	127	8	255
 42484	106	95	69	133	138	123	8	255
 42529	105	95	69	133	138	123	0	255
 42575	104	95	69	133	138	123	0	255
 42620	102	94	69	133	138	124	0	255
 42665	101	93	69	133	138	126	0	255
 42711	100	93	69	133	138	127	0	255
 42756	99	91	69	133	138	128	8	255
 42802	101	92	69	133	138	130	8	255
 42847	104	93	69	133	138	131	8	255
 42892	106	94	69	133	138	131	8	255
 42938	107	95	69	133	138	130	8	255
 42983	107	96	69	133	138	131	8	255
 43028	108	96	69	133	138	130	8	255
 43074	108	96	69	133	138	131	8	255
 43119	109	96	69	133	138	132	8	255
 43164	109	97	69	133	138	130	8	255
 43210	108	97	69	133	138	128	8	255
 43255	107	97	69	133	138	124	8	255
 43300	107	97	69	133	138	126	8	255
 43346	106	97	69	133	138	126	8	255
 43391	106	97	69	133	138	127	8	255
 43436	106	97	69	133	138	128	8	255
 43482	106	98	69	133	138	126	8	255
 43527	107	98	69	133	137	128	8	255
 43573	107	98	69	133	137	130	8	255
 43618	107	98	69	133	137	130	8	255
 43663	107	98	69	133	137	128	8	255
 43709	108	98	69	133	137	130	8	255
 43754	108	98	69	133	137	131	8	255
 43799	108	98	69	133	137	130	8	255
 43845	108	98	70	133	137	130	8	255
 43890	108	98	70	133	137	131	8	255
 43935	109	99	70	133	137	131	8	255
 43981	109	99	70	133	137	132	8	255
 44026	109	99	70	133	137	130	8	255
 44071	109	99	70	133	137	132	8	255
 44117	110	99	70	133	137	132	8	255
 44162	110	99	70	133	137	132	8	255
 44207	110	99	70	133	137	132	8	255
 44253	111	99	70	133	137	134	8	255
 44298	111	99	70	133	137	136	8	255
 44344	111	99	70	133	137	134	8	255
 44389	111	99	70	133	137	134	8	255
 44434	112	100	70	133	137	136	8	255
 44480	112	100	70	133	137	134	8	255
 44525	112	100	70	133	137	137	8	255
 44570	112	100	70	133	137	136	8	255
 44616	112	100	70	133	137	134	8	255
 44661	113	100	70	133	137	136	8	255
 44706	113	100	70	133	137	137	8	255
 44752	114	100	70	133	137	138	8	255
 44797	114	100	70	133	137	141	8	255
 44842	115	100	71	133	137	141	8	255
 44888	115	100	71	133	137	141	8	255
 44933	116	101	71	133	137	141	8	255
 44978	117	101	71	133	137	144	8	255
 45024	117	101	71	133	137	144	8	255
 45069	118	101	71	133	137	144	8	255
 45114	118	101	71	133	137	145	8	255
 45160	118	101	71	133	137	144	8	255
 45205	119	101	71	133	137	145	8	255
 45251	119	101	71	133	137	144	8	255
 45296	119	101	71	133	137	144	8	255
 45341	119	101	71	133	137	145	8	255
 45387	119	101	71	133	137	142	8	255
 45432	119	102	71	133	137	145	8	255
 45477	119	102	71	133	137	145	8	255
 45524	119	102	71	133	137	144	8	255
 45568	120	102	71	133	137	146	8	255
 45614	120	102	71	133	137	144	8	255
 45659	120	102	71	133	137	146	8	255
 45704	121	102	71	133	137	148	8	255
 45749	121	102	71	133	137	144	8	255
 45795	121	102	71	133	137	144	8	255
 45840	121	102	71	133	137	145	8	255
 45885	120	103	72	133	137	144	8	255
 45931	120	103	72	133	137	146	8	255
 45976	120	103	72	133	137	145	8	255
 46022	120	103	72	133	137	145	8	255
 46067	120	103	72	133	137	145	8	255
 46112	120	103	72	133	137	148	8	255
 46158	121	103	72	133	137	148	8	255
 46203	122	103	72	133	137	150	8	255
 46248	123	103	72	133	137	152	8	255
 46294	123	103	72	133	137	152	8	255
 46339	124	104	72	133	137	154	8	255
 46384	125	104	72	133	137	154	8	255
 46430	126	104	72	133	137	155	8	255
 46475	127	104	72	133	137	156	8	255
 46520	128	104	72	133	137	156	8	255
 46566	128	104	72	133	137	158	8	255
 46611	129	104	72	133	137	160	8	255
 46656	130	104	72	133	137	161	8	255
 46702	130	104	72	133	137	161	8	255
 46747	131	104	72	133	137	162	8	255
 46793	132	104	72	133	137	161	8	255
 46838	132	104	72	133	137	164	8	255
 46883	133	105	73	133	137	165	8	255
 46929	133	105	73	133	137	164	8	255
 46974	134	105	73	133	137	165	8	255
 47019	134	105	73	133	137	165	8	255
 47065	134	105	73	133	137	165	8	255
 47110	135	105	73	134	137	166	8	255
 47155	135	105	73	134	137	166	8	255
 47201	136	105	73	134	137	168	8	255
 47246	136	105	73	134	137	166	8	255
 47291	136	105	73	134	137	165	8	255
 47337	136	105	73	134	137	164	8	255
 47382	135	105	73	134	137	162	8	255
 47427	135	106	73	134	137	162	8	255
 47473	135	106	73	134	137	161	8	255
 47518	134	106	73	134	137	160	8	255
 47564	134	106	73	134	137	160	8	255
 47609	133	106	73	134	137	160	8	255
 47654	132	106	73	134	137	158	8	255
 47700	132	106	73	134	137	162	8	255
 47745	132	106	73	134	137	164	8	255
 47790	134	106	73	134	137	168	8	255
 47836	135	106	73	134	137	172	8	255
 47881	137	106	73	134	137	176	8	255
 47926	140	107	74	135	137	180	8	255
 47972	142	107	74	135	137	183	8	255
 48017	144	107	74	135	137	184	8	255
 48062	146	107	74	135	137	183	8	255
 48108	147	107	74	135	137	184	8	255
 48153	148	107	74	135	138	183	8	255
 48198	148	107	74	135	138	180	8	255
 48244	148	107	74	135	138	180	8	255
 48289	147	107	74	135	138	180	8	255
 48334	147	107	74	135	138	180	8	255
 48380	146	107	74	135	138	178	8	255
 48425	146	108	74	135	138	177	8	255
 48471	145	108	74	135	138	177	8	255
 48516	146	108	74	135	138	180	8	255
 48561	146	108	74	136	138	182	8	255
 48607	146	108	74	136	138	184	8	255
 48652	147	108	74	136	138	184	8	255
 48697	148	108	74	136	138	186	8	255
 48743	149	108	74	136	139	188	8	255
 48788	150	108	74	136	139	186	8	255
 48834	151	108	74	136	139	189	8	255
 48879	151	108	74	136	139	188	8	255
 48924	151	108	74	136	139	188	8	255
 48969	151	109	74	136	139	186	8	255
 49015	151	109	75	136	139	183	8	255
 49060	150	109	75	137	139	182	8	255
 49105	149	109	75	137	139	177	8	255
 49151	148	109	75	137	139	176	8	255
 49197	146	109	75	137	139	174	8	255
 49241	145	109	75	137	139	172	8	255
 49287	144	109	75	137	139	171	8	255
 49332	143	109	75	137	140	170	8	255
 49378	142	109	75	137	140	170	8	255
 49423	141	109	75	137	140	170	8	255
 49468	140	109	75	137	140	166	8	255
 49514	139	109	75	137	140	162	8	255
 49559	137	109	75	137	140	161	8	255
 49604	136	109	75	137	140	160	8	255
 49650	134	109	75	137	140	160	8	255
 49695	133	109	75	137	140	158	8	255
 49740	132	109	75	137	140	156	8	255
 49786	131	109	75	137	140	155	8	255
 49831	130	109	75	137	140	156	8	255
 49876	130	110	75	137	140	162	8	255
 49922	131	110	75	138	140	165	8	255
 49967	133	110	75	138	140	168	8	255
 50012	135	110	75	138	140	171	8	255
 50058	137	110	76	138	140	171	8	255
 50103	138	110	76	138	140	172	8	255
 50148	139	110	76	138	140	171	8	255
 50194	140	110	76	138	140	171	8	255
 50239	140	110	76	138	140	168	8	255
 50285	139	110	76	138	140	164	8	255
 50330	138	110	76	138	140	161	8	255
 50375	136	110	76	138	140	158	8	255
 50421	134	110	76	138	140	155	8	255
 50466	132	110	76	138	140	154	8	255
 50511	130	110	76	138	140	154	8	255
 50557	129	110	76	138	140	154	8	255
 50602	128	110	76	138	140	155	8	255
 50647	128	111	76	138	140	156	8	255
 50693	129	111	76	138	140	161	8	255
 50738	130	111	76	138	140	162	8	255
 50783	132	111	76	138	140	164	8	255
 50829	133	111	76	138	140	164	8	255
 50874	134	111	76	138	140	164	8	255
 50919	134	111	76	138	140	164	8	255
 50965	134	111	76	138	140	164	8	255
 51010	134	111	76	138	140	161	8	255
 51055	134	111	77	138	140	160	8	255
 51101	133	111	77	138	141	158	8	255
 51146	132	111	77	138	141	158	8	255
 51193	131	111	77	138	141	156	8	255
 51237	131	112	77	138	141	156	8	255
 51282	130	112	77	138	141	160	8	255
 51328	131	112	77	138	141	162	8	255
 51373	132	112	77	138	141	165	8	255
 51418	134	112	77	138	141	168	8	255
 51464	135	112	77	138	141	166	8	255
 51509	136	112	77	138	141	166	8	255
 51554	136	112	77	138	141	166	8	255
 51600	137	112	77	138	141	166	8	255
 51645	137	112	77	138	141	165	8	255
 51690	137	112	77	138	141	165	8	255
 51736	136	112	77	138	141	162	8	255
 51781	135	112	77	138	141	162	8	255
 51826	135	112	77	138	141	161	8	255
 51872	134	112	77	138	141	160	8	255
 51917	133	112	77	138	141	158	8	255
 51962	133	113	77	139	141	158	8	255
 52008	132	113	77	138	141	156	8	255
 52053	131	113	78	139	141	156	8	255
 52099	131	113	78	139	141	156	8	255
 52144	131	113	78	139	141	155	8	255
 52189	130	113	78	139	141	155	8	255
 52236	129	113	78	139	141	154	8	255
 52280	129	113	78	139	141	155	8	255
 52325	128	113	78	139	141	154	8	255
 52371	128	113	78	139	141	155	8	255
 52416	128	113	78	139	141	155	8	255
 52461	128	113	78	139	141	155	8	255
 52507	128	113	78	139	141	155	8	255
 52552	128	113	78	139	141	155	8	255
 52597	128	113	78	139	141	155	8	255
 52643	129	113	78	139	141	155	8	255
 52688	129	114	78	139	141	156	8	255
 52733	129	114	78	139	141	158	8	255
 52779	130	114	78	139	141	158	8	255
 52824	131	114	78	139	141	160	8	255
 52869	131	114	78	139	141	162	8	255
 52915	132	114	78	139	141	164	8	255
 52960	133	114	78	139	141	164	8	255
 53006	134	114	78	139	141	165	8	255
 53051	135	114	78	139	141	165	8	255
 53096	135	114	79	139	141	164	8	255
 53142	135	114	79	139	141	164	8	255
 53187	135	114	79	139	141	162	8	255
 53232	135	114	79	139	141	164	8	255
 53278	135	114	79	139	141	161	8	255
 53323	134	114	79	139	141	161	8	255
 53368	133	114	79	139	141	158	8	255
 53414	132	114	79	139	141	156	8	255
 53459	132	114	79	139	141	158	8	255
 53504	131	114	79	139	141	156	8	255
 53550	131	114	79	139	141	155	8	255
 53595	130	114	79	139	141	156	8	255
 53640	130	114	79	139	141	155	8	255
 53686	129	114	79	139	141	154	8	255
 53731	129	114	79	139	141	155	8	255
 53776	129	114	79	139	141	155	8	255
 53823	128	114	79	139	141	154	8	255
 53867	128	114	79	139	141	154	8	255
 53913	128	115	79	139	141	154	8	255
 53958	128	115	79	139	141	156	8	255
 54003	128	115	79	139	141	155	8	255
 54049	129	115	79	139	141	156	8	255
 54094	129	115	79	139	141	158	8	255
 54139	130	115	79	139	141	156	8	255
 54185	130	115	79	139	141	156	8	255
 54230	130	115	79	139	141	155	8	255
 54275	130	115	80	139	141	155	8	255
 54321	130	115	80	139	141	155	8	255
 54366	129	115	80	139	141	155	8	255
 54411	129	115	80	139	141	155	8	255
 54457	129	115	80	139	141	156	8	255
 54502	129	115	80	139	141	156	8	255
 54547	130	115	80	139	142	158	8	255
 54593	130	115	80	139	141	156	8	255
 54638	130	115	80	139	141	158	8	255
 54684	131	115	80	139	142	160	8	255
 54729	131	116	80	139	141	160	8	255
 54774	131	116	80	139	142	161	8	255
 54820	132	116	80	139	142	160	8	255
 54865	132	116	80	139	142	158	8	255
 54910	131	116	80	139	142	158	8	255
 54956	131	116	80	139	142	156	8	255
 55001	130	116	80	139	142	156	8	255
 55046	130	116	80	139	142	154	8	255
 55092	129	115	80	139	142	154	8	255
 55137	129	115	80	139	142	152	8	255
 55182	128	115	80	139	142	152	8	255
 55228	127	115	80	139	142	151	8	255
 55273	127	116	80	139	142	152	8	255
 55318	127	116	80	139	142	154	8	255
 55364	127	116	80	139	142	154	8	255
 55409	128	116	80	139	142	155	8	255
 55454	128	116	80	139	142	158	8	255
 55500	129	116	80	139	142	155	8	255
 55545	129	116	81	139	142	156	8	255
 55591	129	116	81	139	142	156	8	255
 55636	130	116	81	139	142	156	8	255
 55681	130	116	81	139	142	156	8	255
 55727	130	116	81	139	142	156	8	255
 55772	130	116	81	139	142	156	8	255
 55818	130	116	81	139	142	156	8	255
 55863	130	116	81	139	142	158	8	255
 55908	131	116	81	139	142	156	8	255
 55953	131	116	81	139	142	158	8	255
 55999	131	116	81	139	142	158	8	255
 56044	131	116	81	139	142	158	8	255
 56089	131	116	81	139	142	155	8	255
 56135	130	116	81	139	142	154	8	255
 56180	129	116	81	139	142	154	8	255
 56225	129	116	81	139	142	152	8	255
 56271	128	116	81	139	142	151	8	255
 56316	127	116	81	139	142	151	8	255
 56362	126	117	81	139	142	150	8	255
 56407	125	117	81	139	142	146	8	255
 56452	124	117	81	139	142	146	8	255
 56498	124	117	81	139	142	145	8	255
 56543	123	117	81	139	142	144	8	255
 56588	122	116	81	139	142	144	0	255
 56634	121	115	81	139	142	142	0	255
 56679	120	114	81	139	142	144	0	255
 56724	118	113	81	139	142	144	0	255
 56770	117	112	81	139	142	142	0	255
 56815	116	111	81	139	142	142	0	255
 56860	114	109	81	139	142	144	0	255
 56906	113	108	81	139	142	142	0	255
 56951	111	107	81	139	142	144	0	255
 56996	110	106	81	139	142	144	0	255
 57042	108	105	81	139	142	142	0	255
 57087	107	104	81	139	142	144	0	255
 57133	106	103	81	139	142	144	0	255
 57178	104	101	81	139	142	142	0	255
 57223	103	100	81	139	142	144	0	255
 57269	102	99	81	139	142	144	0	255
 57314	101	98	81	139	142	142	0	255
 57359	99	97	81	139	142	142	0	255
 57405	98	96	81	139	142	142	0	255
 57450	97	95	81	139	142	142	0	255
 57495	96	94	81	139	142	141	0	255
 57541	95	93	81	139	142	141	0	255
 57586	94	92	81	139	142	141	0	255
 57631	93	91	81	139	142	141	0	255
 57677	92	90	81	139	142	141	0	255
 57722	91	90	81	139	142	141	0	255
 57767	90	89	81	139	142	144	0	255
 57813	89	89	81	139	142	142	0	255
 57858	88	88	81	139	142	142	0	255
 57904	87	87	81	139	142	142	0	255
 57949	86	87	81	139	142	144	0	255
 57994	85	86	81	139	142	144	0	255
 58040	85	86	81	139	142	142	0	255
 58085	84	85	81	139	142	144	0	255
 58130	83	85	81	139	142	145	0	255
 58176	82	85	81	139	142	145	0	255
 58221	82	84	81	139	142	146	0	255
 58266	81	83	81	139	142	146	8	255
 58312	86	87	81	139	142	160	8	255
 58357	101	98	81	139	142	166	8	255
 58402	114	105	81	139	142	168	8	255
 58448	122	109	81	139	142	164	8	255
 58493	126	111	81	139	142	161	8	255
 58539	128	113	81	139	142	165	8	255
 58584	131	114	81	139	142	165	8	255
 58629	133	114	81	139	142	165	8	255
 58674	134	115	81	139	142	155	8	255
 58720	132	115	81	139	142	146	8	255
 58765	128	115	82	139	142	142	0	255
 58810	124	114	82	139	142	142	0	255
 58856	121	113	82	139	142	142	0	255
 58901	119	112	82	139	142	144	0	255
 58947	117	111	82	139	142	145	0	255
 58992	115	110	82	139	142	145	0	255
 59037	113	109	82	139	142	145	0	255
 59083	112	108	82	139	142	146	0	255
 59128	110	107	82	139	142	148	8	255
 59173	110	105	82	139	142	154	8	255
 59219	116	108	82	139	142	156	8	255
 59264	122	111	82	139	142	161	8	255
 59309	126	113	82	139	142	161	8	255
 59355	128	114	82	139	142	161	8	255
 59400	130	115	82	139	142	161	8	255
 59445	131	115	82	139	142	162	8	255
 59491	132	116	82	139	142	161	8	255
 59536	132	116	82	139	142	155	8	255
 59581	131	116	82	139	142	151	8	255
 59627	129	116	82	139	142	148	8	255
 59672	127	116	82	139	142	146	8	255
 59718	125	116	82	139	142	148	8	255
 59763	125	116	82	139	142	151	8	255
 59808	125	116	82	139	142	152	8	255
 59854	126	117	82	139	142	152	8	255
 59899	127	117	82	139	142	154	8	255
 59944	127	117	82	139	142	154	8	255
 59990	127	117	82	139	142	155	8	255
 60035	128	116	82	139	142	156	8	255
 60080	129	117	82	139	142	161	8	255
 60126	130	117	82	139	142	161	8	255
 60171	131	117	82	139	142	162	8	255
 60216	132	117	82	139	142	162	8	255
 60262	133	117	82	139	142	164	8	255
 60307	134	117	82	139	142	164	8	255
 60352	134	117	82	139	142	162	8	255
 60398	134	117	82	139	142	161	8	255
 60443	134	117	82	139	142	160	8	255
 60489	133	117	82	139	142	158	8	255
 60534	133	117	82	139	142	158	8	255
 60579	132	117	82	139	142	156	8	255
 60625	132	117	82	139	142	156	8	255
 60670	131	117	82	139	142	158	8	255
 60715	131	117	83	139	142	158	8	255
 60761	131	118	83	140	142	158	8	255
 60806	131	118	83	139	142	156	8	255
 60851	131	118	83	140	142	154	8	255
 60897	130	118	83	140	142	155	8	255
 60942	130	118	83	140	142	155	8	255
 60987	129	118	83	140	142	154	8	255
 61033	129	118	83	140	142	154	8	255
 61078	129	118	83	140	142	155	8	255
 61123	129	118	83	140	142	158	8	255
 61169	130	118	83	140	142	158	8	255
 61214	131	118	83	140	142	158	8	255
 61259	131	118	83	140	142	160	8	255
 61305	132	118	83	140	142	161	8	255
 61359	132	118	83	140	142	161	8	255
 61405	133	118	83	140	142	161	8	255
 61450	133	118	83	140	142	160	8	255
 61495	133	118	83	140	142	158	8	255
 61541	132	118	83	140	142	156	8	255
 61586	131	118	83	140	142	156	8	255
 61631	131	118	83	140	142	155	8	255
 61677	130	118	83	140	142	154	8	255
 61722	129	118	83	140	142	151	8	255
 61767	128	118	83	140	142	150	8	255
 61813	127	118	83	140	142	148	8	255
 61858	126	118	83	140	142	148	8	255
 61908	125	118	83	140	142	146	8	255
 61949	124	118	83	140	142	145	8	255
 61994	123	118	83	140	142	145	8	255
 62039	123	118	83	140	142	146	8	255
 62085	123	118	83	140	142	146	8	255
 62130	123	119	83	140	142	146	8	255
 62176	123	119	83	140	142	146	8	255
 62221	123	119	83	140	142	145	8	255
 62266	123	119	83	140	142	145	8	255
 62312	122	118	83	140	142	144	0	255
 62357	121	117	84	140	142	142	0	255
 62402	120	116	84	140	142	142	0	255
 62448	119	115	84	140	142	144	0	255
 62493	118	113	84	140	142	145	0	255
 62538	116	113	84	140	142	146	0	255
 62584	115	112	84	140	142	146	0	255
 62629	113	111	84	140	142	148	0	255
 62674	112	108	84	140	142	151	8	255
 62720	115	109	84	140	142	160	8	255
 62765	122	112	84	140	142	164	8	255
 62810	127	115	84	140	142	168	8	255
 62856	131	116	84	140	142	165	8	255
 62901	132	117	84	140	142	166	8	255
 62946	134	118	84	140	142	166	8	255
 62992	136	118	84	140	142	170	8	255
 63037	137	118	84	140	142	168	8	255
 63083	138	118	84	140	142	164	8	255
 63128	136	118	84	140	142	158	8	255
 63173	134	118	84	140	142	156	8	255
 63219	133	118	84	140	142	156	8	255
 63264	132	118	84	140	142	160	8	255
 63309	132	118	84	140	142	158	8	255
 63355	132	119	84	140	142	160	8	255
 63400	132	119	84	140	142	158	8	255
 63445	132	119	84	140	142	158	8	255
 63491	131	119	84	140	142	155	8	255
 63536	131	119	84	140	142	155	8	255
 63581	130	118	84	140	142	152	8	255
 63627	129	118	84	140	142	148	8	255
 63672	127	119	84	140	142	146	8	255
 63717	126	119	84	140	142	145	8	255
 63763	124	118	84	140	142	144	0	255
 63808	123	117	84	140	142	142	0	255
 63853	121	116	84	140	142	142	0	255
 63899	120	115	84	140	142	141	0	255
 63944	118	113	84	140	142	141	0	255
 63990	116	112	84	140	142	140	0	255
 64035	115	111	84	140	142	138	0	255
 64080	113	109	84	140	142	140	0	255
 64126	112	108	84	140	142	138	0	255
 64171	111	107	84	140	142	140	0	255
 64216	109	107	84	140	142	140	0	255
 64262	108	106	84	140	142	140	0	255
 64307	106	105	84	140	142	140	0	255
 64352	105	104	84	140	142	140	0	255
 64398	104	103	84	140	142	141	0	255
 64443	103	102	84	140	142	141	0	255
 64488	101	101	84	140	142	140	0	255
 64534	100	100	84	140	142	140	0	255
 64579	99	100	84	140	142	141	0	255
 64624	98	99	84	140	142	140	0	255
 64670	97	98	84	140	142	140	0	255
 64715	96	97	84	140	142	141	0	255
 64760	95	96	84	140	142	141	0	255
 64806	94	95	84	140	142	141	0	255
 64851	93	95	84	140	142	142	0	255
 64897	92	94	84	140	142	142	0	255
 64942	91	94	84	140	142	141	0	255
 64987	90	93	84	140	142	142	0	255
 65033	89	92	84	140	142	141	0	255
 65078	88	91	84	140	142	141	0	255
 65124	87	90	84	140	142	142	0	255
 65169	87	89	84	140	142	141	0	255
 65214	86	88	84	140	142	141	0	255
 65259	85	87	84	140	142	140	0	255
 65305	84	86	84	140	142	140	0	255
 65350	84	85	84	140	142	141	0	255
 65395	83	84	84	140	142	138	0	255
 65441	82	83	84	140	142	138	0	255
 65486	82	82	84	140	142	138	0	255
 65531	81	81	84	140	142	137	0	255
 65577	80	81	84	140	142	136	0	255
 65622	80	81	84	140	142	136	0	255
 65667	79	80	84	140	142	134	0	255
 65713	78	80	84	140	142	134	0	255
 65758	78	80	84	140	142	132	0	255
 65803	77	79	84	140	142	132	0	255
 65849	77	79	84	140	142	131	0	255
 65894	76	78	84	140	142	130	0	255
 65940	76	78	84	140	142	130	0	255
 65985	75	77	84	140	142	130	0	255
 66030	75	77	84	139	142	128	0	255
 66076	74	77	84	140	142	127	0	255
 66124	74	76	84	140	142	126	0	255
 66166	73	76	84	140	142	126	0	255
 66212	73	75	84	139	142	124	0	255
 66257	73	75	84	140	142	124	0	255
 66302	72	75	84	140	142	123	0	255
 66348	72	74	84	139	142	122	0	255
 66393	71	74	84	139	142	122	0	255
 66438	71	73	84	139	142	120	0	255
 66484	71	73	84	139	142	119	0	255
 66529	70	73	84	139	142	118	0	255
 66574	70	72	84	139	142	116	0	255
 66620	69	72	84	139	142	116	0	255
 66665	69	72	84	139	142	114	0	255
 66710	69	71	84	139	142	113	0	255
 66756	68	71	84	139	142	113	0	255
 66801	68	71	84	139	142	110	0	255
 66847	68	70	84	139	142	110	0	255
 66892	68	70	84	139	142	109	0	255
 66937	67	70	84	139	142	109	0	255
 66983	67	69	84	139	142	108	0	255
 67028	67	69	84	139	142	106	0	255
 67073	66	69	84	139	142	106	0	255
 67119	66	68	84	139	142	105	0	255
 67164	66	68	84	139	142	105	0	255
 67209	66	67	84	139	142	104	0	255
 67255	65	67	84	139	142	104	0	255
 67300	65	66	84	139	142	104	0	255
 67345	65	66	84	139	142	101	0	255
 67391	65	65	84	139	142	101	0	255
 67436	64	65	84	139	142	100	0	255
 67481	64	65	84	139	142	100	0	255
 67527	64	64	83	139	142	98	0	255
 67572	64	64	83	139	142	97	0	255
 67618	64	63	83	139	142	97	0	255
 67663	63	63	83	139	142	96	0	255
 67708	63	63	83	139	142	96	0	255
 67754	63	63	83	139	142	94	0	255
 67799	63	62	83	139	142	94	0	255
 67844	63	62	83	139	142	92	0	255
 67890	62	62	83	139	142	92	0	255
 67935	62	62	83	139	142	90	0	255
 67980	62	62	83	139	142	90	0	255
 68026	62	61	83	139	142	90	0	255
 68071	62	61	83	139	142	89	0	255
 68116	62	61	83	139	142	88	0	255
 68162	61	61	83	139	142	86	0	255
 68207	61	61	83	139	142	86	0	255
 68252	61	61	83	139	142	86	0	255
 68298	61	60	83	139	142	85	0	255
 68343	61	60	83	139	142	84	0	255
 68389	61	60	83	139	142	85	0	255
 68434	61	60	83	139	142	84	0	255
 68479	61	60	83	139	142	83	0	255
 68525	60	60	83	139	142	83	0	255
 68570	60	60	83	139	142	82	0	255
 68615	60	60	83	139	142	82	0	255
 68661	60	60	83	139	142	80	0	255
 68706	60	60	83	139	142	80	0	255
 68751	60	59	83	139	142	79	0	255
 68797	60	59	83	139	142	78	0	255
 68842	60	59	83	139	142	78	0	255
 68887	59	59	83	139	142	78	0	255
 68933	59	59	83	139	142	76	0	255
 68978	59	59	83	139	142	76	0	255
 69023	59	59	83	139	142	75	0	255
 69069	59	59	83	139	142	75	0	255
 69114	59	59	83	139	142	74	0	255
 69159	59	59	83	139	142	72	0	255
 69205	59	59	83	139	142	71	0	255
 69250	59	59	83	139	142	72	0	255
 69295	59	58	83	139	142	71	0	255
 69341	58	58	83	139	142	71	0	255
 69386	58	58	83	139	142	71	0	255
 69431	58	58	83	139	142	70	0	255
 69477	58	58	83	139	142	70	0	255
 69522	58	58	83	139	142	68	0	255
 69568	58	58	83	139	142	67	0	255
 69613	58	58	83	139	142	68	0	255
 69659	58	58	83	139	142	67	0	255
 69704	58	58	83	139	142	67	0	255
 69749	58	58	83	139	142	66	0	255
 69794	58	58	83	139	142	65	0	255
 69840	58	58	83	139	142	65	0	255
 69885	58	57	83	139	142	65	0	255
 69930	57	57	83	139	142	64	0	255
 69976	57	57	83	139	142	65	0	255
 70021	57	57	83	139	142	64	0	255
 70066	57	57	83	139	142	62	0	255
 70112	57	57	83	139	142	62	0	255
 70157	57	57	83	139	142	61	0	255
 70202	57	57	83	139	142	61	0	255
 70248	57	57	83	139	142	60	0	255
 70293	57	57	83	139	142	60	0	255
 70338	57	57	83	139	142	58	0	255
 70384	57	57	83	139	142	58	0	255
 70430	57	57	83	139	142	60	0	255
 70475	57	57	83	139	142	58	0	255
 70520	57	57	83	139	142	57	0	255
 70565	57	56	83	139	142	57	0	255
 70611	57	56	83	139	142	57	0	255
 70656	56	56	83	139	142	56	0	255
 70701	56	56	83	139	142	56	0	255
 70747	56	56	83	139	142	54	0	255
 70792	56	56	83	139	142	54	0	255
 70837	56	56	83	139	142	53	0	255
 70883	56	56	83	139	142	53	0	255
 70928	56	56	83	139	142	53	0	255
 70973	56	56	82	139	142	52	0	255
 71019	56	56	82	139	142	53	0	255
 71064	56	56	82	139	142	51	0	255
 71109	56	56	82	139	142	51	0	255
 71155	56	56	82	139	142	52	0	255
 71200	56	56	82	139	142	51	0	255
 71246	56	56	82	139	142	51	0	255
 71291	56	56	82	139	142	50	0	255
 71336	56	55	82	139	142	50	0	255
 71382	56	55	82	139	142	48	0	255
 71427	56	55	82	139	142	48	0	255
 71472	56	55	82	139	142	47	0	255
 71518	56	55	82	139	142	47	0	255
 71563	56	55	82	139	142	47	0	255
 71608	56	55	82	139	142	47	0	255
 71654	55	55	82	138	142	46	0	255
 71699	55	55	82	139	142	46	0	255
 71744	55	55	82	138	142	46	0	255
 71790	55	55	82	138	142	45	0	255
 71835	55	55	82	138	142	45	0	255
 71880	55	55	82	138	142	46	0	255
 71926	55	55	82	138	142	46	0	255
 71971	55	55	82	138	142	45	0	255
 72016	55	55	82	138	142	45	0	255
 72062	55	55	82	138	142	45	0	255
 72107	55	55	82	138	142	42	0	255
 72153	55	55	82	138	142	44	0	255
 72198	55	55	82	138	142	42	0	255
 72243	55	55	82	138	142	42	0	255
 72289	55	55	82	138	142	41	0	255
 72334	55	55	82	138	141	42	0	255
 72379	55	54	82	138	142	41	0	255
 72425	55	54	82	138	142	41	0	255
 72470	55	54	82	138	141	41	0	255
 72515	55	54	82	138	141	41	0	255
 72561	55	54	82	138	141	40	0	255
 72606	55	54	82	138	141	40	0	255
 72652	55	54	82	138	141	38	0	255
 72697	55	54	82	138	141	38	0	255
 72742	55	54	82	138	141	37	0	255
 72787	55	54	82	138	141	38	0	255
 72833	55	54	82	138	141	37	0	255
 72878	55	54	82	138	141	37	0	255
 72923	54	54	82	138	141	37	0	255
 72969	55	54	82	138	141	37	0	255
 73018	54	54	82	138	141	37	0	255
 73059	54	54	82	138	141	36	0	255
 73105	54	54	82	138	141	36	0	255
 73150	54	54	82	138	141	35	0	255
 73196	54	54	82	138	141	35	0	255
 73241	54	54	82	138	141	37	0	255
 73286	54	54	82	138	141	36	0	255
 73332	54	54	82	138	141	36	0	255
 73377	54	54	82	138	141	35	0	255
 73422	54	54	82	138	141	34	0	255
 73468	54	54	82	138	141	34	0	255
 73513	54	54	82	138	141	35	0	255
 73558	54	54	82	138	141	35	0	255
 73604	54	54	82	138	141	34	0	255
 73649	54	54	82	138	141	35	0	255
 73694	54	53	82	138	141	35	0	255
 73740	54	53	82	138	141	32	0	255
 73785	54	53	82	138	141	32	0	255
 73830	54	53	82	138	141	31	0	255
 73876	54	53	82	138	141	32	0	255
 73921	54	53	82	138	141	31	0	255
 73966	54	53	82	138	141	32	0	255
 74012	54	53	82	138	141	32	0	255
 74057	54	53	82	138	141	31	0	255
 74103	54	53	82	138	141	31	0	255
 74148	54	53	82	138	141	32	0	255
 74193	54	53	82	138	141	31	0	255
 74239	54	53	82	138	141	30	0	255
 74284	54	53	82	138	141	31	0	255
 74329	54	53	82	138	141	31	0	255
 74375	54	53	82	138	141	31	0	255
 74420	54	53	82	138	141	31	0	255
 74465	54	53	82	138	141	30	0	255
 74511	54	53	82	138	141	30	0	255
 74556	54	53	82	138	141	30	0	255
 74601	54	53	82	138	141	30	0	255
 74647	54	53	81	138	141	29	0	255
 74692	54	53	81	138	141	29	0	255
 74739	54	53	81	138	141	30	0	255
 74783	53	53	81	138	141	29	0	255
 74828	53	53	81	138	141	30	0	255
 74874	53	53	81	138	141	28	0	255
 74919	53	53	81	138	141	30	0	255
 74964	53	53	81	138	141	30	0	255
 75010	53	53	81	138	141	28	0	255
 75055	53	53	81	138	141	30	0	255
 75100	53	53	81	138	141	29	0	255
 75146	53	53	81	138	141	29	0	255
 75191	53	53	81	138	141	28	0	255
 75236	53	53	81	138	141	26	0	255
 75282	53	53	81	138	141	29	0	255
 75327	53	53	81	138	141	28	0	255
 75372	53	53	81	138	141	29	0	255
 75418	53	53	81	138	141	29	0	255
 75463	53	53	81	138	141	28	0	255
 75508	53	53	81	138	141	29	0	255
 75554	53	53	81	138	141	28	0	255
 75599	53	53	81	138	141	26	0	255
 75645	53	53	81	138	141	28	0	255
 75690	53	53	81	138	141	26	0	255
 75735	53	53	81	138	141	26	0	255
 75781	53	52	81	138	141	28	0	255
 75826	53	52	81	138	141	28	0	255
 75871	53	52	81	138	141	25	0	255
 75917	53	52	81	138	141	25	0	255
 75962	53	52	81	138	141	28	0	255
 76007	53	52	81	138	141	26	0	255
 76053	53	52	81	138	141	26	0	255
 76098	53	52	81	138	141	26	0	255
 76143	53	52	81	138	141	26	0	255
 76189	53	52	81	138	141	25	0	255
 76234	53	52	81	138	141	26	0	255
 76279	53	52	81	138	141	25	0	255
 76325	53	52	81	138	141	25	0	255
 76371	53	52	81	138	141	25	0	255
 76415	53	52	81	138	141	25	0	255
 76461	53	52	81	138	141	24	0	255
 76506	53	52	81	138	141	25	0	255
 76552	53	52	81	138	141	26	0	255
 76597	53	52	81	138	141	25	0	255
 76642	53	52	81	138	141	24	0	255
 76688	53	52	81	138	141	24	0	255
 76733	53	52	81	138	141	24	0	255
 76778	53	52	81	138	141	25	0	255
 76824	53	52	81	138	141	23	0	255
 76869	53	52	81	138	141	25	0	255
 76914	53	52	81	138	141	24	0	255
 76960	53	52	81	138	141	24	0	255
 77005	53	52	81	138	141	24	0	255
 77050	53	52	81	138	141	25	0	255
 77096	53	52	81	138	141	24	0	255
 77141	53	52	81	138	141	25	0	255
 77186	53	52	81	138	141	25	0	255
 77232	53	52	81	138	141	24	0	255
 77277	53	52	81	138	141	23	0	255
 77323	53	52	81	138	141	25	0	255
 77368	53	52	81	138	141	23	0	255
 77413	53	52	81	138	141	23	0	255
 77459	53	52	81	138	141	23	0	255
 77504	53	52	81	138	141	24	0	255
 77549	53	52	81	138	141	23	0	255
 77595	53	52	81	138	141	23	0	255
 77640	53	52	81	138	141	24	0	255
 77685	52	52	81	137	141	23	0	255
 77731	53	52	81	137	141	23	0	255
 77776	52	52	81	138	141	23	0	255
 77821	52	52	81	137	141	24	0	255
 77867	52	52	81	138	141	22	0	255
 77912	52	52	81	137	141	24	0	255
 77957	52	52	81	137	141	24	0	255
 78003	52	52	81	137	141	23	0	255
 78048	52	52	81	137	141	22	0	255
 78094	52	52	81	137	141	23	0	255
 78139	52	52	81	137	141	22	0	255
 78184	52	52	81	137	141	24	0	255
 78230	52	52	81	137	141	23	0	255
 78275	52	52	81	137	141	23	0	255
 78320	52	52	81	137	141	22	0	255
 78366	52	52	81	137	141	23	0	255
 78411	52	52	81	137	141	23	0	255
 78456	52	52	81	137	141	22	0	255
 78502	52	52	81	137	141	23	0	255
 78547	52	52	81	137	141	22	0	255
 78592	52	52	80	137	141	23	0	255
 78638	52	52	80	137	141	23	0	255
 78683	52	52	81	137	141	23	0	255
 78728	52	52	80	137	141	23	0	255
 78774	52	52	80	137	141	20	0	255
 78819	52	52	80	137	141	22	0	255
 78864	52	52	80	137	141	20	0	255
 78910	52	52	80	137	141	20	0	255
 78955	52	52	80	137	141	23	0	255
 79001	52	52	80	137	141	20	0	255
 79046	52	52	80	137	141	22	0	255
 79091	52	52	80	137	141	23	0	255
 79137	52	52	80	137	141	22	0	255
 79182	52	52	80	137	141	20	0	255
 79229	52	52	80	137	141	22	0	255
 79273	52	52	80	137	141	22	0	255
 79318	52	52	80	137	141	22	0	255
 79363	52	52	80	137	141	23	0	255
 79409	52	52	80	137	141	20	0	255
 79454	52	52	80	137	141	22	0	255
 79499	52	52	80	137	141	22	0	255
 79545	52	52	80	137	141	20	0	255
 79590	52	52	80	137	141	22	0	255
 79635	52	52	80	137	141	20	0	255
 79682	52	52	80	137	141	20	0	255
 79726	52	52	80	137	141	20	0	255
 79772	52	52	80	137	141	22	0	255
 79817	52	52	80	137	141	22	0	255
 79862	52	51	80	137	141	22	0	255
 79908	52	51	80	137	141	22	0	255
 79957	52	51	80	137	141	22	0	255
 79998	52	51	80	137	141	20	0	255
 80044	52	52	80	137	141	22	0	255
 80089	52	51	80	137	141	20	0	255
 80134	52	51	80	137	141	20	0	255
 80180	52	51	80	137	141	19	0	255
 80225	52	51	80	137	141	19	0	255
 80270	52	51	80	137	141	20	0	255
 80316	52	51	80	137	140	19	0	255
 80361	52	51	80	137	141	19	0	255
 80406	52	51	80	137	141	20	0	255
 80452	52	51	80	137	140	20	0	255
 80498	52	51	80	137	141	20	0	255
 80543	52	51	80	137	140	20	0	255
 80588	52	51	80	137	140	19	0	255
 80633	52	51	80	137	140	20	0	255
 80679	52	51	80	137	140	22	0	255
 80724	52	51	80	137	140	19	0	255
 80769	52	51	80	137	140	19	0	255
 80815	52	51	80	137	140	20	0	255
 80860	52	51	80	137	140	19	0	255
 80905	52	51	80	137	140	20	0	255
 80951	52	51	80	137	140	20	0	255
 80996	52	51	80	137	140	20	0	255
 81041	52	51	80	137	140	19	0	255
 81087	52	51	80	137	140	18	0	255
 81132	52	51	80	137	140	19	0	255
 81177	52	51	80	137	140	19	0	255
 81223	52	51	80	137	140	20	0	255
 81268	52	51	80	137	140	18	0	255
 81313	52	51	80	137	140	18	0	255
 81359	52	51	80	137	140	19	0	255
 81404	52	51	80	137	140	19	0	255
 81450	52	51	80	137	140	20	0	255
 81495	52	51	80	137	140	19	0	255
 81540	52	51	80	137	140	18	0	255
 81586	52	51	80	137	140	20	0	255
 81631	52	51	80	137	140	19	0	255
 81676	52	51	80	137	140	18	0	255
 81722	52	51	80	137	140	18	0	255
 81767	52	51	80	137	140	19	0	255
 81812	52	51	80	137	140	18	0	255
 81858	52	51	80	137	140	18	0	255
 81903	52	51	80	137	140	18	0	255
 81948	52	51	80	137	140	18	0	255
 81994	52	51	80	137	140	18	0	255
 82039	52	51	80	137	140	18	0	255
 82084	52	51	80	137	140	18	0	255
 82130	52	51	80	137	140	17	0	255
 82175	52	51	80	137	140	18	0	255
 82221	52	51	80	137	140	19	0	255
 82266	52	51	80	137	140	18	0	255
 82311	52	51	80	137	140	19	0	255
 82357	52	51	80	137	140	18	0	255
 82402	52	51	80	137	140	17	0	255
 82447	52	51	80	137	140	18	0	255
 82493	52	51	80	137	140	19	0	255
 82539	52	51	80	137	140	19	0	255
 82583	52	51	80	137	140	17	0	255
 82629	52	51	79	137	140	17	0	255
 82674	52	51	80	137	140	18	0	255
 82719	52	51	79	137	140	18	0	255
 82765	52	51	80	137	140	19	0	255
 82810	52	51	79	137	140	18	0	255
 82855	52	51	79	137	140	18	0	255
 82901	52	51	79	137	140	18	0	255
 82946	52	51	79	137	140	19	0	255
 82991	52	51	79	137	140	18	0	255
 83037	52	51	79	137	140	19	0	255
 83082	52	51	79	137	140	18	0	255
 83128	52	51	79	137	140	18	0	255
 83173	52	51	79	137	140	18	0	255
 83218	52	51	79	137	140	17	0	255
 83264	52	51	79	137	140	18	0	255
 83309	52	51	79	137	140	18	0	255
 83354	52	51	79	137	140	18	0	255
 83400	52	51	79	137	140	17	0	255
 83445	52	51	79	137	140	18	0	255
 83490	52	51	79	137	140	18	0	255
 83536	52	51	79	137	140	18	0	255
 83581	52	51	79	137	140	17	0	255
 83629	52	51	79	137	140	19	0	255
 83672	52	51	79	137	140	18	0	255
 83717	52	51	79	137	140	17	0	255
 83762	52	51	79	137	140	18	0	255
 83808	52	51	79	137	140	18	0	255
 83853	52	51	79	137	140	18	0	255
 83898	52	51	79	137	140	17	0	255
 83944	52	51	79	137	140	17	0	255
 83989	52	51	79	137	140	18	0	255
 84035	52	51	79	137	140	17	0	255
 84080	52	51	79	137	140	17	0	255
 84125	52	51	79	136	140	17	0	255
 84171	52	51	79	136	140	17	0	255
 84216	52	51	79	136	140	17	0	255
 84261	52	51	79	136	140	18	0	255
 84307	52	51	79	136	140	17	0	255
 84352	51	51	79	136	140	17	0	255
 84397	51	51	79	136	140	17	0	255
 84443	52	51	79	136	140	17	0	255
 84488	52	51	79	136	140	17	0	255
 84533	51	51	79	136	140	18	0	255
 84579	51	51	79	136	140	18	0	255
 84624	51	51	79	136	140	17	0	255
 84669	51	51	79	136	140	18	0	255
 84715	51	51	79	136	140	17	0	255
 84760	51	51	79	136	140	17	0	255
 84805	51	51	79	136	140	17	0	255
 84851	51	51	79	136	140	17	0	255
 84896	51	51	79	136	140	17	0	255
 84942	51	51	79	136	140	17	0	255
 84987	51	51	79	136	140	18	0	255
 85032	51	51	79	136	140	17	0	255
 85078	51	51	79	136	140	17	0	255
 85123	51	51	79	136	140	16	0	255
 85168	51	51	79	136	140	18	0	255
 85214	51	51	79	136	140	17	0	255
 85259	51	51	79	136	140	17	0	255
 85304	51	51	79	136	140	17	0	255
 85350	51	51	79	136	140	18	0	255
 85395	51	51	79	136	140	17	0	255
 85440	51	51	79	136	140	17	0	255
 85486	51	51	79	136	140	16	0	255
 85531	51	51	78	136	140	18	0	255
 85576	51	51	77	136	140	17	0	255
 85623	51	51	76	136	140	17	0	255
 85667	51	51	76	136	140	17	0	255
 85712	51	51	75	136	140	18	0	255
 85758	51	51	75	136	140	17	0	255
 85803	51	51	74	136	140	17	0	255
 85849	51	51	74	136	140	17	0	255
 85894	51	51	73	136	140	16	0	255
 85939	51	51	73	136	140	17	0	255
 85985	51	51	73	136	140	17	0	255
 86030	51	51	73	136	140	17	0	255
 86075	51	51	72	136	140	17	0	255
 86121	51	51	72	136	140	17	0	255
 86166	51	51	72	136	140	16	0	255
 86211	51	51	72	136	140	16	0	255
 86257	51	51	72	136	140	17	0	255
 86302	51	51	71	136	140	18	0	255
 86347	51	51	71	136	140	18	0	255
 86393	51	51	71	136	140	17	0	255
