HomeCentral
 Falkenstrasse 20
 8630 Rueti
 Datum: 14.02.14 00:00
 
 Startzeit: 2014-02-14 00:00:24 +0100
 69	34	34	48	110	115	7	0	255
 114	34	34	48	110	115	6	0	255
 159	34	34	48	110	115	6	0	255
 205	34	34	48	110	115	6	0	255
 250	34	34	48	110	115	6	0	255
 295	34	34	48	110	115	6	0	255
 341	34	34	48	110	115	7	0	255
 386	34	34	48	110	115	6	0	255
 431	34	34	48	110	115	6	0	255
 477	34	34	48	110	115	6	0	255
 522	34	34	48	110	115	6	0	255
 567	34	34	48	110	115	6	0	255
 613	34	34	48	110	115	6	0	255
 658	34	34	47	109	115	7	0	255
 703	34	34	47	110	115	6	0	255
 749	34	34	48	110	115	6	0	255
 794	34	34	48	110	115	7	0	255
 839	34	34	47	109	115	6	0	255
 885	34	34	47	109	115	6	0	255
 930	34	34	48	109	115	6	0	255
 976	34	34	47	109	115	6	0	255
 1021	34	34	47	109	115	6	0	255
 1066	34	34	47	109	115	6	0	255
 1112	34	34	47	109	115	6	0	255
 1157	34	34	48	109	115	6	0	255
 1202	34	34	47	109	115	6	0	255
 1248	34	34	47	109	115	6	0	255
 1293	34	34	47	109	115	6	0	255
 1338	34	34	48	109	115	6	0	255
 1384	34	34	48	109	115	6	0	255
 1429	34	34	47	109	115	6	0	255
 1474	34	34	47	109	115	6	0	255
 1520	34	34	47	109	115	6	0	255
 1565	34	34	47	109	115	7	0	255
 1610	34	34	47	109	115	7	0	255
 1656	34	34	47	109	115	6	0	255
 1701	34	34	47	109	115	6	0	255
 1746	34	34	47	109	115	6	0	255
 1792	34	34	47	109	115	7	0	255
 1838	34	34	47	109	115	6	0	255
 1883	34	34	47	109	115	6	0	255
 1928	34	34	47	109	115	6	0	255
 1973	34	34	47	109	115	6	0	255
 2019	34	34	47	109	115	6	0	255
 2064	34	34	47	109	115	6	0	255
 2109	34	34	47	109	115	6	0	255
 2155	34	34	47	109	115	7	0	255
 2200	34	34	47	109	115	6	0	255
 2245	34	34	47	109	115	7	0	255
 2291	34	34	47	109	115	6	0	255
 2336	34	34	47	109	115	6	0	255
 2381	34	34	47	109	115	6	0	255
 2427	34	34	47	109	115	6	0	255
 2472	34	34	47	109	115	7	0	255
 2517	34	34	47	109	115	6	0	255
 2563	34	34	47	109	115	6	0	255
 2608	34	34	47	109	115	6	0	255
 2653	34	34	47	109	115	6	0	255
 2699	34	34	47	109	115	6	0	255
 2744	34	34	47	109	115	6	0	255
 2790	34	34	47	109	115	6	0	255
 2835	34	34	47	109	115	6	0	255
 2880	34	34	47	109	115	6	0	255
 2926	34	34	47	109	115	6	0	255
 2971	34	34	47	109	115	7	0	255
 3016	34	34	47	109	115	6	0	255
 3062	34	34	47	109	115	6	0	255
 3107	34	34	47	109	115	7	0	255
 3152	34	34	47	109	115	6	0	255
 3198	34	34	47	109	115	6	0	255
 3243	34	34	47	109	115	7	0	255
 3288	34	34	47	109	115	6	0	255
 3334	34	34	47	109	115	6	0	255
 3379	34	34	47	109	115	6	0	255
 3424	34	34	47	109	115	6	0	255
 3470	34	34	47	109	115	7	0	255
 3515	34	34	47	109	115	6	0	255
 3560	34	34	47	109	115	7	0	255
 3606	34	34	47	109	115	6	0	255
 3651	34	34	47	109	115	6	0	255
 3697	34	34	47	109	115	7	0	255
 3742	34	34	47	109	115	6	0	255
 3787	34	34	47	109	115	6	0	255
 3833	34	34	47	109	115	6	0	255
 3878	34	34	47	109	115	7	0	255
 3923	34	34	47	109	115	6	0	255
 3969	34	34	47	109	115	6	0	255
 4014	34	34	47	109	115	6	0	255
 4059	34	34	47	109	115	6	0	255
 4105	34	34	47	109	115	6	0	255
 4150	34	34	47	109	115	7	0	255
 4195	34	34	47	109	115	6	0	255
 4241	34	34	47	109	115	6	0	255
 4286	34	34	47	109	115	6	0	255
 4331	34	34	47	109	115	6	0	255
 4377	34	34	47	109	115	6	0	255
 4422	34	34	47	109	115	6	0	255
 4467	34	34	47	109	115	6	0	255
 4513	34	34	47	109	115	7	0	255
 4558	34	34	47	109	115	6	0	255
 4603	34	34	47	109	115	7	0	255
 4649	34	34	47	109	115	7	0	255
 4694	34	34	47	109	115	7	0	255
 4740	34	34	47	109	115	6	0	255
 4785	34	34	47	109	115	6	0	255
 4830	34	34	47	109	115	6	0	255
 4876	34	34	47	109	115	6	0	255
 4921	34	34	47	109	115	6	0	255
 4966	34	34	47	109	115	6	0	255
 5012	34	34	47	109	115	7	0	255
 5057	34	34	47	109	115	7	0	255
 5102	34	34	47	109	115	6	0	255
 5148	34	34	47	109	115	8	0	255
 5193	34	34	47	109	115	6	0	255
 5238	34	34	47	109	115	6	0	255
 5284	34	34	47	109	115	7	0	255
 5329	34	34	47	109	115	6	0	255
 5374	34	34	47	109	115	6	0	255
 5420	34	34	47	109	115	6	0	255
 5465	34	34	47	109	115	6	0	255
 5510	34	34	47	109	115	6	0	255
 5556	34	34	47	109	115	6	0	255
 5602	34	34	47	109	115	6	0	255
 5647	34	34	47	109	115	6	0	255
 5692	34	34	47	109	115	6	0	255
 5737	34	34	47	109	115	6	0	255
 5783	34	34	47	109	115	6	0	255
 5828	34	34	47	109	115	6	0	255
 5873	34	34	47	109	115	6	0	255
 5919	34	34	47	109	115	6	0	255
 5964	34	34	47	109	115	6	0	255
 6009	34	34	47	109	115	7	0	255
 6055	34	34	47	109	115	6	0	255
 6100	34	34	47	109	115	6	0	255
 6145	34	34	47	109	115	6	0	255
 6191	34	34	47	109	115	6	0	255
 6236	34	34	47	109	115	6	0	255
 6281	34	34	47	109	115	6	0	255
 6327	34	34	47	109	115	7	0	255
 6372	34	34	47	109	115	6	0	255
 6417	34	34	47	109	115	6	0	255
 6463	34	34	47	109	115	6	0	255
 6508	34	34	47	109	115	6	0	255
 6554	34	34	47	109	115	6	0	255
 6599	34	34	47	109	115	6	0	255
 6644	34	34	47	109	114	7	0	255
 6690	34	34	47	109	115	6	0	255
 6735	34	34	47	109	114	6	0	255
 6780	34	34	47	109	114	6	0	255
 6826	34	34	47	109	114	7	0	255
 6871	34	34	47	109	114	6	0	255
 6916	34	34	47	109	114	6	0	255
 6962	34	34	47	109	114	6	0	255
 7007	34	34	47	109	114	5	0	255
 7052	34	34	47	109	114	6	0	255
 7098	34	34	47	109	114	6	0	255
 7143	34	34	47	109	114	7	0	255
 7188	34	34	47	109	114	6	0	255
 7234	34	34	47	109	114	6	0	255
 7279	34	34	47	109	114	6	0	255
 7324	34	34	47	109	114	6	0	255
 7370	34	34	47	109	114	6	0	255
 7415	34	34	47	109	114	6	0	255
 7461	34	34	47	109	114	6	0	255
 7506	34	34	47	109	114	6	0	255
 7551	34	34	47	109	114	6	0	255
 7597	34	34	47	109	114	6	0	255
 7642	34	34	47	109	114	6	0	255
 7687	34	34	47	109	114	7	0	255
 7733	34	34	47	109	114	6	0	255
 7778	34	34	47	109	114	6	0	255
 7823	34	34	47	109	114	6	0	255
 7869	34	34	47	109	114	6	0	255
 7914	34	34	47	109	114	7	0	255
 7959	34	34	47	109	114	6	0	255
 8005	34	34	47	109	114	6	0	255
 8050	34	34	47	109	114	6	0	255
 8095	34	34	47	109	114	6	0	255
 8141	34	34	47	109	114	6	0	255
 8186	34	34	47	109	114	6	0	255
 8231	34	34	47	109	114	6	0	255
 8277	34	34	47	109	114	6	0	255
 8322	34	34	47	109	114	6	0	255
 8368	34	34	47	109	114	6	0	255
 8413	34	34	47	109	114	6	0	255
 8458	34	34	47	109	114	6	0	255
 8504	34	34	47	109	114	6	0	255
 8549	34	34	47	108	114	6	0	255
 8594	34	34	47	109	114	6	0	255
 8640	34	34	47	108	114	6	0	255
 8685	34	34	47	109	114	6	0	255
 8730	34	34	47	109	114	7	0	255
 8776	34	34	47	109	114	6	0	255
 8821	34	34	47	108	114	6	0	255
 8866	34	34	47	108	114	6	0	255
 8912	34	34	47	108	114	5	0	255
 8957	34	34	47	108	114	6	0	255
 9002	34	34	47	108	114	5	0	255
 9048	34	34	47	108	114	5	0	255
 9093	34	34	47	108	114	5	0	255
 9138	34	34	47	108	114	6	0	255
 9184	34	34	47	108	114	6	0	255
 9229	34	34	47	108	114	6	0	255
 9275	34	34	47	108	114	5	0	255
 9320	34	34	47	108	114	7	0	255
 9365	34	34	47	108	114	5	0	255
 9411	34	34	47	108	114	5	0	255
 9456	34	34	47	108	114	5	0	255
 9501	34	34	47	108	114	6	0	255
 9547	34	34	47	108	114	6	0	255
 9592	34	34	47	108	114	6	0	255
 9637	34	34	47	108	114	6	0	255
 9683	34	34	47	108	114	6	0	255
 9728	34	34	47	108	114	6	0	255
 9773	34	34	47	108	114	6	0	255
 9819	34	34	47	108	114	6	0	255
 9864	34	34	47	108	114	6	0	255
 9909	34	34	47	108	114	6	0	255
 9955	34	34	47	108	114	6	0	255
 10000	34	34	47	108	114	6	0	255
 10045	34	34	47	108	114	6	0	255
 10091	34	34	47	108	114	6	0	255
 10136	34	34	47	108	114	5	0	255
 10181	34	34	47	108	114	6	0	255
 10227	34	34	47	108	114	6	0	255
 10272	34	34	47	108	114	6	0	255
 10318	34	34	47	108	114	6	0	255
 10363	34	34	47	108	114	6	0	255
 10408	34	34	47	108	114	6	0	255
 10454	33	34	47	108	114	6	0	255
 10499	34	34	47	108	114	6	0	255
 10544	34	34	47	108	114	6	0	255
 10590	34	34	47	108	114	6	0	255
 10635	33	34	47	108	114	6	0	255
 10680	34	34	47	108	114	6	0	255
 10726	33	34	47	108	114	6	0	255
 10771	34	34	47	108	114	6	0	255
 10816	34	34	47	108	114	6	0	255
 10862	34	34	47	108	114	6	0	255
 10907	33	34	47	108	114	5	0	255
 10952	33	34	47	108	114	5	0	255
 10998	33	34	47	108	114	6	0	255
 11043	33	34	47	108	114	6	0	255
 11088	33	34	47	108	114	6	0	255
 11134	33	34	47	108	114	6	0	255
 11179	34	34	47	108	114	6	0	255
 11225	33	34	47	108	114	6	0	255
 11270	33	34	47	108	114	6	0	255
 11315	33	34	47	108	114	7	0	255
 11361	34	34	47	108	114	6	0	255
 11406	33	34	47	108	114	7	0	255
 11451	33	34	47	108	114	5	0	255
 11497	33	34	47	108	114	5	0	255
 11542	33	34	47	108	114	6	0	255
 11587	33	34	47	108	114	6	0	255
 11633	33	34	47	108	114	6	0	255
 11678	33	34	47	108	114	6	0	255
 11723	33	34	47	108	114	7	0	255
 11769	33	34	47	108	114	6	0	255
 11814	33	34	47	108	114	6	0	255
 11859	33	34	47	108	114	6	0	255
 11905	33	34	47	108	114	7	0	255
 11950	33	34	47	108	114	6	0	255
 11995	33	34	47	108	114	6	0	255
 12041	33	34	47	108	114	6	0	255
 12086	33	34	47	108	114	5	0	255
 12132	33	34	47	108	114	6	0	255
 12177	33	34	47	108	114	6	0	255
 12222	33	34	47	108	114	6	0	255
 12268	33	34	47	108	114	6	0	255
 12313	33	34	47	108	114	7	0	255
 12358	33	34	47	108	114	6	0	255
 12404	33	34	47	108	114	6	0	255
 12449	33	34	47	108	114	6	0	255
 12494	33	34	47	108	114	6	0	255
 12540	33	34	47	108	114	6	0	255
 12585	33	34	47	108	114	6	0	255
 12630	33	34	47	108	114	6	0	255
 12676	33	34	47	108	114	7	0	255
 12721	33	34	47	108	114	5	0	255
 12766	33	34	47	108	114	6	0	255
 12812	33	34	47	108	114	6	0	255
 12857	33	34	47	108	114	6	0	255
 12902	33	34	47	108	114	5	0	255
 12948	33	34	47	108	114	6	0	255
 12993	33	34	47	108	114	6	0	255
 13039	33	34	47	108	114	6	0	255
 13084	33	34	47	108	114	6	0	255
 13129	33	34	47	108	114	6	0	255
 13175	33	34	47	108	114	5	0	255
 13220	33	34	47	108	114	5	0	255
 13265	33	34	47	108	114	6	0	255
 13311	33	34	47	108	114	5	0	255
 13356	33	34	47	108	114	6	0	255
 13401	33	34	47	108	114	6	0	255
 13447	33	34	47	108	114	6	0	255
 13492	33	34	47	108	114	6	0	255
 13537	33	34	47	108	113	6	0	255
 13583	33	34	47	108	114	6	0	255
 13628	33	34	47	108	114	5	0	255
 13673	33	34	47	108	114	6	0	255
 13720	33	34	47	108	114	5	0	255
 13764	33	33	47	108	114	6	0	255
 13809	33	33	47	108	114	7	0	255
 13855	33	33	47	108	114	6	0	255
 13900	33	33	47	108	113	6	0	255
 13946	33	33	47	108	113	6	0	255
 13991	33	33	47	108	114	6	0	255
 14036	33	34	47	108	113	6	0	255
 14082	33	34	47	108	113	6	0	255
 14127	33	34	47	108	113	6	0	255
 14172	33	33	47	108	113	6	0	255
 14218	33	33	47	108	113	6	0	255
 14263	33	33	47	108	113	6	0	255
 14308	33	33	47	108	113	6	0	255
 14354	33	33	47	108	113	6	0	255
 14399	33	33	47	108	113	6	0	255
 14444	33	33	47	108	113	7	0	255
 14490	33	33	47	108	113	6	0	255
 14535	33	33	47	108	113	6	0	255
 14580	33	33	47	108	113	6	0	255
 14626	33	33	47	108	113	6	0	255
 14671	33	33	47	108	113	6	0	255
 14716	33	33	47	108	113	7	0	255
 14762	33	33	47	108	113	7	0	255
 14807	33	33	47	108	113	7	0	255
 14852	33	33	47	108	113	5	0	255
 14898	33	33	47	108	113	6	0	255
 14943	33	33	47	108	113	6	0	255
 14989	33	33	47	108	113	6	0	255
 15034	33	33	47	108	113	5	0	255
 15079	33	33	47	108	113	6	0	255
 15125	33	33	47	108	113	5	0	255
 15170	33	33	47	108	113	6	0	255
 15215	33	33	47	108	113	6	0	255
 15262	33	33	47	108	113	7	0	255
 15306	33	33	47	108	113	6	0	255
 15351	33	33	47	108	113	6	0	255
 15397	33	33	47	108	113	6	0	255
 15442	33	33	47	108	113	6	0	255
 15487	33	33	47	108	113	6	0	255
 15533	33	33	47	108	113	7	0	255
 15578	33	33	47	108	113	6	0	255
 15623	33	33	47	108	113	6	0	255
 15669	33	33	47	108	113	6	0	255
 15714	33	33	47	108	113	5	0	255
 15759	33	33	47	108	113	6	0	255
 15805	33	33	47	108	113	6	0	255
 15850	33	33	47	108	113	5	0	255
 15896	33	33	47	108	113	6	0	255
 15941	33	33	47	108	113	6	0	255
 15986	33	33	47	108	113	7	0	255
 16032	33	33	47	108	113	6	0	255
 16077	33	33	47	108	113	6	0	255
 16122	33	33	47	108	113	6	0	255
 16168	33	33	47	108	113	6	0	255
 16213	33	33	47	108	113	6	0	255
 16258	33	33	47	108	113	5	0	255
 16304	33	33	47	108	113	5	0	255
 16349	33	33	47	108	113	6	0	255
 16394	33	33	47	108	113	6	0	255
 16440	33	33	47	107	113	7	0	255
 16485	33	33	47	108	113	6	0	255
 16530	33	33	47	108	113	6	0	255
 16576	33	33	47	108	113	5	0	255
 16621	33	33	47	107	113	5	0	255
 16666	33	33	47	107	113	6	0	255
 16712	33	33	47	107	113	6	0	255
 16757	33	33	47	107	113	6	0	255
 16803	33	33	47	107	113	6	0	255
 16848	33	33	47	107	113	5	0	255
 16893	33	33	47	107	113	6	0	255
 16939	33	33	47	107	113	6	0	255
 16984	33	33	47	107	113	6	0	255
 17029	33	33	47	107	113	6	0	255
 17075	33	33	47	107	113	7	0	255
 17120	33	33	47	107	113	5	0	255
 17165	33	33	47	107	113	6	0	255
 17211	33	33	47	107	113	6	0	255
 17256	33	33	47	107	113	6	0	255
 17301	33	33	47	107	113	7	0	255
 17347	33	33	46	107	113	6	0	255
 17392	33	33	47	107	113	6	0	255
 17437	33	33	47	107	113	5	0	255
 17483	33	33	46	107	113	5	0	255
 17528	33	33	47	107	113	6	0	255
 17573	33	33	47	107	113	6	0	255
 17619	33	33	46	107	113	6	0	255
 17664	33	33	46	107	113	5	0	255
 17710	33	33	46	107	113	5	0	255
 17755	33	33	46	107	113	6	0	255
 17800	33	33	46	107	113	5	0	255
 17846	33	33	47	107	113	6	0	255
 17891	33	33	46	107	113	5	0	255
 17936	33	33	46	107	113	6	0	255
 17982	33	33	46	107	113	5	0	255
 18027	33	33	46	107	113	6	0	255
 18072	33	33	46	107	113	6	0	255
 18118	33	33	46	107	113	5	0	255
 18163	33	33	46	107	113	5	0	255
 18208	33	33	46	107	113	5	0	255
 18254	33	33	46	107	113	5	0	255
 18299	33	33	46	107	113	5	0	255
 18344	33	33	46	107	113	6	0	255
 18390	33	33	46	107	113	6	0	255
 18435	33	33	46	107	113	5	0	255
 18480	33	33	46	107	113	5	0	255
 18526	33	33	46	107	113	5	0	255
 18571	33	33	46	107	113	5	0	255
 18617	33	33	46	107	113	5	0	255
 18662	33	33	46	107	113	5	0	255
 18707	33	33	46	107	113	6	0	255
 18753	33	33	46	107	113	5	0	255
 18798	33	33	46	107	113	5	0	255
 18843	33	33	46	107	113	5	0	255
 18889	33	33	46	107	113	6	0	255
 18935	33	33	46	107	113	5	0	255
 18979	33	33	46	107	113	6	0	255
 19025	33	33	46	107	113	5	0	255
 19070	33	33	46	107	113	5	0	255
 19115	33	33	46	107	113	5	0	255
 19161	33	33	46	107	113	5	0	255
 19206	33	33	46	107	113	5	0	255
 19251	33	33	46	107	113	5	0	255
 19297	33	33	46	107	113	6	0	255
 19342	33	33	46	107	113	6	0	255
 19387	33	33	46	107	113	5	0	255
 19433	33	33	46	107	113	5	0	255
 19478	33	33	46	107	113	6	0	255
 19523	33	33	46	107	113	5	0	255
 19569	33	33	46	107	113	5	0	255
 19614	33	33	46	107	113	5	0	255
 19660	33	33	46	107	113	5	0	255
 19705	33	33	46	107	113	5	0	255
 19750	33	33	46	107	113	4	0	255
 19796	33	33	46	107	113	5	0	255
 19841	33	33	46	107	113	5	0	255
 19886	33	33	46	107	113	4	0	255
 19932	33	33	46	107	113	5	0	255
 19977	33	33	46	107	113	5	0	255
 20022	33	33	46	107	113	5	0	255
 20068	33	33	46	107	113	4	0	255
 20113	33	33	46	107	113	4	0	255
 20158	33	33	46	107	113	4	0	255
 20204	33	33	46	107	113	4	0	255
 20249	33	33	46	107	113	4	0	255
 20294	33	33	46	107	113	5	0	255
 20340	33	33	46	107	113	4	0	255
 20385	33	33	46	107	113	4	0	255
 20430	33	33	46	107	113	4	0	255
 20476	33	33	46	107	113	4	0	255
 20521	33	33	46	107	113	5	0	255
 20567	33	33	46	107	113	4	0	255
 20612	33	33	46	107	113	4	0	255
 20657	33	33	46	107	113	4	0	255
 20703	33	33	46	107	113	4	0	255
 20748	33	33	46	107	113	4	0	255
 20793	33	33	46	107	113	3	0	255
 20839	33	33	46	107	113	3	0	255
 20884	33	33	46	107	113	4	0	255
 20929	33	33	46	107	113	3	0	255
 20975	33	33	46	107	113	4	0	255
 21020	33	33	46	107	113	3	0	255
 21065	33	33	46	107	112	3	0	255
 21111	33	33	46	107	112	4	0	255
 21156	33	33	46	107	112	3	0	255
 21201	33	33	46	107	112	3	0	255
 21247	33	33	46	107	112	3	0	255
 21292	33	33	46	107	113	3	0	255
 21337	33	33	46	107	112	3	0	255
 21383	33	33	46	107	112	3	0	255
 21428	33	33	46	107	112	3	0	255
 21474	33	33	46	107	112	3	0	255
 21519	33	33	46	107	112	2	0	255
 21564	33	33	46	107	112	3	0	255
 21610	33	33	46	107	112	4	0	255
 21655	33	33	46	107	112	3	0	255
 21700	33	33	46	107	112	2	0	255
 21746	33	33	46	107	112	2	0	255
 21791	33	33	46	107	112	2	0	255
 21836	33	33	46	107	112	3	0	255
 21882	33	33	46	107	112	3	0	255
 21927	33	33	46	107	112	2	0	255
 21972	33	33	46	107	112	3	0	255
 22018	33	33	46	107	112	2	0	255
 22063	33	33	46	107	112	3	0	255
 22108	33	33	46	107	112	2	0	255
 22154	33	33	46	107	112	2	0	255
 22199	33	33	46	107	112	3	0	255
 22244	33	33	46	107	112	3	0	255
 22290	33	33	46	107	112	2	0	255
 22335	33	33	46	107	112	0	0	255
 22381	33	33	46	107	112	3	0	255
 22426	33	33	46	107	112	2	0	255
 22471	33	33	46	107	112	2	0	255
 22517	33	33	46	107	112	0	0	255
 22562	33	33	46	107	112	2	0	255
 22607	33	33	46	107	112	2	0	255
 22653	33	33	46	107	112	2	0	255
 22698	33	33	46	107	112	2	0	255
 22743	33	33	46	107	112	2	0	255
 22789	33	33	46	107	112	2	0	255
 22834	33	33	46	107	112	2	0	255
 22879	33	33	46	107	112	2	0	255
 22925	33	33	46	107	112	2	0	255
 22970	33	33	46	107	112	2	0	255
 23015	33	33	46	107	112	2	0	255
 23061	33	33	46	107	112	2	0	255
 23106	33	33	46	107	112	2	0	255
 23151	33	33	46	107	112	2	0	255
 23197	33	33	46	107	112	2	0	255
 23242	33	33	46	107	112	2	0	255
 23288	33	33	46	107	112	2	0	255
 23333	33	33	46	107	112	2	0	255
 23378	33	33	46	107	112	2	0	255
 23424	33	33	46	107	112	2	0	255
 23469	33	33	46	107	112	3	0	255
 23514	33	33	46	107	112	2	0	255
 23560	33	33	46	107	112	2	0	255
 23605	33	33	46	107	112	2	0	255
 23650	33	33	46	107	112	2	0	255
 23696	33	33	46	107	112	2	0	255
 23741	33	33	46	107	112	2	0	255
 23786	33	33	46	107	112	2	0	255
 23832	33	33	46	107	112	2	0	255
 23877	33	33	46	107	112	2	0	255
 23923	33	33	46	107	112	2	0	255
 23968	33	33	46	107	112	3	0	255
 24013	33	33	46	107	112	3	0	255
 24058	33	33	46	107	112	3	0	255
 24104	33	33	46	107	112	2	0	255
 24149	33	33	46	107	112	3	0	255
 24195	33	33	46	107	112	2	0	255
 24240	33	33	46	107	112	3	0	255
 24285	33	33	46	107	112	2	0	255
 24331	33	33	46	107	112	2	0	255
 24376	33	33	46	107	112	2	0	255
 24421	33	33	46	106	112	3	0	255
 24467	33	33	46	107	112	2	0	255
 24512	33	33	46	107	112	3	0	255
 24557	33	33	46	107	112	3	0	255
 24603	33	33	46	106	112	3	0	255
 24648	33	33	46	106	112	3	0	255
 24693	33	33	46	106	112	2	0	255
 24739	33	33	46	106	112	3	0	255
 24784	33	33	46	106	112	3	0	255
 24829	33	33	46	106	112	3	0	255
 24875	33	33	46	106	112	3	0	255
 24920	33	33	46	106	112	3	0	255
 24965	33	33	46	106	112	3	0	255
 25011	33	33	46	106	112	3	0	255
 25056	33	33	46	106	112	4	0	255
 25102	33	33	46	106	112	3	0	255
 25147	33	33	46	106	112	3	0	255
 25192	33	33	46	106	112	4	0	255
 25238	33	33	46	106	112	3	0	255
 25283	33	33	46	106	112	3	0	255
 25328	33	33	46	106	112	3	0	255
 25374	33	33	46	106	112	3	0	255
 25419	33	33	46	106	112	4	0	255
 25464	33	33	46	106	112	4	0	255
 25510	33	33	46	106	112	3	0	255
 25556	33	33	46	106	112	4	0	255
 25600	33	33	46	106	112	3	0	255
 25646	33	33	46	106	112	3	0	255
 25691	33	33	46	106	112	4	0	255
 25736	33	33	46	106	112	3	0	255
 25782	33	33	46	106	112	3	0	255
 25827	33	33	46	106	112	3	0	255
 25872	33	33	46	106	112	3	0	255
 25918	33	33	46	106	112	4	0	255
 25963	33	33	46	106	112	4	0	255
 26008	33	33	46	106	112	4	0	255
 26054	33	33	46	106	112	3	0	255
 26099	33	33	46	106	112	4	0	255
 26145	33	33	46	106	112	4	0	255
 26190	33	33	46	106	112	4	0	255
 26235	33	33	46	106	112	4	0	255
 26281	33	33	46	106	112	4	0	255
 26326	33	33	46	106	112	4	0	255
 26371	33	33	46	106	112	4	0	255
 26417	33	33	46	106	112	4	0	255
 26462	33	33	46	106	112	4	0	255
 26507	33	33	46	106	112	4	0	255
 26553	33	33	46	106	112	4	0	255
 26598	33	33	46	106	112	5	0	255
 26643	33	33	46	106	112	5	0	255
 26689	33	33	46	106	112	5	0	255
 26735	33	33	46	106	112	4	0	255
 26779	33	33	46	106	112	4	0	255
 26825	33	33	46	106	112	4	0	255
 26870	33	33	46	106	112	5	0	255
 26915	33	33	46	106	112	4	0	255
 26961	33	33	46	106	112	5	0	255
 27006	33	33	46	106	112	4	0	255
 27052	33	33	46	106	112	4	0	255
 27097	33	33	46	106	112	4	0	255
 27142	33	33	46	106	112	4	0	255
 27188	33	33	46	106	112	5	0	255
 27233	33	33	46	106	112	5	0	255
 27278	33	33	46	106	112	5	0	255
 27324	33	33	46	106	112	5	0	255
 27369	33	33	46	106	112	4	0	255
 27414	33	33	46	106	112	5	0	255
 27460	33	33	46	106	112	5	0	255
 27505	33	33	46	106	112	5	0	255
 27550	33	33	46	106	112	5	0	255
 27596	33	33	46	106	112	5	0	255
 27641	33	33	46	106	112	5	0	255
 27686	33	33	46	106	112	5	0	255
 27732	32	33	46	106	112	5	0	255
 27777	33	33	46	106	112	5	0	255
 27822	33	33	46	106	112	5	0	255
 27868	33	33	46	106	112	5	0	255
 27913	33	33	46	106	112	5	0	255
 27959	33	33	46	106	112	5	0	255
 28004	33	33	46	106	112	5	0	255
 28049	32	33	46	106	112	5	0	255
 28095	32	33	46	106	112	5	0	255
 28140	33	33	46	106	112	6	0	255
 28185	32	33	46	106	112	6	0	255
 28231	32	33	46	106	112	5	0	255
 28276	32	33	46	106	112	5	0	255
 28321	32	33	46	106	112	5	0	255
 28367	32	33	46	106	112	6	0	255
 28412	32	33	46	106	111	6	0	255
 28457	32	33	46	106	111	5	0	255
 28503	32	33	46	106	112	5	0	255
 28548	32	33	46	106	111	6	0	255
 28593	32	33	46	106	111	6	0	255
 28639	32	33	46	106	112	5	0	255
 28684	32	33	46	106	111	6	0	255
 28729	32	33	46	106	111	6	0	255
 28775	32	33	46	106	111	5	0	255
 28820	32	33	46	106	111	6	0	255
 28866	32	33	46	106	111	6	0	255
 28911	32	33	46	106	111	6	0	255
 28956	32	33	46	106	111	6	0	255
 29002	32	33	46	106	111	6	0	255
 29047	32	33	46	106	111	6	0	255
 29092	32	33	46	106	111	6	0	255
 29138	32	33	46	106	111	6	0	255
 29183	32	33	46	106	111	6	0	255
 29228	32	33	46	106	111	6	0	255
 29274	32	33	46	106	111	6	0	255
 29319	32	33	46	106	111	6	0	255
 29364	32	33	46	106	111	7	0	255
 29410	32	33	46	106	111	6	0	255
 29455	32	33	46	106	111	6	0	255
 29500	32	33	46	106	111	7	0	255
 29546	32	33	46	106	111	6	0	255
 29591	32	33	46	106	111	6	0	255
 29636	32	33	46	106	111	6	0	255
 29682	32	33	46	106	111	7	0	255
 29727	32	33	46	106	111	7	0	255
 29772	32	33	46	106	111	7	0	255
 29818	32	33	46	106	111	7	0	255
 29863	32	33	46	106	111	7	0	255
 29909	32	33	46	106	111	7	0	255
 29954	32	33	46	106	111	7	0	255
 29999	32	33	46	106	111	8	0	255
 30045	32	33	46	106	111	7	0	255
 30090	32	33	46	106	111	7	0	255
 30135	32	33	46	106	111	7	0	255
 30181	32	33	46	106	111	8	0	255
 30226	32	33	46	106	111	8	0	255
 30271	32	33	46	106	111	8	0	255
 30317	32	33	46	106	111	8	0	255
 30362	32	33	46	106	111	8	0	255
 30407	32	33	46	106	111	8	0	255
 30453	32	33	46	106	111	8	0	255
 30498	32	33	46	106	111	8	0	255
 30543	32	33	46	106	111	8	0	255
 30589	32	33	46	106	111	8	0	255
 30634	32	33	46	106	111	8	0	255
 30679	32	33	46	106	111	8	0	255
 30725	32	33	46	106	111	10	0	255
 30770	32	33	46	106	111	10	0	255
 30816	32	33	46	106	111	10	0	255
 30861	32	33	46	106	111	8	0	255
 30906	32	33	46	106	111	10	0	255
 30952	32	33	46	106	111	10	0	255
 30997	32	33	46	106	111	10	0	255
 31042	32	33	46	106	111	10	0	255
 31088	32	33	46	106	111	10	0	255
 31133	32	33	46	106	111	11	0	255
 31178	32	33	46	106	111	10	0	255
 31224	32	33	46	106	111	10	0	255
 31269	32	33	46	106	111	10	0	255
 31314	32	33	46	106	111	10	0	255
 31360	32	33	46	106	111	11	0	255
 31405	32	33	46	106	111	11	0	255
 31450	32	33	46	106	111	11	0	255
 31496	32	33	46	106	111	11	0	255
 31541	32	33	46	106	111	11	0	255
 31586	32	33	46	106	111	11	0	255
 31632	32	33	46	106	111	11	0	255
 31677	32	33	46	106	111	11	0	255
 31723	32	33	46	106	111	12	0	255
 31768	32	33	46	106	111	12	0	255
 31813	32	33	45	106	111	11	0	255
 31859	32	33	46	106	111	12	0	255
 31904	32	33	45	106	111	12	0	255
 31949	32	33	46	106	111	12	0	255
 31995	32	33	46	106	111	13	0	255
 32040	32	33	45	106	111	13	0	255
 32085	32	33	46	106	111	12	0	255
 32131	32	33	46	106	111	12	0	255
 32176	32	33	45	106	111	13	0	255
 32221	32	33	46	106	111	13	0	255
 32267	32	33	45	106	111	13	0	255
 32312	32	33	45	106	111	13	0	255
 32357	32	33	45	106	111	13	0	255
 32403	32	33	45	106	111	13	0	255
 32448	32	33	45	106	111	14	0	255
 32493	32	33	45	106	111	13	0	255
 32539	32	33	46	105	111	14	0	255
 32584	32	33	45	105	111	13	0	255
 32629	32	33	45	106	111	13	0	255
 32675	32	33	45	105	111	13	0	255
 32720	32	33	45	106	111	13	0	255
 32766	32	33	45	105	111	14	0	255
 32811	32	33	46	105	111	14	0	255
 32856	32	33	45	105	111	14	0	255
 32902	32	33	45	105	111	14	0	255
 32947	32	33	45	105	111	14	0	255
 32992	32	33	45	105	111	14	0	255
 33038	32	33	45	105	111	14	0	255
 33083	32	32	45	105	111	14	0	255
 33128	32	33	45	105	111	14	0	255
 33174	32	33	45	105	111	16	0	255
 33219	32	33	45	105	111	16	0	255
 33264	32	33	45	105	111	16	0	255
 33310	32	33	45	105	111	16	0	255
 33355	32	33	45	105	111	16	0	255
 33400	32	33	45	105	111	16	0	255
 33446	32	33	45	105	111	17	0	255
 33491	32	33	45	105	111	16	0	255
 33537	32	33	45	105	111	16	0	255
 33582	32	33	45	105	111	17	0	255
 33627	32	33	45	105	111	17	0	255
 33673	32	33	45	105	111	17	0	255
 33718	32	32	45	105	111	16	0	255
 33763	32	33	45	105	111	17	0	255
 33809	32	32	45	105	111	17	0	255
 33854	32	33	45	105	111	17	0	255
 33899	32	33	45	105	111	17	0	255
 33945	32	33	45	105	111	17	0	255
 33990	32	32	45	105	111	17	0	255
 34035	32	32	45	105	111	18	0	255
 34081	32	32	45	105	111	17	0	255
 34126	32	32	45	105	111	18	0	255
 34171	32	33	45	105	111	17	0	255
 34217	32	32	45	105	111	18	0	255
 34262	32	32	45	105	111	18	0	255
 34307	32	32	45	105	111	18	0	255
 34353	32	32	45	105	111	17	0	255
 34398	32	32	45	105	111	18	0	255
 34444	32	32	45	105	111	18	0	255
 34489	32	32	45	105	111	18	0	255
 34534	32	32	45	105	111	17	0	255
 34580	32	32	45	105	111	18	0	255
 34625	32	32	45	105	111	19	0	255
 34670	32	32	45	105	111	19	0	255
 34716	32	32	45	105	111	18	0	255
 34761	32	32	45	105	111	18	0	255
 34806	32	32	45	105	111	18	0	255
 34852	32	32	45	105	111	19	0	255
 34897	32	32	45	105	111	18	0	255
 34942	32	32	45	105	111	19	0	255
 34988	32	32	45	105	111	18	0	255
 35033	32	32	45	105	111	19	0	255
 35078	32	32	45	105	111	19	0	255
 35124	32	32	45	105	111	19	0	255
 35169	32	32	45	105	111	19	0	255
 35215	32	32	45	105	111	19	0	255
 35260	32	32	45	105	111	20	0	255
 35305	32	32	45	105	111	19	0	255
 35351	32	32	45	105	111	19	0	255
 35396	32	32	45	105	111	19	0	255
 35465	32	32	45	105	111	20	0	255
 35510	32	32	45	105	111	19	0	255
 35555	32	32	45	105	111	19	0	255
 35601	32	32	45	105	111	20	0	255
 35646	32	32	45	105	111	20	0	255
 35691	32	32	45	105	111	19	0	255
 35737	32	32	45	105	111	20	0	255
 35782	32	32	45	105	111	20	0	255
 35827	32	32	45	105	111	20	0	255
 35873	32	32	45	105	111	20	0	255
 35918	32	32	45	105	111	22	0	255
 35963	32	32	45	105	110	22	0	255
 36009	32	32	45	105	110	22	0	255
 36054	32	32	45	105	110	22	0	255
 36100	32	32	45	105	110	22	0	255
 36145	32	32	45	105	110	22	0	255
 36190	32	32	45	105	110	22	0	255
 36236	32	32	45	105	110	22	0	255
 36281	32	32	45	105	110	22	0	255
 36326	32	32	45	105	110	22	0	255
 36372	32	32	45	105	110	23	0	255
 36417	32	32	45	105	110	25	0	255
 36462	32	32	45	105	110	26	0	255
 36508	32	32	45	105	110	26	0	255
 36553	32	33	45	105	110	28	0	255
 36598	32	33	45	105	110	29	0	255
 36644	32	33	45	105	110	29	0	255
 36689	32	33	45	105	110	31	0	255
 36734	32	33	45	105	110	31	0	255
 36780	32	33	45	105	110	32	0	255
 36825	32	33	45	105	110	34	0	255
 36870	32	33	45	105	110	35	0	255
 36916	32	33	45	105	110	35	0	255
 36961	32	33	45	105	110	35	0	255
 37007	32	33	45	105	110	35	0	255
 37052	32	33	45	105	110	36	0	255
 37098	32	33	45	105	110	36	0	255
 37143	32	33	45	105	110	37	0	255
 37188	32	33	45	105	110	37	0	255
 37233	32	33	45	105	110	37	0	255
 37279	32	33	45	105	110	38	0	255
 37324	32	33	45	105	110	38	0	255
 37369	32	33	45	105	110	38	0	255
 37415	32	33	45	105	110	38	0	255
 37460	32	33	45	105	110	40	0	255
 37505	32	33	45	105	110	40	0	255
 37551	32	33	45	105	110	40	0	255
 37596	32	33	45	105	110	41	0	255
 37641	32	33	45	105	110	42	0	255
 37687	32	33	45	105	110	42	0	255
 37732	32	33	45	105	110	44	0	255
 37778	32	33	45	105	110	44	0	255
 37823	32	33	45	105	110	45	0	255
 37868	32	33	45	105	110	46	0	255
 37914	32	33	45	105	110	47	0	255
 37959	32	33	45	105	110	47	0	255
 38004	32	33	45	105	110	48	0	255
 38050	32	33	45	105	110	50	0	255
 38095	32	33	45	105	110	51	0	255
 38140	32	33	45	105	110	52	0	255
 38186	32	33	45	105	110	52	0	255
 38231	32	33	45	105	110	54	0	255
 38277	32	33	45	105	110	57	0	255
 38322	32	33	45	105	110	58	0	255
 38367	32	33	45	105	110	62	0	255
 38412	32	33	45	105	110	64	0	255
 38458	32	33	45	105	110	66	0	255
 38503	32	33	45	105	110	67	0	255
 38549	32	33	45	105	110	68	0	255
 38594	32	33	45	105	110	68	0	255
 38639	32	32	45	105	110	70	0	255
 38685	32	32	45	105	110	70	0	255
 38730	32	32	45	105	110	71	0	255
 38775	32	32	45	105	110	71	0	255
 38821	32	32	45	105	110	71	0	255
 38866	32	32	45	105	110	71	0	255
 38911	32	32	45	105	110	72	0	255
 38957	32	32	45	105	110	72	0	255
 39002	32	32	45	105	110	72	0	255
 39047	32	32	45	105	110	74	0	255
 39093	32	32	45	105	110	75	0	255
 39138	32	32	45	105	110	75	0	255
 39183	32	32	45	105	110	76	0	255
 39229	32	32	45	105	110	78	0	255
 39274	32	32	45	105	110	80	0	255
 39320	32	32	45	105	110	82	0	255
 39365	32	32	45	105	110	82	0	255
 39410	32	32	45	105	110	83	0	255
 39456	32	32	45	105	110	84	0	255
 39501	32	32	45	105	110	85	0	255
 39546	32	32	45	105	110	85	0	255
 39592	32	32	45	105	110	86	0	255
 39637	32	32	45	105	110	88	0	255
 39682	32	32	45	105	110	88	0	255
 39728	32	32	45	105	110	89	0	255
 39773	32	32	45	105	110	89	0	255
 39818	32	32	45	105	110	89	0	255
 39864	31	35	45	105	110	96	8	255
 39909	45	45	45	105	110	105	8	255
 39954	59	51	45	105	110	108	8	255
 40000	68	56	45	105	110	101	8	255
 40045	71	58	45	105	110	98	8	255
 40090	73	60	45	105	110	101	8	255
 40136	76	62	45	105	110	101	8	255
 40181	77	63	45	105	110	93	8	255
 40227	75	63	45	105	110	82	0	255
 40272	73	63	45	105	110	78	0	255
 40317	71	62	45	104	110	79	0	255
 40363	70	62	45	105	110	78	0	255
 40408	68	61	45	105	110	79	0	255
 40454	67	61	45	104	110	79	0	255
 40499	66	60	45	105	110	79	0	255
 40544	66	60	45	104	110	80	0	255
 40589	65	59	45	104	110	80	0	255
 40635	64	58	45	104	110	80	0	255
 40680	63	58	45	104	110	80	0	255
 40725	63	57	45	105	110	80	0	255
 40771	62	57	45	104	110	80	0	255
 40816	61	56	45	104	110	82	0	255
 40861	61	56	45	104	110	83	0	255
 40907	60	56	45	104	110	83	0	255
 40952	59	55	45	104	110	83	0	255
 40998	59	55	45	104	110	84	0	255
 41043	58	54	45	104	110	84	0	255
 41088	57	54	45	104	110	85	0	255
 41134	57	54	45	104	110	84	0	255
 41179	56	53	45	104	110	85	0	255
 41224	56	53	45	104	110	85	0	255
 41270	55	53	45	104	110	86	0	255
 41315	55	52	45	104	110	86	0	255
 41360	54	52	45	104	110	88	0	255
 41406	54	52	45	104	110	86	0	255
 41451	53	51	45	104	110	86	0	255
 41496	53	51	45	104	110	86	0	255
 41542	52	50	45	104	110	88	0	255
 41587	52	50	45	104	110	88	0	255
 41632	52	50	45	104	110	88	0	255
 41678	51	49	45	104	110	88	0	255
 41723	51	49	45	104	110	88	0	255
 41769	50	49	45	104	110	88	0	255
 41814	50	48	45	104	110	89	0	255
 41859	50	48	45	104	110	89	8	255
 41905	49	48	45	104	110	90	0	255
 41950	49	48	45	104	110	90	0	255
 41995	49	48	45	104	110	90	0	255
 42041	49	49	45	104	110	97	8	255
 42086	58	54	45	104	110	101	8	255
 42131	66	58	45	104	110	102	8	255
 42177	72	60	45	104	110	98	8	255
 42222	74	62	45	104	110	100	8	255
 42267	76	63	45	104	110	104	8	255
 42313	78	64	45	104	110	104	8	255
 42358	80	64	45	104	110	100	8	255
 42403	79	65	45	104	110	94	8	255
 42449	77	65	45	104	110	90	8	255
 42494	75	65	45	104	110	89	8	255
 42539	74	66	45	104	110	92	8	255
 42585	74	66	45	104	110	96	8	255
 42630	75	66	45	104	110	98	8	255
 42676	77	66	46	104	110	102	8	255
 42721	79	67	46	104	110	104	8	255
 42767	80	67	46	104	110	104	8	255
 42812	81	67	46	104	110	105	8	255
 42857	82	67	46	104	110	104	8	255
 42902	82	67	46	104	110	105	8	255
 42948	83	67	46	104	110	104	8	255
 42993	82	67	46	104	110	102	8	255
 43038	82	67	46	104	110	100	8	255
 43084	81	67	46	104	110	98	8	255
 43129	80	68	46	104	110	96	8	255
 43174	79	68	46	104	110	93	8	255
 43220	78	68	46	104	110	90	8	255
 43265	76	68	46	104	110	89	0	255
 43310	75	68	46	104	109	88	0	255
 43356	73	67	46	104	110	88	0	255
 43401	72	66	46	104	110	86	0	255
 43447	71	66	46	104	110	86	0	255
 43492	70	65	46	104	110	86	0	255
 43537	70	64	46	104	110	86	0	255
 43583	69	63	46	104	110	85	0	255
 43628	68	63	46	104	109	84	0	255
 43673	67	62	46	104	109	84	0	255
 43719	66	61	46	104	109	83	0	255
 43764	65	60	46	104	109	82	0	255
 43809	65	60	46	104	109	82	0	255
 43855	64	59	46	104	109	82	0	255
 43900	63	59	46	104	109	82	0	255
 43945	62	58	46	104	109	82	0	255
 43991	62	57	46	104	109	80	0	255
 44036	61	57	46	104	109	80	0	255
 44081	60	56	46	104	109	79	0	255
 44128	60	56	46	104	109	80	0	255
 44172	59	55	46	104	109	79	0	255
 44217	58	55	46	104	109	79	0	255
 44263	58	54	46	104	109	79	0	255
 44308	57	54	46	104	109	79	0	255
 44354	57	54	46	104	109	80	0	255
 44399	56	53	46	104	109	80	0	255
 44444	56	53	46	104	109	79	0	255
 44490	55	53	46	104	109	80	0	255
 44535	55	52	46	104	109	82	0	255
 44580	54	52	46	104	109	82	0	255
 44626	54	52	46	104	109	82	0	255
 44671	53	51	46	104	109	82	0	255
 44716	53	51	46	104	109	83	0	255
 44762	52	51	46	104	109	84	0	255
 44807	52	51	46	104	109	84	0	255
 44852	51	51	46	104	109	86	0	255
 44898	51	51	46	104	109	88	0	255
 44943	51	51	46	104	109	88	0	255
 44988	50	50	46	104	109	89	0	255
 45034	50	50	46	104	109	90	0	255
 45079	49	50	46	104	109	90	0	255
 45125	49	50	46	104	109	92	0	255
 45170	49	49	46	104	109	93	0	255
 45215	48	49	46	104	109	93	0	255
 45261	48	49	46	104	109	94	0	255
 45306	48	49	46	104	109	97	8	255
 45351	55	54	46	104	109	102	8	255
 45397	65	59	46	104	109	105	8	255
 45442	72	62	46	104	109	101	8	255
 45487	75	64	46	104	109	98	8	255
 45533	76	65	46	104	109	101	8	255
 45578	77	66	46	104	109	101	8	255
 45623	79	67	46	104	109	98	8	255
 45669	78	67	46	104	109	90	8	255
 45714	76	67	46	104	109	86	0	255
 45759	75	66	46	104	109	85	0	255
 45805	73	66	46	104	109	85	0	255
 45850	72	65	46	104	109	84	0	255
 45895	71	65	46	104	109	84	0	255
 45941	70	64	46	104	109	84	0	255
 45986	69	63	46	104	109	84	0	255
 46032	69	62	46	104	109	84	0	255
 46077	68	62	46	104	109	83	0	255
 46122	67	61	46	104	109	83	0	255
 46168	66	60	46	104	109	83	0	255
 46213	65	60	46	104	109	82	0	255
 46259	65	59	46	104	109	82	0	255
 46304	64	58	46	104	109	80	0	255
 46349	63	58	46	104	109	80	0	255
 46394	62	57	47	104	109	79	0	255
 46440	62	57	46	104	109	79	0	255
 46485	61	56	47	104	109	78	0	255
 46530	60	56	46	104	109	79	0	255
 46576	60	55	46	104	109	78	0	255
 46621	59	55	47	104	109	78	0	255
 46666	58	54	46	104	109	78	0	255
 46712	58	54	47	104	109	76	0	255
 46757	57	54	47	104	109	78	0	255
 46803	57	53	47	104	109	78	0	255
 46848	56	53	47	104	109	78	0	255
 46893	55	52	47	104	109	78	0	255
 46939	55	52	47	104	109	76	0	255
 46984	54	52	47	104	109	76	0	255
 47029	54	51	47	104	109	78	0	255
 47075	53	51	47	104	109	78	0	255
 47120	53	51	47	104	109	78	0	255
 47165	53	50	47	104	109	78	0	255
 47211	52	50	47	104	109	78	0	255
 47256	52	50	47	104	109	79	0	255
 47301	51	49	47	104	109	79	0	255
 47347	51	49	47	104	109	79	0	255
 47392	50	49	47	104	109	80	0	255
 47438	50	49	47	104	109	80	0	255
 47483	50	48	47	104	109	80	0	255
 47528	49	48	47	104	109	82	0	255
 47573	49	48	47	104	109	82	0	255
 47619	48	48	47	104	109	82	0	255
 47664	48	47	47	104	109	82	0	255
 47710	48	47	47	104	109	82	0	255
 47755	47	47	47	104	109	82	0	255
 47800	47	47	47	104	109	82	0	255
 47846	47	46	47	104	109	83	0	255
 47891	47	46	47	104	109	83	0	255
 47936	46	46	47	104	109	83	0	255
 47982	46	46	47	104	109	83	0	255
 48027	46	45	47	104	109	83	0	255
 48072	45	45	47	104	109	83	0	255
 48118	45	45	47	104	109	83	0	255
 48163	45	44	47	104	109	82	0	255
 48208	45	44	47	104	109	82	0	255
 48254	44	44	47	104	109	83	0	255
 48299	44	44	47	104	109	83	0	255
 48344	44	44	47	104	109	83	0	255
 48390	44	43	47	104	109	83	0	255
 48435	43	43	47	104	109	83	0	255
 48480	43	43	47	104	109	83	0	255
 48526	43	43	47	104	109	83	0	255
 48571	43	43	47	104	109	83	0	255
 48617	43	43	47	104	109	83	0	255
 48662	42	42	47	104	109	85	0	255
 48707	42	42	47	104	109	85	0	255
 48753	42	42	47	104	109	86	0	255
 48798	42	42	47	104	109	86	0	255
 48843	42	42	47	104	109	86	0	255
 48889	41	42	47	104	109	86	0	255
 48934	41	42	47	104	109	86	0	255
 48979	41	42	47	104	109	88	0	255
 49025	41	41	47	104	109	88	0	255
 49070	41	41	47	104	109	88	0	255
 49115	40	41	47	104	109	88	0	255
 49161	40	41	47	104	109	88	0	255
 49206	40	41	47	104	109	88	0	255
 49251	40	41	47	104	109	89	0	255
 49297	40	41	47	104	109	89	0	255
 49342	40	40	47	104	109	89	0	255
 49387	40	40	47	104	109	89	0	255
 49433	39	40	47	103	109	89	0	255
 49478	39	40	47	103	109	90	0	255
 49524	39	40	47	104	109	90	0	255
 49569	39	40	47	103	109	90	0	255
 49614	39	40	47	103	109	90	0	255
 49660	39	40	47	103	109	90	0	255
 49705	39	39	47	103	109	89	0	255
 49750	39	39	47	103	109	90	0	255
 49796	38	39	47	103	109	90	0	255
 49841	38	39	47	103	109	90	0	255
 49886	38	39	47	103	109	90	0	255
 49932	38	39	47	103	109	89	0	255
 49977	38	38	47	103	109	89	0	255
 50022	38	38	47	103	109	89	0	255
 50068	38	38	47	103	109	89	0	255
 50113	38	38	47	103	109	89	0	255
 50158	38	38	47	103	109	89	0	255
 50204	37	38	47	103	109	89	0	255
 50249	37	38	47	103	109	90	0	255
 50295	37	38	47	103	109	90	0	255
 50340	37	38	47	103	109	90	0	255
 50394	37	38	47	103	109	92	0	255
 50440	37	38	47	103	109	93	0	255
 50485	37	38	47	103	109	94	0	255
 50530	37	41	47	103	109	102	8	255
 50576	51	50	47	103	109	109	8	255
 50621	64	56	47	103	109	112	8	255
 50666	73	60	47	103	109	109	8	255
 50712	77	63	47	103	109	108	8	255
 50760	80	64	47	103	109	110	8	255
 50802	83	65	47	103	109	113	8	255
 50848	85	66	47	103	109	106	8	255
 50893	84	66	47	103	109	96	8	255
 50939	80	67	47	103	109	89	0	255
 50984	77	66	47	103	109	88	0	255
 51029	75	66	47	103	109	89	0	255
 51075	73	65	47	103	109	89	0	255
 51120	72	65	47	103	108	90	0	255
 51165	70	64	47	103	108	90	0	255
 51211	69	64	47	103	109	90	0	255
 51256	68	63	47	103	108	90	0	255
 51302	67	62	47	103	108	92	0	255
 51347	67	62	47	103	108	92	0	255
 51392	66	61	47	103	108	90	0	255
 51437	65	60	47	103	108	90	0	255
 51483	64	60	47	103	108	89	0	255
 51529	63	59	47	103	108	89	0	255
 51573	63	58	47	103	108	90	0	255
 51619	62	58	47	103	108	89	0	255
 51664	61	57	47	103	108	89	0	255
 51709	61	57	47	103	108	90	0	255
 51755	60	56	47	103	108	88	0	255
 51800	59	56	47	103	108	89	0	255
 51847	59	55	47	103	108	88	0	255
 51891	58	54	47	103	108	88	0	255
 51936	57	54	47	103	108	86	0	255
 51982	57	53	47	103	108	86	0	255
 52028	56	53	47	103	108	85	0	255
 52072	56	52	47	103	108	85	0	255
 52118	55	52	47	103	108	85	0	255
 52163	55	52	47	103	108	85	0	255
 52208	54	51	47	103	108	83	0	255
 52256	54	51	47	103	108	83	0	255
 52299	53	51	47	103	108	83	0	255
 52344	53	51	47	103	108	82	0	255
 52390	52	50	47	103	108	82	0	255
 52435	52	50	47	103	108	80	0	255
 52480	51	50	47	103	108	80	0	255
 52526	51	50	47	103	108	79	0	255
 52571	51	49	47	103	108	79	0	255
 52617	50	49	47	103	108	79	0	255
 52662	50	49	47	103	108	79	0	255
 52707	49	49	47	103	108	76	0	255
 52753	49	48	47	103	108	76	0	255
 52798	49	48	47	103	108	76	0	255
 52844	48	48	47	103	108	76	0	255
 52889	48	47	47	103	108	75	0	255
 52934	48	47	47	103	108	75	0	255
 52979	47	47	47	103	108	74	0	255
 53025	47	46	47	103	108	72	0	255
 53070	47	46	47	103	108	74	0	255
 53115	46	46	47	103	108	74	0	255
 53161	46	45	47	103	108	74	0	255
 53206	46	45	47	103	108	74	0	255
 53251	45	45	47	103	108	72	0	255
 53297	45	45	47	103	108	74	0	255
 53342	45	44	47	103	108	74	0	255
 53388	45	44	47	103	108	74	0	255
 53433	44	44	47	103	108	74	0	255
 53478	44	44	47	103	108	75	0	255
 53524	44	44	47	103	108	75	0	255
 53570	44	43	47	103	108	76	0	255
 53614	43	43	47	103	108	76	0	255
 53660	43	43	47	103	108	76	0	255
 53705	43	43	47	103	108	78	0	255
 53750	43	43	47	103	108	79	0	255
 53796	43	43	47	103	108	80	0	255
 53841	42	43	47	103	108	82	0	255
 53886	42	43	47	103	108	82	0	255
 53932	42	43	47	103	108	83	0	255
 53977	42	42	47	103	108	82	0	255
 54022	42	42	47	103	108	83	0	255
 54068	41	42	47	103	108	82	0	255
 54113	41	42	47	103	108	84	0	255
 54158	41	42	47	103	108	84	0	255
 54204	41	42	47	103	108	84	0	255
 54249	41	41	47	103	108	84	0	255
 54295	41	41	47	103	108	85	0	255
 54340	40	41	47	103	108	84	0	255
 54385	40	41	47	103	108	84	0	255
 54431	40	41	47	103	108	85	0	255
 54476	40	41	47	103	108	84	0	255
 54521	40	40	47	103	108	84	0	255
 54567	40	40	47	103	108	84	0	255
 54612	39	40	47	103	108	85	0	255
 54657	39	40	47	103	108	85	0	255
 54703	39	40	47	103	108	84	0	255
 54748	39	40	47	103	108	84	0	255
 54793	39	39	47	103	108	85	0	255
 54839	39	39	47	103	108	85	0	255
 54884	39	39	47	103	108	85	0	255
 54929	39	39	47	103	108	84	0	255
 54975	38	39	47	103	108	85	0	255
 55020	38	39	47	103	108	84	0	255
 55066	38	39	47	103	108	84	0	255
 55111	38	38	47	103	108	84	0	255
 55156	38	38	47	103	108	84	0	255
 55202	38	38	47	103	108	84	0	255
 55247	38	38	47	103	108	84	0	255
 55292	38	38	47	103	108	84	0	255
 55338	38	38	47	103	108	83	0	255
 55383	37	38	47	103	108	84	0	255
 55428	37	38	47	103	108	83	0	255
 55474	37	37	47	103	108	84	0	255
 55519	37	37	47	103	108	83	0	255
 55565	37	37	47	103	108	83	0	255
 55610	37	37	47	103	108	83	0	255
 55655	37	37	47	103	108	83	0	255
 55700	37	37	47	103	108	83	0	255
 55746	37	37	47	103	108	82	0	255
 55791	37	37	47	103	108	83	0	255
 55837	37	37	47	103	108	83	0	255
 55882	37	37	47	103	108	83	0	255
 55927	36	36	47	103	108	83	0	255
 55973	36	36	47	103	108	83	0	255
 56018	36	36	47	103	108	83	0	255
 56063	36	36	47	103	108	83	0	255
 56109	36	36	47	103	108	83	0	255
 56156	36	36	47	103	108	83	0	255
 56199	36	36	47	103	108	82	0	255
 56245	36	36	47	103	108	83	0	255
 56290	36	36	47	103	108	80	0	255
 56335	36	36	47	103	108	82	0	255
 56381	36	36	47	103	108	82	0	255
 56426	36	36	47	103	108	80	0	255
 56471	36	36	47	103	108	80	0	255
 56517	36	35	47	103	108	80	0	255
 56562	36	35	47	103	108	80	0	255
 56608	35	35	47	103	108	79	0	255
 56653	35	35	47	103	108	79	0	255
 56698	35	35	47	103	108	79	0	255
 56744	35	35	47	103	108	78	0	255
 56789	35	35	47	103	108	78	0	255
 56834	35	35	47	103	108	78	0	255
 56880	35	35	47	103	108	76	0	255
 56925	35	35	47	103	108	75	0	255
 56970	35	35	47	103	108	75	0	255
 57016	35	35	47	103	108	75	0	255
 57061	35	35	47	103	108	74	0	255
 57106	35	35	47	103	108	74	0	255
 57152	35	34	47	103	108	72	0	255
 57197	35	34	47	103	108	72	0	255
 57242	35	34	47	103	108	71	0	255
 57288	35	34	47	103	108	71	0	255
 57333	35	34	47	103	108	71	0	255
 57378	35	34	47	103	108	70	0	255
 57424	35	34	47	103	108	71	0	255
 57469	35	34	47	103	108	70	0	255
 57515	34	34	47	103	108	70	0	255
 57560	34	34	47	103	108	68	0	255
 57605	34	34	47	103	108	67	0	255
 57651	34	34	47	103	108	68	0	255
 57696	34	34	47	103	108	67	0	255
 57741	34	34	47	103	108	66	0	255
 57787	34	34	47	103	108	66	0	255
 57832	34	34	47	103	108	66	0	255
 57877	34	34	47	103	108	66	0	255
 57923	34	34	47	102	108	65	0	255
 57968	34	34	47	103	108	66	0	255
 58013	34	34	47	102	108	65	0	255
 58059	34	34	47	103	108	65	0	255
 58104	34	34	47	102	108	64	0	255
 58149	34	34	47	102	108	64	0	255
 58195	34	34	47	103	108	64	0	255
 58240	34	34	47	103	108	62	0	255
 58285	34	34	47	102	108	64	0	255
 58331	34	34	47	102	108	61	0	255
 58376	34	34	47	102	108	62	0	255
 58422	34	34	47	102	108	62	0	255
 58467	34	33	47	102	108	61	0	255
 58512	34	33	47	102	108	61	0	255
 58558	34	33	47	102	108	61	0	255
 58603	34	33	47	102	108	61	0	255
 58648	34	33	47	102	108	61	0	255
 58694	34	33	47	102	108	60	0	255
 58739	34	33	47	102	108	58	0	255
 58784	34	33	47	102	108	58	0	255
 58830	34	33	47	102	108	58	0	255
 58875	34	33	47	102	108	58	0	255
 58920	34	33	47	102	108	58	0	255
 58966	34	33	47	102	108	57	0	255
 59011	33	33	47	102	108	57	0	255
 59056	33	33	47	102	107	57	0	255
 59102	33	33	47	102	107	57	0	255
 59147	33	33	47	102	108	56	0	255
 59193	33	33	47	102	107	54	0	255
 59238	33	33	47	102	107	54	0	255
 59283	33	33	47	102	107	54	0	255
 59329	33	33	47	102	107	54	0	255
 59374	33	33	47	102	107	53	0	255
 59419	33	33	47	102	107	52	0	255
 59465	33	33	47	102	107	52	0	255
 59510	33	33	47	102	107	52	0	255
 59555	33	33	47	102	107	52	0	255
 59601	33	33	47	102	107	52	0	255
 59646	33	33	47	102	107	51	0	255
 59691	33	33	47	102	107	51	0	255
 59737	33	33	47	102	107	51	0	255
 59782	33	33	47	102	107	50	0	255
 59827	33	33	47	102	107	50	0	255
 59873	33	33	47	102	107	48	0	255
 59918	33	33	47	102	107	50	0	255
 59963	33	33	47	102	107	48	0	255
 60009	33	33	47	102	107	48	0	255
 60054	33	33	47	102	107	48	0	255
 60100	33	33	47	102	107	48	0	255
 60145	33	33	47	102	107	47	0	255
 60190	33	33	47	102	107	47	0	255
 60236	33	33	47	102	107	47	0	255
 60281	33	33	47	102	107	47	0	255
 60326	33	33	47	102	107	46	0	255
 60372	33	33	47	102	107	46	0	255
 60417	33	33	47	102	107	46	0	255
 60462	33	33	47	102	107	46	0	255
 60508	33	33	47	102	107	46	0	255
 60553	33	33	47	102	107	46	0	255
 60599	33	33	47	102	107	46	0	255
 60644	33	33	47	102	107	46	0	255
 60689	33	33	47	102	107	45	0	255
 60735	33	33	47	102	107	45	0	255
 60780	33	33	47	102	107	45	0	255
 60825	33	33	47	102	107	45	0	255
 60871	33	33	47	102	107	44	0	255
 60916	33	33	47	102	107	44	0	255
 60961	33	33	47	102	107	44	0	255
 61007	33	33	47	102	107	44	0	255
 61052	33	33	47	102	107	42	0	255
 61097	33	33	47	102	107	42	0	255
 61143	33	33	47	102	107	42	0	255
 61188	33	33	47	102	107	42	0	255
 61233	33	33	47	102	107	42	0	255
 61279	33	33	47	102	107	42	0	255
 61324	33	33	47	102	107	41	0	255
 61369	33	33	47	102	107	41	0	255
 61415	33	33	47	102	107	41	0	255
 61460	33	33	47	102	107	41	0	255
 61505	33	33	47	102	107	40	0	255
 61551	33	33	47	102	107	41	0	255
 61596	33	33	47	102	107	40	0	255
 61642	33	33	47	102	107	38	0	255
 61687	33	33	47	102	107	38	0	255
 61732	33	32	47	102	107	38	0	255
 61778	33	33	47	102	107	38	0	255
 61823	33	32	47	102	107	38	0	255
 61868	33	33	47	102	107	37	0	255
 61914	33	32	47	102	107	38	0	255
 61959	33	32	47	102	107	37	0	255
 62004	33	32	47	102	107	37	0	255
 62050	33	32	47	102	107	36	0	255
 62095	33	32	47	102	107	36	0	255
 62140	33	32	47	102	107	36	0	255
 62186	33	32	47	102	107	36	0	255
 62231	33	32	47	102	107	35	0	255
 62276	33	32	47	102	107	35	0	255
 62322	33	32	47	102	107	36	0	255
 62367	33	32	47	102	107	35	0	255
 62412	33	32	47	102	107	35	0	255
 62458	33	32	47	102	107	35	0	255
 62503	33	32	47	102	107	34	0	255
 62549	33	32	47	102	107	34	0	255
 62594	33	32	47	102	107	32	0	255
 62639	33	32	47	102	107	35	0	255
 62685	33	32	47	102	107	32	0	255
 62730	33	32	47	102	107	34	0	255
 62775	33	32	47	102	107	32	0	255
 62821	32	32	47	102	107	32	0	255
 62866	32	32	47	102	107	32	0	255
 62911	33	32	47	102	107	32	0	255
 62957	33	32	47	102	107	32	0	255
 63002	33	32	47	102	107	32	0	255
 63047	33	32	47	102	107	31	0	255
 63093	32	32	47	102	107	30	0	255
 63138	32	32	47	102	107	31	0	255
 63183	32	32	47	102	107	31	0	255
 63229	32	32	47	102	107	30	0	255
 63274	32	32	47	102	107	30	0	255
 63320	32	32	47	102	107	30	0	255
 63366	33	32	47	102	107	30	0	255
 63410	32	32	47	102	107	29	0	255
 63456	32	32	47	102	107	29	0	255
 63501	32	32	47	102	107	29	0	255
 63546	32	32	47	102	107	29	0	255
 63592	32	32	47	102	107	29	0	255
 63637	32	32	47	102	107	28	0	255
 63686	32	32	47	102	107	28	0	255
 63728	32	32	47	102	107	28	0	255
 63773	32	32	47	102	107	28	0	255
 63818	32	32	47	102	107	28	0	255
 63864	32	32	47	102	107	26	0	255
 63909	32	32	47	102	107	26	0	255
 63954	32	32	47	102	107	25	0	255
 64000	32	32	47	102	107	26	0	255
 64045	32	32	47	102	107	25	0	255
 64091	32	32	47	102	107	25	0	255
 64136	32	32	47	102	107	25	0	255
 64181	32	32	47	102	107	24	0	255
 64227	32	32	47	102	107	24	0	255
 64272	32	32	47	102	107	24	0	255
 64317	32	32	47	102	107	24	0	255
 64363	32	32	47	102	107	24	0	255
 64408	32	32	47	102	107	24	0	255
 64453	32	32	47	102	107	24	0	255
 64499	32	32	47	102	107	23	0	255
 64544	32	32	46	102	107	23	0	255
 64589	32	32	46	102	107	23	0	255
 64635	32	32	47	102	107	23	0	255
 64680	32	32	47	102	107	23	0	255
 64725	32	32	47	102	107	23	0	255
 64771	32	32	47	102	107	22	0	255
 64816	32	32	46	102	107	23	0	255
 64862	32	32	46	102	107	20	0	255
 64907	32	32	46	102	107	20	0	255
 64952	32	32	46	102	107	20	0	255
 64998	32	32	46	102	107	20	0	255
 65043	32	32	46	102	107	20	0	255
 65088	32	32	47	102	107	20	0	255
 65134	32	32	47	102	107	20	0	255
 65179	32	32	46	102	107	20	0	255
 65224	32	32	47	102	107	19	0	255
 65270	32	32	47	102	107	19	0	255
 65315	32	32	47	102	107	19	0	255
 65360	32	32	47	102	107	19	0	255
 65406	32	32	46	102	107	19	0	255
 65451	32	32	46	102	107	19	0	255
 65496	32	32	46	102	107	18	0	255
 65542	32	32	46	102	107	19	0	255
 65587	32	32	46	102	107	18	0	255
 65632	32	32	46	102	107	19	0	255
 65678	32	32	46	102	107	18	0	255
 65723	32	32	46	102	107	18	0	255
 65769	32	32	46	102	107	18	0	255
 65814	32	32	46	102	107	18	0	255
 65859	32	32	47	102	107	18	0	255
 65905	32	32	46	102	107	18	0	255
 65950	32	32	46	102	107	17	0	255
 65995	32	32	46	102	107	18	0	255
 66041	32	32	46	102	107	17	0	255
 66086	32	32	46	102	107	17	0	255
 66131	32	32	46	102	107	17	0	255
 66177	32	32	46	102	107	17	0	255
 66222	32	32	46	102	107	17	0	255
 66267	32	32	46	102	107	17	0	255
 66313	32	32	46	102	107	17	0	255
 66358	32	32	46	102	107	17	0	255
 66403	32	32	46	102	107	16	0	255
 66450	32	32	46	102	107	17	0	255
 66494	32	32	46	102	107	17	0	255
 66539	32	32	46	102	107	17	0	255
 66585	32	32	46	102	107	16	0	255
 66630	32	32	46	101	107	16	0	255
 66676	32	32	46	101	107	17	0	255
 66721	32	32	46	101	107	16	0	255
 66766	32	32	46	102	107	16	0	255
 66812	32	32	46	102	107	16	0	255
 66857	32	32	46	101	107	16	0	255
 66902	32	32	46	102	107	16	0	255
 66948	32	32	46	101	106	14	0	255
 66993	32	32	46	101	106	14	0	255
 67038	32	32	46	101	106	16	0	255
 67084	32	32	46	101	106	14	0	255
 67129	32	32	46	101	106	16	0	255
 67174	32	32	46	101	106	14	0	255
 67220	32	32	46	101	107	14	0	255
 67265	32	32	46	101	106	14	0	255
 67310	32	32	46	101	106	14	0	255
 67356	32	32	46	101	106	14	0	255
 67401	32	32	46	101	106	14	0	255
 67447	32	32	46	101	106	13	0	255
 67492	32	32	46	101	106	13	0	255
 67537	32	32	46	101	106	13	0	255
 67583	32	32	46	101	106	14	0	255
 67628	32	32	46	101	106	13	0	255
 67673	32	32	46	101	106	13	0	255
 67719	32	32	46	101	106	13	0	255
 67764	32	32	46	101	106	13	0	255
 67809	32	32	46	101	106	13	0	255
 67855	32	32	46	101	106	13	0	255
 67900	32	32	46	101	106	12	0	255
 67946	32	32	46	101	106	13	0	255
 67991	32	32	46	101	106	13	0	255
 68036	32	32	46	101	106	13	0	255
 68081	32	32	46	101	106	12	0	255
 68127	32	32	46	101	106	12	0	255
 68172	32	32	46	101	106	12	0	255
 68217	32	32	46	101	106	13	0	255
 68263	32	32	46	101	106	12	0	255
 68308	32	32	46	101	106	13	0	255
 68354	32	32	46	101	106	12	0	255
 68399	32	32	46	101	106	12	0	255
 68444	32	32	46	101	106	13	0	255
 68490	32	32	46	101	106	12	0	255
 68535	32	32	46	101	106	12	0	255
 68580	32	32	46	101	106	11	0	255
 68626	32	32	46	101	106	12	0	255
 68671	32	32	46	101	106	12	0	255
 68716	32	32	46	101	106	12	0	255
 68762	32	32	46	101	106	11	0	255
 68807	32	32	46	101	106	12	0	255
 68852	32	32	46	101	106	12	0	255
 68898	32	32	46	101	106	12	0	255
 68943	32	32	46	101	106	11	0	255
 68988	32	32	46	101	106	12	0	255
 69034	32	32	46	101	106	11	0	255
 69079	32	32	46	101	106	12	0	255
 69125	32	32	46	101	106	11	0	255
 69170	32	32	46	101	106	11	0	255
 69215	32	32	46	101	106	11	0	255
 69261	32	32	46	101	106	10	0	255
 69306	32	32	46	101	106	12	0	255
 69351	32	32	46	101	106	11	0	255
 69397	32	32	46	101	106	11	0	255
 69442	32	32	46	101	106	11	0	255
 69487	32	32	46	101	106	11	0	255
 69533	32	32	46	101	106	11	0	255
 69578	32	32	46	101	106	11	0	255
 69623	32	32	46	101	106	11	0	255
 69669	32	32	46	101	106	11	0	255
 69714	32	32	46	101	106	12	0	255
 69759	32	32	46	101	106	11	0	255
 69805	32	32	46	101	106	11	0	255
 69850	32	32	46	101	106	11	0	255
 69896	32	32	46	101	106	10	0	255
 69941	32	32	46	101	106	10	0	255
 69986	32	32	46	101	106	11	0	255
 70032	32	32	46	101	106	10	0	255
 70077	32	32	46	101	106	11	0	255
 70122	32	32	46	101	106	12	0	255
 70168	32	32	46	101	106	11	0	255
 70213	32	32	46	101	106	11	0	255
 70258	32	32	46	101	106	10	0	255
 70304	32	32	46	101	106	12	0	255
 70349	32	32	46	101	106	11	0	255
 70394	32	32	46	101	106	11	0	255
 70440	32	32	46	101	106	11	0	255
 70485	32	32	46	101	106	12	0	255
 70530	32	32	46	101	106	11	0	255
 70576	32	32	46	101	106	11	0	255
 70621	32	32	46	101	106	11	0	255
 70666	32	32	46	101	106	12	0	255
 70712	32	32	46	101	106	11	0	255
 70757	32	32	46	101	106	11	0	255
 70803	32	32	46	101	106	12	0	255
 70848	32	32	46	101	106	10	0	255
 70893	32	32	46	101	106	10	0	255
 70939	32	32	46	101	106	11	0	255
 70984	32	32	46	101	106	12	0	255
 71029	32	32	46	101	106	12	0	255
 71075	32	32	46	101	106	11	0	255
 71120	32	32	46	101	106	11	0	255
 71165	32	32	46	101	106	10	0	255
 71211	32	32	46	101	106	12	0	255
 71256	32	32	46	101	106	11	0	255
 71301	32	32	46	101	106	10	0	255
 71347	32	32	46	101	106	11	0	255
 71392	32	32	46	101	106	12	0	255
 71437	32	32	46	101	106	11	0	255
 71483	32	32	46	101	106	12	0	255
 71528	32	32	46	101	106	11	0	255
 71574	32	32	46	101	106	11	0	255
 71619	32	32	46	101	106	11	0	255
 71664	32	32	46	101	106	11	0	255
 71710	32	32	46	101	106	11	0	255
 71755	32	32	46	101	106	11	0	255
 71800	32	32	46	101	106	12	0	255
 71846	32	32	46	101	106	11	0	255
 71891	32	32	46	101	106	11	0	255
 71936	32	32	46	101	106	12	0	255
 71985	32	32	46	101	106	11	0	255
 72027	32	32	46	101	106	11	0	255
 72072	32	32	46	101	106	11	0	255
 72118	32	32	46	101	106	12	0	255
 72163	32	32	46	101	106	11	0	255
 72208	32	32	46	101	106	11	0	255
 72255	32	32	46	101	106	12	0	255
 72299	32	32	46	101	106	11	0	255
 72344	32	32	46	101	106	12	0	255
 72390	32	32	46	101	106	13	0	255
 72435	32	32	46	101	106	12	0	255
 72481	32	32	46	101	106	13	0	255
 72526	32	32	46	101	106	12	0	255
 72571	32	32	46	101	106	12	0	255
 72617	32	32	46	101	106	13	0	255
 72662	32	32	46	101	106	12	0	255
 72707	32	32	46	101	106	12	0	255
 72753	32	32	46	101	106	12	0	255
 72798	32	32	46	101	106	11	0	255
 72843	32	32	46	101	106	12	0	255
 72889	32	32	46	101	106	12	0	255
 72934	32	32	46	101	106	11	0	255
 72979	32	32	46	101	106	13	0	255
 73025	32	32	46	101	106	12	0	255
 73070	32	32	46	101	106	12	0	255
 73115	32	32	46	101	106	13	0	255
 73161	32	32	46	101	106	12	0	255
 73206	32	32	46	101	106	11	0	255
 73252	32	32	46	101	106	13	0	255
 73297	32	32	46	101	106	12	0	255
 73342	32	32	46	101	106	13	0	255
 73388	32	32	46	101	106	12	0	255
 73433	32	32	46	101	106	12	0	255
 73478	32	32	46	101	106	12	0	255
 73524	32	32	46	101	106	12	0	255
 73569	32	32	46	101	106	12	0	255
 73615	32	32	46	101	106	12	0	255
 73660	32	32	46	101	106	12	0	255
 73705	32	32	46	101	106	12	0	255
 73750	32	32	46	101	106	12	0	255
 73796	32	32	46	101	106	12	0	255
 73841	32	32	46	101	106	12	0	255
 73886	32	32	46	101	106	12	0	255
 73932	32	32	46	101	106	12	0	255
 73977	32	32	46	101	106	12	0	255
 74022	32	32	46	101	106	11	0	255
 74068	32	32	46	101	106	12	0	255
 74113	32	32	46	101	106	13	0	255
 74159	32	32	46	101	106	13	0	255
 74204	32	32	46	101	106	11	0	255
 74249	32	32	46	101	106	12	0	255
 74295	32	32	46	101	106	13	0	255
 74340	32	32	46	101	106	11	0	255
 74385	32	32	46	101	106	12	0	255
 74431	32	32	46	101	106	12	0	255
 74476	32	32	46	101	106	13	0	255
 74521	32	32	46	101	106	12	0	255
 74567	32	32	46	101	106	12	0	255
 74612	32	32	46	101	106	12	0	255
 74657	32	32	46	101	106	12	0	255
 74703	32	32	46	101	106	13	0	255
 74748	32	32	46	101	106	13	0	255
 74793	32	32	46	101	106	13	0	255
 74839	32	32	46	101	106	12	0	255
 74884	32	32	46	101	106	13	0	255
 74930	32	32	46	101	106	12	0	255
 74975	32	32	46	101	106	12	0	255
 75020	32	32	46	101	105	13	0	255
 75066	32	32	46	101	105	12	0	255
 75111	32	32	46	101	105	12	0	255
 75156	32	32	46	101	105	13	0	255
 75202	32	32	46	101	105	12	0	255
 75247	32	32	46	101	106	13	0	255
 75292	32	32	46	101	105	13	0	255
 75338	32	32	46	101	105	12	0	255
 75383	32	32	46	101	105	13	0	255
 75428	32	32	46	100	105	13	0	255
 75474	32	32	46	101	105	13	0	255
 75523	32	32	46	101	105	13	0	255
 75564	32	32	46	101	105	12	0	255
 75610	32	32	46	101	105	13	0	255
 75655	32	32	46	100	105	12	0	255
 75701	32	32	46	100	105	12	0	255
 75746	32	32	46	100	105	13	0	255
 75791	32	32	46	100	105	13	0	255
 75837	32	32	46	100	105	13	0	255
 75882	32	32	46	100	105	12	0	255
 75927	32	32	46	100	105	13	0	255
 75973	32	32	46	100	105	13	0	255
 76018	32	32	46	100	105	12	0	255
 76063	32	32	46	100	105	13	0	255
 76109	32	32	46	100	105	13	0	255
 76155	32	32	46	100	105	12	0	255
 76199	32	32	46	100	105	12	0	255
 76245	32	32	46	100	105	13	0	255
 76290	32	32	46	100	105	11	0	255
 76336	32	32	46	100	105	12	0	255
 76381	32	32	46	100	105	13	0	255
 76426	32	32	46	100	105	11	0	255
 76472	32	32	46	100	105	12	0	255
 76517	32	32	46	100	105	12	0	255
 76562	32	32	46	100	105	12	0	255
 76608	32	32	46	100	105	12	0	255
 76653	32	32	46	100	105	12	0	255
 76698	32	32	46	100	105	12	0	255
 76744	32	32	46	100	105	13	0	255
 76789	32	32	46	100	105	12	0	255
 76834	32	32	46	100	105	12	0	255
 76880	32	32	46	100	105	11	0	255
 76925	32	32	46	100	105	12	0	255
 76970	32	32	46	100	105	13	0	255
 77016	32	32	46	100	105	12	0	255
 77061	32	32	46	100	105	13	0	255
 77106	32	32	46	100	105	12	0	255
 77152	32	32	46	100	105	13	0	255
 77198	32	32	46	100	105	12	0	255
 77242	32	32	46	100	105	13	0	255
 77288	32	32	46	100	105	12	0	255
 77333	32	32	46	100	105	12	0	255
 77378	32	32	46	100	105	12	0	255
 77424	32	32	46	100	105	12	0	255
 77469	32	32	46	100	105	11	0	255
 77515	32	32	46	100	105	11	0	255
 77560	32	32	46	100	105	12	0	255
 77605	32	32	46	100	105	11	0	255
 77651	32	32	46	100	105	11	0	255
 77696	32	32	46	100	105	12	0	255
 77741	32	32	46	100	105	11	0	255
 77787	32	32	46	100	105	12	0	255
 77832	32	32	46	100	105	12	0	255
 77877	32	32	46	100	105	11	0	255
 77923	32	32	46	100	105	11	0	255
 77968	32	32	46	100	105	11	0	255
 78013	32	32	46	100	105	12	0	255
 78059	32	32	46	100	105	12	0	255
 78104	32	32	46	100	105	12	0	255
 78149	32	32	46	100	105	10	0	255
 78195	32	32	46	100	105	12	0	255
 78240	32	32	46	100	105	11	0	255
 78285	32	32	46	100	105	11	0	255
 78331	32	32	46	100	105	11	0	255
 78376	32	32	46	100	105	11	0	255
 78422	32	32	46	100	105	11	0	255
 78467	32	32	46	100	105	11	0	255
 78512	32	32	46	100	105	10	0	255
 78558	32	32	46	100	105	11	0	255
 78603	32	32	46	100	105	11	0	255
 78648	32	32	46	100	105	11	0	255
 78694	32	32	46	100	105	11	0	255
 78739	32	32	46	100	105	11	0	255
 78784	32	32	46	100	105	11	0	255
 78830	32	32	46	100	105	10	0	255
 78875	32	32	46	100	105	11	0	255
 78920	32	32	46	100	105	11	0	255
 78966	32	32	46	100	105	12	0	255
 79011	32	32	46	100	105	11	0	255
 79056	32	32	46	100	105	10	0	255
 79102	32	32	46	100	105	11	0	255
 79147	32	32	46	100	105	10	0	255
 79192	32	32	46	100	105	11	0	255
 79238	32	32	46	100	105	10	0	255
 79283	32	32	46	100	105	11	0	255
 79329	32	32	46	100	105	11	0	255
 79374	32	32	46	100	105	11	0	255
 79419	32	32	46	100	105	11	0	255
 79465	32	32	46	100	105	11	0	255
 79510	32	32	46	100	105	11	0	255
 79555	32	32	46	100	105	11	0	255
 79601	32	32	46	100	105	11	0	255
 79646	32	32	46	100	105	12	0	255
 79691	32	32	46	100	105	11	0	255
 79737	32	32	46	100	105	10	0	255
 79782	32	32	46	100	105	11	0	255
 79827	32	32	46	100	105	11	0	255
 79873	32	32	46	100	105	11	0	255
 79918	32	32	46	100	105	11	0	255
 79963	32	32	46	100	105	11	0	255
 80009	32	32	46	100	105	10	0	255
 80054	32	32	46	100	105	12	0	255
 80099	32	32	46	100	105	10	0	255
 80145	32	32	46	100	105	12	0	255
 80190	32	32	46	100	105	11	0	255
 80236	32	32	46	100	105	12	0	255
 80281	32	32	46	100	105	11	0	255
 80326	32	32	46	100	105	11	0	255
 80372	32	32	46	100	105	11	0	255
 80417	32	32	46	100	105	11	0	255
 80462	32	32	46	100	105	11	0	255
 80508	32	32	46	100	105	12	0	255
 80553	32	32	46	100	105	12	0	255
 80598	32	32	46	100	105	11	0	255
 80644	32	32	46	100	105	12	0	255
 80691	32	32	46	100	105	11	0	255
 80734	32	32	46	100	105	12	0	255
 80780	32	32	46	100	105	12	0	255
 80825	32	32	46	100	105	11	0	255
 80870	32	32	46	100	105	13	0	255
 80916	32	32	46	100	105	12	0	255
 80961	32	32	46	100	105	11	0	255
 81006	32	32	46	100	105	12	0	255
 81052	32	32	46	100	105	12	0	255
 81097	32	32	46	100	105	12	0	255
 81143	32	32	46	100	105	13	0	255
 81188	32	32	46	100	105	12	0	255
 81233	32	32	46	100	105	12	0	255
 81279	32	32	46	100	105	12	0	255
 81324	32	32	46	100	105	12	0	255
 81369	32	32	46	100	105	13	0	255
 81415	32	32	46	100	105	12	0	255
 81460	32	32	46	100	105	12	0	255
 81505	32	32	46	100	105	13	0	255
 81551	32	32	46	100	105	13	0	255
 81596	32	32	46	100	105	13	0	255
 81641	32	32	46	100	105	12	0	255
 81687	32	32	46	100	105	13	0	255
 81732	32	32	46	100	105	13	0	255
 81777	32	32	46	100	105	13	0	255
 81823	32	32	46	100	105	12	0	255
 81868	32	32	46	100	105	13	0	255
 81917	32	32	46	100	105	13	0	255
 81959	32	32	46	100	105	13	0	255
 82004	32	32	46	100	105	14	0	255
 82049	32	32	46	100	105	13	0	255
 82095	32	32	46	100	105	13	0	255
 82140	32	32	46	100	105	13	0	255
 82186	32	32	46	100	105	13	0	255
 82231	32	32	46	100	105	13	0	255
 82276	32	32	46	100	105	13	0	255
 82322	32	32	46	100	105	13	0	255
 82367	32	32	46	100	105	14	0	255
 82412	32	32	46	100	105	13	0	255
 82458	32	32	46	100	105	14	0	255
 82503	32	32	46	100	105	13	0	255
 82548	32	32	46	100	105	13	0	255
 82595	32	32	46	100	105	13	0	255
 82639	32	32	46	100	105	14	0	255
 82684	32	32	46	100	105	13	0	255
 82730	32	32	46	100	105	14	0	255
 82775	32	32	46	100	105	14	0	255
 82820	32	32	46	100	105	14	0	255
 82866	32	32	46	100	105	13	0	255
 82911	32	32	46	100	105	14	0	255
 82957	32	32	46	100	105	14	0	255
 83002	32	32	46	100	104	14	0	255
 83047	32	32	46	100	105	14	0	255
 83093	32	32	46	100	105	14	0	255
 83138	32	32	46	100	104	13	0	255
 83183	32	32	46	100	105	13	0	255
 83229	32	32	46	100	104	14	0	255
 83274	32	32	46	100	104	14	0	255
 83319	32	32	46	100	104	14	0	255
 83365	32	32	46	100	104	13	0	255
 83410	32	32	46	100	104	13	0	255
 83455	32	32	46	100	104	14	0	255
 83501	32	32	46	100	104	14	0	255
 83546	32	32	46	100	104	13	0	255
 83591	32	32	46	100	104	14	0	255
 83637	32	32	46	100	104	12	0	255
 83682	32	32	46	100	104	13	0	255
 83727	32	32	46	100	104	13	0	255
 83773	32	32	46	100	104	14	0	255
 83818	32	32	46	100	104	14	0	255
 83863	32	32	46	100	104	16	0	255
 83909	32	32	46	100	104	14	0	255
 83954	32	32	46	100	104	14	0	255
 84000	32	32	46	100	104	14	0	255
 84045	32	32	46	100	104	13	0	255
 84090	32	32	46	100	104	13	0	255
 84136	32	32	46	100	104	13	0	255
 84181	32	32	46	100	104	13	0	255
 84226	32	32	46	100	104	14	0	255
 84272	32	32	46	100	104	13	0	255
 84317	32	32	46	100	104	14	0	255
 84362	32	32	46	100	104	13	0	255
 84408	32	32	46	100	104	14	0	255
 84453	32	32	46	100	104	13	0	255
 84498	32	32	46	99	104	14	0	255
 84544	32	32	46	99	104	14	0	255
 84589	32	32	46	99	104	13	0	255
 84634	32	32	46	99	104	13	0	255
 84680	32	32	46	99	104	14	0	255
 84725	32	32	46	99	104	13	0	255
 84771	32	32	46	99	104	14	0	255
 84816	32	32	46	99	104	14	0	255
 84861	32	32	46	99	104	14	0	255
 84907	32	32	46	99	104	14	0	255
 84952	32	32	46	99	104	14	0	255
 84997	32	32	46	99	104	14	0	255
 85043	32	32	46	99	104	14	0	255
 85088	32	32	46	99	104	16	0	255
 85133	32	32	46	99	104	14	0	255
 85179	32	32	46	99	104	13	0	255
 85224	32	32	46	99	104	13	0	255
 85269	32	32	46	99	104	14	0	255
 85315	32	32	46	99	104	14	0	255
 85360	32	32	46	99	104	14	0	255
 85405	32	32	46	99	104	14	0	255
 85451	32	32	46	99	104	14	0	255
 85496	32	32	46	99	104	16	0	255
 85541	32	32	46	99	104	14	0	255
 85587	32	32	46	99	104	14	0	255
 85632	32	32	46	99	104	14	0	255
 85677	32	32	46	99	104	16	0	255
 85723	32	32	46	99	104	14	0	255
 85768	32	32	46	99	104	16	0	255
 85814	32	32	46	99	104	14	0	255
 85859	32	32	46	99	104	14	0	255
 85904	32	32	46	99	104	14	0	255
 85950	32	32	46	99	104	14	0	255
 85995	32	32	46	99	104	14	0	255
 86040	32	32	46	99	104	13	0	255
 86086	32	32	46	99	104	14	0	255
 86131	32	32	46	99	104	14	0	255
 86176	32	32	46	99	104	13	0	255
 86222	32	32	46	99	104	14	0	255
 86267	32	32	46	99	104	16	0	255
 86312	32	32	46	99	104	14	0	255
 86358	32	32	46	99	104	14	0	255
