HomeCentral
 Falkenstrasse 20
 8630 Rueti
 Datum: 07.05.14 00:00
 
 Startzeit: 2014-05-07 00:00:33 +0100
 78	53	52	83	146	150	32	0	255
 124	53	52	83	146	150	31	0	255
 169	53	52	83	146	150	31	0	255
 214	53	52	83	146	150	34	0	255
 260	53	52	83	146	150	31	0	255
 305	53	52	83	146	150	31	0	255
 351	53	52	83	146	150	31	0	255
 396	53	52	83	146	150	31	0	255
 441	53	52	83	146	150	32	0	255
 487	53	52	83	146	150	31	0	255
 532	53	52	83	146	150	32	0	255
 577	53	52	83	146	150	32	0	255
 623	53	52	83	146	150	32	0	255
 668	53	52	83	146	150	31	0	255
 713	53	52	83	146	150	31	0	255
 759	53	52	83	146	150	31	0	255
 804	53	52	83	146	150	34	0	255
 849	53	52	83	146	150	31	0	255
 895	53	52	83	146	150	31	0	255
 940	53	52	83	146	150	31	0	255
 985	53	52	83	146	150	32	0	255
 1031	53	52	83	146	150	32	0	255
 1076	53	52	83	146	150	31	0	255
 1121	53	52	83	146	150	31	0	255
 1167	53	52	83	146	150	31	0	255
 1212	53	52	83	146	150	30	0	255
 1258	53	52	83	146	150	32	0	255
 1303	53	52	83	146	150	31	0	255
 1348	53	52	83	146	150	31	0	255
 1394	53	52	83	146	150	30	0	255
 1439	53	52	83	146	150	30	0	255
 1484	53	52	83	146	150	31	0	255
 1530	53	52	83	146	150	30	0	255
 1575	53	52	83	146	150	30	0	255
 1620	53	52	83	146	150	31	0	255
 1666	53	52	83	146	150	30	0	255
 1711	53	52	83	146	150	30	0	255
 1756	53	52	83	146	150	30	0	255
 1802	53	52	83	146	150	31	0	255
 1847	53	52	83	146	150	30	0	255
 1892	53	52	83	146	150	31	0	255
 1938	53	52	83	146	150	31	0	255
 1983	53	52	83	146	150	30	0	255
 2029	53	52	83	146	150	30	0	255
 2074	53	52	83	146	150	29	0	255
 2119	53	52	83	146	150	30	0	255
 2165	53	52	83	146	150	30	0	255
 2210	53	52	83	146	150	30	0	255
 2255	53	52	83	146	150	31	0	255
 2301	53	52	83	146	150	30	0	255
 2346	53	52	83	146	150	30	0	255
 2391	53	52	83	146	150	30	0	255
 2437	53	52	83	146	150	30	0	255
 2482	53	52	83	146	150	30	0	255
 2527	53	52	83	146	150	31	0	255
 2573	53	52	83	146	150	31	0	255
 2618	53	52	83	146	150	29	0	255
 2663	53	52	83	146	150	31	0	255
 2709	53	52	83	146	150	30	0	255
 2754	53	52	83	146	150	29	0	255
 2799	53	52	83	146	150	30	0	255
 2845	53	52	83	146	150	29	0	255
 2890	53	52	83	146	150	30	0	255
 2936	53	52	83	146	150	30	0	255
 2981	53	52	83	146	150	30	0	255
 3026	53	52	83	146	150	30	0	255
 3072	53	52	83	146	150	30	0	255
 3117	53	52	83	146	150	30	0	255
 3162	53	52	83	146	150	30	0	255
 3208	53	52	83	146	150	30	0	255
 3253	53	52	83	146	150	30	0	255
 3298	53	52	83	146	150	29	0	255
 3344	53	52	83	146	150	30	0	255
 3389	53	52	83	146	150	29	0	255
 3434	53	52	83	146	150	30	0	255
 3480	53	52	83	146	150	30	0	255
 3525	53	52	83	146	150	30	0	255
 3570	53	52	83	146	150	29	0	255
 3616	53	52	83	146	150	29	0	255
 3661	53	52	83	146	150	29	0	255
 3707	53	52	83	146	150	28	0	255
 3752	53	52	83	146	149	29	0	255
 3797	53	52	83	146	150	30	0	255
 3843	53	52	83	146	150	29	0	255
 3888	53	52	83	146	150	30	0	255
 3933	53	52	83	146	150	28	0	255
 3979	53	52	83	146	150	30	0	255
 4024	53	52	83	146	149	30	0	255
 4069	53	52	83	146	149	30	0	255
 4115	53	52	83	146	149	30	0	255
 4160	53	52	83	146	149	29	0	255
 4205	53	52	83	146	149	29	0	255
 4251	53	52	83	146	149	28	0	255
 4296	53	52	83	146	149	29	0	255
 4341	53	52	83	146	149	29	0	255
 4387	53	52	83	146	149	29	0	255
 4432	53	52	82	146	149	30	0	255
 4477	53	52	83	145	149	30	0	255
 4523	53	52	82	145	149	28	0	255
 4568	53	52	82	145	149	30	0	255
 4614	53	52	82	145	149	29	0	255
 4659	53	52	82	145	149	29	0	255
 4704	53	52	82	145	149	30	0	255
 4750	53	52	82	145	149	29	0	255
 4795	53	52	82	145	149	29	0	255
 4840	53	52	82	145	149	30	0	255
 4886	53	52	82	145	149	29	0	255
 4931	53	52	82	145	149	28	0	255
 4976	53	52	82	145	149	29	0	255
 5022	53	52	82	145	149	29	0	255
 5067	53	52	82	145	149	30	0	255
 5112	53	52	82	145	149	29	0	255
 5158	53	52	82	145	149	30	0	255
 5203	53	52	82	145	149	29	0	255
 5248	53	52	82	145	149	29	0	255
 5294	53	52	82	145	149	29	0	255
 5339	53	52	82	145	149	29	0	255
 5385	53	52	82	145	149	29	0	255
 5430	53	52	82	145	149	29	0	255
 5475	53	52	82	145	149	28	0	255
 5521	53	52	82	145	149	28	0	255
 5566	53	52	82	145	149	30	0	255
 5611	53	52	82	145	149	29	0	255
 5657	53	52	82	145	149	28	0	255
 5702	53	52	82	145	149	28	0	255
 5747	53	52	82	145	149	28	0	255
 5793	53	52	82	145	149	29	0	255
 5838	53	52	82	145	149	28	0	255
 5883	53	52	82	145	149	29	0	255
 5929	53	52	82	145	149	28	0	255
 5974	53	52	82	145	149	30	0	255
 6019	53	52	82	145	149	26	0	255
 6065	53	52	82	145	149	26	0	255
 6110	53	52	82	145	149	28	0	255
 6155	53	52	82	145	149	28	0	255
 6201	53	52	82	145	149	28	0	255
 6246	53	52	82	145	149	28	0	255
 6292	53	52	82	145	149	29	0	255
 6337	53	52	82	145	149	29	0	255
 6382	53	52	82	145	149	29	0	255
 6428	53	52	82	145	149	28	0	255
 6473	53	52	82	145	149	26	0	255
 6518	53	52	82	145	149	28	0	255
 6564	53	52	82	145	149	28	0	255
 6609	53	52	82	145	149	28	0	255
 6654	53	52	82	145	149	28	0	255
 6700	53	52	82	145	149	29	0	255
 6745	53	52	82	145	149	29	0	255
 6790	53	52	82	145	149	28	0	255
 6836	53	52	82	145	149	29	0	255
 6881	53	52	82	145	149	28	0	255
 6926	53	52	82	145	149	29	0	255
 6972	53	52	82	145	149	26	0	255
 7017	53	52	82	145	149	29	0	255
 7063	53	52	82	145	149	29	0	255
 7108	53	52	82	145	149	28	0	255
 7153	53	52	82	145	149	29	0	255
 7199	53	52	82	145	149	28	0	255
 7244	53	52	82	145	149	28	0	255
 7289	53	52	82	145	149	28	0	255
 7335	53	52	82	145	149	29	0	255
 7380	53	52	82	145	149	30	0	255
 7425	53	52	82	145	149	28	0	255
 7471	53	52	82	145	149	28	0	255
 7516	53	52	82	145	149	29	0	255
 7561	53	52	82	145	149	28	0	255
 7607	53	52	82	145	149	28	0	255
 7652	53	52	82	145	149	28	0	255
 7697	53	52	82	145	149	26	0	255
 7743	53	52	82	145	149	29	0	255
 7788	53	52	82	145	149	28	0	255
 7836	53	52	82	145	149	26	0	255
 7879	53	52	82	145	149	29	0	255
 7924	53	52	82	145	149	29	0	255
 7970	53	52	82	145	149	28	0	255
 8015	53	52	82	145	149	29	0	255
 8060	53	52	82	145	149	29	0	255
 8106	53	52	82	145	149	26	0	255
 8151	53	52	82	145	149	28	0	255
 8196	53	52	82	145	149	28	0	255
 8242	53	52	82	145	149	29	0	255
 8287	53	52	82	145	149	29	0	255
 8332	53	52	82	145	149	29	0	255
 8378	53	52	82	145	149	28	0	255
 8423	53	52	82	145	149	28	0	255
 8468	53	52	82	145	149	28	0	255
 8514	53	52	82	145	149	28	0	255
 8559	53	52	82	145	149	29	0	255
 8604	53	52	82	145	149	28	0	255
 8650	53	52	82	145	149	28	0	255
 8695	53	52	82	145	149	28	0	255
 8740	53	52	82	145	149	29	0	255
 8786	53	52	82	145	149	29	0	255
 8831	53	52	82	145	149	28	0	255
 8877	53	52	82	145	149	28	0	255
 8922	53	52	81	145	149	28	0	255
 8967	53	52	82	145	149	29	0	255
 9013	53	52	81	145	149	26	0	255
 9058	53	52	82	145	149	29	0	255
 9103	53	52	81	145	149	29	0	255
 9149	53	52	81	145	149	28	0	255
 9194	53	52	81	145	149	28	0	255
 9239	53	52	81	145	149	28	0	255
 9285	53	52	81	145	149	26	0	255
 9330	53	52	81	145	149	28	0	255
 9375	53	52	81	145	149	26	0	255
 9421	53	52	81	145	149	28	0	255
 9466	53	52	81	145	149	29	0	255
 9511	53	51	81	145	149	29	0	255
 9557	53	51	81	145	149	28	0	255
 9602	53	52	81	145	149	26	0	255
 9648	53	52	81	145	149	26	0	255
 9693	53	52	81	145	149	29	0	255
 9738	53	51	81	145	149	26	0	255
 9784	53	52	81	145	149	28	0	255
 9829	53	52	81	145	149	28	0	255
 9874	53	51	81	145	149	28	0	255
 9920	53	52	81	145	149	29	0	255
 9965	53	51	81	145	149	29	0	255
 10010	53	51	81	145	149	28	0	255
 10056	53	52	81	145	149	28	0	255
 10101	53	52	81	145	149	29	0	255
 10146	53	51	81	145	149	28	0	255
 10192	53	51	81	145	149	26	0	255
 10237	53	52	81	145	149	28	0	255
 10282	53	51	81	145	149	28	0	255
 10328	53	52	81	145	149	28	0	255
 10373	53	51	81	145	148	28	0	255
 10418	53	51	81	145	148	26	0	255
 10464	53	52	81	145	148	28	0	255
 10509	53	51	81	145	148	26	0	255
 10555	53	51	81	145	148	28	0	255
 10600	53	51	81	145	148	28	0	255
 10645	53	51	81	144	148	28	0	255
 10691	53	51	81	145	148	28	0	255
 10736	53	51	81	144	148	28	0	255
 10781	53	51	81	144	148	26	0	255
 10827	53	51	81	144	148	28	0	255
 10872	53	51	81	144	148	26	0	255
 10917	53	51	81	144	148	25	0	255
 10963	53	51	81	144	148	26	0	255
 11008	53	51	81	144	148	26	0	255
 11053	53	51	81	144	148	29	0	255
 11099	53	51	81	144	148	28	0	255
 11144	53	51	81	144	148	26	0	255
 11189	53	51	81	144	148	28	0	255
 11235	53	51	81	144	148	26	0	255
 11280	53	51	81	144	148	26	0	255
 11325	53	51	81	144	148	28	0	255
 11371	53	51	81	144	148	26	0	255
 11416	53	51	81	144	148	26	0	255
 11462	53	51	81	144	148	28	0	255
 11507	53	51	81	144	148	26	0	255
 11552	53	51	81	144	148	28	0	255
 11598	53	51	81	144	148	28	0	255
 11643	53	51	81	144	148	28	0	255
 11688	53	51	81	144	148	28	0	255
 11734	53	51	81	144	148	26	0	255
 11779	53	51	81	144	148	26	0	255
 11824	53	51	81	144	148	28	0	255
 11870	53	51	81	144	148	29	0	255
 11915	53	51	81	144	148	28	0	255
 11960	53	51	81	144	148	26	0	255
 12006	53	51	81	144	148	29	0	255
 12051	53	51	81	144	148	26	0	255
 12096	53	51	81	144	148	26	0	255
 12142	53	51	81	144	148	29	0	255
 12187	53	51	81	144	148	28	0	255
 12233	53	51	81	144	148	28	0	255
 12278	53	51	81	144	148	26	0	255
 12323	53	51	81	144	148	26	0	255
 12369	53	51	81	144	148	26	0	255
 12414	53	51	81	144	148	26	0	255
 12459	53	51	81	144	148	28	0	255
 12505	53	51	81	144	148	26	0	255
 12550	53	51	81	144	148	28	0	255
 12595	53	51	81	144	148	26	0	255
 12641	53	51	81	144	148	26	0	255
 12686	53	51	81	144	148	26	0	255
 12731	53	51	81	144	148	28	0	255
 12777	53	51	81	144	148	26	0	255
 12822	53	51	81	144	148	26	0	255
 12867	53	51	81	144	148	28	0	255
 12913	53	51	81	144	148	29	0	255
 12958	53	51	81	144	148	26	0	255
 13003	53	51	81	144	148	26	0	255
 13049	53	51	81	144	148	28	0	255
 13094	53	51	81	144	148	26	0	255
 13140	53	51	81	144	148	25	0	255
 13185	53	51	81	144	148	26	0	255
 13230	53	51	81	144	148	28	0	255
 13276	53	51	81	144	148	28	0	255
 13321	53	51	81	144	148	28	0	255
 13366	53	51	80	144	148	26	0	255
 13412	53	51	80	144	148	26	0	255
 13457	53	51	80	144	148	28	0	255
 13502	53	51	80	144	148	26	0	255
 13548	53	51	80	144	148	28	0	255
 13593	53	51	80	144	148	26	0	255
 13638	53	51	80	144	148	26	0	255
 13684	53	51	80	144	148	26	0	255
 13729	53	51	80	144	148	28	0	255
 13774	53	51	80	144	148	25	0	255
 13820	53	51	80	144	148	26	0	255
 13865	53	51	80	144	148	28	0	255
 13911	53	51	80	144	148	28	0	255
 13956	53	51	80	144	148	28	0	255
 14001	53	51	80	144	148	26	0	255
 14047	53	51	80	144	148	26	0	255
 14092	53	51	80	144	148	26	0	255
 14137	53	51	80	144	148	26	0	255
 14183	53	51	80	144	148	26	0	255
 14228	53	51	80	144	148	28	0	255
 14273	53	51	80	144	148	26	0	255
 14319	53	51	80	144	148	26	0	255
 14364	53	51	80	144	148	26	0	255
 14409	53	51	80	144	148	26	0	255
 14455	53	51	80	144	148	28	0	255
 14500	53	51	80	144	148	26	0	255
 14545	53	51	80	144	148	26	0	255
 14591	53	51	80	144	148	28	0	255
 14636	53	51	80	144	148	28	0	255
 14681	53	51	80	144	148	26	0	255
 14727	53	51	80	144	148	26	0	255
 14772	53	51	80	144	148	28	0	255
 14818	53	51	80	144	148	28	0	255
 14863	53	51	80	144	148	26	0	255
 14908	53	51	80	144	148	26	0	255
 14954	53	51	80	144	148	28	0	255
 14999	53	51	80	144	148	26	0	255
 15044	53	51	80	144	148	26	0	255
 15090	53	51	80	144	148	28	0	255
 15135	53	51	80	144	148	26	0	255
 15180	53	51	80	144	148	26	0	255
 15226	53	51	80	144	148	26	0	255
 15271	53	51	80	144	148	28	0	255
 15316	53	51	80	144	148	26	0	255
 15362	53	51	80	144	148	26	0	255
 15407	53	51	80	144	148	28	0	255
 15452	53	51	80	144	148	28	0	255
 15498	53	51	80	144	148	26	0	255
 15543	53	51	80	144	148	25	0	255
 15588	53	51	80	144	148	26	0	255
 15634	53	51	80	144	148	26	0	255
 15679	53	51	80	144	148	28	0	255
 15725	53	51	80	144	148	28	0	255
 15770	53	51	80	144	148	28	0	255
 15815	53	51	80	144	148	26	0	255
 15861	53	51	80	144	148	28	0	255
 15906	53	51	80	144	148	26	0	255
 15951	53	51	80	144	148	25	0	255
 15997	53	51	80	144	148	26	0	255
 16042	53	51	80	144	148	28	0	255
 16087	53	51	80	144	148	26	0	255
 16133	53	51	80	144	148	28	0	255
 16178	53	51	80	144	148	28	0	255
 16223	53	51	80	144	148	28	0	255
 16269	53	51	80	144	148	26	0	255
 16314	53	51	80	144	148	26	0	255
 16359	53	51	80	144	148	28	0	255
 16405	53	51	80	144	148	25	0	255
 16450	53	51	80	144	148	26	0	255
 16496	53	51	80	144	148	26	0	255
 16541	53	51	80	144	148	26	0	255
 16586	53	51	80	144	148	28	0	255
 16632	53	51	80	144	148	26	0	255
 16677	53	51	80	143	148	26	0	255
 16722	53	51	80	143	147	26	0	255
 16768	53	51	80	144	148	26	0	255
 16813	53	51	80	144	147	28	0	255
 16858	53	51	80	143	148	26	0	255
 16904	53	51	80	143	147	26	0	255
 16949	53	51	80	143	147	25	0	255
 16994	53	51	80	143	147	26	0	255
 17040	53	51	80	143	147	28	0	255
 17085	53	51	80	143	147	26	0	255
 17130	53	51	80	143	147	28	0	255
 17176	53	51	80	143	147	26	0	255
 17221	53	51	80	143	147	26	0	255
 17266	53	51	80	143	147	28	0	255
 17312	53	51	80	143	147	28	0	255
 17357	53	51	80	143	147	26	0	255
 17403	53	51	80	143	147	28	0	255
 17448	53	51	80	143	147	26	0	255
 17493	53	51	80	143	147	28	0	255
 17539	53	51	80	143	147	28	0	255
 17584	53	51	80	143	147	28	0	255
 17629	53	51	80	143	147	28	0	255
 17675	53	51	80	143	147	28	0	255
 17720	53	51	80	143	147	26	0	255
 17765	53	51	80	143	147	26	0	255
 17811	53	51	80	143	147	26	0	255
 17856	53	51	80	143	147	29	0	255
 17901	53	51	80	143	147	28	0	255
 17947	53	51	80	143	147	26	0	255
 17992	53	51	80	143	147	28	0	255
 18037	53	51	80	143	147	28	0	255
 18083	53	51	79	143	147	28	0	255
 18128	53	51	80	143	147	26	0	255
 18174	53	51	80	143	147	28	0	255
 18219	53	51	79	143	147	26	0	255
 18264	53	51	79	143	147	26	0	255
 18310	53	51	79	143	147	28	0	255
 18355	53	51	79	143	147	26	0	255
 18400	53	51	79	143	147	28	0	255
 18446	53	51	79	143	147	26	0	255
 18491	53	51	79	143	147	28	0	255
 18536	53	51	79	143	147	28	0	255
 18582	53	51	79	143	147	26	0	255
 18627	53	51	79	143	147	26	0	255
 18672	53	51	79	143	147	28	0	255
 18718	53	51	79	143	147	26	0	255
 18763	53	51	79	143	147	26	0	255
 18808	53	51	79	143	147	26	0	255
 18854	53	51	79	143	147	26	0	255
 18899	53	51	79	143	147	28	0	255
 18944	53	51	79	143	147	26	0	255
 18990	53	51	79	143	147	26	0	255
 19035	53	51	79	143	147	26	0	255
 19081	53	51	79	143	147	26	0	255
 19126	53	51	79	143	147	28	0	255
 19171	53	51	79	143	147	28	0	255
 19217	53	51	79	143	147	28	0	255
 19262	53	51	79	143	147	25	0	255
 19307	53	51	79	143	147	28	0	255
 19353	53	51	79	143	147	26	0	255
 19398	53	51	79	143	147	28	0	255
 19443	53	51	79	143	147	26	0	255
 19489	53	51	79	143	147	28	0	255
 19534	53	51	79	143	147	25	0	255
 19579	53	51	79	143	147	26	0	255
 19625	53	51	79	143	147	26	0	255
 19670	53	51	79	143	147	28	0	255
 19715	53	51	79	143	147	26	0	255
 19761	53	51	79	143	147	26	0	255
 19806	53	51	79	143	147	26	0	255
 19852	53	51	79	143	147	28	0	255
 19897	53	51	79	143	147	28	0	255
 19942	53	51	79	143	147	25	0	255
 19988	53	51	79	143	147	26	0	255
 20033	53	51	79	143	147	26	0	255
 20078	53	51	79	143	147	26	0	255
 20124	53	51	79	143	147	26	0	255
 20169	53	51	79	143	147	26	0	255
 20214	53	51	79	143	147	26	0	255
 20260	53	51	79	143	147	28	0	255
 20305	53	51	79	143	147	26	0	255
 20350	53	51	79	143	147	26	0	255
 20396	53	51	79	143	147	26	0	255
 20441	53	51	79	143	147	26	0	255
 20486	53	51	79	143	147	28	0	255
 20532	53	51	79	143	147	26	0	255
 20577	53	51	79	143	147	26	0	255
 20622	53	51	79	143	147	28	0	255
 20668	53	51	79	143	147	28	0	255
 20713	53	51	79	143	147	28	0	255
 20759	53	51	79	143	147	26	0	255
 20804	53	51	79	143	147	26	0	255
 20849	53	51	79	143	147	26	0	255
 20895	53	51	79	143	147	28	0	255
 20940	53	51	79	143	147	26	0	255
 20985	53	51	79	143	147	28	0	255
 21031	53	51	79	143	147	26	0	255
 21076	53	51	79	143	147	26	0	255
 21121	53	51	79	143	147	28	0	255
 21167	53	51	79	143	147	26	0	255
 21212	53	51	79	143	147	26	0	255
 21257	53	51	79	143	147	25	0	255
 21303	53	51	79	143	147	28	0	255
 21348	53	51	79	143	147	26	0	255
 21393	53	51	79	143	147	28	0	255
 21439	53	51	79	143	147	28	0	255
 21484	53	51	79	143	147	26	0	255
 21529	53	51	79	143	147	28	0	255
 21575	53	51	79	143	147	28	0	255
 21620	53	51	79	143	147	26	0	255
 21666	53	51	79	143	147	26	0	255
 21711	53	51	79	143	147	26	0	255
 21756	53	51	79	143	147	26	0	255
 21802	53	51	79	143	147	28	0	255
 21847	53	51	79	143	147	26	0	255
 21892	53	51	79	143	147	28	0	255
 21938	53	51	79	143	147	26	0	255
 21983	53	51	79	143	147	28	0	255
 22028	53	51	79	143	147	26	0	255
 22074	53	51	79	143	147	26	0	255
 22119	53	51	79	143	147	28	0	255
 22164	53	51	79	143	147	26	0	255
 22210	53	51	79	143	147	26	0	255
 22255	53	51	79	143	147	26	0	255
 22300	53	51	79	143	147	26	0	255
 22346	53	51	79	143	147	26	0	255
 22391	53	51	79	143	147	26	0	255
 22437	53	51	79	143	147	28	0	255
 22482	53	51	79	143	147	28	0	255
 22527	53	51	79	143	147	28	0	255
 22573	53	51	79	143	147	28	0	255
 22618	53	51	79	143	147	28	0	255
 22663	53	51	79	143	147	28	0	255
 22709	53	51	79	143	147	26	0	255
 22754	53	51	79	143	147	28	0	255
 22799	53	51	79	143	147	26	0	255
 22845	53	51	79	143	147	26	0	255
 22890	53	51	79	142	147	26	0	255
 22935	53	51	79	143	147	26	0	255
 22981	53	51	79	143	147	26	0	255
 23026	53	51	79	143	147	26	0	255
 23071	53	51	79	142	147	28	0	255
 23117	53	51	79	142	146	26	0	255
 23162	53	51	78	142	146	25	0	255
 23207	53	51	78	142	146	26	0	255
 23253	53	51	78	142	146	28	0	255
 23298	53	51	78	142	146	28	0	255
 23344	53	51	78	142	146	26	0	255
 23389	53	51	78	142	146	28	0	255
 23435	53	51	78	142	146	26	0	255
 23480	53	51	78	142	146	26	0	255
 23525	53	51	78	142	146	28	0	255
 23570	53	51	78	142	146	28	0	255
 23616	53	51	78	142	146	26	0	255
 23661	53	51	78	142	146	28	0	255
 23706	53	51	78	142	146	28	0	255
 23752	53	51	78	142	146	26	0	255
 23797	53	51	78	142	146	29	0	255
 23842	53	51	78	142	146	29	0	255
 23888	53	51	78	142	146	28	0	255
 23934	53	51	78	142	146	28	0	255
 23978	53	51	78	142	146	28	0	255
 24024	53	51	78	142	146	28	0	255
 24069	53	51	78	142	146	29	0	255
 24115	53	51	78	142	146	28	0	255
 24160	53	51	78	142	146	28	0	255
 24205	53	51	78	142	146	28	0	255
 24251	53	51	78	142	146	28	0	255
 24296	53	51	78	142	146	28	0	255
 24341	53	51	78	142	146	28	0	255
 24387	53	51	78	142	146	28	0	255
 24432	53	51	78	142	146	29	0	255
 24477	53	51	78	142	146	28	0	255
 24523	53	51	78	142	146	30	0	255
 24568	53	51	78	142	146	30	0	255
 24613	53	51	78	142	146	29	0	255
 24659	53	51	78	142	146	28	0	255
 24704	53	51	78	142	146	30	0	255
 24749	53	51	78	142	146	29	0	255
 24795	53	51	78	142	146	29	0	255
 24840	53	51	78	142	146	30	0	255
 24885	53	51	78	142	146	29	0	255
 24931	53	51	78	142	146	30	0	255
 24976	53	51	78	142	146	30	0	255
 25022	53	51	78	142	146	30	0	255
 25067	53	51	78	142	146	30	0	255
 25112	53	51	78	142	146	32	0	255
 25158	53	51	78	142	146	31	0	255
 25203	53	51	78	142	146	31	0	255
 25248	53	51	78	142	146	32	0	255
 25294	53	51	78	142	146	32	0	255
 25339	53	51	78	142	146	31	0	255
 25384	53	51	78	142	146	31	0	255
 25430	53	51	78	142	146	31	0	255
 25475	53	51	78	142	146	32	0	255
 25520	53	51	78	142	146	32	0	255
 25566	53	51	78	142	146	32	0	255
 25611	53	51	78	142	146	34	0	255
 25656	53	51	78	142	146	32	0	255
 25702	53	51	78	142	146	32	0	255
 25747	53	51	78	142	146	32	0	255
 25793	53	51	78	142	146	34	0	255
 25838	53	51	78	142	146	32	0	255
 25883	53	51	78	142	146	34	0	255
 25929	53	51	78	142	146	34	0	255
 25974	53	51	78	142	146	35	0	255
 26019	53	51	78	142	146	35	0	255
 26065	53	51	78	142	146	34	0	255
 26110	53	51	78	142	146	34	0	255
 26155	53	51	78	142	146	36	0	255
 26201	53	51	78	142	146	36	0	255
 26246	53	51	78	142	146	35	0	255
 26291	53	51	78	142	146	36	0	255
 26337	53	51	78	142	146	36	0	255
 26383	53	51	78	142	146	37	0	255
 26427	53	51	78	142	146	36	0	255
 26473	53	51	78	142	146	36	0	255
 26518	53	51	78	142	146	36	0	255
 26563	53	51	78	142	146	36	0	255
 26609	53	51	78	142	146	38	0	255
 26654	53	51	78	142	146	36	0	255
 26700	53	51	78	142	146	36	0	255
 26745	53	51	78	142	146	37	0	255
 26790	53	51	78	142	146	37	0	255
 26836	53	51	78	142	146	38	0	255
 26881	53	51	78	142	146	37	0	255
 26926	53	51	78	142	146	37	0	255
 26972	53	51	78	142	146	37	0	255
 27017	53	51	78	142	146	38	0	255
 27062	53	51	78	142	146	37	0	255
 27108	53	51	78	142	146	37	0	255
 27153	53	51	78	142	146	37	0	255
 27198	53	51	78	142	146	38	0	255
 27244	53	51	78	142	146	38	0	255
 27289	53	51	78	142	146	38	0	255
 27334	53	51	78	142	146	38	0	255
 27380	53	51	78	142	146	40	0	255
 27425	53	51	78	142	146	40	0	255
 27471	53	51	78	142	146	37	0	255
 27516	53	51	78	142	146	38	0	255
 27561	53	51	78	142	146	40	0	255
 27607	53	51	78	142	146	38	0	255
 27652	53	51	78	142	146	40	0	255
 27697	53	51	78	142	146	38	0	255
 27743	53	51	78	142	146	37	0	255
 27788	53	51	78	142	146	37	0	255
 27833	53	51	78	142	146	37	0	255
 27879	53	51	78	142	146	37	0	255
 27924	53	51	78	142	146	37	0	255
 27969	53	51	78	142	146	37	0	255
 28015	53	51	78	142	146	38	0	255
 28060	53	51	78	142	146	38	0	255
 28105	53	51	78	142	146	38	0	255
 28151	53	51	78	142	146	38	0	255
 28196	53	51	78	142	146	38	0	255
 28241	53	51	78	142	146	38	0	255
 28287	53	51	77	142	146	37	0	255
 28332	53	51	77	142	146	38	0	255
 28378	53	51	78	142	146	37	0	255
 28423	53	51	77	142	146	38	0	255
 28468	53	51	77	142	146	38	0	255
 28514	53	51	77	142	146	38	0	255
 28559	53	51	77	142	146	38	0	255
 28604	53	51	77	142	146	38	0	255
 28650	53	51	77	142	146	37	0	255
 28695	53	51	77	142	146	37	0	255
 28740	53	51	77	142	146	38	0	255
 28786	53	51	77	142	146	38	0	255
 28831	53	51	77	142	146	38	0	255
 28876	53	51	77	142	146	37	0	255
 28922	53	51	77	142	146	37	0	255
 28967	53	51	77	142	146	37	0	255
 29012	53	51	77	142	146	38	0	255
 29058	53	51	77	142	146	37	0	255
 29103	53	51	77	142	146	38	0	255
 29148	53	51	77	142	146	38	0	255
 29194	53	51	77	142	146	38	0	255
 29239	53	51	77	142	146	37	0	255
 29285	53	51	77	142	146	38	0	255
 29330	53	51	77	141	146	38	0	255
 29375	53	51	77	142	146	40	0	255
 29421	53	51	77	142	146	40	0	255
 29466	53	51	77	141	146	40	0	255
 29511	53	51	77	141	146	38	0	255
 29557	53	51	77	141	145	41	0	255
 29602	53	51	77	141	145	41	0	255
 29647	53	51	77	141	145	41	0	255
 29693	53	51	77	141	145	40	0	255
 29738	53	51	77	141	145	41	0	255
 29783	53	51	77	141	145	40	0	255
 29829	53	51	77	141	145	40	0	255
 29874	53	51	77	141	145	40	0	255
 29919	53	51	77	141	145	40	0	255
 29965	53	51	77	141	145	41	0	255
 30010	53	51	77	141	145	41	0	255
 30056	53	51	77	141	145	40	0	255
 30101	53	51	77	141	145	40	0	255
 30146	53	51	77	141	145	38	0	255
 30192	53	51	77	141	145	40	0	255
 30237	53	51	77	141	145	38	0	255
 30282	53	51	77	141	145	38	0	255
 30328	53	51	77	141	145	40	0	255
 30373	53	51	77	141	145	37	0	255
 30418	53	51	77	141	145	37	0	255
 30464	53	51	77	141	145	37	0	255
 30509	53	51	77	141	145	38	0	255
 30554	53	51	77	141	145	38	0	255
 30600	53	51	77	141	145	37	0	255
 30645	53	51	77	141	145	38	0	255
 30690	53	51	77	141	145	37	0	255
 30736	53	51	77	141	145	37	0	255
 30781	53	51	77	141	145	37	0	255
 30826	53	51	77	141	145	37	0	255
 30872	53	51	77	141	145	36	0	255
 30917	53	51	77	141	145	37	0	255
 30963	53	51	77	141	145	37	0	255
 31008	53	51	77	141	145	37	0	255
 31053	53	51	77	141	145	37	0	255
 31099	53	51	77	141	145	37	0	255
 31144	53	51	77	141	145	37	0	255
 31189	53	51	77	141	145	37	0	255
 31235	53	51	77	141	145	37	0	255
 31280	53	51	77	141	145	38	0	255
 31325	53	51	77	141	145	36	0	255
 31371	53	51	77	141	145	35	0	255
 31416	53	51	77	141	145	36	0	255
 31461	53	51	77	141	145	37	0	255
 31507	53	51	77	141	145	37	0	255
 31552	53	51	77	141	145	36	0	255
 31598	53	51	77	141	145	37	0	255
 31643	53	51	77	141	145	35	0	255
 31688	53	51	77	141	145	37	0	255
 31734	53	51	77	141	145	36	0	255
 31779	53	51	77	141	145	36	0	255
 31824	53	51	77	141	145	35	0	255
 31870	53	51	77	141	145	35	0	255
 31915	53	51	77	141	145	36	0	255
 31960	53	51	77	141	145	36	0	255
 32006	53	51	77	141	145	36	0	255
 32051	53	51	77	141	145	37	0	255
 32096	53	51	77	141	145	36	0	255
 32142	53	51	77	141	145	35	0	255
 32187	53	51	77	141	145	36	0	255
 32233	53	51	77	141	145	37	0	255
 32278	53	51	77	141	145	37	0	255
 32323	53	51	77	141	145	37	0	255
 32369	53	51	77	141	145	37	0	255
 32414	53	51	77	141	145	37	0	255
 32459	53	51	77	141	145	38	0	255
 32505	53	51	77	141	145	37	0	255
 32550	53	51	77	141	145	37	0	255
 32595	53	51	77	141	145	37	0	255
 32641	53	51	77	141	145	37	0	255
 32686	53	51	77	141	145	37	0	255
 32731	53	51	77	141	145	38	0	255
 32777	53	51	77	141	145	40	0	255
 32822	53	51	77	141	145	37	0	255
 32867	53	51	77	141	145	38	0	255
 32913	53	51	77	141	145	38	0	255
 32958	53	51	77	141	145	37	0	255
 33003	53	51	77	141	145	38	0	255
 33049	53	51	77	141	145	37	0	255
 33094	53	51	77	141	145	37	0	255
 33140	53	51	77	141	145	37	0	255
 33185	53	51	77	141	145	40	0	255
 33230	53	51	77	141	145	37	0	255
 33276	53	51	77	141	145	40	0	255
 33321	53	51	77	141	145	37	0	255
 33366	53	51	77	141	145	38	0	255
 33412	53	51	77	141	145	40	0	255
 33457	53	51	77	141	145	40	0	255
 33502	53	51	76	141	145	38	0	255
 33548	53	51	77	141	145	38	0	255
 33593	53	51	76	141	145	40	0	255
 33638	53	51	76	141	145	40	0	255
 33684	53	51	76	141	145	40	0	255
 33729	53	51	76	141	145	40	0	255
 33775	53	51	76	141	145	40	0	255
 33820	53	51	76	141	145	40	0	255
 33865	53	51	76	141	145	40	0	255
 33911	53	51	76	141	145	42	0	255
 33956	53	51	76	141	145	42	0	255
 34001	53	51	76	141	145	42	0	255
 34047	53	51	76	141	145	41	0	255
 34092	53	51	76	141	145	42	0	255
 34137	53	51	76	141	145	44	0	255
 34183	53	51	76	141	145	44	0	255
 34228	53	51	76	141	145	45	0	255
 34273	53	51	76	141	145	45	0	255
 34319	53	51	76	141	145	44	0	255
 34364	53	50	76	141	145	45	0	255
 34409	53	51	76	141	145	46	0	255
 34455	53	51	76	141	145	46	0	255
 34500	53	50	76	141	145	44	0	255
 34546	53	50	76	141	145	46	0	255
 34591	53	50	76	141	145	45	0	255
 34636	53	50	76	141	145	44	0	255
 34682	53	50	76	141	145	45	0	255
 34727	53	50	76	141	145	46	0	255
 34772	52	50	76	141	145	45	0	255
 34818	53	50	76	141	145	45	0	255
 34863	53	50	76	141	145	46	0	255
 34908	52	50	76	141	145	46	0	255
 34954	52	50	76	141	145	45	0	255
 34999	52	50	76	141	145	44	0	255
 35044	52	50	76	141	145	45	0	255
 35090	52	50	76	141	145	45	0	255
 35135	52	50	76	141	145	44	0	255
 35180	52	50	76	141	145	45	0	255
 35226	52	50	76	141	145	44	0	255
 35271	52	50	76	141	145	42	0	255
 35317	52	50	76	141	145	45	0	255
 35362	52	50	76	141	145	42	0	255
 35407	52	50	76	141	145	44	0	255
 35453	52	50	76	141	145	44	0	255
 35498	52	50	76	141	145	42	0	255
 35543	52	50	76	141	145	42	0	255
 35589	52	50	76	141	145	44	0	255
 35634	52	50	76	141	145	44	0	255
 35679	52	50	76	140	145	44	0	255
 35725	52	50	76	141	145	42	0	255
 35770	52	50	76	141	144	44	0	255
 35815	52	50	76	141	145	44	0	255
 35861	52	50	76	141	145	42	0	255
 35906	52	50	76	140	144	44	0	255
 35951	52	50	76	141	145	45	0	255
 35997	52	50	76	141	145	45	0	255
 36042	52	50	76	141	145	45	0	255
 36088	52	50	76	140	144	45	0	255
 36133	52	50	76	140	144	45	0	255
 36178	52	50	76	140	144	46	0	255
 36224	52	50	76	140	144	46	0	255
 36269	52	50	76	140	144	46	0	255
 36314	52	50	76	140	144	45	0	255
 36360	52	50	76	140	144	46	0	255
 36405	52	50	76	140	144	45	0	255
 36450	52	50	76	140	144	47	0	255
 36496	52	50	76	140	144	47	0	255
 36541	52	50	76	140	144	47	0	255
 36586	52	50	76	140	144	48	0	255
 36632	52	50	76	140	144	48	0	255
 36679	52	50	76	140	144	48	0	255
 36722	52	50	76	140	144	50	0	255
 36768	52	50	76	140	144	48	0	255
 36813	52	50	76	140	144	50	0	255
 36859	52	50	76	140	144	48	0	255
 36904	52	50	76	140	144	50	0	255
 36949	52	50	76	140	144	48	0	255
 36995	52	50	76	140	144	47	0	255
 37040	52	50	76	140	144	48	0	255
 37085	52	50	76	140	144	50	0	255
 37131	52	50	76	140	144	47	0	255
 37176	52	50	76	140	144	50	0	255
 37221	52	50	76	140	144	48	0	255
 37267	52	50	76	140	144	50	0	255
 37312	52	50	76	140	144	48	0	255
 37357	52	50	76	140	144	47	0	255
 37403	52	50	76	140	144	48	0	255
 37448	52	50	76	140	144	48	0	255
 37493	52	50	76	140	144	48	0	255
 37539	52	50	76	140	144	48	0	255
 37584	52	50	76	140	144	48	0	255
 37630	52	50	76	140	144	48	0	255
 37675	52	50	76	140	144	48	0	255
 37720	52	50	76	140	144	48	0	255
 37766	52	50	76	140	144	47	0	255
 37811	52	50	76	140	144	48	0	255
 37856	52	50	76	140	144	50	0	255
 37902	52	50	76	140	144	48	0	255
 37947	52	50	76	140	144	48	0	255
 37992	52	50	76	140	144	50	0	255
 38038	52	50	76	140	144	51	0	255
 38083	52	50	76	140	144	48	0	255
 38128	52	50	76	140	144	50	0	255
 38174	52	50	76	140	144	50	0	255
 38219	52	50	76	140	144	50	0	255
 38264	52	50	76	140	144	51	0	255
 38310	52	50	76	140	144	51	0	255
 38355	52	50	76	140	144	52	0	255
 38401	52	50	76	140	144	52	0	255
 38446	52	50	76	140	144	53	0	255
 38491	52	50	76	140	144	53	0	255
 38537	52	50	76	140	144	53	0	255
 38582	52	50	76	140	144	53	0	255
 38627	52	50	76	140	144	54	0	255
 38673	52	50	76	140	144	54	0	255
 38718	52	50	76	140	144	54	0	255
 38763	52	50	76	140	144	54	0	255
 38809	52	50	76	140	144	53	0	255
 38854	52	50	76	140	144	54	0	255
 38899	52	50	76	140	144	56	0	255
 38945	52	50	76	140	144	57	0	255
 38990	52	50	76	140	144	57	0	255
 39036	52	50	76	140	144	57	0	255
 39081	52	50	76	140	144	57	0	255
 39126	52	50	76	140	144	58	0	255
 39172	52	50	76	140	144	58	0	255
 39217	52	50	76	140	144	60	0	255
 39262	52	50	75	140	144	60	0	255
 39308	52	50	75	140	144	62	0	255
 39353	52	50	75	140	144	61	0	255
 39398	52	50	76	140	144	60	0	255
 39444	52	50	75	140	144	60	0	255
 39489	52	50	75	140	144	61	0	255
 39534	52	50	75	140	144	62	0	255
 39580	52	50	75	140	144	61	0	255
 39625	52	50	75	140	144	61	0	255
 39670	52	50	75	140	144	62	0	255
 39716	52	50	75	140	144	61	0	255
 39761	52	50	75	140	144	61	0	255
 39807	52	50	75	140	144	62	0	255
 39852	52	50	75	140	144	61	0	255
 39897	52	50	75	140	144	62	0	255
 39943	52	50	75	140	144	62	0	255
 39988	52	50	75	140	144	61	0	255
 40033	52	50	75	140	144	62	0	255
 40079	52	50	75	140	144	62	0	255
 40124	52	50	75	140	144	60	0	255
 40169	52	50	75	140	144	61	0	255
 40215	52	50	75	140	144	60	0	255
 40260	52	50	75	140	144	61	0	255
 40305	52	50	75	140	144	61	0	255
 40351	52	50	75	140	144	61	0	255
 40396	52	50	75	140	144	60	0	255
 40441	52	50	75	140	144	60	0	255
 40487	52	50	75	140	144	58	0	255
 40532	52	50	75	140	144	60	0	255
 40577	52	50	75	140	144	58	0	255
 40623	52	50	75	140	144	58	0	255
 40668	52	50	75	140	144	58	0	255
 40714	52	50	75	140	144	57	0	255
 40759	52	50	75	140	144	57	0	255
 40804	52	50	75	140	144	57	0	255
 40850	52	50	75	140	144	54	0	255
 40895	52	50	75	140	144	56	0	255
 40940	52	50	75	140	144	56	0	255
 40986	52	50	75	140	144	56	0	255
 41031	52	50	75	140	144	54	0	255
 41076	52	50	75	140	144	54	0	255
 41122	52	50	75	140	144	53	0	255
 41167	52	50	75	140	144	54	0	255
 41213	52	50	75	140	144	53	0	255
 41258	52	50	75	140	144	52	0	255
 41303	52	50	75	140	144	52	0	255
 41348	52	50	75	140	144	52	0	255
 41394	52	50	75	140	144	52	0	255
 41439	52	50	75	140	144	52	0	255
 41485	52	50	75	140	144	52	0	255
 41530	52	50	75	140	144	52	0	255
 41575	52	50	75	140	144	52	0	255
 41621	52	50	75	140	144	52	0	255
 41666	52	50	75	140	144	51	0	255
 41711	52	50	75	140	144	51	0	255
 41757	52	50	75	140	144	52	0	255
 41802	52	50	75	140	144	51	0	255
 41847	52	50	75	140	144	51	0	255
 41893	52	50	75	140	144	51	0	255
 41938	52	50	75	140	144	52	0	255
 41983	52	50	75	140	144	51	0	255
 42029	52	50	75	140	144	51	0	255
 42074	52	50	75	140	144	52	0	255
 42119	52	50	75	140	144	52	0	255
 42165	52	50	75	140	144	53	0	255
 42210	52	50	75	140	144	52	0	255
 42256	52	50	75	140	144	53	0	255
 42301	52	50	75	140	144	53	0	255
 42346	52	50	75	139	144	53	0	255
 42392	52	50	75	140	144	53	0	255
 42437	52	50	75	140	143	53	0	255
 42482	52	50	75	139	143	54	0	255
 42528	52	50	75	139	143	53	0	255
 42573	52	50	75	139	143	53	0	255
 42618	52	50	75	139	143	53	0	255
 42664	52	50	75	139	143	53	0	255
 42709	52	50	75	139	143	53	0	255
 42754	52	50	75	139	143	53	0	255
 42800	52	50	75	139	143	52	0	255
 42845	52	50	75	139	143	52	0	255
 42891	52	50	75	139	143	52	0	255
 42937	52	50	75	139	143	52	0	255
 42981	52	50	75	139	143	52	0	255
 43027	52	50	75	139	143	51	0	255
 43072	52	50	75	139	143	52	0	255
 43117	52	50	75	139	143	50	0	255
 43163	52	50	75	139	143	51	0	255
 43208	52	50	75	139	143	50	0	255
 43253	52	50	75	139	143	50	0	255
 43299	52	50	75	139	143	50	0	255
 43344	52	50	75	139	143	50	0	255
 43389	52	50	75	139	143	51	0	255
 43435	52	50	75	139	143	48	0	255
 43480	52	50	75	139	143	47	0	255
 43525	52	50	75	139	143	47	0	255
 43571	52	50	75	139	143	47	0	255
 43616	52	50	75	139	143	47	0	255
 43662	52	50	75	139	143	47	0	255
 43707	52	50	75	139	143	47	0	255
 43752	52	50	75	139	143	46	0	255
 43798	52	50	75	139	143	46	0	255
 43843	52	50	75	139	143	46	0	255
 43888	52	50	75	139	143	46	0	255
 43934	52	50	75	139	143	45	0	255
 43979	52	50	75	139	143	46	0	255
 44024	52	50	75	139	143	46	0	255
 44070	52	50	75	139	143	45	0	255
 44115	52	50	75	139	143	45	0	255
 44160	52	50	75	139	143	45	0	255
 44206	52	50	75	139	143	45	0	255
 44251	52	50	75	139	143	45	0	255
 44296	52	50	75	139	143	45	0	255
 44342	52	50	75	139	143	44	0	255
 44387	52	50	75	139	143	45	0	255
 44433	52	50	75	139	143	44	0	255
 44478	52	50	75	139	143	45	0	255
 44523	52	50	75	139	143	44	0	255
 44569	52	50	75	139	143	44	0	255
 44614	52	50	75	139	143	44	0	255
 44659	52	50	75	139	143	44	0	255
 44705	52	50	75	139	143	44	0	255
 44750	52	50	75	139	143	45	0	255
 44795	52	50	75	139	143	44	0	255
 44841	52	50	75	139	143	45	0	255
 44886	52	50	75	139	143	45	0	255
 44931	52	50	75	139	143	45	0	255
 44977	52	50	75	139	143	45	0	255
 45056	52	50	75	139	143	45	0	255
 45101	52	50	75	139	143	46	0	255
 45146	52	50	75	139	143	44	0	255
 45192	52	50	75	139	143	45	0	255
 45237	52	50	74	139	143	46	0	255
 45282	52	50	74	139	143	45	0	255
 45328	52	50	74	139	143	46	0	255
 45373	52	50	74	139	143	47	0	255
 45419	52	50	74	139	143	46	0	255
 45464	52	50	74	139	143	47	0	255
 45509	52	50	74	139	143	47	0	255
 45555	52	50	74	139	143	50	0	255
 45600	52	50	74	139	143	50	0	255
 45645	52	50	74	139	143	48	0	255
 45691	52	50	74	139	143	48	0	255
 45736	52	50	74	139	143	50	0	255
 45781	52	50	74	139	143	50	0	255
 45827	52	50	74	139	143	51	0	255
 45872	52	50	74	139	143	51	0	255
 45917	52	50	74	139	143	51	0	255
 45963	52	50	74	139	143	52	0	255
 46008	52	50	74	139	143	52	0	255
 46053	52	50	74	139	143	56	0	255
 46099	52	50	74	139	143	57	0	255
 46144	52	50	74	139	143	60	0	255
 46190	52	50	74	139	143	61	0	255
 46235	52	50	74	139	143	65	0	255
 46280	52	50	74	139	143	65	0	255
 46326	52	50	74	139	143	66	0	255
 46371	52	50	74	139	143	68	0	255
 46416	52	50	74	139	143	71	0	255
 46462	52	50	74	139	143	72	0	255
 46507	52	50	74	139	143	74	0	255
 46552	52	50	74	139	143	75	0	255
 46598	52	50	74	139	143	78	0	255
 46643	52	50	74	139	143	76	0	255
 46688	52	50	74	139	143	76	0	255
 46734	52	50	74	139	143	76	0	255
 46779	52	50	74	139	143	78	0	255
 46824	52	50	74	139	143	78	0	255
 46870	52	50	74	139	143	78	0	255
 46915	52	50	74	139	143	76	0	255
 46961	52	50	74	139	143	78	0	255
 47006	52	50	74	139	143	79	0	255
 47051	52	50	74	139	143	78	0	255
 47097	52	50	74	139	143	79	0	255
 47142	52	50	74	139	143	78	0	255
 47187	52	50	74	139	143	78	0	255
 47233	52	50	74	139	143	78	0	255
 47278	52	50	74	139	143	76	0	255
 47323	52	50	74	139	143	78	0	255
 47369	52	50	74	139	143	76	0	255
 47414	52	50	74	139	143	75	0	255
 47459	52	50	74	139	143	76	0	255
 47505	52	50	74	139	143	74	0	255
 47550	52	50	74	139	143	74	0	255
 47595	52	50	74	139	143	72	0	255
 47641	52	50	74	139	143	71	0	255
 47686	52	50	74	139	143	72	0	255
 47732	52	50	74	139	143	71	0	255
 47777	52	50	74	139	143	70	0	255
 47822	52	50	74	139	143	71	0	255
 47868	52	50	74	139	143	71	0	255
 47913	52	50	74	139	143	71	0	255
 47958	52	50	74	139	143	71	0	255
 48004	52	50	74	139	143	71	0	255
 48049	52	50	74	139	143	71	0	255
 48098	52	50	74	139	143	70	0	255
 48140	52	50	74	139	143	70	0	255
 48185	52	50	74	139	143	70	0	255
 48230	51	50	74	139	143	68	0	255
 48276	52	50	74	139	143	68	0	255
 48321	52	50	74	139	143	68	0	255
 48366	52	50	74	139	143	70	0	255
 48412	52	50	74	139	143	70	0	255
 48457	52	50	74	139	143	68	0	255
 48503	52	50	74	139	143	68	0	255
 48548	52	50	74	139	143	67	0	255
 48593	52	50	74	139	143	67	0	255
 48639	52	50	74	139	143	67	0	255
 48684	52	50	74	139	143	67	0	255
 48729	52	50	74	139	143	66	0	255
 48775	52	50	74	139	143	67	0	255
 48820	52	50	74	139	142	68	0	255
 48865	52	50	74	139	142	67	0	255
 48911	52	50	74	139	142	67	0	255
 48956	52	50	74	139	143	67	0	255
 49001	52	50	74	139	142	67	0	255
 49047	52	50	74	138	142	66	0	255
 49092	52	50	74	138	142	66	0	255
 49137	52	50	74	138	142	65	0	255
 49183	52	50	74	138	142	66	0	255
 49228	52	50	74	138	142	64	0	255
 49274	52	50	74	138	142	65	0	255
 49319	52	50	74	138	142	64	0	255
 49364	52	50	74	138	142	65	0	255
 49410	52	50	74	138	142	64	0	255
 49455	52	50	74	138	142	65	0	255
 49500	52	50	74	138	142	62	0	255
 49546	52	50	74	138	142	64	0	255
 49591	52	50	74	138	142	62	0	255
 49636	52	50	74	138	142	62	0	255
 49682	52	50	74	138	142	62	0	255
 49727	52	50	74	138	142	62	0	255
 49772	52	50	74	138	142	64	0	255
 49818	52	50	74	138	142	65	0	255
 49863	52	50	74	138	142	64	0	255
 49908	52	50	74	138	142	65	0	255
 49954	52	50	74	138	142	66	0	255
 49999	52	50	74	138	142	67	0	255
 50045	52	50	74	138	142	66	0	255
 50090	52	50	74	138	142	66	0	255
 50135	52	50	74	138	142	68	0	255
 50181	52	50	74	138	142	68	0	255
 50226	52	50	74	138	142	68	0	255
 50271	52	50	74	138	142	70	0	255
 50317	52	50	74	138	142	68	0	255
 50362	52	50	74	138	142	70	0	255
 50408	52	50	74	138	142	71	0	255
 50453	52	50	74	138	142	71	0	255
 50498	52	50	74	138	142	72	0	255
 50544	52	50	74	138	142	75	0	255
 50589	52	50	74	138	142	75	0	255
 50634	52	50	74	138	142	78	0	255
 50679	52	50	74	138	142	80	0	255
 50725	52	50	74	138	142	82	0	255
 50770	52	50	74	138	142	83	0	255
 50816	52	50	74	138	142	83	0	255
 50861	52	50	74	138	142	84	0	255
 50906	52	50	74	138	142	84	0	255
 50952	52	50	74	138	142	85	0	255
 50997	52	50	74	138	142	86	0	255
 51042	52	50	74	138	142	88	0	255
 51088	52	49	74	138	142	89	0	255
 51133	52	49	74	138	142	90	0	255
 51178	52	49	74	138	142	93	0	255
 51224	52	49	74	138	142	94	0	255
 51269	52	48	74	138	142	101	0	255
 51314	52	48	74	138	142	102	0	255
 51360	52	48	74	138	142	102	0	255
 51405	52	48	74	138	142	104	0	255
 51450	52	48	74	138	142	106	0	255
 51496	52	48	74	138	142	106	0	255
 51541	51	48	74	138	142	106	0	255
 51587	51	48	74	138	142	109	0	255
 51632	51	48	74	138	142	109	0	255
 51677	51	48	73	138	142	112	0	255
 51723	51	48	74	138	142	113	0	255
 51768	51	48	73	138	142	113	0	255
 51813	51	48	73	138	142	113	0	255
 51859	51	48	73	138	142	112	0	255
 51904	51	48	73	138	142	113	0	255
 51949	51	48	73	138	142	113	0	255
 51995	51	48	73	138	142	116	0	255
 52040	51	48	73	138	142	114	0	255
 52085	51	48	73	138	142	114	0	255
 52131	51	48	73	138	142	114	0	255
 52176	51	48	73	138	142	116	0	255
 52221	51	49	73	138	142	118	0	255
 52267	51	49	73	138	142	116	0	255
 52312	51	49	73	138	142	118	0	255
 52357	51	49	73	138	142	120	0	255
 52403	51	48	73	138	142	126	0	255
 52448	51	48	73	138	142	128	0	255
 52494	51	48	73	138	142	138	8	255
 52539	56	55	73	138	142	161	8	255
 52584	83	72	73	138	142	178	8	255
 52630	105	84	73	138	142	186	8	255
 52675	120	91	73	138	142	182	8	255
 52720	129	96	73	138	142	196	8	255
 52766	140	98	73	138	142	213	8	255
 52811	150	100	74	138	142	214	8	255
 52856	156	101	73	138	142	195	8	255
 52902	153	99	74	138	142	176	8	255
 52947	147	98	74	138	142	171	8	255
 52992	144	100	74	138	142	177	8	255
 53038	144	102	74	138	142	183	8	255
 53083	145	103	74	139	142	188	8	255
 53129	148	104	74	139	142	192	8	255
 53174	150	104	74	139	142	189	8	255
 53219	150	105	74	139	142	183	8	255
 53265	149	105	74	139	142	178	8	255
 53310	147	105	74	139	142	177	8	255
 53355	146	105	74	140	142	180	8	255
 53401	146	105	74	140	142	176	8	255
 53446	144	106	74	140	142	168	8	255
 53491	141	105	74	140	143	161	8	255
 53537	137	104	74	140	143	156	8	255
 53582	134	104	74	140	143	154	8	255
 53627	131	105	74	140	143	148	8	255
 53673	127	106	74	140	143	142	8	255
 53718	123	106	74	140	143	136	8	255
 53763	119	106	74	140	143	132	0	255
 53809	116	105	74	140	143	132	0	255
 53854	114	104	74	140	143	131	0	255
 53899	112	103	74	140	143	130	0	255
 53945	110	102	74	140	143	131	0	255
 53990	108	101	74	140	143	131	0	255
 54035	106	100	74	140	143	131	0	255
 54081	105	99	74	140	143	131	0	255
 54126	104	98	74	140	143	130	0	255
 54172	102	97	74	140	143	130	0	255
 54217	101	96	74	140	143	131	0	255
 54262	100	95	75	140	143	132	0	255
 54308	98	94	74	140	143	131	0	255
 54353	97	92	75	140	143	131	0	255
 54398	96	91	75	140	143	130	0	255
 54444	95	90	75	140	143	131	0	255
 54489	94	90	75	140	143	130	0	255
 54534	93	89	75	140	143	132	0	255
 54580	92	89	75	140	143	132	0	255
 54625	91	88	75	140	143	131	0	255
 54670	90	87	75	140	143	132	0	255
 54716	89	86	75	140	143	131	0	255
 54761	88	86	75	140	143	132	0	255
 54806	87	85	75	140	143	134	0	255
 54852	86	85	75	140	143	134	0	255
 54897	85	85	75	140	143	136	0	255
 54943	84	85	75	140	143	138	0	255
 54988	86	84	75	140	143	148	8	255
 55033	99	91	75	140	142	155	8	255
 55079	110	97	75	140	143	156	8	255
 55124	116	100	75	140	143	150	8	255
 55170	118	103	75	140	143	150	8	255
 55215	120	104	75	140	143	152	8	255
 55260	122	105	75	140	142	155	8	255
 55305	124	106	75	140	143	150	8	255
 55351	123	106	75	140	143	142	8	255
 55396	121	107	75	140	143	144	8	255
 55441	120	107	75	140	143	150	8	255
 55487	122	107	75	140	143	155	8	255
 55532	125	107	75	140	143	155	8	255
 55577	126	107	75	140	142	156	8	255
 55623	127	107	75	140	143	154	8	255
 55668	127	108	75	140	142	152	8	255
 55713	126	108	75	140	142	151	8	255
 55759	125	108	75	140	142	142	8	255
 55804	123	108	75	140	142	137	8	255
 55850	119	108	75	140	142	132	0	255
 55895	117	107	75	140	142	131	0	255
 55940	115	106	75	140	142	131	0	255
 55986	113	105	75	140	142	132	0	255
 56031	111	104	75	140	142	132	0	255
 56076	109	102	75	140	142	132	0	255
 56122	108	101	75	140	142	131	0	255
 56167	107	100	75	140	142	131	0	255
 56212	105	99	76	139	142	128	0	255
 56258	104	97	75	139	142	127	0	255
 56303	103	96	76	140	142	126	0	255
 56348	101	94	76	140	142	124	0	255
 56394	100	93	76	139	142	123	0	255
 56439	99	92	76	139	142	120	0	255
 56484	98	91	76	139	142	118	0	255
 56530	97	90	76	139	142	118	0	255
 56575	96	89	76	139	142	114	0	255
 56621	95	89	76	139	142	113	0	255
 56666	94	88	76	139	142	110	0	255
 56711	93	87	76	139	142	108	0	255
 56757	92	87	76	139	142	106	0	255
 56802	91	86	76	139	142	106	0	255
 56847	91	85	76	139	142	104	0	255
 56893	90	85	76	139	142	104	0	255
 56938	89	84	76	139	142	104	0	255
 56983	88	83	76	139	142	102	0	255
 57029	87	82	76	139	142	100	0	255
 57074	87	82	76	139	142	100	0	255
 57119	86	81	76	139	142	101	0	255
 57165	85	81	76	139	142	100	0	255
 57210	85	80	76	139	142	101	0	255
 57256	84	80	76	139	142	102	0	255
 57301	83	79	76	139	142	105	0	255
 57346	83	79	76	139	142	106	0	255
 57391	82	79	76	139	142	113	0	255
 57437	81	79	76	139	142	120	0	255
 57482	81	79	76	139	142	124	0	255
 57528	80	79	76	139	142	126	0	255
 57573	80	79	76	139	142	127	0	255
 57618	79	79	76	139	142	131	0	255
 57664	79	79	76	139	142	137	0	255
 57709	78	78	76	139	142	146	8	255
 57754	90	84	76	139	142	161	8	255
 57800	106	93	76	139	142	172	8	255
 57845	119	99	76	139	142	172	8	255
 57890	126	103	76	139	142	166	8	255
 57936	129	104	76	139	142	166	8	255
 57981	132	106	76	139	142	171	8	255
 58026	134	107	76	139	142	165	8	255
 58072	134	107	76	139	142	152	8	255
 58117	130	107	76	139	142	142	8	255
 58162	125	108	76	139	142	134	0	255
 58208	120	107	76	139	142	130	0	255
 58253	117	106	76	139	142	130	0	255
 58299	114	105	76	139	142	128	0	255
 58344	112	103	76	139	142	126	0	255
 58389	110	102	76	139	142	124	0	255
 58435	109	101	76	139	142	124	0	255
 58480	107	100	76	139	142	124	0	255
 58525	106	98	76	139	142	122	0	255
 58571	104	97	76	139	142	120	0	255
 58616	103	96	76	139	142	120	0	255
 58661	102	95	76	139	142	119	0	255
 58707	101	94	76	139	142	114	0	255
 58752	100	93	76	139	142	113	0	255
 58797	98	92	76	139	142	112	0	255
 58843	97	91	76	139	142	110	0	255
 58888	96	90	76	139	142	108	0	255
 58933	96	89	76	139	142	106	0	255
 58979	95	89	76	139	142	104	0	255
 59024	94	88	76	139	142	104	0	255
 59069	93	87	76	139	142	101	0	255
 59115	92	87	76	139	142	101	0	255
 59160	91	86	76	139	142	100	0	255
 59206	90	85	76	139	142	98	0	255
 59251	90	85	76	139	142	96	0	255
 59296	89	84	76	139	142	94	0	255
 59342	88	83	76	139	142	92	0	255
 59387	87	83	76	139	142	92	0	255
 59432	87	82	76	139	142	92	0	255
 59478	86	82	76	139	142	89	0	255
 59523	85	81	76	139	142	90	0	255
 59568	85	80	76	139	142	89	0	255
 59614	84	80	76	139	142	88	0	255
 59659	83	79	76	139	142	88	0	255
 59704	83	79	76	139	142	86	0	255
 59750	82	78	76	139	142	88	0	255
 59795	82	78	76	139	142	88	0	255
 59840	81	77	76	139	142	90	0	255
 59886	80	77	76	139	142	96	0	255
 59931	80	77	76	139	142	104	0	255
 59977	79	77	76	139	142	110	0	255
 60022	79	77	76	139	142	114	0	255
 60067	78	78	76	139	142	122	0	255
 60113	78	78	76	139	142	131	0	255
 60158	77	78	76	139	142	134	0	255
 60203	77	78	76	139	142	138	0	255
 60249	76	77	76	139	142	137	0	255
 60294	76	77	76	139	142	137	0	255
 60339	75	76	76	139	142	136	0	255
 60385	75	75	76	139	142	134	0	255
 60430	75	75	76	139	142	134	0	255
 60475	74	74	76	139	142	134	0	255
 60521	74	73	76	139	142	134	0	255
 60566	73	73	76	139	142	132	0	255
 60611	73	72	76	139	142	134	0	255
 60657	72	71	76	139	142	131	0	255
 60702	72	71	76	139	142	131	0	255
 60748	72	70	76	139	142	130	0	255
 60793	71	70	76	139	142	128	0	255
 60838	71	69	76	139	142	126	0	255
 60884	70	69	76	139	142	126	0	255
 60929	70	68	76	139	142	124	0	255
 60974	70	68	76	139	142	126	0	255
 61020	69	67	76	139	142	124	0	255
 61065	69	67	76	139	142	122	0	255
 61110	69	66	76	139	142	123	0	255
 61156	68	66	76	139	142	120	0	255
 61201	68	66	76	139	142	120	0	255
 61255	68	65	76	139	142	116	0	255
 61301	67	65	76	139	142	116	0	255
 61346	67	64	76	139	142	114	0	255
 61392	67	64	76	139	142	113	0	255
 61437	66	64	76	139	142	113	0	255
 61482	66	64	76	139	142	113	0	255
 61528	66	63	76	139	142	109	0	255
 61573	66	63	76	139	142	109	0	255
 61618	65	63	76	139	142	106	0	255
 61664	65	63	76	139	142	105	0	255
 61709	65	62	76	139	142	104	0	255
 61755	65	62	76	139	142	101	0	255
 61800	64	62	76	139	142	102	0	255
 61845	64	62	76	139	142	101	0	255
 61890	64	62	76	139	142	101	0	255
 61936	64	61	76	139	142	98	0	255
 61981	63	61	76	139	142	101	0	255
 62026	63	61	76	139	142	100	0	255
 62072	63	61	76	139	142	101	0	255
 62117	63	61	76	139	142	104	0	255
 62163	63	60	76	139	142	104	0	255
 62208	63	60	76	139	142	102	0	255
 62253	62	60	76	139	142	102	0	255
 62299	62	60	76	139	142	104	0	255
 62344	62	60	76	139	142	102	0	255
 62390	62	59	76	139	142	104	0	255
 62435	62	59	76	139	142	102	0	255
 62480	61	59	76	139	142	104	0	255
 62525	61	59	76	139	142	104	0	255
 62571	61	59	76	139	142	101	0	255
 62616	61	58	76	139	142	101	0	255
 62661	61	58	76	139	142	101	0	255
 62707	61	58	76	139	142	100	0	255
 62752	60	58	76	139	142	98	0	255
 62797	60	58	76	139	142	98	0	255
 62843	60	58	76	139	142	97	0	255
 62888	60	57	76	139	142	96	0	255
 62934	60	57	76	139	142	96	0	255
 62979	60	57	76	139	142	93	0	255
 63024	60	57	76	139	142	90	0	255
 63070	59	57	76	139	142	90	0	255
 63115	59	57	76	139	142	89	0	255
 63160	59	57	76	139	142	88	0	255
 63206	59	57	76	139	142	86	0	255
 63251	59	57	76	139	142	85	0	255
 63296	59	57	76	139	142	85	0	255
 63342	59	56	76	139	142	85	0	255
 63387	58	56	76	139	142	85	0	255
 63432	58	56	76	139	142	85	0	255
 63478	58	56	76	139	142	84	0	255
 63523	58	56	76	139	142	83	0	255
 63569	58	56	76	139	142	83	0	255
 63614	58	56	76	139	142	83	0	255
 63659	58	56	76	139	142	85	0	255
 63705	58	56	76	139	142	83	0	255
 63750	58	56	76	139	142	85	0	255
 63795	58	55	76	139	142	88	0	255
 63841	58	55	76	139	142	86	0	255
 63886	57	55	76	139	142	88	0	255
 63931	57	55	76	139	142	90	0	255
 63977	57	55	76	139	142	92	0	255
 64022	57	55	76	139	142	92	0	255
 64067	57	55	76	139	142	98	0	255
 64113	57	55	76	139	142	100	0	255
 64158	57	56	76	139	142	104	0	255
 64203	57	56	76	138	142	109	0	255
 64249	57	56	76	139	142	113	0	255
 64294	57	56	76	139	142	114	0	255
 64340	57	56	76	139	142	118	0	255
 64385	56	55	76	139	142	119	0	255
 64430	56	55	76	139	142	122	0	255
 64476	56	55	76	139	142	124	0	255
 64521	56	55	76	138	142	126	0	255
 64566	56	55	76	138	142	127	0	255
 64612	56	55	76	138	142	126	0	255
 64657	56	55	76	139	142	124	0	255
 64702	56	55	76	138	142	127	0	255
 64748	56	55	76	138	142	127	0	255
 64793	56	55	76	138	142	128	0	255
 64838	56	55	76	138	142	127	0	255
 64884	55	54	76	138	142	127	0	255
 64929	55	54	76	138	142	126	0	255
 64974	55	54	76	138	142	124	0	255
 65020	55	54	76	138	142	123	0	255
 65065	55	54	76	138	142	122	0	255
 65111	55	54	76	138	142	122	0	255
 65156	55	54	76	138	142	126	0	255
 65201	55	54	76	138	142	124	0	255
 65247	55	54	76	138	142	124	0	255
 65292	55	54	76	138	142	123	0	255
 65337	55	53	76	138	142	122	0	255
 65383	55	53	76	138	142	120	0	255
 65428	55	53	76	138	142	120	0	255
 65473	54	53	76	138	142	122	0	255
 65519	54	53	76	138	142	119	0	255
 65564	54	53	76	138	142	120	0	255
 65609	54	53	76	138	142	118	0	255
 65655	54	53	76	138	142	119	0	255
 65700	54	53	76	138	142	119	0	255
 65745	54	53	76	138	142	120	0	255
 65791	54	53	76	138	141	122	0	255
 65836	54	53	76	138	141	120	0	255
 65882	54	53	76	138	142	120	0	255
 65927	54	53	76	138	141	119	0	255
 65972	54	52	76	138	142	120	0	255
 66018	54	52	76	138	141	120	0	255
 66063	54	52	76	138	141	119	0	255
 66108	54	52	76	138	141	122	0	255
 66154	54	52	76	138	141	123	0	255
 66199	53	52	76	138	141	123	0	255
 66244	53	52	76	138	141	122	0	255
 66290	53	52	76	138	141	120	0	255
 66336	53	52	76	138	141	119	0	255
 66380	53	52	76	138	141	119	0	255
 66426	53	52	76	138	141	120	0	255
 66471	53	52	76	138	141	118	0	255
 66516	53	52	76	138	141	116	0	255
 66562	53	52	76	138	141	116	0	255
 66607	53	52	76	138	141	116	0	255
 66653	53	52	76	138	141	118	0	255
 66698	53	52	76	138	141	116	0	255
 66744	53	52	76	138	141	114	0	255
 66789	53	52	76	138	141	113	0	255
 66834	53	52	76	138	141	113	0	255
 66879	53	52	76	138	141	112	0	255
 66925	53	51	76	138	141	110	0	255
 66970	53	51	76	138	141	112	0	255
 67015	53	51	76	138	141	110	0	255
 67061	53	51	75	138	141	112	0	255
 67106	53	51	76	138	141	109	0	255
 67151	53	51	75	138	141	112	0	255
 67197	53	51	76	138	141	109	0	255
 67242	53	51	76	138	141	110	0	255
 67288	53	51	76	138	141	112	0	255
 67333	53	51	75	138	141	112	0	255
 67378	53	51	76	138	141	110	0	255
 67424	53	51	75	138	141	113	0	255
 67469	53	51	75	138	141	113	0	255
 67514	53	51	75	138	141	112	0	255
 67560	53	51	75	138	141	110	0	255
 67605	53	51	75	138	141	110	0	255
 67650	53	51	75	138	141	112	0	255
 67696	53	51	75	138	141	110	0	255
 67741	53	51	75	138	141	106	0	255
 67786	53	51	75	138	141	108	0	255
 67832	53	51	75	138	141	106	0	255
 67877	53	51	75	138	141	105	0	255
 67922	53	51	75	138	141	104	0	255
 67968	53	51	75	138	141	105	0	255
 68013	53	51	75	138	141	101	0	255
 68058	53	51	75	138	141	102	0	255
 68104	53	51	75	138	141	101	0	255
 68149	53	51	75	138	141	98	0	255
 68195	53	51	75	138	141	100	0	255
 68240	53	51	75	138	141	96	0	255
 68285	53	51	75	138	141	96	0	255
 68331	53	52	75	138	141	93	0	255
 68376	53	52	75	138	141	93	0	255
 68421	53	52	75	138	141	92	0	255
 68467	53	52	75	138	141	89	0	255
 68512	53	52	75	138	141	92	0	255
 68557	53	52	75	138	141	89	0	255
 68603	53	52	75	138	141	88	0	255
 68648	53	52	75	138	141	86	0	255
 68693	53	52	75	138	141	86	0	255
 68739	53	52	75	138	141	85	0	255
 68784	53	52	75	138	141	85	0	255
 68830	53	52	75	138	141	83	0	255
 68875	53	52	75	138	141	84	0	255
 68920	53	52	75	138	141	82	0	255
 68966	53	52	75	138	141	80	0	255
 69011	53	52	75	138	141	82	0	255
 69056	53	52	75	138	141	80	0	255
 69102	53	52	75	138	141	79	0	255
 69147	53	52	75	138	141	78	0	255
 69192	53	52	75	138	141	76	0	255
 69238	53	52	75	138	141	75	0	255
 69283	53	52	75	138	141	75	0	255
 69328	53	52	75	138	141	75	0	255
 69374	53	52	75	138	141	75	0	255
 69419	53	52	75	138	141	75	0	255
 69464	53	52	75	138	141	75	0	255
 69510	53	52	75	138	141	74	0	255
 69555	53	52	75	138	141	74	0	255
 69601	53	52	75	138	141	76	0	255
 69646	53	52	75	138	141	76	0	255
 69691	53	52	75	138	141	75	0	255
 69737	53	52	75	138	141	78	0	255
 69782	53	52	75	138	141	78	0	255
 69827	53	52	75	138	141	78	0	255
 69873	53	52	75	138	141	76	0	255
 69918	53	52	75	138	141	75	0	255
 69963	53	51	75	138	141	76	0	255
 70009	53	51	75	138	141	76	0	255
 70054	53	51	75	138	141	75	0	255
 70099	53	51	75	138	141	76	0	255
 70145	53	51	75	138	141	74	0	255
 70190	53	51	75	138	141	75	0	255
 70235	53	51	75	138	141	74	0	255
 70281	53	51	75	138	141	72	0	255
 70326	53	51	75	138	141	71	0	255
 70372	53	51	75	138	141	72	0	255
 70417	53	51	75	138	141	71	0	255
 70462	53	51	75	138	141	72	0	255
 70508	53	51	75	138	141	72	0	255
 70553	53	51	75	138	141	70	0	255
 70598	53	51	75	138	141	70	0	255
 70644	53	51	75	137	141	70	0	255
 70689	53	51	75	137	141	70	0	255
 70734	53	51	75	137	141	68	0	255
 70780	53	51	75	138	141	66	0	255
 70825	53	51	75	137	141	66	0	255
 70870	53	51	75	137	141	67	0	255
 70916	53	51	75	137	141	64	0	255
 70961	53	51	75	137	141	64	0	255
 71006	53	51	75	137	141	65	0	255
 71052	53	51	75	137	141	64	0	255
 71097	53	51	75	137	141	64	0	255
 71143	53	51	75	137	141	62	0	255
 71188	53	51	75	137	141	62	0	255
 71233	52	51	75	137	141	64	0	255
 71279	52	51	75	137	141	61	0	255
 71324	52	51	75	137	141	62	0	255
 71369	52	51	75	137	141	58	0	255
 71415	52	51	75	137	141	60	0	255
 71460	52	51	75	137	141	61	0	255
 71505	52	51	75	137	141	61	0	255
 71551	52	51	75	137	141	61	0	255
 71596	52	51	75	137	141	58	0	255
 71641	52	51	75	137	141	58	0	255
 71687	52	51	75	137	141	60	0	255
 71732	52	51	75	137	141	58	0	255
 71777	52	51	75	137	141	58	0	255
 71823	52	51	75	137	141	58	0	255
 71868	52	51	75	137	141	60	0	255
 71914	52	51	75	137	141	58	0	255
 71959	52	51	75	137	141	60	0	255
 72004	52	51	75	137	141	60	0	255
 72050	52	51	75	137	141	58	0	255
 72095	52	51	75	137	141	60	0	255
 72140	52	51	75	137	141	58	0	255
 72186	52	51	75	137	141	58	0	255
 72231	52	51	75	137	141	54	0	255
 72276	52	51	75	137	141	57	0	255
 72322	52	50	75	137	141	57	0	255
 72367	52	50	75	137	141	54	0	255
 72412	52	50	75	137	141	56	0	255
 72458	52	50	75	137	141	56	0	255
 72503	52	50	75	137	141	54	0	255
 72548	52	50	75	137	141	56	0	255
 72594	52	50	75	137	141	54	0	255
 72639	52	50	75	137	141	56	0	255
 72684	52	50	75	137	141	56	0	255
 72730	52	50	75	137	141	54	0	255
 72775	52	50	75	137	141	53	0	255
 72821	52	50	75	137	141	53	0	255
 72866	52	50	75	137	141	53	0	255
 72911	52	50	75	137	141	51	0	255
 72957	52	50	75	137	141	53	0	255
 73002	52	50	75	137	141	52	0	255
 73047	52	50	75	137	141	51	0	255
 73093	52	50	75	137	141	51	0	255
 73138	52	50	75	137	141	51	0	255
 73183	52	50	75	137	141	51	0	255
 73229	52	50	75	137	141	48	0	255
 73274	52	50	75	137	141	48	0	255
 73319	52	50	75	137	141	50	0	255
 73365	52	50	75	137	141	48	0	255
 73411	52	50	75	137	141	48	0	255
 73455	52	50	75	137	141	48	0	255
 73501	52	50	75	137	140	46	0	255
 73546	52	50	75	137	140	47	0	255
 73592	52	50	75	137	140	46	0	255
 73638	52	50	75	137	140	46	0	255
 73682	52	50	74	137	140	45	0	255
 73728	52	50	75	137	140	45	0	255
 73773	52	50	75	137	140	46	0	255
 73818	52	50	74	137	140	44	0	255
 73864	52	50	74	137	140	45	0	255
 73909	52	50	74	137	140	45	0	255
 73954	51	50	74	137	140	44	0	255
 74000	51	50	74	137	140	44	0	255
 74045	51	50	74	137	140	42	0	255
 74090	51	50	74	137	140	44	0	255
 74136	51	50	74	137	140	42	0	255
 74181	51	50	74	137	140	41	0	255
 74226	51	50	74	137	140	42	0	255
 74272	51	50	74	137	140	41	0	255
 74317	51	50	74	137	140	41	0	255
 74362	51	50	74	137	140	42	0	255
 74408	51	50	74	137	140	40	0	255
 74453	51	50	74	137	140	38	0	255
 74499	51	50	74	137	140	40	0	255
 74544	51	50	74	137	140	38	0	255
 74589	51	50	74	137	140	40	0	255
 74635	51	50	74	137	140	40	0	255
 74680	51	50	74	137	140	38	0	255
 74725	51	50	74	137	140	38	0	255
 74771	51	50	74	137	140	38	0	255
 74816	51	50	74	137	140	40	0	255
 74861	51	50	74	137	140	38	0	255
 74907	51	50	74	137	140	37	0	255
 74952	51	50	74	137	140	38	0	255
 74997	51	50	74	137	140	38	0	255
 75043	51	50	74	137	140	37	0	255
 75088	51	50	74	137	140	36	0	255
 75133	51	50	74	137	140	36	0	255
 75179	51	50	74	137	140	37	0	255
 75224	51	50	74	137	140	36	0	255
 75270	51	50	74	137	140	37	0	255
 75315	51	50	74	137	140	35	0	255
 75360	51	50	74	137	140	36	0	255
 75406	51	50	74	137	140	36	0	255
 75451	51	50	74	137	140	36	0	255
 75496	51	50	74	137	140	35	0	255
 75542	51	50	74	137	140	35	0	255
 75587	51	50	74	137	140	32	0	255
 75632	51	50	74	137	140	35	0	255
 75678	51	50	74	137	140	35	0	255
 75723	51	50	74	137	140	35	0	255
 75768	51	50	74	137	140	34	0	255
 75814	51	50	74	137	140	32	0	255
 75859	51	50	74	137	140	34	0	255
 75904	51	50	74	137	140	32	0	255
 75950	51	50	74	137	140	34	0	255
 75995	51	50	74	137	140	32	0	255
 76040	51	50	74	137	140	34	0	255
 76086	51	50	74	137	140	32	0	255
 76131	51	50	74	137	140	32	0	255
 76177	51	50	74	137	140	34	0	255
 76222	51	50	74	137	140	31	0	255
 76267	51	49	74	137	140	31	0	255
 76313	51	49	74	137	140	32	0	255
 76358	51	50	74	137	140	31	0	255
 76403	51	49	74	137	140	32	0	255
 76449	51	49	74	137	140	31	0	255
 76494	51	49	74	137	140	32	0	255
 76539	51	49	74	137	140	31	0	255
 76585	51	49	74	137	140	31	0	255
 76630	51	49	74	137	140	29	0	255
 76675	51	49	74	137	140	31	0	255
 76721	51	49	74	137	140	30	0	255
 76766	51	49	74	137	140	31	0	255
 76811	51	49	74	137	140	30	0	255
 76857	51	49	74	136	140	31	0	255
 76902	51	49	74	136	140	30	0	255
 76948	51	49	74	136	140	29	0	255
 76993	51	49	74	136	140	31	0	255
 77038	51	49	74	136	140	30	0	255
 77084	51	49	74	136	140	29	0	255
 77129	51	49	74	136	140	30	0	255
 77174	51	49	74	136	140	29	0	255
 77220	51	49	74	136	140	29	0	255
 77265	51	49	74	136	140	31	0	255
 77310	51	49	74	136	140	30	0	255
 77356	51	49	74	136	140	29	0	255
 77401	51	49	74	136	140	30	0	255
 77446	51	49	74	136	140	29	0	255
 77492	51	49	74	136	140	29	0	255
 77537	51	49	74	136	140	28	0	255
 77582	51	49	74	136	140	29	0	255
 77628	51	49	74	136	140	29	0	255
 77673	51	49	74	136	140	29	0	255
 77719	51	49	74	136	140	26	0	255
 77764	51	49	74	136	140	28	0	255
 77809	51	49	74	136	140	29	0	255
 77855	51	49	74	136	140	28	0	255
 77900	51	49	74	136	140	28	0	255
 77945	50	49	74	136	140	28	0	255
 77991	50	49	74	136	140	29	0	255
 78036	50	49	74	136	140	29	0	255
 78081	50	49	74	136	140	28	0	255
 78127	50	49	74	136	140	26	0	255
 78172	50	49	74	136	140	28	0	255
 78217	50	49	74	136	140	28	0	255
 78263	50	49	74	136	140	26	0	255
 78308	50	49	74	136	140	29	0	255
 78353	50	49	74	136	140	28	0	255
 78399	50	49	74	136	140	29	0	255
 78444	50	49	74	136	140	28	0	255
 78489	50	49	74	136	140	26	0	255
 78535	50	49	74	136	140	25	0	255
 78580	50	49	74	136	140	25	0	255
 78626	50	49	74	136	140	28	0	255
 78671	50	49	74	136	140	28	0	255
 78716	50	49	74	136	140	26	0	255
 78762	50	49	74	136	140	25	0	255
 78807	50	49	74	136	140	26	0	255
 78852	50	49	74	136	140	26	0	255
 78898	50	49	74	136	140	26	0	255
 78943	50	49	74	136	140	26	0	255
 78988	50	49	74	136	140	26	0	255
 79034	50	49	74	136	140	25	0	255
 79079	50	49	74	136	140	25	0	255
 79124	50	49	74	136	140	25	0	255
 79170	50	49	74	136	140	25	0	255
 79215	50	49	74	136	140	24	0	255
 79260	50	49	74	136	140	25	0	255
 79306	50	49	74	136	140	25	0	255
 79351	50	49	74	136	140	25	0	255
 79396	50	49	74	136	140	25	0	255
 79442	50	49	74	136	140	25	0	255
 79487	50	49	74	136	140	24	0	255
 79533	50	49	74	136	140	25	0	255
 79578	50	49	74	136	140	26	0	255
 79623	50	49	74	136	140	24	0	255
 79669	50	49	74	136	140	25	0	255
 79714	50	49	74	136	140	24	0	255
 79759	50	49	74	136	140	25	0	255
 79805	50	49	74	136	140	24	0	255
 79850	50	49	74	136	140	25	0	255
 79895	50	49	74	136	140	24	0	255
 79941	50	49	74	136	140	24	0	255
 79986	50	49	73	136	140	25	0	255
 80031	50	49	74	136	140	24	0	255
 80077	50	49	73	136	140	25	0	255
 80122	50	49	73	136	140	25	0	255
 80167	50	49	73	136	140	25	0	255
 80213	50	49	73	136	140	25	0	255
 80258	50	49	73	136	140	24	0	255
 80304	50	49	73	136	140	25	0	255
 80349	50	49	73	136	140	25	0	255
 80394	50	49	73	136	140	25	0	255
 80440	50	49	73	136	140	24	0	255
 80485	50	49	73	136	140	25	0	255
 80530	50	49	73	136	140	24	0	255
 80576	50	49	73	136	140	24	0	255
 80621	50	49	73	136	140	25	0	255
 80666	50	49	73	136	140	25	0	255
 80712	50	49	73	136	139	24	0	255
 80757	50	49	73	136	140	25	0	255
 80802	50	49	73	136	139	24	0	255
 80848	50	49	73	136	140	24	0	255
 80893	50	49	73	136	139	24	0	255
 80938	50	49	73	136	139	25	0	255
 80984	50	49	73	136	139	24	0	255
 81029	50	49	73	136	139	24	0	255
 81075	50	49	73	136	139	24	0	255
 81120	50	49	73	136	139	25	0	255
 81165	50	49	73	136	139	24	0	255
 81211	50	49	73	136	139	24	0	255
 81256	50	49	73	136	139	24	0	255
 81301	50	49	73	136	139	24	0	255
 81347	50	49	73	136	139	25	0	255
 81392	50	49	73	136	139	24	0	255
 81437	50	49	73	136	139	25	0	255
 81483	50	49	73	136	139	25	0	255
 81528	50	49	73	136	139	24	0	255
 81573	50	49	73	136	139	24	0	255
 81619	50	49	73	136	139	24	0	255
 81664	50	49	73	136	139	25	0	255
 81709	50	49	73	136	139	24	0	255
 81755	50	49	73	136	139	25	0	255
 81800	50	49	73	136	139	24	0	255
 81846	50	49	73	136	139	25	0	255
 81891	50	49	73	136	139	25	0	255
 81936	50	49	73	136	139	25	0	255
 81982	50	49	73	136	139	24	0	255
 82027	50	49	73	136	139	24	0	255
 82072	50	49	73	136	139	24	0	255
 82118	50	49	73	136	139	24	0	255
 82163	50	49	73	136	139	25	0	255
 82208	50	49	73	136	139	25	0	255
 82254	50	49	73	136	139	24	0	255
 82299	50	49	73	136	139	24	0	255
 82344	50	49	73	136	139	25	0	255
 82390	50	49	73	136	139	25	0	255
 82435	50	49	73	136	139	25	0	255
 82480	50	49	73	136	139	24	0	255
 82526	50	49	73	136	139	24	0	255
 82571	50	49	73	136	139	25	0	255
 82616	50	49	73	136	139	24	0	255
 82662	50	49	73	136	139	26	0	255
 82707	50	49	73	136	139	25	0	255
 82753	50	49	73	136	139	25	0	255
 82798	50	49	73	136	139	24	0	255
 82843	50	49	73	136	139	25	0	255
 82889	50	49	73	136	139	25	0	255
 82934	50	49	73	136	139	24	0	255
 82979	50	49	73	136	139	25	0	255
 83025	50	49	73	136	139	24	0	255
 83070	50	49	73	136	139	25	0	255
 83115	50	49	73	136	139	25	0	255
 83161	50	49	73	136	139	24	0	255
 83206	50	49	73	135	139	24	0	255
 83251	50	49	73	136	139	25	0	255
 83297	50	49	73	136	139	25	0	255
 83342	50	49	73	136	139	25	0	255
 83387	50	49	73	136	139	25	0	255
 83433	50	49	73	136	139	25	0	255
 83478	50	49	73	135	139	25	0	255
 83524	50	49	73	135	139	25	0	255
 83569	50	49	73	135	139	24	0	255
 83614	50	49	73	135	139	24	0	255
 83660	50	49	73	135	139	25	0	255
 83705	50	49	73	135	139	25	0	255
 83750	50	49	73	135	139	25	0	255
 83796	50	49	73	135	139	25	0	255
 83841	50	49	73	135	139	25	0	255
 83886	50	49	73	135	139	24	0	255
 83932	50	49	73	135	139	24	0	255
 83977	50	49	73	135	139	24	0	255
 84022	50	49	73	135	139	25	0	255
 84068	50	49	73	135	139	25	0	255
 84113	50	49	73	135	139	25	0	255
 84158	50	49	73	135	139	24	0	255
 84204	50	49	73	135	139	25	0	255
 84249	50	49	73	135	139	24	0	255
 84294	50	49	73	135	139	25	0	255
 84340	50	49	73	135	139	25	0	255
 84385	50	49	73	135	139	25	0	255
 84431	50	49	73	135	139	25	0	255
 84476	49	49	73	135	139	25	0	255
 84521	50	49	73	135	139	25	0	255
 84567	49	49	73	135	139	24	0	255
 84612	50	49	73	135	139	25	0	255
 84657	50	49	73	135	139	24	0	255
 84703	50	49	73	135	139	24	0	255
 84748	50	49	73	135	139	25	0	255
 84793	50	49	73	135	139	24	0	255
 84839	50	49	73	135	139	24	0	255
 84884	50	49	73	135	139	24	0	255
 84929	49	49	73	135	139	26	0	255
 84975	49	49	73	135	139	24	0	255
 85020	49	49	73	135	139	24	0	255
 85065	49	49	73	135	139	25	0	255
 85111	49	49	73	135	139	24	0	255
 85156	49	49	73	135	139	24	0	255
 85202	49	49	73	135	139	24	0	255
 85247	49	49	73	135	139	24	0	255
 85292	49	49	73	135	139	25	0	255
 85338	49	49	73	135	139	25	0	255
 85383	49	49	73	135	139	24	0	255
 85428	49	49	73	135	139	24	0	255
 85474	49	49	73	135	139	24	0	255
 85519	49	49	73	135	139	24	0	255
 85564	49	49	73	135	139	25	0	255
 85610	49	49	73	135	139	23	0	255
 85655	49	49	73	135	139	24	0	255
 85700	49	49	73	135	139	25	0	255
 85746	49	49	73	135	139	24	0	255
 85791	49	49	73	135	139	24	0	255
 85836	49	49	73	135	139	24	0	255
 85882	49	49	73	135	139	24	0	255
 85927	49	49	73	135	139	24	0	255
 85972	49	49	73	135	139	25	0	255
 86018	49	49	73	135	139	24	0	255
 86063	49	49	73	135	139	24	0	255
 86109	49	49	73	135	139	25	0	255
 86154	49	49	73	135	139	24	0	255
 86201	49	49	73	135	139	23	0	255
 86245	49	49	73	135	139	25	0	255
 86290	49	49	73	135	139	24	0	255
 86335	49	49	73	135	139	24	0	255
 86381	49	48	73	135	139	24	0	255
