15	01	12	00	02	34	34	44	89	92	11	0	255
 15	01	12	00	04	34	34	44	89	92	11	0	255
 15	01	12	00	06	34	34	44	89	92	11	0	255
 15	01	12	00	08	34	34	44	89	92	10	0	255
 15	01	12	00	10	34	34	44	89	92	10	0	255
 15	01	12	00	12	34	34	44	89	92	10	0	255
 15	01	12	00	14	34	34	44	89	92	11	0	255
 15	01	12	00	16	34	34	44	89	92	11	0	255
 15	01	12	00	18	34	34	44	88	92	10	0	255
 15	01	12	00	20	34	34	44	89	92	8	0	255
 15	01	12	00	22	34	34	41	88	92	10	0	255
 15	01	12	00	24	34	34	36	88	92	8	0	255
 15	01	12	00	26	34	34	35	88	92	10	0	255
 15	01	12	00	28	34	34	34	88	92	8	0	255
 15	01	12	00	32	34	34	33	88	92	8	0	255
 15	01	12	00	34	34	34	33	88	92	8	0	255
 15	01	12	00	36	34	34	33	88	92	8	0	255
 15	01	12	00	38	34	34	33	88	92	7	0	255
 15	01	12	00	40	34	34	33	88	92	7	0	255
 15	01	12	00	42	34	34	33	88	92	8	0	255
 15	01	12	00	44	34	34	33	88	92	8	0	255
 15	01	12	00	46	34	34	33	88	92	7	0	255
 15	01	12	00	48	34	34	33	88	92	7	0	255
 15	01	12	00	50	34	34	33	88	92	6	0	255
 15	01	12	00	52	34	34	33	88	92	7	0	255
 15	01	12	00	54	34	34	33	88	92	7	0	255
 15	01	12	00	56	34	34	33	88	92	7	0	255
 15	01	12	00	58	34	34	33	88	92	7	0	255
 15	01	12	01	00	34	34	33	88	92	7	0	255
 15	01	12	01	00	34	34	33	88	92	7	0	255
 15	01	12	01	02	34	34	33	88	92	7	0	255
 15	01	12	01	04	34	34	33	88	92	7	0	255
 15	01	12	01	06	34	34	33	88	92	7	0	255
 15	01	12	01	08	34	34	33	88	92	8	0	255
 15	01	12	01	10	34	34	33	88	92	8	0	255
 15	01	12	01	12	34	34	33	88	92	7	0	255
 15	01	12	01	14	34	34	33	88	92	7	0	255
 15	01	12	01	16	34	34	34	88	92	7	0	255
 15	01	12	01	18	34	34	34	88	92	8	0	255
 15	01	12	01	20	34	34	34	88	92	8	0	255
 15	01	12	01	22	34	34	34	88	92	7	0	255
 15	01	12	01	24	34	34	34	88	92	7	0	255
 15	01	12	01	26	34	34	34	88	92	7	0	255
 15	01	12	01	28	34	34	34	88	92	7	0	255
 15	01	12	01	30	34	34	34	88	92	7	0	255
 15	01	12	01	32	34	34	34	88	92	7	0	255
 15	01	12	01	34	34	34	34	88	92	7	0	255
 15	01	12	01	36	34	34	34	88	92	7	0	255
 15	01	12	01	38	34	34	34	88	92	8	0	255
 15	01	12	01	40	34	34	34	87	92	7	0	255
 15	01	12	01	44	34	34	34	87	92	8	0	255
 15	01	12	01	46	34	34	34	87	92	7	0	255
 15	01	12	01	48	34	34	34	87	92	7	0	255
 15	01	12	01	50	34	34	34	87	92	7	0	255
 15	01	12	01	52	34	34	34	87	91	7	0	255
 15	01	12	01	54	34	34	34	87	91	7	0	255
 15	01	12	01	56	34	34	34	87	91	6	0	255
 15	01	12	01	58	34	34	34	87	91	7	0	255
 15	01	12	02	00	34	34	34	87	91	6	0	255
 15	01	12	02	02	34	34	34	87	91	6	0	255
 15	01	12	02	04	34	34	34	87	91	6	0	255
 15	01	12	02	06	34	34	34	87	91	5	0	255
 15	01	12	02	08	34	34	34	87	91	5	0	255
 15	01	12	02	10	34	34	34	87	91	6	0	255
 15	01	12	02	12	34	34	34	87	91	6	0	255
 15	01	12	02	14	34	34	34	87	91	6	0	255
 15	01	12	02	16	34	34	34	87	91	6	0	255
 15	01	12	02	18	34	34	34	87	91	5	0	255
 15	01	12	02	20	34	34	34	87	91	6	0	255
 15	01	12	02	22	34	34	34	87	91	5	0	255
 15	01	12	02	24	34	34	34	87	91	5	0	255
 15	01	12	02	26	34	34	34	87	91	6	0	255
 15	01	12	02	28	34	34	34	87	91	6	0	255
 15	01	12	02	30	34	34	34	87	91	5	0	255
 15	01	12	02	32	34	34	34	87	91	5	0	255
 15	01	12	02	34	34	34	35	87	91	5	0	255
 15	01	12	02	36	34	34	35	87	91	5	0	255
 15	01	12	02	38	34	34	35	87	91	6	0	255
 15	01	12	02	40	34	34	35	87	91	5	0	255
 15	01	12	02	42	34	34	35	87	91	6	0	255
 15	01	12	02	44	34	34	35	87	91	5	0	255
 15	01	12	02	46	34	34	35	87	91	4	0	255
 15	01	12	02	48	34	34	35	87	91	5	0	255
 15	01	12	02	50	34	34	35	87	91	5	0	255
 15	01	12	02	52	34	34	35	87	91	6	0	255
 15	01	12	02	54	34	34	35	87	91	5	0	255
 15	01	12	02	56	34	34	35	87	91	6	0	255
 15	01	12	02	58	34	34	35	87	91	6	0	255
 15	01	12	03	00	34	34	35	87	91	5	0	255
 15	01	12	03	02	34	34	35	87	91	6	0	255
 15	01	12	03	04	34	34	35	87	91	5	0	255
 15	01	12	03	06	34	34	35	87	91	5	0	255
 15	01	12	03	08	34	34	35	87	91	6	0	255
 15	01	12	03	10	34	34	35	87	91	6	0	255
 15	01	12	03	12	34	34	35	87	91	5	0	255
 15	01	12	03	14	34	34	35	87	91	6	0	255
 15	01	12	03	16	34	34	35	87	91	6	0	255
 15	01	12	03	18	34	34	35	87	91	5	0	255
 15	01	12	03	20	34	34	35	87	91	6	0	255
 15	01	12	03	22	34	34	35	87	91	6	0	255
 15	01	12	03	24	34	34	35	87	91	6	0	255
 15	01	12	03	26	34	34	35	87	91	6	0	255
 15	01	12	03	28	34	34	35	87	91	6	0	255
 15	01	12	03	30	34	34	35	87	91	6	0	255
 15	01	12	03	32	34	34	35	87	91	5	0	255
 15	01	12	03	34	34	34	35	87	91	6	0	255
 15	01	12	03	36	34	34	35	87	91	6	0	255
 15	01	12	03	38	34	34	35	87	91	6	0	255
 15	01	12	03	40	34	34	35	87	91	5	0	255
 15	01	12	03	42	34	34	35	87	91	6	0	255
 15	01	12	03	44	34	34	35	87	91	6	0	255
 15	01	12	03	46	34	34	35	87	91	6	0	255
 15	01	12	03	48	34	34	35	87	91	6	0	255
 15	01	12	03	50	34	34	35	87	91	6	0	255
 15	01	12	03	52	34	34	35	87	91	6	0	255
 15	01	12	03	54	34	34	35	87	91	6	0	255
 15	01	12	03	56	34	34	35	87	91	7	0	255
 15	01	12	03	58	34	34	35	87	91	6	0	255
 15	01	12	04	00	34	34	35	87	91	6	0	255
 15	01	12	04	00	34	34	35	87	91	7	0	255
 15	01	12	04	02	34	34	35	87	91	7	0	255
 15	01	12	04	04	34	34	35	87	91	7	0	255
 15	01	12	04	06	34	34	35	87	91	6	0	255
 15	01	12	04	08	33	34	35	87	91	6	0	255
 15	01	12	04	10	33	34	35	87	91	6	0	255
 15	01	12	04	12	33	34	35	87	91	6	0	255
 15	01	12	04	14	33	33	35	87	91	6	0	255
 15	01	12	04	16	33	34	35	87	91	6	0	255
 15	01	12	04	18	33	33	36	87	91	6	0	255
 15	01	12	04	20	33	33	35	87	91	6	0	255
 15	01	12	04	22	33	33	36	87	91	6	0	255
 15	01	12	04	24	33	33	36	87	91	6	0	255
 15	01	12	04	26	33	33	36	87	91	6	0	255
 15	01	12	04	28	33	33	36	87	91	7	0	255
 15	01	12	04	30	33	33	36	87	91	6	0	255
 15	01	12	04	32	33	33	36	87	91	6	0	255
 15	01	12	04	34	33	33	36	87	91	7	0	255
 15	01	12	04	36	33	33	36	86	91	6	0	255
 15	01	12	04	38	33	33	36	87	91	6	0	255
 15	01	12	04	40	33	33	36	86	91	6	0	255
 15	01	12	04	42	33	33	36	86	91	6	0	255
 15	01	12	04	44	33	33	36	86	91	6	0	255
 15	01	12	04	46	33	33	36	86	91	7	0	255
 15	01	12	04	48	33	33	36	86	91	6	0	255
 15	01	12	04	50	33	33	36	86	91	7	0	255
 15	01	12	04	52	33	33	36	86	91	6	0	255
 15	01	12	04	54	33	33	36	86	91	6	0	255
 15	01	12	04	56	33	33	36	86	91	7	0	255
 15	01	12	04	58	33	33	36	86	90	6	0	255
 15	01	12	05	00	33	33	36	86	91	6	0	255
 15	01	12	05	02	33	33	36	86	90	7	0	255
 15	01	12	05	04	33	33	36	86	90	7	0	255
 15	01	12	05	06	33	33	36	86	90	6	0	255
 15	01	12	05	08	33	33	36	86	90	6	0	255
 15	01	12	05	10	33	33	36	86	90	6	0	255
 15	01	12	05	12	33	33	36	86	90	6	0	255
 15	01	12	05	14	33	33	36	86	90	6	0	255
 15	01	12	05	16	33	33	36	86	90	6	0	255
 15	01	12	05	18	33	33	36	86	90	6	0	255
 15	01	12	05	20	33	33	36	86	90	6	0	255
 15	01	12	05	22	33	33	36	86	90	6	0	255
 15	01	12	05	24	33	33	36	86	90	6	0	255
 15	01	12	05	26	33	33	36	86	90	7	0	255
 15	01	12	05	28	33	33	36	86	90	6	0	255
 15	01	12	05	30	33	33	36	86	90	6	0	255
 15	01	12	05	32	33	33	36	86	90	6	0	255
 15	01	12	05	34	33	33	36	86	90	7	0	255
 15	01	12	05	36	33	33	36	86	90	6	0	255
 15	01	12	05	38	33	33	36	86	90	5	0	255
 15	01	12	05	40	33	33	36	86	90	5	0	255
 15	01	12	05	42	33	33	36	86	90	5	0	255
 15	01	12	05	44	33	33	36	86	90	5	0	255
 15	01	12	05	46	33	33	36	86	90	6	0	255
 15	01	12	05	48	33	33	36	86	90	4	0	255
 15	01	12	05	50	33	33	36	86	90	5	0	255
 15	01	12	05	52	33	33	36	86	90	6	0	255
 15	01	12	05	54	33	33	36	86	90	6	0	255
 15	01	12	05	56	33	33	36	86	90	6	0	255
 15	01	12	05	58	33	33	36	86	90	5	0	255
 15	01	12	06	00	33	33	36	86	90	5	0	255
 15	01	12	06	02	33	33	36	86	90	6	0	255
 15	01	12	06	04	33	33	36	86	90	6	0	255
 15	01	12	06	06	33	33	36	86	90	7	0	255
 15	01	12	06	08	33	33	36	86	90	5	0	255
 15	01	12	06	10	33	33	36	86	90	6	0	255
 15	01	12	06	12	33	33	36	86	90	6	0	255
 15	01	12	06	14	33	33	36	86	90	6	0	255
 15	01	12	06	16	33	33	36	86	90	6	0	255
 15	01	12	06	18	33	33	36	86	90	6	0	255
 15	01	12	06	20	33	33	36	86	90	6	0	255
 15	01	12	06	22	33	33	36	86	90	5	0	255
 15	01	12	06	24	33	33	36	86	90	6	0	255
 15	01	12	06	26	33	33	36	86	90	6	0	255
 15	01	12	06	28	33	33	36	86	90	6	0	255
 15	01	12	06	30	33	33	36	86	90	6	0	255
 15	01	12	06	32	33	33	36	86	90	6	0	255
 15	01	12	06	34	33	33	36	86	90	6	0	255
 15	01	12	06	36	33	33	36	86	90	6	0	255
 15	01	12	06	38	33	33	36	86	90	6	0	255
 15	01	12	06	40	33	33	36	86	90	6	0	255
 15	01	12	06	42	33	33	36	86	90	5	0	255
 15	01	12	06	44	33	33	36	86	90	7	0	255
 15	01	12	06	46	33	33	36	86	90	6	0	255
 15	01	12	06	48	33	33	36	86	90	6	0	255
 15	01	12	06	50	33	33	36	86	90	6	0	255
 15	01	12	06	52	33	33	36	86	90	6	0	255
 15	01	12	06	54	33	33	36	86	90	6	0	255
 15	01	12	06	56	33	33	36	86	90	6	0	255
 15	01	12	06	58	33	33	36	86	90	6	0	255
 15	01	12	07	00	33	33	36	86	90	7	0	255
 15	01	12	07	00	33	33	36	86	90	6	0	255
 15	01	12	07	02	33	33	36	86	90	5	0	255
 15	01	12	07	04	33	33	36	86	90	6	0	255
 15	01	12	07	06	33	33	36	86	90	6	0	255
 15	01	12	07	08	33	33	36	86	90	5	0	255
 15	01	12	07	10	33	33	36	86	90	6	0	255
 15	01	12	07	12	33	33	36	86	90	5	0	255
 15	01	12	07	14	33	33	36	86	90	5	0	255
 15	01	12	07	16	33	33	36	86	90	5	0	255
 15	01	12	07	18	33	33	36	86	90	5	0	255
 15	01	12	07	20	33	33	36	86	90	5	0	255
 15	01	12	07	22	33	33	36	86	90	6	0	255
 15	01	12	07	24	33	33	36	86	90	5	0	255
 15	01	12	07	26	33	33	36	86	90	6	0	255
 15	01	12	07	28	33	33	36	86	90	5	0	255
 15	01	12	07	30	33	33	36	85	90	5	0	255
 15	01	12	07	32	33	33	36	85	90	6	0	255
 15	01	12	07	34	33	33	34	85	90	5	0	255
 15	01	12	07	36	33	33	33	85	90	5	0	255
 15	01	12	07	40	33	33	33	85	90	5	0	255
 15	01	12	07	42	33	33	33	85	90	4	0	255
 15	01	12	07	44	33	33	32	85	90	4	0	255
 15	01	12	07	46	33	33	32	85	90	5	0	255
 15	01	12	07	48	33	33	32	85	90	5	0	255
 15	01	12	07	50	33	33	32	85	90	5	0	255
 15	01	12	07	52	33	33	32	85	90	5	0	255
 15	01	12	07	54	33	33	32	85	90	5	0	255
 15	01	12	07	58	33	33	32	85	90	4	0	255
 15	01	12	08	00	33	33	32	85	90	5	0	255
 15	01	12	08	02	33	33	32	85	90	4	0	255
 15	01	12	08	04	33	33	32	85	89	5	0	255
 15	01	12	08	06	33	33	32	85	89	5	0	255
 15	01	12	08	08	33	33	32	85	89	5	0	255
 15	01	12	08	10	33	33	32	85	89	5	0	255
 15	01	12	08	12	33	33	32	85	89	4	0	255
 15	01	12	08	14	33	33	32	85	89	5	0	255
 15	01	12	08	16	33	33	32	85	89	5	0	255
 15	01	12	08	20	33	33	32	85	89	4	0	255
 15	01	12	08	22	33	33	32	85	89	5	0	255
 15	01	12	08	24	33	33	32	85	89	5	0	255
 15	01	12	08	26	33	33	32	85	89	4	0	255
 15	01	12	08	28	33	33	32	85	89	5	0	255
 15	01	12	08	30	33	33	32	85	89	6	0	255
 15	01	12	08	32	33	33	32	85	89	5	0	255
 15	01	12	08	34	33	33	32	85	89	6	0	255
 15	01	12	08	36	33	33	32	85	89	6	0	255
 15	01	12	08	38	33	33	31	84	89	6	0	255
 15	01	12	08	40	33	33	29	84	89	6	0	255
 15	01	12	08	42	33	33	28	84	89	7	0	255
 15	01	12	08	44	33	33	27	83	89	8	0	255
 15	01	12	08	46	33	33	25	83	89	8	0	255
 15	01	12	08	48	33	33	25	83	89	7	0	255
 15	01	12	08	50	33	33	24	82	89	8	0	255
 15	01	12	08	52	33	33	24	82	89	10	0	255
 15	01	12	08	54	33	33	23	82	89	10	0	255
 15	01	12	08	56	33	33	23	82	89	10	0	255
 15	01	12	08	58	33	33	23	82	89	11	0	255
 15	01	12	09	00	33	33	23	82	89	10	0	255
 15	01	12	09	00	33	33	23	82	89	12	0	255
 15	01	12	09	02	33	33	23	82	89	12	0	255
 15	01	12	09	04	33	33	23	82	89	13	0	255
 15	01	12	09	06	33	33	23	82	89	13	0	255
 15	01	12	09	08	33	33	23	82	89	13	0	255
 15	01	12	09	10	33	33	23	82	89	14	0	255
 15	01	12	09	12	33	33	23	82	89	14	0	255
 15	01	12	09	14	33	33	22	81	89	14	0	255
 15	01	12	09	16	33	33	22	81	89	17	0	255
 15	01	12	09	18	33	33	22	81	89	16	0	255
 15	01	12	09	20	33	33	22	81	89	17	0	255
 15	01	12	09	22	33	33	22	81	89	17	0	255
 15	01	12	09	24	33	33	22	81	89	18	0	255
 15	01	12	09	26	33	33	22	81	89	19	0	255
 15	01	12	09	28	33	33	22	81	89	19	0	255
 15	01	12	09	30	33	33	22	81	89	20	0	255
 15	01	12	09	32	33	33	22	81	89	20	0	255
 15	01	12	09	34	33	33	22	81	89	20	0	255
 15	01	12	09	36	33	33	22	81	89	20	0	255
 15	01	12	09	38	33	33	22	81	89	20	0	255
 15	01	12	09	40	33	33	22	81	89	22	0	255
 15	01	12	09	44	33	33	22	81	89	23	0	255
 15	01	12	09	46	33	33	22	81	89	24	0	255
 15	01	12	09	48	33	33	22	81	89	24	0	255
 15	01	12	09	50	33	33	22	81	88	24	0	255
 15	01	12	09	52	33	33	22	81	88	24	0	255
 15	01	12	09	54	33	33	22	81	88	25	0	255
 15	01	12	09	56	33	33	22	81	88	25	0	255
 15	01	12	09	58	33	33	22	81	88	26	0	255
 15	01	12	10	00	33	33	22	81	88	28	0	255
 15	01	12	10	02	33	33	22	81	88	28	0	255
 15	01	12	10	04	33	33	22	81	88	28	0	255
 15	01	12	10	06	33	33	22	81	88	29	0	255
 15	01	12	10	08	33	33	22	81	88	30	0	255
 15	01	12	10	10	33	33	22	81	88	31	0	255
 15	01	12	10	12	33	33	22	81	88	31	0	255
 15	01	12	10	14	33	33	22	81	88	32	0	255
 15	01	12	10	16	33	33	22	81	88	34	0	255
 15	01	12	10	18	33	33	22	81	88	35	0	255
 15	01	12	10	20	33	33	22	81	88	36	0	255
 15	01	12	10	22	33	33	22	81	88	36	0	255
 15	01	12	10	24	33	33	22	81	88	37	0	255
 15	01	12	10	28	33	33	22	81	88	38	0	255
 15	01	12	10	30	33	33	22	81	88	38	0	255
 15	01	12	10	32	33	33	22	81	88	41	0	255
 15	01	12	10	34	33	33	22	81	88	42	0	255
 15	01	12	10	36	33	33	22	81	88	44	0	255
 15	01	12	10	38	33	33	22	81	88	42	0	255
 15	01	12	10	40	33	33	22	81	88	45	0	255
 15	01	12	10	42	33	33	22	81	88	45	0	255
 15	01	12	10	44	33	33	22	81	88	46	0	255
 15	01	12	10	46	33	33	22	81	88	46	0	255
 15	01	12	10	48	33	33	22	81	88	47	0	255
 15	01	12	10	50	33	33	22	81	88	47	0	255
 15	01	12	10	52	31	28	22	81	88	53	8	255
 15	01	12	10	54	42	26	22	81	88	53	8	255
 15	01	12	10	56	43	29	22	81	88	56	8	255
 15	01	12	10	58	44	30	22	81	88	52	8	255
 15	01	12	11	00	40	30	22	81	88	45	0	255
 15	01	12	11	02	38	31	22	81	88	46	0	255
 15	01	12	11	04	38	31	22	81	88	47	0	255
 15	01	12	11	06	37	31	22	81	88	50	0	255
 15	01	12	11	08	37	31	22	81	88	51	0	255
 15	01	12	11	10	37	29	22	81	88	53	8	255
 15	01	12	11	12	42	29	23	81	88	51	8	255
 15	01	12	11	14	43	31	23	81	88	53	8	255
 15	01	12	11	16	43	32	23	81	88	51	8	255
 15	01	12	11	18	41	32	23	81	88	48	0	255
 15	01	12	11	20	40	32	23	81	88	47	0	255
 15	01	12	11	22	39	32	23	81	88	50	0	255
 15	01	12	11	24	39	32	23	81	88	50	0	255
 15	01	12	11	26	39	32	23	81	88	51	0	255
 15	01	12	11	28	38	33	23	81	88	52	0	255
 15	01	12	11	30	37	32	23	81	88	54	8	255
 15	01	12	11	32	42	29	23	81	88	56	8	255
 15	01	12	11	34	44	31	23	81	88	53	8	255
 15	01	12	11	36	44	33	23	81	88	54	8	255
 15	01	12	11	38	43	33	23	81	88	50	0	255
 15	01	12	11	40	42	34	23	81	88	50	0	255
 15	01	12	11	42	41	34	23	81	88	50	0	255
 15	01	12	11	44	40	34	23	81	88	53	0	255
 15	01	12	11	46	40	34	23	81	88	54	0	255
 15	01	12	11	48	39	34	24	81	88	56	8	255
 15	01	12	11	50	43	31	24	81	88	58	8	255
 15	01	12	11	52	46	33	24	81	88	58	8	255
 15	01	12	11	54	47	34	24	81	88	60	8	255
 15	01	12	11	56	48	35	24	81	88	57	8	255
 15	01	12	12	00	45	36	24	81	88	56	8	255
 15	01	12	12	00	46	36	24	81	88	58	8	255
 15	01	12	12	02	47	36	24	81	88	60	8	255
 15	01	12	12	04	48	36	24	81	88	60	8	255
 15	01	12	12	06	48	37	24	81	88	60	8	255
 15	01	12	12	08	48	37	24	81	88	60	8	255
 15	01	12	12	10	48	37	24	81	88	58	8	255
 15	01	12	12	12	47	37	25	81	88	57	8	255
 15	01	12	12	14	47	38	25	81	88	57	8	255
 15	01	12	12	16	46	38	25	81	88	56	8	255
 15	01	12	12	18	46	38	25	81	88	56	8	255
 15	01	12	12	20	46	38	25	81	88	56	0	255
 15	01	12	12	22	45	38	25	81	88	57	0	255
 15	01	12	12	24	45	38	25	81	88	60	0	255
 15	01	12	12	26	44	38	25	81	88	60	8	255
 15	01	12	12	28	48	36	25	81	88	62	8	255
 15	01	12	12	30	49	38	26	81	88	61	8	255
 15	01	12	12	32	49	39	26	81	88	60	8	255
 15	01	12	12	34	49	39	26	81	88	57	8	255
 15	01	12	12	36	47	39	26	81	88	57	0	255
 15	01	12	12	38	46	39	26	81	88	58	0	255
 15	01	12	12	40	45	39	26	81	88	60	0	255
 15	01	12	12	42	44	38	26	81	88	61	8	255
 15	01	12	12	44	49	37	26	81	88	64	8	255
 15	01	12	12	46	50	38	26	81	88	61	8	255
 15	01	12	12	48	50	40	26	81	88	62	8	255
 15	01	12	12	50	49	40	27	81	88	56	0	255
 15	01	12	12	52	47	40	27	81	88	56	0	255
 15	01	12	12	54	46	40	27	81	88	57	0	255
 15	01	12	12	56	46	39	27	81	88	57	0	255
 15	01	12	12	58	45	39	27	80	88	57	0	255
 15	01	12	13	00	44	39	27	81	88	58	0	255
 15	01	12	13	02	44	39	27	81	88	60	0	255
 15	01	12	13	04	43	38	27	80	88	60	0	255
 15	01	12	13	06	43	38	27	81	87	61	0	255
 15	01	12	13	08	42	38	27	81	88	61	0	255
 15	01	12	13	10	47	37	27	81	87	67	8	255
 15	01	12	13	12	51	39	27	80	87	64	8	255
 15	01	12	13	14	51	40	27	80	87	62	8	255
 15	01	12	13	16	50	41	27	80	87	57	0	255
 15	01	12	13	18	48	40	27	80	87	56	0	255
 15	01	12	13	20	47	40	28	80	87	57	0	255
 15	01	12	13	22	46	40	28	80	87	57	0	255
 15	01	12	13	24	45	39	28	80	87	58	0	255
 15	01	12	13	26	45	39	28	80	87	58	0	255
 15	01	12	13	28	44	39	28	80	87	60	0	255
 15	01	12	13	30	44	39	28	80	87	61	0	255
 15	01	12	13	32	43	38	28	80	87	61	0	255
 15	01	12	13	34	43	38	28	80	87	61	0	255
 15	01	12	13	36	42	38	28	80	87	62	0	255
 15	01	12	13	38	41	37	28	80	87	65	8	255
 15	01	12	13	40	51	39	28	80	87	66	8	255
 15	01	12	13	42	52	40	28	80	87	66	8	255
 15	01	12	13	44	53	41	28	80	87	64	8	255
 15	01	12	13	46	50	41	28	80	87	58	0	255
 15	01	12	13	48	48	41	28	80	87	58	0	255
 15	01	12	13	50	47	41	28	80	87	61	0	255
 15	01	12	13	52	46	40	28	80	87	61	0	255
 15	01	12	13	54	46	40	28	80	87	61	0	255
 15	01	12	13	56	45	40	29	80	87	62	0	255
 15	01	12	13	58	44	40	28	80	87	64	0	255
 15	01	12	14	00	48	39	29	80	87	67	8	255
 15	01	12	14	02	53	41	29	80	87	67	8	255
 15	01	12	14	04	54	42	29	80	87	71	8	255
 15	01	12	14	06	55	42	29	80	87	67	8	255
 15	01	12	14	08	54	43	29	80	87	66	8	255
 15	01	12	14	10	54	43	29	80	87	67	8	255
 15	01	12	14	12	54	43	29	80	87	67	8	255
 15	01	12	14	14	54	44	29	80	87	67	8	255
 15	01	12	14	16	54	44	29	80	87	65	8	255
 15	01	12	14	20	53	44	29	80	87	66	8	255
 15	01	12	14	22	54	44	30	80	87	68	8	255
 15	01	12	14	24	55	45	30	80	87	68	8	255
 15	01	12	14	26	56	45	30	80	87	70	8	255
 15	01	12	14	28	56	45	30	80	87	67	8	255
 15	01	12	14	30	55	45	30	80	87	65	8	255
 15	01	12	14	32	53	45	30	80	87	65	8	255
 15	01	12	14	34	52	45	30	80	87	62	0	255
 15	01	12	14	36	50	45	30	80	87	62	0	255
 15	01	12	14	38	50	44	30	80	87	64	0	255
 15	01	12	14	40	49	44	30	80	87	66	0	255
 15	01	12	14	42	48	43	30	80	87	66	0	255
 15	01	12	14	44	47	43	31	80	87	66	0	255
 15	01	12	14	46	46	42	31	80	87	67	8	255
 15	01	12	14	48	46	42	31	80	87	68	8	255
 15	01	12	14	50	45	41	31	80	87	68	8	255
 15	01	12	14	52	45	41	31	80	87	70	8	255
 15	01	12	14	54	44	41	31	80	87	70	8	255
 15	01	12	14	56	44	40	31	80	87	70	8	255
 15	01	12	14	58	43	40	31	80	87	70	8	255
 15	01	12	15	00	43	40	31	80	87	70	8	255
 15	01	12	15	02	43	40	31	80	87	68	8	255
 15	01	12	15	04	42	39	31	80	87	70	8	255
 15	01	12	15	06	42	39	31	80	87	68	8	255
 15	01	12	15	08	42	39	31	80	87	68	8	255
 15	01	12	15	10	42	41	31	80	87	67	8	255
 15	01	12	15	12	49	43	31	80	87	75	8	255
 15	01	12	15	14	56	45	31	80	87	71	8	255
 15	01	12	15	16	57	46	31	80	87	67	8	255
 15	01	12	15	18	54	46	31	80	87	61	0	255
 15	01	12	15	20	52	46	31	80	87	60	0	255
 15	01	12	15	22	50	45	31	80	87	61	0	255
 15	01	12	15	24	50	45	31	80	87	61	0	255
 15	01	12	15	26	49	44	31	80	87	61	0	255
 15	01	12	15	28	48	43	31	80	87	60	0	255
 15	01	12	15	30	47	43	31	80	87	61	0	255
 15	01	12	15	32	47	43	32	80	87	60	0	255
 15	01	12	15	34	46	42	31	80	87	58	0	255
 15	01	12	15	36	45	42	32	80	87	58	0	255
 15	01	12	15	38	45	41	32	80	87	57	0	255
 15	01	12	15	40	44	41	32	80	87	56	0	255
 15	01	12	15	42	44	41	32	80	87	56	0	255
 15	01	12	15	44	43	40	32	80	87	53	0	255
 15	01	12	15	46	43	40	32	80	87	53	0	255
 15	01	12	15	48	42	40	32	80	87	51	0	255
 15	01	12	15	50	42	39	32	80	87	50	0	255
 15	01	12	15	52	42	39	32	80	87	48	0	255
 15	01	12	15	54	41	39	32	80	87	47	0	255
 15	01	12	15	56	41	39	32	80	87	46	0	255
 15	01	12	15	58	41	38	32	80	87	46	0	255
 15	01	12	16	00	40	38	32	80	87	44	0	255
 15	01	12	16	02	40	38	32	80	87	42	0	255
 15	01	12	16	04	40	38	32	80	87	41	0	255
 15	01	12	16	06	39	38	32	80	87	40	0	255
 15	01	12	16	08	39	37	32	80	87	40	0	255
 15	01	12	16	10	39	37	32	80	87	38	0	255
 15	01	12	16	12	39	37	32	80	87	38	0	255
 15	01	12	16	14	38	37	32	80	87	37	0	255
 15	01	12	16	16	38	37	32	80	86	36	0	255
 15	01	12	16	18	38	37	32	80	86	35	0	255
 15	01	12	16	20	38	37	32	80	86	35	0	255
 15	01	12	16	22	38	36	32	80	86	32	0	255
 15	01	12	16	24	37	36	32	80	86	32	0	255
 15	01	12	16	26	37	36	32	80	86	32	0	255
 15	01	12	16	28	37	36	32	80	86	31	0	255
 15	01	12	16	30	37	36	32	80	86	30	0	255
 15	01	12	16	32	37	36	32	80	86	29	0	255
 15	01	12	16	34	37	36	32	80	86	29	0	255
 15	01	12	16	36	36	36	32	80	86	29	0	255
 15	01	12	16	38	36	35	32	80	86	29	0	255
 15	01	12	16	40	36	35	32	80	86	30	0	255
 15	01	12	16	42	36	35	32	80	86	30	0	255
 15	01	12	16	44	36	35	32	80	86	29	0	255
 15	01	12	16	46	36	35	32	80	86	28	0	255
 15	01	12	16	48	36	35	32	80	86	26	0	255
 15	01	12	16	50	35	35	32	80	86	26	0	255
 15	01	12	16	52	35	35	32	80	86	25	0	255
 15	01	12	16	54	35	35	32	80	86	24	0	255
 15	01	12	16	58	35	35	32	80	86	23	0	255
 15	01	12	17	00	35	34	32	80	86	23	0	255
 15	01	12	17	00	35	34	32	80	86	22	0	255
 15	01	12	17	02	35	34	32	80	86	23	0	255
 15	01	12	17	04	35	34	32	80	86	20	0	255
 15	01	12	17	06	35	34	32	80	86	22	0	255
 15	01	12	17	08	35	34	32	80	86	22	0	255
 15	01	12	17	10	35	34	32	80	86	20	0	255
 15	01	12	17	12	34	34	32	80	86	19	0	255
 15	01	12	17	14	34	34	32	80	86	19	0	255
 15	01	12	17	16	34	34	32	80	86	18	0	255
 15	01	12	17	18	34	34	32	80	86	18	0	255
 15	01	12	17	20	34	34	32	80	86	17	0	255
 15	01	12	17	22	34	34	32	80	86	17	0	255
 15	01	12	17	24	34	34	32	80	86	17	0	255
 15	01	12	17	26	34	34	32	80	86	16	0	255
 15	01	12	17	28	34	34	32	80	86	16	0	255
 15	01	12	17	30	34	34	32	80	86	14	0	255
 15	01	12	17	32	34	33	32	80	86	14	0	255
 15	01	12	17	34	34	33	32	80	86	12	0	255
 15	01	12	17	36	34	33	32	80	86	12	0	255
 15	01	12	17	38	34	33	32	80	86	12	0	255
 15	01	12	17	40	34	33	32	79	86	11	0	255
 15	01	12	17	42	33	33	32	79	86	10	0	255
 15	01	12	17	44	33	33	32	79	86	11	0	255
 15	01	12	17	46	33	33	32	79	86	10	0	255
 15	01	12	17	48	33	33	32	79	86	8	0	255
 15	01	12	17	50	33	33	32	79	86	10	0	255
 15	01	12	17	52	33	33	32	79	86	7	0	255
 15	01	12	17	54	33	33	32	79	86	7	0	255
 15	01	12	17	56	33	33	33	79	86	7	0	255
 15	01	12	17	58	33	33	33	79	86	6	0	255
 15	01	12	18	00	33	33	33	79	86	6	0	255
 15	01	12	18	02	33	33	33	79	86	6	0	255
 15	01	12	18	04	33	33	33	79	86	5	0	255
 15	01	12	18	06	33	33	33	79	86	4	0	255
 15	01	12	18	08	33	33	33	79	86	5	0	255
 15	01	12	18	10	33	33	33	79	86	5	0	255
 15	01	12	18	12	33	33	33	79	86	4	0	255
 15	01	12	18	14	33	33	33	79	86	4	0	255
 15	01	12	18	16	33	33	33	79	86	4	0	255
 15	01	12	18	18	33	33	33	79	86	4	0	255
 15	01	12	18	20	33	33	33	79	86	3	0	255
 15	01	12	18	22	33	33	33	79	86	3	0	255
 15	01	12	18	24	33	33	33	79	86	3	0	255
 15	01	12	18	26	33	33	33	79	86	2	0	255
 15	01	12	18	28	33	33	33	79	86	2	0	255
 15	01	12	18	30	33	33	33	79	86	2	0	255
 15	01	12	18	32	33	33	33	79	86	2	0	255
 15	01	12	18	34	33	33	33	79	86	0	0	255
 15	01	12	18	36	33	32	33	79	86	2	0	255
 15	01	12	18	38	33	32	33	79	86	0	0	255
 15	01	12	18	40	32	32	33	79	86	0	0	255
 15	01	12	18	42	32	32	33	79	86	0	0	255
 15	01	12	18	44	32	32	33	79	86	0	0	255
 15	01	12	18	46	32	32	33	79	86	0	0	255
 15	01	12	18	48	32	32	33	79	86	0	0	255
 15	01	12	18	50	32	32	33	79	86	0	0	255
 15	01	12	18	52	32	32	33	79	86	0	0	255
 15	01	12	18	54	32	32	33	79	86	0	0	255
 15	01	12	18	56	32	32	33	79	86	0	0	255
 15	01	12	18	58	32	32	33	79	86	0	0	255
 15	01	12	19	02	32	32	33	79	86	0	0	255
 15	01	12	19	04	32	32	33	79	86	0	0	255
 15	01	12	19	06	32	32	33	79	86	0	0	255
 15	01	12	19	08	32	32	33	79	86	0	0	255
 15	01	12	19	10	32	32	33	79	86	0	0	255
 15	01	12	19	12	32	32	33	79	86	0	0	255
 15	01	12	19	14	32	32	33	79	85	0	0	255
 15	01	12	19	16	32	32	33	79	86	0	0	255
 15	01	12	19	18	32	32	33	79	86	0	0	255
 15	01	12	19	20	32	32	33	79	85	0	0	255
 15	01	12	19	22	32	32	33	79	85	0	0	255
 15	01	12	19	24	32	32	33	79	85	0	0	255
 15	01	12	19	26	32	32	33	79	85	0	0	255
 15	01	12	19	28	32	32	33	79	85	0	0	255
 15	01	12	19	30	32	32	33	79	85	0	0	255
 15	01	12	19	32	32	32	33	79	85	0	0	255
 15	01	12	19	34	32	32	33	79	85	0	0	255
 15	01	12	19	36	32	32	33	79	85	0	0	255
 15	01	12	19	38	32	32	33	79	85	0	0	255
 15	01	12	19	40	32	32	33	79	85	0	0	255
 15	01	12	19	42	32	32	33	79	85	0	0	255
 15	01	12	19	44	32	32	33	79	85	0	0	255
 15	01	12	19	46	32	32	33	79	85	0	0	255
 15	01	12	19	50	32	32	33	79	85	0	0	255
 15	01	12	19	52	32	32	33	79	85	0	0	255
 15	01	12	19	54	32	32	33	79	85	0	0	255
 15	01	12	19	56	32	32	33	79	85	0	0	255
 15	01	12	19	58	32	32	33	79	85	0	0	255
 15	01	12	20	00	32	32	33	79	85	0	0	255
 15	01	12	20	00	32	32	33	79	85	0	0	255
 15	01	12	20	04	32	32	33	79	85	0	0	255
 15	01	12	20	06	32	32	33	79	85	0	0	255
 15	01	12	20	08	32	32	33	79	85	0	0	255
 15	01	12	20	10	32	32	33	79	85	0	0	255
 15	01	12	20	12	32	32	33	79	85	0	0	255
 15	01	12	20	14	32	32	33	79	85	0	0	255
 15	01	12	20	16	32	32	33	79	85	0	0	255
 15	01	12	20	18	32	32	33	79	85	0	0	255
 15	01	12	20	20	32	32	33	79	85	0	0	255
 15	01	12	20	22	32	32	33	79	85	0	0	255
 15	01	12	20	24	32	32	33	79	85	0	0	255
 15	01	12	20	26	32	32	33	79	85	0	0	255
 15	01	12	20	28	32	32	33	79	85	0	0	255
 15	01	12	20	30	32	32	33	79	85	0	0	255
 15	01	12	20	32	32	32	33	79	85	0	0	255
 15	01	12	20	34	32	32	33	79	85	0	0	255
 15	01	12	20	36	32	32	33	79	85	0	0	255
 15	01	12	20	38	32	32	33	79	85	0	0	255
 15	01	12	20	40	32	32	33	79	85	0	0	255
 15	01	12	20	44	32	32	33	79	85	0	0	255
 15	01	12	20	46	32	32	33	79	85	0	0	255
 15	01	12	20	48	32	32	33	79	85	0	0	255
 15	01	12	20	50	32	32	33	79	85	0	0	255
 15	01	12	20	52	32	32	33	79	85	0	0	255
 15	01	12	20	54	32	32	33	79	85	0	0	255
 15	01	12	20	56	32	32	33	79	85	0	0	255
 15	01	12	20	58	32	32	33	79	85	0	0	255
 15	01	12	21	00	32	32	33	79	85	0	0	255
 15	01	12	21	02	32	32	33	79	85	0	0	255
 15	01	12	21	04	32	32	33	79	85	0	0	255
 15	01	12	21	06	32	32	33	79	85	0	0	255
 15	01	12	21	08	32	32	33	79	85	0	0	255
 15	01	12	21	10	32	32	33	79	85	0	0	255
 15	01	12	21	12	32	32	33	79	85	0	0	255
 15	01	12	21	14	32	32	33	79	85	0	0	255
 15	01	12	21	16	32	32	33	79	85	0	0	255
 15	01	12	21	18	32	32	33	79	85	0	0	255
 15	01	12	21	20	32	32	33	79	85	0	0	255
 15	01	12	21	22	32	32	33	79	85	0	0	255
 15	01	12	21	24	32	32	33	79	85	0	0	255
 15	01	12	21	26	32	32	33	79	85	0	0	255
 15	01	12	21	28	32	32	33	79	85	0	0	255
 15	01	12	21	30	32	32	33	79	85	0	0	255
 15	01	12	21	32	32	32	33	79	85	0	0	255
 15	01	12	21	34	32	32	33	78	85	0	0	255
 15	01	12	21	36	32	32	33	78	85	0	0	255
 15	01	12	21	38	32	32	33	79	85	0	0	255
 15	01	12	21	40	32	32	33	78	85	0	0	255
 15	01	12	21	42	32	32	33	78	85	0	0	255
 15	01	12	21	44	32	32	33	78	85	0	0	255
 15	01	12	21	46	32	32	33	78	85	0	0	255
 15	01	12	21	48	32	32	33	78	85	0	0	255
 15	01	12	21	50	32	32	33	78	85	0	0	255
 15	01	12	21	52	32	32	33	78	85	0	0	255
 15	01	12	21	54	32	32	33	78	85	0	0	255
 15	01	12	21	56	32	32	33	78	85	0	0	255
 15	01	12	22	00	32	32	33	78	85	0	0	255
 15	01	12	22	02	32	32	33	78	85	0	16	255
 15	01	12	22	04	32	32	33	79	85	0	16	255
 15	01	12	22	06	32	32	33	80	85	0	16	255
 15	01	12	22	08	32	32	33	81	85	0	16	255
 15	01	12	22	10	32	32	33	82	85	0	16	255
 15	01	12	22	12	32	32	33	82	84	0	16	255
 15	01	12	22	14	32	32	33	83	85	0	16	255
 15	01	12	22	16	32	32	33	83	85	0	16	255
 15	01	12	22	20	32	32	33	84	86	0	16	255
 15	01	12	22	22	32	32	33	85	86	0	16	255
 15	01	12	22	24	32	32	33	85	87	0	16	255
 15	01	12	22	26	32	32	33	86	87	0	16	255
 15	01	12	22	28	32	32	33	86	88	0	16	255
 15	01	12	22	30	32	32	33	87	88	0	16	255
 15	01	12	22	32	32	32	33	87	89	0	16	255
 15	01	12	22	34	32	32	33	88	89	0	16	255
 15	01	12	22	36	32	32	33	89	90	0	0	255
 15	01	12	22	38	32	32	33	88	90	0	0	255
 15	01	12	22	40	32	32	33	88	90	0	0	255
 15	01	12	22	42	32	32	33	88	90	0	0	255
 15	01	12	22	44	32	32	33	88	90	0	0	255
 15	01	12	22	46	32	32	33	88	90	0	0	255
 15	01	12	22	48	32	32	33	88	90	0	0	255
 15	01	12	22	50	32	32	33	88	90	0	0	255
 15	01	12	22	52	32	32	33	88	90	0	0	255
 15	01	12	22	54	32	32	33	88	90	0	0	255
 15	01	12	22	56	32	32	33	88	90	0	0	255
 15	01	12	22	58	32	32	33	88	90	0	0	255
 15	01	12	23	00	32	32	33	88	90	0	0	255
 15	01	12	23	02	32	32	33	88	90	0	0	255
 15	01	12	23	04	32	32	33	88	90	0	0	255
 15	01	12	23	06	32	32	33	88	90	0	0	255
 15	01	12	23	08	32	32	33	88	90	0	0	255
 15	01	12	23	10	32	32	33	88	90	0	0	255
 15	01	12	23	12	32	32	33	88	90	0	0	255
 15	01	12	23	14	32	32	33	88	90	0	0	255
 15	01	12	23	16	32	32	33	88	90	0	0	255
 15	01	12	23	18	32	32	33	88	90	0	0	255
 15	01	12	23	20	32	32	33	88	90	0	0	255
 15	01	12	23	22	32	32	33	88	90	0	0	255
 15	01	12	23	24	32	32	33	88	90	0	0	255
 15	01	12	23	26	32	32	33	88	90	0	0	255
 15	01	12	23	28	32	32	33	88	90	0	0	255
 15	01	12	23	30	32	32	33	88	90	0	0	255
 15	01	12	23	32	32	32	33	88	90	0	0	255
 15	01	12	23	34	32	32	33	88	90	0	0	255
 15	01	12	23	36	32	32	33	88	90	0	0	255
 15	01	12	23	38	32	32	33	88	90	0	0	255
 15	01	12	23	40	32	32	33	88	90	0	0	255
 15	01	12	23	42	32	32	33	88	90	0	0	255
 15	01	12	23	44	32	32	33	88	90	0	0	255
 15	01	12	23	46	32	32	33	88	90	0	0	255
 15	01	12	23	48	32	32	33	88	90	0	0	255
 15	01	12	23	50	32	32	33	88	90	0	0	255
 15	01	12	23	52	32	32	33	88	90	0	0	255
 15	01	12	23	54	32	32	33	88	90	0	0	255
 15	01	12	23	56	32	32	33	88	90	0	0	255
 15	01	12	23	58	32	32	33	88	90	0	0	255
