15	01	27	00	00	27	27	23	91	93	5	16	255
 15	01	27	00	02	27	27	23	91	93	5	16	255
 15	01	27	00	04	27	27	23	91	94	5	16	255
 15	01	27	00	06	27	27	23	92	94	6	16	255
 15	01	27	00	08	27	27	23	92	94	6	16	255
 15	01	27	00	10	27	27	22	92	94	6	16	255
 15	01	27	00	12	27	27	22	93	95	5	16	255
 15	01	27	00	14	27	27	22	93	95	6	16	255
 15	01	27	00	16	27	27	22	94	96	5	0	255
 15	01	27	00	18	27	27	22	94	96	6	0	255
 15	01	27	00	20	27	27	22	94	96	5	0	255
 15	01	27	00	22	27	27	22	94	96	5	0	255
 15	01	27	00	24	27	27	22	94	96	6	0	255
 15	01	27	00	26	27	27	22	94	96	6	0	255
 15	01	27	00	28	27	27	22	94	96	6	0	255
 15	01	27	00	30	27	28	22	94	96	6	0	255
 15	01	27	00	32	27	28	22	94	96	5	0	255
 15	01	27	00	34	27	28	22	94	96	5	0	255
 15	01	27	00	36	27	28	22	94	96	5	0	255
 15	01	27	00	38	27	28	22	94	96	5	0	255
 15	01	27	00	40	27	28	22	94	96	6	0	255
 15	01	27	00	42	27	28	22	94	96	5	0	255
 15	01	27	00	44	27	28	22	94	96	5	0	255
 15	01	27	00	46	27	28	22	94	96	6	0	255
 15	01	27	00	48	27	28	22	94	96	5	0	255
 15	01	27	00	50	27	28	22	94	96	5	0	255
 15	01	27	00	52	27	28	22	94	96	4	0	255
 15	01	27	00	54	27	28	22	94	96	5	0	255
 15	01	27	00	56	27	28	22	94	96	7	0	255
 15	01	27	00	58	27	28	22	94	96	6	0	255
 15	01	27	01	00	27	28	22	94	96	6	0	255
 15	01	27	01	02	27	28	22	93	96	6	0	255
 15	01	27	01	04	27	28	22	93	96	5	0	255
 15	01	27	01	06	27	28	22	93	96	6	0	255
 15	01	27	01	08	27	28	22	93	96	6	0	255
 15	01	27	01	10	27	28	22	93	96	6	0	255
 15	01	27	01	12	27	28	22	93	96	5	0	255
 15	01	27	01	14	27	28	22	93	96	5	0	255
 15	01	27	01	16	27	28	22	93	96	6	0	255
 15	01	27	01	18	27	28	22	93	96	6	0	255
 15	01	27	01	20	27	28	22	93	96	5	0	255
 15	01	27	01	22	27	28	22	93	96	5	0	255
 15	01	27	01	24	28	28	22	93	96	5	0	255
 15	01	27	01	26	27	28	22	93	96	6	0	255
 15	01	27	01	28	28	28	22	93	96	6	0	255
 15	01	27	01	30	28	28	22	93	96	5	0	255
 15	01	27	01	32	27	28	22	93	96	6	0	255
 15	01	27	01	34	28	28	22	93	96	6	0	255
 15	01	27	01	36	28	28	22	93	96	5	0	255
 15	01	27	01	38	28	28	22	93	96	6	0	255
 15	01	27	01	40	28	28	22	93	96	5	0	255
 15	01	27	01	42	27	28	22	93	96	5	0	255
 15	01	27	01	44	28	28	22	93	96	6	0	255
 15	01	27	01	46	28	28	22	93	96	6	0	255
 15	01	27	01	48	28	28	22	93	96	6	0	255
 15	01	27	01	50	28	28	22	93	96	5	0	255
 15	01	27	01	52	28	28	22	93	96	6	0	255
 15	01	27	01	54	28	28	22	93	96	6	0	255
 15	01	27	01	56	28	28	22	93	96	5	0	255
 15	01	27	01	58	28	28	22	93	95	6	0	255
 15	01	27	02	00	28	28	22	93	96	5	0	255
 15	01	27	02	02	28	28	22	93	96	6	0	255
 15	01	27	02	04	27	28	22	93	96	5	0	255
 15	01	27	02	06	28	28	22	93	95	6	0	255
 15	01	27	02	08	28	28	22	93	95	5	0	255
 15	01	27	02	10	28	28	22	93	95	6	0	255
 15	01	27	02	12	28	28	22	93	95	6	0	255
 15	01	27	02	14	28	28	22	93	95	5	0	255
 15	01	27	02	16	27	28	22	93	95	6	0	255
 15	01	27	02	18	28	28	22	93	95	6	0	255
 15	01	27	02	20	28	28	22	93	95	6	0	255
 15	01	27	02	22	28	28	22	93	95	5	0	255
 15	01	27	02	24	28	28	22	93	95	6	0	255
 15	01	27	02	26	28	28	22	93	95	6	0	255
 15	01	27	02	28	27	28	22	93	95	5	0	255
 15	01	27	02	30	27	28	22	93	95	6	0	255
 15	01	27	02	32	28	28	22	93	95	6	0	255
 15	01	27	02	34	28	28	22	93	95	4	0	255
 15	01	27	02	36	28	28	22	93	95	5	0	255
 15	01	27	02	38	28	28	22	93	95	5	0	255
 15	01	27	02	40	28	28	22	93	95	4	0	255
 15	01	27	02	42	28	28	22	93	95	6	0	255
 15	01	27	02	44	27	28	22	93	95	7	16	255
 15	01	27	02	46	28	28	22	93	95	5	16	255
 15	01	27	02	48	27	28	22	93	95	5	16	255
 15	01	27	02	50	28	28	22	94	96	6	16	255
 15	01	27	02	52	27	28	22	94	96	4	16	255
 15	01	27	02	54	27	28	22	95	96	6	0	255
 15	01	27	02	58	27	28	22	94	97	6	0	255
 15	01	27	03	00	27	28	22	94	97	5	0	255
 15	01	27	03	00	27	28	22	94	97	5	0	255
 15	01	27	03	02	28	28	22	94	97	5	0	255
 15	01	27	03	04	28	28	22	94	97	6	0	255
 15	01	27	03	06	27	28	22	94	97	7	0	255
 15	01	27	03	08	27	28	22	94	97	5	0	255
 15	01	27	03	10	28	28	22	94	97	5	0	255
 15	01	27	03	12	27	28	22	94	97	6	0	255
 15	01	27	03	14	28	28	22	94	97	6	0	255
 15	01	27	03	16	28	28	22	94	97	4	0	255
 15	01	27	03	18	28	28	22	94	97	5	0	255
 15	01	27	03	20	27	28	22	94	97	5	0	255
 15	01	27	03	22	27	28	22	94	97	5	0	255
 15	01	27	03	24	28	28	22	94	96	5	0	255
 15	01	27	03	26	28	28	22	94	96	6	0	255
 15	01	27	03	28	28	28	22	94	97	5	0	255
 15	01	27	03	30	27	28	22	94	97	5	0	255
 15	01	27	03	32	28	28	22	94	97	6	0	255
 15	01	27	03	34	28	28	22	94	97	5	0	255
 15	01	27	03	36	28	28	22	94	96	5	0	255
 15	01	27	03	38	28	28	22	94	96	5	0	255
 15	01	27	03	40	28	28	22	94	96	4	0	255
 15	01	27	03	42	27	28	22	94	96	6	0	255
 15	01	27	03	44	28	28	22	94	96	5	0	255
 15	01	27	03	46	28	28	22	94	96	5	0	255
 15	01	27	03	48	28	28	22	94	96	5	0	255
 15	01	27	03	50	28	28	22	94	96	5	0	255
 15	01	27	03	52	28	28	22	94	96	5	0	255
 15	01	27	03	54	28	28	22	94	96	6	0	255
 15	01	27	03	56	28	28	22	94	96	6	0	255
 15	01	27	03	58	28	28	22	94	96	5	0	255
 15	01	27	04	00	28	28	22	94	96	6	0	255
 15	01	27	04	02	28	28	22	94	96	6	0	255
 15	01	27	04	04	28	28	22	94	96	4	0	255
 15	01	27	04	06	28	28	22	94	96	6	0	255
 15	01	27	04	08	28	28	22	94	96	6	0	255
 15	01	27	04	12	28	28	22	94	96	5	0	255
 15	01	27	04	14	28	28	22	94	96	5	0	255
 15	01	27	04	16	28	28	22	94	96	5	0	255
 15	01	27	04	18	28	28	22	94	96	5	0	255
 15	01	27	04	20	28	28	22	94	96	5	0	255
 15	01	27	04	22	28	28	22	94	96	5	0	255
 15	01	27	04	24	28	28	22	94	96	6	0	255
 15	01	27	04	26	28	28	22	94	96	6	0	255
 15	01	27	04	28	28	28	22	94	96	4	0	255
 15	01	27	04	30	28	28	22	94	96	6	0	255
 15	01	27	04	32	28	28	22	94	96	5	0	255
 15	01	27	04	34	28	28	22	94	96	6	0	255
 15	01	27	04	36	28	28	22	94	96	5	0	255
 15	01	27	04	38	28	28	22	94	96	7	0	255
 15	01	27	04	40	28	28	22	94	96	6	0	255
 15	01	27	04	42	28	28	22	94	96	5	0	255
 15	01	27	04	44	28	28	22	94	96	6	0	255
 15	01	27	04	46	28	28	22	94	96	5	0	255
 15	01	27	04	48	28	28	22	94	96	6	0	255
 15	01	27	04	50	28	28	22	94	96	6	0	255
 15	01	27	04	52	28	28	22	94	96	6	0	255
 15	01	27	04	54	28	28	22	94	96	6	0	255
 15	01	27	04	56	28	28	22	94	96	7	0	255
 15	01	27	04	58	28	28	22	94	96	5	0	255
 15	01	27	05	00	28	28	22	94	96	6	0	255
 15	01	27	05	02	28	28	22	94	96	6	0	255
 15	01	27	05	04	28	28	22	94	96	6	0	255
 15	01	27	05	06	28	28	22	94	96	6	0	255
 15	01	27	05	08	28	28	22	94	96	5	0	255
 15	01	27	05	10	28	28	22	94	96	6	0	255
 15	01	27	05	12	28	28	22	94	96	5	0	255
 15	01	27	05	14	27	28	22	94	96	5	0	255
 15	01	27	05	16	28	28	22	94	96	6	0	255
 15	01	27	05	18	28	28	22	94	96	5	0	255
 15	01	27	05	20	28	28	22	94	96	6	0	255
 15	01	27	05	22	28	28	22	93	96	5	0	255
 15	01	27	05	24	28	28	22	94	96	6	0	255
 15	01	27	05	26	28	28	22	93	96	6	0	255
 15	01	27	05	28	28	28	22	93	96	6	0	255
 15	01	27	05	30	28	28	22	93	96	6	0	255
 15	01	27	05	32	28	28	22	93	96	6	0	255
 15	01	27	05	34	28	28	22	93	96	5	0	255
 15	01	27	05	36	28	28	22	93	96	4	0	255
 15	01	27	05	38	28	28	22	93	96	6	0	255
 15	01	27	05	40	28	28	22	93	96	5	0	255
 15	01	27	05	42	28	28	22	93	96	5	0	255
 15	01	27	05	44	28	28	22	93	96	5	0	255
 15	01	27	05	46	28	28	22	93	96	6	0	255
 15	01	27	05	48	28	28	22	93	96	5	0	255
 15	01	27	05	50	28	28	22	93	96	5	0	255
 15	01	27	05	52	28	28	22	93	96	5	0	255
 15	01	27	05	54	27	28	22	93	96	5	0	255
 15	01	27	05	56	28	28	22	93	96	6	0	255
 15	01	27	05	58	28	28	22	93	96	6	0	255
 15	01	27	06	00	27	28	22	93	96	6	0	255
 15	01	27	06	02	28	28	22	93	96	6	0	255
 15	01	27	06	04	28	28	22	93	96	5	0	255
 15	01	27	06	06	28	28	22	93	96	6	0	255
 15	01	27	06	08	27	28	22	93	96	6	0	255
 15	01	27	06	10	27	28	22	93	96	5	0	255
 15	01	27	06	12	28	28	22	93	96	6	0	255
 15	01	27	06	14	27	28	22	93	96	5	0	255
 15	01	27	06	16	27	28	22	93	96	5	0	255
 15	01	27	06	18	27	28	22	93	96	6	0	255
 15	01	27	06	20	28	28	22	93	96	5	0	255
 15	01	27	06	22	28	28	22	93	96	5	0	255
 15	01	27	06	24	28	28	22	93	96	6	16	255
 15	01	27	06	26	27	28	22	93	96	6	16	255
 15	01	27	06	28	28	28	22	93	96	5	16	255
 15	01	27	06	30	27	28	22	93	96	6	16	255
 15	01	27	06	32	27	28	22	94	96	6	16	255
 15	01	27	06	34	28	28	22	95	96	6	0	255
 15	01	27	06	36	27	28	22	95	97	5	0	255
 15	01	27	06	38	27	28	22	95	97	6	0	255
 15	01	27	06	40	27	28	22	95	97	6	0	255
 15	01	27	06	42	27	28	22	95	97	5	0	255
 15	01	27	06	44	27	28	22	95	97	6	0	255
 15	01	27	06	46	27	28	22	95	97	4	0	255
 15	01	27	06	50	27	28	22	95	97	5	0	255
 15	01	27	06	52	28	28	22	95	97	6	0	255
 15	01	27	06	54	28	28	22	95	97	5	0	255
 15	01	27	06	56	28	28	22	95	97	6	0	255
 15	01	27	06	58	28	28	22	95	97	6	0	255
 15	01	27	07	00	27	28	22	95	97	5	0	255
 15	01	27	07	02	27	28	22	95	97	6	0	255
 15	01	27	07	04	28	28	22	95	97	6	0	255
 15	01	27	07	06	28	28	22	95	97	6	0	255
 15	01	27	07	08	27	28	22	94	97	5	0	255
 15	01	27	07	10	27	28	22	94	97	5	0	255
 15	01	27	07	12	28	28	22	94	97	6	0	255
 15	01	27	07	14	28	28	22	94	97	5	0	255
 15	01	27	07	16	27	28	22	94	97	6	0	255
 15	01	27	07	18	28	28	22	94	97	6	0	255
 15	01	27	07	20	28	28	22	94	97	5	0	255
 15	01	27	07	22	28	28	22	94	97	5	0	255
 15	01	27	07	24	28	28	22	94	97	6	0	255
 15	01	27	07	26	28	28	22	94	97	6	0	255
 15	01	27	07	28	28	28	22	94	97	4	0	255
 15	01	27	07	30	28	28	22	94	97	6	0	255
 15	01	27	07	32	28	28	22	94	97	6	0	255
 15	01	27	07	34	28	28	22	94	97	6	0	255
 15	01	27	07	36	28	28	22	94	97	5	0	255
 15	01	27	07	38	28	28	22	94	97	5	0	255
 15	01	27	07	40	28	28	22	94	97	6	0	255
 15	01	27	07	42	28	28	22	94	97	6	0	255
 15	01	27	07	44	28	28	22	94	97	6	0	255
 15	01	27	07	46	28	28	22	94	97	5	0	255
 15	01	27	07	48	28	28	22	94	97	6	0	255
 15	01	27	07	50	28	28	22	94	96	6	0	255
 15	01	27	07	52	28	28	22	94	97	5	0	255
 15	01	27	07	54	28	28	22	94	96	6	0	255
 15	01	27	07	56	28	28	22	94	97	5	0	255
 15	01	27	07	58	28	28	22	94	96	6	0	255
 15	01	27	08	00	28	28	22	94	96	5	0	255
 15	01	27	08	00	28	28	22	94	96	6	0	255
 15	01	27	08	04	28	28	22	94	96	6	0	255
 15	01	27	08	06	28	28	22	94	96	6	0	255
 15	01	27	08	08	28	28	22	94	96	6	0	255
 15	01	27	08	10	28	28	22	94	96	6	0	255
 15	01	27	08	12	28	28	22	94	96	6	0	255
 15	01	27	08	14	28	28	22	94	96	6	0	255
 15	01	27	08	16	28	28	22	94	96	5	0	255
 15	01	27	08	18	28	28	22	94	96	6	0	255
 15	01	27	08	20	28	28	22	94	96	6	0	255
 15	01	27	08	22	28	28	22	94	96	5	0	255
 15	01	27	08	24	28	28	22	94	96	6	0	255
 15	01	27	08	26	28	28	22	94	96	5	0	255
 15	01	27	08	28	28	28	22	94	96	5	0	255
 15	01	27	08	30	28	28	22	94	96	6	0	255
 15	01	27	08	32	28	28	22	94	96	7	0	255
 15	01	27	08	34	28	28	22	94	96	6	0	255
 15	01	27	08	36	28	28	22	94	96	6	0	255
 15	01	27	08	38	28	28	22	94	96	5	0	255
 15	01	27	08	40	28	28	22	94	96	6	0	255
 15	01	27	08	42	28	28	22	94	96	5	0	255
 15	01	27	08	44	28	28	22	94	96	5	0	255
 15	01	27	08	46	28	28	22	94	96	5	0	255
 15	01	27	08	48	28	28	22	94	96	6	0	255
 15	01	27	08	50	28	28	22	94	96	6	0	255
 15	01	27	08	52	28	28	22	94	96	5	0	255
 15	01	27	08	54	28	28	22	94	96	6	0	255
 15	01	27	08	56	28	28	22	94	96	6	0	255
 15	01	27	08	58	28	28	22	94	96	5	0	255
 15	01	27	09	00	28	28	22	94	96	5	0	255
 15	01	27	09	02	28	28	22	94	96	6	0	255
 15	01	27	09	04	28	28	22	94	96	6	0	255
 15	01	27	09	06	28	28	22	94	96	7	0	255
 15	01	27	09	08	28	28	22	94	96	6	0	255
 15	01	27	09	10	28	28	22	94	96	6	0	255
 15	01	27	09	12	28	28	22	94	96	7	0	255
 15	01	27	09	14	28	28	22	94	96	7	0	255
 15	01	27	09	16	28	28	22	94	96	6	0	255
 15	01	27	09	18	28	28	22	93	96	5	0	255
 15	01	27	09	20	28	28	22	93	96	6	0	255
 15	01	27	09	22	28	28	22	93	96	6	0	255
 15	01	27	09	24	28	28	22	93	96	5	0	255
 15	01	27	09	26	28	28	22	93	96	7	0	255
 15	01	27	09	28	28	28	22	93	96	6	0	255
 15	01	27	09	30	28	28	22	93	96	5	0	255
 15	01	27	09	34	28	28	22	93	96	5	0	255
 15	01	27	09	36	28	28	22	93	96	6	0	255
 15	01	27	09	38	28	28	22	93	96	7	0	255
 15	01	27	09	40	28	28	22	93	96	6	0	255
 15	01	27	09	42	28	28	22	93	96	5	0	255
 15	01	27	09	44	28	28	22	93	96	6	0	255
 15	01	27	09	46	28	28	22	93	96	6	0	255
 15	01	27	09	48	28	28	22	93	96	4	0	255
 15	01	27	09	50	28	28	22	93	96	5	0	255
 15	01	27	09	52	28	28	22	93	96	6	0	255
 15	01	27	09	54	28	28	22	93	96	6	0	255
 15	01	27	09	56	28	28	22	93	96	6	0	255
 15	01	27	09	58	28	28	22	93	96	5	0	255
 15	01	27	10	02	28	28	22	93	96	6	0	255
 15	01	27	10	04	28	28	22	93	96	5	0	255
 15	01	27	10	06	28	28	22	93	96	6	0	255
 15	01	27	10	08	28	28	22	93	96	6	0	255
 15	01	27	10	10	28	28	22	93	96	5	0	255
 15	01	27	10	12	28	28	22	93	96	7	0	255
 15	01	27	10	16	28	28	22	93	96	6	0	255
 15	01	27	10	18	28	28	22	93	96	6	0	255
 15	01	27	10	20	28	28	22	93	96	7	0	255
 15	01	27	10	22	28	28	22	93	96	6	0	255
 15	01	27	10	24	28	28	22	93	96	6	0	255
 15	01	27	10	26	28	28	22	93	96	7	0	255
 15	01	27	10	28	28	28	22	93	96	5	0	255
 15	01	27	10	30	28	28	22	93	96	6	0	255
 15	01	27	10	32	28	28	22	93	96	6	0	255
 15	01	27	10	34	28	28	22	93	96	7	0	255
 15	01	27	10	36	28	28	22	93	96	7	0	255
 15	01	27	10	38	28	28	22	93	96	7	0	255
 15	01	27	10	40	28	28	22	93	96	5	0	255
 15	01	27	10	42	28	28	22	93	96	6	0	255
 15	01	27	10	44	28	28	22	93	96	6	0	255
 15	01	27	10	46	28	28	22	93	96	6	0	255
 15	01	27	10	48	28	28	22	93	96	6	0	255
 15	01	27	10	50	28	28	22	93	96	7	0	255
 15	01	27	10	52	28	28	22	93	96	7	0	255
 15	01	27	10	54	28	28	22	93	96	6	0	255
 15	01	27	10	56	28	28	22	93	96	7	0	255
 15	01	27	10	58	28	28	22	93	96	7	0	255
 15	01	27	11	00	28	28	22	93	96	6	0	255
 15	01	27	11	00	28	28	22	93	96	7	0	255
 15	01	27	11	02	28	28	22	93	96	7	0	255
 15	01	27	11	04	28	28	22	93	96	6	0	255
 15	01	27	11	06	28	28	22	93	96	6	0	255
 15	01	27	11	08	28	28	22	93	96	6	0	255
 15	01	27	11	10	28	28	22	93	96	7	0	255
 15	01	27	11	12	28	28	22	93	96	6	0	255
 15	01	27	11	14	28	28	22	93	96	7	0	255
 15	01	27	11	16	28	28	22	93	96	6	0	255
 15	01	27	11	18	28	28	22	93	95	6	0	255
 15	01	27	11	20	28	28	22	93	96	6	0	255
 15	01	27	11	22	28	28	22	93	96	7	0	255
 15	01	27	11	24	28	28	22	93	95	8	0	255
 15	01	27	11	28	28	28	22	92	96	7	0	255
 15	01	27	11	30	28	28	22	92	95	7	0	255
 15	01	27	11	32	28	28	22	92	95	5	0	255
 15	01	27	11	34	28	28	22	92	95	6	0	255
 15	01	27	11	36	28	28	22	92	95	7	0	255
 15	01	27	11	38	28	28	22	92	95	7	0	255
 15	01	27	11	40	28	28	22	92	95	6	0	255
 15	01	27	11	42	28	28	22	92	95	7	0	255
 15	01	27	11	44	28	28	22	92	95	6	0	255
 15	01	27	11	46	28	28	22	92	95	6	0	255
 15	01	27	11	48	28	28	22	92	95	7	0	255
 15	01	27	11	50	28	28	22	92	95	6	0	255
 15	01	27	11	52	28	28	22	92	95	7	0	255
 15	01	27	11	54	28	28	22	92	95	6	0	255
 15	01	27	11	56	28	28	22	92	95	6	0	255
 15	01	27	11	58	28	28	22	92	95	7	0	255
 15	01	27	12	02	28	28	22	92	95	7	0	255
 15	01	27	12	04	28	28	22	92	95	6	0	255
 15	01	27	12	06	28	28	22	92	95	7	0	255
 15	01	27	12	08	28	28	22	92	95	7	0	255
 15	01	27	12	10	28	28	22	92	95	8	0	255
 15	01	27	12	12	28	28	22	92	95	8	0	255
 15	01	27	12	14	28	28	22	92	95	6	0	255
 15	01	27	12	16	28	28	22	92	95	8	0	255
 15	01	27	12	18	28	28	22	92	95	7	0	255
 15	01	27	12	20	28	28	22	92	95	7	0	255
 15	01	27	12	22	28	28	22	92	95	8	0	255
 15	01	27	12	24	28	28	22	92	95	8	0	255
 15	01	27	12	26	28	28	22	92	95	7	0	255
 15	01	27	12	28	28	28	22	92	95	6	0	255
 15	01	27	12	30	28	28	22	92	95	8	0	255
 15	01	27	12	32	28	28	22	92	95	6	0	255
 15	01	27	12	34	28	28	22	92	95	7	0	255
 15	01	27	12	36	28	28	22	92	95	8	0	255
 15	01	27	12	38	28	28	22	92	95	7	0	255
 15	01	27	12	40	28	28	22	92	95	6	0	255
 15	01	27	12	42	28	28	22	92	95	6	0	255
 15	01	27	12	44	28	28	22	92	95	6	0	255
 15	01	27	12	46	28	28	22	92	95	7	0	255
 15	01	27	12	48	28	28	22	92	95	7	0	255
 15	01	27	12	50	28	28	22	92	95	8	0	255
 15	01	27	12	52	28	28	22	92	95	7	0	255
 15	01	27	12	54	28	28	22	92	95	7	0	255
 15	01	27	12	56	28	28	22	92	95	8	0	255
 15	01	27	12	58	28	28	22	92	95	8	0	255
 15	01	27	13	00	28	28	22	92	95	7	0	255
 15	01	27	13	02	28	28	22	92	95	7	0	255
 15	01	27	13	04	28	28	22	92	95	8	0	255
 15	01	27	13	06	28	28	22	92	95	8	0	255
 15	01	27	13	08	28	28	22	92	95	8	0	255
 15	01	27	13	10	28	28	22	92	95	8	0	255
 15	01	27	13	12	28	28	22	92	95	8	0	255
 15	01	27	13	14	28	28	22	92	95	8	0	255
 15	01	27	13	16	28	28	22	92	95	7	0	255
 15	01	27	13	18	28	28	22	92	95	6	0	255
 15	01	27	13	20	28	28	22	92	95	7	0	255
 15	01	27	13	22	28	28	22	92	95	6	0	255
 15	01	27	13	24	28	28	22	92	95	8	0	255
 15	01	27	13	28	28	28	22	91	95	7	0	255
 15	01	27	13	30	28	28	22	92	95	8	0	255
 15	01	27	13	32	28	28	22	92	95	7	0	255
 15	01	27	13	34	28	28	22	91	95	8	0	255
 15	01	27	13	36	28	28	22	91	95	10	0	255
 15	01	27	13	38	28	28	22	91	95	8	0	255
 15	01	27	13	40	28	28	22	91	95	8	0	255
 15	01	27	13	42	28	28	22	91	95	10	0	255
 15	01	27	13	44	28	28	22	91	95	7	0	255
 15	01	27	13	46	28	28	22	91	95	7	0	255
 15	01	27	13	48	28	28	22	91	95	7	0	255
 15	01	27	13	50	28	28	22	91	95	7	0	255
 15	01	27	13	52	28	28	22	91	95	7	0	255
 15	01	27	13	54	28	28	22	91	95	7	0	255
 15	01	27	13	56	28	28	22	91	95	8	0	255
 15	01	27	13	58	28	28	22	91	95	10	0	255
 15	01	27	14	00	28	28	22	91	95	7	0	255
 15	01	27	14	00	28	28	22	91	95	7	0	255
 15	01	27	14	02	28	28	22	91	95	8	0	255
 15	01	27	14	04	28	28	22	91	95	10	0	255
 15	01	27	14	06	28	28	22	91	95	8	0	255
 15	01	27	14	08	28	28	22	91	95	8	0	255
 15	01	27	14	10	28	28	22	91	95	8	0	255
 15	01	27	14	12	28	28	22	91	95	8	0	255
 15	01	27	14	14	28	28	22	91	95	8	0	255
 15	01	27	14	16	28	28	22	91	95	8	0	255
 15	01	27	14	18	28	28	22	91	95	7	0	255
 15	01	27	14	20	28	28	22	91	95	8	0	255
 15	01	27	14	22	28	28	22	91	95	8	0	255
 15	01	27	14	24	28	28	22	91	95	7	0	255
 15	01	27	14	26	28	28	22	91	95	8	0	255
 15	01	27	14	28	28	28	22	91	95	7	0	255
 15	01	27	14	30	28	28	22	91	94	8	0	255
 15	01	27	14	32	28	28	22	91	94	8	0	255
 15	01	27	14	34	28	28	22	91	94	8	0	255
 15	01	27	14	36	28	28	22	91	94	7	0	255
 15	01	27	14	40	28	28	22	91	94	7	0	255
 15	01	27	14	42	28	28	22	91	94	6	0	255
 15	01	27	14	44	28	28	22	91	94	7	0	255
 15	01	27	14	46	28	28	22	91	94	8	0	255
 15	01	27	14	48	28	28	22	91	94	8	0	255
 15	01	27	14	50	28	28	22	91	94	7	0	255
 15	01	27	14	52	28	28	22	91	94	6	0	255
 15	01	27	14	54	28	28	22	91	94	7	0	255
 15	01	27	14	56	28	28	22	91	94	7	0	255
 15	01	27	14	58	28	28	22	91	94	7	0	255
 15	01	27	15	00	28	28	22	91	94	7	0	255
 15	01	27	15	02	28	28	22	91	94	7	0	255
 15	01	27	15	04	28	28	22	91	94	8	0	255
 15	01	27	15	06	28	28	22	91	94	6	0	255
 15	01	27	15	08	28	28	22	91	94	8	0	255
 15	01	27	15	10	28	28	22	91	94	7	0	255
 15	01	27	15	12	28	28	22	91	94	7	0	255
 15	01	27	15	14	28	28	22	91	94	6	0	255
 15	01	27	15	16	28	28	22	91	94	6	0	255
 15	01	27	15	18	28	28	22	91	94	6	0	255
 15	01	27	15	20	28	28	22	91	94	7	0	255
 15	01	27	15	22	28	28	22	91	94	7	0	255
 15	01	27	15	24	28	28	22	91	94	7	0	255
 15	01	27	15	26	28	28	22	90	94	7	0	255
 15	01	27	15	28	28	28	22	90	94	6	0	255
 15	01	27	15	30	28	28	22	90	94	7	0	255
 15	01	27	15	32	28	28	22	90	94	6	0	255
 15	01	27	15	34	28	28	22	90	94	7	0	255
 15	01	27	15	36	28	28	22	90	94	7	0	255
 15	01	27	15	38	28	28	22	90	94	7	0	255
 15	01	27	15	40	28	28	22	90	94	7	0	255
 15	01	27	15	42	28	28	22	90	94	7	0	255
 15	01	27	15	44	28	28	22	90	94	7	0	255
 15	01	27	15	46	28	28	22	90	94	6	0	255
 15	01	27	15	48	28	28	22	90	94	6	0	255
 15	01	27	15	50	28	28	22	90	94	6	0	255
 15	01	27	15	52	28	28	22	90	94	7	0	255
 15	01	27	15	54	28	28	22	90	94	5	0	255
 15	01	27	15	56	28	28	22	90	94	7	0	255
 15	01	27	15	58	28	28	22	90	94	7	0	255
 15	01	27	16	00	28	28	22	90	94	6	0	255
 15	01	27	16	02	28	28	22	90	94	6	0	255
 15	01	27	16	04	28	28	22	90	94	6	0	255
 15	01	27	16	06	28	28	22	90	94	6	0	255
 15	01	27	16	08	28	28	22	90	94	6	0	255
 15	01	27	16	10	28	28	22	90	94	7	0	255
 15	01	27	16	12	28	28	22	90	94	6	0	255
 15	01	27	16	14	28	28	22	90	94	5	0	255
 15	01	27	16	16	28	28	22	90	94	6	0	255
 15	01	27	16	18	28	28	22	90	94	6	0	255
 15	01	27	16	20	28	28	22	90	94	6	0	255
 15	01	27	16	22	28	28	22	90	94	6	0	255
 15	01	27	16	24	28	28	22	90	94	6	0	255
 15	01	27	16	26	28	28	22	90	94	7	0	255
 15	01	27	16	28	28	28	22	90	94	7	0	255
 15	01	27	16	30	28	28	22	90	94	6	0	255
 15	01	27	16	32	28	28	22	90	94	6	0	255
 15	01	27	16	34	28	28	22	90	94	7	0	255
 15	01	27	16	36	28	28	22	90	94	6	0	255
 15	01	27	16	38	28	28	22	90	94	7	0	255
 15	01	27	16	40	28	28	22	90	94	6	0	255
 15	01	27	16	42	28	28	22	90	94	6	0	255
 15	01	27	16	44	28	28	22	90	94	7	0	255
 15	01	27	16	46	28	28	22	90	94	7	0	255
 15	01	27	16	48	28	28	22	90	94	7	0	255
 15	01	27	16	50	28	28	22	90	94	7	0	255
 15	01	27	16	52	28	28	22	90	94	5	0	255
 15	01	27	16	54	28	28	22	90	94	6	0	255
 15	01	27	16	56	28	28	22	90	94	7	0	255
 15	01	27	16	58	28	28	22	90	94	7	0	255
 15	01	27	17	00	28	28	22	90	94	5	0	255
 15	01	27	17	00	28	28	22	90	94	6	0	255
 15	01	27	17	02	28	28	22	90	94	5	0	255
 15	01	27	17	04	28	28	22	90	94	5	0	255
 15	01	27	17	06	28	28	22	90	94	6	0	255
 15	01	27	17	08	28	28	22	90	94	7	0	255
 15	01	27	17	10	28	28	22	90	94	7	0	255
 15	01	27	17	12	28	28	22	89	94	7	0	255
 15	01	27	17	14	28	28	22	90	94	6	0	255
 15	01	27	17	16	28	28	22	89	94	6	0	255
 15	01	27	17	18	28	28	22	89	94	6	0	255
 15	01	27	17	20	28	28	22	89	94	7	0	255
 15	01	27	17	22	28	28	22	89	94	6	0	255
 15	01	27	17	24	28	28	22	89	94	6	0	255
 15	01	27	17	26	28	28	22	89	94	7	0	255
 15	01	27	17	28	28	28	22	89	94	6	0	255
 15	01	27	17	30	28	28	22	89	93	7	0	255
 15	01	27	17	32	28	28	22	89	93	6	0	255
 15	01	27	17	34	28	28	22	89	93	5	0	255
 15	01	27	17	36	28	28	22	89	93	6	0	255
 15	01	27	17	38	28	28	22	89	93	6	0	255
 15	01	27	17	40	28	28	22	89	93	7	0	255
 15	01	27	17	42	28	28	22	89	93	6	0	255
 15	01	27	17	44	28	28	22	89	93	6	0	255
 15	01	27	17	46	28	28	22	89	93	5	0	255
 15	01	27	17	48	28	28	22	89	93	5	0	255
 15	01	27	17	50	28	28	22	89	93	7	0	255
 15	01	27	17	52	28	28	22	89	93	5	0	255
 15	01	27	17	54	28	28	22	89	93	5	0	255
 15	01	27	17	56	28	28	22	89	93	6	0	255
 15	01	27	17	58	28	28	22	89	93	6	0	255
 15	01	27	18	00	28	28	22	89	93	5	0	255
 15	01	27	18	02	28	28	22	89	93	5	0	255
 15	01	27	18	04	28	28	22	89	93	5	0	255
 15	01	27	18	06	28	28	22	89	93	5	0	255
 15	01	27	18	08	28	28	22	89	93	6	0	255
 15	01	27	18	10	28	28	22	89	93	6	0	255
 15	01	27	18	12	28	28	22	89	93	6	0	255
 15	01	27	18	14	28	28	22	89	93	6	0	255
 15	01	27	18	16	28	28	22	89	93	5	0	255
 15	01	27	18	18	28	28	22	89	93	6	0	255
 15	01	27	18	20	28	28	22	89	93	7	0	255
 15	01	27	18	22	28	28	22	89	93	6	0	255
 15	01	27	18	24	28	28	22	89	93	5	0	255
 15	01	27	18	26	28	28	22	89	93	6	0	255
 15	01	27	18	28	28	28	22	89	93	6	0	255
 15	01	27	18	30	28	28	22	89	93	7	0	255
 15	01	27	18	32	28	28	22	89	93	6	0	255
 15	01	27	18	34	28	28	22	89	93	5	0	255
 15	01	27	18	36	28	28	22	89	93	5	0	255
 15	01	27	18	38	28	28	22	89	93	5	0	255
 15	01	27	18	40	28	28	22	89	93	6	0	255
 15	01	27	18	42	28	28	22	89	93	5	0	255
 15	01	27	18	44	28	28	22	89	93	6	0	255
 15	01	27	18	46	28	28	22	89	93	7	0	255
 15	01	27	18	48	28	28	22	89	93	5	0	255
 15	01	27	18	50	28	28	22	89	93	5	0	255
 15	01	27	18	52	28	28	22	89	93	7	0	255
 15	01	27	18	54	28	28	22	89	93	6	0	255
 15	01	27	18	56	28	28	22	89	93	6	0	255
 15	01	27	18	58	28	28	23	89	93	6	0	255
 15	01	27	19	00	28	28	22	89	93	7	0	255
 15	01	27	19	00	28	28	23	88	93	7	0	255
 15	01	27	19	02	28	28	22	88	93	7	0	255
 15	01	27	19	04	28	28	22	88	93	5	0	255
 15	01	27	19	06	28	28	22	88	93	6	0	255
 15	01	27	19	08	28	28	22	88	93	5	0	255
 15	01	27	19	10	28	28	22	88	93	7	0	255
 15	01	27	19	12	28	28	22	88	93	5	0	255
 15	01	27	19	14	28	28	23	88	93	6	0	255
 15	01	27	19	16	28	28	23	88	93	5	0	255
 15	01	27	19	18	28	28	23	88	93	6	0	255
 15	01	27	19	20	28	28	23	88	93	6	0	255
 15	01	27	19	22	28	28	23	88	93	6	0	255
 15	01	27	19	24	28	28	23	88	93	6	0	255
 15	01	27	19	28	28	28	23	88	93	5	0	255
 15	01	27	19	30	28	28	23	88	93	5	0	255
 15	01	27	19	32	28	28	23	88	93	7	0	255
 15	01	27	19	34	28	28	23	88	93	6	0	255
 15	01	27	19	36	28	28	23	88	93	6	0	255
 15	01	27	19	38	28	28	22	88	93	5	0	255
 15	01	27	19	40	28	28	23	88	93	5	0	255
 15	01	27	19	42	28	28	23	88	93	5	0	255
 15	01	27	19	44	28	28	23	88	93	6	0	255
 15	01	27	19	46	28	28	23	88	93	6	0	255
 15	01	27	19	48	28	28	23	88	93	6	0	255
 15	01	27	19	50	28	28	23	88	93	6	0	255
 15	01	27	19	52	28	28	23	88	93	7	0	255
 15	01	27	19	54	28	28	23	88	93	7	0	255
 15	01	27	19	56	28	28	23	88	93	6	0	255
 15	01	27	19	58	28	28	23	88	93	5	0	255
 15	01	27	20	00	28	28	23	88	93	5	0	255
 15	01	27	20	02	28	28	23	88	93	6	0	255
 15	01	27	20	04	28	28	23	88	93	5	0	255
 15	01	27	20	06	28	28	23	88	93	6	0	255
 15	01	27	20	08	28	28	23	88	93	6	0	255
 15	01	27	20	10	28	28	23	88	93	6	0	255
 15	01	27	20	12	28	28	23	88	93	6	0	255
 15	01	27	20	14	28	28	23	88	93	6	0	255
 15	01	27	20	16	28	28	23	88	93	5	0	255
 15	01	27	20	20	28	28	23	88	92	5	0	255
 15	01	27	20	22	28	28	23	88	92	7	0	255
 15	01	27	20	24	28	28	23	88	92	5	0	255
 15	01	27	20	26	28	28	23	88	92	5	0	255
 15	01	27	20	28	28	28	23	88	92	6	0	255
 15	01	27	20	30	28	28	23	88	92	6	0	255
 15	01	27	20	32	28	28	23	88	92	6	0	255
 15	01	27	20	34	28	28	23	88	92	6	0	255
 15	01	27	20	36	28	28	23	88	92	5	0	255
 15	01	27	20	38	28	28	23	87	92	5	0	255
 15	01	27	20	40	28	28	23	87	92	6	0	255
 15	01	27	20	42	28	28	23	87	92	6	0	255
 15	01	27	20	44	28	28	23	87	92	5	0	255
 15	01	27	20	46	28	28	23	87	92	6	0	255
 15	01	27	20	48	28	28	23	87	92	5	0	255
 15	01	27	20	50	28	28	23	87	92	5	0	255
 15	01	27	20	52	28	28	23	87	92	6	0	255
 15	01	27	20	54	28	28	23	87	92	6	0	255
 15	01	27	20	56	28	28	23	87	92	6	0	255
 15	01	27	20	58	28	28	23	87	92	5	0	255
 15	01	27	21	00	28	28	23	87	92	6	0	255
 15	01	27	21	02	28	28	23	87	92	6	0	255
 15	01	27	21	04	28	28	23	87	92	6	0	255
 15	01	27	21	06	28	28	23	87	92	5	0	255
 15	01	27	21	08	28	28	23	87	92	5	0	255
 15	01	27	21	10	28	28	23	87	92	6	0	255
 15	01	27	21	12	28	28	23	87	92	6	0	255
 15	01	27	21	14	28	28	23	87	92	6	0	255
 15	01	27	21	16	28	28	23	87	92	6	0	255
 15	01	27	21	18	28	28	23	87	92	5	0	255
 15	01	27	21	20	28	28	23	87	92	6	0	255
 15	01	27	21	22	28	28	23	87	92	7	0	255
 15	01	27	21	24	28	28	23	87	92	6	0	255
 15	01	27	21	26	28	28	23	87	92	6	0	255
 15	01	27	21	28	28	28	23	87	92	5	0	255
 15	01	27	21	30	28	28	23	87	92	6	0	255
 15	01	27	21	32	28	28	23	87	92	5	0	255
 15	01	27	21	34	28	28	23	87	92	6	0	255
 15	01	27	21	36	28	28	23	87	92	6	0	255
 15	01	27	21	38	28	28	23	87	92	6	0	255
 15	01	27	21	40	28	28	23	87	92	7	0	255
 15	01	27	21	42	28	28	23	87	92	5	0	255
 15	01	27	21	44	28	28	23	87	92	6	0	255
 15	01	27	21	46	28	28	23	87	92	7	0	255
 15	01	27	21	48	28	28	23	87	92	5	0	255
 15	01	27	21	50	28	28	23	87	92	5	0	255
 15	01	27	21	52	28	28	23	87	92	6	0	255
 15	01	27	21	54	28	28	23	87	92	6	0	255
 15	01	27	21	56	28	28	23	87	92	7	0	255
 15	01	27	21	58	28	28	23	87	92	6	0	255
 15	01	27	22	00	28	28	23	87	92	7	0	255
 15	01	27	22	02	28	28	23	87	92	7	16	255
 15	01	27	22	04	28	28	23	87	92	5	16	255
 15	01	27	22	06	28	28	23	87	92	5	16	255
 15	01	27	22	08	28	28	23	86	92	5	16	255
 15	01	27	22	10	28	28	23	87	92	6	16	255
 15	01	27	22	12	28	28	23	88	92	5	16	255
 15	01	27	22	14	28	28	23	88	92	6	16	255
 15	01	27	22	16	28	28	23	89	92	5	16	255
 15	01	27	22	18	28	28	23	90	92	5	16	255
 15	01	27	22	20	28	28	23	90	92	6	16	255
 15	01	27	22	22	28	28	23	91	92	7	16	255
 15	01	27	22	24	28	28	23	91	93	5	16	255
 15	01	27	22	26	28	28	23	92	93	6	16	255
 15	01	27	22	28	28	28	23	92	94	6	0	255
 15	01	27	22	30	28	28	23	92	94	6	0	255
 15	01	27	22	32	28	28	23	92	94	6	0	255
 15	01	27	22	34	28	28	23	92	94	4	0	255
 15	01	27	22	36	28	28	23	92	94	5	0	255
 15	01	27	22	38	28	28	23	92	94	6	0	255
 15	01	27	22	40	28	28	23	92	94	5	0	255
 15	01	27	22	42	28	28	23	92	94	7	0	255
 15	01	27	22	44	28	28	23	92	94	6	0	255
 15	01	27	22	46	28	28	23	92	94	6	0	255
 15	01	27	22	48	28	28	23	92	94	6	0	255
 15	01	27	22	50	28	28	23	92	94	6	0	255
 15	01	27	22	52	28	28	23	92	94	7	0	255
 15	01	27	22	54	28	28	23	92	94	6	0	255
 15	01	27	22	56	28	28	23	92	94	6	0	255
 15	01	27	22	58	28	28	23	92	94	4	0	255
 15	01	27	23	00	28	28	23	92	94	6	0	255
 15	01	27	23	02	28	28	23	92	94	6	0	255
 15	01	27	23	04	28	28	23	92	94	6	0	255
 15	01	27	23	06	28	28	23	92	94	6	0	255
 15	01	27	23	08	28	28	23	92	94	6	0	255
 15	01	27	23	10	28	28	23	92	94	6	0	255
 15	01	27	23	12	28	28	23	92	94	7	0	255
 15	01	27	23	14	28	28	23	92	94	5	0	255
 15	01	27	23	16	28	28	23	92	94	5	0	255
 15	01	27	23	18	28	28	23	92	94	6	0	255
 15	01	27	23	20	28	28	23	92	94	5	0	255
 15	01	27	23	22	28	28	23	92	94	6	0	255
 15	01	27	23	24	28	29	23	92	94	5	0	255
 15	01	27	23	26	28	29	23	92	94	4	0	255
 15	01	27	23	28	28	29	23	92	94	5	0	255
 15	01	27	23	30	28	28	23	92	94	6	0	255
 15	01	27	23	32	28	29	23	92	94	6	0	255
 15	01	27	23	34	28	29	23	92	94	4	0	255
 15	01	27	23	36	28	29	23	92	94	6	0	255
 15	01	27	23	38	28	29	23	92	94	5	0	255
 15	01	27	23	40	28	29	23	92	94	5	0	255
 15	01	27	23	42	28	29	23	92	94	5	0	255
 15	01	27	23	44	28	29	23	92	94	5	0	255
 15	01	27	23	46	28	29	23	92	94	5	16	255
 15	01	27	23	48	28	29	23	92	94	6	16	255
 15	01	27	23	50	28	29	23	92	94	6	16	255
 15	01	27	23	52	28	29	23	93	95	6	16	255
 15	01	27	23	54	29	29	23	93	95	5	16	255
 15	01	27	23	56	29	29	23	94	95	5	0	255
 15	01	27	23	58	29	29	23	94	96	6	0	255
