14	06	16	00	02	64	63	91	149	156	28	0	255
 14	06	16	00	04	64	63	91	149	156	29	0	255
 14	06	16	00	06	64	63	91	149	156	29	0	255
 14	06	16	00	08	64	63	90	149	156	29	0	255
 14	06	16	00	10	64	63	90	149	156	29	0	255
 14	06	16	00	12	64	63	90	149	156	29	0	255
 14	06	16	00	14	64	63	90	149	156	28	0	255
 14	06	16	00	16	64	63	89	149	156	29	0	255
 14	06	16	00	18	64	63	89	149	156	29	0	255
 14	06	16	00	20	64	63	89	149	156	29	0	255
 14	06	16	00	22	64	63	89	149	156	28	0	255
 14	06	16	00	24	64	63	89	149	156	28	0	255
 14	06	16	00	26	64	63	88	149	156	28	0	255
 14	06	16	00	28	64	63	88	149	156	28	0	255
 14	06	16	00	30	64	63	88	149	156	28	0	255
 14	06	16	00	32	64	63	88	149	156	26	0	255
 14	06	16	00	34	64	63	88	149	156	28	0	255
 14	06	16	00	36	64	63	88	149	156	29	0	255
 14	06	16	00	38	64	63	88	149	156	28	0	255
 14	06	16	00	40	64	63	87	149	156	28	0	255
 14	06	16	00	42	64	63	87	149	156	28	0	255
 14	06	16	00	44	64	63	87	149	156	26	0	255
 14	06	16	00	46	64	63	87	149	156	26	0	255
 14	06	16	00	48	64	63	87	149	156	26	0	255
 14	06	16	00	50	64	63	87	149	156	26	0	255
 14	06	16	00	52	64	63	87	149	156	26	0	255
 14	06	16	00	54	64	63	87	149	156	26	0	255
 14	06	16	00	56	64	63	87	149	156	25	0	255
 14	06	16	00	58	64	63	87	149	156	26	0	255
 14	06	16	01	00	64	63	87	149	156	25	0	255
 14	06	16	01	00	64	63	87	149	156	25	0	255
 14	06	16	01	02	64	63	86	149	156	25	0	255
 14	06	16	01	04	64	63	86	148	156	25	0	255
 14	06	16	01	06	64	63	86	148	156	25	0	255
 14	06	16	01	08	64	63	86	148	156	26	0	255
 14	06	16	01	10	64	63	86	148	156	25	0	255
 14	06	16	01	12	64	63	86	148	156	24	0	255
 14	06	16	01	14	64	63	86	148	155	24	0	255
 14	06	16	01	16	64	63	86	148	155	24	0	255
 14	06	16	01	18	64	63	86	148	155	24	0	255
 14	06	16	01	20	64	63	86	148	155	25	0	255
 14	06	16	01	22	64	63	86	148	155	24	0	255
 14	06	16	01	24	64	63	86	148	155	24	0	255
 14	06	16	01	26	64	63	86	148	155	24	0	255
 14	06	16	01	28	64	63	86	148	155	25	0	255
 14	06	16	01	30	64	63	86	148	155	24	0	255
 14	06	16	01	32	64	63	86	148	155	24	0	255
 14	06	16	01	34	64	63	86	148	155	23	0	255
 14	06	16	01	36	64	63	86	148	155	24	0	255
 14	06	16	01	38	64	63	86	148	155	24	0	255
 14	06	16	01	40	64	63	86	148	155	24	0	255
 14	06	16	01	42	64	63	86	148	155	24	0	255
 14	06	16	01	44	64	63	86	148	155	23	0	255
 14	06	16	01	46	64	63	85	148	155	24	0	255
 14	06	16	01	48	64	63	85	148	155	24	0	255
 14	06	16	01	50	64	62	85	148	155	24	0	255
 14	06	16	01	52	64	63	85	148	155	24	0	255
 14	06	16	01	54	64	63	85	148	155	24	0	255
 14	06	16	01	56	64	63	85	148	155	24	0	255
 14	06	16	01	58	64	62	85	148	155	24	0	255
 14	06	16	02	00	64	62	85	148	155	23	0	255
 14	06	16	02	02	64	62	85	148	155	23	0	255
 14	06	16	02	04	64	62	85	148	155	23	0	255
 14	06	16	02	06	64	62	85	148	155	23	0	255
 14	06	16	02	08	64	62	85	148	155	23	0	255
 14	06	16	02	10	64	62	85	148	155	23	0	255
 14	06	16	02	12	64	62	85	148	155	23	0	255
 14	06	16	02	14	64	62	85	148	155	23	0	255
 14	06	16	02	16	64	62	85	148	155	23	0	255
 14	06	16	02	18	64	62	85	148	155	23	0	255
 14	06	16	02	20	64	62	85	148	155	22	0	255
 14	06	16	02	22	64	62	85	148	155	23	0	255
 14	06	16	02	24	64	62	85	148	155	22	0	255
 14	06	16	02	26	64	62	85	148	155	23	0	255
 14	06	16	02	28	64	62	85	148	155	23	0	255
 14	06	16	02	30	64	62	85	148	155	23	0	255
 14	06	16	02	32	64	62	85	148	155	23	0	255
 14	06	16	02	34	64	62	85	148	155	22	0	255
 14	06	16	02	36	64	62	85	148	155	22	0	255
 14	06	16	02	38	64	62	85	148	155	22	0	255
 14	06	16	02	40	64	62	85	148	155	22	0	255
 14	06	16	02	42	64	62	85	148	154	22	0	255
 14	06	16	02	44	64	62	85	148	154	22	0	255
 14	06	16	02	46	64	62	85	148	154	22	0	255
 14	06	16	02	48	64	62	85	148	154	22	0	255
 14	06	16	02	50	64	62	85	148	154	20	0	255
 14	06	16	02	52	64	62	85	148	154	22	0	255
 14	06	16	02	54	64	62	85	148	154	20	0	255
 14	06	16	02	56	64	62	85	148	154	22	0	255
 14	06	16	02	58	64	62	85	148	154	22	0	255
 14	06	16	03	00	64	62	85	148	154	20	0	255
 14	06	16	03	02	64	62	85	148	154	20	0	255
 14	06	16	03	04	64	62	85	148	154	20	0	255
 14	06	16	03	06	63	62	85	148	154	20	0	255
 14	06	16	03	08	63	62	85	148	154	20	0	255
 14	06	16	03	10	63	62	85	148	154	20	0	255
 14	06	16	03	12	63	62	85	148	154	20	0	255
 14	06	16	03	58	63	62	85	147	154	19	0	255
 14	06	16	04	00	63	62	85	147	154	18	0	255
 14	06	16	04	00	63	62	85	147	154	19	0	255
 14	06	16	04	02	63	62	85	147	154	18	0	255
 14	06	16	04	04	63	62	85	147	154	18	0	255
 14	06	16	04	06	63	62	85	147	154	19	0	255
 14	06	16	04	08	63	62	85	147	154	17	0	255
 14	06	16	04	10	63	62	85	147	153	18	0	255
 14	06	16	04	12	63	62	85	147	153	18	0	255
 14	06	16	04	14	63	62	85	147	153	18	0	255
 14	06	16	04	16	63	62	84	147	153	18	0	255
 14	06	16	04	18	63	62	84	147	153	18	0	255
 14	06	16	04	20	63	62	84	147	153	18	0	255
 14	06	16	04	22	63	62	84	147	153	18	0	255
 14	06	16	04	24	63	62	84	147	153	17	0	255
 14	06	16	04	26	63	62	84	147	153	18	0	255
 14	06	16	04	28	63	61	84	147	153	17	0	255
 14	06	16	04	30	63	62	84	147	153	17	0	255
 14	06	16	04	32	63	61	84	147	153	18	0	255
 14	06	16	04	34	63	61	84	147	153	17	0	255
 14	06	16	04	36	63	61	84	147	153	17	0	255
 14	06	16	04	38	63	61	84	147	153	17	0	255
 14	06	16	04	40	63	61	84	147	153	17	0	255
 14	06	16	04	42	63	61	84	147	153	17	0	255
 14	06	16	04	44	63	61	84	147	153	17	0	255
 14	06	16	04	46	63	61	84	147	153	17	0	255
 14	06	16	04	48	63	61	84	147	153	17	0	255
 14	06	16	04	50	63	61	84	147	153	17	0	255
 14	06	16	04	52	63	61	84	147	153	17	0	255
 14	06	16	04	54	63	61	84	147	153	17	0	255
 14	06	16	04	56	63	61	84	147	153	17	0	255
 14	06	16	04	58	63	61	84	147	153	17	0	255
 14	06	16	05	00	63	61	84	147	153	17	0	255
 14	06	16	05	02	63	61	84	147	153	17	0	255
 14	06	16	05	04	63	61	84	147	153	17	0	255
 14	06	16	05	06	63	61	84	147	153	16	0	255
 14	06	16	05	08	63	61	84	147	153	17	0	255
 14	06	16	05	10	63	61	84	147	153	17	0	255
 14	06	16	05	12	63	61	84	147	153	17	0	255
 14	06	16	05	14	63	61	84	147	153	17	0	255
 14	06	16	05	16	63	61	84	147	153	17	0	255
 14	06	16	05	18	63	61	84	147	153	16	0	255
 14	06	16	05	20	63	61	84	147	153	17	0	255
 14	06	16	05	22	63	61	84	147	153	17	0	255
 14	06	16	05	24	63	61	84	147	153	16	0	255
 14	06	16	05	26	63	61	84	147	153	17	0	255
 14	06	16	05	28	63	61	84	147	153	18	0	255
 14	06	16	05	30	63	61	84	147	153	16	0	255
 14	06	16	05	32	63	61	84	147	153	16	0	255
 14	06	16	05	34	63	61	84	147	153	17	0	255
 14	06	16	05	36	63	61	84	147	153	17	0	255
 14	06	16	05	38	63	61	84	147	152	17	0	255
 14	06	16	05	40	62	61	84	147	152	18	0	255
 14	06	16	05	42	63	61	84	147	152	17	0	255
 14	06	16	05	44	62	61	84	147	152	18	0	255
 14	06	16	05	46	62	61	84	147	152	18	0	255
 14	06	16	05	48	62	61	84	147	152	18	0	255
 14	06	16	05	50	62	61	84	147	152	17	0	255
 14	06	16	05	52	62	61	84	147	152	18	0	255
 14	06	16	05	54	62	61	84	147	152	19	0	255
 14	06	16	05	56	62	61	84	147	152	18	0	255
 14	06	16	05	58	62	61	84	147	152	19	0	255
 14	06	16	06	00	62	61	84	147	152	18	0	255
 14	06	16	06	00	62	61	84	147	152	18	0	255
 14	06	16	06	02	62	61	84	147	152	19	0	255
 14	06	16	06	04	62	61	84	147	152	20	0	255
 14	06	16	06	06	62	61	84	147	152	20	0	255
 14	06	16	06	08	62	61	84	147	152	20	0	255
 14	06	16	06	10	62	61	84	147	152	20	0	255
 14	06	16	06	12	62	61	84	147	152	20	0	255
 14	06	16	06	14	62	61	84	147	152	22	0	255
 14	06	16	06	16	62	61	84	146	152	22	0	255
 14	06	16	06	18	62	61	84	146	152	22	0	255
 14	06	16	06	20	62	61	84	146	152	22	0	255
 14	06	16	06	22	62	61	84	146	152	23	0	255
 14	06	16	06	24	62	61	84	146	152	23	0	255
 14	06	16	06	26	62	61	84	146	152	23	0	255
 14	06	16	06	28	62	61	84	146	152	23	0	255
 14	06	16	06	30	62	61	84	146	152	23	0	255
 14	06	16	06	32	62	61	84	146	152	24	0	255
 14	06	16	06	34	62	61	84	146	152	25	0	255
 14	06	16	06	36	62	61	84	146	152	25	0	255
 14	06	16	06	38	62	61	84	146	152	24	0	255
 14	06	16	06	40	62	61	84	146	152	25	0	255
 14	06	16	06	42	62	61	84	146	152	25	0	255
 14	06	16	06	44	62	61	84	146	152	26	0	255
 14	06	16	06	46	62	61	84	146	152	26	0	255
 14	06	16	06	48	62	61	84	146	152	26	0	255
 14	06	16	06	50	62	61	84	146	152	28	0	255
 14	06	16	06	52	62	61	84	146	152	28	0	255
 14	06	16	06	54	62	61	84	146	152	28	0	255
 14	06	16	06	56	62	61	84	146	152	28	0	255
 14	06	16	06	58	62	61	84	146	152	29	0	255
 14	06	16	07	00	62	61	84	146	152	29	0	255
 14	06	16	07	02	62	61	84	146	152	30	0	255
 14	06	16	07	04	62	60	84	146	152	30	0	255
 14	06	16	07	06	62	60	84	146	152	30	0	255
 14	06	16	07	08	62	60	84	146	152	30	0	255
 14	06	16	07	10	62	60	84	146	151	31	0	255
 14	06	16	07	12	62	60	84	146	151	31	0	255
 14	06	16	07	14	62	60	84	146	151	31	0	255
 14	06	16	07	16	62	60	84	146	151	32	0	255
 14	06	16	07	18	62	60	84	146	151	32	0	255
 14	06	16	07	20	62	60	83	146	151	32	0	255
 14	06	16	07	22	62	60	83	146	151	34	0	255
 14	06	16	07	24	62	60	83	146	151	34	0	255
 14	06	16	07	26	62	60	82	146	151	34	0	255
 14	06	16	07	28	62	60	82	146	151	35	0	255
 14	06	16	07	30	62	60	82	146	151	35	0	255
 14	06	16	07	32	62	60	82	146	151	35	0	255
 14	06	16	07	34	62	60	82	146	151	36	0	255
 14	06	16	07	36	62	60	82	146	151	35	0	255
 14	06	16	07	38	62	60	82	146	151	37	0	255
 14	06	16	07	40	62	60	82	146	151	37	0	255
 14	06	16	07	42	62	60	82	146	151	37	0	255
 14	06	16	07	44	62	60	81	146	151	36	0	255
 14	06	16	07	46	62	60	81	146	151	38	0	255
 14	06	16	07	48	62	60	81	146	151	38	0	255
 14	06	16	07	50	62	60	81	146	151	38	0	255
 14	06	16	07	52	62	60	81	146	151	40	0	255
 14	06	16	07	54	62	60	81	146	151	41	0	255
 14	06	16	07	56	62	60	81	146	151	41	0	255
 14	06	16	07	58	62	60	81	146	151	42	0	255
 14	06	16	08	00	62	60	81	146	151	42	0	255
 14	06	16	08	02	62	60	81	146	151	45	0	255
 14	06	16	08	04	62	60	81	146	151	44	0	255
 14	06	16	08	06	61	60	81	146	151	46	0	255
 14	06	16	08	08	61	60	81	146	151	47	0	255
 14	06	16	08	10	61	60	80	146	151	47	0	255
 14	06	16	08	12	61	60	80	146	151	50	0	255
 14	06	16	08	14	61	60	80	146	151	51	0	255
 14	06	16	08	16	61	60	80	146	151	52	0	255
 14	06	16	08	18	61	60	80	146	151	54	0	255
 14	06	16	08	20	61	60	80	146	151	54	0	255
 14	06	16	08	22	61	60	80	146	151	56	0	255
 14	06	16	08	24	61	60	80	146	151	58	0	255
 14	06	16	08	26	61	60	80	146	151	60	0	255
 14	06	16	08	28	61	60	80	146	151	61	0	255
 14	06	16	08	30	61	60	80	146	151	62	0	255
 14	06	16	08	32	61	60	80	146	151	65	0	255
 14	06	16	08	34	61	60	80	146	151	66	0	255
 14	06	16	08	36	61	60	80	146	150	68	0	255
 14	06	16	08	38	61	60	80	145	150	70	0	255
 14	06	16	08	40	61	60	80	145	150	74	0	255
 14	06	16	08	42	61	60	80	145	150	74	0	255
 14	06	16	08	44	61	60	80	145	150	76	0	255
 14	06	16	08	46	61	60	80	145	150	79	0	255
 14	06	16	08	48	61	60	80	145	150	80	0	255
 14	06	16	08	50	61	60	80	145	150	83	0	255
 14	06	16	08	52	61	60	80	145	150	85	0	255
 14	06	16	08	54	61	60	80	145	150	88	0	255
 14	06	16	08	56	61	60	80	145	150	90	0	255
 14	06	16	08	58	61	60	80	145	150	93	0	255
 14	06	16	09	00	61	60	80	145	150	96	0	255
 14	06	16	09	00	61	60	80	145	150	96	0	255
 14	06	16	09	02	61	60	80	145	150	98	0	255
 14	06	16	12	18	161	128	91	154	157	180	8	255
 14	06	16	12	20	153	128	91	154	157	170	8	255
 14	06	16	12	22	143	130	92	154	157	164	8	255
 14	06	16	12	24	144	131	92	154	157	177	8	255
 14	06	16	12	26	154	132	92	154	157	200	8	255
 14	06	16	12	28	166	132	92	154	157	206	8	255
 14	06	16	12	30	165	131	92	154	157	190	8	255
 14	06	16	12	32	155	130	92	154	157	171	8	255
 14	06	16	12	34	144	130	92	154	157	162	8	255
 14	06	16	12	36	141	131	93	154	157	161	8	255
 14	06	16	12	38	136	129	93	154	157	160	0	255
 14	06	16	12	40	131	124	93	154	157	156	0	255
 14	06	16	12	42	127	121	93	154	157	156	0	255
 14	06	16	12	44	123	118	93	154	157	156	0	255
 14	06	16	12	46	118	115	93	154	157	160	0	255
 14	06	16	12	48	115	113	93	154	157	161	0	255
 14	06	16	12	50	111	109	93	154	157	156	0	255
 14	06	16	12	52	109	106	93	154	157	155	0	255
 14	06	16	12	54	105	103	93	154	157	151	0	255
 14	06	16	12	56	102	101	93	154	157	146	0	255
 14	06	16	12	58	100	100	93	154	157	144	0	255
 14	06	16	13	00	97	98	93	154	157	141	0	255
 14	06	16	13	02	95	96	93	154	157	141	0	255
 14	06	16	13	04	93	94	93	154	157	138	0	255
 14	06	16	13	06	91	92	93	154	157	138	0	255
 14	06	16	13	08	89	91	93	154	157	141	0	255
 14	06	16	13	10	88	91	93	154	157	156	0	255
 14	06	16	13	12	118	110	93	154	157	202	8	255
 14	06	16	13	14	156	126	93	154	157	221	8	255
 14	06	16	13	16	174	129	93	154	157	236	8	255
 14	06	16	13	18	177	127	93	154	157	210	8	255
 14	06	16	13	20	169	129	93	154	157	190	8	255
 14	06	16	13	22	160	128	93	154	157	176	8	255
 14	06	16	13	24	145	127	93	154	157	154	0	255
 14	06	16	13	26	138	125	93	154	157	152	0	255
 14	06	16	13	28	131	121	93	154	157	155	0	255
 14	06	16	13	30	125	119	93	154	157	166	8	255
 14	06	16	13	32	135	121	93	154	157	190	8	255
 14	06	16	13	34	155	130	93	153	157	204	8	255
 14	06	16	13	36	173	133	94	153	157	226	8	255
 14	06	16	13	38	177	133	94	153	157	216	8	255
 14	06	16	13	40	172	131	94	153	157	198	8	255
 14	06	16	13	42	159	130	94	153	157	171	8	255
 14	06	16	13	44	148	130	94	153	157	164	0	255
 14	06	16	13	46	138	122	94	153	157	171	8	255
 14	06	16	13	48	144	131	94	153	157	170	8	255
 14	06	16	13	50	143	133	94	153	157	170	8	255
 14	06	16	13	52	141	133	94	153	157	160	0	255
 14	06	16	13	54	137	129	95	153	157	155	0	255
 14	06	16	13	56	133	126	95	153	157	154	0	255
 14	06	16	13	58	128	122	95	153	157	152	0	255
 14	06	16	14	00	125	119	95	153	157	152	0	255
 14	06	16	14	00	123	118	95	153	157	151	0	255
 14	06	16	14	02	120	116	95	153	157	152	0	255
 14	06	16	14	04	116	113	95	153	157	154	0	255
 14	06	16	14	06	113	111	95	153	157	154	0	255
 14	06	16	14	08	109	108	95	153	157	154	0	255
 14	06	16	14	10	106	106	95	153	157	160	0	255
 14	06	16	14	12	106	106	95	153	157	184	8	255
 14	06	16	14	14	150	128	95	153	157	210	8	255
 14	06	16	14	16	173	133	95	153	157	240	8	255
 14	06	16	14	18	184	134	95	153	157	227	8	255
 14	06	16	14	20	183	134	95	153	156	230	8	255
 14	06	16	14	22	188	136	95	153	157	236	8	255
 14	06	16	14	24	189	136	95	154	156	230	8	255
 14	06	16	14	26	180	131	95	154	156	204	8	255
 14	06	16	14	28	170	131	95	154	156	188	8	255
 14	06	16	14	30	153	132	96	154	156	164	0	255
 14	06	16	14	32	142	128	96	154	156	161	0	255
 14	06	16	14	34	137	125	96	154	156	158	0	255
 14	06	16	14	36	131	121	96	154	156	156	0	255
 14	06	16	14	38	125	117	96	154	156	154	0	255
 14	06	16	14	40	122	114	96	154	156	154	0	255
 14	06	16	14	42	118	111	96	154	156	154	0	255
 14	06	16	14	44	114	108	96	154	156	152	0	255
 14	06	16	14	46	111	106	96	154	156	154	0	255
 14	06	16	14	48	108	104	96	154	156	180	8	255
 14	06	16	14	50	150	128	96	154	156	213	8	255
 14	06	16	14	52	163	133	96	154	156	218	8	255
 14	06	16	14	54	178	136	96	154	156	221	8	255
 14	06	16	14	56	176	135	96	155	156	218	8	255
 14	06	16	14	58	180	137	96	155	157	227	8	255
 14	06	16	15	00	186	138	96	155	157	234	8	255
 14	06	16	15	02	187	138	96	155	157	234	8	255
 14	06	16	15	04	189	139	97	155	157	235	8	255
 14	06	16	15	06	191	139	97	156	157	238	8	255
 14	06	16	15	08	192	139	97	156	158	240	8	255
 14	06	16	15	10	193	140	97	156	158	238	8	255
 14	06	16	15	12	193	140	97	156	158	240	8	255
 14	06	16	15	14	193	140	97	157	158	232	8	255
 14	06	16	15	16	188	140	98	157	159	224	8	255
 14	06	16	15	18	177	134	98	157	159	201	8	255
 14	06	16	15	20	173	138	98	157	159	210	8	255
 14	06	16	15	22	172	141	98	157	159	210	8	255
 14	06	16	15	24	177	142	98	158	159	220	8	255
 14	06	16	15	26	179	142	99	158	159	224	8	255
 14	06	16	15	28	185	143	99	158	160	230	8	255
 14	06	16	15	30	188	143	99	159	160	232	8	255
 14	06	16	15	32	189	143	99	159	160	234	8	255
 14	06	16	15	34	191	143	99	159	160	236	8	255
 14	06	16	15	36	192	144	99	159	160	236	8	255
 14	06	16	15	38	191	143	100	159	161	230	8	255
 14	06	16	15	40	189	144	100	159	161	232	8	255
 14	06	16	15	42	189	144	100	159	161	228	8	255
 14	06	16	15	44	184	139	100	160	161	210	8	255
 14	06	16	15	46	170	138	100	160	161	188	8	255
 14	06	16	15	48	163	141	100	160	162	186	8	255
 14	06	16	15	50	154	141	101	160	162	172	0	255
 14	06	16	15	52	147	137	101	160	162	168	0	255
 14	06	16	15	54	142	134	101	160	162	166	0	255
 14	06	16	15	56	136	129	101	160	162	162	0	255
 14	06	16	15	58	131	125	101	160	162	161	0	255
 14	06	16	16	00	127	122	101	160	162	158	0	255
 14	06	16	16	00	126	121	101	160	162	158	0	255
 14	06	16	16	02	122	118	101	160	162	158	0	255
 14	06	16	16	04	118	115	101	160	162	161	0	255
 14	06	16	16	06	115	116	101	160	162	170	0	255
 14	06	16	16	08	111	114	101	160	162	171	0	255
 14	06	16	16	10	109	112	101	160	162	174	0	255
 14	06	16	16	12	106	107	101	160	162	182	8	255
 14	06	16	16	14	145	133	101	160	162	200	8	255
 14	06	16	16	16	155	139	101	160	162	198	8	255
 14	06	16	16	18	161	142	101	160	162	180	8	255
 14	06	16	16	20	148	137	101	160	162	161	0	255
 14	06	16	16	22	142	134	101	160	162	160	0	255
 14	06	16	16	24	135	129	101	160	162	161	0	255
 14	06	16	16	26	130	124	101	160	162	160	0	255
 14	06	16	16	28	126	121	101	160	162	156	0	255
 14	06	16	16	30	131	130	101	160	162	164	8	255
 14	06	16	16	32	136	140	101	160	162	161	8	255
 14	06	16	16	34	137	142	101	160	162	158	8	255
 14	06	16	16	36	130	141	101	159	162	150	8	255
 14	06	16	16	38	132	142	101	159	162	164	8	255
 14	06	16	16	40	138	140	101	159	162	166	0	255
 14	06	16	16	42	136	135	102	159	162	164	0	255
 14	06	16	16	44	133	132	102	159	162	161	8	255
 14	06	16	16	46	128	130	102	159	162	174	0	255
 14	06	16	16	48	143	135	102	159	162	201	8	255
 14	06	16	16	50	159	141	102	159	162	208	8	255
 14	06	16	16	52	173	143	102	159	162	221	8	255
 14	06	16	16	54	175	142	102	159	162	208	8	255
 14	06	16	16	56	174	143	102	160	162	212	8	255
 14	06	16	16	58	176	144	102	160	162	214	8	255
 14	06	16	17	00	176	144	102	160	162	204	8	255
 14	06	16	17	02	170	141	102	160	162	190	8	255
 14	06	16	17	04	160	142	102	160	162	184	8	255
 14	06	16	17	06	160	145	102	160	162	195	8	255
 14	06	16	17	08	164	145	103	160	162	204	8	255
 14	06	16	17	10	171	146	103	160	162	212	8	255
 14	06	16	17	12	174	146	103	160	162	213	8	255
 14	06	16	17	14	176	146	103	161	162	213	8	255
 14	06	16	17	16	177	146	103	161	163	214	8	255
 14	06	16	17	18	177	146	103	161	163	212	8	255
 14	06	16	17	20	175	146	103	161	163	208	8	255
 14	06	16	17	22	173	146	103	161	163	206	8	255
 14	06	16	17	24	172	146	103	161	163	202	8	255
 14	06	16	17	26	169	146	104	161	163	196	8	255
 14	06	16	17	28	163	144	104	161	163	188	8	255
 14	06	16	17	30	161	145	104	161	163	189	8	255
 14	06	16	17	32	159	146	104	161	163	184	8	255
 14	06	16	17	34	153	144	104	162	164	172	0	255
 14	06	16	17	36	149	141	104	162	164	168	0	255
 14	06	16	17	38	143	135	104	162	164	164	0	255
 14	06	16	17	40	137	131	104	162	164	158	0	255
 14	06	16	17	42	135	126	104	162	164	160	8	255
 14	06	16	17	44	135	141	104	161	164	154	8	255
 14	06	16	17	46	133	144	104	161	163	151	8	255
 14	06	16	17	48	129	144	104	161	164	141	8	255
 14	06	16	17	50	127	146	104	161	163	148	8	255
 14	06	16	17	52	129	146	104	161	163	151	8	255
 14	06	16	17	54	131	146	105	161	164	152	8	255
 14	06	16	17	56	132	146	105	161	163	154	8	255
 14	06	16	17	58	132	146	105	160	163	154	8	255
 14	06	16	18	00	133	146	105	160	163	154	8	255
 14	06	16	18	02	134	146	105	160	163	155	8	255
 14	06	16	18	04	134	146	105	160	163	155	8	255
 14	06	16	18	06	134	146	105	160	163	155	8	255
 14	06	16	18	08	134	146	105	160	163	160	8	255
 14	06	16	18	10	137	146	105	160	163	164	8	255
 14	06	16	18	12	140	144	105	160	163	171	0	255
 14	06	16	18	14	138	141	105	160	163	172	0	255
 14	06	16	18	16	134	137	105	159	163	174	0	255
 14	06	16	18	18	130	132	105	159	163	184	8	255
 14	06	16	18	20	148	141	105	159	163	198	8	255
 14	06	16	18	22	160	145	105	160	163	198	8	255
 14	06	16	18	24	162	145	105	160	163	183	8	255
 14	06	16	18	26	155	144	105	160	163	176	8	255
 14	06	16	18	28	152	145	106	160	163	176	8	255
 14	06	16	18	30	150	145	106	160	163	174	8	255
 14	06	16	18	32	148	145	106	160	163	172	0	255
 14	06	16	18	34	144	140	106	160	163	168	0	255
 14	06	16	18	36	139	135	106	160	163	166	0	255
 14	06	16	18	38	135	132	106	160	163	165	0	255
 14	06	16	18	40	130	127	106	160	163	162	0	255
 14	06	16	18	42	125	122	105	160	163	156	0	255
 14	06	16	18	44	129	126	105	160	163	164	8	255
 14	06	16	18	46	137	141	105	160	163	160	8	255
 14	06	16	18	48	136	143	105	160	163	155	8	255
 14	06	16	18	50	129	142	106	160	163	137	8	255
 14	06	16	18	52	125	144	106	160	163	145	8	255
 14	06	16	18	54	126	145	106	159	163	146	8	255
 14	06	16	18	56	128	145	106	159	163	148	8	255
 14	06	16	18	58	128	145	106	159	163	146	8	255
 14	06	16	19	00	129	145	106	159	163	151	8	255
 14	06	16	19	00	129	145	106	159	163	148	8	255
 14	06	16	19	02	129	145	106	159	163	150	8	255
 14	06	16	19	04	129	145	106	159	163	148	8	255
 14	06	16	19	06	129	145	106	159	163	146	8	255
 14	06	16	19	08	129	145	106	158	163	150	8	255
 14	06	16	19	10	130	145	106	158	163	152	8	255
 14	06	16	19	12	132	145	106	158	163	154	8	255
 14	06	16	19	14	134	145	106	158	163	156	8	255
 14	06	16	19	16	135	145	106	158	163	156	8	255
 14	06	16	19	18	135	145	106	158	163	155	8	255
 14	06	16	19	20	134	144	106	158	163	154	8	255
 14	06	16	19	22	134	144	106	158	163	152	8	255
 14	06	16	19	24	133	144	106	158	163	152	8	255
 14	06	16	19	26	132	144	106	158	163	151	8	255
 14	06	16	19	28	132	144	106	157	163	150	8	255
 14	06	16	19	30	131	144	106	157	163	150	8	255
 14	06	16	19	32	130	144	106	157	163	150	8	255
 14	06	16	19	34	130	144	106	157	163	150	8	255
 14	06	16	19	36	129	144	106	157	163	148	8	255
 14	06	16	19	38	128	144	106	157	163	145	8	255
 14	06	16	19	40	127	143	106	157	163	145	8	255
 14	06	16	19	42	126	143	106	157	163	144	8	255
 14	06	16	19	44	125	143	106	157	163	141	8	255
 14	06	16	19	46	124	143	106	156	163	141	8	255
 14	06	16	19	48	123	143	106	156	163	138	8	255
 14	06	16	19	50	122	143	106	156	163	138	8	255
 14	06	16	19	52	122	143	106	156	163	138	8	255
 14	06	16	19	54	121	143	106	156	163	137	8	255
 14	06	16	19	56	121	143	106	156	163	137	8	255
 14	06	16	19	58	120	143	106	155	163	136	8	255
 14	06	16	20	00	120	143	106	155	163	136	8	255
 14	06	16	20	02	119	142	106	155	163	136	8	255
 14	06	16	20	04	119	142	106	155	163	136	8	255
 14	06	16	20	06	119	142	106	155	162	134	8	255
 14	06	16	20	08	118	142	106	155	163	136	8	255
 14	06	16	20	10	118	142	106	154	162	134	8	255
 14	06	16	20	12	118	142	106	154	162	134	8	255
 14	06	16	20	14	118	142	106	154	162	134	8	255
 14	06	16	20	16	118	142	106	154	162	134	8	255
 14	06	16	20	18	117	141	106	154	162	132	8	255
 14	06	16	20	20	117	141	106	154	162	132	8	255
 14	06	16	20	22	117	141	106	153	162	134	8	255
 14	06	16	20	24	117	141	106	153	162	134	8	255
 14	06	16	20	26	117	141	106	153	162	132	8	255
 14	06	16	20	28	117	141	106	153	162	132	8	255
 14	06	16	20	30	117	141	106	153	162	132	8	255
 14	06	16	20	32	117	141	106	152	162	134	8	255
 14	06	16	20	34	117	140	106	152	162	132	8	255
 14	06	16	20	36	116	140	106	152	162	132	8	255
 14	06	16	20	38	116	140	106	152	162	132	8	255
 14	06	16	20	40	116	140	106	152	162	130	8	255
 14	06	16	20	42	116	140	106	152	162	130	8	255
 14	06	16	20	44	115	140	106	151	162	131	8	255
 14	06	16	20	46	115	140	106	151	162	130	8	255
 14	06	16	20	48	115	139	106	151	162	128	8	255
 14	06	16	20	50	114	136	106	151	162	124	0	255
 14	06	16	20	52	111	131	106	151	162	118	0	255
 14	06	16	20	54	109	128	106	151	162	113	0	255
 14	06	16	20	56	106	122	106	151	162	108	0	255
 14	06	16	20	58	104	118	105	150	162	104	0	255
 14	06	16	21	00	101	113	105	150	162	100	0	255
 14	06	16	21	02	99	108	105	150	162	97	0	255
 14	06	16	21	04	98	105	105	151	162	93	0	255
 14	06	16	21	06	95	101	105	151	162	89	0	255
 14	06	16	21	08	93	98	105	150	162	86	0	255
 14	06	16	21	10	92	96	105	150	162	84	0	255
 14	06	16	21	12	90	94	105	151	162	82	0	255
 14	06	16	21	14	89	92	105	150	162	79	0	255
 14	06	16	21	16	88	91	104	151	162	78	0	255
 14	06	16	21	18	86	89	104	150	162	75	0	255
 14	06	16	21	20	85	87	104	150	162	72	0	255
 14	06	16	21	22	84	86	104	150	162	72	0	255
 14	06	16	21	24	83	85	104	150	162	70	0	255
 14	06	16	21	26	82	84	104	151	162	68	0	255
 14	06	16	21	28	81	83	104	150	162	67	0	255
 14	06	16	21	30	80	82	104	151	162	65	0	255
 14	06	16	21	32	80	81	104	150	162	64	0	255
 14	06	16	21	34	79	80	104	150	162	62	0	255
 14	06	16	21	36	78	79	103	150	162	61	0	255
 14	06	16	21	38	78	79	103	150	162	60	0	255
 14	06	16	21	40	77	78	103	150	162	58	0	255
 14	06	16	21	42	76	77	103	150	162	57	0	255
 14	06	16	21	44	76	77	103	150	161	57	0	255
 14	06	16	21	46	75	76	103	150	162	56	0	255
 14	06	16	21	48	75	75	103	150	161	54	0	255
 14	06	16	21	50	74	75	103	150	161	54	0	255
 14	06	16	21	52	74	74	103	150	161	52	0	255
 14	06	16	21	54	73	74	103	150	161	51	0	255
 14	06	16	21	56	73	73	103	150	161	51	0	255
 14	06	16	21	58	73	73	103	150	161	51	0	255
 14	06	16	22	00	72	73	102	150	161	50	0	255
 14	06	16	22	00	72	72	102	150	161	48	0	255
 14	06	16	22	02	72	72	102	150	161	48	0	255
 14	06	16	22	04	72	72	102	150	161	47	0	255
 14	06	16	22	06	71	71	102	150	161	47	0	255
 14	06	16	22	08	71	71	102	150	161	46	0	255
 14	06	16	22	10	71	71	102	150	161	45	0	255
 14	06	16	22	12	71	70	102	150	161	44	0	255
 14	06	16	22	14	70	70	102	150	161	44	0	255
 14	06	16	22	16	70	70	102	150	161	44	0	255
 14	06	16	22	18	70	69	102	150	161	44	0	255
 14	06	16	22	20	70	69	102	150	161	42	0	255
 14	06	16	22	22	69	69	102	150	161	41	0	255
 14	06	16	22	24	69	69	102	150	161	41	0	255
 14	06	16	22	26	69	68	102	150	161	40	0	255
 14	06	16	22	28	69	68	101	150	161	38	0	255
 14	06	16	22	30	69	68	101	150	161	38	0	255
 14	06	16	22	32	68	68	101	150	161	38	0	255
 14	06	16	22	34	68	68	101	150	161	37	0	255
 14	06	16	22	36	68	67	101	150	161	37	0	255
 14	06	16	22	38	68	67	101	150	161	37	0	255
 14	06	16	22	40	68	67	101	150	161	36	0	255
 14	06	16	22	42	68	67	101	150	161	36	0	255
 14	06	16	22	44	68	67	101	150	161	36	0	255
 14	06	16	22	46	67	67	101	150	161	36	0	255
 14	06	16	22	48	67	66	101	150	161	35	0	255
 14	06	16	22	50	67	66	101	150	161	35	0	255
 14	06	16	22	52	67	66	101	150	161	35	0	255
 14	06	16	22	54	67	66	101	150	161	34	0	255
 14	06	16	22	56	67	66	101	150	161	34	0	255
 14	06	16	22	58	67	66	100	150	161	34	0	255
 14	06	16	23	00	67	66	100	150	161	34	0	255
 14	06	16	23	02	66	66	100	150	161	32	0	255
 14	06	16	23	04	66	66	100	150	161	34	0	255
 14	06	16	23	06	66	65	100	150	161	34	0	255
 14	06	16	23	08	66	65	100	150	161	32	0	255
 14	06	16	23	10	66	65	100	150	161	32	0	255
 14	06	16	23	12	66	65	100	150	161	32	0	255
 14	06	16	23	14	66	65	100	150	161	32	0	255
 14	06	16	23	16	66	65	100	150	161	32	0	255
 14	06	16	23	18	66	65	100	150	160	31	0	255
 14	06	16	23	20	66	65	100	150	160	31	0	255
 14	06	16	23	22	66	65	100	150	160	31	0	255
 14	06	16	23	24	66	65	100	150	160	31	0	255
 14	06	16	23	26	66	65	100	150	160	31	0	255
 14	06	16	23	28	66	64	100	150	160	31	0	255
 14	06	16	23	30	66	64	100	150	160	31	0	255
 14	06	16	23	32	65	64	100	150	160	31	0	255
 14	06	16	23	34	65	64	99	150	160	31	0	255
 14	06	16	23	36	65	64	99	150	160	31	0	255
 14	06	16	23	38	65	64	99	150	160	31	0	255
 14	06	16	23	40	65	64	99	150	160	31	0	255
 14	06	16	23	42	65	64	99	150	160	31	0	255
 14	06	16	23	44	65	64	99	150	160	32	0	255
 14	06	16	23	46	65	64	99	150	160	31	0	255
 14	06	16	23	48	65	64	99	150	160	31	0	255
 14	06	16	23	50	65	64	99	150	160	31	0	255
 14	06	16	23	52	65	64	99	150	160	31	0	255
 14	06	16	23	54	65	64	99	150	160	31	0	255
 14	06	16	23	56	65	64	99	150	160	31	0	255
 14	06	16	23	58	65	64	99	150	160	30	0	255
