14	04	11	00	02	55	54	89	149	162	16	0	255
 14	04	11	00	04	55	54	89	149	162	16	0	255
 14	04	11	00	06	55	54	89	149	162	16	0	255
 14	04	11	00	08	55	54	89	149	162	14	0	255
 14	04	11	00	10	55	54	89	149	162	14	0	255
 14	04	11	00	12	55	53	89	149	162	13	0	255
 14	04	11	00	14	55	53	89	149	162	16	0	255
 14	04	11	00	16	55	53	89	149	162	14	0	255
 14	04	11	00	18	55	53	89	149	162	14	0	255
 14	04	11	00	20	55	53	88	149	162	14	0	255
 14	04	11	00	22	55	53	88	149	162	12	0	255
 14	04	11	00	24	55	53	88	149	162	13	0	255
 14	04	11	00	26	55	53	88	149	162	13	0	255
 14	04	11	00	28	55	53	88	149	162	14	0	255
 14	04	11	00	30	55	53	88	149	162	13	0	255
 14	04	11	00	32	55	53	88	149	162	12	0	255
 14	04	11	00	34	55	53	88	149	162	13	0	255
 14	04	11	00	36	55	53	88	149	162	13	0	255
 14	04	11	00	38	55	53	88	149	162	13	0	255
 14	04	11	00	40	55	53	88	149	162	13	0	255
 14	04	11	00	42	55	53	88	149	162	13	0	255
 14	04	11	00	44	55	53	88	149	162	13	0	255
 14	04	11	00	46	55	53	88	149	162	13	0	255
 14	04	11	00	48	55	53	88	149	162	12	0	255
 14	04	11	00	50	55	53	88	148	162	12	0	255
 14	04	11	00	52	55	53	88	148	162	12	0	255
 14	04	11	00	54	55	53	88	148	162	12	0	255
 14	04	11	00	56	55	53	88	148	162	12	0	255
 14	04	11	00	58	55	53	88	148	162	12	0	255
 14	04	11	01	00	55	53	88	148	162	12	0	255
 14	04	11	01	02	55	53	88	148	162	12	0	255
 14	04	11	01	04	55	53	88	148	162	12	0	255
 14	04	11	01	06	55	53	87	148	162	11	0	255
 14	04	11	01	08	55	53	87	148	162	12	0	255
 14	04	11	01	10	55	53	87	148	162	12	0	255
 14	04	11	01	12	55	53	87	148	162	12	0	255
 14	04	11	01	14	55	53	87	148	161	12	0	255
 14	04	11	01	16	55	53	87	148	161	12	0	255
 14	04	11	01	18	55	53	87	148	161	11	0	255
 14	04	11	01	20	55	53	87	148	161	11	0	255
 14	04	11	01	22	55	53	87	148	161	12	0	255
 14	04	11	01	24	55	53	87	148	161	12	0	255
 14	04	11	01	26	55	53	87	148	161	11	0	255
 14	04	11	01	28	55	53	87	148	161	12	0	255
 14	04	11	01	30	55	53	87	148	161	12	0	255
 14	04	11	01	32	55	53	87	148	161	12	0	255
 14	04	11	01	34	55	53	87	148	161	12	0	255
 14	04	11	01	36	55	53	87	148	161	12	0	255
 14	04	11	01	38	55	53	87	148	161	11	0	255
 14	04	11	01	40	55	53	87	148	161	11	0	255
 14	04	11	01	42	55	53	87	148	161	11	0	255
 14	04	11	01	44	55	53	87	148	161	11	0	255
 14	04	11	01	46	55	53	87	148	161	12	0	255
 14	04	11	01	48	54	53	87	148	161	11	0	255
 14	04	11	01	50	55	53	87	148	161	11	0	255
 14	04	11	01	52	54	53	86	148	161	11	0	255
 14	04	11	01	54	54	53	86	148	161	11	0	255
 14	04	11	01	56	54	53	86	148	161	11	0	255
 14	04	11	01	58	54	53	86	148	161	11	0	255
 14	04	11	02	00	54	53	86	148	161	11	0	255
 14	04	11	02	00	54	53	86	148	161	11	0	255
 14	04	11	02	02	54	53	86	148	161	12	0	255
 14	04	11	02	04	54	52	86	148	161	11	0	255
 14	04	11	02	06	54	53	86	148	161	11	0	255
 14	04	11	02	08	54	52	86	148	161	11	0	255
 14	04	11	02	10	54	52	86	148	161	11	0	255
 14	04	11	02	12	54	52	86	148	161	11	0	255
 14	04	11	02	14	54	52	86	148	161	11	0	255
 14	04	11	02	16	54	52	86	148	161	11	0	255
 14	04	11	02	18	54	52	86	148	161	11	0	255
 14	04	11	02	20	54	52	86	148	161	11	0	255
 14	04	11	02	22	54	52	86	148	161	11	0	255
 14	04	11	02	24	54	52	86	148	161	10	0	255
 14	04	11	02	26	54	52	86	148	160	11	0	255
 14	04	11	02	28	54	52	86	148	160	11	0	255
 14	04	11	02	30	54	52	86	148	160	11	0	255
 14	04	11	02	32	54	52	86	148	160	11	0	255
 14	04	11	02	34	54	52	86	148	160	11	0	255
 14	04	11	02	36	54	52	86	148	160	12	0	255
 14	04	11	02	38	54	52	86	148	160	11	0	255
 14	04	11	02	40	54	52	86	148	160	11	0	255
 14	04	11	02	42	54	52	85	148	160	11	0	255
 14	04	11	02	44	54	52	85	148	160	11	0	255
 14	04	11	02	46	54	52	85	148	160	11	0	255
 14	04	11	02	48	54	52	85	148	160	11	0	255
 14	04	11	02	50	54	52	85	148	160	11	0	255
 14	04	11	02	52	54	52	85	148	160	11	0	255
 14	04	11	02	54	54	52	85	148	160	11	0	255
 14	04	11	02	56	54	52	85	148	160	11	0	255
 14	04	11	02	58	54	52	85	148	160	12	0	255
 14	04	11	03	00	54	52	85	148	160	11	0	255
 14	04	11	03	02	54	52	85	148	160	11	0	255
 14	04	11	03	04	54	52	85	148	160	11	0	255
 14	04	11	03	06	54	52	85	148	160	12	0	255
 14	04	11	03	08	54	52	85	148	160	11	0	255
 14	04	11	03	10	54	52	85	148	160	11	0	255
 14	04	11	03	12	54	52	85	148	160	11	0	255
 14	04	11	03	14	54	52	85	148	160	11	0	255
 14	04	11	03	16	54	52	85	148	160	11	0	255
 14	04	11	03	18	54	52	85	148	160	11	0	255
 14	04	11	03	20	54	52	85	148	160	11	0	255
 14	04	11	03	22	54	52	85	148	160	11	0	255
 14	04	11	03	24	54	52	85	147	160	11	0	255
 14	04	11	03	26	54	52	85	147	160	12	0	255
 14	04	11	03	28	54	52	85	147	160	11	0	255
 14	04	11	03	30	54	52	85	147	160	11	0	255
 14	04	11	03	32	54	52	85	147	160	10	0	255
 14	04	11	03	34	54	52	85	147	160	11	0	255
 14	04	11	03	36	54	52	84	147	159	11	0	255
 14	04	11	03	38	54	52	84	147	160	11	0	255
 14	04	11	03	40	54	52	84	147	159	10	0	255
 14	04	11	03	42	54	52	84	147	159	11	0	255
 14	04	11	03	44	54	52	84	147	159	11	0	255
 14	04	11	03	46	54	52	84	147	159	11	0	255
 14	04	11	03	48	54	52	84	147	159	11	0	255
 14	04	11	03	50	54	52	84	147	159	11	0	255
 14	04	11	03	52	54	52	84	147	159	10	0	255
 14	04	11	03	54	54	52	84	147	159	10	0	255
 14	04	11	03	56	54	52	84	147	159	11	0	255
 14	04	11	03	58	54	52	84	147	159	11	0	255
 14	04	11	04	00	54	52	84	147	159	10	0	255
 14	04	11	04	02	54	52	84	147	159	10	0	255
 14	04	11	04	04	54	52	84	147	159	10	0	255
 14	04	11	04	06	54	52	84	147	159	10	0	255
 14	04	11	04	08	54	52	84	147	159	10	0	255
 14	04	11	04	10	54	52	84	147	159	10	0	255
 14	04	11	04	12	54	52	84	147	159	10	0	255
 14	04	11	04	14	54	52	84	147	159	10	0	255
 14	04	11	04	16	54	52	84	147	159	10	0	255
 14	04	11	04	18	54	52	84	147	159	10	0	255
 14	04	11	04	20	54	52	84	147	159	8	0	255
 14	04	11	04	22	54	52	84	147	159	10	0	255
 14	04	11	04	24	54	52	84	147	159	10	0	255
 14	04	11	04	26	54	52	84	147	159	8	0	255
 14	04	11	04	28	54	52	83	147	159	8	0	255
 14	04	11	04	30	54	52	83	147	159	10	0	255
 14	04	11	04	32	54	52	83	147	159	8	0	255
 14	04	11	04	34	54	52	83	147	159	8	0	255
 14	04	11	04	36	54	51	83	147	159	10	0	255
 14	04	11	04	38	54	52	83	147	159	8	0	255
 14	04	11	04	40	54	52	83	147	159	8	0	255
 14	04	11	04	42	54	51	83	147	159	8	0	255
 14	04	11	04	44	54	51	83	147	159	8	0	255
 14	04	11	04	46	54	51	83	147	159	8	0	255
 14	04	11	04	48	54	51	83	147	158	8	0	255
 14	04	11	04	50	54	51	83	147	159	8	0	255
 14	04	11	04	52	54	51	83	147	158	8	0	255
 14	04	11	04	54	53	51	83	147	158	8	0	255
 14	04	11	04	56	53	51	83	147	158	10	0	255
 14	04	11	04	58	53	51	83	147	158	10	0	255
 14	04	11	05	00	53	51	83	147	158	8	0	255
 14	04	11	05	02	54	51	83	147	158	10	0	255
 14	04	11	05	04	53	51	83	147	158	8	0	255
 14	04	11	05	06	53	51	83	147	158	8	0	255
 14	04	11	05	08	53	51	83	147	158	8	0	255
 14	04	11	05	10	53	51	83	147	158	10	0	255
 14	04	11	05	12	53	51	83	147	158	8	0	255
 14	04	11	05	14	53	51	83	147	158	10	0	255
 14	04	11	05	16	53	51	83	147	158	8	0	255
 14	04	11	05	18	53	51	83	147	158	7	0	255
 14	04	11	05	20	53	51	83	147	158	8	0	255
 14	04	11	05	22	53	51	83	147	158	8	0	255
 14	04	11	05	24	53	51	82	147	158	8	0	255
 14	04	11	05	26	53	51	82	147	158	8	0	255
 14	04	11	05	28	53	51	82	147	158	8	0	255
 14	04	11	05	30	53	51	82	147	158	8	0	255
 14	04	11	05	32	53	51	82	147	158	8	0	255
 14	04	11	05	34	53	51	82	147	158	8	0	255
 14	04	11	05	36	53	51	82	147	158	8	0	255
 14	04	11	05	38	53	51	82	147	158	10	0	255
 14	04	11	05	40	53	51	82	147	158	8	0	255
 14	04	11	05	42	53	51	82	147	158	7	0	255
 14	04	11	05	44	53	51	82	147	158	8	0	255
 14	04	11	05	46	53	51	82	147	158	8	0	255
 14	04	11	05	48	53	51	82	147	158	7	0	255
 14	04	11	05	50	53	51	82	147	158	8	0	255
 14	04	11	05	52	53	51	82	147	158	7	0	255
 14	04	11	05	54	53	51	82	146	158	8	0	255
 14	04	11	05	56	53	51	82	147	158	7	0	255
 14	04	11	05	58	53	51	82	146	158	8	0	255
 14	04	11	06	00	53	51	82	146	157	8	0	255
 14	04	11	06	02	53	51	82	146	157	7	0	255
 14	04	11	06	04	53	51	82	146	157	7	0	255
 14	04	11	06	06	53	51	82	146	157	7	0	255
 14	04	11	06	08	53	51	82	146	157	7	0	255
 14	04	11	06	10	53	51	82	146	157	7	0	255
 14	04	11	06	12	53	51	82	146	157	7	0	255
 14	04	11	06	14	53	51	82	146	157	7	0	255
 14	04	11	06	16	53	51	82	146	157	7	0	255
 14	04	11	06	18	53	51	81	146	157	7	0	255
 14	04	11	06	20	53	51	81	146	157	7	0	255
 14	04	11	06	22	53	51	81	146	157	7	0	255
 14	04	11	06	24	53	51	81	146	157	7	0	255
 14	04	11	06	26	53	51	81	146	157	7	0	255
 14	04	11	06	28	53	51	81	146	157	7	0	255
 14	04	11	06	30	53	51	81	146	157	7	0	255
 14	04	11	06	32	53	51	81	146	157	7	0	255
 14	04	11	06	34	53	51	81	146	157	8	0	255
 14	04	11	06	36	53	51	81	146	157	6	0	255
 14	04	11	06	38	53	51	81	146	157	6	0	255
 14	04	11	06	40	53	51	81	146	157	7	0	255
 14	04	11	06	42	53	51	81	146	157	7	0	255
 14	04	11	06	44	53	51	81	146	157	7	0	255
 14	04	11	06	46	53	51	81	146	157	7	0	255
 14	04	11	06	48	53	51	81	146	157	7	0	255
 14	04	11	06	50	53	51	81	146	157	7	0	255
 14	04	11	06	52	53	51	81	146	157	7	0	255
 14	04	11	06	54	53	51	81	146	157	7	0	255
 14	04	11	06	56	53	51	81	146	157	7	0	255
 14	04	11	06	58	53	51	81	146	157	7	0	255
 14	04	11	07	00	53	51	81	146	157	7	0	255
 14	04	11	07	00	53	51	81	146	157	8	0	255
 14	04	11	07	02	53	51	81	146	157	8	0	255
 14	04	11	07	04	53	51	81	146	157	8	0	255
 14	04	11	07	06	53	51	81	146	157	8	0	255
 14	04	11	07	08	53	51	81	146	157	10	0	255
 14	04	11	07	10	53	51	81	146	156	10	0	255
 14	04	11	07	12	53	51	80	146	156	10	0	255
 14	04	11	07	14	53	51	80	146	156	10	0	255
 14	04	11	07	16	53	51	80	146	156	11	0	255
 14	04	11	07	18	53	51	80	146	156	11	0	255
 14	04	11	07	20	53	51	80	146	156	11	0	255
 14	04	11	07	22	53	50	80	146	156	12	0	255
 14	04	11	07	24	53	50	80	146	156	11	0	255
 14	04	11	07	26	53	50	80	146	156	12	0	255
 14	04	11	07	28	53	50	80	146	156	12	0	255
 14	04	11	07	30	53	50	80	146	156	12	0	255
 14	04	11	07	32	53	50	80	146	156	12	0	255
 14	04	11	07	34	53	50	80	146	156	13	0	255
 14	04	11	07	36	52	50	80	146	156	13	0	255
 14	04	11	07	38	53	50	80	146	156	13	0	255
 14	04	11	07	40	53	50	80	146	156	13	0	255
 14	04	11	07	42	52	50	80	146	156	13	0	255
 14	04	11	07	44	52	50	80	146	156	14	0	255
 14	04	11	07	46	52	50	80	146	156	16	0	255
 14	04	11	07	48	52	50	80	146	156	14	0	255
 14	04	11	07	50	52	50	80	146	156	14	0	255
 14	04	11	07	52	52	50	80	146	156	16	0	255
 14	04	11	07	54	52	50	80	146	156	16	0	255
 14	04	11	07	56	52	50	80	146	156	16	0	255
 14	04	11	07	58	52	50	80	146	156	17	0	255
 14	04	11	08	00	52	50	80	146	156	17	0	255
 14	04	11	08	02	52	50	80	146	156	16	0	255
 14	04	11	08	04	52	50	80	146	156	18	0	255
 14	04	11	08	06	52	50	80	146	156	18	0	255
 14	04	11	08	08	52	50	80	146	156	18	0	255
 14	04	11	08	10	52	50	79	146	156	18	0	255
 14	04	11	08	12	52	50	79	146	156	18	0	255
 14	04	11	08	14	52	50	79	146	156	20	0	255
 14	04	11	08	16	52	50	79	146	156	20	0	255
 14	04	11	08	18	52	50	79	146	156	22	0	255
 14	04	11	08	20	52	50	79	146	156	22	0	255
 14	04	11	08	22	52	50	79	146	156	23	0	255
 14	04	11	08	24	52	50	79	145	155	24	0	255
 14	04	11	08	26	52	50	79	145	155	25	0	255
 14	04	11	08	28	52	50	79	145	155	26	0	255
 14	04	11	08	30	52	50	79	145	155	28	0	255
 14	04	11	08	32	52	50	79	145	155	30	0	255
 14	04	11	08	34	52	50	79	145	155	31	0	255
 14	04	11	08	36	52	50	79	145	155	32	0	255
 14	04	11	08	38	52	50	79	145	155	34	0	255
 14	04	11	08	40	52	50	79	145	155	37	0	255
 14	04	11	08	42	52	50	79	145	155	37	0	255
 14	04	11	08	44	52	50	79	145	155	40	0	255
 14	04	11	08	46	52	50	79	145	155	41	0	255
 14	04	11	08	48	52	50	79	145	155	44	0	255
 14	04	11	08	50	52	50	79	145	155	45	0	255
 14	04	11	08	52	52	50	79	145	155	47	0	255
 14	04	11	08	54	52	50	79	145	155	48	0	255
 14	04	11	08	56	52	50	79	145	155	51	0	255
 14	04	11	08	58	52	50	79	145	155	53	0	255
 14	04	11	09	00	52	50	79	145	155	56	0	255
 14	04	11	09	02	52	50	79	145	155	58	0	255
 14	04	11	09	04	52	50	79	145	155	61	0	255
 14	04	11	09	06	52	50	79	145	155	64	0	255
 14	04	11	09	08	52	50	79	145	155	66	0	255
 14	04	11	09	10	52	50	79	145	155	67	0	255
 14	04	11	09	12	52	50	78	145	155	71	0	255
 14	04	11	09	14	52	50	78	145	155	75	0	255
 14	04	11	09	16	52	50	78	145	155	78	0	255
 14	04	11	09	18	52	50	78	145	155	80	0	255
 14	04	11	09	20	52	50	78	145	155	83	0	255
 14	04	11	09	22	52	50	78	145	155	85	0	255
 14	04	11	09	24	52	49	78	145	155	89	0	255
 14	04	11	09	26	52	49	78	145	155	92	0	255
 14	04	11	09	28	52	49	78	145	155	94	0	255
 14	04	11	09	30	52	49	78	145	155	98	0	255
 14	04	11	09	32	52	49	78	145	155	100	0	255
 14	04	11	09	34	52	49	78	145	155	102	0	255
 14	04	11	09	36	52	49	78	145	154	108	0	255
 14	04	11	09	38	52	49	78	145	154	110	0	255
 14	04	11	09	40	52	49	78	145	154	113	0	255
 14	04	11	09	42	52	48	78	145	154	118	0	255
 14	04	11	09	44	52	48	78	145	154	119	0	255
 14	04	11	09	46	52	48	78	145	154	123	0	255
 14	04	11	09	48	52	48	78	145	154	127	0	255
 14	04	11	09	50	52	48	78	145	154	128	0	255
 14	04	11	09	52	51	48	78	145	154	132	0	255
 14	04	11	09	54	51	48	78	145	154	136	0	255
 14	04	11	09	56	51	48	78	145	154	138	0	255
 14	04	11	09	58	51	48	78	145	154	142	0	255
 14	04	11	10	00	51	48	78	145	154	144	0	255
 14	04	11	10	00	51	48	78	145	154	145	0	255
 14	04	11	10	02	51	48	78	145	154	148	0	255
 14	04	11	10	04	69	64	78	145	154	164	8	255
 14	04	11	10	06	107	95	78	145	154	154	8	255
 14	04	11	10	08	117	108	78	144	154	138	0	255
 14	04	11	10	10	116	107	78	145	154	136	0	255
 14	04	11	10	12	114	106	78	144	154	141	0	255
 14	04	11	10	14	110	103	78	144	154	148	0	255
 14	04	11	10	16	113	105	78	144	154	142	0	255
 14	04	11	10	18	114	105	78	144	154	142	0	255
 14	04	11	10	20	112	102	78	144	154	146	0	255
 14	04	11	10	22	111	101	78	144	154	154	8	255
 14	04	11	10	24	120	108	78	144	154	160	8	255
 14	04	11	10	26	129	112	78	144	154	165	8	255
 14	04	11	10	28	131	113	78	144	154	158	8	255
 14	04	11	10	30	126	114	78	145	154	154	8	255
 14	04	11	10	32	127	115	79	144	154	158	8	255
 14	04	11	10	34	129	115	79	144	154	160	8	255
 14	04	11	10	36	130	116	79	145	154	162	8	255
 14	04	11	10	38	132	116	79	144	154	162	8	255
 14	04	11	10	40	133	116	79	144	154	165	8	255
 14	04	11	10	42	135	117	79	145	154	168	8	255
 14	04	11	10	44	136	117	79	145	154	170	8	255
 14	04	11	10	46	137	117	79	145	154	171	8	255
 14	04	11	10	48	138	118	79	145	154	172	8	255
 14	04	11	10	50	140	118	80	145	154	174	8	255
 14	04	11	10	52	140	118	80	145	153	176	8	255
 14	04	11	10	54	142	118	80	145	153	176	8	255
 14	04	11	10	56	143	119	80	146	153	174	8	255
 14	04	11	10	58	143	119	80	146	153	177	8	255
 14	04	11	11	00	144	119	80	146	153	178	8	255
 14	04	11	11	02	145	119	80	146	153	180	8	255
 14	04	11	11	04	146	120	80	146	153	182	8	255
 14	04	11	11	06	147	120	81	147	153	182	8	255
 14	04	11	11	08	147	120	81	147	153	182	8	255
 14	04	11	11	10	148	121	81	147	153	184	8	255
 14	04	11	11	12	149	121	81	147	153	184	8	255
 14	04	11	11	14	150	121	81	147	153	186	8	255
 14	04	11	11	16	151	121	81	148	153	188	8	255
 14	04	11	11	18	152	122	81	148	153	189	8	255
 14	04	11	11	20	152	122	81	148	153	190	8	255
 14	04	11	11	22	153	122	81	148	153	189	8	255
 14	04	11	11	24	153	122	82	149	153	190	8	255
 14	04	11	11	26	154	122	82	149	153	190	8	255
 14	04	11	11	28	154	123	82	149	153	192	8	255
 14	04	11	11	30	155	123	82	149	153	194	8	255
 14	04	11	11	32	156	123	82	150	153	196	8	255
 14	04	11	11	34	158	123	82	150	153	198	8	255
 14	04	11	11	36	158	123	82	150	153	198	8	255
 14	04	11	11	38	159	124	82	150	154	200	8	255
 14	04	11	11	40	160	124	83	151	154	202	8	255
 14	04	11	11	42	161	124	83	151	154	202	8	255
 14	04	11	11	44	162	124	83	151	154	200	8	255
 14	04	11	11	46	162	124	83	151	155	200	8	255
 14	04	11	11	48	161	125	83	152	155	198	8	255
 14	04	11	11	50	161	125	83	152	155	201	8	255
 14	04	11	11	52	163	125	83	152	155	202	8	255
 14	04	11	11	54	164	125	83	152	155	207	8	255
 14	04	11	11	56	166	125	84	152	156	210	8	255
 14	04	11	11	58	168	126	84	153	156	212	8	255
 14	04	11	12	00	169	126	84	153	156	214	8	255
 14	04	11	12	00	169	126	84	153	156	212	8	255
 14	04	11	12	02	169	126	84	153	156	210	8	255
 14	04	11	12	04	169	126	84	153	157	208	8	255
 14	04	11	12	06	165	126	84	154	157	201	8	255
 14	04	11	12	08	160	125	84	154	157	192	8	255
 14	04	11	12	10	157	125	84	154	157	189	8	255
 14	04	11	12	12	154	126	84	154	157	188	8	255
 14	04	11	12	14	155	127	85	154	157	196	8	255
 14	04	11	12	16	158	127	85	154	157	201	8	255
 14	04	11	12	18	164	128	85	154	157	208	8	255
 14	04	11	12	20	168	128	85	154	157	213	8	255
 14	04	11	12	22	169	129	85	154	157	214	8	255
 14	04	11	12	24	171	129	85	154	157	216	8	255
 14	04	11	12	26	172	129	85	154	157	216	8	255
 14	04	11	12	28	172	130	85	153	157	214	8	255
 14	04	11	12	30	173	130	86	153	157	218	8	255
 14	04	11	12	32	173	130	86	153	157	218	8	255
 14	04	11	12	34	174	130	86	153	157	216	8	255
 14	04	11	12	36	174	131	86	153	157	220	8	255
 14	04	11	12	38	175	131	86	153	157	221	8	255
 14	04	11	12	40	176	131	86	153	157	221	8	255
 14	04	11	12	42	176	132	86	153	157	222	8	255
 14	04	11	12	44	177	132	86	153	157	221	8	255
 14	04	11	12	46	177	132	87	153	157	222	8	255
 14	04	11	12	48	178	133	87	153	157	224	8	255
 14	04	11	12	50	178	133	87	153	157	226	8	255
 14	04	11	12	52	179	133	87	153	157	226	8	255
 14	04	11	12	54	180	134	87	153	157	227	8	255
 14	04	11	12	56	180	134	87	153	157	226	8	255
 14	04	11	12	58	181	134	87	153	157	227	8	255
 14	04	11	13	00	181	135	88	154	157	227	8	255
 14	04	11	13	02	181	135	88	154	157	228	8	255
 14	04	11	13	04	181	135	88	154	157	227	8	255
 14	04	11	13	06	181	136	88	155	157	228	8	255
 14	04	11	13	08	181	136	88	155	157	230	8	255
 14	04	11	13	10	182	136	88	155	157	228	8	255
 14	04	11	13	12	182	137	88	155	157	232	8	255
 14	04	11	13	14	183	137	89	155	158	230	8	255
 14	04	11	13	16	183	137	89	155	158	232	8	255
 14	04	11	13	18	183	137	89	156	158	228	8	255
 14	04	11	13	20	180	136	89	156	158	220	8	255
 14	04	11	13	22	177	138	89	156	158	221	8	255
 14	04	11	13	24	177	138	89	156	158	222	8	255
 14	04	11	13	26	180	139	90	156	158	230	8	255
 14	04	11	13	28	183	140	90	156	159	234	8	255
 14	04	11	13	30	184	140	90	157	159	232	8	255
 14	04	11	13	32	185	140	90	157	159	232	8	255
 14	04	11	13	34	185	140	90	157	159	234	8	255
 14	04	11	13	36	185	141	91	158	159	235	8	255
 14	04	11	13	38	186	141	91	158	160	235	8	255
 14	04	11	13	40	186	141	91	158	160	235	8	255
 14	04	11	13	42	186	141	91	158	160	235	8	255
 14	04	11	13	44	186	142	91	158	160	234	8	255
 14	04	11	13	46	186	142	91	158	161	234	8	255
 14	04	11	13	48	186	142	92	159	161	235	8	255
 14	04	11	13	50	186	143	92	159	161	235	8	255
 14	04	11	13	52	187	143	92	159	161	236	8	255
 14	04	11	13	54	187	143	92	159	161	236	8	255
 14	04	11	13	56	187	143	92	160	162	235	8	255
 14	04	11	13	58	187	143	93	160	162	236	8	255
 14	04	11	14	00	188	144	93	160	162	236	8	255
 14	04	11	14	02	188	144	93	160	162	236	8	255
 14	04	11	14	04	188	144	93	160	163	240	8	255
 14	04	11	14	06	188	144	93	161	163	236	8	255
 14	04	11	14	08	188	145	94	161	163	238	8	255
 14	04	11	14	10	188	145	94	161	163	238	8	255
 14	04	11	14	12	188	145	94	161	163	238	8	255
 14	04	11	14	14	188	145	94	161	164	238	8	255
 14	04	11	14	16	188	145	94	162	164	240	8	255
 14	04	11	14	18	188	146	94	162	164	240	8	255
 14	04	11	14	20	188	146	94	162	164	238	8	255
 14	04	11	14	22	189	146	95	162	165	236	8	255
 14	04	11	14	24	189	146	95	163	165	240	8	255
 14	04	11	14	26	189	146	95	163	165	240	8	255
 14	04	11	14	28	189	146	95	163	165	236	8	255
 14	04	11	14	30	189	147	95	163	165	238	8	255
 14	04	11	14	32	188	147	95	163	166	238	8	255
 14	04	11	14	34	189	147	96	164	166	238	8	255
 14	04	11	14	36	188	146	96	164	166	242	0	255
 14	04	11	14	38	184	144	96	164	166	254	0	255
 14	04	11	14	40	193	140	96	164	166	254	0	255
 14	04	11	14	42	198	137	96	164	166	254	0	255
 14	04	11	14	44	200	135	96	164	166	254	0	255
 14	04	11	14	46	202	132	96	164	167	254	0	255
 14	04	11	14	48	203	131	96	165	167	254	0	255
 14	04	11	14	50	203	129	96	165	167	254	0	255
 14	04	11	14	52	199	127	96	165	167	254	0	255
 14	04	11	14	54	196	126	96	165	168	254	0	255
 14	04	11	14	56	196	125	96	165	168	254	0	255
 14	04	11	14	58	192	123	96	165	168	13	0	255
 14	04	11	15	00	187	122	96	165	168	28	0	255
 14	04	11	15	00	184	121	96	165	168	6	0	255
 14	04	11	15	02	179	120	96	165	168	3	0	255
 14	04	11	15	04	171	117	96	165	168	254	0	255
 14	04	11	15	06	167	115	95	165	168	254	0	255
 14	04	11	15	08	160	132	95	165	168	17	0	255
 14	04	11	15	10	150	121	95	165	168	3	0	255
 14	04	11	15	12	144	114	95	165	168	254	0	255
 14	04	11	15	14	135	105	94	165	168	254	0	255
 14	04	11	15	16	130	100	94	165	168	254	0	255
 14	04	11	15	18	123	93	94	165	168	14	0	255
 14	04	11	15	20	117	88	94	165	168	254	0	255
 14	04	11	15	22	114	85	94	165	168	6	0	255
 14	04	11	15	24	109	85	94	165	168	254	0	255
 14	04	11	15	26	104	87	94	165	168	254	0	255
 14	04	11	15	28	102	96	94	165	168	254	0	255
 14	04	11	15	30	98	96	94	165	168	254	0	255
 14	04	11	15	32	94	94	94	165	168	254	0	255
 14	04	11	15	34	92	93	94	165	168	254	0	255
 14	04	11	15	36	89	91	93	165	168	254	0	255
 14	04	11	15	38	87	101	93	165	168	254	0	255
 14	04	11	15	40	85	101	93	165	167	254	0	255
 14	04	11	15	42	83	97	93	165	167	254	0	255
 14	04	11	15	44	81	94	93	165	167	254	0	255
 14	04	11	15	46	80	92	93	165	167	254	0	255
 14	04	11	15	48	78	90	93	165	167	254	0	255
 14	04	11	15	50	77	88	93	165	167	254	0	255
 14	04	11	15	52	76	85	93	165	167	254	0	255
 14	04	11	15	54	75	83	93	165	167	254	0	255
 14	04	11	15	56	74	82	93	165	167	254	0	255
 14	04	11	15	58	73	80	93	165	167	254	0	255
 14	04	11	16	00	72	78	93	164	167	254	0	255
 14	04	11	16	02	71	77	93	164	167	254	0	255
 14	04	11	16	04	70	76	93	164	167	254	0	255
 14	04	11	16	06	69	74	93	164	167	254	0	255
 14	04	11	16	08	69	74	93	164	167	254	0	255
 14	04	11	16	10	68	73	93	164	167	254	0	255
 14	04	11	16	12	67	72	93	164	167	254	0	255
 14	04	11	16	14	67	71	93	164	167	254	0	255
 14	04	11	16	16	66	70	93	164	167	254	0	255
 14	04	11	16	18	66	69	93	164	167	254	0	255
 14	04	11	16	20	66	68	93	164	167	254	0	255
 14	04	11	16	22	65	67	92	164	167	254	0	255
 14	04	11	16	24	65	66	93	164	167	254	0	255
 14	04	11	16	26	64	66	92	164	167	254	0	255
 14	04	11	16	28	64	65	92	164	167	254	0	255
 14	04	11	16	30	64	65	92	164	167	254	0	255
 14	04	11	16	32	63	64	92	164	167	254	0	255
 14	04	11	16	34	63	63	92	164	167	254	0	255
 14	04	11	16	36	63	63	92	164	167	254	0	255
 14	04	11	16	38	62	63	92	164	167	254	0	255
 14	04	11	16	40	62	62	92	164	167	254	0	255
 14	04	11	16	42	62	62	92	164	167	254	0	255
 14	04	11	16	44	62	62	92	164	167	254	0	255
 14	04	11	16	46	62	62	92	164	167	254	0	255
 14	04	11	16	48	62	62	92	164	167	254	0	255
 14	04	11	16	50	61	62	92	164	167	254	0	255
 14	04	11	16	52	61	63	92	164	167	254	0	255
 14	04	11	16	54	61	63	92	164	167	254	0	255
 14	04	11	16	56	61	63	92	164	167	254	0	255
 14	04	11	16	58	61	63	92	164	167	254	0	255
 14	04	11	17	00	61	62	92	164	167	254	0	255
 14	04	11	17	02	61	62	92	164	167	252	0	255
 14	04	11	17	04	61	62	92	164	167	250	0	255
 14	04	11	17	06	61	75	92	164	167	248	0	255
 14	04	11	17	08	61	81	92	164	167	246	0	255
 14	04	11	17	10	61	80	92	164	167	244	0	255
 14	04	11	17	12	61	78	91	164	167	244	0	255
 14	04	11	17	14	61	76	91	164	167	238	0	255
 14	04	11	17	16	61	75	91	164	167	235	0	255
 14	04	11	17	18	61	74	91	164	167	230	0	255
 14	04	11	17	20	61	72	91	164	167	227	0	255
 14	04	11	17	22	61	71	91	164	167	224	0	255
 14	04	11	17	24	62	70	91	164	167	224	0	255
 14	04	11	17	26	62	70	91	164	167	221	0	255
 14	04	11	17	28	62	69	91	164	167	221	0	255
 14	04	11	17	30	62	68	91	164	167	220	0	255
 14	04	11	17	32	62	68	91	164	167	220	0	255
 14	04	11	17	34	62	67	91	164	167	218	0	255
 14	04	11	17	36	62	66	91	164	167	218	0	255
 14	04	11	17	38	62	66	91	164	167	214	0	255
 14	04	11	17	40	62	65	91	163	167	213	0	255
 14	04	11	17	42	62	64	91	163	167	210	0	255
 14	04	11	17	44	61	64	91	163	167	207	0	255
 14	04	11	17	46	61	64	91	163	167	202	0	255
 14	04	11	17	48	61	65	91	163	167	200	0	255
 14	04	11	17	50	61	65	91	163	167	196	0	255
 14	04	11	17	52	61	65	91	163	167	194	0	255
 14	04	11	17	54	61	65	91	163	167	190	0	255
 14	04	11	17	56	61	65	91	163	166	190	0	255
 14	04	11	17	58	61	64	91	163	166	188	0	255
 14	04	11	18	00	61	64	91	163	166	184	0	255
 14	04	11	18	00	61	64	91	163	166	184	0	255
 14	04	11	18	02	61	70	91	163	166	184	8	255
 14	04	11	18	04	61	65	91	163	166	206	8	255
 14	04	11	18	06	61	66	91	163	166	204	8	255
 14	04	11	18	08	122	119	91	163	166	148	8	255
 14	04	11	18	10	108	122	91	163	166	114	8	255
 14	04	11	18	12	101	130	91	163	166	112	8	255
 14	04	11	18	14	106	135	91	162	166	142	8	255
 14	04	11	18	16	118	137	92	162	166	150	8	255
 14	04	11	18	18	123	137	92	161	166	155	8	255
 14	04	11	18	20	129	138	92	161	166	161	8	255
 14	04	11	18	22	132	139	92	161	166	161	8	255
 14	04	11	18	24	133	139	92	161	166	161	8	255
 14	04	11	18	26	133	139	92	161	166	161	8	255
 14	04	11	18	28	133	139	93	161	166	161	8	255
 14	04	11	18	30	133	140	93	161	166	161	8	255
 14	04	11	18	32	133	140	93	161	166	160	8	255
 14	04	11	18	34	133	140	93	160	166	160	8	255
 14	04	11	18	36	133	140	93	160	166	158	8	255
 14	04	11	18	38	132	140	94	160	166	156	8	255
 14	04	11	18	40	132	140	94	160	166	156	8	255
 14	04	11	18	42	131	141	94	160	166	155	8	255
 14	04	11	18	44	130	141	94	160	166	152	8	255
 14	04	11	18	46	129	141	94	160	166	152	8	255
 14	04	11	18	48	128	141	94	160	166	151	8	255
 14	04	11	18	50	128	141	95	160	166	152	8	255
 14	04	11	18	52	128	141	95	160	166	152	8	255
 14	04	11	18	54	126	141	95	159	166	150	8	255
 14	04	11	18	56	125	141	95	159	166	146	8	255
 14	04	11	18	58	124	141	95	159	166	145	8	255
 14	04	11	19	00	123	141	95	159	166	145	8	255
 14	04	11	19	02	123	141	95	159	166	145	8	255
 14	04	11	19	04	122	141	95	158	166	144	8	255
 14	04	11	19	06	121	142	95	158	166	142	8	255
 14	04	11	19	08	121	142	95	158	166	142	8	255
 14	04	11	19	10	121	142	96	158	166	144	8	255
 14	04	11	19	12	120	142	96	158	166	141	8	255
 14	04	11	19	14	120	142	96	158	166	140	8	255
 14	04	11	19	16	119	141	96	157	166	140	8	255
 14	04	11	19	18	118	141	96	157	166	140	8	255
 14	04	11	19	20	118	141	96	157	166	140	8	255
 14	04	11	19	22	117	141	96	157	166	137	8	255
 14	04	11	19	24	117	141	96	157	166	140	8	255
 14	04	11	19	26	117	141	96	156	166	138	8	255
 14	04	11	19	28	117	141	97	156	166	137	8	255
 14	04	11	19	30	117	141	97	156	166	138	8	255
 14	04	11	19	32	117	141	97	156	166	138	8	255
 14	04	11	19	34	117	141	97	156	166	138	8	255
 14	04	11	19	36	116	141	97	156	166	137	8	255
 14	04	11	19	38	116	141	97	155	166	137	8	255
 14	04	11	19	40	116	141	97	155	166	137	8	255
 14	04	11	19	42	116	141	97	155	166	136	8	255
 14	04	11	19	44	115	140	97	155	166	136	8	255
 14	04	11	19	46	115	140	97	154	165	134	8	255
 14	04	11	19	48	115	140	97	154	165	136	8	255
 14	04	11	19	50	114	140	97	154	165	134	8	255
 14	04	11	19	52	114	140	97	154	165	134	8	255
 14	04	11	19	54	114	140	97	154	165	134	8	255
 14	04	11	19	56	114	140	97	153	165	132	8	255
 14	04	11	19	58	113	139	97	153	165	134	8	255
 14	04	11	20	00	113	139	97	153	165	132	8	255
 14	04	11	20	00	113	139	97	153	165	132	8	255
 14	04	11	20	02	113	139	97	153	165	132	8	255
 14	04	11	20	04	113	139	97	153	165	134	8	255
 14	04	11	20	06	112	139	97	153	165	132	8	255
 14	04	11	20	08	112	139	97	152	165	132	8	255
 14	04	11	20	10	112	139	97	152	165	131	8	255
 14	04	11	20	12	112	138	97	152	165	131	8	255
 14	04	11	20	14	111	138	97	152	165	131	8	255
 14	04	11	20	16	111	138	97	152	165	131	8	255
 14	04	11	20	18	111	138	97	151	165	130	8	255
 14	04	11	20	20	111	138	97	151	165	130	8	255
 14	04	11	20	22	111	138	97	151	165	130	8	255
 14	04	11	20	24	111	137	97	151	165	130	0	255
 14	04	11	20	26	109	133	97	150	165	122	0	255
 14	04	11	20	28	107	130	97	150	165	116	0	255
 14	04	11	20	30	103	125	97	150	165	110	0	255
 14	04	11	20	32	100	120	97	150	165	102	0	255
 14	04	11	20	34	98	117	97	150	165	100	0	255
 14	04	11	20	36	95	113	97	150	165	94	0	255
 14	04	11	20	38	93	109	97	150	165	89	0	255
 14	04	11	20	40	91	106	96	150	165	86	0	255
 14	04	11	20	42	89	103	96	150	165	83	0	255
 14	04	11	20	44	87	101	96	150	165	80	0	255
 14	04	11	20	46	85	97	96	150	165	76	0	255
 14	04	11	20	48	83	95	96	150	165	74	0	255
 14	04	11	20	50	82	93	96	150	165	71	0	255
 14	04	11	20	52	80	90	96	150	165	70	0	255
 14	04	11	20	54	79	88	96	150	165	66	0	255
 14	04	11	20	56	78	86	96	150	165	65	0	255
 14	04	11	20	58	76	84	95	150	165	62	0	255
 14	04	11	21	00	75	82	95	150	165	61	0	255
 14	04	11	21	02	74	81	95	150	165	60	0	255
 14	04	11	21	04	73	79	95	150	165	57	0	255
 14	04	11	21	06	72	78	95	150	165	54	0	255
 14	04	11	21	08	71	77	95	150	165	54	0	255
 14	04	11	21	10	70	75	95	150	165	53	0	255
 14	04	11	21	12	69	75	95	150	165	51	0	255
 14	04	11	21	14	68	73	95	150	165	51	0	255
 14	04	11	21	16	68	72	94	150	165	48	0	255
 14	04	11	21	18	67	71	94	150	165	48	0	255
 14	04	11	21	20	66	70	94	150	164	47	0	255
 14	04	11	21	22	66	69	94	150	164	46	0	255
 14	04	11	21	24	65	69	94	150	164	46	0	255
 14	04	11	21	26	65	68	94	150	164	44	0	255
 14	04	11	21	28	64	67	94	150	164	42	0	255
 14	04	11	21	30	64	66	94	150	164	42	0	255
 14	04	11	21	32	63	66	94	150	164	41	0	255
 14	04	11	21	34	63	65	94	150	164	40	0	255
 14	04	11	21	36	62	65	94	150	164	40	0	255
 14	04	11	21	38	62	64	94	150	164	38	0	255
 14	04	11	21	40	61	63	94	150	164	38	0	255
 14	04	11	21	42	61	63	94	150	164	37	0	255
 14	04	11	21	44	61	62	93	150	164	37	0	255
 14	04	11	21	46	61	62	93	150	164	36	0	255
 14	04	11	21	48	60	62	93	150	164	35	0	255
 14	04	11	21	50	60	61	93	150	164	34	0	255
 14	04	11	21	52	60	61	93	150	164	35	0	255
 14	04	11	21	54	59	61	93	150	164	34	0	255
 14	04	11	21	56	59	60	93	150	164	34	0	255
 14	04	11	21	58	59	60	93	150	164	32	0	255
 14	04	11	22	00	59	60	93	150	164	32	0	255
 14	04	11	22	02	58	59	93	150	164	30	0	255
 14	04	11	22	04	58	59	93	150	164	31	0	255
 14	04	11	22	06	58	59	93	150	164	30	0	255
 14	04	11	22	08	58	59	93	150	164	29	0	255
 14	04	11	22	10	58	58	93	150	164	30	0	255
 14	04	11	22	12	58	58	93	150	164	30	0	255
 14	04	11	22	14	57	58	92	150	164	29	0	255
 14	04	11	22	16	57	58	92	150	164	28	0	255
 14	04	11	22	18	57	58	92	150	164	28	0	255
 14	04	11	22	20	57	57	92	150	164	29	0	255
 14	04	11	22	22	57	57	92	150	164	28	0	255
 14	04	11	22	24	57	57	92	150	164	26	0	255
 14	04	11	22	26	57	57	92	150	164	28	0	255
 14	04	11	22	28	57	57	92	150	164	28	0	255
 14	04	11	22	30	56	57	92	150	164	25	0	255
 14	04	11	22	32	56	57	92	149	164	26	0	255
 14	04	11	22	34	56	56	92	149	164	25	0	255
 14	04	11	22	36	56	56	92	149	164	26	0	255
 14	04	11	22	38	56	56	92	149	164	25	0	255
 14	04	11	22	40	56	56	92	149	163	25	0	255
 14	04	11	22	42	56	56	92	149	163	26	0	255
 14	04	11	22	44	56	56	92	149	163	24	0	255
 14	04	11	22	46	56	56	92	149	163	25	0	255
 14	04	11	22	48	56	56	92	149	163	25	0	255
 14	04	11	22	50	56	56	91	149	163	24	0	255
 14	04	11	22	52	56	56	91	149	163	24	0	255
 14	04	11	22	54	55	55	91	149	163	25	0	255
 14	04	11	22	56	55	55	91	149	163	23	0	255
 14	04	11	22	58	55	55	91	149	163	24	0	255
 14	04	11	23	00	55	55	91	149	163	23	0	255
 14	04	11	23	00	55	55	91	149	163	24	0	255
 14	04	11	23	02	55	55	91	149	163	23	0	255
 14	04	11	23	04	55	55	91	149	163	23	0	255
 14	04	11	23	06	55	55	91	149	163	24	0	255
 14	04	11	23	08	55	55	91	149	163	22	0	255
 14	04	11	23	10	55	55	91	149	163	22	0	255
 14	04	11	23	12	55	55	91	149	163	22	0	255
 14	04	11	23	14	55	55	91	149	163	22	0	255
 14	04	11	23	16	55	55	91	149	163	22	0	255
 14	04	11	23	18	55	55	91	149	163	23	0	255
 14	04	11	23	20	55	55	91	149	163	22	0	255
 14	04	11	23	22	55	55	91	149	163	20	0	255
 14	04	11	23	24	55	55	91	149	163	22	0	255
 14	04	11	23	26	55	55	91	149	163	22	0	255
 14	04	11	23	28	55	55	91	149	163	23	0	255
 14	04	11	23	30	55	55	90	149	163	22	0	255
 14	04	11	23	32	55	54	90	149	163	22	0	255
 14	04	11	23	34	55	55	90	149	163	20	0	255
 14	04	11	23	36	55	54	90	149	163	19	0	255
 14	04	11	23	38	55	54	90	149	163	19	0	255
 14	04	11	23	40	55	54	90	149	163	20	0	255
 14	04	11	23	42	54	54	90	149	163	20	0	255
 14	04	11	23	44	54	54	90	149	163	19	0	255
 14	04	11	23	46	54	54	90	149	163	20	0	255
 14	04	11	23	48	54	54	90	149	163	20	0	255
 14	04	11	23	50	54	54	90	149	163	19	0	255
 14	04	11	23	52	54	54	90	149	163	20	0	255
 14	04	11	23	54	54	54	90	149	163	20	0	255
 14	04	11	23	56	54	54	90	149	163	19	0	255
 14	04	11	23	58	54	54	90	149	163	19	0	255
