14	06	05	00	02	58	55	83	145	149	28	0	255
 14	06	05	00	04	57	55	83	145	149	26	0	255
 14	06	05	00	06	57	55	83	145	149	28	0	255
 14	06	05	00	08	58	55	83	145	149	28	0	255
 14	06	05	00	12	57	55	83	145	149	28	0	255
 14	06	05	00	14	57	55	83	145	149	28	0	255
 14	06	05	00	16	57	55	83	145	149	28	0	255
 14	06	05	00	18	57	55	83	145	149	26	0	255
 14	06	05	00	20	57	55	83	145	149	26	0	255
 14	06	05	00	22	57	55	83	145	149	28	0	255
 14	06	05	00	24	57	55	83	145	149	26	0	255
 14	06	05	00	26	57	55	83	145	149	26	0	255
 14	06	05	00	28	57	55	83	145	149	28	0	255
 14	06	05	00	30	57	55	83	145	149	26	0	255
 14	06	05	00	32	57	55	83	145	149	26	0	255
 14	06	05	00	34	57	55	83	145	149	26	0	255
 14	06	05	00	36	57	55	83	145	149	26	0	255
 14	06	05	00	38	57	55	83	145	149	26	0	255
 14	06	05	00	40	57	55	83	145	149	26	0	255
 14	06	05	00	42	57	55	83	145	149	26	0	255
 14	06	05	00	44	57	55	83	145	149	26	0	255
 14	06	05	00	46	57	55	83	145	149	26	0	255
 14	06	05	00	48	57	55	83	145	148	26	0	255
 14	06	05	00	50	57	55	83	145	148	26	0	255
 14	06	05	00	52	57	55	83	145	148	26	0	255
 14	06	05	00	54	57	55	83	145	148	28	0	255
 14	06	05	00	56	57	55	83	145	148	26	0	255
 14	06	05	00	58	57	55	83	145	148	26	0	255
 14	06	05	01	00	57	55	82	145	148	26	0	255
 14	06	05	01	00	57	55	83	145	148	26	0	255
 14	06	05	01	02	57	55	82	145	148	26	0	255
 14	06	05	01	04	57	55	82	144	148	26	0	255
 14	06	05	01	06	57	55	82	144	148	26	0	255
 14	06	05	01	08	57	55	82	144	148	26	0	255
 14	06	05	01	10	57	55	82	144	148	26	0	255
 14	06	05	01	12	57	55	82	144	148	26	0	255
 14	06	05	01	14	57	55	82	144	148	26	0	255
 14	06	05	01	16	57	55	82	144	148	26	0	255
 14	06	05	01	18	57	55	82	144	148	26	0	255
 14	06	05	01	20	57	55	82	144	148	26	0	255
 14	06	05	01	22	57	55	82	144	148	26	0	255
 14	06	05	01	24	57	55	82	144	148	26	0	255
 14	06	05	01	26	57	55	82	144	148	26	0	255
 14	06	05	01	28	57	55	82	144	148	26	0	255
 14	06	05	01	30	57	55	82	144	148	28	0	255
 14	06	05	01	32	57	55	82	144	148	26	0	255
 14	06	05	01	34	57	55	82	144	148	26	0	255
 14	06	05	01	36	57	55	82	144	148	26	0	255
 14	06	05	01	38	57	55	82	144	148	26	0	255
 14	06	05	01	40	57	55	82	144	148	26	0	255
 14	06	05	01	42	57	55	82	144	148	26	0	255
 14	06	05	01	44	57	55	82	144	148	28	0	255
 14	06	05	01	46	57	55	82	144	148	28	0	255
 14	06	05	01	48	57	55	82	144	148	26	0	255
 14	06	05	01	50	57	55	82	144	148	26	0	255
 14	06	05	01	52	57	55	82	144	148	28	0	255
 14	06	05	01	54	57	55	82	144	148	26	0	255
 14	06	05	01	56	57	55	82	144	148	26	0	255
 14	06	05	01	58	57	55	82	144	148	26	0	255
 14	06	05	02	00	57	55	82	144	148	28	0	255
 14	06	05	02	02	57	55	82	144	148	26	0	255
 14	06	05	02	04	57	55	82	144	148	26	0	255
 14	06	05	02	06	57	55	82	144	148	26	0	255
 14	06	05	02	08	57	55	82	144	148	28	0	255
 14	06	05	02	10	57	55	82	144	148	26	0	255
 14	06	05	02	12	57	55	82	144	148	26	0	255
 14	06	05	02	14	57	55	82	144	148	26	0	255
 14	06	05	02	16	57	55	82	144	148	26	0	255
 14	06	05	02	18	57	55	81	144	148	26	0	255
 14	06	05	02	20	57	55	82	144	148	26	0	255
 14	06	05	02	22	57	55	81	144	148	26	0	255
 14	06	05	02	24	57	55	81	144	148	26	0	255
 14	06	05	02	26	57	55	81	144	148	26	0	255
 14	06	05	02	28	57	55	81	144	148	26	0	255
 14	06	05	02	30	57	55	81	144	148	28	0	255
 14	06	05	02	32	57	55	81	144	148	26	0	255
 14	06	05	02	34	57	55	81	144	148	26	0	255
 14	06	05	02	36	57	55	81	144	148	26	0	255
 14	06	05	02	38	57	55	81	144	148	26	0	255
 14	06	05	02	40	57	55	81	144	147	26	0	255
 14	06	05	02	42	57	55	81	144	147	26	0	255
 14	06	05	02	44	57	55	81	144	147	26	0	255
 14	06	05	02	46	57	55	81	144	147	26	0	255
 14	06	05	02	48	57	55	81	144	147	26	0	255
 14	06	05	02	50	57	55	81	144	147	26	0	255
 14	06	05	02	52	57	55	81	144	147	26	0	255
 14	06	05	02	54	57	55	81	143	147	26	0	255
 14	06	05	02	56	57	55	81	143	147	26	0	255
 14	06	05	02	58	57	55	81	143	147	25	0	255
 14	06	05	03	00	57	55	81	143	147	26	0	255
 14	06	05	03	02	57	54	81	143	147	25	0	255
 14	06	05	03	04	57	55	81	143	147	26	0	255
 14	06	05	03	06	57	54	81	143	147	26	0	255
 14	06	05	03	08	57	54	81	143	147	25	0	255
 14	06	05	03	10	57	54	81	143	147	25	0	255
 14	06	05	03	12	57	54	81	143	147	26	0	255
 14	06	05	03	14	57	54	81	143	147	26	0	255
 14	06	05	03	16	57	54	81	143	147	26	0	255
 14	06	05	03	18	57	54	81	143	147	26	0	255
 14	06	05	03	20	57	54	81	143	147	26	0	255
 14	06	05	03	22	57	54	81	143	147	26	0	255
 14	06	05	03	24	57	54	81	143	147	25	0	255
 14	06	05	03	26	57	54	81	143	147	26	0	255
 14	06	05	03	28	57	54	81	143	147	26	0	255
 14	06	05	03	30	57	54	81	143	147	26	0	255
 14	06	05	03	32	57	54	81	143	147	26	0	255
 14	06	05	03	34	57	54	81	143	147	26	0	255
 14	06	05	03	36	57	54	81	143	147	26	0	255
 14	06	05	03	38	57	54	81	143	147	26	0	255
 14	06	05	03	40	56	54	81	143	147	26	0	255
 14	06	05	03	42	56	54	80	143	147	26	0	255
 14	06	05	03	44	56	54	80	143	147	26	0	255
 14	06	05	03	46	56	54	80	143	147	26	0	255
 14	06	05	03	48	56	54	80	143	147	26	0	255
 14	06	05	03	50	56	54	80	143	147	26	0	255
 14	06	05	03	52	56	54	80	143	147	26	0	255
 14	06	05	03	54	56	54	80	143	147	25	0	255
 14	06	05	03	56	56	54	80	143	147	25	0	255
 14	06	05	03	58	56	54	80	143	147	26	0	255
 14	06	05	04	00	56	54	80	143	147	25	0	255
 14	06	05	04	02	56	54	80	143	147	25	0	255
 14	06	05	04	04	56	54	80	143	147	25	0	255
 14	06	05	04	06	56	54	80	143	147	26	0	255
 14	06	05	04	08	56	54	80	143	147	25	0	255
 14	06	05	04	10	56	54	80	143	147	25	0	255
 14	06	05	04	12	56	54	80	143	147	25	0	255
 14	06	05	04	14	56	54	80	143	147	25	0	255
 14	06	05	04	16	56	54	80	143	147	25	0	255
 14	06	05	04	18	56	54	80	143	147	25	0	255
 14	06	05	04	20	56	54	80	143	147	26	0	255
 14	06	05	04	22	56	54	80	143	147	25	0	255
 14	06	05	04	24	56	54	80	143	147	25	0	255
 14	06	05	04	26	56	54	80	143	147	26	0	255
 14	06	05	04	28	56	54	80	143	146	25	0	255
 14	06	05	04	30	56	54	80	143	146	25	0	255
 14	06	05	04	32	56	54	80	143	146	24	0	255
 14	06	05	04	34	56	54	80	143	146	25	0	255
 14	06	05	04	36	56	54	80	143	146	25	0	255
 14	06	05	04	38	56	54	80	143	146	25	0	255
 14	06	05	04	40	56	54	80	143	146	25	0	255
 14	06	05	04	42	56	54	80	142	146	25	0	255
 14	06	05	04	44	56	54	80	142	146	26	0	255
 14	06	05	04	46	56	54	80	142	146	24	0	255
 14	06	05	04	48	56	54	80	142	146	25	0	255
 14	06	05	04	50	56	54	80	142	146	24	0	255
 14	06	05	04	52	56	54	80	142	146	25	0	255
 14	06	05	04	54	56	54	80	142	146	24	0	255
 14	06	05	04	56	56	54	80	142	146	24	0	255
 14	06	05	04	58	56	54	80	142	146	25	0	255
 14	06	05	05	00	56	54	80	142	146	24	0	255
 14	06	05	05	02	56	54	79	142	146	24	0	255
 14	06	05	05	04	56	54	79	142	146	25	0	255
 14	06	05	05	06	56	54	79	142	146	25	0	255
 14	06	05	05	08	56	54	79	142	146	24	0	255
 14	06	05	05	10	56	54	79	142	146	25	0	255
 14	06	05	05	12	56	54	79	142	146	25	0	255
 14	06	05	05	14	56	54	79	142	146	24	0	255
 14	06	05	05	16	56	54	79	142	146	24	0	255
 14	06	05	05	18	56	54	79	142	146	24	0	255
 14	06	05	05	20	56	54	79	142	146	25	0	255
 14	06	05	05	22	56	54	79	142	146	25	0	255
 14	06	05	05	24	56	54	79	142	146	25	0	255
 14	06	05	05	26	56	54	79	142	146	24	0	255
 14	06	05	05	28	56	54	79	142	146	24	0	255
 14	06	05	05	30	56	54	79	142	146	24	0	255
 14	06	05	05	32	56	54	79	142	146	25	0	255
 14	06	05	05	34	56	54	79	142	146	24	0	255
 14	06	05	05	36	56	54	79	142	146	25	0	255
 14	06	05	05	38	56	54	79	142	146	25	0	255
 14	06	05	05	40	56	54	79	142	146	24	0	255
 14	06	05	05	42	56	54	79	142	146	24	0	255
 14	06	05	05	44	56	54	79	142	146	24	0	255
 14	06	05	05	46	56	54	79	142	146	25	0	255
 14	06	05	05	48	56	54	79	142	146	25	0	255
 14	06	05	05	50	56	54	79	142	146	24	0	255
 14	06	05	05	52	56	54	79	142	146	26	0	255
 14	06	05	05	54	56	54	79	142	146	25	0	255
 14	06	05	05	56	56	54	79	142	146	25	0	255
 14	06	05	05	58	56	54	79	142	146	26	0	255
 14	06	05	06	00	56	54	79	142	146	25	0	255
 14	06	05	06	00	56	54	79	142	146	26	0	255
 14	06	05	06	02	56	54	79	142	146	25	0	255
 14	06	05	06	04	56	54	79	142	146	26	0	255
 14	06	05	06	06	56	54	79	142	146	26	0	255
 14	06	05	06	08	56	54	79	142	146	26	0	255
 14	06	05	06	10	56	54	79	142	146	26	0	255
 14	06	05	06	12	56	54	79	142	146	26	0	255
 14	06	05	06	14	56	54	79	142	146	28	0	255
 14	06	05	06	16	56	54	79	142	146	26	0	255
 14	06	05	06	18	56	54	79	142	145	28	0	255
 14	06	05	06	20	56	54	79	142	145	28	0	255
 14	06	05	06	22	56	54	79	142	145	26	0	255
 14	06	05	06	24	56	54	79	142	145	28	0	255
 14	06	05	06	26	56	54	79	142	145	28	0	255
 14	06	05	06	28	56	53	79	142	145	29	0	255
 14	06	05	06	30	56	53	78	141	145	30	0	255
 14	06	05	06	32	56	53	78	141	145	30	0	255
 14	06	05	06	34	56	54	78	141	145	30	0	255
 14	06	05	06	36	56	53	78	141	145	32	0	255
 14	06	05	06	38	56	53	78	141	145	31	0	255
 14	06	05	06	40	55	53	78	141	145	32	0	255
 14	06	05	06	42	55	53	78	141	145	32	0	255
 14	06	05	06	44	55	53	78	141	145	32	0	255
 14	06	05	06	46	55	53	78	141	145	34	0	255
 14	06	05	06	48	55	53	78	141	145	34	0	255
 14	06	05	06	50	55	53	78	141	145	35	0	255
 14	06	05	06	52	55	53	78	141	145	35	0	255
 14	06	05	06	54	55	53	78	141	145	36	0	255
 14	06	05	06	56	55	53	78	141	145	36	0	255
 14	06	05	06	58	55	53	78	141	145	36	0	255
 14	06	05	07	00	55	53	78	141	145	38	0	255
 14	06	05	07	02	55	53	78	141	145	40	0	255
 14	06	05	07	04	55	53	78	141	145	41	0	255
 14	06	05	07	06	55	53	78	141	145	41	0	255
 14	06	05	07	08	55	53	78	141	145	41	0	255
 14	06	05	07	10	55	53	78	141	145	42	0	255
 14	06	05	07	12	55	53	78	141	145	44	0	255
 14	06	05	07	14	55	53	78	141	145	44	0	255
 14	06	05	07	16	55	53	78	141	145	45	0	255
 14	06	05	07	18	55	53	78	141	145	45	0	255
 14	06	05	07	20	55	53	78	141	145	45	0	255
 14	06	05	07	22	55	53	78	141	145	46	0	255
 14	06	05	07	24	55	53	78	141	145	45	0	255
 14	06	05	07	26	55	53	78	141	145	46	0	255
 14	06	05	07	28	55	53	78	141	145	47	0	255
 14	06	05	07	30	55	53	78	141	145	47	0	255
 14	06	05	07	32	55	53	78	141	145	48	0	255
 14	06	05	07	34	55	53	78	141	145	50	0	255
 14	06	05	07	36	55	53	78	141	145	50	0	255
 14	06	05	07	38	55	53	78	141	145	52	0	255
 14	06	05	07	40	55	53	78	141	145	54	0	255
 14	06	05	07	42	55	53	78	141	145	54	0	255
 14	06	05	07	44	55	53	78	141	145	56	0	255
 14	06	05	07	46	55	53	78	141	145	57	0	255
 14	06	05	07	48	55	53	78	141	145	60	0	255
 14	06	05	07	50	55	53	78	141	145	60	0	255
 14	06	05	07	52	55	53	78	141	145	61	0	255
 14	06	05	07	54	55	53	78	141	145	62	0	255
 14	06	05	07	56	55	53	78	141	145	64	0	255
 14	06	05	07	58	55	53	78	141	145	65	0	255
 14	06	05	08	00	55	53	78	141	145	66	0	255
 14	06	05	08	02	55	53	78	141	145	68	0	255
 14	06	05	08	04	55	53	78	141	144	71	0	255
 14	06	05	08	06	55	53	77	141	144	72	0	255
 14	06	05	08	08	55	53	77	141	144	74	0	255
 14	06	05	08	10	55	53	77	141	144	75	0	255
 14	06	05	08	12	55	53	77	141	144	76	0	255
 14	06	05	08	14	55	53	77	141	144	78	0	255
 14	06	05	08	16	55	53	77	141	144	79	0	255
 14	06	05	08	18	55	53	77	141	144	82	0	255
 14	06	05	08	20	55	53	77	141	144	82	0	255
 14	06	05	08	22	55	53	77	141	144	83	0	255
 14	06	05	08	24	55	53	77	140	144	83	0	255
 14	06	05	08	26	55	53	77	140	144	85	0	255
 14	06	05	08	28	55	53	77	140	144	85	0	255
 14	06	05	08	30	55	53	77	140	144	89	0	255
 14	06	05	08	32	55	53	77	140	144	89	0	255
 14	06	05	08	34	54	53	77	140	144	92	0	255
 14	06	05	08	36	54	53	77	140	144	92	0	255
 14	06	05	08	38	54	53	77	140	144	93	0	255
 14	06	05	08	40	54	53	77	140	144	94	0	255
 14	06	05	08	42	54	53	77	140	144	96	0	255
 14	06	05	08	44	54	53	77	140	144	97	0	255
 14	06	05	08	46	54	53	77	140	144	101	0	255
 14	06	05	08	48	54	53	77	140	144	102	0	255
 14	06	05	08	50	54	53	77	140	144	104	0	255
 14	06	05	08	52	54	53	77	140	144	105	0	255
 14	06	05	08	54	54	53	77	140	144	106	0	255
 14	06	05	08	56	54	53	77	140	144	109	0	255
 14	06	05	08	58	54	52	77	140	144	109	0	255
 14	06	05	09	00	54	52	77	140	144	112	0	255
 14	06	05	09	00	54	52	77	140	144	112	0	255
 14	06	05	09	02	54	52	77	140	144	114	0	255
 14	06	05	09	04	54	52	77	140	144	118	0	255
 14	06	05	09	06	54	52	77	140	144	119	0	255
 14	06	05	09	08	54	52	77	140	144	120	0	255
 14	06	05	09	10	54	52	77	140	144	122	0	255
 14	06	05	09	12	54	52	77	140	144	123	0	255
 14	06	05	09	14	54	52	77	140	144	127	0	255
 14	06	05	09	16	54	52	77	140	144	128	0	255
 14	06	05	09	18	54	52	77	140	144	130	0	255
 14	06	05	09	20	54	52	77	140	144	132	0	255
 14	06	05	09	22	54	53	77	140	144	138	8	255
 14	06	05	09	24	79	78	77	140	144	144	8	255
 14	06	05	09	26	103	97	77	140	144	128	0	255
 14	06	05	09	28	104	98	77	140	144	130	0	255
 14	06	05	09	30	102	96	77	140	144	136	0	255
 14	06	05	09	32	103	96	77	140	144	142	8	255
 14	06	05	09	34	113	101	77	140	144	138	8	255
 14	06	05	09	36	110	102	77	140	144	127	0	255
 14	06	05	09	38	107	100	77	140	144	132	0	255
 14	06	05	09	40	104	97	77	140	144	137	8	255
 14	06	05	09	42	112	102	77	140	144	140	8	255
 14	06	05	09	44	115	105	77	140	144	140	8	255
 14	06	05	09	46	117	106	77	140	144	140	8	255
 14	06	05	09	48	115	107	77	140	144	136	8	255
 14	06	05	09	50	115	107	77	140	144	138	8	255
 14	06	05	09	52	117	108	78	140	144	141	8	255
 14	06	05	09	54	119	108	78	140	143	141	8	255
 14	06	05	09	56	119	108	78	140	143	142	8	255
 14	06	05	09	58	119	109	78	140	143	141	8	255
 14	06	05	10	00	120	109	78	140	143	144	8	255
 14	06	05	10	02	121	109	78	140	143	146	8	255
 14	06	05	10	04	124	110	78	140	143	152	8	255
 14	06	05	10	06	126	110	78	140	143	150	8	255
 14	06	05	10	08	124	110	78	139	143	146	8	255
 14	06	05	10	10	124	110	79	139	143	148	8	255
 14	06	05	10	12	123	111	79	139	143	148	8	255
 14	06	05	10	14	124	111	79	139	143	152	8	255
 14	06	05	10	16	127	111	79	139	143	155	8	255
 14	06	05	10	18	129	112	79	139	143	156	8	255
 14	06	05	10	20	131	112	79	139	143	160	8	255
 14	06	05	10	22	131	112	79	139	143	156	8	255
 14	06	05	10	24	131	112	79	140	143	158	8	255
 14	06	05	10	26	131	113	79	140	143	158	8	255
 14	06	05	10	28	132	113	80	140	143	160	8	255
 14	06	05	10	30	133	113	80	140	143	161	8	255
 14	06	05	10	32	134	113	80	140	143	162	8	255
 14	06	05	10	34	136	114	80	140	143	166	8	255
 14	06	05	10	36	138	114	80	140	143	168	8	255
 14	06	05	10	38	140	114	80	140	143	170	8	255
 14	06	05	10	40	138	114	80	140	143	164	8	255
 14	06	05	10	42	137	114	80	140	143	162	8	255
 14	06	05	10	44	135	115	80	140	143	162	8	255
 14	06	05	10	46	137	115	81	141	143	170	8	255
 14	06	05	10	48	140	115	81	141	143	172	8	255
 14	06	05	10	50	144	116	81	141	143	178	8	255
 14	06	05	10	52	147	116	81	141	144	180	8	255
 14	06	05	10	54	148	116	81	141	144	180	8	255
 14	06	05	10	56	148	116	81	141	144	178	8	255
 14	06	05	10	58	147	116	81	142	144	177	8	255
 14	06	05	11	00	147	117	81	142	144	177	8	255
 14	06	05	11	00	147	117	81	142	144	178	8	255
 14	06	05	11	02	147	117	81	142	144	178	8	255
 14	06	05	11	04	148	117	82	142	145	178	8	255
 14	06	05	11	06	147	117	82	142	145	177	8	255
 14	06	05	11	08	147	117	82	142	145	178	8	255
 14	06	05	11	10	148	118	82	143	145	180	8	255
 14	06	05	11	12	149	118	82	143	145	180	8	255
 14	06	05	11	14	149	118	82	143	145	178	8	255
 14	06	05	11	16	148	118	82	143	145	178	8	255
 14	06	05	11	18	148	118	82	143	146	180	8	255
 14	06	05	11	20	150	119	83	143	146	183	8	255
 14	06	05	11	22	150	119	83	144	146	183	8	255
 14	06	05	11	24	151	119	83	144	146	183	8	255
 14	06	05	11	26	151	119	83	144	146	183	8	255
 14	06	05	11	28	151	119	83	144	147	183	8	255
 14	06	05	11	30	152	120	83	144	147	184	8	255
 14	06	05	11	32	153	120	83	145	147	186	8	255
 14	06	05	11	34	153	120	83	145	147	186	8	255
 14	06	05	11	36	153	120	84	145	147	188	8	255
 14	06	05	11	38	154	120	84	145	148	188	8	255
 14	06	05	11	40	155	121	84	145	148	189	8	255
 14	06	05	11	42	156	121	84	145	148	190	8	255
 14	06	05	11	44	157	121	84	146	148	194	8	255
 14	06	05	11	46	158	121	84	146	148	194	8	255
 14	06	05	11	48	158	121	84	146	149	188	8	255
 14	06	05	11	50	157	121	84	146	149	189	8	255
 14	06	05	11	52	157	121	85	147	149	192	8	255
 14	06	05	11	54	158	122	85	147	149	195	8	255
 14	06	05	11	56	160	122	85	147	150	196	8	255
 14	06	05	11	58	161	122	85	147	150	198	8	255
 14	06	05	12	00	161	122	85	148	150	196	8	255
 14	06	05	12	02	162	122	85	148	150	201	8	255
 14	06	05	12	04	163	122	85	148	151	200	8	255
 14	06	05	12	06	164	123	85	148	151	201	8	255
 14	06	05	12	08	164	123	85	149	151	201	8	255
 14	06	05	12	10	165	123	86	149	151	206	8	255
 14	06	05	12	12	167	123	86	149	152	206	8	255
 14	06	05	12	14	168	123	86	150	152	207	8	255
 14	06	05	12	16	168	123	86	150	152	206	8	255
 14	06	05	12	18	168	123	86	150	153	204	8	255
 14	06	05	12	20	167	123	86	150	153	204	8	255
 14	06	05	12	22	166	124	86	151	153	201	8	255
 14	06	05	12	24	166	124	86	151	153	202	8	255
 14	06	05	12	26	165	124	87	151	154	202	8	255
 14	06	05	12	28	166	124	87	151	154	204	8	255
 14	06	05	12	30	166	124	87	152	154	202	8	255
 14	06	05	12	32	167	124	87	152	155	202	8	255
 14	06	05	12	34	166	124	87	152	155	202	8	255
 14	06	05	12	36	166	124	87	152	155	204	8	255
 14	06	05	12	38	166	125	87	153	155	202	8	255
 14	06	05	12	40	166	125	87	153	156	202	8	255
 14	06	05	12	42	167	125	87	153	156	204	8	255
 14	06	05	12	44	167	125	87	153	156	206	8	255
 14	06	05	12	46	168	125	87	154	156	204	8	255
 14	06	05	12	48	168	124	88	154	157	201	8	255
 14	06	05	12	50	166	125	88	154	157	201	8	255
 14	06	05	12	52	165	125	88	154	157	198	8	255
 14	06	05	12	54	162	124	88	154	157	189	8	255
 14	06	05	12	56	154	124	88	154	157	180	8	255
 14	06	05	12	58	152	125	88	154	157	178	8	255
 14	06	05	13	00	148	125	88	154	157	176	8	255
 14	06	05	13	02	150	126	88	154	157	184	8	255
 14	06	05	13	04	154	127	88	154	157	195	8	255
 14	06	05	13	06	163	127	88	154	157	207	8	255
 14	06	05	13	08	167	127	89	154	157	198	8	255
 14	06	05	13	10	163	126	89	154	157	189	8	255
 14	06	05	13	12	158	127	89	154	157	192	8	255
 14	06	05	13	14	159	128	89	154	157	198	8	255
 14	06	05	13	16	165	128	89	154	157	207	8	255
 14	06	05	13	18	171	129	89	154	157	213	8	255
 14	06	05	13	20	173	129	89	154	157	213	8	255
 14	06	05	13	22	174	129	89	154	157	214	8	255
 14	06	05	13	24	175	130	89	154	157	213	8	255
 14	06	05	13	26	174	130	89	154	157	212	8	255
 14	06	05	13	28	174	130	90	154	157	214	8	255
 14	06	05	13	30	175	131	90	154	157	214	8	255
 14	06	05	13	32	176	131	90	154	157	216	8	255
 14	06	05	13	34	178	131	90	154	157	222	8	255
 14	06	05	13	36	180	132	90	154	157	224	8	255
 14	06	05	13	38	182	132	90	154	157	226	8	255
 14	06	05	13	40	183	132	90	154	157	226	8	255
 14	06	05	13	42	183	132	90	154	157	224	8	255
 14	06	05	13	44	183	133	91	154	157	226	8	255
 14	06	05	13	46	183	133	91	153	157	222	8	255
 14	06	05	13	48	182	133	91	152	157	220	8	255
 14	06	05	13	50	181	134	91	153	157	222	8	255
 14	06	05	13	52	181	134	91	153	157	222	8	255
 14	06	05	13	54	182	135	91	153	157	226	8	255
 14	06	05	13	56	183	135	91	153	157	226	8	255
 14	06	05	13	58	183	135	91	154	157	224	8	255
 14	06	05	14	00	183	136	92	154	157	227	8	255
 14	06	05	14	00	184	136	92	154	157	226	8	255
 14	06	05	14	02	185	136	92	154	157	228	8	255
 14	06	05	14	04	185	135	92	155	157	220	8	255
 14	06	05	14	06	177	131	92	155	157	200	8	255
 14	06	05	14	08	163	132	92	155	157	183	8	255
 14	06	05	14	10	156	135	92	155	157	188	8	255
 14	06	05	14	12	157	137	93	155	157	192	8	255
 14	06	05	14	14	163	137	93	155	157	204	8	255
 14	06	05	14	16	168	138	93	155	157	213	8	255
 14	06	05	14	18	177	138	93	155	157	224	8	255
 14	06	05	14	20	182	139	93	155	157	222	8	255
 14	06	05	14	22	178	135	93	156	158	204	8	255
 14	06	05	14	24	163	133	94	156	158	180	8	255
 14	06	05	14	26	148	132	94	156	158	174	8	255
 14	06	05	14	28	147	132	94	156	158	176	8	255
 14	06	05	14	30	148	138	94	156	158	186	8	255
 14	06	05	14	32	160	139	94	156	158	207	8	255
 14	06	05	14	34	167	139	94	156	158	213	8	255
 14	06	05	14	36	178	140	95	156	158	228	8	255
 14	06	05	14	38	185	140	95	156	158	235	8	255
 14	06	05	14	40	187	141	95	157	158	232	8	255
 14	06	05	14	42	183	135	95	157	159	212	8	255
 14	06	05	14	44	169	135	95	157	159	186	8	255
 14	06	05	14	46	158	134	95	157	159	172	8	255
 14	06	05	14	48	145	132	95	157	159	166	0	255
 14	06	05	14	50	140	129	95	157	159	172	0	255
 14	06	05	14	52	144	130	96	157	159	184	8	255
 14	06	05	14	54	152	139	96	157	159	190	8	255
 14	06	05	14	56	156	140	96	157	159	189	8	255
 14	06	05	14	58	151	139	96	157	159	170	0	255
 14	06	05	15	00	142	134	96	157	159	165	0	255
 14	06	05	15	02	137	131	96	157	159	166	0	255
 14	06	05	15	04	138	126	96	157	159	192	8	255
 14	06	05	15	06	160	138	96	157	159	212	8	255
 14	06	05	15	08	170	140	96	157	159	224	8	255
 14	06	05	15	10	181	141	96	157	159	220	8	255
 14	06	05	15	12	180	141	96	158	160	224	8	255
 14	06	05	15	14	181	142	96	158	160	224	8	255
 14	06	05	15	16	184	142	97	158	160	227	8	255
 14	06	05	15	18	185	143	97	158	160	228	8	255
 14	06	05	15	20	186	143	97	158	160	230	8	255
 14	06	05	15	22	186	143	97	159	161	227	8	255
 14	06	05	15	24	185	143	97	159	161	224	8	255
 14	06	05	15	26	184	143	97	159	161	224	8	255
 14	06	05	15	28	184	144	97	159	161	226	8	255
 14	06	05	15	30	184	144	98	159	161	226	8	255
 14	06	05	15	32	185	144	98	159	161	227	8	255
 14	06	05	15	34	185	144	98	160	162	227	8	255
 14	06	05	15	36	186	145	98	160	162	228	8	255
 14	06	05	15	38	186	145	98	160	162	230	8	255
 14	06	05	15	40	186	145	98	160	162	226	8	255
 14	06	05	15	42	185	145	98	160	162	226	8	255
 14	06	05	15	44	184	145	99	161	163	226	8	255
 14	06	05	15	46	183	145	99	161	163	221	8	255
 14	06	05	15	48	182	145	99	161	163	214	8	255
 14	06	05	15	50	172	138	99	161	163	195	8	255
 14	06	05	15	52	161	142	99	161	163	188	8	255
 14	06	05	15	54	159	144	99	161	163	190	8	255
 14	06	05	15	56	162	146	100	161	163	201	8	255
 14	06	05	15	58	165	146	100	161	163	204	8	255
 14	06	05	16	00	169	146	100	162	164	206	8	255
 14	06	05	16	02	170	146	100	162	164	207	8	255
 14	06	05	16	04	171	147	100	162	164	208	8	255
 14	06	05	16	06	173	147	100	162	164	212	8	255
 14	06	05	16	08	176	147	100	162	164	216	8	255
 14	06	05	16	10	177	147	100	162	164	218	8	255
 14	06	05	16	12	178	147	100	162	164	218	8	255
 14	06	05	16	14	179	148	101	162	164	221	8	255
 14	06	05	16	16	180	148	101	162	164	221	8	255
 14	06	05	16	18	181	148	101	163	165	221	8	255
 14	06	05	16	20	181	148	101	163	165	218	8	255
 14	06	05	16	22	180	148	101	163	165	218	8	255
 14	06	05	16	24	179	148	101	163	165	216	8	255
 14	06	05	16	26	178	148	101	163	165	214	8	255
 14	06	05	16	28	176	148	101	163	165	212	8	255
 14	06	05	16	30	176	149	101	163	166	214	8	255
 14	06	05	16	32	176	149	102	164	166	214	8	255
 14	06	05	16	34	177	148	102	164	166	218	0	255
 14	06	05	16	36	172	145	102	164	166	224	0	255
 14	06	05	16	38	172	142	102	164	166	238	0	255
 14	06	05	16	40	188	139	102	164	166	240	0	255
 14	06	05	16	42	194	136	102	164	166	243	0	255
 14	06	05	16	44	196	134	102	164	166	244	0	255
 14	06	05	16	46	199	133	102	164	166	246	0	255
 14	06	05	16	48	198	133	102	164	166	244	0	255
 14	06	05	16	50	201	133	102	164	166	250	0	255
 14	06	05	16	52	201	139	102	164	166	250	0	255
 14	06	05	16	54	200	147	102	165	167	248	0	255
 14	06	05	16	56	198	151	102	165	167	251	0	255
 14	06	05	16	58	196	158	102	165	167	254	0	255
 14	06	05	17	00	195	161	102	165	167	254	0	255
 14	06	05	17	00	194	162	102	165	167	254	0	255
 14	06	05	17	02	194	165	102	165	167	254	0	255
 14	06	05	17	04	192	185	102	165	167	254	0	255
 14	06	05	17	06	190	195	102	165	167	254	0	255
 14	06	05	17	08	187	195	101	165	167	254	0	255
 14	06	05	17	10	182	190	101	165	167	252	0	255
 14	06	05	17	12	179	185	101	165	167	250	0	255
 14	06	05	17	14	174	173	101	165	167	248	0	255
 14	06	05	17	16	168	154	101	165	167	244	0	255
 14	06	05	17	18	163	143	101	164	167	243	0	255
 14	06	05	17	20	155	137	101	164	167	243	0	255
 14	06	05	17	22	148	132	100	164	167	236	0	255
 14	06	05	17	24	144	129	100	164	167	234	0	255
 14	06	05	17	26	138	126	100	164	167	230	0	255
 14	06	05	17	28	132	122	100	164	167	230	0	255
 14	06	05	17	30	128	122	100	164	167	224	0	255
 14	06	05	17	32	123	126	100	164	167	228	0	255
 14	06	05	17	34	120	120	100	164	167	227	0	255
 14	06	05	17	36	116	114	99	164	167	227	0	255
 14	06	05	17	38	112	109	99	164	167	222	0	255
 14	06	05	17	40	110	106	99	164	167	222	0	255
 14	06	05	17	42	107	104	99	164	167	222	0	255
 14	06	05	17	44	104	100	99	164	167	222	0	255
 14	06	05	17	46	102	99	99	164	167	220	0	255
 14	06	05	17	48	99	97	99	164	167	214	0	255
 14	06	05	17	50	97	95	99	164	167	212	0	255
 14	06	05	17	52	95	95	99	164	167	208	0	255
 14	06	05	17	54	93	104	99	164	167	210	0	255
 14	06	05	17	56	91	102	99	164	167	204	0	255
 14	06	05	17	58	90	101	99	164	167	200	0	255
 14	06	05	18	00	88	98	99	164	167	200	0	255
 14	06	05	18	02	87	97	99	164	167	198	0	255
 14	06	05	18	04	85	94	98	164	167	194	0	255
 14	06	05	18	06	84	134	98	164	167	194	0	255
 14	06	05	18	08	83	135	98	164	167	192	0	255
 14	06	05	18	10	82	134	98	164	167	188	0	255
 14	06	05	18	12	82	130	97	164	167	186	0	255
 14	06	05	18	14	81	128	97	164	166	188	0	255
 14	06	05	18	16	81	131	97	164	166	184	0	255
 14	06	05	18	18	80	136	97	164	166	186	0	255
 14	06	05	18	20	80	134	97	164	167	198	0	255
 14	06	05	18	22	79	130	96	164	166	201	0	255
 14	06	05	18	24	79	126	96	164	166	201	0	255
 14	06	05	18	26	79	121	96	164	166	194	0	255
 14	06	05	18	28	79	113	96	164	166	186	0	255
 14	06	05	18	30	78	110	96	164	166	182	0	255
 14	06	05	18	32	78	112	96	164	166	180	0	255
 14	06	05	18	34	78	124	96	164	166	174	0	255
 14	06	05	18	36	78	134	96	164	166	170	0	255
 14	06	05	18	38	77	138	96	164	166	164	0	255
 14	06	05	18	40	77	91	95	164	166	166	8	255
 14	06	05	18	42	100	93	95	163	166	171	0	255
 14	06	05	18	44	106	91	95	163	166	166	0	255
 14	06	05	18	46	105	88	95	163	166	161	0	255
 14	06	05	18	48	125	122	95	163	166	170	8	255
 14	06	05	18	50	132	132	95	163	166	152	8	255
 14	06	05	18	52	121	134	96	163	166	124	8	255
 14	06	05	18	54	112	137	96	163	166	128	8	255
 14	06	05	18	56	120	139	96	162	166	146	8	255
 14	06	05	18	58	125	140	96	162	166	148	8	255
 14	06	05	19	00	126	141	96	162	166	150	8	255
 14	06	05	19	00	127	141	96	162	166	150	8	255
 14	06	05	19	02	128	141	97	162	166	151	8	255
 14	06	05	19	04	129	142	97	162	166	150	8	255
 14	06	05	19	06	129	142	97	161	166	150	8	255
 14	06	05	19	08	128	142	97	161	166	146	8	255
 14	06	05	19	10	128	142	98	161	166	146	8	255
 14	06	05	19	12	127	142	98	161	166	148	8	255
 14	06	05	19	14	127	143	98	161	166	146	8	255
 14	06	05	19	16	126	143	98	161	166	146	8	255
 14	06	05	19	18	126	143	98	161	166	146	8	255
 14	06	05	19	20	126	143	99	160	166	146	8	255
 14	06	05	19	22	126	143	99	160	166	145	8	255
 14	06	05	19	24	126	143	99	160	166	145	8	255
 14	06	05	19	26	126	143	99	160	166	145	8	255
 14	06	05	19	28	126	143	99	160	166	144	8	255
 14	06	05	19	30	125	143	100	160	166	146	8	255
 14	06	05	19	32	125	143	100	159	166	145	8	255
 14	06	05	19	34	124	143	100	159	166	144	8	255
 14	06	05	19	36	124	143	100	159	166	144	8	255
 14	06	05	19	38	124	143	100	159	166	142	8	255
 14	06	05	19	40	124	143	100	159	166	142	8	255
 14	06	05	19	42	123	143	100	159	166	141	8	255
 14	06	05	19	44	123	143	101	158	166	142	8	255
 14	06	05	19	46	123	143	101	158	166	141	8	255
 14	06	05	19	48	122	143	101	158	166	141	8	255
 14	06	05	19	50	122	143	101	158	166	140	8	255
 14	06	05	19	52	122	143	101	158	166	140	8	255
 14	06	05	19	54	121	143	101	157	166	140	8	255
 14	06	05	19	56	121	143	101	157	166	138	8	255
 14	06	05	19	58	121	143	101	157	166	138	8	255
 14	06	05	20	00	120	143	101	157	166	138	8	255
 14	06	05	20	02	120	143	101	157	166	138	8	255
 14	06	05	20	04	120	143	101	157	166	138	8	255
 14	06	05	20	06	119	143	101	156	166	137	8	255
 14	06	05	20	08	119	142	101	156	166	137	8	255
 14	06	05	20	10	119	142	101	156	166	137	8	255
 14	06	05	20	12	119	142	102	156	166	137	8	255
 14	06	05	20	14	118	142	102	156	166	137	8	255
 14	06	05	20	16	118	142	102	156	166	137	8	255
 14	06	05	20	18	118	142	102	155	166	136	8	255
 14	06	05	20	20	118	142	102	155	165	136	8	255
 14	06	05	20	22	118	142	102	155	165	134	8	255
 14	06	05	20	24	117	142	102	155	165	134	8	255
 14	06	05	20	26	117	141	102	155	165	136	8	255
 14	06	05	20	28	117	141	102	154	165	134	8	255
 14	06	05	20	30	117	141	102	154	165	132	8	255
 14	06	05	20	32	117	141	102	154	165	134	8	255
 14	06	05	20	34	117	141	102	154	165	132	8	255
 14	06	05	20	36	116	141	102	154	165	132	8	255
 14	06	05	20	38	116	141	102	153	165	134	8	255
 14	06	05	20	40	116	140	102	153	165	134	8	255
 14	06	05	20	42	116	140	102	153	165	132	8	255
 14	06	05	20	44	116	140	102	153	165	132	8	255
 14	06	05	20	46	116	140	102	153	165	131	8	255
 14	06	05	20	48	115	140	102	153	165	132	8	255
 14	06	05	20	50	115	140	102	152	165	132	8	255
 14	06	05	20	52	115	140	102	152	165	131	8	255
 14	06	05	20	54	115	139	102	152	165	131	8	255
 14	06	05	20	56	115	139	102	152	165	132	8	255
 14	06	05	20	58	115	139	102	152	165	131	8	255
 14	06	05	21	00	114	139	102	151	165	131	8	255
 14	06	05	21	00	114	139	102	151	165	131	8	255
 14	06	05	21	02	114	139	102	151	165	131	8	255
 14	06	05	21	04	114	139	102	151	165	131	8	255
 14	06	05	21	06	114	138	102	151	165	130	0	255
 14	06	05	21	08	111	134	102	151	165	122	0	255
 14	06	05	21	10	110	131	101	151	165	119	0	255
 14	06	05	21	12	106	126	101	150	165	110	0	255
 14	06	05	21	14	103	121	101	150	165	104	0	255
 14	06	05	21	16	101	118	101	150	165	100	0	255
 14	06	05	21	18	99	113	101	150	165	97	0	255
 14	06	05	21	20	96	107	101	150	165	90	0	255
 14	06	05	21	22	94	104	101	150	165	88	0	255
 14	06	05	21	24	92	100	101	150	165	84	0	255
 14	06	05	21	26	90	96	101	150	165	82	0	255
 14	06	05	21	28	89	94	101	150	165	79	0	255
 14	06	05	21	30	87	91	100	150	165	76	0	255
 14	06	05	21	32	85	89	100	150	165	72	0	255
 14	06	05	21	34	84	87	100	150	165	71	0	255
 14	06	05	21	36	83	85	100	150	165	70	0	255
 14	06	05	21	38	82	84	100	150	165	67	0	255
 14	06	05	21	40	81	83	100	150	165	65	0	255
 14	06	05	21	42	79	81	100	150	165	62	0	255
 14	06	05	21	44	79	81	100	150	165	61	0	255
 14	06	05	21	46	78	79	100	150	165	58	0	255
 14	06	05	21	48	77	78	99	150	165	58	0	255
 14	06	05	21	50	76	78	99	150	165	57	0	255
 14	06	05	21	52	75	77	99	150	165	54	0	255
 14	06	05	21	54	74	76	99	150	164	54	0	255
 14	06	05	21	56	74	75	99	150	164	52	0	255
 14	06	05	21	58	73	74	99	150	164	51	0	255
 14	06	05	22	00	73	73	99	150	164	50	0	255
 14	06	05	22	02	72	73	99	150	164	48	0	255
 14	06	05	22	04	72	72	99	150	164	48	0	255
 14	06	05	22	06	71	72	99	150	164	47	0	255
 14	06	05	22	08	71	71	99	150	164	46	0	255
 14	06	05	22	10	70	71	99	150	164	45	0	255
 14	06	05	22	12	70	70	98	150	164	44	0	255
 14	06	05	22	14	69	70	98	150	164	44	0	255
 14	06	05	22	16	69	69	98	150	164	42	0	255
 14	06	05	22	18	69	69	98	150	164	42	0	255
 14	06	05	22	20	68	68	98	150	164	41	0	255
 14	06	05	22	22	68	68	98	150	164	41	0	255
 14	06	05	22	24	68	68	98	150	164	40	0	255
 14	06	05	22	26	67	67	98	150	164	38	0	255
 14	06	05	22	28	67	67	98	150	164	38	0	255
 14	06	05	22	30	67	67	98	150	164	38	0	255
 14	06	05	22	32	67	66	98	150	164	37	0	255
 14	06	05	22	34	66	66	98	150	164	37	0	255
 14	06	05	22	36	66	66	98	150	164	36	0	255
 14	06	05	22	38	66	65	98	150	164	36	0	255
 14	06	05	22	40	66	65	98	150	164	36	0	255
 14	06	05	22	42	66	65	97	150	164	35	0	255
 14	06	05	22	44	66	65	97	150	164	35	0	255
 14	06	05	22	46	65	65	97	150	164	34	0	255
 14	06	05	22	48	65	64	97	150	164	34	0	255
 14	06	05	22	50	65	64	97	150	164	32	0	255
 14	06	05	22	52	65	64	97	150	164	32	0	255
 14	06	05	22	54	65	64	97	150	164	32	0	255
 14	06	05	22	56	65	63	97	150	164	32	0	255
 14	06	05	22	58	64	63	97	150	164	31	0	255
 14	06	05	23	00	64	63	97	150	164	31	0	255
 14	06	05	23	02	64	63	97	150	164	31	0	255
 14	06	05	23	04	64	63	97	150	164	31	0	255
 14	06	05	23	06	64	63	97	150	164	30	0	255
 14	06	05	23	08	64	63	97	150	164	30	0	255
 14	06	05	23	10	64	63	97	150	164	30	0	255
 14	06	05	23	12	64	62	97	150	164	29	0	255
 14	06	05	23	14	64	62	96	150	164	30	0	255
 14	06	05	23	16	64	62	96	150	164	29	0	255
 14	06	05	23	18	63	62	96	150	163	28	0	255
 14	06	05	23	20	63	62	96	150	163	29	0	255
 14	06	05	23	22	63	62	96	150	163	28	0	255
 14	06	05	23	24	63	62	96	150	163	28	0	255
 14	06	05	23	26	63	62	96	150	163	28	0	255
 14	06	05	23	28	63	62	96	150	163	28	0	255
 14	06	05	23	30	63	61	96	150	163	28	0	255
 14	06	05	23	32	63	61	96	150	163	28	0	255
 14	06	05	23	34	63	61	96	150	163	29	0	255
 14	06	05	23	36	63	61	96	150	163	28	0	255
 14	06	05	23	38	63	61	96	150	163	28	0	255
 14	06	05	23	40	63	61	96	150	163	28	0	255
 14	06	05	23	42	62	61	96	150	163	26	0	255
 14	06	05	23	44	62	61	96	150	163	28	0	255
 14	06	05	23	46	62	61	96	150	163	26	0	255
 14	06	05	23	48	62	61	96	150	163	26	0	255
 14	06	05	23	50	62	61	95	150	163	26	0	255
 14	06	05	23	52	62	61	95	150	163	28	0	255
 14	06	05	23	54	62	61	95	150	163	26	0	255
 14	06	05	23	56	62	60	95	149	163	26	0	255
 14	06	05	23	58	62	60	95	149	163	26	0	255
